1869.53306,11.939,0.039
1871.61514,12.245,0.042
1873.59477,12.189,0.045
1875.58204,11.882,0.051
1877.58742,12.179,0.041
1879.57257,12.34,0.041
1885.55202,12.206,0.041
1887.57938,11.884,0.041
1903.52671,11.999,0.041
1907.53218,12.195,0.042
2026.91923,12.217,0.042
2031.91103,11.768,0.044
2033.92396,12.138,0.04
2040.90132,11.887,0.045
2052.92595,12.314,0.041
2054.89656,11.731,0.042
2058.90467,12.28,0.04
2067.84961,12.118,0.043
2068.85006,11.713,0.044
2069.84527,12.216,0.043
2080.8483,12.377,0.041
2082.88606,11.938,0.042
2085.88745,11.911,0.04
2087.83759,12.178,0.043
2088.85447,11.727,0.041
2094.80788,12.342,0.042
2103.89266,12.339,0.04
2104.83097,12.088,0.04
2106.82964,12.312,0.043
2113.84978,12.009,0.04
2114.84304,11.906,0.045
2116.7429,11.673,0.051
2117.78217,12.31,0.038
2130.82226,12.04,0.041
2131.75694,12.386,0.039
2132.7618,12.156,0.039
2133.75264,11.816,0.039
2134.75271,12.377,0.04
2136.74484,11.715,0.041
2140.73252,12.231,0.042
2141.73707,12.849,0.042
2143.75058,12.271,0.044
2144.7288,11.953,0.04
2145.72439,12.167,0.037
2164.69164,11.891,0.04
2167.6644,11.758,0.038
2168.683,12.328,0.039
2171.66312,12.453,0.042
2172.67654,12.122,0.037
2173.66448,11.795,0.038
2174.66518,12.362,0.042
2175.6544,11.963,0.038
2177.63271,12.209,0.042
2178.64204,11.868,0.037
2188.66364,12.33,0.042
2190.59406,11.913,0.04
2191.63681,12.29,0.038
2192.62924,12.014,0.037
2193.6303,11.878,0.038
2194.62823,12.243,0.037
2195.62573,11.985,0.04
2196.62717,12.291,0.041
2197.62683,12.236,0.042
2198.62114,11.916,0.04
2199.61726,12.358,0.042
2201.60593,11.752,0.039
2202.60671,12.315,0.04
2203.6008,12.095,0.041
2204.59872,11.691,0.038
2206.59741,12.071,0.039
2207.59399,11.861,0.046
2212.59724,12.025,0.045
2213.65243,11.802,0.041
2215.55627,11.849,0.041
2216.57973,12.322,0.042
2217.58163,12.159,0.042
2221.55082,11.79,0.042
2224.53604,12.007,0.041
2226.54885,12.035,0.039
2228.55233,12.354,0.044
2230.54629,12.299,0.043
2233.54595,12.248,0.044
2240.51729,11.965,0.044
2242.56623,12.393,0.044
2245.53803,12.377,0.047
2248.58246,12.145,0.049
2251.54559,12.245,0.048
2254.53997,12.038,0.044
2257.5384,12.116,0.051
2444.84732,12.152,0.039
2446.84245,12.284,0.052
2465.85957,11.823,0.052
2466.83095,12.299,0.043
2467.8231,12.088,0.04
2468.89969,11.798,0.046
2470.82145,12.019,0.039
2471.88684,11.7,0.044
2481.82257,12.222,0.045
2490.79519,12.032,0.044
2498.75034,12.058,0.042
2499.75107,11.725,0.041
2501.74562,12.034,0.045
2502.7502,11.869,0.05
2519.81542,11.908,0.048
2521.67163,11.913,0.039
2521.82254,12.187,0.044
2523.79945,12.228,0.041
2540.7002,12.282,0.039
2544.70061,11.918,0.041
2545.73928,12.195,0.039
2552.72407,12.137,0.04
2554.77318,12.313,0.049
2558.56837,11.766,0.042
2559.63511,12.345,0.037
2560.63833,12.15,0.037
2561.6365,11.82,0.038
2578.68662,12.041,0.05
2622.5557,12.288,0.039
2624.61177,11.736,0.037
2627.62263,11.716,0.038
2636.55917,12.223,0.039
2638.57329,11.732,0.04
2640.57592,12.178,0.047
2642.5785,12.185,0.042
2644.57423,11.785,0.037
2649.54484,11.94,0.045
2651.5571,12.243,0.038
2655.54325,11.723,0.037
2659.53293,12.219,0.04
2819.88497,11.916,0.044
2830.76501,11.833,0.04
2832.81387,11.039,0.04
2840.87889,12.388,0.038
2853.75591,11.823,0.038
2856.80372,11.888,0.039
2860.74589,12.213,0.037
2877.77176,12.268,0.04
2883.76291,12.259,0.041
2885.67954,12.334,0.038
2886.82023,12.333,0.031
2902.71039,12.245,0.04
2905.6489,12.25,0.036
2910.64268,11.762,0.04
2912.66963,12.066,0.037
2915.64675,11.93,0.034
2916.73882,11.713,0.036
2916.75482,11.703,0.033
2922.65446,12.355,0.04
2923.82511,12.283,0.04
2926.78066,12.29,0.038
2930.77337,11.891,0.037
2932.7255,12.124,0.039
2934.72025,12.214,0.039
2943.58467,12.027,0.041
2944.73171,11.898,0.038
2950.73204,11.776,0.04
2953.55826,12.279,0.039
2955.57228,11.817,0.039
2957.57871,12.025,0.042
2963.59002,12.128,0.037
2965.59618,12.242,0.039
2969.58123,11.978,0.038
2971.60098,12.231,0.036
2977.5533,12.104,0.039
2979.58561,12.255,0.038
2981.60796,11.781,0.041
2983.62042,12.142,0.038
2985.62638,12.243,0.038
2993.57855,12.405,0.037
2996.57393,12.279,0.04
2998.58028,11.777,0.037
3006.57637,11.992,0.037
3010.56843,12.381,0.04
3017.55049,12.062,0.038
3168.90085,11.723,0.049
3171.91879,11.688,0.051
3175.93099,12.273,0.042
3179.86684,11.941,0.039
3183.87743,12.361,0.039
3186.9281,12.388,0.042
3511.90284,11.687,0.035
3555.86645,12.324,0.037
3617.73384,12.197,0.042
3642.68796,12.374,0.04
3644.75584,11.988,0.054
3652.69072,12.096,0.043
3654.66257,12.246,0.05
3659.64596,12.244,0.045
3661.66522,11.774,0.043
3663.67719,12.189,0.038
3665.72531,12.295,0.036
3669.65019,12.07,0.038
3671.75115,12.325,0.038
3674.60028,12.146,0.05
3676.62303,12.391,0.043
3680.5573,12.062,0.045
3700.67642,12.286,0.049
3703.59424,12.062,0.043
3706.55851,12.017,0.046
3708.645,12.246,0.042
3714.54476,12.153,0.037
3716.59353,12.298,0.038
3719.60261,12.274,0.04
3722.55916,12.297,0.038
3725.57239,12.267,0.046
3727.61676,11.839,0.04
3731.56565,12.217,0.05
3734.59158,12.245,0.046
3737.58536,12.133,0.042
3742.57704,12.296,0.039
3749.5575,11.899,0.04
3865.91949,11.842,0.037
3869.90816,12.291,0.038
3883.92473,12.279,0.038
3892.88803,12.204,0.036
3898.90484,12.173,0.037
3902.82417,11.691,0.035
3906.86553,12.239,0.035
3909.89837,12.303,0.038
3913.9062,12.284,0.046
3981.66289,11.871,0.04
4084.54094,12.247,0.044
4084.54403,12.296,0.042
4084.54717,12.253,0.043
4089.60585,11.944,0.039
4092.58346,11.855,0.043
4109.55458,11.811,0.053
4273.85454,11.891,0.043
4284.85581,12.082,0.04
4289.92257,12.211,0.042
4298.8246,12.263,0.042
4300.87632,12.417,0.048
4303.78869,12.268,0.039
4305.8334,11.803,0.049
4307.79996,12.02,0.05
4309.79945,12.155,0.045
4311.81302,12.308,0.04
4316.75588,11.689,0.036
4319.82957,11.732,0.037
4330.7115,11.77,0.052
4332.72943,12.09,0.042
4334.72036,12.214,0.038
4338.69834,11.978,0.042
4349.69886,12.081,0.043
4351.74507,12.393,0.045
4354.68562,12.216,0.038
4356.74073,11.765,0.038
4359.67138,12.351,0.037
4362.66259,12.344,0.037
4364.67186,11.74,0.037
4366.83553,12.182,0.039
4372.69323,12.016,0.042
4375.69015,12.029,0.037
4377.74423,12.346,0.046
4379.82627,11.759,0.042
4382.61019,12.216,0.035
4384.65619,11.803,0.041
4386.66859,12.072,0.036
4388.64849,12.248,0.038
4392.62677,11.902,0.037
4399.7758,11.697,0.05
4403.57174,11.923,0.041
4407.58895,12.267,0.041
4409.60834,11.938,0.047
4420.70207,12.291,0.049
4428.56646,12.405,0.051
4430.62554,12.197,0.041
4432.67722,12.018,0.044
4435.58233,11.742,0.04
4438.57617,11.701,0.038
4440.62136,12.112,0.039
4443.61348,12.144,0.04
4454.60437,12.171,0.046
4457.59121,12.064,0.043
4460.58923,12.085,0.042
4463.57091,11.919,0.041
4466.57787,11.96,0.043
4469.56703,11.918,0.042
4475.55208,11.722,0.043
4480.53377,11.97,0.039
4486.5338,11.767,0.044
4594.91875,11.871,0.04
4600.91776,12.366,0.039
4610.90934,12.117,0.038
4622.93509,11.885,0.042
4626.87892,12.277,0.042
4630.86146,12.02,0.039
4633.86781,11.998,0.04
4639.88058,11.927,0.041
4643.94035,12.403,0.039
4646.87627,12.204,0.044
4649.86656,12.22,0.038
4652.86022,12.245,0.035
4655.84676,12.179,0.035
4661.85149,12.138,0.038
4663.8987,12.34,0.037
4665.86596,11.725,0.038
4671.86372,11.895,0.036
4674.82462,12.321,0.043
4677.89096,12.323,0.039
4681.7782,12.033,0.043
4683.83245,12.255,0.041
4685.85877,11.815,0.04
4691.78663,12.278,0.037
4694.78318,12.368,0.038
4698.79065,12.02,0.039
4700.78108,12.273,0.038
4702.83478,11.684,0.036
4708.7534,12.366,0.04
4710.76953,11.852,0.038
4716.71929,11.93,0.037
4720.69157,12.189,0.038
4722.72109,12.421,0.038
4725.73452,12.272,0.038
4728.70906,12.27,0.041
4730.7711,11.784,0.036
4733.83792,11.91,0.039
4738.84205,12.144,0.039
4741.69671,11.887,0.036
4743.79942,12.271,0.036
4746.60599,11.937,0.048
4748.6462,12.282,0.043
4753.64296,12.287,0.043
4755.69154,11.968,0.048
4757.77444,12.178,0.05
4760.61655,12.13,0.036
4762.73014,12.309,0.039
4765.61579,12.31,0.04
4767.71044,11.771,0.036
4770.59711,12.264,0.039
4772.6635,11.966,0.038
4774.62734,12.195,0.036
4776.63311,12.314,0.04
4780.56383,12.01,0.039
4783.6403,12.17,0.047
4786.57593,11.914,0.039
4797.61664,12.175,0.045
4802.57406,12.283,0.053
4808.56024,12.156,0.045
4810.58816,12.332,0.045
4813.58799,12.237,0.048
4819.57002,12.28,0.052
4828.5374,12.151,0.044
4838.555,11.908,0.052
4967.90043,12.078,0.042
4985.92927,11.807,0.042
4993.90231,12.145,0.044
5041.80901,12.076,0.042
5048.72069,12.217,0.048
5088.72118,12.302,0.043
5155.71068,12.302,0.05
