1868.58427,12.638,0.063
1869.56436,12.703,0.048
1870.52171,12.726,0.063
1872.55841,12.724,0.072
1872.58069,12.718,0.066
1874.54493,12.655,0.076
1876.54414,12.622,0.06
1876.54833,12.749,0.068
1878.53603,12.685,0.07
1880.52773,12.83,0.079
1880.53054,12.799,0.055
1884.52234,12.836,0.079
1884.52517,12.612,0.076
1886.56821,12.755,0.046
1886.57003,12.753,0.056
1888.57302,12.676,0.056
1888.5838,12.815,0.076
1900.55666,12.69,0.053
1900.58557,12.721,0.056
1903.56899,13.723,0.062
1903.60469,12.715,0.061
1905.57688,12.644,0.074
1907.57971,12.679,0.047
1914.55251,12.647,0.061
1914.59058,12.801,0.061
1918.55778,12.664,0.043
1919.59862,12.644,0.057
1921.54746,12.762,0.042
1923.53314,12.784,0.062
1924.5453,12.738,0.041
1927.52503,12.803,0.053
1930.54559,12.735,0.039
1933.54246,12.718,0.045
1938.56547,12.655,0.047
1948.54911,12.776,0.047
1950.5159,12.661,0.062
1954.53664,12.685,0.062
1964.50719,12.563,0.059
2052.93767,12.619,0.066
2054.90623,12.492,0.083
2056.89661,12.44,0.091
2064.90911,12.425,0.081
2067.85606,12.505,0.083
2068.85885,12.421,0.076
2069.85401,12.506,0.085
2070.85506,12.502,0.076
2080.84705,12.452,0.076
2082.9027,12.475,0.071
2085.90636,12.456,0.058
2087.8611,12.509,0.06
2088.89157,12.317,0.071
2093.8966,12.382,0.078
2103.77139,12.34,0.074
2104.73851,12.419,0.077
2104.85272,12.466,0.049
2105.84858,12.5,0.067
2106.86606,12.475,0.074
2115.78506,12.401,0.054
2116.81596,12.32,0.051
2128.70127,12.433,0.075
2128.72114,12.388,0.066
2129.71619,12.321,0.068
2129.74041,12.457,0.069
2130.72447,12.363,0.062
2130.76014,12.398,0.065
2131.77048,12.338,0.057
2132.74192,12.277,0.081
2132.78423,12.376,0.042
2133.73279,12.373,0.064
2133.77958,12.352,0.048
2134.78199,12.411,0.05
2135.73357,12.306,0.086
2143.75721,12.318,0.052
2144.70594,12.313,0.087
2144.75281,12.368,0.059
2156.66985,12.42,0.066
2156.69241,12.246,0.054
2164.66797,12.322,0.06
2164.70939,12.391,0.045
2167.68993,12.441,0.052
2168.66603,12.33,0.063
2168.70415,12.347,0.052
2169.68195,12.356,0.047
2169.71566,12.36,0.04
2171.64603,12.383,0.059
2171.7193,12.371,0.044
2172.65201,12.369,0.059
2172.72264,12.373,0.039
2173.64277,12.448,0.048
2173.68844,12.335,0.045
2174.69055,12.415,0.046
2175.63485,12.399,0.061
2175.67177,12.42,0.046
2177.61092,12.345,0.064
2177.66044,12.428,0.043
2178.62242,12.505,0.049
2178.67102,12.373,0.037
2180.59468,12.339,0.048
2183.579,12.441,0.055
2183.62061,12.371,0.053
2184.6133,12.319,0.047
2184.64031,12.422,0.045
2185.62407,12.492,0.05
2185.65569,12.407,0.043
2186.65901,12.334,0.048
2186.68838,12.345,0.043
2188.64157,12.508,0.046
2189.71116,12.387,0.041
2190.56971,12.458,0.059
2190.6567,12.425,0.038
2191.6305,12.399,0.05
2192.60948,12.426,0.054
2192.65463,12.393,0.043
2193.61281,12.427,0.054
2193.6601,12.462,0.037
2194.6084,12.506,0.054
2194.64682,12.416,0.042
2195.60146,12.364,0.045
2195.64886,12.418,0.05
2196.60275,12.582,0.046
2196.65469,12.433,0.05
2197.60473,12.414,0.055
2197.6498,12.433,0.036
2198.60812,12.429,0.047
2198.63971,12.386,0.04
2199.59745,12.401,0.055
2199.64034,12.385,0.041
2201.58623,12.473,0.051
2201.62689,12.443,0.04
2202.60939,12.49,0.043
2203.58554,12.6,0.048
2203.62614,12.405,0.038
2204.57901,12.521,0.053
2204.62632,12.414,0.038
2206.57316,12.502,0.04
2206.6207,12.488,0.038
2207.61947,12.488,0.047
2208.65679,12.355,0.039
2211.59792,12.351,0.041
2213.55606,12.448,0.047
2213.57692,12.349,0.049
2214.57351,12.405,0.046
2214.6098,12.377,0.039
2215.5801,12.511,0.048
2215.61881,12.419,0.04
2216.57816,12.505,0.039
2216.61442,12.428,0.038
2217.57102,12.471,0.046
2217.61634,12.451,0.037
2219.58723,12.345,0.039
2221.53811,12.343,0.046
2222.57467,12.508,0.047
2222.60427,12.412,0.037
2224.56298,12.369,0.042
2224.59031,12.399,0.044
2225.6015,12.381,0.037
2226.5362,12.403,0.045
2226.59774,12.433,0.039
2227.59611,12.571,0.037
2228.53276,12.591,0.043
2228.59314,12.418,0.038
2229.59071,12.475,0.039
2230.53387,12.663,0.043
2230.58854,12.383,0.037
2232.58121,12.617,0.038
2233.52913,12.561,0.044
2233.58406,12.61,0.04
2234.55957,12.237,0.046
2234.56684,12.568,0.038
2235.56872,12.451,0.038
2236.52827,12.38,0.052
2236.56517,12.504,0.042
2237.57508,12.434,0.043
2239.5477,12.451,0.051
2239.5664,12.405,0.044
2241.55595,12.49,0.045
2243.55262,12.413,0.045
2247.55787,12.63,0.044
2248.53235,12.385,0.045
2249.59783,12.433,0.043
2251.5928,12.504,0.046
2253.56552,12.355,0.047
2254.57204,12.301,0.053
2255.5817,12.504,0.043
2256.56863,12.108,0.054
2257.57781,12.581,0.052
2443.84917,12.29,0.035
2445.82718,12.281,0.034
2445.87183,12.261,0.048
2446.90274,12.38,0.046
2465.80335,12.448,0.041
2465.87118,12.378,0.054
2466.79701,12.469,0.044
2467.80081,12.318,0.049
2470.83955,12.332,0.044
2471.84906,12.377,0.047
2473.79305,12.348,0.039
2482.70581,12.5,0.052
2482.73745,12.441,0.039
2489.73109,12.469,0.055
2490.80045,12.418,0.05
2491.80712,12.423,0.051
2492.81366,12.445,0.057
2492.88329,12.457,0.04
2495.74529,12.561,0.039
2495.80382,12.439,0.057
2496.78347,12.36,0.045
2498.72821,12.394,0.047
2499.78079,12.388,0.048
2501.77712,12.399,0.045
2502.77707,12.55,0.051
2508.72521,12.283,0.052
2519.7826,12.438,0.058
2523.73033,12.449,0.063
2526.66501,12.478,0.059
2540.66536,12.568,0.05
2544.73161,12.669,0.036
2544.82403,12.501,0.048
2548.64923,12.515,0.056
2552.84002,12.471,0.042
2554.66629,12.441,0.051
2556.69957,12.571,0.044
2558.6466,12.48,0.048
2559.64012,12.397,0.061
2559.69824,12.419,0.044
2560.64335,12.46,0.047
2561.6279,12.665,0.055
2562.63347,12.434,0.048
2562.67194,12.422,0.035
2563.65204,12.477,0.082
2563.68151,12.489,0.064
2564.6535,12.548,0.068
2564.67621,12.59,0.05
2565.67629,12.458,0.053
2565.69888,12.473,0.038
2566.71144,12.503,0.052
2578.58042,12.59,0.078
2578.69433,12.632,0.045
2620.56926,12.668,0.055
2622.57446,12.538,0.049
2624.6236,12.514,0.067
2624.63581,12.62,0.041
2627.62769,12.616,0.069
2627.64477,12.534,0.035
2629.62718,12.518,0.062
2629.64183,12.581,0.046
2634.56632,12.676,0.052
2634.58589,12.565,0.039
2636.59308,12.648,0.055
2636.60799,12.638,0.036
2638.60272,12.529,0.071
2638.61765,12.681,0.039
2640.60321,12.653,0.064
2640.61563,12.602,0.044
2642.60107,12.63,0.059
2642.61348,12.675,0.039
2644.59696,12.615,0.064
2644.60939,12.63,0.052
2646.57866,12.685,0.056
2646.59107,12.656,0.045
2649.57512,12.681,0.046
2649.58525,12.704,0.036
2651.58026,12.727,0.058
2651.5904,12.694,0.041
2653.59436,12.783,0.056
2653.60448,12.742,0.05
2655.61993,12.706,0.047
2658.62095,12.812,0.039
2659.56815,12.742,0.049
2660.62318,12.772,0.055
2661.5651,12.759,0.052
2662.62011,12.777,0.041
2663.56399,12.788,0.055
2664.61145,12.796,0.043
2665.56391,12.867,0.06
2666.60894,12.783,0.036
2667.56335,12.818,0.06
2668.61468,12.753,0.035
2670.53027,12.894,0.049
2672.5356,12.994,0.055
2672.60859,12.87,0.034
2674.53029,12.955,0.048
2676.52856,13.169,0.056
2676.58268,12.886,0.032
2678.53033,12.861,0.045
2678.56812,12.876,0.039
2680.5709,12.905,0.04
2683.51799,12.994,0.044
2685.53342,13.017,0.046
2687.518,12.95,0.054
2689.55337,12.843,0.033
2691.54756,12.97,0.037
2694.52011,13.055,0.033
2696.5233,13.006,0.042
2698.52224,12.944,0.032
2700.52937,12.939,0.043
2702.52601,13.02,0.039
2704.5174,13.03,0.033
2706.51331,12.988,0.037
2711.49796,13.145,0.037
2757.92696,13.186,0.037
2763.92312,13.207,0.04
2767.92431,13.202,0.034
2783.84898,13.08,0.043
2786.90074,13.338,0.033
2809.86012,13.073,0.038
2811.89722,12.998,0.037
2818.94236,13.113,0.043
2830.79448,13.002,0.028
2832.84483,13.302,0.033
2833.89274,13.036,0.041
2834.85356,12.965,0.043
2838.83647,13.354,0.04
2841.79123,13.198,0.037
2841.79302,13.147,0.039
2844.81094,13.192,0.034
2844.90119,13.322,0.034
2851.89415,12.976,0.037
2854.76977,13.102,0.034
2858.77602,13.292,0.033
2860.77664,13.061,0.032
2862.82648,13.081,0.045
2871.82164,13.037,0.037
2871.84489,13.359,0.034
2874.72762,13.241,0.044
2874.77351,13.07,0.035
2876.76949,13.262,0.035
2879.75618,13.153,0.036
2883.69571,13.065,0.047
2883.75729,13.104,0.035
2885.71755,13.013,0.035
2886.82172,13.078,0.042
2894.69433,13.139,0.041
2895.78235,12.949,0.054
2895.80521,13.091,0.044
2897.79855,13.021,0.048
2897.82192,13.072,0.036
2899.76092,13.138,0.04
2899.78627,13.037,0.042
2902.72971,12.962,0.053
2902.75997,13.198,0.04
2905.68061,12.995,0.034
2910.6749,12.984,0.038
2915.70538,12.964,0.033
2916.71398,12.907,0.05
2917.61453,12.818,0.033
2918.66114,12.843,0.042
2918.75972,12.915,0.038
2923.68676,12.74,0.055
2923.72334,12.978,0.039
2926.68805,12.995,0.046
2926.73158,12.82,0.036
2929.82021,12.876,0.058
2930.72163,12.825,0.036
2931.77135,12.803,0.047
2932.7099,12.929,0.035
2933.73962,12.847,0.051
2934.70466,12.885,0.036
2935.73444,12.779,0.048
2939.55504,12.762,0.053
2940.60351,12.821,0.04
2940.78927,12.819,0.051
2942.62193,12.891,0.037
2942.65553,12.688,0.041
2943.66863,12.793,0.034
2946.61622,12.755,0.031
2947.82112,12.816,0.045
2948.61326,12.763,0.055
2949.70962,12.728,0.031
2950.64789,12.747,0.043
2951.71694,12.869,0.034
2952.66854,12.612,0.047
2954.6672,12.819,0.05
2955.77413,12.715,0.032
2958.66184,12.828,0.04
2962.67287,12.668,0.044
2964.58012,12.793,0.041
2964.67817,12.785,0.043
2966.59745,12.743,0.033
2968.6077,12.756,0.032
2968.68631,12.84,0.045
2970.59912,12.748,0.031
2971.52347,12.734,0.046
2972.63648,12.728,0.034
2973.54677,12.76,0.05
2975.57236,12.76,0.055
2977.58617,12.742,0.037
2977.59803,12.704,0.049
2979.60915,12.826,0.035
2979.61865,12.684,0.046
2981.62603,12.612,0.038
2981.63532,12.732,0.05
2983.6393,12.597,0.032
2983.64898,12.607,0.048
2985.64547,12.749,0.034
2985.65833,12.727,0.045
2987.67484,12.65,0.033
2987.68455,12.754,0.048
2990.65154,12.599,0.051
2992.63959,12.718,0.043
2992.65218,12.715,0.045
2994.65985,12.737,0.032
2995.58003,12.768,0.044
2997.606,12.707,0.05
2998.68658,12.747,0.035
3000.5944,12.765,0.052
3001.63292,12.669,0.031
3005.61549,12.747,0.034
3007.62669,12.71,0.036
3008.62398,12.712,0.043
3009.67211,12.774,0.034
3011.58525,12.744,0.049
3011.67189,12.724,0.035
3013.59536,12.673,0.045
3013.67663,12.691,0.035
3016.60729,12.895,0.046
3017.58856,12.801,0.032
3019.56488,12.885,0.047
3023.56649,12.746,0.054
3023.59455,12.714,0.033
3028.56621,12.829,0.05
3030.62758,12.725,0.032
3031.55079,12.758,0.048
3033.56065,12.888,0.032
3034.55896,12.808,0.044
3035.58542,12.843,0.032
3039.53555,12.75,0.048
3039.59111,12.731,0.035
3043.53399,12.709,0.047
3043.55512,12.855,0.032
3046.55464,12.732,0.032
3047.52544,12.764,0.046
3049.54663,13.267,0.032
3058.52786,12.812,0.038
3061.51541,12.818,0.04
3064.52449,12.754,0.034
3068.52227,12.803,0.031
3146.90854,12.794,0.041
3163.91504,12.753,0.035
3171.88529,12.652,0.049
3180.89922,12.743,0.043
3182.89261,12.609,0.045
3193.90802,12.679,0.055
3193.93831,12.546,0.065
3211.9186,12.484,0.047
3355.58162,12.573,0.05
3356.58657,12.609,0.061
3357.64245,12.51,0.038
3362.67239,12.608,0.055
3366.64681,12.643,0.047
3386.61737,12.965,0.059
3389.56625,12.643,0.058
3389.58101,12.721,0.043
3391.61485,12.573,0.043
3395.60178,12.708,0.045
3397.5398,12.614,0.049
3398.57418,12.649,0.041
3404.52805,12.692,0.059
3404.58444,12.633,0.037
3406.58416,12.651,0.045
3408.5911,12.797,0.045
3411.53657,12.735,0.05
3416.5371,12.682,0.082
3421.53659,12.788,0.051
3436.50333,12.627,0.036
3439.50094,12.582,0.041
3444.49899,12.609,0.047
3511.93152,12.368,0.052
3541.87778,12.327,0.045
3544.89821,12.441,0.05
3551.92913,12.422,0.054
3552.87199,12.442,0.055
3556.86933,12.488,0.04
3560.85991,12.455,0.058
3563.87571,12.431,0.046
3568.88598,12.369,0.052
3568.93435,12.324,0.048
3571.85534,12.401,0.044
3574.84522,12.412,0.052
3577.84722,12.377,0.048
3578.82966,12.423,0.049
3581.89436,12.419,0.038
3582.84463,12.319,0.058
3584.83117,12.322,0.058
3587.81403,12.396,0.053
3590.81359,12.417,0.056
3590.82054,12.388,0.056
3592.83067,12.385,0.049
3593.59805,12.363,0.049
3593.60048,12.401,0.043
3593.60416,12.43,0.042
3593.63259,12.364,0.042
3593.63501,12.378,0.044
3593.63753,12.418,0.052
3593.64004,12.323,0.048
3593.64254,12.383,0.049
3593.64506,12.397,0.043
3593.64844,12.381,0.05
3593.65087,12.409,0.051
3593.65338,12.44,0.041
3593.65592,12.417,0.045
3593.65927,12.451,0.046
3593.66165,12.399,0.048
3593.66419,12.337,0.039
3593.74653,12.458,0.047
3593.74903,12.463,0.038
3593.75153,12.374,0.044
3593.75404,12.365,0.04
3593.75656,12.405,0.039
3593.75906,12.418,0.042
3593.76156,12.459,0.052
3593.7641,12.405,0.042
3593.7666,12.427,0.043
3593.7691,12.33,0.041
3593.77242,12.408,0.046
3593.7749,12.335,0.043
3593.77743,12.355,0.04
3593.7799,12.342,0.047
3593.78241,12.305,0.044
3593.78571,12.356,0.041
3593.78822,12.41,0.04
3593.79071,12.387,0.042
3593.79409,12.346,0.043
3593.79647,12.46,0.041
3593.79891,12.415,0.041
3593.80234,12.365,0.04
3593.80562,12.385,0.038
3593.80799,12.429,0.042
3593.81049,12.383,0.037
3593.81387,12.412,0.038
3593.81712,12.394,0.038
3593.82038,12.504,0.039
3593.82364,12.361,0.036
3593.82602,12.312,0.036
3593.82938,12.426,0.035
3593.83263,12.38,0.037
3593.8384,12.327,0.038
3593.84095,12.372,0.039
3593.84338,12.345,0.043
3593.84592,12.384,0.037
3593.84843,12.415,0.038
3593.85093,12.441,0.048
3593.85427,12.38,0.037
3593.85666,12.365,0.048
3593.85919,12.414,0.059
3593.86169,12.347,0.051
3593.86414,12.447,0.056
3593.86663,12.369,0.048
3593.8699,12.428,0.046
3593.8723,12.314,0.052
3593.87479,12.386,0.045
3593.87727,12.427,0.043
3593.87975,12.355,0.047
3593.88226,12.354,0.043
3593.88476,12.442,0.046
3593.88727,12.369,0.04
3593.88978,12.419,0.041
3593.89228,12.373,0.043
3593.89471,12.44,0.042
3593.8972,12.424,0.048
3593.89973,12.399,0.041
3593.90225,12.429,0.037
3593.90472,12.374,0.039
3593.90722,12.35,0.036
3593.90972,12.335,0.039
3593.91221,12.519,0.037
3593.91471,12.499,0.043
3593.91721,12.411,0.037
3593.92228,12.388,0.044
3593.92484,12.353,0.046
3593.92732,12.346,0.041
3593.92983,12.374,0.042
3593.93233,12.343,0.043
3593.93484,12.266,0.04
3593.93732,12.391,0.04
3594.59386,12.318,0.076
3594.5963,12.331,0.056
3594.59878,12.3,0.045
3594.60218,12.425,0.053
3594.63498,12.312,0.074
3594.63751,12.343,0.065
3594.64087,12.28,0.082
3594.64325,12.387,0.063
3594.64574,12.418,0.062
3594.64826,12.424,0.069
3594.65074,12.415,0.047
3594.6533,12.414,0.063
3594.65579,12.368,0.061
3594.65831,12.293,0.08
3594.66169,12.372,0.048
3594.66406,12.376,0.069
3594.66659,12.452,0.06
3594.66909,12.315,0.074
3594.67159,12.345,0.055
3594.67409,12.336,0.062
3594.67652,12.409,0.064
3594.67915,12.445,0.048
3594.68165,12.489,0.073
3594.68414,12.382,0.051
3594.68665,12.382,0.057
3594.68913,12.316,0.058
3594.69165,12.35,0.061
3594.69418,12.389,0.049
3594.6967,12.376,0.06
3594.69921,12.398,0.055
3594.70174,12.44,0.048
3594.70436,12.391,0.042
3594.70687,12.365,0.051
3594.71022,12.443,0.058
3594.7126,12.332,0.053
3594.7151,12.442,0.045
3594.7176,12.409,0.054
3594.72012,12.439,0.056
3594.72264,12.354,0.076
3594.7259,12.473,0.062
3594.72915,12.311,0.056
3594.73164,12.405,0.052
3594.73412,12.314,0.056
3594.73663,12.413,0.046
3594.73913,12.38,0.046
3594.74164,12.39,0.045
3594.74414,12.377,0.051
3594.74664,12.454,0.046
3594.74914,12.415,0.052
3594.75167,12.394,0.049
3594.75418,12.421,0.047
3594.75745,12.38,0.048
3594.76612,12.399,0.061
3594.76852,12.399,0.06
3594.77104,12.435,0.048
3594.77356,12.32,0.059
3594.77603,12.325,0.044
3594.77854,12.342,0.054
3594.78102,12.315,0.056
3594.78431,12.347,0.056
3594.78674,12.372,0.052
3594.78927,12.304,0.05
3594.79265,12.368,0.057
3594.79586,12.403,0.052
3594.79823,12.366,0.049
3594.80073,12.396,0.055
3594.80325,12.467,0.05
3594.80576,12.397,0.05
3594.80825,12.372,0.049
3594.81077,12.35,0.059
3594.81331,12.402,0.063
3594.81582,12.379,0.047
3594.81833,12.315,0.05
3594.82163,12.365,0.058
3594.82402,12.471,0.065
3594.82652,12.308,0.055
3594.82902,12.331,0.045
3594.83152,12.414,0.047
3594.83652,12.345,0.044
3594.83939,12.396,0.05
3594.84281,12.333,0.055
3594.84518,12.377,0.054
3594.8477,12.47,0.046
3594.8502,12.38,0.04
3594.85347,12.35,0.046
3594.85597,12.499,0.053
3594.85849,12.365,0.057
3594.86101,12.365,0.071
3594.86352,12.458,0.054
3594.89381,12.354,0.074
3594.89633,12.303,0.078
3594.89884,12.311,0.079
3594.90389,12.338,0.072
3594.90642,12.308,0.067
3594.90891,12.356,0.082
3594.91142,12.336,0.078
3594.9139,12.358,0.072
3594.91641,12.39,0.075
3594.91892,12.373,0.075
3594.92149,12.321,0.061
3594.9247,12.396,0.075
3594.9272,12.365,0.063
3594.92971,12.27,0.071
3594.93221,12.277,0.057
3597.82792,12.348,0.049
3599.84206,12.354,0.043
3601.81708,12.337,0.048
3603.8385,12.381,0.051
3606.68995,12.389,0.04
3606.69235,12.369,0.04
3606.69482,12.36,0.037
3606.69731,12.318,0.038
3606.70073,12.369,0.04
3606.70311,12.367,0.043
3606.70558,12.352,0.036
3606.70808,12.361,0.041
3607.5605,12.335,0.05
3607.56295,12.271,0.074
3607.56551,12.394,0.051
3607.56807,12.322,0.05
3607.59597,12.402,0.052
3607.59842,12.345,0.063
3607.6009,12.359,0.049
3607.60344,12.343,0.05
3607.60995,12.366,0.054
3607.61245,12.364,0.053
3607.61573,12.344,0.055
3607.61823,12.314,0.059
3607.62323,12.335,0.058
3607.62574,12.29,0.057
3607.62825,12.351,0.05
3607.63072,12.393,0.051
3607.63324,12.322,0.054
3607.63577,12.412,0.054
3607.63827,12.389,0.053
3607.64075,12.395,0.045
3607.64325,12.39,0.047
3607.64574,12.443,0.044
3607.6492,12.388,0.058
3607.65237,12.311,0.051
3607.65474,12.309,0.045
3607.65801,12.319,0.045
3607.66051,12.311,0.046
3607.66297,12.388,0.045
3607.66631,12.322,0.053
3607.66868,12.356,0.045
3607.67119,12.334,0.042
3607.67371,12.36,0.051
3607.67622,12.338,0.046
3607.67866,12.353,0.046
3607.68117,12.407,0.043
3607.68366,12.439,0.042
3607.68617,12.359,0.041
3607.68868,12.325,0.046
3607.69118,12.289,0.042
3607.69369,12.395,0.045
3607.69617,12.334,0.043
3607.69869,12.348,0.05
3607.70117,12.348,0.043
3607.70365,12.31,0.045
3607.70621,12.394,0.043
3607.70876,12.359,0.045
3607.71125,12.31,0.047
3607.71377,12.433,0.048
3607.71869,12.351,0.041
3607.72118,12.463,0.045
3607.72443,12.406,0.046
3607.72694,12.304,0.046
3607.72943,12.322,0.049
3607.73193,12.305,0.043
3607.73519,12.263,0.049
3607.73768,12.344,0.043
3607.74018,12.407,0.055
3607.7427,12.41,0.044
3607.74523,12.33,0.046
3607.74776,12.386,0.047
3607.75026,12.385,0.049
3607.75274,12.36,0.047
3607.75522,12.32,0.048
3607.7585,12.29,0.045
3607.76099,12.315,0.042
3607.76349,12.315,0.043
3607.76598,12.374,0.048
3607.76847,12.448,0.049
3607.77097,12.353,0.051
3607.77348,12.294,0.045
3607.77599,12.35,0.048
3607.77847,12.304,0.044
3607.7809,12.324,0.05
3607.78338,12.362,0.046
3607.78588,12.339,0.051
3607.78838,12.28,0.048
3607.79086,12.283,0.053
3607.79334,12.317,0.056
3607.79585,12.399,0.053
3607.79836,12.24,0.052
3607.80085,12.364,0.058
3607.80333,12.322,0.042
3607.80582,12.408,0.052
3607.80835,12.362,0.041
3607.81085,12.349,0.04
3607.81336,12.356,0.048
3607.8159,12.309,0.055
3607.81837,12.335,0.049
3607.82087,12.305,0.041
3607.82337,12.431,0.057
3607.82583,12.369,0.053
3607.82836,12.404,0.047
3607.83079,12.381,0.048
3607.83333,12.378,0.049
3607.83659,12.38,0.051
3607.83928,12.444,0.062
3607.84175,12.344,0.056
3607.84424,12.376,0.045
3607.84677,12.305,0.052
3607.84929,12.287,0.062
3607.85181,12.311,0.052
3607.85431,12.381,0.059
3607.85679,12.289,0.055
3607.85927,12.277,0.059
3607.86177,12.314,0.047
3607.86429,12.384,0.052
3607.86679,12.508,0.055
3607.86929,12.285,0.05
3607.87177,12.314,0.055
3607.87428,12.386,0.049
3607.87678,12.43,0.043
3607.87929,12.319,0.058
3607.88178,12.354,0.054
3607.88429,12.398,0.049
3607.8868,12.246,0.062
3607.88925,12.185,0.065
3607.89174,12.332,0.064
3607.89424,12.373,0.05
3607.89672,12.362,0.055
3607.89923,12.376,0.052
3607.90175,12.325,0.054
3607.90505,12.348,0.055
3607.90755,12.333,0.056
3607.91084,12.286,0.056
3607.91338,12.328,0.05
3607.91583,12.364,0.057
3607.91834,12.372,0.056
3607.92085,12.34,0.057
3607.92333,12.372,0.063
3607.92583,12.451,0.06
3607.92833,12.405,0.064
3608.55615,12.376,0.054
3608.55862,12.345,0.053
3608.56108,12.393,0.049
3608.56359,12.291,0.045
3608.5661,12.256,0.05
3608.59443,12.226,0.067
3608.59697,12.395,0.061
3608.59949,12.309,0.048
3608.60205,12.394,0.065
3608.60459,12.344,0.066
3608.6072,12.323,0.071
3608.60966,12.311,0.051
3608.61209,12.359,0.068
3608.61463,12.341,0.062
3608.61714,13.011,0.066
3608.6197,12.544,0.061
3608.6223,12.346,0.067
3608.62476,12.363,0.044
3608.62724,12.29,0.07
3608.62979,12.316,0.075
3608.63226,12.284,0.073
3608.63477,12.357,0.06
3608.63728,12.333,0.057
3608.6398,12.359,0.057
3608.64223,12.371,0.05
3608.64477,12.273,0.057
3608.64724,12.315,0.059
3608.65053,12.368,0.06
3608.65293,12.39,0.048
3608.65544,12.431,0.055
3608.65795,12.349,0.048
3608.66043,12.422,0.053
3608.663,12.396,0.055
3608.6655,12.42,0.053
3608.66796,12.332,0.052
3608.67045,12.277,0.051
3608.67296,12.227,0.056
3608.67547,12.332,0.059
3608.67791,12.356,0.053
3608.68119,12.356,0.043
3608.68619,12.428,0.048
3608.68869,12.375,0.045
3608.69113,12.445,0.049
3608.69363,12.304,0.046
3608.69614,12.328,0.046
3608.69864,12.293,0.053
3608.70108,12.289,0.049
3608.70607,12.337,0.046
3608.70858,12.388,0.058
3608.71111,12.419,0.05
3608.71361,12.35,0.048
3608.71612,12.366,0.045
3608.71862,12.359,0.045
3608.72112,12.341,0.045
3608.72361,12.387,0.046
3608.72611,12.358,0.057
3608.72858,12.324,0.045
3608.73112,12.339,0.048
3608.73363,12.315,0.049
3608.73613,12.386,0.048
3608.76307,12.403,0.048
3608.77054,12.35,0.053
3608.77375,12.315,0.07
3608.77628,12.387,0.059
3608.77878,12.288,0.063
3608.78128,12.343,0.059
3608.78377,12.378,0.05
3608.78626,12.319,0.057
3608.78877,12.351,0.049
3608.79203,12.322,0.057
3608.79453,12.269,0.052
3608.79702,12.391,0.046
3608.79953,12.306,0.045
3608.80207,12.348,0.07
3608.80459,12.33,0.068
3608.80711,12.378,0.056
3608.80959,12.439,0.064
3608.81211,12.357,0.064
3608.81463,12.426,0.059
3608.81711,12.272,0.054
3608.81961,12.437,0.051
3608.82717,12.316,0.05
3608.82968,12.385,0.069
3608.83216,12.27,0.064
3608.83468,12.303,0.05
3608.83719,12.262,0.052
3608.83976,12.411,0.058
3608.84219,12.38,0.041
3608.84472,12.328,0.043
3608.86789,12.347,0.035
3608.87027,12.301,0.042
3608.8727,12.349,0.063
3608.87518,12.289,0.07
3608.87761,12.385,0.054
3608.88011,12.307,0.059
3608.88262,12.332,0.074
3608.88511,12.481,0.073
3608.88761,12.246,0.073
3608.89012,12.347,0.06
3608.89265,12.383,0.068
3608.89592,12.46,0.06
3608.89843,12.42,0.072
3608.90094,12.467,0.071
3608.90427,12.438,0.066
3608.90664,12.295,0.053
3608.90915,12.246,0.076
3608.91167,12.23,0.073
3608.91418,12.32,0.072
3608.91672,12.425,0.077
3608.91924,12.389,0.073
3608.92174,12.402,0.069
3608.92428,12.495,0.072
3608.92676,12.416,0.073
3610.81779,12.366,0.055
3610.8254,12.338,0.056
3610.82792,12.211,0.055
3610.83039,12.273,0.048
3610.83293,12.237,0.053
3610.83546,12.397,0.057
3610.83902,12.327,0.058
3614.74689,12.414,0.071
3614.74931,12.349,0.06
3614.75181,12.367,0.069
3614.75433,12.284,0.062
3614.75681,12.297,0.062
3614.76178,12.326,0.067
3614.76428,12.279,0.067
3614.7668,12.354,0.069
3614.76931,12.316,0.078
3614.7718,12.33,0.075
3614.77426,12.342,0.073
3614.77675,12.482,0.068
3614.77924,12.832,0.073
3614.78265,12.408,0.076
3614.78503,12.346,0.073
3614.86998,12.302,0.079
3614.87244,12.379,0.078
3614.87491,12.33,0.079
3614.87737,12.313,0.078
3614.87987,12.34,0.075
3614.88236,12.263,0.076
3614.88487,12.329,0.075
3614.88736,12.424,0.074
3614.88986,12.425,0.075
3614.89236,12.287,0.076
3614.89485,12.278,0.078
3614.89735,12.384,0.073
3614.89984,12.274,0.072
3614.90234,12.34,0.074
3614.90486,12.27,0.071
3614.9073,12.372,0.067
3614.91074,12.373,0.07
3614.91313,12.309,0.071
3614.91565,12.374,0.067
3614.91815,12.357,0.073
3614.92064,12.283,0.069
3614.92402,12.243,0.07
3615.53416,12.37,0.051
3615.53662,12.365,0.047
3615.53916,12.305,0.049
3615.54169,12.317,0.047
3615.54425,12.38,0.047
3615.57307,12.324,0.057
3615.57798,12.355,0.054
3615.5805,12.424,0.048
3615.58302,12.352,0.06
3615.58549,12.342,0.049
3615.5964,12.308,0.051
3615.59878,12.399,0.052
3615.60129,12.391,0.047
3615.60375,12.337,0.048
3615.61125,12.264,0.053
3615.61371,12.383,0.053
3615.61623,12.435,0.046
3615.61874,12.451,0.048
3615.62127,12.465,0.052
3615.62457,12.404,0.045
3615.62705,12.327,0.048
3615.62954,12.339,0.05
3615.63198,12.359,0.044
3615.63452,12.34,0.045
3615.63704,12.358,0.048
3615.64043,12.278,0.049
3615.64281,12.302,0.05
3615.64531,12.416,0.047
3615.64781,12.632,0.045
3615.65033,12.289,0.043
3615.65283,12.319,0.048
3615.65538,12.319,0.043
3615.65785,12.284,0.049
3615.66037,12.32,0.048
3615.66288,12.406,0.047
3615.66541,12.389,0.044
3615.66791,12.443,0.052
3615.67041,12.391,0.045
3615.67544,12.381,0.051
3615.68038,12.284,0.053
3615.68532,12.213,0.052
3615.68786,12.301,0.049
3615.69287,12.353,0.05
3615.69536,12.331,0.051
3615.6978,12.292,0.049
3615.70031,12.378,0.049
3615.70284,12.337,0.049
3615.70779,12.41,0.052
3615.71599,12.386,0.051
3615.71852,12.304,0.054
3615.72106,12.352,0.053
3615.72363,12.326,0.047
3615.72699,12.349,0.05
3615.72941,12.315,0.048
3615.73451,12.313,0.05
3615.73696,12.294,0.045
3615.73947,12.303,0.048
3615.74192,12.305,0.049
3615.74443,12.302,0.052
3615.74693,12.375,0.049
3615.74948,12.249,0.051
3615.75195,12.295,0.052
3615.75449,12.343,0.053
3615.75783,12.298,0.054
3615.76021,12.321,0.05
3615.76276,12.376,0.059
3615.76525,12.317,0.05
3615.76772,12.334,0.051
3615.77022,12.278,0.05
3615.82597,12.352,0.051
3615.86544,12.392,0.042
3618.73578,12.361,0.06
3621.73113,12.306,0.056
3624.78952,12.281,0.044
3629.73001,12.3,0.056
3631.70052,12.38,0.05
3631.74086,12.269,0.047
3633.71886,12.269,0.046
3633.78803,12.297,0.041
3638.8231,12.218,0.037
3641.71884,12.212,0.047
3642.7095,12.277,0.05
3643.80697,12.242,0.055
3648.67117,12.219,0.045
3650.72426,12.162,0.044
3652.64533,12.157,0.051
3652.73024,12.18,0.038
3654.64678,12.293,0.054
3654.73077,12.176,0.038
3656.6204,12.217,0.052
3656.68894,12.255,0.039
3658.64504,12.231,0.052
3658.67104,12.179,0.045
3660.67051,12.102,0.047
3660.69493,12.117,0.038
3662.6941,12.188,0.054
3662.75945,12.168,0.038
3664.72744,12.199,0.052
3665.60506,12.172,0.044
3668.61226,12.177,0.048
3668.69099,12.12,0.044
3670.6525,12.195,0.042
3670.74546,12.15,0.032
3672.73902,12.246,0.063
3673.57906,12.127,0.047
3675.59093,12.259,0.047
3675.64607,12.133,0.043
3677.70776,12.179,0.057
3677.78724,12.054,0.048
3700.57592,12.15,0.067
3700.59994,12.131,0.041
3702.70659,12.074,0.045
3702.73666,12.14,0.036
3705.60529,12.2,0.047
3705.62341,12.109,0.055
3707.68417,12.128,0.044
3707.69826,12.123,0.035
3711.68614,12.061,0.062
3711.70423,12.129,0.046
3713.62626,12.108,0.071
3713.66016,12.202,0.043
3715.65677,12.177,0.063
3715.7044,12.221,0.054
3718.57113,12.188,0.062
3718.58559,12.111,0.036
3720.65249,12.139,0.064
3720.66951,12.063,0.065
3726.56496,12.17,0.054
3726.58448,12.129,0.051
3728.62234,12.15,0.057
3728.63603,12.205,0.045
3731.6424,12.088,0.055
3732.60075,12.175,0.04
3735.57581,12.188,0.051
3735.60373,12.078,0.036
3738.54512,12.123,0.054
3738.57174,12.16,0.035
3740.59284,12.076,0.06
3740.62194,12.137,0.044
3743.59293,12.106,0.059
3743.60396,12.074,0.044
3746.62185,12.093,0.052
3749.58464,12.136,0.057
3749.59305,12.07,0.043
3752.60872,12.139,0.046
3753.56443,12.153,0.055
3755.56672,12.143,0.04
3756.55698,12.09,0.048
3757.62845,12.202,0.039
3759.54805,12.12,0.057
3760.57704,12.194,0.059
3762.55008,12.135,0.065
3763.57228,12.136,0.048
3765.54346,12.14,0.058
3766.55417,12.179,0.049
3769.5406,12.274,0.051
3771.53731,12.103,0.052
3771.58154,12.14,0.036
3774.55948,12.154,0.036
3775.53023,12.134,0.059
3776.58608,12.158,0.043
3778.52332,12.118,0.064
3779.55139,12.189,0.039
3783.54745,12.136,0.046
3788.52292,12.231,0.045
3791.52263,12.582,0.04
3794.51568,12.202,0.046
3797.50962,12.161,0.037
3800.51159,12.293,0.054
3804.50513,12.185,0.057
3809.49667,12.314,0.063
3860.92708,12.438,0.074
3866.91481,12.345,0.071
3870.91108,12.29,0.062
3877.90243,12.344,0.062
3892.89603,12.392,0.047
3898.92259,12.258,0.053
3902.89968,12.314,0.05
3906.87011,12.385,0.051
3909.91906,12.368,0.059
3983.87066,12.291,0.043
4084.53585,12.568,0.059
4089.71689,12.351,0.046
4092.62459,12.386,0.073
4103.61881,12.553,0.071
4104.61151,12.378,0.048
4105.64137,12.461,0.08
4107.5534,12.403,0.068
4107.65573,12.392,0.032
4111.65731,12.44,0.04
4125.55662,12.355,0.051
4125.56293,12.425,0.039
4128.54449,12.252,0.054
4131.54592,12.305,0.065
4134.54864,12.365,0.064
4134.5894,12.282,0.039
4137.53983,12.276,0.06
4139.54482,12.268,0.043
4140.53016,12.248,0.053
4141.57138,12.262,0.076
4143.52301,12.295,0.064
4144.5479,12.246,0.08
4147.54383,12.177,0.035
4153.55775,12.152,0.041
4157.53572,12.286,0.05
4160.51839,12.247,0.037
4163.52455,12.171,0.081
4166.51549,12.267,0.048
4174.49734,12.195,0.064
4256.89537,12.305,0.044
4273.88021,12.277,0.043
4285.87911,12.246,0.044
4293.87685,12.327,0.041
4296.87924,12.212,0.048
4299.87111,12.222,0.063
4301.86178,12.225,0.048
4304.80708,12.191,0.046
4306.83084,12.27,0.041
4308.82579,12.282,0.046
4310.8435,12.192,0.041
4316.77686,12.303,0.047
4319.87355,12.241,0.04
4329.85431,12.328,0.039
4331.82671,12.214,0.039
4336.79073,12.191,0.038
4339.7564,12.234,0.044
4341.76737,12.315,0.04
4343.80102,12.233,0.048
4345.80753,12.268,0.043
4350.72932,12.307,0.045
4353.71948,12.226,0.039
4355.78162,12.339,0.037
4358.71111,12.336,0.039
4361.70555,12.356,0.045
4363.7369,12.331,0.036
4365.73635,12.354,0.038
4368.66962,12.383,0.038
4372.73268,12.367,0.041
4375.73832,12.355,0.04
4377.80256,12.512,0.046
4380.64325,12.454,0.043
4382.70661,12.396,0.04
4384.72626,12.395,0.039
4386.71226,12.331,0.035
4388.69849,12.311,0.037
4392.65078,12.454,0.055
4398.73531,12.39,0.072
4398.75906,12.391,0.039
4403.77499,12.523,0.055
4407.73502,12.321,0.046
4407.76353,12.376,0.042
4410.6301,12.362,0.048
4418.79986,12.388,0.051
4419.6183,12.341,0.049
4421.68352,12.44,0.04
4425.74131,12.512,0.06
4427.641,12.415,0.04
4429.66186,12.505,0.037
4430.63011,12.432,0.048
4431.70391,12.408,0.036
4432.68037,12.487,0.043
4433.78484,12.385,0.037
4437.57907,12.448,0.043
4438.73863,12.692,0.037
4442.64976,12.492,0.073
4452.59692,12.407,0.043
4453.56948,12.522,0.049
4454.62714,12.483,0.054
4455.63684,12.44,0.066
4456.67853,12.519,0.048
4458.60945,12.533,0.047
4459.61394,12.458,0.039
4461.59899,12.376,0.04
4462.60467,12.389,0.037
4463.64774,12.424,0.049
4464.67781,12.46,0.036
4466.6017,12.498,0.05
4467.60827,12.463,0.045
4473.59362,12.43,0.055
4476.58887,12.365,0.047
4479.56676,12.371,0.051
4479.65524,12.445,0.053
4482.64141,12.328,0.043
4488.58978,12.356,0.042
4489.54909,12.267,0.049
4490.61496,12.397,0.039
4492.54513,12.471,0.044
4493.58336,12.335,0.039
4499.53945,12.347,0.049
4502.53964,12.392,0.065
4502.57887,12.368,0.06
4505.53774,12.246,0.052
4505.56703,12.399,0.042
4508.56277,12.283,0.048
4510.51928,12.273,0.059
4511.55739,12.336,0.04
4515.55855,12.38,0.042
4518.54642,12.421,0.034
4524.52423,12.298,0.036
4527.52184,12.223,0.043
4530.52556,12.348,0.048
4533.5114,12.278,0.032
4537.50226,12.288,0.039
4589.92813,12.135,0.046
4596.92581,12.298,0.042
4600.92677,12.641,0.053
4610.93263,12.29,0.049
4633.85477,12.336,0.054
4640.85924,12.257,0.04
4644.8541,12.238,0.045
4650.91479,12.214,0.049
4654.85604,12.183,0.065
4661.93218,12.274,0.048
4664.83569,12.312,0.043
4671.89785,12.295,0.04
4674.83944,12.316,0.038
4681.80678,12.389,0.046
4684.78379,12.332,0.041
4686.86655,12.32,0.044
4690.82077,12.252,0.038
4693.83316,12.317,0.044
4697.79478,12.321,0.045
4702.76693,12.324,0.036
4705.75478,12.364,0.069
4708.77717,12.389,0.043
4715.79676,12.338,0.044
4721.67675,12.403,0.041
4724.73611,12.378,0.045
4726.80173,12.426,0.041
4729.747,12.367,0.043
4736.68398,12.481,0.041
4740.65715,12.481,0.042
4747.70392,12.434,0.043
4750.63721,12.481,0.047
4752.69847,12.326,0.044
4754.73063,12.397,0.042
4757.61701,12.497,0.044
4759.68586,12.433,0.041
4761.78862,12.506,0.043
4764.63113,12.502,0.038
4766.74503,12.425,0.088
4769.61323,12.393,0.043
4771.66282,12.442,0.041
4773.70088,12.462,0.041
4775.73997,12.644,0.043
4777.70817,12.486,0.056
4779.72716,12.438,0.073
4782.8188,12.612,0.061
4785.58406,12.52,0.047
4803.58804,12.624,0.04
4805.67859,12.635,0.043
4807.62733,12.576,0.036
4809.69693,12.536,0.05
4814.73561,12.721,0.078
4817.65173,12.63,0.05
4831.61936,12.876,0.083
4833.69411,12.814,0.068
4834.62398,12.65,0.081
4836.61672,12.811,0.071
4838.67136,12.798,0.059
4847.61955,12.676,0.047
4849.57021,12.705,0.061
4850.60491,12.825,0.044
4852.56813,12.859,0.053
4853.60304,12.842,0.054
4856.54353,13.127,0.053
4859.56628,12.875,0.056
4859.60151,12.721,0.043
4867.54635,12.872,0.057
4868.58048,12.931,0.034
4871.53036,12.889,0.053
4871.57576,12.861,0.051
4875.52511,12.737,0.075
4875.55858,12.923,0.045
4879.52028,12.894,0.043
4882.52417,12.89,0.046
4905.49736,12.767,0.059
5008.90185,12.469,0.064
5041.79753,12.551,0.042
5049.86983,12.681,0.047
5055.91931,12.692,0.042
5074.8129,12.614,0.047
5088.77444,12.732,0.044
5097.76403,12.724,0.045
5099.75674,12.75,0.042
5104.69922,12.696,0.045
5111.64934,12.696,0.044
5116.80217,12.9,0.041
5124.73038,12.77,0.047
5162.60874,12.784,0.046
5164.6886,12.803,0.041
