1868.57131,11.769,0.024
1869.55804,11.014,0.024
1873.55412,11.478,0.028
1875.55303,11.609,0.024
1877.54497,11.686,0.024
1879.54133,11.729,0.024
1881.53091,11.805,0.024
1885.5213,10.913,0.026
1887.54849,11.051,0.025
1889.56502,11.405,0.026
1900.56133,11.586,0.023
1905.58833,11.26,0.024
1914.56383,11.2,0.025
1919.57327,10.8,0.025
1922.53581,11.774,0.023
1925.5357,11.41,0.04
1928.54166,11.113,0.025
1931.54764,11.76,0.025
1934.54397,11.438,0.028
1939.53341,10.937,0.027
1949.52801,11.753,0.026
2052.93491,11.795,0.029
2054.89637,11.778,0.035
2058.9043,11.314,0.028
2067.84886,11.971,0.033
2068.84926,11.611,0.038
2069.84221,10.872,0.032
2080.83777,10.994,0.029
2082.89358,11.398,0.029
2085.89727,10.934,0.028
2087.84734,10.768,0.03
2088.86168,11.724,0.03
2093.89435,11.569,0.028
2094.82843,11.913,0.031
2095.80182,11.564,0.04
2103.76239,11.874,0.031
2104.84608,11.628,0.03
2105.84191,10.836,0.029
2106.86141,11.753,0.028
2113.86694,11.661,0.026
2115.76929,11.636,0.029
2116.81167,11.004,0.027
2117.80362,11.734,0.027
2128.71706,11.754,0.027
2129.73861,11.299,0.029
2130.75606,11.852,0.03
2131.76417,11.516,0.028
2132.77792,10.99,0.029
2133.77329,11.625,0.027
2134.77566,10.933,0.03
2135.77194,11.81,0.041
2144.74662,11.784,0.03
2156.69085,11.241,0.029
2167.68386,11.464,0.024
2168.70024,11.781,0.025
2169.71186,11.677,0.027
2171.69464,11.801,0.027
2172.71095,11.113,0.026
2173.68466,11.722,0.024
2174.68232,11.268,0.025
2178.66276,11.596,0.027
2183.61684,11.015,0.029
2184.63884,11.932,0.03
2185.6496,11.447,0.027
2186.68693,11.782,0.028
2190.56377,11.225,0.025
2191.64942,11.762,0.028
2192.64624,11.238,0.025
2193.64964,11.838,0.029
2194.64308,11.448,0.027
2195.64289,11.917,0.026
2197.63936,11.013,0.027
2198.63595,11.706,0.028
2199.63436,10.922,0.03
2201.62312,11.203,0.027
2202.63063,11.8,0.03
2203.62014,11.37,0.031
2204.61584,11.971,0.028
2206.61469,11.304,0.03
2207.61123,11.684,0.029
2211.57814,11.727,0.03
2213.57538,11.935,0.031
2214.60595,11.56,0.029
2215.61046,11.203,0.03
2216.60608,11.662,0.03
2217.60574,10.892,0.028
2219.57668,11.021,0.032
2222.5981,11.924,0.028
2224.58187,11.6,0.034
2225.59085,11.572,0.027
2226.59158,10.834,0.026
2227.58542,11.863,0.028
2228.58143,11.117,0.028
2229.58224,11.719,0.029
2230.57779,11.386,0.028
2232.5682,11.532,0.029
2233.57334,11.675,0.03
2235.56019,10.804,0.028
2236.55442,11.709,0.032
2237.56147,11.103,0.031
2239.56912,11.349,0.034
2241.54326,11.591,0.034
2243.54174,11.557,0.041
2247.58197,11.859,0.033
2251.59992,10.962,0.035
2255.59101,11.242,0.034
2257.58712,11.513,0.033
2260.57933,11.025,0.036
2444.84374,11.989,0.023
2446.83639,10.905,0.03
2452.82212,11.44,0.035
2465.8577,11.733,0.033
2467.84096,11.704,0.027
2468.90695,11.502,0.029
2470.82608,11.508,0.033
2471.91228,10.815,0.031
2473.87372,10.926,0.036
2482.71904,12.052,0.035
2486.79313,11.19,0.037
2489.76482,11.947,0.032
2490.79186,11.596,0.033
2493.79429,11.019,0.042
2495.72968,11.002,0.033
2498.76652,11.894,0.032
2499.77444,11.57,0.034
2501.77079,11.623,0.034
2521.8319,11.783,0.031
2540.65395,10.871,0.032
2544.71367,11.586,0.03
2545.75207,10.831,0.032
2552.81292,10.804,0.026
2556.68444,10.779,0.036
2558.70997,11.149,0.026
2559.67542,11.753,0.021
2560.67397,11.275,0.024
2561.66044,11.862,0.029
2562.66593,11.494,0.026
2563.67092,11.806,0.031
2564.67013,11.601,0.03
2565.6929,10.822,0.029
2566.70545,11.743,0.029
2578.6654,11.303,0.027
2620.55026,11.622,0.024
2622.5776,11.775,0.025
2627.63078,11.64,0.029
2629.63025,11.755,0.033
2634.57421,11.44,0.027
2636.60097,11.57,0.024
2638.61058,11.726,0.024
2640.61104,11.725,0.025
2642.60884,11.895,0.024
2644.60472,11.665,0.025
2646.58639,10.786,0.024
2649.58053,11.747,0.024
2651.58565,11.87,0.026
2653.59972,11.622,0.026
2655.61513,10.877,0.026
2658.61612,11.776,0.026
2660.61832,11.927,0.026
2662.61522,11.139,0.025
2665.53405,11.641,0.024
2667.5425,11.767,0.023
2669.53912,11.779,0.028
2673.54221,10.958,0.024
2675.53683,10.927,0.024
2677.53271,11.162,0.026
2681.54531,11.615,0.024
2683.55579,11.768,0.025
2686.53523,11.229,0.026
2688.54069,11.479,0.025
2693.52532,10.942,0.026
2696.51103,11.753,0.024
2698.51694,11.978,0.024
2701.50744,11.621,0.025
2755.92212,11.316,0.025
2759.92333,11.613,0.035
2763.92016,11.755,0.025
2767.91636,11.624,0.026
2776.91828,11.439,0.031
2783.9107,11.842,0.031
2809.84318,11.21,0.025
2811.88081,11.521,0.023
2813.88769,11.614,0.028
2829.93514,11.633,0.03
2831.86539,11.64,0.03
2836.89103,11.463,0.041
2841.83986,10.785,0.025
2844.89185,11.894,0.027
2851.87595,11.74,0.027
2854.76087,11.112,0.028
2859.78092,11.117,0.027
2861.76852,10.85,0.029
2871.82412,11.779,0.023
2874.77183,11.463,0.033
2879.74699,10.818,0.035
2883.73719,11.374,0.028
2885.69998,11.45,0.029
2886.80171,10.763,0.038
2893.63749,11.729,0.028
2896.70997,11.566,0.03
2898.70211,11.756,0.028
2905.77078,11.717,0.028
2908.70393,11.074,0.036
2910.74295,11.449,0.032
2912.71273,11.516,0.03
2915.68335,10.795,0.031
2917.60753,10.825,0.029
2918.75018,11.815,0.036
2921.74055,11.572,0.027
2923.72188,11.647,0.029
2926.7255,11.157,0.039
2930.7152,11.537,0.027
2932.7038,11.706,0.03
2940.58751,11.857,0.024
2942.6131,11.477,0.035
2943.6576,11.691,0.023
2944.77137,11.409,0.029
2946.61466,11.089,0.028
2947.81943,10.81,0.028
2951.71517,11.013,0.026
2957.7697,11.658,0.027
2962.54883,10.953,0.027
2964.57568,11.022,0.024
2966.59555,11.365,0.025
2970.59718,11.62,0.024
2972.6345,11.75,0.023
2974.75819,11.493,0.025
2976.67593,10.98,0.027
2978.68039,10.965,0.025
2980.69971,11.313,0.025
2982.71061,11.621,0.032
2985.55022,11.833,0.022
2987.56974,11.456,0.025
2989.65147,11.168,0.03
2993.69531,11.592,0.026
2996.60408,10.779,0.03
2998.61292,11.037,0.024
3001.58803,11.834,0.022
3005.59937,10.754,0.024
3007.61423,11.116,0.026
3009.65952,11.455,0.028
3011.65563,11.593,0.029
3013.65796,11.674,0.029
3017.58601,11.799,0.023
3019.59018,11.872,0.024
3023.59188,10.765,0.025
3028.56904,11.841,0.023
3031.55588,11.575,0.024
3033.57331,11.728,0.025
3036.57746,11.312,0.028
3041.54156,11.033,0.028
3044.53189,11.758,0.024
3047.53059,11.496,0.031
3053.52192,11.843,0.029
3059.50916,11.245,0.027
3067.50296,11.557,0.029
3125.92828,11.533,0.04
3130.9242,11.114,0.036
3142.92789,11.942,0.025
3156.93381,11.791,0.024
3163.8783,11.563,0.026
3166.90641,11.162,0.029
3170.87353,11.514,0.027
3175.92678,11.247,0.023
3179.86494,11.466,0.025
3183.89396,11.779,0.025
3187.84596,11.795,0.026
3191.85326,10.762,0.033
3211.92104,11.368,0.03
3358.57062,11.748,0.024
3363.62528,11.794,0.027
3366.6315,11.11,0.034
3366.64475,11.165,0.04
3382.58615,10.814,0.031
3395.59636,11.324,0.029
3398.57135,11.907,0.026
3404.58078,11.344,0.027
3410.54044,11.703,0.027
3415.54227,11.481,0.029
3425.5248,11.899,0.027
3522.88981,11.606,0.031
3525.91671,11.137,0.029
3544.8706,11.716,0.034
3552.8618,11.026,0.034
3556.86267,11.487,0.027
3560.83607,11.709,0.034
3563.87337,11.382,0.027
3568.91639,11.025,0.026
3571.84062,11.724,0.028
3574.8289,11.43,0.027
3577.82806,10.99,0.028
3581.87495,11.419,0.024
3584.81487,11.899,0.04
3587.79984,11.682,0.027
3590.79874,11.197,0.026
3597.81379,11.025,0.031
3601.72868,11.222,0.026
3603.82108,11.609,0.03
3615.82981,11.163,0.033
3618.72954,11.743,0.028
3621.71968,11.551,0.031
3624.76643,10.947,0.025
3629.71888,11.882,0.031
3631.72894,11.6,0.028
3633.77674,11.003,0.025
3636.75754,11.891,0.027
3639.67527,11.467,0.032
3642.69587,10.766,0.026
3644.7726,11.297,0.031
3650.70709,11.676,0.022
3652.70778,11.832,0.035
3654.68736,11.687,0.027
3656.66197,11.83,0.026
3658.66507,11.887,0.026
3660.69325,10.772,0.029
3662.75772,11.29,0.029
3665.59388,11.736,0.026
3668.67941,11.6,0.024
3670.731,11.795,0.023
3673.56706,10.887,0.026
3675.64127,11.421,0.024
3677.77826,11.787,0.027
3700.59796,11.149,0.028
3702.73114,11.625,0.024
3705.62133,10.93,0.026
3707.69605,11.279,0.023
3711.69831,11.581,0.025
3713.65786,11.641,0.029
3715.69586,11.774,0.028
3718.58339,11.144,0.026
3720.66709,11.522,0.028
3726.57873,11.781,0.026
3728.63365,11.933,0.028
3732.5982,10.88,0.031
3735.60124,11.744,0.031
3738.56752,11.386,0.025
3740.61929,11.626,0.025
3743.60129,11.208,0.025
3746.61929,11.901,0.029
3749.59028,11.628,0.03
3752.60599,11.061,0.032
3755.56385,11.762,0.025
3758.56297,11.585,0.025
3761.56849,10.937,0.028
3764.55602,11.849,0.033
3767.54857,11.598,0.034
3773.55117,11.804,0.031
3776.54181,11.581,0.027
3779.54253,10.906,0.032
3783.54123,11.416,0.036
3788.51902,10.868,0.028
3791.51942,11.804,0.027
3794.51253,11.549,0.03
3798.50851,11.78,0.027
3860.92398,11.896,0.031
3864.92383,10.818,0.029
3868.91315,11.258,0.035
3872.90616,11.612,0.026
3877.8994,11.232,0.026
3898.90971,11.399,0.028
3902.88411,11.049,0.027
3905.90696,11.968,0.035
3909.86323,10.788,0.027
3913.92263,11.466,0.032
4090.59599,11.593,0.025
4092.66881,11.841,0.028
4106.63637,11.556,0.023
4109.64802,10.895,0.039
4129.58062,10.979,0.024
4132.54667,11.732,0.025
4134.58652,11.841,0.027
4137.55816,11.64,0.024
4139.57298,11.74,0.026
4142.5456,11.402,0.032
4145.53525,11.309,0.025
4153.51776,11.52,0.023
4229.92928,11.483,0.026
4233.92503,11.715,0.03
4255.90548,11.912,0.028
4268.92902,10.934,0.032
4273.85872,11.82,0.029
4278.9056,11.777,0.03
4285.87252,11.614,0.03
4290.8681,11.296,0.041
4296.85905,11.794,0.03
4301.84004,11.461,0.032
4304.77923,11.904,0.03
4306.81543,10.896,0.024
4308.81702,11.176,0.032
4310.8373,11.506,0.027
4316.76667,11.653,0.026
4319.86745,11.546,0.023
4329.8357,11.825,0.03
4331.81332,10.804,0.023
4336.78155,11.769,0.027
4339.74308,11.503,0.025
4341.75903,11.532,0.037
4343.79267,11.754,0.038
4345.7959,11.787,0.042
4350.72091,11.613,0.027
4353.71065,10.944,0.024
4355.76843,11.42,0.023
4358.69794,11.963,0.028
4361.69298,11.701,0.034
4363.72331,11.738,0.024
4365.71576,11.892,0.023
4367.79969,10.811,0.029
4369.79646,11,0.028
4371.81801,11.401,0.026
4374.79502,11.8,0.035
4377.64655,11.497,0.025
4379.69946,11.701,0.025
4381.72827,11.771,0.029
4383.80046,11.453,0.033
4386.61411,11.484,0.024
4388.66895,11.645,0.025
4392.63807,11.737,0.025
4398.73877,11.226,0.027
4403.74735,10.8,0.026
4407.74219,11.225,0.028
4410.61542,11.748,0.032
4413.65723,11.627,0.031
4418.7877,11.568,0.032
4421.66606,11.85,0.025
4423.68902,10.835,0.025
4429.59071,11.323,0.026
4431.66932,11.593,0.025
4433.76419,11.818,0.028
4436.63511,11.209,0.03
4438.71505,11.594,0.03
4441.62375,11.025,0.03
4444.62678,11.795,0.035
4452.58936,10.772,0.036
4456.67322,11.656,0.036
4459.60868,10.978,0.029
4462.59932,11.839,0.025
4464.6717,11.986,0.027
4474.60587,11.506,0.024
4480.5602,11.775,0.035
4483.57549,11.405,0.026
4486.59387,10.826,0.032
4489.56553,11.79,0.025
4491.6084,11.907,0.026
4494.56007,11.534,0.026
4498.56205,11.815,0.025
4501.55427,11.573,0.03
4504.55425,11.186,0.031
4507.52842,11.776,0.029
4510.54104,11.374,0.034
4518.52163,11.747,0.028
4521.51554,11.518,0.025
4524.50849,10.784,0.031
4528.50826,11.322,0.029
4588.92974,11.45,0.028
4593.92475,10.994,0.026
4597.92264,11.5,0.025
4601.91137,11.714,0.032
4610.91829,11.727,0.034
4622.91281,11.367,0.031
4632.88642,11.871,0.026
4639.88745,11.758,0.032
4643.85752,11.927,0.028
4646.91289,11.826,0.032
4649.91043,11.37,0.033
4652.90159,11.361,0.025
4661.89309,11.443,0.029
4664.81821,11.619,0.027
4666.85628,11.736,0.028
4676.88575,11.383,0.03
4682.80396,11.645,0.036
4684.89081,11.801,0.029
4686.86948,11.985,0.029
4690.79999,11.264,0.025
4696.87639,11.548,0.028
4701.8142,10.981,0.025
4704.75705,11.779,0.03
4707.7602,11.529,0.033
4715.77612,11.944,0.031
4721.66261,10.771,0.028
4724.73001,11.801,0.03
4726.79573,10.766,0.026
4729.73497,11.67,0.024
4736.67721,11.542,0.028
4740.65015,11.7,0.029
4745.63638,11.475,0.028
4747.68535,11.623,0.026
4754.72169,11.606,0.027
4756.74956,11.79,0.032
4758.8129,11.914,0.035
4761.63104,11.277,0.03
4763.75942,11.628,0.027
4766.60819,10.832,0.029
4768.71064,11.348,0.024
4770.76732,11.594,0.024
4775.62124,10.777,0.026
4777.61117,11.001,0.023
4779.62914,11.343,0.029
4782.69143,10.79,0.039
4784.76912,11.363,0.034
4787.74737,11.902,0.029
4793.63088,10.841,0.036
4795.77048,11.512,0.032
4798.65368,11.932,0.033
4803.586,11.68,0.027
4805.67648,11.915,0.03
4807.62515,11.922,0.026
4809.69472,10.907,0.03
4814.72894,11.697,0.033
4817.64946,11.617,0.037
4823.65951,11.937,0.04
4826.64315,11.628,0.035
4831.61611,11.225,0.034
4836.65146,10.792,0.038
4839.58243,11.822,0.036
4842.58428,11.402,0.029
4845.57457,11.41,0.035
4848.56881,11.723,0.029
4851.56768,11.412,0.04
4857.58723,11.722,0.038
4860.57795,11.875,0.029
4872.56449,11.141,0.032
4880.52906,11.546,0.029
4883.53336,10.849,0.031
4973.92024,12.015,0.041
4985.92159,11.594,0.034
4989.88131,11.799,0.035
4993.91733,11.706,0.036
5008.89928,11.336,0.039
5022.84152,11.243,0.036
5041.77511,11.585,0.031
5049.85711,10.806,0.038
5065.85459,11.663,0.037
5085.84872,10.895,0.035
5088.69574,11.611,0.03
5092.85941,10.951,0.034
5097.72482,11.684,0.036
5099.72715,11.802,0.032
5110.74244,11.939,0.036
5118.78627,11.5,0.034
5124.81861,11.726,0.033
5141.81021,11.187,0.038
5145.63971,11.08,0.038
