1868.58427,12.109,0.037
1869.56436,12.08,0.032
1872.55841,12.077,0.04
1874.54493,12.061,0.04
1876.54414,12.109,0.037
1878.53603,12.103,0.044
1880.53054,12.063,0.036
1884.52517,12.054,0.047
1886.56821,12.109,0.037
1888.57302,12.062,0.038
1900.55666,12.095,0.041
1903.56899,12.09,0.038
1905.57688,12.044,0.042
1907.57971,12.064,0.038
1914.55251,12.056,0.045
1918.55778,12.12,0.036
1921.54746,12.041,0.036
1924.5453,12.09,0.036
1930.54559,12.041,0.037
1933.54246,12.061,0.038
1938.56547,12.058,0.04
1948.54911,12.088,0.038
1954.53664,12.102,0.052
1964.50719,12.071,0.05
2052.93767,12.441,0.04
2054.90623,12.427,0.045
2056.89661,12.455,0.048
2067.85606,12.509,0.046
2068.85885,12.447,0.046
2069.85401,12.454,0.047
2070.85506,12.53,0.044
2080.84705,12.541,0.044
2082.9027,12.442,0.043
2085.90636,12.47,0.042
2087.8611,12.501,0.042
2088.89157,12.474,0.044
2093.8966,12.483,0.044
2103.77139,12.548,0.046
2104.85272,12.575,0.039
2105.84858,12.621,0.042
2106.86606,12.568,0.046
2115.78506,12.702,0.041
2116.81596,12.633,0.04
2122.83336,12.66,0.041
2128.72114,12.606,0.043
2129.74041,12.666,0.038
2130.76014,12.648,0.037
2131.77048,12.633,0.04
2132.78423,12.687,0.033
2133.77958,12.652,0.04
2134.78199,12.693,0.039
2143.75721,12.717,0.041
2144.75281,12.587,0.041
2156.69241,12.657,0.038
2164.70939,12.683,0.037
2167.68993,12.644,0.041
2168.70415,12.575,0.035
2169.71566,12.612,0.034
2171.7193,12.819,0.039
2172.72264,12.64,0.036
2173.68844,12.614,0.036
2174.69055,12.608,0.04
2175.67177,12.603,0.042
2177.66044,12.735,0.036
2178.67102,12.622,0.035
2180.59468,12.625,0.037
2183.62061,12.621,0.042
2184.64031,12.683,0.038
2185.65569,12.495,0.038
2186.68838,12.622,0.04
2189.71116,12.564,0.04
2190.6567,12.684,0.037
2192.65463,12.549,0.036
2193.6601,12.532,0.034
2194.64682,12.619,0.038
2195.64886,12.586,0.043
2196.65469,12.54,0.045
2197.6498,12.543,0.035
2198.63971,12.557,0.035
2199.64034,12.595,0.038
2201.62689,12.56,0.037
2203.62614,12.576,0.035
2204.62632,12.429,0.034
2206.6207,12.566,0.037
2207.61947,12.637,0.044
2208.65679,12.509,0.037
2211.59792,12.436,0.039
2213.57692,12.477,0.042
2214.6098,12.625,0.039
2215.61881,12.562,0.038
2216.61442,12.346,0.038
2217.61634,12.405,0.036
2219.58723,12.322,0.038
2222.60427,12.344,0.036
2224.59031,12.358,0.042
2225.6015,12.41,0.036
2226.59774,12.411,0.037
2227.59611,12.33,0.037
2228.59314,12.244,0.038
2229.59071,12.308,0.037
2230.58854,12.291,0.036
2232.58121,12.274,0.035
2233.58406,12.295,0.037
2234.56684,12.315,0.037
2235.56872,12.315,0.037
2236.56517,12.305,0.04
2237.57508,12.268,0.042
2239.5664,12.173,0.043
2243.55262,12.039,0.044
2247.55787,12.337,0.042
2249.59783,12.197,0.043
2251.5928,12.126,0.042
2253.56552,12.176,0.041
2255.5817,12.138,0.042
2257.57781,12.204,0.049
2260.57456,12.068,0.047
2443.84917,11.987,0.037
2445.82718,11.981,0.036
2465.87118,11.926,0.053
2470.83955,11.993,0.044
2473.79305,11.943,0.042
2482.73745,12.024,0.042
2490.80045,11.963,0.048
2491.80712,12.062,0.048
2492.88329,11.913,0.042
2495.74529,11.905,0.039
2496.78347,11.929,0.043
2499.78079,11.883,0.047
2501.77712,11.89,0.047
2502.77707,11.952,0.048
2508.72521,11.959,0.046
2540.66536,12.014,0.045
2544.73161,11.888,0.041
2552.84002,11.939,0.035
2556.69957,11.892,0.043
2559.69824,11.918,0.039
2562.67194,12.041,0.034
2563.68151,11.958,0.049
2564.67621,11.939,0.045
2565.69888,12.009,0.037
2566.71144,11.924,0.045
2578.69433,11.917,0.04
2620.56926,11.98,0.046
2624.63581,12.004,0.036
2627.64477,11.983,0.034
2629.64183,11.983,0.035
2634.58589,12.025,0.037
2636.60799,12.026,0.035
2638.61765,12.009,0.035
2640.61563,11.951,0.03
2642.61348,11.98,0.032
2644.60939,12.008,0.032
2646.59107,12.025,0.034
2649.58525,12.006,0.032
2651.5904,12.045,0.031
2653.60448,11.976,0.031
2655.61993,12.012,0.033
2658.62095,12.051,0.032
2660.62318,11.994,0.035
2662.62011,11.962,0.032
2664.61145,12.013,0.031
2666.60894,12.007,0.032
2668.61468,12.052,0.031
2672.60859,12.028,0.032
2676.58268,12.027,0.03
2678.56812,12.067,0.031
2680.5709,12.076,0.032
2685.53342,12.04,0.034
2689.55337,12.055,0.03
2691.54756,12.134,0.032
2694.52011,12.129,0.033
2696.5233,12.097,0.033
2698.52224,12.135,0.032
2700.52937,12.12,0.033
2702.52601,12.091,0.033
2704.5174,12.142,0.032
2706.51331,12.066,0.032
2711.49796,12.137,0.037
2757.92696,12.006,0.034
2763.92312,12.012,0.034
2767.92431,12.069,0.033
2786.90074,12.021,0.036
2809.86012,11.875,0.035
2811.89722,11.922,0.038
2830.79448,11.894,0.035
2832.84483,11.897,0.037
2834.85356,11.939,0.046
2838.83647,11.858,0.041
2841.79302,11.9,0.04
2844.90119,11.919,0.037
2851.89415,11.923,0.039
2854.76977,11.886,0.039
2858.77602,11.902,0.038
2860.77664,11.887,0.036
2871.84489,11.903,0.038
2874.77351,11.882,0.036
2876.76949,11.856,0.037
2879.75618,11.956,0.039
2883.75729,11.903,0.037
2885.71755,11.903,0.04
2886.82172,11.902,0.043
2894.69433,11.897,0.043
2895.80521,11.941,0.041
2897.82192,11.927,0.038
2899.78627,11.95,0.038
2902.75997,11.98,0.04
2905.68061,11.975,0.041
2910.6749,11.94,0.04
2915.70538,11.975,0.041
2917.61453,11.976,0.038
2918.75972,12.049,0.04
2923.72334,12.039,0.038
2926.73158,12.007,0.04
2930.72163,12.105,0.039
2932.7099,12.028,0.038
2934.70466,12.08,0.041
2940.60351,12.01,0.04
2942.62193,12.043,0.043
2943.66863,12.182,0.038
2946.61622,12.012,0.038
2947.82112,12.024,0.039
2949.70962,12.006,0.032
2951.71694,12.173,0.033
2954.6672,12.108,0.045
2955.77413,12.078,0.033
2964.58012,11.996,0.043
2966.59745,12.09,0.032
2968.6077,12.018,0.031
2970.59912,12.055,0.031
2972.63648,12.029,0.03
2977.58617,11.998,0.035
2979.60915,12.008,0.035
2981.62603,12.068,0.034
2983.6393,12.013,0.033
2985.64547,12.042,0.031
2987.67484,12.011,0.03
2992.63959,11.958,0.035
2994.65985,12.019,0.031
2998.68658,11.987,0.035
3001.63292,11.987,0.031
3005.61549,12.02,0.033
3007.62669,12.068,0.033
3009.67211,12.041,0.036
3011.67189,12.022,0.035
3013.67663,12.023,0.035
3017.58856,11.941,0.031
3023.59455,12.01,0.033
3030.62758,11.996,0.036
3033.56065,12.037,0.031
3035.58542,11.941,0.034
3039.59111,12.087,0.035
3043.55512,12.002,0.033
3046.55464,12.01,0.032
3049.54663,11.956,0.032
3058.52786,12.145,0.039
3061.51541,12.016,0.036
3064.52449,11.951,0.034
3068.52227,11.94,0.034
3163.91504,11.857,0.035
3171.88529,12.051,0.044
3180.89922,11.945,0.039
3193.93831,12.026,0.047
3355.58162,11.754,0.035
3357.64245,11.755,0.033
3362.67239,11.813,0.037
3366.64681,11.812,0.039
3374.65595,11.924,0.044
3386.61737,11.917,0.043
3389.58101,11.88,0.035
3391.61485,11.881,0.032
3395.60178,11.926,0.034
3398.57418,12.055,0.033
3404.58444,11.991,0.033
3406.58416,11.923,0.034
3408.5911,11.917,0.033
3411.53657,11.928,0.033
3416.5371,12.034,0.043
3421.53659,12.055,0.035
3436.50333,11.954,0.034
3439.50094,11.93,0.032
3444.49899,11.942,0.034
3511.93152,11.827,0.041
3541.87778,11.84,0.04
3544.89821,11.859,0.041
3552.87199,11.867,0.043
3556.86933,11.927,0.037
3560.85991,11.923,0.045
3563.87571,11.886,0.042
3568.93435,11.937,0.041
3571.85534,11.894,0.044
3574.84522,11.992,0.046
3577.84722,11.944,0.042
3581.89436,11.948,0.035
3584.83117,11.963,0.043
3587.81403,12.056,0.044
3590.81359,11.993,0.042
3590.82054,12.06,0.042
3593.59805,11.997,0.04
3593.60048,12.006,0.038
3593.60416,11.95,0.039
3593.63259,12.018,0.04
3593.63501,12.006,0.037
3593.63753,12.049,0.04
3593.64004,12.024,0.036
3593.64254,12.034,0.039
3593.64506,12.015,0.038
3593.64844,12.04,0.039
3593.65087,11.998,0.04
3593.65338,11.993,0.036
3593.65592,12.062,0.038
3593.65927,12.014,0.038
3593.66165,12.014,0.037
3593.66419,11.991,0.035
3593.74653,12.051,0.04
3593.74903,12,0.037
3593.75153,12.007,0.038
3593.75404,12.497,0.036
3593.75656,12.126,0.036
3593.75906,12.003,0.037
3593.76156,11.974,0.039
3593.7641,12.041,0.039
3593.7666,12.017,0.038
3593.7691,12.011,0.038
3593.77242,12.006,0.039
3593.7749,12.026,0.038
3593.77743,12.051,0.038
3593.7799,12.044,0.037
3593.78241,12.031,0.038
3593.78571,12.063,0.037
3593.78822,12.028,0.038
3593.79071,11.989,0.041
3593.79409,12.059,0.041
3593.79647,12.034,0.038
3593.79891,11.986,0.038
3593.80234,11.985,0.039
3593.80562,12.087,0.037
3593.80799,12.42,0.039
3593.81049,12.068,0.037
3593.81387,12.057,0.037
3593.81712,12.003,0.038
3593.82038,12.007,0.037
3593.82364,12.009,0.036
3593.82602,12.02,0.036
3593.82938,12.032,0.035
3593.83263,12.024,0.035
3593.8384,12.043,0.036
3593.84095,12,0.036
3593.84338,12.06,0.036
3593.84592,12.011,0.035
3593.84843,12.025,0.034
3593.85093,12,0.036
3593.85427,11.992,0.034
3593.85666,12.001,0.035
3593.85919,11.999,0.038
3593.86169,11.984,0.038
3593.86414,12.004,0.039
3593.86663,11.996,0.035
3593.8699,11.91,0.035
3593.8723,12.014,0.036
3593.87479,12.047,0.035
3593.87727,12.001,0.036
3593.87975,12.057,0.038
3593.88226,12.012,0.036
3593.88476,12.007,0.034
3593.88727,11.954,0.035
3593.88978,12.009,0.034
3593.89228,12.028,0.034
3593.89471,11.966,0.035
3593.8972,11.931,0.036
3593.89973,11.99,0.035
3593.90225,12.034,0.035
3593.90472,12.005,0.035
3593.90722,11.977,0.034
3593.90972,11.996,0.035
3593.91221,12.041,0.035
3593.91471,12.005,0.035
3593.91721,12.033,0.035
3593.92228,11.989,0.036
3593.92484,11.969,0.036
3593.92732,12.047,0.035
3593.92983,11.97,0.035
3593.93233,11.97,0.036
3593.93484,12.028,0.036
3593.93732,11.993,0.037
3594.59386,12.054,0.048
3594.5963,12.376,0.041
3594.59878,12.589,0.038
3594.60218,11.957,0.041
3594.63498,12.002,0.041
3594.63751,11.998,0.043
3594.64087,11.993,0.045
3594.64325,11.981,0.039
3594.64574,12.007,0.04
3594.64826,11.992,0.041
3594.65074,12.018,0.04
3594.6533,11.979,0.041
3594.65579,12,0.04
3594.65831,11.977,0.045
3594.66169,11.966,0.038
3594.66406,12.012,0.042
3594.66659,11.969,0.039
3594.66909,11.965,0.042
3594.67159,12.023,0.04
3594.67409,11.987,0.041
3594.67652,11.954,0.042
3594.67915,12.004,0.039
3594.68165,12.018,0.049
3594.68414,12.107,0.041
3594.68665,12.026,0.04
3594.68913,12.08,0.039
3594.69165,11.964,0.039
3594.69418,12.027,0.04
3594.6967,12.002,0.041
3594.69921,12.015,0.039
3594.70174,11.956,0.039
3594.70436,11.994,0.037
3594.70687,11.989,0.04
3594.71022,12.041,0.041
3594.7126,11.996,0.039
3594.7151,12.012,0.038
3594.7176,12.008,0.04
3594.72012,11.975,0.04
3594.72264,11.937,0.047
3594.7259,11.932,0.043
3594.72915,11.982,0.04
3594.73164,12.022,0.04
3594.73412,12.021,0.041
3594.73663,12.01,0.039
3594.73913,12.056,0.039
3594.74164,12.047,0.039
3594.74414,12.049,0.038
3594.74664,12.019,0.038
3594.74914,12.017,0.041
3594.75167,12.735,0.04
3594.75418,12.106,0.04
3594.75745,12.005,0.04
3594.76612,12.028,0.044
3594.76852,11.991,0.042
3594.77104,12.019,0.039
3594.77356,12.008,0.042
3594.77603,12.052,0.04
3594.77854,12.106,0.043
3594.78102,12.021,0.042
3594.78431,12.073,0.043
3594.78674,11.996,0.042
3594.78927,12.023,0.042
3594.79265,11.991,0.044
3594.79586,11.946,0.041
3594.79823,12.007,0.04
3594.80073,12.028,0.045
3594.80325,12.292,0.042
3594.80576,12.023,0.042
3594.80825,12.002,0.042
3594.81077,12.001,0.046
3594.81331,12.03,0.046
3594.81582,11.983,0.039
3594.81833,11.994,0.041
3594.82163,12.02,0.042
3594.82402,12.064,0.045
3594.82652,12.085,0.043
3594.82902,12.019,0.039
3594.83152,11.988,0.038
3594.83652,11.974,0.038
3594.83939,12.005,0.037
3594.84281,11.989,0.04
3594.84518,12.014,0.039
3594.8477,12.067,0.037
3594.8502,12.074,0.037
3594.85347,11.996,0.037
3594.85597,12.039,0.037
3594.85849,12.088,0.039
3594.86101,11.988,0.047
3594.86352,11.997,0.041
3594.89381,11.934,0.044
3594.89633,11.934,0.05
3594.89884,11.96,0.048
3594.90389,12.036,0.046
3594.90642,11.925,0.044
3594.90891,11.973,0.048
3594.91142,11.967,0.045
3594.9139,12.03,0.046
3594.91641,12.007,0.045
3594.91892,11.928,0.044
3594.92149,12.04,0.04
3594.9247,12.057,0.044
3594.9272,12.018,0.039
3594.92971,12.045,0.043
3594.93221,12.061,0.043
3597.82792,11.968,0.042
3603.8385,12.466,0.045
3606.68995,12.057,0.042
3606.69235,12.035,0.039
3606.69482,12.003,0.038
3606.69731,12.065,0.037
3606.70073,12.022,0.041
3606.70311,12.027,0.04
3606.70558,11.931,0.036
3606.70808,12.004,0.039
3607.5605,12.01,0.04
3607.56295,12.089,0.045
3607.56551,12.032,0.043
3607.56807,12.066,0.04
3607.59597,11.996,0.037
3607.59842,12.024,0.042
3607.6009,12.038,0.038
3607.60344,11.977,0.04
3607.60995,11.99,0.042
3607.61245,12.083,0.04
3607.61573,12.052,0.04
3607.61823,12.124,0.04
3607.62323,12.036,0.04
3607.62574,11.99,0.04
3607.62825,12.022,0.038
3607.63072,12.05,0.04
3607.63324,12.101,0.041
3607.63577,12.028,0.043
3607.63827,12.042,0.041
3607.64075,12.019,0.038
3607.64325,12.031,0.039
3607.64574,12.091,0.039
3607.6492,12.085,0.043
3607.65237,12.061,0.041
3607.65474,12.016,0.039
3607.65801,12.052,0.039
3607.66051,12.046,0.039
3607.66297,12.052,0.039
3607.66631,12.072,0.04
3607.66868,12.077,0.039
3607.67119,12.059,0.038
3607.67371,12.047,0.038
3607.67622,12.038,0.039
3607.67866,12.042,0.039
3607.68117,12.028,0.039
3607.68366,12.093,0.038
3607.68617,12.082,0.037
3607.68868,12.066,0.038
3607.69118,12.066,0.039
3607.69369,12.064,0.038
3607.69617,12.009,0.038
3607.69869,12.01,0.039
3607.70117,12.062,0.039
3607.70365,12.038,0.038
3607.70621,12.047,0.038
3607.70876,12.061,0.038
3607.71125,12.024,0.039
3607.71377,12.061,0.04
3607.71869,12.029,0.039
3607.72118,12.015,0.04
3607.72443,12.04,0.04
3607.72694,12.072,0.038
3607.72943,12.053,0.042
3607.73193,12.048,0.038
3607.73519,12.03,0.04
3607.73768,12.018,0.039
3607.74018,12.04,0.045
3607.7427,12.057,0.039
3607.74523,12.049,0.039
3607.74776,12.05,0.039
3607.75026,12.054,0.041
3607.75274,12.061,0.039
3607.75522,12.063,0.042
3607.7585,12.105,0.039
3607.76099,12.107,0.037
3607.76349,12.02,0.04
3607.76598,12.037,0.042
3607.76847,12.061,0.042
3607.77097,12.053,0.043
3607.77348,12.03,0.04
3607.77599,12.094,0.042
3607.77847,12.147,0.041
3607.7809,12.04,0.043
3607.78338,11.976,0.041
3607.78588,12.025,0.044
3607.78838,12.037,0.041
3607.79086,12.039,0.043
3607.79334,12.066,0.043
3607.79585,12.032,0.045
3607.79836,11.976,0.04
3607.80085,12.073,0.043
3607.80333,12.013,0.038
3607.80582,12.07,0.04
3607.80835,12.042,0.038
3607.81085,12.024,0.038
3607.81336,12.029,0.038
3607.8159,12.018,0.041
3607.81837,12.084,0.038
3607.82087,12.074,0.037
3607.82337,12.06,0.04
3607.82583,12.085,0.039
3607.82836,12.08,0.037
3607.83079,12.018,0.037
3607.83333,12.048,0.039
3607.83659,12.039,0.04
3607.83928,11.994,0.04
3607.84175,12.081,0.041
3607.84424,12.035,0.037
3607.84677,11.973,0.04
3607.84929,12.014,0.042
3607.85181,12.023,0.041
3607.85431,12.04,0.04
3607.85679,12.01,0.038
3607.85927,12.02,0.041
3607.86177,12.059,0.039
3607.86429,12.072,0.038
3607.86679,12.051,0.038
3607.86929,12.093,0.038
3607.87177,11.981,0.04
3607.87428,12.022,0.038
3607.87678,12.046,0.039
3607.87929,12.079,0.04
3607.88178,12.082,0.039
3607.88429,12.028,0.036
3607.8868,12.116,0.041
3607.88925,12.085,0.043
3607.89174,12.024,0.041
3607.89424,11.98,0.037
3607.89672,12.006,0.04
3607.89923,12.046,0.037
3607.90175,12.056,0.038
3607.90505,12.062,0.038
3607.90755,12.058,0.039
3607.91084,11.981,0.038
3607.91338,11.995,0.038
3607.91583,12.057,0.038
3607.91834,12.044,0.037
3607.92085,12.023,0.039
3607.92333,12.024,0.04
3607.92583,12.078,0.04
3607.92833,12.086,0.04
3608.55615,11.983,0.04
3608.55862,12.032,0.039
3608.56108,12.055,0.038
3608.56359,12.043,0.038
3608.5661,12.022,0.047
3608.59443,12.066,0.046
3608.59697,12.049,0.042
3608.59949,12.042,0.04
3608.60205,12.201,0.044
3608.60459,12.942,0.043
3608.6072,12.111,0.045
3608.60966,12.082,0.04
3608.61209,12.053,0.043
3608.61463,12.024,0.041
3608.61714,12.05,0.043
3608.6197,12.103,0.042
3608.6223,12.1,0.042
3608.62476,12.071,0.038
3608.62724,12.056,0.042
3608.62979,12.039,0.043
3608.63226,12.012,0.042
3608.63477,12.026,0.038
3608.63728,12.03,0.039
3608.6398,11.999,0.041
3608.64223,12.038,0.039
3608.64477,12.057,0.039
3608.64724,12.023,0.041
3608.65053,12.018,0.044
3608.65293,12.03,0.041
3608.65544,12.02,0.039
3608.65795,12.033,0.038
3608.66043,12.024,0.041
3608.663,12.039,0.04
3608.6655,12.048,0.039
3608.66796,12.077,0.04
3608.67045,12.095,0.038
3608.67296,12.056,0.039
3608.67547,12.046,0.043
3608.67791,12.027,0.038
3608.68119,12.02,0.037
3608.68619,12.028,0.039
3608.68869,12.043,0.039
3608.69113,12.052,0.041
3608.69363,12.056,0.038
3608.69614,12.01,0.038
3608.69864,12.082,0.041
3608.70108,12.037,0.041
3608.70607,12.02,0.039
3608.70858,12.095,0.043
3608.71111,12.038,0.039
3608.71361,12.096,0.038
3608.71612,12.08,0.039
3608.71862,12.044,0.038
3608.72112,12.092,0.039
3608.72361,12.099,0.037
3608.72611,12.036,0.041
3608.72858,12.06,0.037
3608.73112,12.029,0.039
3608.73363,12.007,0.038
3608.73613,12.088,0.04
3608.76307,12.081,0.041
3608.77054,12.041,0.038
3608.77375,12.04,0.045
3608.77628,12.054,0.042
3608.77878,12.081,0.045
3608.78128,12.771,0.042
3608.78377,12.168,0.042
3608.78626,12.041,0.043
3608.78877,12.076,0.041
3608.79203,12.041,0.043
3608.79453,12.061,0.042
3608.79702,12.079,0.04
3608.79953,12.006,0.041
3608.80207,11.985,0.045
3608.80459,11.998,0.044
3608.80711,12.041,0.04
3608.80959,12.065,0.04
3608.81211,12.097,0.042
3608.81463,12.09,0.041
3608.81711,12.053,0.037
3608.81961,12.06,0.038
3608.82717,12.057,0.037
3608.82968,12.042,0.043
3608.83216,11.979,0.04
3608.83468,12.029,0.037
3608.83719,12.007,0.036
3608.83976,12.068,0.038
3608.84219,12.078,0.034
3608.84472,12.075,0.033
3608.86789,12.116,0.036
3608.87027,12.027,0.033
3608.8727,12.095,0.04
3608.87518,12.098,0.042
3608.87761,12,0.037
3608.88011,12.051,0.042
3608.88262,12,0.041
3608.88511,12.01,0.042
3608.88761,12.076,0.043
3608.89012,12.022,0.038
3608.89265,12.018,0.04
3608.89592,12.066,0.038
3608.89843,12.046,0.041
3608.90094,12.054,0.042
3608.90427,12.044,0.041
3608.90664,12.044,0.038
3608.90915,12.099,0.043
3608.91167,12.093,0.042
3608.91418,12.08,0.043
3608.91672,12.081,0.042
3608.91924,12.047,0.042
3608.92174,12.019,0.041
3608.92428,11.937,0.041
3608.92676,11.954,0.043
3610.81779,12.028,0.047
3610.8254,12.013,0.041
3610.82792,12.158,0.043
3610.83039,12.156,0.042
3610.83293,12.075,0.042
3610.83546,12.073,0.046
3610.83902,12.054,0.046
3614.74689,12.008,0.053
3614.74931,12.043,0.049
3614.75181,12.076,0.052
3614.75433,12.006,0.049
3614.75681,12.081,0.048
3614.76178,12.057,0.049
3614.76428,12.131,0.051
3614.7668,12.03,0.053
3614.76931,12.011,0.055
3614.7718,12.079,0.053
3614.77426,12.092,0.054
3614.77675,12.046,0.054
3614.77924,12.079,0.055
3614.78265,11.999,0.055
3614.78503,12.071,0.055
3614.86998,12.011,0.055
3614.87244,12.057,0.054
3614.87491,12.041,0.054
3614.87737,12.049,0.055
3614.87987,12.143,0.052
3614.88236,12.096,0.054
3614.88487,12.051,0.054
3614.88736,12.049,0.052
3614.88986,12.058,0.055
3614.89236,12.003,0.054
3614.89485,12.082,0.053
3614.89735,12.064,0.053
3614.89984,12.025,0.052
3614.90234,12.062,0.052
3614.90486,12.064,0.052
3614.9073,12.068,0.05
3614.91074,12.02,0.055
3614.91313,12.051,0.051
3614.91565,12.103,0.05
3614.91815,12.155,0.051
3614.92064,12.107,0.053
3614.92402,12.078,0.049
3615.53416,12.123,0.043
3615.53662,12.046,0.04
3615.53916,12.002,0.039
3615.54169,12.047,0.039
3615.54425,12.109,0.039
3615.57307,12.089,0.045
3615.57798,12.022,0.044
3615.5805,12.12,0.044
3615.58302,12.083,0.045
3615.58549,12.099,0.042
3615.5964,12.005,0.045
3615.59878,12.076,0.045
3615.60129,12.108,0.044
3615.60375,12.093,0.041
3615.61125,12.14,0.044
3615.61371,12.156,0.044
3615.61623,12.075,0.043
3615.61874,12.065,0.045
3615.62127,12.065,0.043
3615.62457,12.091,0.042
3615.62705,12.117,0.041
3615.62954,12.111,0.044
3615.63198,12.077,0.041
3615.63452,12.115,0.04
3615.63704,12.116,0.04
3615.64043,12.061,0.044
3615.64281,12.125,0.042
3615.64531,12.053,0.038
3615.64781,12.05,0.042
3615.65033,12.04,0.042
3615.65283,12.083,0.041
3615.65538,12.15,0.042
3615.65785,12.097,0.045
3615.66037,12.215,0.042
3615.66288,12.275,0.041
3615.66541,12.243,0.042
3615.66791,12.106,0.045
3615.67041,12.149,0.042
3615.67544,12.056,0.044
3615.68038,12.105,0.048
3615.68532,12.129,0.048
3615.68786,12.032,0.044
3615.69287,12.112,0.043
3615.69536,12.028,0.046
3615.6978,12.051,0.043
3615.70031,12.146,0.045
3615.70284,12.201,0.045
3615.70779,12.199,0.047
3615.71599,12.105,0.046
3615.71852,12.075,0.044
3615.72106,12.068,0.043
3615.72363,12.153,0.042
3615.72699,12.08,0.043
3615.72941,12.067,0.043
3615.73451,12.03,0.043
3615.73696,12.023,0.041
3615.73947,12.006,0.042
3615.74192,12.058,0.043
3615.74443,12.082,0.043
3615.74693,12.022,0.043
3615.74948,12.018,0.043
3615.75195,12.073,0.043
3615.75449,12.041,0.045
3615.75783,12.057,0.044
3615.76021,12.123,0.043
3615.76276,12.162,0.044
3615.76525,12.148,0.042
3615.76772,12.159,0.041
3615.77022,12.12,0.044
3615.86544,12.072,0.038
3618.73578,12.092,0.045
3621.73113,12.134,0.047
3624.78952,12.09,0.042
3629.73001,12.102,0.047
3631.74086,12.101,0.044
3633.78803,12.143,0.036
3642.7095,12.178,0.045
3648.67117,12.131,0.041
3650.72426,12.177,0.039
3652.73024,12.17,0.034
3654.73077,12.183,0.034
3656.68894,12.172,0.034
3658.67104,12.217,0.04
3660.69493,12.106,0.036
3662.75945,12.27,0.037
3665.60506,12.206,0.04
3668.69099,12.272,0.04
3670.74546,12.25,0.033
3673.57906,12.24,0.042
3675.64607,12.258,0.034
3677.78724,12.21,0.039
3700.59994,12.285,0.036
3702.73666,12.759,0.033
3705.62341,12.257,0.037
3707.69826,12.231,0.031
3711.70423,12.317,0.035
3713.66016,12.256,0.033
3715.7044,12.326,0.041
3718.58559,12.222,0.032
3720.66951,12.345,0.041
3726.58448,12.284,0.037
3728.63603,12.324,0.036
3732.60075,12.3,0.035
3735.60373,12.291,0.032
3738.57174,12.545,0.032
3740.62194,12.36,0.034
3743.60396,12.251,0.034
3746.62185,12.222,0.04
3749.59305,12.394,0.036
3752.60872,12.286,0.038
3755.56672,12.285,0.034
3757.62845,12.319,0.033
3760.57704,12.287,0.036
3763.57228,12.24,0.039
3766.55417,12.283,0.043
3769.5406,12.346,0.042
3771.58154,12.456,0.034
3774.55948,12.587,0.035
3776.58608,12.322,0.035
3779.55139,12.215,0.036
3783.54745,12.358,0.041
3788.52292,12.342,0.038
3791.52263,12.397,0.033
3794.51568,12.346,0.038
3797.50962,12.377,0.034
3800.51159,12.3,0.035
3804.50513,12.357,0.038
3809.49667,12.39,0.04
3860.92708,12.308,0.047
3866.91481,12.297,0.044
3870.91108,12.294,0.045
3877.90243,12.215,0.043
3892.89603,12.209,0.039
3898.92259,12.226,0.042
3902.89968,12.237,0.041
3906.87011,12.193,0.043
3909.91906,13.247,0.045
3983.87066,12.177,0.04
4084.53585,11.988,0.041
4089.71689,11.946,0.039
4092.62459,11.969,0.048
4103.61881,11.979,0.046
4105.64137,13.018,0.046
4107.65573,11.936,0.03
4111.65731,11.958,0.031
4125.56293,12.023,0.036
4134.5894,12.022,0.034
4139.54482,12.012,0.033
4141.57138,12.071,0.046
4144.5479,12.049,0.037
4147.54383,11.984,0.031
4153.55775,12.064,0.03
4157.53572,12.113,0.038
4160.51839,12.046,0.033
4163.52455,12.01,0.04
4166.51549,12.088,0.036
4174.49734,12.123,0.046
4256.89537,12.416,0.041
4273.88021,12.516,0.042
4285.87911,12.501,0.041
4293.87685,12.578,0.04
4296.87924,12.548,0.046
4299.87111,12.516,0.05
4301.86178,12.562,0.045
4304.80708,12.445,0.045
4306.83084,12.518,0.041
4308.82579,12.424,0.044
4310.8435,12.501,0.04
4316.77686,12.501,0.048
4319.87355,12.482,0.04
4329.85431,12.591,0.043
4331.82671,12.486,0.039
4336.79073,12.46,0.039
4339.7564,12.44,0.043
4341.76737,12.421,0.04
4343.80102,12.417,0.047
4345.80753,12.487,0.043
4350.72932,12.41,0.039
4353.71948,12.422,0.038
4355.78162,12.381,0.037
4358.71111,12.416,0.039
4361.70555,12.436,0.045
4363.7369,12.363,0.038
4365.73635,12.333,0.038
4368.66962,12.281,0.039
4372.73268,12.325,0.039
4375.73832,12.361,0.038
4377.80256,12.396,0.04
4380.64325,12.272,0.038
4382.70661,12.272,0.039
4384.72626,12.293,0.04
4386.71226,12.243,0.038
4388.69849,12.207,0.04
4392.65078,12.245,0.043
4398.75906,12.186,0.037
4403.77499,12.255,0.041
4407.76353,12.285,0.04
4410.6301,12.194,0.039
4418.79986,12.179,0.043
4421.68352,12.201,0.037
4427.641,12.22,0.037
4429.66186,12.138,0.038
4431.70391,12.134,0.036
4433.78484,12.343,0.035
4438.73863,12.102,0.037
4452.59692,12.06,0.036
4454.62714,12.026,0.046
4456.67853,12.437,0.042
4459.61394,12.158,0.035
4462.60467,12.094,0.034
4464.67781,12.075,0.035
4467.60827,12.134,0.035
4479.65524,12.156,0.041
4482.64141,12.018,0.036
4488.58978,12.091,0.037
4490.61496,12.055,0.032
4493.58336,12.099,0.033
4502.57887,11.989,0.04
4505.56703,12.043,0.04
4508.56277,12.066,0.041
4511.55739,12.014,0.034
4515.55855,11.999,0.039
4518.54642,11.974,0.035
4524.52423,12.04,0.035
4527.52184,12.26,0.037
4530.52556,12.05,0.039
4533.5114,11.965,0.035
4537.50226,11.93,0.037
4589.92813,11.746,0.039
4596.92581,11.766,0.04
4600.92677,12.288,0.043
4610.93263,11.77,0.041
4633.85477,11.775,0.042
4640.85924,11.81,0.042
4644.8541,11.907,0.044
4650.91479,11.78,0.046
4654.85604,11.898,0.049
4661.93218,12.303,0.041
4664.83569,11.861,0.04
4671.89785,11.915,0.036
4674.83944,11.888,0.038
4681.80678,11.967,0.043
4684.78379,11.884,0.041
4686.86655,11.966,0.039
4690.82077,11.96,0.038
4693.83316,12.028,0.042
4697.79478,12.01,0.042
4702.76693,11.975,0.036
4705.75478,12.05,0.051
4708.77717,12.003,0.039
4715.79676,12.078,0.042
4721.67675,12.102,0.038
4724.73611,12.179,0.04
4726.80173,12.092,0.038
4729.747,12.121,0.04
4736.68398,12.275,0.04
4740.65715,12.265,0.041
4747.70392,12.266,0.038
4750.63721,12.207,0.046
4752.69847,12.286,0.045
4754.73063,12.329,0.041
4757.61701,12.307,0.04
4759.68586,12.277,0.038
4761.78862,12.313,0.037
4764.63113,12.295,0.039
4766.74503,12.372,0.044
4769.61323,12.328,0.041
4771.66282,12.312,0.052
4773.70088,12.298,0.037
4775.73997,12.33,0.038
4777.70817,12.35,0.041
4779.72716,12.287,0.047
4782.8188,12.303,0.046
4785.58406,12.365,0.041
4803.58804,12.388,0.038
4805.67859,12.473,0.038
4807.62733,12.319,0.035
4809.69693,12.352,0.038
4814.73561,12.265,0.048
4817.65173,12.301,0.039
4831.61936,12.429,0.051
4833.69411,12.347,0.048
4836.61672,12.289,0.05
4838.67136,12.308,0.046
4847.61955,12.2,0.043
4850.60491,12.293,0.041
4853.60304,12.322,0.04
4859.60151,12.345,0.042
4868.58048,12.29,0.034
4871.57576,12.291,0.042
4875.55858,12.199,0.038
4879.52028,12.189,0.036
4882.52417,12.162,0.04
4905.49736,12.225,0.044
5008.90185,12.26,0.051
5041.79753,12.087,0.043
5049.86983,12.027,0.048
5055.91931,11.954,0.043
5074.8129,11.914,0.045
5088.77444,11.913,0.044
5097.76403,11.895,0.044
5099.75674,11.893,0.043
5104.69922,11.855,0.044
5111.64934,11.81,0.043
5116.80217,11.82,0.044
5124.73038,11.83,0.047
5162.60874,11.695,0.046
5164.6886,11.755,0.041
