1868.58427,12.91,0.063
1869.56436,12.88,0.048
1872.55841,12.848,0.072
1874.54493,12.73,0.076
1876.54414,12.761,0.06
1878.53603,12.725,0.07
1880.53054,12.827,0.055
1884.52517,12.752,0.076
1886.56821,12.678,0.046
1888.57302,12.82,0.056
1900.55666,12.746,0.053
1903.56899,12.79,0.062
1905.57688,12.999,0.074
1907.57971,12.894,0.047
1914.55251,12.818,0.061
1918.55778,12.797,0.043
1921.54746,12.826,0.042
1924.5453,12.739,0.041
1930.54559,12.754,0.039
1933.54246,12.755,0.045
1938.56547,12.623,0.047
1948.54911,12.672,0.047
1954.53664,12.432,0.062
1964.50719,12.486,0.059
2052.93767,12.672,0.066
2054.90623,12.683,0.083
2056.89661,12.439,0.091
2067.85606,12.647,0.083
2068.85885,12.594,0.076
2069.85401,12.652,0.085
2070.85506,12.702,0.076
2080.84705,12.588,0.076
2082.9027,12.683,0.071
2085.90636,12.682,0.058
2087.8611,12.605,0.06
2088.89157,12.736,0.071
2093.8966,12.51,0.078
2103.77139,12.741,0.074
2104.85272,12.831,0.049
2105.84858,12.683,0.067
2106.86606,12.67,0.074
2115.78506,12.773,0.054
2116.81596,12.894,0.051
2128.72114,12.821,0.066
2129.74041,12.778,0.069
2130.76014,12.771,0.065
2131.77048,12.883,0.057
2132.78423,12.873,0.042
2133.77958,12.919,0.048
2134.78199,12.864,0.05
2143.75721,13.003,0.052
2144.75281,12.91,0.059
2156.69241,12.887,0.054
2164.70939,12.919,0.045
2167.68993,12.947,0.052
2168.70415,12.998,0.052
2169.71566,13.157,0.04
2171.7193,12.948,0.044
2173.68844,13.098,0.045
2174.69055,12.988,0.046
2177.66044,13.141,0.043
2178.67102,12.874,0.037
2180.59468,13.026,0.048
2183.62061,13.036,0.053
2184.64031,12.989,0.045
2185.65569,13.169,0.043
2186.68838,12.921,0.043
2189.71116,12.65,0.041
2190.6567,13.058,0.038
2192.65463,13.092,0.043
2193.6601,12.892,0.037
2194.64682,12.895,0.042
2196.65469,12.933,0.05
2197.6498,13.049,0.036
2198.63971,13.168,0.04
2199.64034,12.887,0.041
2201.62689,13.026,0.04
2206.6207,13.036,0.038
2207.61947,12.799,0.047
2211.59792,12.802,0.041
2214.6098,12.735,0.039
2215.61881,13.01,0.04
2216.57816,12.574,0.039
2217.61634,13.066,0.037
2219.58723,12.574,0.039
2221.53811,12.786,0.046
2222.60427,12.648,0.037
2224.56298,12.57,0.042
2225.6015,12.957,0.037
2226.5362,12.526,0.045
2226.59774,12.695,0.039
2228.59314,12.851,0.038
2230.53387,12.476,0.043
2233.52913,12.511,0.044
2236.52827,12.704,0.052
2237.57508,12.713,0.043
2239.5477,12.494,0.051
2247.55787,12.777,0.044
2249.59783,12.771,0.043
2251.5928,12.789,0.046
2253.56552,12.961,0.047
2255.5817,12.671,0.043
2443.84917,12.656,0.035
2445.82718,12.659,0.034
2465.87118,12.321,0.054
2470.83955,12.264,0.044
2473.79305,12.286,0.039
2482.73745,12.267,0.039
2490.80045,12.155,0.05
2491.80712,12.28,0.051
2492.88329,12.281,0.04
2495.74529,12.449,0.039
2496.78347,12.47,0.045
2499.78079,12.347,0.048
2501.77712,12.388,0.045
2502.77707,12.422,0.051
2508.72521,12.562,0.052
2540.66536,12.633,0.05
2544.73161,12.762,0.036
2552.84002,12.683,0.042
2556.69957,12.454,0.044
2559.69824,12.622,0.044
2562.67194,12.8,0.035
2563.68151,12.843,0.064
2564.67621,12.735,0.05
2565.69888,12.734,0.038
2566.71144,12.956,0.052
2578.69433,12.717,0.045
2624.63581,13.215,0.041
2627.64477,13.335,0.035
2629.64183,13.133,0.046
2634.58589,13.126,0.039
2638.61765,13.366,0.039
2640.61563,13.194,0.044
2642.61348,13.131,0.039
2644.60939,13.453,0.052
2646.59107,13.341,0.045
2649.58525,13.28,0.036
2651.5904,13.405,0.041
2653.60448,13.399,0.05
2655.61993,13.568,0.047
2658.62095,13.353,0.039
2660.62318,13.428,0.055
2662.62011,13.39,0.041
2664.61145,13.632,0.043
2666.60894,13.56,0.036
2668.61468,13.509,0.035
2672.60859,13.492,0.034
2676.58268,13.541,0.032
2678.56812,13.379,0.039
2680.5709,13.449,0.04
2685.53342,13.367,0.046
2689.55337,13.391,0.033
2691.54756,13.461,0.037
2694.52011,13.581,0.033
2696.5233,13.523,0.042
2698.52224,13.47,0.032
2700.52937,13.49,0.043
2702.52601,13.596,0.039
2704.5174,13.47,0.033
2706.51331,13.323,0.037
2711.49796,13.299,0.037
2757.92696,12.826,0.037
2763.92312,12.757,0.04
2767.92431,12.745,0.034
2786.90074,12.659,0.033
2809.86012,12.693,0.038
2811.89722,12.667,0.037
2830.79448,12.651,0.028
2832.84483,12.541,0.033
2834.85356,12.537,0.043
2838.83647,12.7,0.04
2841.79302,12.659,0.039
2851.89415,12.541,0.037
2854.76977,12.635,0.034
2858.77602,12.668,0.033
2860.77664,12.869,0.032
2871.84489,12.761,0.034
2874.77351,12.762,0.035
2876.76949,12.943,0.035
2879.75618,12.852,0.036
2883.75729,12.735,0.035
2885.71755,12.771,0.035
2886.82172,12.657,0.042
2895.80521,12.719,0.044
2899.78627,12.828,0.042
2902.75997,12.795,0.04
2905.68061,12.872,0.034
2910.6749,12.995,0.038
2915.70538,12.727,0.033
2917.61453,12.709,0.033
2918.75972,12.912,0.038
2923.72334,12.929,0.039
2926.73158,12.705,0.036
2930.72163,12.861,0.036
2932.7099,13.051,0.035
2934.70466,13.082,0.036
2940.60351,12.738,0.04
2942.62193,12.832,0.037
2943.66863,12.884,0.034
2946.61622,12.933,0.031
2947.82112,13.005,0.045
2949.70962,13.037,0.031
2951.71694,13.223,0.034
2954.6672,12.809,0.05
2955.77413,13.027,0.032
2964.58012,12.849,0.041
2966.59745,12.937,0.033
2968.6077,12.739,0.032
2970.59912,12.926,0.031
2972.63648,12.928,0.034
2977.58617,12.848,0.037
2979.60915,12.859,0.035
2981.62603,12.768,0.038
2983.6393,12.955,0.032
2983.64898,12.864,0.048
2985.64547,12.75,0.034
2985.65833,12.922,0.045
2987.67484,12.839,0.033
2987.68455,12.887,0.048
2992.63959,12.861,0.043
2992.65218,12.758,0.045
2994.65985,12.804,0.032
2997.606,12.746,0.05
2998.68658,12.779,0.035
3000.5944,12.8,0.052
3001.63292,12.757,0.031
3005.61549,12.711,0.034
3007.62669,12.729,0.036
3008.62398,12.72,0.043
3009.67211,12.656,0.034
3011.67189,12.881,0.035
3013.59536,12.842,0.045
3013.67663,12.594,0.035
3016.60729,12.848,0.046
3017.58856,12.739,0.032
3019.56488,12.633,0.047
3023.56649,12.628,0.054
3023.59455,12.757,0.033
3028.56621,12.724,0.05
3030.62758,12.655,0.032
3031.55079,12.835,0.048
3033.56065,12.665,0.032
3034.55896,12.729,0.044
3035.58542,12.762,0.032
3039.53555,12.857,0.048
3039.59111,12.755,0.035
3043.53399,12.742,0.047
3043.55512,12.76,0.032
3046.55464,12.838,0.032
3047.52544,12.728,0.046
3049.54663,12.762,0.032
3058.52786,12.76,0.038
3061.51541,12.836,0.04
3064.52449,12.807,0.034
3068.52227,12.747,0.031
3163.91504,13.168,0.035
3180.89922,13.107,0.043
3193.93831,12.922,0.065
3355.58162,12.469,0.05
3357.64245,12.388,0.038
3362.67239,12.661,0.055
3366.64681,12.535,0.047
3374.65595,12.66,0.054
3386.61737,12.748,0.059
3389.58101,12.667,0.043
3391.61485,12.675,0.043
3395.60178,12.707,0.045
3397.5398,12.622,0.049
3398.57418,12.705,0.041
3404.52805,12.793,0.059
3404.58444,12.784,0.037
3406.58416,12.87,0.045
3408.5911,12.858,0.045
3411.53657,12.964,0.05
3416.5371,12.74,0.082
3421.53659,12.899,0.051
3436.50333,12.944,0.036
3439.50094,12.922,0.041
3444.49899,13.152,0.047
3511.93152,12.704,0.052
3541.87778,12.602,0.045
3544.89821,12.57,0.05
3552.87199,12.643,0.055
3556.86933,12.621,0.04
3560.85991,12.53,0.058
3563.87571,12.592,0.046
3568.93435,12.576,0.048
3571.85534,12.504,0.044
3574.84522,12.453,0.052
3577.84722,12.569,0.048
3581.89436,12.577,0.038
3584.83117,12.591,0.058
3587.81403,12.596,0.053
3590.81359,12.525,0.056
3590.82054,12.555,0.056
3593.59805,12.697,0.049
3593.60048,12.619,0.043
3593.60416,12.653,0.042
3593.63259,12.676,0.042
3593.63501,12.682,0.044
3593.63753,12.69,0.052
3593.64004,12.578,0.048
3593.64254,12.622,0.049
3593.64506,12.74,0.043
3593.64844,12.782,0.05
3593.65087,12.774,0.051
3593.65338,12.696,0.041
3593.65592,12.701,0.045
3593.65927,12.687,0.046
3593.66165,12.674,0.048
3593.66419,12.652,0.039
3593.74653,12.632,0.047
3593.74903,12.72,0.038
3593.75153,12.675,0.044
3593.75404,12.65,0.04
3593.75656,12.676,0.039
3593.75906,12.63,0.042
3593.76156,12.564,0.052
3593.7641,12.549,0.042
3593.7666,12.581,0.043
3593.7691,12.542,0.041
3593.77242,12.658,0.046
3593.7749,12.626,0.043
3593.77743,12.652,0.04
3593.7799,12.642,0.047
3593.78241,12.697,0.044
3593.78571,12.617,0.041
3593.78822,12.587,0.04
3593.79071,12.593,0.042
3593.79409,12.642,0.043
3593.79647,12.65,0.041
3593.79891,12.636,0.041
3593.80234,12.63,0.04
3593.80562,12.682,0.038
3593.80799,12.623,0.042
3593.81049,12.521,0.037
3593.81387,12.6,0.038
3593.81712,12.65,0.038
3593.82038,12.668,0.039
3593.82364,12.668,0.036
3593.82602,12.649,0.036
3593.82938,12.514,0.035
3593.83263,12.595,0.037
3593.8384,12.597,0.038
3593.84095,12.588,0.039
3593.84338,12.545,0.043
3593.84592,12.657,0.037
3593.84843,12.596,0.038
3593.85093,12.635,0.048
3593.85427,12.6,0.037
3593.85666,12.613,0.048
3593.85919,12.697,0.059
3593.86169,12.547,0.051
3593.86414,12.648,0.056
3593.86663,12.631,0.048
3593.8699,12.616,0.046
3593.8723,12.545,0.052
3593.87479,12.633,0.045
3593.87727,12.557,0.043
3593.87975,12.572,0.047
3593.88226,12.612,0.043
3593.88476,12.635,0.046
3593.88727,12.569,0.04
3593.88978,12.633,0.041
3593.89228,12.56,0.043
3593.89471,12.57,0.042
3593.8972,12.554,0.048
3593.89973,12.564,0.041
3593.90225,12.588,0.037
3593.90472,12.597,0.039
3593.90722,12.567,0.036
3593.90972,12.59,0.039
3593.91221,12.554,0.037
3593.91471,12.688,0.043
3593.91721,12.735,0.037
3593.92228,12.565,0.044
3593.92484,12.675,0.046
3593.92732,12.609,0.041
3593.92983,12.572,0.042
3593.93233,12.581,0.043
3593.93484,12.551,0.04
3593.93732,12.56,0.04
3594.59386,12.606,0.076
3594.5963,12.569,0.056
3594.59878,12.573,0.045
3594.60218,12.576,0.053
3594.63498,12.753,0.074
3594.63751,12.589,0.065
3594.64087,12.538,0.082
3594.64325,12.603,0.063
3594.64574,12.687,0.062
3594.64826,12.744,0.069
3594.65074,12.665,0.047
3594.6533,12.838,0.063
3594.65579,12.674,0.061
3594.65831,12.671,0.08
3594.66169,12.546,0.048
3594.66406,12.703,0.069
3594.66659,12.615,0.06
3594.66909,12.626,0.074
3594.67159,12.663,0.055
3594.67409,12.639,0.062
3594.67652,12.601,0.064
3594.67915,12.65,0.048
3594.68165,12.802,0.073
3594.68414,12.735,0.051
3594.68665,12.586,0.057
3594.68913,12.55,0.058
3594.69165,12.64,0.061
3594.69418,12.677,0.049
3594.6967,12.532,0.06
3594.69921,12.63,0.055
3594.70174,12.637,0.048
3594.70436,12.667,0.042
3594.70687,12.573,0.051
3594.71022,12.722,0.058
3594.7126,12.618,0.053
3594.7151,12.724,0.045
3594.7176,12.711,0.054
3594.72012,12.706,0.056
3594.72264,12.567,0.076
3594.7259,12.555,0.062
3594.72915,12.656,0.056
3594.73164,12.612,0.052
3594.73412,12.549,0.056
3594.73663,12.611,0.046
3594.73913,12.684,0.046
3594.74164,12.519,0.045
3594.74414,12.609,0.051
3594.74664,12.545,0.046
3594.74914,12.642,0.052
3594.75167,12.573,0.049
3594.75418,12.636,0.047
3594.76612,12.573,0.061
3594.76852,12.684,0.06
3594.77104,12.699,0.048
3594.77356,12.563,0.059
3594.77603,12.673,0.044
3594.77854,12.605,0.054
3594.78102,12.574,0.056
3594.78431,12.637,0.056
3594.78674,12.49,0.052
3594.78927,12.578,0.05
3594.79265,12.58,0.057
3594.79586,12.488,0.052
3594.79823,12.608,0.049
3594.80073,12.722,0.055
3594.80325,12.614,0.05
3594.80576,12.555,0.05
3594.80825,12.53,0.049
3594.81077,12.558,0.059
3594.81331,12.674,0.063
3594.81582,12.581,0.047
3594.81833,12.588,0.05
3594.82163,12.643,0.058
3594.82402,12.608,0.065
3594.82652,12.555,0.055
3594.82902,12.673,0.045
3594.83152,12.594,0.047
3594.83652,12.699,0.044
3594.83939,12.673,0.05
3594.84281,12.586,0.055
3594.84518,12.591,0.054
3594.8477,12.562,0.046
3594.8502,12.591,0.04
3594.85347,12.59,0.046
3594.85597,12.658,0.053
3594.85849,12.619,0.057
3594.86101,12.488,0.071
3594.86352,12.641,0.054
3594.89381,12.468,0.074
3594.89633,12.484,0.078
3594.89884,12.557,0.079
3594.90389,12.593,0.072
3594.90642,12.634,0.067
3594.90891,12.553,0.082
3594.91142,12.554,0.078
3594.9139,12.553,0.072
3594.91641,12.598,0.075
3594.91892,12.541,0.075
3594.92149,12.514,0.061
3594.9247,12.707,0.075
3594.9272,12.508,0.063
3594.92971,12.571,0.071
3594.93221,12.61,0.057
3597.82792,12.649,0.049
3603.8385,12.586,0.051
3606.68995,12.581,0.04
3606.69235,12.639,0.04
3606.69482,12.699,0.037
3606.69731,12.629,0.038
3606.70073,12.759,0.04
3606.70311,12.653,0.043
3606.70558,12.691,0.036
3606.70808,12.554,0.041
3607.5605,12.635,0.05
3607.56295,13.18,0.074
3607.56551,12.697,0.051
3607.56807,12.645,0.05
3607.59597,12.773,0.052
3607.59842,12.652,0.063
3607.6009,12.723,0.049
3607.60344,12.6,0.05
3607.60995,12.694,0.054
3607.61245,12.735,0.053
3607.61573,12.725,0.055
3607.61823,12.68,0.059
3607.62323,12.543,0.058
3607.62574,12.607,0.057
3607.62825,12.64,0.05
3607.63072,12.66,0.051
3607.63324,12.624,0.054
3607.63577,12.65,0.054
3607.63827,12.739,0.053
3607.64075,12.652,0.045
3607.64325,12.635,0.047
3607.64574,12.593,0.044
3607.6492,12.592,0.058
3607.65237,12.632,0.051
3607.65474,12.639,0.045
3607.65801,12.649,0.045
3607.66051,12.636,0.046
3607.66297,12.746,0.045
3607.66631,12.647,0.053
3607.66868,12.749,0.045
3607.67119,12.719,0.042
3607.67371,12.772,0.051
3607.67622,12.777,0.046
3607.67866,12.717,0.046
3607.68117,12.809,0.043
3607.68366,12.615,0.042
3607.68617,12.576,0.041
3607.68868,12.567,0.046
3607.69118,12.642,0.042
3607.69369,12.712,0.045
3607.69617,12.686,0.043
3607.69869,12.685,0.05
3607.70117,12.723,0.043
3607.70365,13.679,0.045
3607.70621,12.786,0.043
3607.70876,12.667,0.045
3607.71125,12.592,0.047
3607.71377,12.678,0.048
3607.71869,12.657,0.041
3607.72118,12.671,0.045
3607.72443,12.625,0.046
3607.72694,12.654,0.046
3607.72943,12.721,0.049
3607.73193,12.674,0.043
3607.73519,12.57,0.049
3607.73768,12.734,0.043
3607.74018,12.673,0.055
3607.7427,12.636,0.044
3607.74523,12.625,0.046
3607.74776,12.701,0.047
3607.75026,12.729,0.049
3607.75274,12.748,0.047
3607.75522,12.646,0.048
3607.7585,12.696,0.045
3607.76099,12.629,0.042
3607.76349,12.652,0.043
3607.76598,12.683,0.048
3607.76847,12.708,0.049
3607.77097,12.556,0.051
3607.77348,12.579,0.045
3607.77599,12.708,0.048
3607.77847,12.629,0.044
3607.7809,12.918,0.05
3607.78338,12.664,0.046
3607.78588,12.851,0.051
3607.78838,12.618,0.048
3607.79086,12.604,0.053
3607.79334,12.725,0.056
3607.79585,12.694,0.053
3607.79836,12.596,0.052
3607.80085,12.673,0.058
3607.80333,12.583,0.042
3607.80582,12.653,0.052
3607.80835,12.593,0.041
3607.81085,12.58,0.04
3607.81336,12.668,0.048
3607.8159,12.574,0.055
3607.81837,12.701,0.049
3607.82087,12.663,0.041
3607.82337,12.63,0.057
3607.82583,12.606,0.053
3607.82836,12.674,0.047
3607.83079,12.709,0.048
3607.83333,12.57,0.049
3607.83659,12.738,0.051
3607.83928,12.649,0.062
3607.84175,12.54,0.056
3607.84424,12.682,0.045
3607.84677,12.587,0.052
3607.84929,12.615,0.062
3607.85181,12.732,0.052
3607.85431,12.783,0.059
3607.85679,12.607,0.055
3607.85927,12.559,0.059
3607.86177,12.622,0.047
3607.86429,12.671,0.052
3607.86679,12.675,0.055
3607.86929,12.658,0.05
3607.87177,12.698,0.055
3607.87428,12.61,0.049
3607.87678,12.612,0.043
3607.87929,12.572,0.058
3607.88178,12.669,0.054
3607.88429,12.565,0.049
3607.8868,12.548,0.062
3607.88925,12.699,0.065
3607.89174,12.6,0.064
3607.89424,12.538,0.05
3607.89672,12.54,0.055
3607.89923,12.606,0.052
3607.90175,12.668,0.054
3607.90505,12.524,0.055
3607.90755,12.62,0.056
3607.91084,12.71,0.056
3607.91338,12.643,0.05
3607.91583,12.62,0.057
3607.91834,12.733,0.056
3607.92085,12.881,0.057
3607.92333,12.63,0.063
3607.92583,12.641,0.06
3607.92833,12.581,0.064
3608.55615,12.628,0.054
3608.55862,12.683,0.053
3608.56108,12.596,0.049
3608.56359,12.724,0.045
3608.5661,12.545,0.05
3608.59443,12.56,0.067
3608.59697,12.582,0.061
3608.59949,12.716,0.048
3608.60205,12.678,0.065
3608.60459,12.625,0.066
3608.6072,12.707,0.071
3608.60966,12.757,0.051
3608.61209,12.926,0.068
3608.61463,12.65,0.062
3608.61714,12.633,0.066
3608.6197,12.692,0.061
3608.6223,12.718,0.067
3608.62476,12.692,0.044
3608.62724,12.565,0.07
3608.62979,12.544,0.075
3608.63226,12.8,0.073
3608.63477,12.884,0.06
3608.63728,12.699,0.057
3608.6398,12.863,0.057
3608.64223,12.862,0.05
3608.64477,12.662,0.057
3608.64724,12.636,0.059
3608.65053,12.698,0.06
3608.65293,12.651,0.048
3608.65544,12.657,0.055
3608.65795,12.66,0.048
3608.66043,12.662,0.053
3608.663,12.746,0.055
3608.6655,12.722,0.053
3608.66796,12.695,0.052
3608.67045,12.694,0.051
3608.67296,12.653,0.056
3608.67547,12.78,0.059
3608.67791,13.196,0.053
3608.68119,12.704,0.043
3608.68619,12.657,0.048
3608.68869,12.711,0.045
3608.69113,12.695,0.049
3608.69363,12.671,0.046
3608.69614,12.674,0.046
3608.69864,12.692,0.053
3608.70108,12.688,0.049
3608.70607,12.609,0.046
3608.70858,12.64,0.058
3608.71111,12.616,0.05
3608.71361,12.652,0.048
3608.71612,12.629,0.045
3608.71862,12.666,0.045
3608.72112,12.725,0.045
3608.72361,12.709,0.046
3608.72611,12.635,0.057
3608.72858,12.734,0.045
3608.73112,12.661,0.048
3608.73363,12.659,0.049
3608.73613,12.705,0.048
3608.76307,12.653,0.048
3608.77054,12.677,0.053
3608.77375,12.684,0.07
3608.77628,12.728,0.059
3608.77878,12.639,0.063
3608.78128,12.59,0.059
3608.78377,12.615,0.05
3608.78626,12.603,0.057
3608.78877,12.657,0.049
3608.79203,12.632,0.057
3608.79453,12.64,0.052
3608.79702,12.598,0.046
3608.79953,12.611,0.045
3608.80207,12.585,0.07
3608.80459,12.577,0.068
3608.80711,12.62,0.056
3608.80959,12.602,0.064
3608.81211,12.574,0.064
3608.81463,12.758,0.059
3608.81711,12.668,0.054
3608.81961,12.804,0.051
3608.82717,12.663,0.05
3608.82968,12.591,0.069
3608.83216,12.563,0.064
3608.83468,12.66,0.05
3608.83719,12.575,0.052
3608.83976,12.786,0.058
3608.84219,12.626,0.041
3608.84472,12.642,0.043
3608.86789,12.585,0.035
3608.87027,12.651,0.042
3608.8727,12.669,0.063
3608.87518,12.613,0.07
3608.87761,12.575,0.054
3608.88011,12.689,0.059
3608.88262,12.669,0.074
3608.88511,12.839,0.073
3608.88761,12.757,0.073
3608.89012,12.62,0.06
3608.89265,12.563,0.068
3608.89592,12.718,0.06
3608.89843,12.788,0.072
3608.90094,12.76,0.071
3608.90427,12.829,0.066
3608.90664,12.677,0.053
3608.90915,12.531,0.076
3608.91167,12.608,0.073
3608.91418,12.72,0.072
3608.91672,12.789,0.077
3608.91924,12.742,0.073
3608.92174,12.764,0.069
3608.92428,12.574,0.072
3608.92676,12.574,0.073
3610.81779,12.759,0.055
3610.8254,12.738,0.056
3610.82792,12.593,0.055
3610.83039,12.667,0.048
3610.83293,12.557,0.053
3610.83546,12.615,0.057
3610.83902,12.704,0.058
3614.74689,12.63,0.071
3614.74931,12.679,0.06
3614.75181,12.641,0.069
3614.75433,12.637,0.062
3614.75681,12.735,0.062
3614.76178,12.681,0.067
3614.76428,12.627,0.067
3614.7668,12.627,0.069
3614.76931,12.655,0.078
3614.7718,12.624,0.075
3614.77426,12.646,0.073
3614.77675,12.647,0.068
3614.77924,12.663,0.073
3614.78265,12.652,0.076
3614.78503,12.628,0.073
3614.86998,12.674,0.079
3614.87244,12.684,0.078
3614.87491,12.631,0.079
3614.87737,12.688,0.078
3614.87987,12.663,0.075
3614.88236,12.716,0.076
3614.88487,12.689,0.075
3614.88736,12.577,0.074
3614.88986,12.605,0.075
3614.89236,12.623,0.076
3614.89485,12.635,0.078
3614.89735,12.622,0.073
3614.89984,12.64,0.072
3614.90234,12.619,0.074
3614.90486,12.716,0.071
3614.9073,12.614,0.067
3614.91074,12.749,0.07
3614.91313,12.618,0.071
3614.91565,12.745,0.067
3614.91815,12.667,0.073
3614.92064,12.657,0.069
3614.92402,12.578,0.07
3615.53416,12.755,0.051
3615.53662,12.707,0.047
3615.53916,12.653,0.049
3615.54169,12.714,0.047
3615.54425,12.653,0.047
3615.57307,12.675,0.057
3615.57798,12.761,0.054
3615.5805,12.744,0.048
3615.58302,12.659,0.06
3615.58549,12.563,0.049
3615.5964,12.624,0.051
3615.59878,12.741,0.052
3615.60129,12.693,0.047
3615.60375,12.837,0.048
3615.61125,12.764,0.053
3615.61371,12.757,0.053
3615.61623,12.707,0.046
3615.61874,12.669,0.048
3615.62127,12.657,0.052
3615.62457,12.739,0.045
3615.62705,12.727,0.048
3615.62954,12.667,0.05
3615.63198,12.695,0.044
3615.63452,12.732,0.045
3615.63704,12.748,0.048
3615.64043,12.687,0.049
3615.64281,12.616,0.05
3615.64531,12.655,0.047
3615.64781,12.653,0.045
3615.65033,12.665,0.043
3615.65283,12.569,0.048
3615.65538,13.214,0.043
3615.65785,12.939,0.049
3615.66037,12.745,0.048
3615.66288,12.734,0.047
3615.66541,12.704,0.044
3615.66791,12.729,0.052
3615.67041,12.777,0.045
3615.67544,12.711,0.051
3615.68038,12.644,0.053
3615.68532,12.71,0.052
3615.68786,12.675,0.049
3615.69287,12.718,0.05
3615.69536,12.607,0.051
3615.6978,12.568,0.049
3615.70031,12.75,0.049
3615.70284,12.792,0.049
3615.70779,12.67,0.052
3615.71599,12.59,0.051
3615.71852,12.646,0.054
3615.72106,12.551,0.053
3615.72363,12.586,0.047
3615.72699,12.766,0.05
3615.72941,12.683,0.048
3615.73451,12.679,0.05
3615.73696,12.797,0.045
3615.73947,12.729,0.048
3615.74192,12.716,0.049
3615.74443,12.712,0.052
3615.74693,12.744,0.049
3615.74948,12.655,0.051
3615.75195,12.684,0.052
3615.75449,12.675,0.053
3615.75783,12.591,0.054
3615.76021,12.57,0.05
3615.76276,12.676,0.059
3615.76525,12.599,0.05
3615.76772,12.652,0.051
3615.77022,12.67,0.05
3615.86544,12.648,0.042
3618.73578,12.732,0.06
3621.73113,12.836,0.056
3624.78952,12.664,0.044
3629.73001,12.784,0.056
3631.74086,12.671,0.047
3633.78803,12.706,0.041
3642.7095,12.89,0.05
3648.67117,12.778,0.045
3650.72426,12.732,0.044
3652.73024,12.722,0.038
3654.73077,12.855,0.038
3656.68894,12.787,0.039
3658.67104,12.845,0.045
3660.69493,12.82,0.038
3662.75945,12.732,0.038
3665.60506,12.789,0.044
3668.69099,12.901,0.044
3670.74546,12.792,0.032
3673.57906,12.838,0.047
3675.64607,12.768,0.043
3677.78724,12.995,0.048
3700.59994,12.816,0.041
3702.73666,12.792,0.036
3705.62341,12.983,0.055
3707.69826,12.793,0.035
3711.70423,12.78,0.046
3713.66016,12.78,0.043
3715.7044,12.906,0.054
3718.58559,12.824,0.036
3720.66951,12.686,0.065
3726.58448,12.705,0.051
3728.63603,12.813,0.045
3731.6424,12.778,0.055
3732.60075,12.649,0.04
3735.60373,12.752,0.036
3738.57174,12.743,0.035
3740.62194,12.705,0.044
3743.60396,12.72,0.044
3746.62185,12.617,0.052
3749.59305,12.835,0.043
3752.60872,12.602,0.046
3755.56672,12.633,0.04
3757.62845,12.616,0.039
3759.54805,12.837,0.057
3760.57704,12.592,0.059
3762.55008,12.848,0.065
3763.57228,12.583,0.048
3765.54346,12.699,0.058
3766.55417,12.437,0.049
3769.5406,12.586,0.051
3771.53731,12.569,0.052
3771.58154,12.57,0.036
3774.55948,12.534,0.036
3775.53023,12.493,0.059
3776.58608,12.659,0.043
3778.52332,12.536,0.064
3779.55139,12.538,0.039
3783.54745,12.52,0.046
3788.52292,12.524,0.045
3791.52263,12.468,0.04
3794.51568,12.437,0.046
3797.50962,12.478,0.037
3800.51159,12.517,0.054
3804.50513,12.407,0.057
3809.49667,12.408,0.063
3860.92708,12.477,0.074
3866.91481,12.436,0.071
3870.91108,12.451,0.062
3877.90243,12.471,0.062
3892.89603,12.546,0.047
3898.92259,12.573,0.053
3902.89968,12.614,0.05
3906.87011,12.629,0.051
3909.91906,12.758,0.059
3983.87066,12.936,0.043
4084.53585,12.617,0.059
4089.71689,12.527,0.046
4092.62459,12.583,0.073
4103.61881,12.667,0.071
4105.64137,12.54,0.08
4107.65573,12.632,0.032
4111.65731,12.538,0.04
4125.56293,12.567,0.039
4134.5894,12.636,0.039
4139.54482,12.698,0.043
4141.57138,12.637,0.076
4144.5479,12.667,0.08
4147.54383,12.653,0.035
4153.55775,12.667,0.041
4157.53572,12.746,0.05
4160.51839,12.696,0.037
4163.52455,12.712,0.081
4166.51549,12.775,0.048
4174.49734,12.582,0.064
4256.89537,12.721,0.044
4273.88021,12.571,0.043
4285.87911,12.543,0.044
4293.87685,12.6,0.041
4296.87924,12.622,0.048
4299.87111,12.603,0.063
4301.86178,12.613,0.048
4304.80708,12.508,0.046
4306.83084,12.558,0.041
4308.82579,12.623,0.046
4310.8435,12.461,0.041
4316.77686,12.659,0.047
4319.87355,12.55,0.04
4329.85431,12.675,0.039
4331.82671,12.492,0.039
4336.79073,12.408,0.038
4339.7564,12.472,0.044
4341.76737,12.521,0.04
4343.80102,12.669,0.048
4345.80753,12.46,0.043
4350.72932,12.465,0.045
4353.71948,12.4,0.039
4355.78162,12.368,0.037
4358.71111,12.455,0.039
4361.70555,12.375,0.045
4363.7369,12.504,0.036
4365.73635,12.381,0.038
4368.66962,12.445,0.038
4372.73268,12.534,0.041
4375.73832,12.347,0.04
4377.80256,12.833,0.046
4380.64325,12.586,0.043
4382.70661,12.438,0.04
4384.72626,12.604,0.039
4386.71226,12.423,0.035
4388.69849,12.361,0.037
4392.65078,12.42,0.055
4398.75906,12.514,0.039
4403.77499,12.477,0.055
4407.76353,12.547,0.042
4410.6301,12.574,0.048
4418.79986,12.575,0.051
4421.68352,12.626,0.04
4427.641,12.662,0.04
4429.66186,12.703,0.037
4431.70391,12.581,0.036
4433.78484,12.632,0.037
4438.73863,12.631,0.037
4452.59692,12.713,0.043
4454.62714,12.753,0.054
4456.67853,12.642,0.048
4459.61394,12.73,0.039
4462.60467,12.693,0.037
4464.67781,12.812,0.036
4467.60827,12.794,0.045
4479.65524,12.699,0.053
4482.64141,12.798,0.043
4488.58978,12.736,0.042
4490.61496,12.674,0.039
4493.58336,12.773,0.039
4502.57887,12.799,0.06
4505.56703,12.726,0.042
4508.56277,12.531,0.048
4511.55739,12.806,0.04
4515.55855,12.741,0.042
4518.54642,12.688,0.034
4524.52423,12.67,0.036
4527.52184,12.668,0.043
4530.52556,12.864,0.048
4533.5114,12.684,0.032
4537.50226,12.842,0.039
4589.92813,12.91,0.046
4596.92581,12.999,0.042
4600.92677,13.038,0.053
4610.93263,13.038,0.049
4633.85477,12.898,0.054
4640.85924,13.012,0.04
4644.8541,12.951,0.045
4650.91479,12.894,0.049
4654.85604,12.888,0.065
4661.93218,12.946,0.048
4664.83569,12.933,0.043
4671.89785,12.863,0.04
4674.83944,12.89,0.038
4681.80678,13.026,0.046
4684.78379,12.809,0.041
4686.86655,12.91,0.044
4690.82077,12.834,0.038
4693.83316,12.851,0.044
4697.79478,12.648,0.045
4702.76693,12.799,0.036
4705.75478,12.797,0.069
4708.77717,12.761,0.043
4715.79676,12.666,0.044
4721.67675,12.664,0.041
4724.73611,12.747,0.045
4726.80173,12.77,0.041
4729.747,12.65,0.043
4736.68398,12.753,0.041
4740.65715,12.72,0.042
4747.70392,12.73,0.043
4750.63721,12.786,0.047
4752.69847,12.537,0.044
4754.73063,12.538,0.042
4757.61701,12.582,0.044
4759.68586,12.52,0.041
4761.78862,12.577,0.043
4764.63113,12.502,0.038
4766.74503,12.457,0.088
4769.61323,12.561,0.043
4771.66282,12.484,0.041
4773.70088,12.451,0.041
4775.73997,12.541,0.043
4777.70817,12.461,0.056
4779.72716,12.286,0.073
4782.8188,12.624,0.061
4785.58406,12.399,0.047
4803.58804,12.411,0.04
4805.67859,12.31,0.043
4807.62733,12.331,0.036
4809.69693,12.363,0.05
4814.73561,12.255,0.078
4817.65173,12.295,0.05
4831.61936,12.411,0.083
4833.69411,12.414,0.068
4836.61672,12.473,0.071
4838.67136,12.39,0.059
4847.61955,12.344,0.047
4850.60491,12.34,0.044
4853.60304,12.446,0.054
4859.60151,12.525,0.043
4868.58048,12.489,0.034
4871.57576,12.282,0.051
4875.55858,12.376,0.045
4879.52028,12.418,0.043
4882.52417,12.415,0.046
4905.49736,12.432,0.059
5008.90185,12.939,0.064
5041.79753,12.861,0.042
5049.86983,12.975,0.047
5055.91931,12.985,0.042
5074.8129,12.961,0.047
5088.77444,13.037,0.044
5097.76403,12.973,0.045
5099.75674,12.911,0.042
5104.69922,13.006,0.045
5111.64934,12.989,0.044
5116.80217,13.004,0.041
5124.73038,12.97,0.047
5162.60874,12.883,0.046
5164.6886,12.765,0.041
