1868.58148,11.82,0.036
1869.56593,11.858,0.036
1871.5894,11.324,0.04
1873.56416,11.782,0.04
1875.55396,11.853,0.039
1877.55268,11.507,0.037
1879.53991,11.878,0.037
1881.54068,11.225,0.037
1886.5321,11.909,0.038
1888.58284,11.186,0.041
1904.53051,11.412,0.039
1906.58998,11.94,0.039
1920.53598,11.862,0.041
1923.54841,11.898,0.042
1927.5439,11.853,0.043
1931.53183,11.471,0.043
2039.92963,11.268,0.045
2053.91044,11.024,0.045
2055.91438,11.868,0.042
2057.91129,12.111,0.043
2067.90303,11.854,0.042
2068.89797,11.881,0.048
2069.8952,11.56,0.042
2070.89932,11.307,0.045
2080.88344,11.059,0.04
2086.84757,11.423,0.04
2087.91687,11.3,0.038
2093.91532,11.464,0.037
2094.94013,11.378,0.038
2095.87879,11.851,0.043
2104.93152,10.864,0.038
2106.86987,11.614,0.039
2113.87551,11.523,0.038
2115.81299,11.905,0.041
2116.8227,11.518,0.037
2117.83861,10.953,0.038
2131.86021,11.919,0.038
2132.79885,11.932,0.039
2134.78558,11.962,0.036
2135.78413,11.939,0.046
2140.80478,11.451,0.043
2143.76592,11.482,0.037
2164.71706,11.33,0.039
2167.69554,11.353,0.035
2168.71202,11.968,0.039
2169.72135,11.948,0.054
2170.75364,11.84,0.042
2171.71583,11.49,0.036
2173.6988,11.683,0.037
2174.68967,11.083,0.038
2175.68224,11.989,0.042
2177.68248,11.294,0.036
2178.6771,11.903,0.036
2180.6259,11.353,0.039
2180.63062,11.337,0.046
2186.71269,11.88,0.042
2192.66332,11.975,0.036
2193.6598,11.729,0.038
2194.65556,11.168,0.038
2195.65763,12.049,0.036
2196.65217,11.863,0.038
2197.65181,11.333,0.037
2199.64917,12.101,0.039
2201.63571,11.629,0.037
2203.63727,11.759,0.039
2204.62615,11.053,0.039
2206.62956,11.835,0.043
2207.61932,11.315,0.042
2208.65188,11.971,0.039
2213.63926,11.732,0.042
2214.62085,11.147,0.042
2215.61639,12.051,0.039
2216.61419,11.893,0.041
2217.61614,11.421,0.039
2219.58922,11.979,0.043
2221.59921,10.885,0.042
2222.59941,12.045,0.039
2224.58995,11.061,0.045
2225.60116,12.13,0.038
2226.59284,12.003,0.039
2227.59346,11.425,0.039
2228.59169,12.067,0.04
2229.58802,11.969,0.039
2230.58805,11.661,0.039
2232.58068,12.037,0.042
2233.58129,11.858,0.04
2234.56846,11.24,0.039
2235.56809,12.125,0.04
2236.5645,11.892,0.044
2240.65431,11.789,0.042
2242.54698,12.031,0.046
2244.59048,11.606,0.048
2248.53385,11.607,0.043
2250.58127,11.81,0.046
2252.56132,12.024,0.043
2254.58231,11.581,0.047
2439.89368,11.669,0.044
2444.85548,12.013,0.043
2446.86665,11.565,0.051
2460.8511,11.353,0.04
2465.88177,12.005,0.042
2467.86964,11.218,0.042
2468.84,11.976,0.036
2470.84123,11.389,0.041
2473.81585,11.52,0.046
2482.76122,11.889,0.051
2490.81269,11.412,0.04
2491.81679,11.956,0.047
2496.79128,11.756,0.044
2498.79018,12.129,0.046
2499.78659,11.879,0.042
2502.78755,11.858,0.044
2503.77876,11.577,0.049
2508.74348,11.965,0.042
2519.77114,12.078,0.041
2523.74727,11.844,0.044
2526.72673,11.792,0.042
2544.72844,11.326,0.04
2545.77391,11.599,0.035
2552.81389,11.443,0.04
2554.63214,11.381,0.046
2556.6992,11.879,0.051
2558.74223,11.262,0.035
2559.69289,12.065,0.035
2560.6847,11.795,0.036
2561.67071,11.174,0.051
2562.66715,12.011,0.036
2563.67898,11.84,0.042
2623.54458,11.834,0.045
2625.61045,11.167,0.037
2635.62077,11.398,0.036
2637.63126,12.013,0.036
2639.62892,10.996,0.043
2642.53986,11.21,0.041
2644.54712,11.778,0.035
2650.54119,11.93,0.039
2652.56888,11.326,0.046
2654.57901,11.855,0.039
2658.55518,11.681,0.042
2660.55993,12.018,0.032
2662.55922,11.36,0.035
2664.55519,11.904,0.036
2666.55248,11.428,0.037
2671.54057,11.803,0.035
2677.5206,11.941,0.038
2783.926,11.361,0.042
2787.91234,11.708,0.037
2809.89785,11.832,0.04
2814.88973,11.794,0.04
2820.88193,11.332,0.037
2830.8199,11.217,0.05
2832.8555,11.975,0.036
2841.9168,11.313,0.038
2845.86741,11.976,0.039
2853.80608,11.748,0.052
2856.8298,11.923,0.041
2859.76064,11.915,0.037
2861.7794,11.555,0.044
2872.82012,11.923,0.037
2875.82873,11.912,0.033
2880.76046,11.626,0.042
2883.8035,11.857,0.035
2885.7385,12.071,0.035
2886.84275,11.925,0.032
2895.7715,12.05,0.04
2897.78279,11.701,0.036
2899.7592,12.063,0.034
2905.67969,12.131,0.043
2907.83078,11.877,0.046
2910.68331,11.625,0.034
2912.70908,12.038,0.044
2915.69791,12.027,0.036
2917.64089,11.419,0.039
2923.69827,11.922,0.037
2926.70195,12.032,0.033
2928.69557,11.045,0.048
2930.68279,11.823,0.035
2934.66799,11.52,0.035
2939.70173,11.992,0.036
2942.77215,11.326,0.033
2945.66455,11.138,0.036
2950.62025,11.969,0.037
2956.64588,12.001,0.048
2958.6392,11.401,0.036
2960.63782,11.841,0.048
2962.64459,11.349,0.034
2964.65062,11.784,0.036
2966.65581,11.851,0.035
2968.66059,11.558,0.035
2972.6906,11.284,0.036
2977.55942,11.752,0.04
2979.59177,12.051,0.037
2981.61418,11.587,0.035
2983.6268,12.04,0.036
2985.63279,11.406,0.035
2987.66193,11.893,0.034
2990.63104,11.935,0.035
2992.6294,11.208,0.035
2994.64696,11.925,0.035
2996.65917,11.037,0.035
3000.54206,12.04,0.037
3007.58788,11.909,0.036
3010.59479,11.928,0.037
3012.591,11.305,0.04
3018.55307,11.658,0.035
3035.54555,11.639,0.037
3182.9155,11.946,0.043
3186.88817,11.899,0.042
3271.73439,11.373,0.041
3278.73386,11.262,0.045
3290.63824,11.852,0.044
3295.62687,12.034,0.045
3298.65206,11.067,0.04
3326.6517,11.996,0.043
3363.59037,12.046,0.037
3367.5736,11.919,0.039
3367.59061,12.02,0.035
3387.5381,12.107,0.037
3390.55267,12.165,0.032
3396.55382,11.001,0.037
3399.54453,11.328,0.035
3401.5505,11.945,0.034
3403.53803,11.35,0.036
3406.53227,11.127,0.045
3409.52592,11.41,0.041
3414.51615,12.034,0.042
3524.93305,11.226,0.042
3529.90948,11.983,0.039
3552.91165,11.931,0.04
3560.87465,11.735,0.038
3563.88435,11.818,0.038
3569.91532,12.027,0.037
3572.87628,12.061,0.038
3575.8627,12.129,0.036
3578.89867,11.046,0.042
3582.92278,11.993,0.049
3588.82772,10.893,0.039
3591.80518,11.112,0.037
3597.82592,11.729,0.037
3601.75436,11.071,0.033
3617.77364,11.758,0.042
3620.74702,11.808,0.042
3622.78032,11.58,0.038
3625.7921,11.226,0.036
3628.76149,11.363,0.037
3633.75529,12.108,0.039
3636.74868,11.985,0.039
3639.68167,11.999,0.039
3642.70991,11.422,0.039
3644.79024,11.822,0.047
3648.68111,11.368,0.037
3650.73416,11.977,0.039
3652.73953,11.101,0.044
3654.7467,11.832,0.045
3660.67828,11.965,0.044
3662.7011,11.138,0.044
3664.73525,11.798,0.043
3668.64559,11.358,0.037
3670.67966,11.903,0.038
3672.76691,11.379,0.038
3675.60887,10.867,0.036
3677.72888,12.095,0.045
3699.73295,11.344,0.036
3704.70568,12.125,0.038
3707.63308,12.015,0.041
3711.65911,11.903,0.041
3715.5605,11.41,0.038
3717.62688,11.937,0.038
3720.6089,11.981,0.036
3722.65996,11.642,0.046
3725.62959,11.82,0.044
3727.64819,11.993,0.043
3731.58878,12,0.043
3734.62326,11.967,0.044
3737.61615,11.927,0.042
3742.58363,11.658,0.038
3745.58402,11.833,0.035
3748.58025,11.925,0.036
3752.57804,11.687,0.043
3755.54732,11.772,0.037
3758.54492,11.892,0.036
3761.54891,11.866,0.038
3764.53522,11.965,0.049
3769.52316,11.461,0.046
3774.52627,11.993,0.041
3894.90184,10.999,0.036
3900.91936,11.688,0.04
3907.89319,11.473,0.035
3983.81542,12.058,0.045
4089.61863,11.38,0.039
4103.59104,11.215,0.036
4105.61381,11.852,0.04
4109.57892,11.481,0.04
4125.53227,11.832,0.035
4127.55018,11.597,0.036
4133.54391,11.461,0.037
4258.93446,10.996,0.038
4273.92821,11.962,0.043
4290.88815,11.806,0.049
4296.87265,11.961,0.037
4301.88262,11.555,0.045
4304.81254,11.599,0.041
4306.86101,12.013,0.036
4308.83485,11.234,0.038
4310.87785,12.001,0.037
4332.77279,11.589,0.038
4334.75592,11.675,0.045
4338.73856,11.318,0.05
4350.73874,11.959,0.04
4353.73114,12.004,0.037
4355.77648,11.343,0.036
4358.72095,11.44,0.04
4361.71475,11.69,0.044
4363.73192,12.005,0.037
4365.73395,11.322,0.038
4368.67972,11.349,0.041
4372.7255,11.127,0.047
4375.72768,11.371,0.037
4377.79139,12.044,0.04
4380.66119,12.061,0.04
4382.70206,11.063,0.037
4384.72453,12.031,0.04
4386.71049,11.993,0.035
4388.68341,11.584,0.037
4392.64744,11.156,0.037
4399.78419,11.594,0.043
4403.59777,12.008,0.038
4407.62594,12.042,0.041
4409.6432,11.162,0.036
4420.76029,11.311,0.043
4428.57024,11.708,0.051
4430.62932,11.909,0.037
4432.681,11.898,0.034
4435.58778,11.669,0.041
4437.68196,11.965,0.044
4440.56896,12.009,0.044
4443.58937,11.589,0.04
4453.55326,11.807,0.039
4455.63383,11.896,0.041
4458.60626,11.992,0.043
4461.5956,12.002,0.039
4463.64668,11.307,0.04
4466.60051,11.369,0.041
4473.6147,11.295,0.039
4477.53461,12.114,0.043
4480.5458,11.343,0.042
4489.55739,11.707,0.038
4492.55319,11.801,0.038
4499.53641,11.796,0.047
4502.53472,11.901,0.038
4507.51906,11.087,0.045
4623.9287,11.938,0.039
4631.89803,11.359,0.033
4640.90622,11.861,0.04
4645.88199,11.107,0.037
4649.87352,12.033,0.045
4652.90671,11.465,0.033
4656.8644,11.988,0.034
4661.9158,11.63,0.038
4664.86975,11.663,0.041
4669.86789,12.139,0.04
4672.84491,11.386,0.035
4675.88226,11.321,0.036
4679.80828,12.141,0.047
4682.81895,11.295,0.042
4685.80599,11.193,0.044
4691.78829,11.578,0.042
4694.78476,11.735,0.038
4698.83285,11.702,0.039
4700.83842,11.983,0.036
4703.76839,12.028,0.033
4708.78641,11.59,0.035
4720.74065,11.973,0.041
4722.76788,11.354,0.035
4726.76012,11.518,0.04
4729.7445,11.185,0.037
4732.83596,11.667,0.042
4736.69998,11.962,0.04
4740.66777,11.916,0.039
4747.69809,12.089,0.045
4750.6456,11.991,0.039
4753.68507,12.097,0.037
4755.74564,11.709,0.036
4758.64688,11.612,0.049
4760.71305,12.1,0.035
4763.64434,12.065,0.035
4765.70198,11.722,0.037
4767.78459,12.059,0.038
4770.64272,12.085,0.04
4772.72075,11.698,0.038
4775.5681,11.37,0.035
4777.61819,11.982,0.033
4782.59862,11.384,0.041
4784.66387,11.956,0.037
4787.64267,12.001,0.046
4792.65158,11.747,0.046
4795.65295,11.83,0.052
4798.63035,11.912,0.054
4803.56819,11.436,0.039
4805.65411,11.79,0.044
4808.56666,11.818,0.044
4813.59751,11.25,0.052
4815.66779,11.978,0.04
4819.57398,11.584,0.043
4821.62082,12.013,0.048
4827.60968,11.473,0.041
4830.60602,11.261,0.045
4838.574,12.053,0.048
4847.57738,10.819,0.049
4850.57215,11.226,0.045
4853.56813,11.512,0.045
4860.54147,11.268,0.045
4987.8948,11.76,0.04
4991.90637,11.458,0.042
5013.88141,12.002,0.047
5017.88185,11.816,0.047
5020.89332,11.851,0.048
5023.88077,11.914,0.047
5041.89185,11.875,0.04
5048.76323,11.274,0.043
5072.84732,11.533,0.039
5075.75007,11.41,0.044
5084.72737,11.918,0.05
5089.70713,11.036,0.041
5104.69222,11.944,0.049
5111.64756,11.847,0.04
5116.80045,11.583,0.042
5132.79488,11.917,0.045
5155.7327,11.963,0.051
