2625.54083,10.341,0.029
2628.55765,10.121,0.034
2636.5458,10.213,0.028
2639.54364,10.303,0.025
2642.5367,9.929,0.026
2830.91707,10.106,0.025
2833.92213,10.353,0.028
2836.90266,9.965,0.061
2843.87926,9.965,0.027
2856.85332,10.087,0.034
2859.82352,10.046,0.026
2861.82464,9.952,0.029
2875.83453,10.054,0.022
2877.80637,10.016,0.024
2880.78625,10.329,0.046
2883.82331,10.185,0.021
2886.77683,10.028,0.039
2888.76692,9.963,0.027
2892.77896,10.064,0.031
2897.77044,9.928,0.025
2899.75648,9.954,0.031
2905.71689,10.24,0.024
2908.71132,9.942,0.023
2910.75046,10.106,0.028
2915.70704,9.945,0.025
2917.68728,9.936,0.027
2924.72649,9.94,0.034
2927.68031,10.345,0.025
2929.68632,10.215,0.026
2931.69311,10.141,0.025
2933.68244,9.944,0.025
2935.6773,9.946,0.022
2937.69494,10.095,0.027
2942.64134,9.966,0.027
2945.66081,10.346,0.031
2947.64696,10.19,0.042
2954.6191,10.365,0.031
2956.61706,10.296,0.024
2956.64475,10.144,0.032
2958.6133,10.06,0.027
2962.62118,9.955,0.025
2964.63003,10.091,0.039
2973.54474,9.945,0.026
2979.55405,10.33,0.033
2984.54681,10.072,0.025
2986.55249,10.246,0.037
3271.6829,10.034,0.029
3274.66804,10.378,0.036
3280.64884,10.032,0.038
3290.62977,10.278,0.028
3298.59861,10.036,0.032
3327.62029,10.09,0.047
3327.62547,10.102,0.038
3327.6335,10.124,0.043
3328.59561,10.235,0.05
3328.59824,10.208,0.045
3328.64009,10.069,0.04
3328.64591,10.032,0.042
3329.58841,10.117,0.044
3329.6048,10.15,0.05
3329.60991,10.195,0.045
3329.61532,10.224,0.043
3329.63434,10.241,0.042
3330.56061,10.155,0.055
3330.61766,10.009,0.054
3334.57686,9.915,0.051
3334.64157,10.093,0.037
3335.61461,10.257,0.038
3335.61737,10.249,0.044
3335.66899,10.084,0.043
3335.67209,10.163,0.058
3336.60747,10.059,0.048
3336.61013,10.122,0.045
3336.62711,10.176,0.054
3336.64948,10.296,0.055
3336.6599,10.268,0.043
3336.70252,10.363,0.045
3337.63026,10.006,0.05
3337.63521,9.991,0.043
3337.64353,9.928,0.041
3337.66465,9.966,0.044
3337.68115,9.892,0.041
3337.68642,9.963,0.06
3337.68902,10.134,0.056
3338.60227,10.253,0.042
3338.62653,10.255,0.057
3339.69154,10.005,0.044
3339.71302,10.093,0.042
3340.64888,10.394,0.037
3340.66282,10.341,0.038
3340.68026,10.414,0.055
3340.68339,10.285,0.036
3341.65448,10.034,0.044
3341.69111,10.181,0.05
3344.58622,10.319,0.042
3344.58882,10.293,0.062
3344.59476,10.234,0.055
3344.60539,10.191,0.057
3344.68531,9.945,0.041
3347.59324,10.28,0.057
3347.67602,10.382,0.042
3348.6289,9.938,0.056
3348.64249,9.939,0.054
3348.64756,9.944,0.049
3348.65004,9.929,0.049
3349.57933,10.306,0.054
3352.56508,9.972,0.05
3352.56796,9.955,0.056
3352.57142,10.013,0.045
3353.61778,10.058,0.04
3354.56245,10.112,0.045
3541.92825,10.231,0.039
3544.92141,9.954,0.034
3553.9008,9.984,0.057
3558.88099,10.069,0.048
3561.87177,10.289,0.037
3564.8713,9.974,0.031
3569.85665,9.98,0.03
3572.84307,10.399,0.032
3575.84427,10.131,0.033
3583.81317,10.294,0.048
3586.81439,10.245,0.029
3589.80316,9.954,0.028
3592.79407,10.314,0.032
3596.7863,9.969,0.028
3602.76751,10.113,0.039
3617.72711,10.394,0.034
3620.71515,10.07,0.037
3624.70605,10.303,0.026
3626.70545,10.369,0.029
3629.69727,10.073,0.037
3639.66659,10.119,0.036
3642.66091,10.316,0.028
3646.64904,10.337,0.03
3651.6414,10.337,0.031
3653.62875,10.358,0.036
3655.62791,10.335,0.028
3658.61662,10.193,0.033
3663.60808,9.92,0.036
3666.59731,10.171,0.029
3670.5873,9.922,0.027
3673.57799,10.372,0.027
3676.56682,10.176,0.028
3680.55634,10.36,0.028
3904.9335,10.004,0.04
3909.92184,10,0.031
3913.90989,9.966,0.035
4282.90182,10.409,0.063
4282.91848,10.405,0.06
4284.8923,10.304,0.031
4285.91074,10.134,0.047
4291.87131,10.384,0.035
4292.89258,10.009,0.039
4295.89175,10.006,0.029
4297.86203,10.016,0.039
4298.88287,10.357,0.066
4300.85257,10.357,0.039
4301.86825,10.024,0.031
4303.84146,10.056,0.036
4305.84242,10.213,0.055
4307.8333,10.325,0.032
4309.83276,10.382,0.058
4311.82561,10.314,0.031
4311.84177,10.271,0.033
4314.82044,10.22,0.03
4314.8357,10.256,0.033
4319.8062,9.964,0.039
4330.76492,10.025,0.03
4332.76485,10.196,0.037
4332.79338,10.238,0.037
4334.76477,10.336,0.026
4334.78583,10.345,0.029
4338.75552,10.37,0.048
4338.77453,10.283,0.05
4340.74753,10.193,0.06
4340.76792,10.038,0.036
4346.71665,10.042,0.047
4348.72679,10.059,0.029
4351.71762,10.005,0.042
4354.70614,10.359,0.026
4356.72859,10.261,0.03
4357.69668,10.022,0.029
4359.71541,10.205,0.061
4361.68935,10.286,0.032
4363.68729,10.361,0.028
4364.70904,9.98,0.028
4365.67804,10.359,0.027
4368.66697,10.135,0.032
4373.65848,9.934,0.031
4376.65102,10.29,0.029
4379.63754,10.257,0.029
4381.63944,10.381,0.036
4384.62852,9.983,0.033
4387.61754,10.071,0.025
4389.61914,9.965,0.034
4389.64359,9.911,0.036
4393.6062,9.972,0.041
4402.57795,9.955,0.03
4407.57324,10.008,0.026
4411.55906,9.953,0.03
4455.58276,10.051,0.056
4456.5513,10.117,0.067
4458.56209,10.269,0.045
4459.5508,9.921,0.045
4462.55355,10.341,0.044
4465.55066,10.202,0.041
4467.55206,10.297,0.043
4649.92979,10.326,0.039
4650.93206,9.952,0.037
4656.91237,10.333,0.036
4663.93515,10.258,0.041
4664.89803,10.042,0.031
4666.92345,9.929,0.034
4669.89538,10.404,0.046
4670.89297,10.093,0.067
4674.86544,10.327,0.04
4674.91986,10.335,0.03
4678.87494,10.294,0.05
4681.86059,10.238,0.032
4681.87504,10.262,0.034
4684.83777,9.938,0.046
4686.85651,9.986,0.033
4690.83456,10.23,0.028
4691.8526,9.97,0.031
4693.83701,9.964,0.054
4694.8357,10.322,0.034
4697.78634,10.006,0.032
4700.89569,9.964,0.031
4701.85396,10.355,0.029
4703.7985,10.357,0.03
4704.8175,9.986,0.036
4707.77753,10.203,0.04
4707.81429,10.047,0.034
4710.79412,10.319,0.043
4716.7633,10.13,0.036
4720.75557,9.949,0.033
4722.77254,10.003,0.032
4722.79413,10.068,0.032
4728.75589,10.328,0.03
4728.77917,10.362,0.035
4734.73052,10.053,0.035
4734.75139,10,0.039
4738.77409,10.036,0.029
4738.79218,10.099,0.035
4741.70788,10.267,0.03
4744.68719,10.24,0.029
4744.70933,10.271,0.034
4746.69685,10.321,0.037
4746.72141,10.345,0.034
4748.69015,10.587,0.031
4748.75728,10.122,0.041
4755.68343,10.316,0.039
4756.70226,9.909,0.04
4757.75461,10.039,0.034
4760.64449,10.089,0.03
4761.74471,9.929,0.034
4763.64749,9.921,0.028
4765.70518,10.054,0.028
4768.61706,10.368,0.037
4770.70454,9.958,0.041
4773.60859,10.325,0.028
4775.6343,10.357,0.035
4777.62415,10.284,0.03
4777.64415,10.089,0.032
4783.6063,9.885,0.042
4783.63223,9.945,0.048
4786.61214,10.125,0.029
4792.56603,9.942,0.048
4795.58122,10.184,0.047
4798.56163,10.276,0.039
4801.54709,9.923,0.031
4803.59814,10.193,0.033
4810.5594,10.027,0.056
4813.55956,10.023,0.049
4814.55471,10.234,0.036
4816.55014,10.376,0.035
4820.54906,10.231,0.04
4820.59285,10.057,0.04
4823.54035,10.257,0.039
4823.58413,10.435,0.041
4826.54976,9.929,0.045
4826.58285,10.048,0.051
4830.53813,10.192,0.039
5021.92545,10.245,0.047
5040.90471,10.23,0.04
5048.84335,10.27,0.046
5063.83085,9.891,0.046
5067.8042,10.134,0.053
5084.80077,10.043,0.049
5087.76745,10.285,0.061
5098.73674,10.348,0.048
5106.7365,9.917,0.064
5111.73001,10.094,0.049
5144.71509,10.156,0.046
5145.60606,10.398,0.059
5155.64375,10.173,0.071
5158.56718,10.085,0.07
5158.58824,9.986,0.072
5165.56394,10.262,0.071
5168.57012,10.362,0.075
