1868.57131,11.501,0.024
1868.58427,11.463,0.029
1869.56436,11.701,0.026
1872.55841,11.757,0.031
1874.54493,11.883,0.033
1876.54414,11.817,0.03
1877.54497,11.449,0.024
1877.60855,11.459,0.029
1878.58733,11.859,0.029
1880.56806,11.801,0.027
1884.52517,11.503,0.038
1886.56821,11.554,0.029
1888.57302,11.472,0.031
1889.56502,11.921,0.026
1900.52575,11.829,0.028
1900.56133,11.742,0.023
1903.56899,11.468,0.032
1905.57688,11.485,0.034
1907.57971,11.451,0.029
1914.55251,11.515,0.036
1918.55778,11.451,0.028
1921.54746,11.744,0.027
1924.5453,11.556,0.029
1930.54559,11.833,0.028
1933.54246,11.456,0.028
1938.56547,11.656,0.028
1948.54911,11.392,0.028
1952.51704,11.623,0.038
1955.52706,11.507,0.034
1964.50719,11.561,0.036
2033.939,11.843,0.04
2052.93767,11.558,0.033
2054.90623,11.42,0.038
2056.89661,11.452,0.04
2067.84886,11.528,0.033
2067.85606,11.478,0.039
2068.84926,11.804,0.038
2068.85885,11.821,0.041
2069.84221,11.533,0.032
2069.85401,11.497,0.039
2070.85506,11.765,0.034
2080.84705,11.442,0.036
2082.9027,11.456,0.035
2085.90636,11.875,0.032
2087.8611,11.688,0.04
2088.89157,11.518,0.035
2093.8966,11.519,0.035
2103.77139,11.822,0.037
2104.85272,11.539,0.03
2105.84858,11.819,0.035
2106.86606,11.456,0.035
2115.78506,11.435,0.033
2116.81596,11.798,0.033
2122.83336,11.697,0.039
2128.72114,11.425,0.034
2129.74041,11.854,0.032
2130.76014,11.412,0.03
2131.77048,11.867,0.033
2132.78423,11.407,0.025
2133.77958,11.751,0.032
2134.78199,11.487,0.032
2136.79872,11.52,0.037
2143.75721,11.41,0.033
2144.75281,11.809,0.033
2156.69085,11.495,0.029
2156.70876,11.393,0.033
2166.73943,11.847,0.028
2167.68386,11.494,0.024
2167.72214,11.441,0.031
2168.70024,11.803,0.025
2168.73903,11.873,0.029
2169.71186,11.426,0.027
2169.74079,11.41,0.028
2170.76862,11.752,0.041
2171.69464,11.474,0.027
2172.64999,11.539,0.031
2172.71095,11.738,0.026
2173.68466,11.598,0.024
2173.7069,11.577,0.031
2174.68232,11.598,0.025
2174.70682,11.671,0.03
2177.74817,11.552,0.031
2178.66276,11.433,0.027
2178.6986,11.51,0.029
2180.58378,11.491,0.036
2180.63633,11.439,0.03
2183.61684,11.596,0.029
2183.64003,11.648,0.031
2184.63884,11.576,0.03
2184.65911,11.525,0.031
2185.6496,11.614,0.027
2185.66529,11.577,0.032
2186.68693,11.543,0.028
2186.71382,11.536,0.032
2190.56377,11.736,0.025
2190.68723,11.803,0.03
2191.64942,11.39,0.028
2191.68635,11.463,0.044
2192.64624,11.838,0.025
2192.67779,11.869,0.029
2193.64964,11.413,0.029
2194.64308,11.814,0.027
2195.64289,11.525,0.026
2195.67205,11.466,0.034
2196.6734,11.791,0.029
2197.63936,11.564,0.027
2198.63595,11.618,0.028
2198.66632,11.73,0.027
2199.63436,11.716,0.03
2199.66359,11.545,0.03
2201.62312,11.873,0.027
2202.63063,11.443,0.03
2202.65989,11.548,0.029
2203.62014,11.865,0.031
2204.61584,11.487,0.028
2204.64739,11.448,0.03
2206.61469,11.449,0.03
2206.644,11.407,0.029
2207.61123,11.823,0.029
2211.57814,11.526,0.03
2211.58732,11.535,0.034
2213.57538,11.461,0.031
2214.60595,11.865,0.029
2215.61046,11.406,0.03
2216.60608,11.864,0.03
2217.60574,11.464,0.028
2219.57668,11.44,0.032
2222.5981,11.704,0.028
2224.58187,11.606,0.034
2225.59085,11.734,0.027
2226.59158,11.538,0.026
2227.58542,11.806,0.028
2228.58143,11.415,0.028
2229.58224,11.856,0.029
2230.57779,11.524,0.028
2232.5682,11.474,0.029
2233.57334,11.785,0.03
2235.56019,11.658,0.028
2236.55442,11.685,0.032
2237.56147,11.523,0.031
2239.56912,11.529,0.034
2241.54326,11.466,0.034
2243.54174,11.437,0.041
2247.58197,11.481,0.033
2249.5896,11.473,0.034
2251.56516,11.739,0.035
2251.59992,11.545,0.035
2253.55048,11.853,0.034
2255.55088,11.864,0.04
2255.59101,11.844,0.034
2257.56953,11.866,0.04
2257.58712,11.8,0.033
2260.56629,11.466,0.043
2260.57933,11.523,0.036
2443.84917,11.852,0.028
2444.84374,11.458,0.023
2445.82718,11.799,0.024
2465.87118,11.49,0.042
2467.84096,11.798,0.027
2470.83955,11.405,0.034
2473.79305,11.685,0.033
2482.73745,11.714,0.035
2486.79313,11.667,0.037
2486.80833,11.808,0.037
2490.80045,11.556,0.038
2491.80712,11.618,0.041
2492.88329,11.723,0.033
2495.72968,11.696,0.033
2495.74529,11.802,0.03
2496.78347,11.364,0.032
2499.78079,11.734,0.035
2501.77079,11.643,0.034
2501.77712,11.764,0.034
2502.77707,11.483,0.038
2508.72521,11.848,0.033
2540.66536,11.563,0.034
2544.73161,11.516,0.036
2552.84002,11.616,0.029
2556.69957,11.71,0.033
2559.69824,11.418,0.026
2562.67194,11.778,0.025
2563.68151,11.52,0.037
2564.67621,11.714,0.034
2565.69888,11.516,0.032
2566.71144,11.797,0.034
2578.69433,11.409,0.029
2620.56926,11.431,0.033
2624.63581,11.433,0.031
2627.64477,11.864,0.032
2629.64183,11.762,0.027
2634.58589,11.85,0.03
2636.60799,11.863,0.029
2638.61765,11.823,0.03
2640.61563,11.875,0.024
2642.61348,11.827,0.025
2644.60939,11.715,0.026
2646.59107,11.571,0.025
2649.58525,11.823,0.025
2651.5904,11.879,0.024
2653.60448,11.845,0.024
2655.61993,11.91,0.026
2658.62095,11.439,0.026
2660.62318,11.532,0.03
2662.62011,11.677,0.024
2664.61145,11.867,0.026
2666.60894,11.852,0.024
2668.61468,11.858,0.024
2672.60859,11.784,0.024
2676.58268,11.567,0.023
2678.56812,11.454,0.024
2680.5709,11.421,0.027
2685.53342,11.496,0.029
2689.55337,11.541,0.023
2691.54756,11.431,0.026
2694.52011,11.847,0.025
2696.5233,11.691,0.025
2698.52224,11.612,0.025
2700.52937,11.876,0.025
2702.52601,11.825,0.025
2704.5174,11.41,0.025
2706.51331,11.459,0.025
2711.49796,11.585,0.034
2757.92696,11.864,0.028
2763.92312,11.718,0.027
2767.92431,11.644,0.026
2786.90074,11.422,0.028
2809.86012,11.763,0.028
2811.89722,11.775,0.03
2830.79448,11.555,0.025
2832.84483,11.555,0.032
2834.85356,11.677,0.038
2838.83647,11.472,0.033
2841.79302,11.715,0.032
2844.90119,11.436,0.028
2851.89415,11.603,0.032
2854.76977,11.644,0.029
2858.77602,11.516,0.033
2860.77664,11.623,0.03
2871.84489,11.812,0.031
2874.77351,11.861,0.029
2876.76949,11.796,0.027
2879.75618,11.436,0.033
2883.75729,11.655,0.028
2885.71755,11.92,0.034
2886.82172,11.698,0.035
2894.69433,11.691,0.037
2895.80521,11.777,0.034
2897.82192,11.811,0.032
2899.78627,11.621,0.034
2902.75997,11.842,0.033
2905.68061,11.548,0.033
2910.6749,11.447,0.038
2915.70538,11.945,0.034
2917.61453,11.517,0.033
2918.75972,11.4,0.038
2923.72334,11.512,0.032
2926.73158,11.866,0.034
2930.72163,11.824,0.034
2932.7099,11.746,0.033
2934.70466,11.669,0.033
2940.60351,11.64,0.032
2942.62193,11.513,0.039
2943.66863,11.832,0.032
2946.61622,11.821,0.029
2947.82112,11.801,0.033
2949.70962,11.708,0.025
2951.71694,11.669,0.027
2955.77413,11.579,0.026
2964.58012,11.514,0.037
2966.59745,11.47,0.024
2968.6077,11.52,0.023
2970.59912,11.903,0.023
2972.63648,11.556,0.024
2977.58617,11.436,0.028
2979.60915,11.474,0.028
2981.62603,11.44,0.029
2983.6393,11.402,0.027
2985.64547,11.546,0.024
2987.67484,11.526,0.025
2992.63959,11.513,0.03
2994.65985,11.449,0.024
2998.68658,11.485,0.028
3001.63292,11.627,0.024
3005.61549,11.458,0.027
3007.62669,11.445,0.026
3009.67211,11.452,0.029
3011.67189,11.451,0.029
3013.67663,11.445,0.03
3017.58856,11.891,0.025
3023.59455,11.777,0.027
3030.62758,11.713,0.024
3033.56065,11.442,0.024
3035.58542,11.491,0.027
3039.59111,11.538,0.029
3043.55512,11.9,0.027
3046.55464,11.447,0.026
3049.54663,11.719,0.024
3058.52786,11.829,0.035
3061.51541,11.581,0.033
3064.52449,11.632,0.028
3068.52227,11.421,0.026
3163.91504,11.371,0.029
3171.88529,11.591,0.04
3180.89922,11.473,0.034
3193.93831,11.587,0.033
3211.92104,11.759,0.03
3355.58162,11.811,0.025
3357.63789,11.843,0.027
3358.57062,11.563,0.024
3362.66673,11.477,0.033
3363.62528,11.658,0.027
3366.64181,11.761,0.036
3366.68299,11.514,0.031
3374.65595,11.849,0.043
3382.58615,11.454,0.031
3389.57888,11.564,0.03
3391.61197,11.564,0.03
3395.59636,11.405,0.029
3395.59949,11.392,0.031
3398.57135,11.743,0.026
3400.57118,11.654,0.031
3404.58078,11.53,0.027
3404.58444,11.579,0.031
3406.58416,11.463,0.032
3410.54044,11.473,0.027
3411.53657,11.701,0.029
3415.54227,11.552,0.029
3416.5371,11.883,0.04
3421.53659,11.44,0.033
3425.5248,11.571,0.027
3436.50333,11.622,0.03
3439.50094,11.521,0.027
3444.49899,11.895,0.031
3512.92492,11.404,0.041
3522.88981,11.859,0.031
3522.92644,11.746,0.03
3525.91671,11.475,0.029
3526.91491,11.915,0.035
3544.8706,11.581,0.034
3552.8618,11.839,0.034
3552.91624,11.843,0.045
3556.86267,11.672,0.027
3560.83607,11.447,0.034
3563.87337,11.847,0.027
3563.89903,11.878,0.034
3568.91639,11.422,0.026
3571.84062,11.621,0.028
3573.87913,11.586,0.03
3574.8289,11.827,0.027
3576.86895,11.826,0.031
3577.82806,11.453,0.028
3581.87495,11.431,0.024
3581.92824,11.518,0.03
3584.81487,11.546,0.04
3584.85688,11.657,0.033
3587.79984,11.868,0.027
3587.83728,11.834,0.031
3590.79874,11.51,0.026
3590.83578,11.385,0.029
3593.59805,11.553,0.034
3593.60048,11.51,0.033
3593.60416,11.525,0.034
3594.59386,11.662,0.04
3594.5963,11.631,0.036
3594.59878,11.642,0.032
3594.60218,11.703,0.034
3597.81379,11.528,0.031
3599.82941,11.619,0.037
3601.72868,11.518,0.026
3601.82265,11.437,0.03
3603.82108,11.359,0.03
3607.5605,11.578,0.032
3607.56295,11.651,0.036
3607.56551,11.588,0.037
3607.56807,11.603,0.036
3608.55615,11.777,0.034
3608.55862,11.74,0.035
3608.56108,11.749,0.033
3608.56359,11.715,0.032
3608.5661,11.664,0.037
3615.53416,11.491,0.039
3615.53662,11.491,0.037
3615.53916,11.441,0.037
3615.54169,11.5,0.035
3615.54425,11.45,0.037
3615.82981,11.915,0.033
3615.8447,11.8,0.039
3618.72954,11.532,0.028
3618.77835,11.46,0.032
3621.71968,11.503,0.031
3621.79518,11.682,0.035
3624.76643,11.803,0.025
3624.8691,11.485,0.028
3628.74603,11.794,0.03
3629.71888,11.573,0.031
3630.77123,11.79,0.032
3631.72894,11.497,0.028
3632.79038,11.743,0.032
3633.77674,11.495,0.025
3636.75754,11.707,0.027
3638.76488,11.443,0.031
3639.67527,11.864,0.032
3641.7418,11.838,0.037
3642.69587,11.485,0.026
3644.68852,11.579,0.034
3644.7726,11.471,0.031
3648.69671,11.81,0.029
3650.70709,11.805,0.022
3650.77461,11.608,0.028
3652.70778,11.858,0.035
3652.75302,11.78,0.029
3654.68736,11.804,0.027
3654.77024,11.829,0.029
3656.66197,11.641,0.026
3656.70968,11.763,0.029
3658.66507,11.59,0.026
3658.69861,11.709,0.03
3660.69325,11.53,0.029
3660.72177,11.598,0.03
3662.75772,11.521,0.029
3662.79194,11.729,0.034
3665.59388,11.629,0.026
3665.64047,11.772,0.029
3668.67941,11.521,0.024
3668.7596,11.431,0.025
3670.731,11.47,0.023
3671.61498,11.407,0.028
3673.56706,11.473,0.026
3673.66905,11.518,0.029
3675.64127,11.456,0.024
3675.72037,11.554,0.027
3677.77826,11.693,0.027
3678.62657,11.8,0.028
3700.59796,11.884,0.028
3700.61179,11.902,0.032
3702.73114,11.524,0.024
3703.58058,11.423,0.03
3705.62133,11.505,0.026
3705.696,11.511,0.03
3707.69605,11.44,0.023
3708.60389,11.662,0.028
3711.69831,11.493,0.025
3712.58563,11.416,0.028
3713.65786,11.644,0.029
3714.60398,11.438,0.029
3715.69586,11.606,0.028
3716.65709,11.518,0.029
3718.58339,11.615,0.026
3718.66752,11.365,0.031
3720.66709,11.44,0.028
3720.75873,11.585,0.032
3726.57873,11.883,0.026
3726.6012,11.799,0.03
3728.63365,11.778,0.028
3728.65613,11.645,0.032
3732.5982,11.854,0.031
3732.61807,11.809,0.034
3735.60124,11.604,0.031
3735.61753,11.456,0.03
3737.71369,11.414,0.033
3738.56752,11.493,0.025
3740.56513,11.451,0.028
3740.61929,11.841,0.025
3742.63281,11.498,0.031
3743.60129,11.833,0.025
3745.618,11.812,0.029
3746.61929,11.448,0.029
3748.61247,11.533,0.03
3749.59028,11.709,0.03
3750.64255,11.409,0.032
3752.60599,11.711,0.032
3755.56385,11.423,0.025
3756.58021,11.535,0.034
3758.56297,11.88,0.025
3758.63762,11.867,0.029
3761.56849,11.527,0.028
3761.60283,11.44,0.034
3764.55602,11.527,0.033
3764.58574,11.623,0.034
3767.54857,11.891,0.034
3769.58082,11.928,0.032
3771.61632,11.903,0.032
3773.55117,11.763,0.031
3776.54181,11.626,0.027
3779.54253,11.495,0.032
3779.56768,11.479,0.035
3783.54123,11.439,0.036
3788.51902,11.61,0.028
3790.54021,11.638,0.032
3791.51942,11.837,0.027
3793.53485,11.923,0.036
3794.51253,11.599,0.03
3798.50851,11.527,0.027
3860.92398,11.782,0.031
3863.92482,11.44,0.029
3864.92383,11.834,0.029
3868.91315,11.87,0.035
3872.90616,11.57,0.026
3877.8994,11.79,0.026
3877.93011,11.881,0.031
3889.92853,11.444,0.03
3893.91303,11.512,0.027
3898.90971,11.562,0.028
3900.90794,11.448,0.035
3902.88411,11.462,0.027
3903.92168,11.818,0.032
3905.90696,11.855,0.035
3906.92914,11.43,0.032
3909.86323,11.489,0.027
3913.92263,11.665,0.032
4089.68215,11.65,0.037
4090.59599,11.801,0.025
4092.61936,11.819,0.029
4092.66881,11.873,0.028
4103.61687,11.93,0.03
4105.63941,11.767,0.029
4106.63637,11.46,0.023
4107.65376,11.803,0.027
4109.64802,11.778,0.039
4111.65526,11.689,0.029
4126.64332,11.608,0.031
4129.55465,11.7,0.045
4129.58062,11.836,0.024
4131.5959,11.801,0.045
4132.54667,11.518,0.025
4133.6101,11.762,0.03
4134.58652,11.516,0.027
4137.55816,11.539,0.024
4139.57298,11.466,0.026
4140.60331,11.806,0.026
4142.5456,11.847,0.032
4143.56458,11.428,0.03
4145.53525,11.604,0.025
4150.54904,11.505,0.028
4153.51776,11.87,0.023
4153.52837,11.791,0.026
4159.53255,11.666,0.028
4161.54424,11.576,0.029
4164.53408,11.898,0.03
4174.50796,11.576,0.03
4177.50059,11.855,0.027
4182.4899,11.482,0.033
4229.92928,11.561,0.026
4233.92503,11.82,0.03
4246.90213,11.859,0.031
4255.90548,11.568,0.028
4258.9193,11.525,0.03
4268.92902,11.495,0.032
4273.85872,11.466,0.029
4273.91826,11.554,0.033
4278.9056,11.84,0.03
4283.89243,11.631,0.032
4285.87252,11.8,0.03
4290.8681,11.488,0.041
4290.88065,11.458,0.041
4293.89591,11.805,0.032
4296.85905,11.77,0.03
4296.89346,11.533,0.034
4301.84004,11.404,0.032
4302.88295,11.867,0.036
4304.77923,11.622,0.03
4306.81543,11.602,0.024
4308.81702,11.658,0.032
4310.8373,11.557,0.027
4311.82976,11.84,0.031
4314.90318,11.549,0.031
4316.76667,11.538,0.026
4319.86745,11.826,0.023
4329.8357,11.477,0.03
4329.87488,11.439,0.034
4331.81332,11.516,0.023
4331.8499,11.406,0.03
4333.82054,11.564,0.03
4336.78155,11.485,0.027
4336.82091,11.609,0.033
4339.74308,11.777,0.025
4339.77786,11.838,0.03
4341.75903,11.709,0.037
4341.79612,11.874,0.03
4343.79267,11.745,0.038
4343.83236,11.879,0.04
4345.7959,11.689,0.042
4346.76546,11.655,0.037
4350.72091,11.784,0.027
4351.75599,11.377,0.039
4353.71065,11.467,0.024
4355.76843,11.446,0.023
4357.73875,11.669,0.031
4358.69794,11.482,0.028
4361.69298,11.932,0.034
4362.73047,11.439,0.038
4363.72331,11.814,0.024
4364.7124,11.444,0.028
4365.71576,11.766,0.023
4367.69962,11.687,0.03
4367.79969,11.809,0.029
4369.75771,11.806,0.032
4369.79646,11.69,0.028
4371.81801,11.823,0.026
4374.76645,11.686,0.03
4374.79502,11.46,0.035
4377.64655,11.55,0.025
4377.68592,11.472,0.03
4379.69946,11.467,0.025
4379.73426,11.458,0.028
4381.72827,11.499,0.029
4381.7827,11.412,0.035
4383.80046,11.435,0.033
4384.66567,11.479,0.031
4386.61411,11.409,0.024
4386.71547,11.543,0.027
4388.66895,11.409,0.025
4388.72029,11.49,0.028
4392.63807,11.545,0.025
4392.68634,11.453,0.028
4398.73877,11.589,0.027
4398.74836,11.533,0.031
4403.74735,11.534,0.026
4403.75005,11.476,0.027
4407.74219,11.461,0.028
4407.74493,11.454,0.029
4410.61542,11.437,0.032
4410.641,11.461,0.027
4413.65723,11.954,0.031
4413.68209,11.809,0.028
4418.7877,11.625,0.032
4418.79049,11.553,0.031
4421.66606,11.729,0.025
4421.66889,11.763,0.027
4423.68902,11.689,0.025
4424.72606,11.44,0.029
4427.63517,11.542,0.029
4429.59071,11.548,0.026
4429.65411,11.44,0.029
4431.66932,11.438,0.025
4431.69693,11.44,0.029
4433.76419,11.506,0.028
4433.76993,11.456,0.027
4436.63511,11.583,0.03
4438.71505,11.758,0.03
4438.7283,11.639,0.033
4441.62375,11.896,0.03
4441.63116,11.886,0.034
4444.62678,11.482,0.035
4444.63371,11.44,0.033
4452.58936,11.843,0.036
4454.58983,11.879,0.03
4456.67322,11.909,0.036
4459.60096,11.616,0.032
4459.60868,11.562,0.029
4462.59932,11.533,0.025
4464.59658,11.53,0.029
4464.6717,11.693,0.027
4466.70391,11.64,0.039
4469.62952,12.524,0.031
4473.62856,11.757,0.03
4474.60587,11.557,0.024
4476.62203,11.574,0.031
4479.59513,11.472,0.041
4480.5602,11.769,0.035
4483.57549,11.545,0.026
4485.56553,11.435,0.034
4486.59387,11.777,0.032
4489.56553,11.745,0.025
4489.64381,11.435,0.03
4491.6084,11.781,0.026
4492.57549,11.428,0.028
4494.56007,11.474,0.026
4494.60138,11.474,0.034
4498.56205,11.494,0.025
4498.60144,11.476,0.029
4501.55427,11.699,0.03
4504.55425,11.769,0.031
4504.57101,11.886,0.033
4507.52842,11.486,0.029
4507.54296,11.466,0.032
4510.54104,11.795,0.034
4510.54967,11.748,0.037
4517.54878,11.818,0.032
4518.52163,11.443,0.028
4520.53729,11.442,0.026
4521.51554,11.857,0.025
4522.55974,11.384,0.038
4524.50849,11.622,0.031
4525.53446,11.646,0.038
4528.50826,11.871,0.029
4528.53019,11.927,0.033
4531.52474,11.342,0.031
4534.51467,11.799,0.032
4538.50267,11.651,0.032
4541.51493,11.833,0.03
4548.49551,11.485,0.032
4588.92974,11.813,0.028
4593.92475,11.435,0.026
4597.92264,11.711,0.025
4601.91137,11.81,0.032
4610.91829,11.633,0.034
4611.92937,11.571,0.029
4622.91281,11.653,0.031
4623.91533,11.571,0.032
4627.90762,11.843,0.033
4630.90551,11.444,0.031
4632.88642,11.484,0.026
4639.88745,11.501,0.032
4640.91142,11.832,0.031
4643.85752,11.491,0.028
4644.89118,11.736,0.037
4646.91289,11.724,0.032
4648.88667,11.67,0.031
4649.91043,11.567,0.033
4652.8632,11.469,0.03
4652.90159,11.53,0.025
4656.86056,11.421,0.032
4661.89309,11.699,0.029
4662.83831,11.703,0.031
4664.81821,11.851,0.027
4665.86821,11.474,0.03
4666.85628,11.837,0.028
4672.88822,11.792,0.031
4675.90697,11.46,0.028
4676.88575,11.678,0.03
4682.80396,11.507,0.036
4684.89081,11.386,0.029
4685.83314,11.753,0.032
4686.86948,11.517,0.029
4690.79999,11.849,0.025
4690.84596,11.704,0.029
4693.85597,11.396,0.034
4696.87639,11.802,0.028
4697.82818,11.475,0.033
4701.8142,11.675,0.025
4702.79667,11.447,0.028
4704.75705,11.514,0.03
4705.79004,12.004,0.037
4707.7602,11.85,0.033
4715.77612,11.528,0.031
4715.81405,11.521,0.034
4721.66261,11.842,0.028
4721.7373,11.452,0.036
4724.73001,11.504,0.03
4724.7629,11.615,0.032
4726.79573,11.611,0.026
4726.81745,11.782,0.03
4729.73497,11.842,0.024
4729.7604,11.785,0.03
4732.85478,11.475,0.041
4736.67721,11.77,0.028
4736.71772,11.65,0.031
4740.65015,11.813,0.029
4740.68507,11.815,0.03
4745.63638,11.856,0.028
4747.68535,11.695,0.026
4747.72778,11.396,0.03
4750.68527,11.498,0.028
4752.72033,11.502,0.031
4754.72169,11.41,0.027
4754.75961,11.568,0.031
4756.74956,11.407,0.032
4757.64418,11.553,0.028
4758.8129,11.485,0.035
4759.71397,11.738,0.031
4761.63104,11.433,0.03
4762.63674,11.858,0.03
4763.75942,11.766,0.027
4764.71736,11.769,0.029
4766.60819,11.761,0.029
4767.61657,11.48,0.032
4768.71064,11.843,0.024
4769.73955,11.81,0.028
4770.76732,11.874,0.024
4772.60623,11.459,0.029
4774.65746,11.523,0.027
4775.62124,11.858,0.026
4777.61117,11.787,0.023
4778.6398,11.459,0.029
4779.62914,11.85,0.029
4780.67092,11.48,0.032
4782.69143,11.466,0.039
4783.73989,11.93,0.035
4784.76912,11.504,0.034
4786.64551,11.664,0.028
4787.74737,11.831,0.029
4793.63088,11.397,0.036
4794.67936,11.838,0.029
4795.77048,11.555,0.032
4797.68167,11.449,0.03
4798.65368,11.76,0.033
4802.60782,11.423,0.035
4803.586,11.829,0.027
4804.64267,11.473,0.027
4805.67648,11.869,0.03
4806.70774,11.431,0.03
4807.62515,11.824,0.026
4808.74929,11.496,0.028
4809.69472,11.801,0.03
4811.60025,11.526,0.032
4814.59969,11.917,0.031
4814.72894,11.461,0.033
4816.68687,11.723,0.029
4817.64946,11.463,0.037
4819.71086,11.503,0.031
4822.6122,11.679,0.035
4823.65951,11.563,0.04
4824.71894,11.858,0.034
4826.64315,11.532,0.035
4829.70622,11.533,0.032
4831.61611,11.815,0.034
4834.65646,11.387,0.034
4836.65146,11.446,0.038
4837.59709,11.617,0.031
4839.58243,11.975,0.036
4839.63451,11.618,0.037
4842.58428,11.809,0.029
4842.61383,11.948,0.033
4845.57457,11.529,0.035
4845.60425,11.531,0.037
4848.56881,11.681,0.029
4848.60085,11.73,0.037
4851.56768,11.874,0.04
4857.58723,11.935,0.038
4860.57795,11.481,0.029
4860.6198,11.374,0.032
4872.56449,11.78,0.032
4872.57522,11.959,0.036
4875.5795,11.481,0.031
4879.52901,11.926,0.033
4880.52906,11.518,0.029
4882.53281,11.466,0.039
4883.53336,11.799,0.031
4917.48688,11.413,0.041
4973.92024,11.485,0.041
4985.92159,11.799,0.034
4989.88131,11.82,0.035
4993.91733,11.705,0.036
4994.93394,11.517,0.039
5008.89928,11.626,0.039
5008.93427,11.751,0.042
5013.88601,11.78,0.043
5022.84152,11.841,0.036
5023.88754,11.575,0.038
5040.86268,11.48,0.037
5041.77511,11.643,0.031
5049.85711,11.66,0.038
5065.85459,11.833,0.037
5072.86383,11.437,0.037
5075.80265,11.502,0.042
5082.83429,11.856,0.044
5085.75068,11.677,0.04
5085.84872,11.582,0.035
5087.83556,11.492,0.036
5088.69574,11.472,0.03
5092.78943,11.45,0.038
5092.85941,11.569,0.034
5097.72482,11.631,0.036
5099.72715,11.479,0.032
5104.74277,11.764,0.038
5110.74244,11.563,0.036
5111.68191,11.829,0.038
5113.77124,11.637,0.037
5118.78627,11.457,0.034
5124.74329,12.001,0.035
5124.81861,11.42,0.033
5141.81021,11.52,0.038
5145.63971,11.598,0.038
5164.69731,11.586,0.037
