1868.5846,11.334,0.025
1869.57146,11.271,0.022
1870.58999,11.294,0.021
1872.56315,11.01,0.023
1874.54511,10.727,0.022
1876.5488,10.497,0.02
1878.53609,10.383,0.021
1880.53505,11.53,0.021
1884.52265,11.466,0.033
1886.54996,11.403,0.022
1900.56722,10.52,0.022
1903.57937,10.291,0.024
1905.59176,11.166,0.024
1914.56695,11.348,0.023
1919.56929,10.999,0.023
1922.53865,10.552,0.023
1928.54672,11.561,0.022
1931.5666,11.409,0.029
1939.53641,11.169,0.025
2039.92164,11.506,0.034
2053.8979,10.8,0.028
2055.90199,10.647,0.031
2057.89886,10.3,0.026
2069.88026,11.378,0.03
2070.87857,11.292,0.029
2080.87514,10.294,0.025
2082.91984,10.242,0.031
2085.92091,11.56,0.028
2087.87841,11.489,0.029
2093.90687,11.358,0.026
2094.90087,11.334,0.025
2095.86764,11.164,0.029
2103.7874,11.534,0.024
2104.85673,11.002,0.027
2105.85498,11.534,0.027
2113.88014,11.385,0.025
2115.79909,11.209,0.03
2116.82725,11.21,0.025
2117.87315,11.264,0.023
2128.72852,11.384,0.026
2129.74797,11.393,0.027
2130.7654,11.39,0.026
2132.78734,11.387,0.024
2133.78499,11.383,0.024
2134.78967,11.379,0.027
2135.79046,11.315,0.032
2143.76308,10.548,0.028
2144.75872,10.324,0.027
2156.69879,11.272,0.028
2164.72274,10.594,0.026
2167.69894,11.054,0.024
2168.71763,11.149,0.025
2169.72473,11.46,0.025
2170.75477,11.276,0.03
2171.7309,11.557,0.027
2172.73186,11.516,0.027
2173.6954,11.416,0.026
2174.69527,11.406,0.024
2177.67441,11.329,0.026
2178.67813,11.292,0.028
2180.62294,10.922,0.031
2183.63983,10.67,0.025
2184.64749,10.588,0.025
2185.66064,10.513,0.025
2186.69785,10.64,0.029
2189.71841,10.365,0.033
2190.67102,11.473,0.025
2191.67052,11.528,0.037
2192.6642,11.455,0.022
2193.66519,11.407,0.025
2194.65641,11.47,0.026
2195.65848,11.509,0.027
2196.6598,11.369,0.03
2197.65718,11.375,0.027
2199.64999,11.366,0.027
2201.63877,11.212,0.026
2202.64407,11.158,0.025
2203.63359,11.008,0.025
2204.63149,10.938,0.026
2206.63036,10.743,0.025
2207.62693,10.538,0.029
2208.66194,10.631,0.024
2211.60306,11.515,0.034
2213.58472,11.438,0.029
2214.61493,11.487,0.028
2215.61942,11.41,0.027
2216.61502,11.44,0.028
2217.61694,11.559,0.028
2221.60007,11.341,0.029
2222.60481,11.259,0.028
2224.59082,11.08,0.031
2225.60199,11.02,0.026
2226.59822,10.963,0.028
2227.59433,10.804,0.026
2229.59113,10.569,0.026
2230.59346,10.412,0.028
2232.58156,11.055,0.027
2233.58441,11.459,0.028
2234.5739,11.634,0.029
2235.56902,11.496,0.026
2236.56543,11.45,0.03
2237.57533,11.431,0.032
2239.56658,11.421,0.032
2243.55269,11.244,0.034
2247.57927,11.073,0.033
2249.60671,10.988,0.029
2255.58136,10.879,0.031
2257.58417,11.555,0.037
2443.87778,11.361,0.024
2445.85573,11.18,0.02
2460.84477,11.5,0.029
2466.81861,11.248,0.022
2468.92745,11.364,0.026
2470.8461,11.011,0.032
2473.80458,10.481,0.031
2482.75679,11.369,0.038
2486.79774,11.289,0.038
2490.81024,11.174,0.032
2490.84857,11.345,0.029
2491.81215,11.106,0.038
2495.75981,10.446,0.031
2496.7955,10.431,0.026
2498.78282,10.821,0.025
2499.7885,11.344,0.025
2501.7804,11.536,0.027
2502.78263,11.445,0.029
2508.72882,11.257,0.026
2511.70618,10.981,0.037
2519.77724,10.345,0.022
2520.88004,10.809,0.024
2523.74413,11.48,0.034
2526.73025,11.431,0.026
2544.73868,11.49,0.023
2552.83483,11.419,0.025
2556.7001,11.071,0.033
2558.74313,11.088,0.027
2559.69651,10.793,0.022
2560.68556,10.576,0.024
2561.67157,10.402,0.029
2562.67254,10.279,0.019
2563.67986,10.408,0.025
2564.67682,11.224,0.026
2565.6995,11.179,0.022
2566.71207,11.454,0.028
2621.61297,11.182,0.022
2622.67993,11.334,0.024
2624.7022,11.256,0.023
2627.70906,11.074,0.023
2628.60164,10.373,0.026
2635.63417,11.528,0.022
2637.64715,11.417,0.02
2639.64473,11.418,0.022
2641.64731,11.382,0.021
2643.65433,11.364,0.021
2645.61982,11.159,0.021
2647.60373,10.933,0.024
2650.5861,10.506,0.022
2652.5917,10.273,0.023
2654.59962,11.105,0.025
2657.62344,11.556,0.025
2660.54305,11.349,0.02
2666.5454,11.077,0.021
2668.55562,10.953,0.022
2670.5559,10.752,0.022
2672.55886,10.516,0.021
2674.54893,10.357,0.022
2676.54238,11.538,0.024
2678.53924,11.456,0.022
2680.54634,11.416,0.024
2685.52999,11.33,0.024
2688.52088,11.119,0.023
2690.52736,10.956,0.026
2692.52466,10.757,0.023
2695.51259,10.281,0.023
2697.51649,11.135,0.021
2700.50675,11.485,0.023
2783.92276,10.428,0.03
2786.90786,11.476,0.021
2809.87773,11.538,0.024
2811.91259,11.545,0.024
2813.89569,11.437,0.033
2819.93812,11.361,0.024
2830.80592,11.497,0.029
2832.86048,11.603,0.02
2834.85753,11.457,0.026
2838.84382,11.347,0.023
2841.80442,11.125,0.025
2844.89654,11.252,0.022
2853.79596,11.552,0.029
2856.82453,11.442,0.022
2861.78438,11.321,0.022
2872.82864,10.433,0.022
2875.8372,10.772,0.02
2877.79299,11.434,0.026
2883.81877,11.447,0.021
2885.72856,11.088,0.022
2886.83276,11.384,0.022
2892.7809,10.639,0.028
2894.701,11.561,0.026
2895.81193,10.368,0.022
2897.82873,10.292,0.02
2902.76924,11.418,0.027
2905.68536,11.204,0.02
2910.67978,10.698,0.024
2912.72601,10.72,0.03
2915.70344,10.35,0.023
2917.64638,11.478,0.022
2922.68118,11.382,0.021
2924.74662,11.409,0.028
2927.68533,11.276,0.021
2929.69128,11.199,0.021
2931.69836,11.027,0.022
2933.68728,10.781,0.027
2935.68209,10.53,0.02
2937.7027,10.373,0.022
2942.64894,11.432,0.021
2944.61218,11.413,0.024
2945.65412,11.391,0.027
2947.65176,11.36,0.023
2949.67886,11.347,0.024
2951.69303,11.258,0.036
2953.71212,11.211,0.028
2955.72158,11.077,0.023
2957.73098,10.959,0.024
2961.78703,10.826,0.023
2963.73673,10.276,0.023
2965.76859,10.339,0.026
2970.52375,11.029,0.021
2972.56468,10.995,0.029
2974.57525,10.893,0.021
2976.59321,10.771,0.022
2980.63801,10.519,0.024
2984.64899,11.174,0.037
2986.66826,11.516,0.022
2989.6191,11.456,0.022
2991.63529,11.396,0.023
2993.66353,11.401,0.023
2996.58209,11.042,0.028
2998.5885,10.889,0.021
3001.56838,10.388,0.02
3005.59022,11.325,0.022
3007.60224,11.557,0.023
3009.65799,11.469,0.027
3017.5996,11.3,0.021
3025.60778,10.573,0.022
3030.56453,11.498,0.022
3033.55528,11.406,0.022
3035.57981,11.402,0.024
3045.54832,10.667,0.023
3048.54114,10.31,0.025
3051.53613,11.559,0.026
3054.52803,11.419,0.023
3057.52508,11.389,0.027
3060.51547,11.299,0.035
3163.9364,11.549,0.022
3167.91369,11.402,0.027
3168.91981,11.373,0.024
3177.92459,10.984,0.033
3182.90596,10.438,0.037
3343.59596,11.364,0.031
3355.70092,10.823,0.024
3358.56914,11.47,0.025
3363.62337,11.471,0.029
3365.5876,11.365,0.028
3366.68913,11.405,0.034
3367.64475,11.368,0.032
3386.56592,11.389,0.029
3387.55307,11.308,0.027
3389.55418,11.306,0.022
3391.59841,11.319,0.027
3395.58549,10.975,0.027
3398.56219,10.533,0.025
3409.5627,11.419,0.025
3412.54405,11.344,0.027
3426.51126,11.491,0.026
3431.5045,11.342,0.032
3522.91825,11.34,0.025
3526.9075,11.047,0.034
3541.92533,11.491,0.032
3547.92662,11.275,0.029
3552.90093,10.738,0.027
3558.91187,11.212,0.029
3564.9223,11.474,0.023
3569.93106,11.37,0.022
3572.87064,11.062,0.024
3575.85943,10.551,0.022
3578.86033,10.484,0.029
3583.84939,11.406,0.023
3586.82482,11.392,0.033
3589.83391,11.331,0.028
3592.80981,11.049,0.03
3596.83953,10.765,0.024
3603.77989,11.427,0.025
3617.78824,10.762,0.03
3620.74249,10.766,0.03
3622.78965,10.699,0.022
3625.8101,11.538,0.028
3628.78442,11.461,0.021
3630.75788,11.38,0.027
3632.77687,11.375,0.024
3638.73645,10.77,0.022
3640.82902,10.998,0.026
3643.67763,11.56,0.024
3646.71835,11.473,0.021
3651.70745,11.35,0.023
3653.7193,11.287,0.027
3655.66273,11.076,0.024
3657.68264,10.988,0.028
3659.71788,10.932,0.024
3661.74922,10.868,0.024
3664.61287,11.524,0.023
3666.67367,11.562,0.022
3669.74086,11.527,0.021
3672.5964,11.304,0.02
3674.69821,11.388,0.022
3680.59117,10.535,0.024
3699.61538,11.128,0.029
3701.70504,11.29,0.032
3704.65069,10.803,0.023
3706.73649,11.031,0.028
3711.60071,11.471,0.024
3715.63565,11.443,0.035
3717.68981,11.41,0.029
3720.63472,11.319,0.028
3726.55843,10.399,0.034
3728.61579,10.506,0.028
3731.62695,10.353,0.028
3734.64811,11.53,0.031
3737.63141,11.449,0.022
3739.64752,11.406,0.023
3742.61303,11.385,0.024
3745.61539,11.167,0.026
3748.60986,10.89,0.027
3751.62247,10.611,0.028
3754.59503,11.111,0.03
3757.57274,11.453,0.023
3760.56775,11.424,0.026
3763.56312,11.368,0.027
3766.5482,11.146,0.029
3769.53745,10.832,0.03
3772.54548,10.482,0.026
3775.55083,10.826,0.028
3778.53598,11.489,0.028
3792.51053,10.683,0.029
3877.91914,11.086,0.024
3889.90905,11.46,0.023
3893.89726,11.376,0.022
3900.89336,11.047,0.026
3903.90835,10.768,0.021
3906.91687,10.469,0.025
4089.64092,11.434,0.022
4103.66773,10.709,0.033
4106.58395,11.519,0.023
4109.5967,11.442,0.027
4127.54526,11.502,0.024
4129.57298,11.568,0.023
4132.53891,11.42,0.026
4135.53657,11.405,0.023
4141.5302,11.007,0.024
4144.5253,10.631,0.024
4147.52345,10.325,0.023
4156.51626,11.403,0.025
4258.91469,10.32,0.024
4273.91095,11.203,0.029
4290.88538,11.426,0.036
4293.89329,11.346,0.023
4296.88201,11.123,0.027
4302.85503,10.321,0.028
4304.84358,11.441,0.024
4306.87035,11.508,0.022
4310.85202,11.458,0.023
4312.89679,11.442,0.038
4316.78392,11.023,0.024
4319.8882,11.152,0.025
4340.79198,11.002,0.027
4349.7257,11.427,0.029
4351.79061,11.507,0.035
4357.70724,11.227,0.024
4364.696,10.426,0.022
4366.85299,11.03,0.025
4368.74857,10.354,0.025
4372.73184,11.45,0.028
4375.73489,11.433,0.027
4377.80181,11.449,0.028
4380.65732,11.079,0.027
4382.69818,11.037,0.023
4384.72064,11.001,0.026
4386.70659,10.682,0.025
4388.6924,10.335,0.024
4392.66818,11.513,0.022
4399.83936,11.524,0.029
4407.63613,10.576,0.029
4409.655,10.413,0.026
4411.72828,10.602,0.031
4421.6102,11.337,0.026
4423.62544,11.287,0.032
4426.70496,11.267,0.029
4428.74301,11.248,0.028
4431.61598,10.359,0.026
4433.69171,10.576,0.022
4435.75941,10.688,0.03
4438.628,11.44,0.028
4440.72346,11.57,0.022
4443.64115,11.413,0.026
4448.68061,11.292,0.023
4455.6917,10.748,0.028
4458.62229,11.549,0.028
4461.61189,11.433,0.022
4463.66452,11.42,0.027
4485.60718,11.391,0.03
4490.60387,11.323,0.024
4493.57284,11.026,0.027
4497.5632,10.585,0.025
4503.54936,11.536,0.031
4506.5458,11.421,0.027
4509.53838,11.333,0.028
4512.53988,11.256,0.033
4518.51831,10.612,0.027
4521.5119,10.307,0.023
4602.92747,11.148,0.028
4611.92209,10.992,0.03
4623.90465,11.25,0.032
4627.89615,10.886,0.028
4630.89476,10.503,0.027
4640.88878,11.423,0.026
4644.87821,11.313,0.029
4648.87393,11.003,0.029
4651.89707,10.823,0.03
4655.85419,11.189,0.027
4661.92826,11.55,0.03
4664.85709,11.39,0.023
4671.89114,11.09,0.024
4681.83349,11.479,0.029
4686.86392,11.387,0.029
4690.82495,11.196,0.024
4693.83084,10.97,0.026
4697.79936,10.358,0.028
4702.77169,11.444,0.023
4705.75978,11.342,0.024
4720.74309,11.069,0.024
4722.76937,11.48,0.024
4725.76712,11.477,0.025
4728.73549,11.392,0.023
4734.74014,11.139,0.029
4747.71005,11.431,0.027
4750.65632,11.377,0.029
4754.74662,11.279,0.031
4757.62602,10.616,0.023
4759.69422,10.775,0.023
4761.79776,11.054,0.023
4764.6375,11.532,0.023
4769.62874,11.365,0.023
4771.67745,11.396,0.033
4773.7593,11.461,0.028
4776.57672,10.912,0.025
4778.61645,10.894,0.023
4780.64717,10.812,0.026
4783.69943,10.726,0.035
4786.61457,11.526,0.023
4797.63839,11.29,0.034
4802.58814,10.64,0.034
4804.60833,10.496,0.024
4806.66927,10.586,0.026
4808.68849,10.473,0.028
4813.71785,11.495,0.035
4816.60979,11.349,0.035
4828.56077,10.583,0.037
4833.61594,11.598,0.037
4836.57839,11.459,0.032
4838.64476,11.411,0.028
4844.59662,11.126,0.032
4847.59613,10.827,0.036
4850.58872,10.497,0.031
4853.58608,10.94,0.027
4859.58264,11.504,0.036
4870.54847,10.661,0.027
4880.53386,11.492,0.03
4884.5155,11.34,0.031
4990.90296,11.44,0.036
4994.90998,11.338,0.035
5008.91831,10.444,0.037
5048.73725,11.492,0.034
5072.84916,10.568,0.035
5089.81234,11.069,0.036
5092.70953,10.461,0.03
5104.70521,11.309,0.033
5111.65543,10.407,0.032
5116.80844,10.696,0.032
5132.7719,11.192,0.034
5146.81238,11.547,0.036
5155.77158,11.212,0.034
