1869.58584,11.566,0.031
1870.59991,12.245,0.031
1873.59789,12.041,0.034
1874.58439,12.091,0.034
1875.58992,12.203,0.034
1876.58848,11.59,0.034
1877.59065,12.245,0.034
1879.5555,12.254,0.033
1880.56588,11.976,0.032
1881.57442,12.297,0.033
1884.55565,12.209,0.034
1888.55322,12.363,0.034
1900.56584,12.23,0.036
1903.57571,12.149,0.035
1905.58356,12.24,0.036
1907.58628,12.274,0.034
1914.55869,12.223,0.035
1914.56695,12.197,0.033
1919.56777,12.314,0.036
1921.59485,12.214,0.038
1922.53865,11.807,0.035
1924.55321,11.979,0.035
1931.5254,12.027,0.04
1931.5666,12.076,0.039
1934.54014,11.466,0.035
1939.52274,12.356,0.037
1949.51871,12.173,0.04
1955.52156,11.589,0.058
2053.91311,12.1,0.042
2055.91953,12.267,0.04
2057.92093,12.163,0.038
2067.91245,12.169,0.039
2068.91665,11.527,0.047
2069.90913,12.185,0.045
2086.85653,11.69,0.041
2087.87841,12.774,0.036
2087.92827,12.264,0.043
2093.90687,11.809,0.036
2093.91971,11.913,0.033
2103.8141,12.212,0.039
2104.85673,12.049,0.037
2105.85498,11.745,0.039
2105.87228,11.519,0.039
2113.88014,12.318,0.036
2113.89069,12.139,0.039
2115.79909,12.314,0.041
2115.83293,12.312,0.038
2116.82725,11.908,0.034
2116.84246,11.835,0.037
2117.87315,12.3,0.033
2128.72852,12.425,0.036
2128.74673,12.243,0.038
2129.76148,12.2,0.035
2130.7654,11.62,0.037
2130.77686,11.645,0.035
2131.7866,12.187,0.036
2132.78734,11.942,0.036
2132.80488,11.905,0.034
2133.78499,12.307,0.035
2133.80712,12.366,0.035
2134.78967,12.076,0.036
2134.80959,12.077,0.037
2135.79046,11.783,0.041
2143.79455,12.169,0.038
2144.75872,11.527,0.039
2156.71479,12.244,0.04
2164.7363,12.056,0.042
2167.71481,11.593,0.039
2168.73191,12.23,0.04
2169.74055,11.867,0.041
2170.7684,12.425,0.053
2171.75853,12.143,0.042
2172.74219,11.623,0.041
2173.72476,12.198,0.036
2174.72028,11.589,0.04
2177.73431,12.272,0.042
2178.69862,11.939,0.039
2183.65415,11.641,0.038
2184.66604,12.246,0.037
2185.67478,11.959,0.038
2186.70493,12.26,0.057
2188.7374,11.608,0.041
2190.63441,11.539,0.042
2191.68215,12.285,0.039
2192.67812,11.814,0.037
2193.67238,12.254,0.039
2194.67258,12.048,0.041
2195.64776,12.041,0.041
2195.67243,11.688,0.042
2196.67377,12.252,0.043
2197.65549,11.579,0.039
2197.6689,11.621,0.041
2198.66671,12.281,0.038
2199.63929,11.787,0.044
2199.66398,11.869,0.045
2201.63707,11.966,0.039
2201.65278,11.975,0.04
2202.64689,12.294,0.043
2202.66032,12,0.04
2203.62511,12.118,0.041
2203.64991,12.171,0.041
2204.6275,11.421,0.04
2204.63882,11.495,0.04
2205.64257,12.184,0.051
2206.61967,11.696,0.044
2206.64446,11.814,0.043
2207.62067,12.199,0.045
2207.64103,12.159,0.043
2208.65326,11.974,0.041
2211.59233,11.804,0.045
2211.59671,11.74,0.044
2213.5875,11.441,0.041
2214.61093,12.331,0.042
2214.62685,12.286,0.042
2215.61772,11.946,0.041
2215.62914,11.892,0.045
2216.62008,12.272,0.042
2216.63375,12.369,0.043
2217.61071,12.077,0.041
2217.63343,12.176,0.04
2219.59288,12.172,0.046
2219.60655,12.229,0.045
2221.59383,12.342,0.038
2222.60303,11.848,0.042
2222.62143,11.89,0.043
2224.59587,12.031,0.047
2224.60961,12.064,0.043
2225.59582,11.823,0.04
2225.61632,11.665,0.04
2226.59651,12.23,0.038
2226.60803,12.228,0.04
2227.59706,11.555,0.04
2227.61087,11.536,0.04
2228.58636,12.357,0.041
2228.60791,12.272,0.04
2229.5894,11.836,0.041
2229.60548,11.917,0.041
2230.58944,12.198,0.041
2230.60559,12.263,0.044
2232.57534,12.389,0.042
2232.59594,12.101,0.042
2233.58267,12.177,0.04
2233.6011,12.095,0.042
2234.57216,11.502,0.042
2234.58825,11.49,0.046
2235.57399,12.178,0.042
2235.58565,12.21,0.041
2236.55916,11.771,0.044
2237.56845,12.34,0.043
2239.56481,12.388,0.043
2239.5787,12.334,0.042
2241.55465,11.469,0.042
2243.54632,11.81,0.043
2249.59411,12.306,0.042
2251.58309,12.218,0.049
2253.55034,12.233,0.043
2260.57042,12.364,0.049
2262.56705,11.71,0.051
2444.87166,11.72,0.049
2446.87141,11.914,0.049
2466.83383,12.308,0.038
2467.8967,11.923,0.036
2470.8271,12.374,0.048
2473.84282,12.265,0.047
2493.81207,11.686,0.051
2495.7943,11.59,0.044
2496.8088,12.216,0.04
2498.81226,12.343,0.041
2499.80844,12.153,0.043
2501.81009,12.159,0.041
2503.80741,12.405,0.048
2508.76144,12.229,0.04
2511.72271,11.597,0.056
2519.80006,12.14,0.047
2526.8728,12.336,0.053
2539.66359,11.798,0.048
2540.79509,12.276,0.042
2544.75779,12.088,0.036
2545.81087,12.231,0.035
2552.66124,11.972,0.035
2553.77472,11.634,0.056
2554.73513,12.255,0.046
2556.74341,12.218,0.044
2559.6297,11.957,0.035
2561.69302,12.362,0.035
2562.68437,11.508,0.037
2563.69882,12.25,0.038
2564.69091,11.898,0.034
2565.70905,12.293,0.03
2566.72434,12.06,0.04
2620.58147,11.741,0.057
2622.6035,11.729,0.048
2624.64783,11.956,0.052
2627.65941,11.542,0.032
2629.65636,11.812,0.034
2634.6071,11.584,0.046
2636.62912,11.788,0.034
2638.63868,12.031,0.035
2640.63654,12.206,0.036
2642.63428,12.245,0.036
2644.63006,12.224,0.037
2646.60929,12.221,0.038
2649.60331,12.172,0.04
2651.6012,12.236,0.041
2652.5917,11.854,0.032
2654.59962,12.077,0.041
2655.62813,11.632,0.033
2658.62897,12.203,0.033
2661.54085,11.976,0.039
2663.54448,12.077,0.042
2665.54878,12.225,0.032
2667.55258,12.291,0.047
2671.55272,11.647,0.04
2673.54945,11.606,0.035
2675.53939,11.874,0.035
2677.53517,12.118,0.047
2679.53898,12.257,0.046
2681.54756,12.311,0.044
2685.56572,11.645,0.032
2688.52585,12.221,0.032
2690.53229,12.209,0.03
2694.5358,11.533,0.033
2696.53586,11.809,0.031
2699.51458,12.363,0.032
2701.51575,11.49,0.03
2706.49981,12.322,0.034
2783.91542,11.959,0.039
2786.9285,11.604,0.032
2809.91901,11.801,0.031
2812.8778,12.253,0.034
2820.88405,12.128,0.037
2832.86879,11.759,0.037
2839.89002,11.79,0.041
2841.85902,12.008,0.033
2845.88836,12.355,0.037
2851.91692,11.625,0.034
2858.80369,12.333,0.036
2860.81859,11.522,0.035
2871.86709,11.996,0.033
2874.80663,11.415,0.038
2879.78979,12.337,0.037
2883.79113,11.698,0.032
2885.7627,11.835,0.036
2888.75953,12.014,0.033
2892.80176,11.887,0.035
2898.73155,12.305,0.034
2900.72954,12.207,0.034
2903.81551,12.123,0.038
2906.71465,11.627,0.034
2908.77069,12.019,0.037
2910.78443,12.327,0.033
2915.72886,11.906,0.032
2917.67428,11.928,0.042
2922.68834,11.812,0.035
2924.7538,12.192,0.044
2927.70186,11.538,0.04
2929.70553,11.868,0.032
2931.71332,12.009,0.035
2933.70157,12.139,0.035
2935.69643,12.27,0.034
2939.63038,12.251,0.033
2942.78085,12.217,0.045
2944.64055,12.273,0.033
2947.66436,12.111,0.037
2949.67886,12.338,0.033
2949.68973,12.259,0.032
2951.70342,12.137,0.033
2953.71212,12.182,0.035
2954.66597,12.066,0.036
2955.74298,11.494,0.03
2957.73098,11.85,0.033
2957.74659,11.887,0.035
2962.55901,12.202,0.037
2964.60396,11.606,0.039
2966.61386,11.771,0.031
2968.62104,11.952,0.035
2970.61241,12.107,0.031
2972.64458,12.284,0.032
2975.56094,11.742,0.038
2976.59321,12.261,0.031
2977.59411,12.045,0.033
2979.61716,12.21,0.032
2983.64727,12.241,0.032
2987.68267,11.826,0.032
2990.64638,12.355,0.032
2992.64701,11.461,0.043
2994.66722,11.88,0.037
2996.58209,11.812,0.034
2996.67938,12.12,0.032
2998.69129,12.116,0.035
3005.59022,12.012,0.033
3005.61994,11.978,0.032
3006.59784,12.166,0.035
3007.60224,12.117,0.033
3008.61557,11.624,0.036
3009.67625,12.163,0.035
3015.59029,11.609,0.032
3019.60122,11.958,0.03
3023.60338,12.188,0.034
3028.59612,12.083,0.031
3031.55843,11.615,0.037
3031.56251,11.595,0.031
3033.55528,11.88,0.03
3033.57573,11.943,0.036
3033.57891,11.919,0.031
3035.60246,12.039,0.034
3039.53774,12.198,0.036
3043.53589,12.317,0.035
3043.55867,12.122,0.033
3046.53317,12.335,0.032
3046.55664,12.204,0.031
3049.53012,12.002,0.032
3049.54844,12.08,0.046
3052.52115,11.539,0.043
3052.53721,11.46,0.031
3055.51535,12.178,0.033
3055.53113,12.233,0.032
3058.52913,12.145,0.036
3061.51957,11.703,0.033
3064.52617,12.406,0.034
3164.93275,12.153,0.039
3168.93659,12.231,0.037
3178.9251,12.116,0.034
3182.93089,12.398,0.036
3186.90867,11.891,0.035
3190.90375,11.815,0.044
3272.76841,12.204,0.034
3274.76402,12.293,0.045
3355.72386,12.172,0.037
3363.63069,12.059,0.049
3366.68913,11.722,0.038
3386.62762,12.062,0.045
3389.58468,11.556,0.045
3391.61845,11.946,0.043
3395.60515,12.226,0.037
3398.57732,12.034,0.04
3404.58686,12.24,0.038
3406.58641,12.248,0.038
3409.55133,12.082,0.035
3412.53914,11.629,0.033
3414.54966,11.856,0.042
3417.52165,12.281,0.042
3419.55042,11.616,0.033
3425.53547,12.319,0.034
3432.50691,12.115,0.037
3436.49877,12.231,0.04
3440.49542,11.475,0.037
3523.91336,12.11,0.049
3543.90357,11.903,0.034
3552.92732,12.103,0.042
3560.88521,11.79,0.048
3563.90486,12.24,0.045
3570.81555,12.178,0.035
3573.88448,12.064,0.04
3576.87207,11.546,0.037
3581.91275,11.683,0.034
3584.85353,12.229,0.038
3587.84455,11.961,0.04
3590.83989,11.658,0.035
3597.84919,11.679,0.036
3601.76507,11.689,0.038
3603.85884,12.085,0.036
3615.87849,11.991,0.038
3618.76709,12.276,0.042
3621.77903,12.166,0.043
3624.82872,11.973,0.039
3629.75423,11.53,0.038
3631.76335,11.84,0.034
3633.80344,12.079,0.035
3636.77174,11.584,0.037
3639.71378,12.265,0.042
3642.72347,12.152,0.037
3644.80939,12.318,0.044
3648.70586,12.237,0.037
3650.78379,11.636,0.034
3653.65399,12.238,0.045
3655.67094,12.158,0.039
3657.69366,12.12,0.043
3659.72097,11.595,0.036
3661.75314,11.997,0.045
3664.63693,12.318,0.046
3666.68851,11.546,0.041
3669.74798,12.243,0.036
3672.6151,12.002,0.036
3674.70417,12.223,0.042
3680.60456,12.329,0.041
3699.61881,12.328,0.04
3701.70853,11.394,0.042
3704.65418,12.321,0.044
3706.74006,12.303,0.038
3711.56881,12.171,0.033
3713.57602,12.3,0.033
3717.6438,11.379,0.036
3720.62608,12.338,0.046
3722.68964,11.904,0.036
3725.64689,12.24,0.035
3731.59689,12.324,0.039
3734.63178,12.32,0.036
3737.62418,12.025,0.035
3739.64257,12.225,0.036
3742.61119,11.791,0.035
3745.61356,12.216,0.037
3748.60465,12.244,0.037
3750.63731,12.307,0.033
3754.56966,11.606,0.039
3759.56993,12.251,0.038
3762.56935,12.323,0.037
3765.56228,11.853,0.037
3768.5515,12.227,0.036
3771.54374,12.278,0.034
3774.55385,11.926,0.035
3777.53845,11.463,0.035
3788.52411,11.97,0.041
3791.52374,11.574,0.04
3794.51664,12.279,0.041
3797.5103,12.064,0.041
3802.49999,11.917,0.04
3900.92533,12.265,0.039
3907.93615,12.335,0.038
4103.67516,11.769,0.041
4125.56841,11.99,0.039
4127.5772,12.166,0.036
4129.58867,12.193,0.035
4132.55615,11.987,0.038
4137.56086,11.783,0.038
4139.57559,12.01,0.038
4142.55265,11.688,0.036
4145.54134,12.123,0.044
4150.52614,12.16,0.041
4156.53016,12.237,0.034
4159.51947,12.093,0.036
4166.50071,12.181,0.044
4246.92416,12.252,0.049
4273.93067,11.735,0.048
4284.8732,12.045,0.043
4290.89593,12.218,0.051
4293.90072,12.18,0.052
4296.90098,12.018,0.049
4302.88575,12.238,0.041
4305.84823,12.039,0.038
4307.90733,12.248,0.039
4310.83326,11.658,0.039
4314.84547,12.189,0.041
4329.87232,11.469,0.041
4331.84743,11.631,0.039
4333.81815,11.785,0.047
4336.81873,12.359,0.046
4339.791,12.276,0.04
4345.83398,11.555,0.048
4353.74985,12.203,0.038
4355.81242,12.288,0.038
4358.74093,12.001,0.039
4363.75111,11.813,0.039
4365.75305,12.023,0.04
4368.69704,11.767,0.047
4372.75605,11.976,0.042
4378.67573,12.274,0.042
4380.72762,12.343,0.042
4382.7541,11.497,0.038
4384.78705,11.882,0.04
4387.65535,12.263,0.037
4389.69636,12.203,0.045
4393.68914,11.698,0.048
4398.78944,11.799,0.048
4407.82306,11.967,0.042
4410.64026,12.236,0.042
4413.68134,12.295,0.039
4418.81433,12.305,0.049
4424.75081,12.032,0.047
4427.65044,12.188,0.038
4429.67128,12.34,0.039
4431.71325,12.338,0.039
4436.70092,12.251,0.037
4439.59954,11.929,0.043
4444.67811,11.899,0.058
4452.62899,12.214,0.042
4457.61737,12.205,0.038
4459.67586,12.188,0.042
4462.62317,12.061,0.037
4465.59632,11.643,0.039
4467.68364,11.964,0.047
4483.58258,11.979,0.035
4491.56363,12.288,0.036
4494.55809,12.234,0.038
4498.55978,12.277,0.042
4503.56647,12.286,0.044
4506.55997,11.998,0.039
4509.54411,11.566,0.041
4512.54641,12.244,0.045
4516.54652,11.51,0.041
4520.52254,11.954,0.037
4523.51299,11.814,0.039
4529.51023,12.055,0.04
4533.5031,12.212,0.039
4631.936,11.653,0.042
4641.885,12.19,0.038
4644.90169,12.146,0.042
4648.89797,12.212,0.036
4656.87322,12.02,0.038
4662.84348,12.259,0.049
4665.87409,12.165,0.037
4672.87557,12.107,0.036
4675.89778,11.708,0.04
4685.8405,12.256,0.044
4690.84065,12.305,0.039
4693.85328,12.013,0.04
4697.81647,12.206,0.044
4702.79425,12.072,0.039
4705.78779,11.57,0.038
4715.81899,12.321,0.041
4719.76982,11.594,0.041
4721.7331,11.649,0.04
4724.76135,12.268,0.038
4726.81611,11.626,0.043
4729.75907,12.257,0.037
4732.85206,12.169,0.044
4736.71644,12.224,0.036
4740.69081,12.328,0.041
4747.73368,12.161,0.034
4750.67179,12.199,0.046
4752.71687,12.243,0.037
4754.75635,11.92,0.036
4757.64018,12.171,0.036
4764.71682,12.236,0.034
4767.61587,11.661,0.039
4769.73889,12.172,0.041
4772.59527,11.931,0.037
4774.64978,11.767,0.038
4776.68397,12.089,0.04
4778.63916,12.064,0.035
4780.67009,12.285,0.038
4783.73924,12.021,0.046
4786.64477,11.618,0.036
4794.67241,12.219,0.044
4797.67542,11.958,0.038
4804.64165,11.863,0.036
4806.70744,12.149,0.039
4808.74893,12.222,0.041
4810.73197,12.208,0.044
4814.54208,12.189,0.038
4816.6786,11.704,0.054
4819.70755,12.233,0.051
4825.61265,11.776,0.046
4828.56664,12.299,0.039
4833.65945,12.329,0.049
4836.59383,12.044,0.051
4838.65736,12.311,0.047
4850.59527,12.228,0.05
4853.59174,11.568,0.049
4859.5891,12.073,0.047
4868.56414,12.139,0.045
4871.5598,11.825,0.05
4875.54823,12.174,0.044
4881.53448,12.108,0.04
4884.53089,12.346,0.042
5162.62525,11.692,0.043
5164.7023,12.084,0.046
