1869.58584,11.236,0.022
1870.59991,11.192,0.022
1873.59789,11.336,0.026
1874.58439,11.572,0.026
1875.58992,11.163,0.025
1876.58848,11.54,0.025
1877.59065,11.487,0.024
1879.5555,11.634,0.024
1880.53857,11.242,0.024
1881.57442,11.199,0.023
1884.55565,11.219,0.025
1888.55322,11.585,0.026
1900.56584,11.394,0.025
1903.57571,11.33,0.025
1905.58356,11.623,0.025
1907.58628,11.187,0.023
1914.55869,11.47,0.025
1919.56777,11.593,0.024
1921.59485,11.14,0.024
1924.55321,11.308,0.024
1931.5254,11.369,0.028
1934.54014,11.402,0.023
1939.52274,11.63,0.023
1949.51871,11.149,0.027
1955.52156,11.202,0.038
2053.91311,11.633,0.031
2055.91953,11.187,0.031
2057.92093,11.283,0.028
2067.91245,11.552,0.031
2068.91665,11.564,0.041
2069.90913,11.106,0.031
2086.85653,11.187,0.03
2087.92827,11.524,0.033
2093.91971,11.661,0.025
2103.8141,11.245,0.028
2104.86951,11.635,0.029
2105.87228,11.401,0.028
2113.89069,11.637,0.026
2115.83293,11.551,0.028
2116.84246,11.51,0.027
2117.89074,11.21,0.026
2128.74673,11.214,0.028
2129.76148,11.646,0.026
2130.77686,11.396,0.025
2131.7866,11.167,0.026
2132.80488,11.607,0.026
2133.80712,11.427,0.024
2134.80959,11.133,0.027
2135.8081,11.636,0.032
2143.78794,11.461,0.032
2144.78786,11.53,0.028
2156.71292,11.129,0.031
2164.73224,11.366,0.026
2167.713,11.224,0.023
2169.73428,11.64,0.039
2170.76435,11.326,0.03
2171.76369,11.219,0.026
2172.73696,11.571,0.026
2173.71401,11.133,0.024
2174.70717,11.587,0.025
2177.71381,11.618,0.026
2178.69237,11.374,0.024
2180.64363,11.57,0.026
2183.64742,11.549,0.025
2185.73656,11.168,0.028
2186.70765,11.623,0.029
2188.73566,11.172,0.026
2190.63004,11.204,0.025
2191.68041,11.579,0.024
2192.67191,11.374,0.023
2193.67742,11.146,0.024
2194.66639,11.662,0.025
2195.66622,11.35,0.025
2196.66756,11.165,0.024
2197.66494,11.595,0.025
2198.66052,11.228,0.023
2199.65778,11.238,0.026
2201.64658,11.168,0.025
2202.65413,11.4,0.03
2203.6437,11.552,0.024
2204.64387,11.127,0.026
2205.63637,11.617,0.036
2206.63823,11.435,0.026
2207.63481,11.144,0.029
2212.66284,11.341,0.031
2213.64586,11.157,0.03
2214.62957,11.626,0.029
2215.63186,11.268,0.03
2216.62974,11.334,0.028
2217.62941,11.594,0.023
2219.60256,11.557,0.032
2221.61084,11.105,0.033
2222.61506,11.61,0.031
2224.60333,11.143,0.036
2225.61228,11.671,0.024
2226.61073,11.372,0.027
2227.60686,11.194,0.028
2228.60387,11.64,0.031
2229.60142,11.228,0.03
2230.59923,11.245,0.03
2232.59185,11.185,0.029
2233.59473,11.448,0.029
2234.58193,11.49,0.031
2235.58155,11.134,0.029
2236.57797,11.609,0.03
2237.58788,11.468,0.033
2240.5837,11.387,0.032
2243.56071,11.249,0.033
2247.5636,11.443,0.033
2249.59893,11.217,0.029
2251.59382,11.603,0.032
2253.54618,11.656,0.03
2255.58033,11.126,0.031
2260.57516,11.344,0.036
2262.57853,11.692,0.039
2444.87166,11.638,0.038
2446.87141,11.18,0.031
2460.85764,11.131,0.026
2466.83383,11.223,0.025
2467.8967,11.608,0.022
2468.8535,11.241,0.03
2470.8271,11.528,0.038
2473.84282,11.521,0.038
2493.81207,11.478,0.041
2495.7943,11.595,0.036
2496.8088,11.361,0.03
2498.81226,11.638,0.029
2499.80844,11.297,0.033
2501.81009,11.695,0.027
2503.80741,11.432,0.04
2508.76144,11.196,0.029
2511.72271,11.261,0.044
2519.80006,11.263,0.031
2526.8728,11.198,0.043
2539.66359,11.259,0.037
2540.79509,11.271,0.029
2544.75779,11.403,0.025
2545.81087,11.177,0.026
2552.66124,11.347,0.025
2553.77472,11.275,0.044
2554.73513,11.445,0.043
2556.74341,11.187,0.033
2559.6297,11.48,0.023
2561.69302,11.283,0.024
2562.68437,11.244,0.026
2563.69882,11.632,0.027
2564.69091,11.238,0.025
2565.70905,11.222,0.023
2566.72434,11.642,0.027
2620.58147,11.354,0.033
2622.6035,11.672,0.022
2624.64783,11.109,0.028
2627.65941,11.155,0.023
2629.65636,11.437,0.025
2634.6071,11.508,0.041
2636.62912,11.407,0.028
2638.63868,11.177,0.025
2640.63654,11.531,0.027
2642.63428,11.625,0.033
2644.63006,11.151,0.036
2646.60929,11.296,0.029
2649.60331,11.315,0.035
2651.6012,11.575,0.026
2655.62813,11.188,0.025
2658.62897,11.145,0.024
2661.54085,11.387,0.029
2663.54448,11.183,0.028
2665.54878,11.548,0.023
2667.55258,11.548,0.03
2671.55272,11.477,0.023
2673.54945,11.62,0.022
2675.53939,11.205,0.024
2677.53517,11.268,0.031
2679.53898,11.615,0.027
2681.54756,11.365,0.028
2683.55793,11.194,0.027
2685.56572,11.618,0.026
2688.52585,11.407,0.023
2690.53229,11.668,0.022
2694.5358,11.256,0.025
2696.53586,11.664,0.025
2699.51458,11.547,0.024
2701.51575,11.591,0.022
2706.49981,11.176,0.027
2786.9285,11.182,0.023
2809.91901,11.16,0.024
2812.8778,11.284,0.027
2820.88405,11.13,0.024
2832.86879,11.346,0.025
2839.89002,11.594,0.029
2841.85902,11.66,0.021
2845.88836,11.415,0.023
2851.91692,11.368,0.022
2858.80369,11.632,0.022
2860.81859,11.205,0.024
2871.86709,11.212,0.023
2874.80663,11.172,0.025
2879.78979,11.21,0.024
2883.79113,11.525,0.02
2885.7627,11.159,0.025
2888.75953,11.196,0.022
2892.80176,11.597,0.026
2898.73155,11.469,0.026
2900.72954,11.622,0.024
2903.81551,11.315,0.027
2906.71465,11.625,0.023
2908.77069,11.192,0.025
2910.78443,11.352,0.023
2915.72886,11.486,0.021
2917.67428,11.64,0.029
2922.68834,11.274,0.027
2924.7538,11.409,0.03
2927.70186,11.172,0.027
2929.70553,11.552,0.022
2931.71332,11.559,0.022
2933.70157,11.168,0.023
2935.69643,11.357,0.022
2939.63038,11.546,0.022
2942.78085,11.151,0.027
2944.64055,11.124,0.023
2947.66436,11.129,0.025
2949.68973,11.476,0.022
2951.70342,11.624,0.025
2954.66597,11.662,0.031
2955.74298,11.535,0.023
2957.74659,11.526,0.028
2962.55901,11.621,0.032
2964.60396,11.191,0.037
2966.61386,11.286,0.021
2968.62104,11.602,0.032
2970.61241,11.318,0.022
2972.64458,11.267,0.022
2975.56094,11.164,0.035
2977.59411,11.39,0.023
2979.61716,11.641,0.024
2983.64727,11.473,0.024
2987.68267,11.154,0.022
2990.64638,11.207,0.023
2992.64701,11.246,0.04
2994.66722,11.669,0.032
2996.67938,11.22,0.023
2998.69129,11.275,0.026
3005.61994,11.692,0.024
3009.67625,11.478,0.029
3015.59029,11.151,0.025
3019.60122,11.616,0.023
3023.60338,11.298,0.024
3028.59612,11.564,0.022
3031.56251,11.414,0.024
3033.57891,11.663,0.024
3035.60246,11.139,0.026
3043.55867,11.174,0.026
3046.55664,11.16,0.024
3049.54844,11.112,0.042
3052.53721,11.244,0.023
3055.53113,11.26,0.025
3058.52913,11.401,0.032
3061.51957,11.612,0.026
3064.52617,11.699,0.026
3164.93275,11.891,0.031
3168.93659,11.48,0.028
3178.9251,11.289,0.026
3182.93089,11.542,0.031
3186.90867,11.176,0.027
3190.90375,11.643,0.03
3272.76841,11.626,0.026
3274.76402,11.349,0.041
3355.72386,11.44,0.03
3362.63736,11.637,0.031
3362.64268,11.606,0.028
3366.62671,11.3,0.029
3374.62407,11.504,0.045
3382.5986,11.602,0.025
3385.58531,11.622,0.026
3387.58656,11.458,0.03
3387.59545,11.367,0.034
3389.58468,11.16,0.032
3395.60515,11.166,0.033
3398.57732,11.201,0.031
3404.58686,11.338,0.027
3406.58641,11.217,0.032
3409.55133,11.168,0.029
3412.53914,11.176,0.026
3414.54966,11.317,0.031
3417.52165,11.174,0.036
3419.55042,11.597,0.027
3425.53547,11.422,0.029
3432.50691,11.298,0.028
3436.49877,11.541,0.031
3440.49542,11.143,0.028
3523.91336,11.138,0.045
3543.90357,11.138,0.028
3552.92732,11.287,0.035
3560.88521,11.163,0.041
3563.90486,11.136,0.037
3570.81555,11.41,0.027
3573.88448,11.578,0.028
3576.87207,11.45,0.031
3581.91275,11.556,0.024
3584.85353,11.624,0.029
3587.84455,11.552,0.028
3590.83989,11.477,0.027
3597.84919,11.183,0.027
3601.76507,11.467,0.03
3603.85884,11.241,0.027
3615.87849,11.503,0.031
3618.76709,11.56,0.032
3621.77903,11.485,0.033
3624.82872,11.66,0.026
3629.75423,11.631,0.029
3631.76335,11.208,0.026
3633.80344,11.278,0.028
3636.77174,11.214,0.029
3639.71378,11.229,0.033
3642.72347,11.233,0.024
3644.80939,11.503,0.033
3648.70586,11.529,0.025
3650.78379,11.317,0.023
3653.65399,11.224,0.036
3655.67094,11.237,0.03
3657.69366,11.611,0.034
3659.72097,11.173,0.027
3661.75314,11.343,0.033
3664.63693,11.172,0.034
3666.68851,11.517,0.029
3669.74798,11.657,0.025
3672.6151,11.173,0.025
3674.70417,11.596,0.033
3680.60456,11.405,0.037
3699.61881,11.689,0.033
3701.70853,11.24,0.034
3704.65418,11.188,0.034
3706.74006,11.674,0.03
3711.56881,11.432,0.024
3713.57602,11.649,0.026
3717.6438,11.598,0.032
3720.62608,11.329,0.037
3722.68964,11.492,0.029
3725.64689,11.621,0.03
3731.59689,11.65,0.033
3734.63178,11.533,0.032
3737.62418,11.477,0.027
3739.64257,11.54,0.027
3742.61119,11.618,0.026
3745.61356,11.655,0.029
3748.60465,11.618,0.03
3750.63731,11.282,0.027
3754.56966,11.299,0.031
3759.56993,11.643,0.031
3762.56935,11.601,0.031
3765.56228,11.504,0.03
3768.5515,11.425,0.031
3771.54374,11.282,0.03
3774.55385,11.223,0.028
3777.53845,11.182,0.029
3788.52411,11.313,0.036
3791.52374,11.292,0.032
3794.51664,11.169,0.035
3797.5103,11.152,0.032
3802.49999,11.358,0.034
3900.92533,11.125,0.033
3907.93615,11.664,0.031
4103.67516,11.467,0.031
4125.56841,11.537,0.032
4127.5772,11.492,0.027
4129.58867,11.149,0.024
4132.55615,11.161,0.029
4137.56086,11.294,0.028
4139.57559,11.609,0.03
4142.55265,11.571,0.029
4145.54134,11.428,0.035
4150.52614,11.675,0.03
4156.53016,11.633,0.028
4159.51947,11.51,0.029
4166.50071,11.839,0.037
4246.92416,11.143,0.04
4246.92623,11.149,0.03
4273.93067,11.52,0.038
4284.8732,11.622,0.031
4290.89345,11.677,0.039
4290.89593,11.598,0.038
4290.92001,11.825,0.04
4293.90072,11.598,0.042
4296.90098,11.503,0.042
4302.88575,11.32,0.033
4305.84823,11.219,0.026
4307.90733,11.632,0.026
4310.83326,11.453,0.027
4314.84547,11.17,0.028
4329.87232,11.371,0.032
4331.84743,11.201,0.028
4333.81815,11.332,0.04
4336.81873,11.277,0.033
4339.791,11.142,0.028
4345.83398,11.132,0.042
4353.74985,11.143,0.026
4355.81242,11.623,0.026
4358.74093,11.406,0.029
4363.75111,11.645,0.027
4365.75305,11.207,0.027
4368.69704,11.648,0.044
4372.75605,11.638,0.031
4378.67573,11.18,0.03
4380.72762,11.612,0.031
4382.7541,11.212,0.026
4384.78705,11.485,0.032
4387.65535,11.219,0.025
4389.69636,11.493,0.035
4393.68914,11.182,0.04
4398.78944,11.522,0.036
4407.82306,11.539,0.033
4410.64026,11.266,0.031
4413.68134,11.24,0.031
4418.81433,11.661,0.036
4424.75081,11.258,0.037
4427.65044,11.204,0.031
4429.67128,11.318,0.03
4431.71325,11.595,0.031
4436.70092,11.197,0.029
4439.59954,11.662,0.031
4444.67811,11.147,0.027
4452.62899,11.182,0.032
4457.61737,11.457,0.029
4459.67586,11.38,0.035
4462.62317,11.675,0.026
4465.59632,11.602,0.031
4467.68364,11.107,0.043
4483.58258,11.184,0.026
4491.56363,11.371,0.026
4494.55809,11.293,0.029
4498.55978,11.302,0.031
4503.56647,11.177,0.034
4506.55997,11.131,0.031
4509.54411,11.235,0.033
4512.54641,11.202,0.038
4516.54652,11.701,0.038
4520.52254,11.139,0.029
4523.51299,11.188,0.032
4529.51023,11.288,0.034
4533.5031,11.587,0.029
4628.91738,11.358,0.026
4629.92251,11.112,0.037
4631.936,11.373,0.029
4632.90542,11.236,0.029
4633.91429,11.696,0.031
4641.885,11.607,0.029
4644.89276,11.587,0.035
4644.90169,11.577,0.033
4645.90353,11.442,0.028
4648.89797,11.351,0.027
4652.92994,11.19,0.026
4656.86649,11.386,0.031
4656.87322,11.51,0.029
4662.84348,11.244,0.04
4665.87409,11.309,0.029
4672.85488,11.518,0.023
4672.87557,11.361,0.026
4675.89778,11.354,0.026
4681.84347,11.687,0.033
4685.8266,11.137,0.031
4685.8405,11.241,0.036
4690.84065,11.534,0.028
4691.81119,11.141,0.023
4691.84976,11.323,0.026
4693.85328,11.468,0.03
4694.79819,11.228,0.025
4697.81647,11.198,0.029
4702.79425,11.154,0.027
4705.78779,11.171,0.028
4715.81899,11.757,0.031
4719.76982,11.162,0.033
4721.7331,11.522,0.03
4724.76135,11.329,0.031
4726.81611,11.501,0.032
4729.75907,11.587,0.026
4732.85206,11.463,0.039
4736.71644,11.147,0.027
4740.69081,11.634,0.029
4747.73368,11.186,0.026
4750.67179,11.173,0.037
4752.71687,11.418,0.03
4754.75635,11.394,0.03
4757.64018,11.555,0.026
4764.71682,11.239,0.025
4767.61587,11.223,0.03
4769.73889,11.575,0.029
4772.59527,11.185,0.028
4774.64978,11.6,0.027
4776.68397,11.211,0.03
4778.63916,11.175,0.027
4780.67009,11.695,0.031
4783.73924,11.673,0.036
4786.64477,11.362,0.025
4794.67241,11.621,0.035
4797.67542,11.635,0.029
4804.64165,11.169,0.027
4806.70744,11.553,0.03
4808.74893,11.227,0.03
4810.73197,11.145,0.041
4814.54208,11.298,0.029
4816.6786,11.149,0.042
4819.70755,11.199,0.04
4825.61265,11.615,0.037
4828.56664,11.585,0.032
4833.65945,11.304,0.041
4836.59383,11.662,0.043
4838.65736,11.227,0.036
4850.59527,11.507,0.039
4853.59174,11.608,0.037
4859.5891,11.67,0.039
4868.56414,11.519,0.036
4871.5598,11.369,0.041
4875.54823,11.222,0.034
4881.53448,11.496,0.033
4884.53089,11.669,0.034
5023.92822,11.128,0.031
5162.62525,11.662,0.039
5164.7023,11.177,0.039
