1868.61609,9.675,0.026
1869.59845,9.478,0.025
1870.61244,9.242,0.027
1871.62173,9.41,0.026
1873.61039,9.671,0.03
1874.60189,9.334,0.03
1875.60246,9.278,0.028
1876.60102,9.465,0.027
1877.60098,9.66,0.027
1878.59552,9.627,0.025
1879.60209,9.282,0.024
1880.58065,9.306,0.028
1881.58694,9.528,0.027
1886.57718,9.583,0.026
1888.56343,9.391,0.029
1900.53765,9.547,0.025
1903.56569,9.27,0.026
1905.58925,9.652,0.027
1907.59198,9.265,0.026
1914.56431,9.599,0.03
1919.56657,9.659,0.029
1922.53583,9.303,0.027
1928.54132,9.572,0.024
1931.54709,9.272,0.023
1934.54321,9.665,0.025
1949.5239,9.295,0.026
2056.93151,9.521,0.031
2069.94231,9.349,0.039
2080.93007,9.636,0.038
2086.89432,9.545,0.032
2088.87902,9.293,0.03
2094.8416,9.595,0.036
2095.88422,9.666,0.034
2106.81295,9.246,0.03
2113.9214,9.704,0.025
2115.86674,9.272,0.026
2117.81574,9.477,0.027
2128.76963,9.675,0.032
2129.78385,9.313,0.029
2132.90045,9.685,0.028
2133.82912,9.47,0.028
2134.82712,9.258,0.026
2136.82392,9.576,0.033
2143.8083,9.31,0.031
2144.80607,9.28,0.029
2166.75052,9.511,0.027
2167.73777,9.274,0.029
2168.75023,9.354,0.027
2169.75655,9.602,0.042
2170.77987,9.666,0.03
2172.68695,9.268,0.03
2173.73412,9.417,0.03
2177.68866,9.281,0.031
2183.66367,9.484,0.029
2186.77878,9.287,0.029
2189.73785,9.649,0.028
2190.69944,9.33,0.028
2191.70079,9.277,0.027
2192.69461,9.46,0.026
2193.69658,9.67,0.027
2194.68456,9.647,0.026
2195.68666,9.275,0.027
2196.68802,9.328,0.026
2197.6866,9.53,0.026
2198.67877,9.685,0.026
2199.67828,9.501,0.026
2201.66948,9.366,0.026
2202.6747,9.585,0.029
2203.66656,9.688,0.026
2204.66227,9.364,0.027
2207.65775,9.632,0.038
2211.61158,9.413,0.03
2215.65273,9.329,0.034
2216.64614,9.542,0.032
2217.65021,9.72,0.029
2219.62575,9.277,0.029
2222.63874,9.658,0.032
2224.62651,9.28,0.032
2225.63095,9.462,0.029
2226.61342,9.637,0.032
2226.62834,9.672,0.031
2227.62328,9.637,0.031
2228.6066,9.22,0.029
2228.62256,9.296,0.032
2229.62015,9.321,0.033
2230.60192,9.432,0.034
2230.61805,9.557,0.032
2232.59455,9.454,0.029
2232.61105,9.495,0.03
2233.59742,9.238,0.029
2234.60525,9.34,0.037
2235.58426,9.53,0.028
2235.60035,9.608,0.028
2236.58066,9.629,0.032
2236.59792,9.713,0.034
2237.59057,9.316,0.034
2237.60228,9.336,0.037
2241.5832,9.672,0.043
2241.60461,9.604,0.036
2242.59797,9.318,0.04
2243.56339,9.28,0.042
2243.59788,9.334,0.045
2247.5769,9.334,0.04
2249.57957,9.566,0.039
2251.57535,9.442,0.04
2253.56287,9.418,0.041
2255.56324,9.664,0.04
2257.55927,9.388,0.045
2260.5603,9.542,0.044
2262.55022,9.302,0.048
2264.55789,9.732,0.051
2445.90657,9.285,0.022
2453.85434,9.692,0.028
2460.86862,9.266,0.024
2466.86259,9.513,0.025
2468.85773,9.498,0.035
2493.89686,9.364,0.038
2495.83319,9.673,0.027
2496.86201,9.468,0.027
2497.83328,9.287,0.031
2498.84165,9.352,0.032
2499.83077,9.583,0.026
2501.81863,9.426,0.026
2502.82246,9.28,0.029
2503.88994,9.53,0.034
2508.7846,9.442,0.028
2511.75932,9.312,0.037
2519.82068,9.675,0.021
2521.739,9.282,0.04
2544.77741,9.258,0.025
2553.66845,9.439,0.023
2554.7312,9.286,0.039
2556.74179,9.677,0.027
2557.79396,9.427,0.025
2559.65818,9.299,0.023
2560.71155,9.567,0.023
2561.70739,9.69,0.028
2562.70468,9.484,0.024
2564.7052,9.354,0.023
2565.72111,9.609,0.024
2574.75926,9.58,0.039
2623.55775,9.639,0.026
2624.73035,9.286,0.029
2628.6153,9.353,0.028
2637.64177,9.435,0.022
2639.63943,9.416,0.023
2641.64197,9.688,0.023
2643.64895,9.307,0.022
2645.61674,9.676,0.024
2647.60061,9.293,0.046
2653.56644,9.322,0.024
2655.59355,9.718,0.027
2658.59925,9.435,0.027
2662.59808,9.304,0.024
2664.59402,9.686,0.027
2666.59135,9.252,0.023
2668.59693,9.59,0.026
2670.58995,9.376,0.024
2678.52397,9.634,0.026
2680.53584,9.271,0.026
2685.5262,9.272,0.03
2689.5481,9.272,0.033
2692.51569,9.635,0.028
2694.52433,9.259,0.026
2696.52431,9.512,0.025
2699.51242,9.265,0.027
2805.91396,9.399,0.028
2815.93484,9.604,0.026
2820.92227,9.635,0.027
2833.90118,9.408,0.031
2853.84805,9.617,0.051
2856.87498,9.304,0.028
2859.79958,9.649,0.026
2861.83151,9.367,0.025
2872.84868,9.679,0.022
2875.87018,9.367,0.02
2877.81753,9.708,0.022
2886.75819,9.609,0.022
2892.82923,9.375,0.024
2896.8124,9.674,0.028
2898.7569,9.289,0.037
2900.74356,9.6,0.025
2903.82951,9.349,0.025
2906.73939,9.833,0.022
2911.6963,9.547,0.022
2912.82304,9.276,0.039
2915.74773,9.685,0.023
2917.69836,9.27,0.029
2930.73306,9.301,0.021
2932.71879,9.447,0.025
2934.71363,9.641,0.023
2940.64754,9.251,0.027
2942.66287,9.547,0.024
2944.64611,9.494,0.027
2946.63897,9.352,0.023
2953.67416,9.57,0.038
2954.6623,9.295,0.042
2955.67722,9.351,0.024
2957.672,9.693,0.025
2961.68805,9.633,0.024
2963.66354,9.301,0.027
2965.68864,9.515,0.026
2967.66531,9.568,0.041
2969.64052,9.308,0.028
2971.68219,9.696,0.025
2973.66005,9.277,0.025
2978.58533,9.504,0.025
2982.62849,9.283,0.04
2984.62744,9.521,0.027
2986.64153,9.448,0.027
2988.70761,9.477,0.031
2991.56758,9.48,0.027
2993.6109,9.444,0.027
2995.66108,9.532,0.026
2997.68465,9.388,0.027
3000.67858,9.341,0.025
3005.57923,9.439,0.028
3007.59416,9.407,0.031
3009.65494,9.55,0.035
3011.65066,9.333,0.032
3013.65561,9.685,0.034
3017.58337,9.579,0.027
3019.58743,9.41,0.027
3025.59864,9.296,0.027
3033.54144,9.501,0.031
3035.57592,9.422,0.029
3042.55082,9.634,0.033
3045.54403,9.536,0.029
3048.53674,9.273,0.034
3051.53164,9.686,0.04
3057.52035,9.253,0.038
3061.50641,9.53,0.032
3179.9302,9.693,0.031
3183.93207,9.623,0.039
3190.92864,9.29,0.035
3266.77507,9.301,0.031
3268.78412,9.683,0.03
3270.76317,9.269,0.03
3272.78749,9.591,0.034
3274.81814,9.307,0.03
3278.76622,9.7,0.039
3281.70856,9.506,0.032
3295.65378,9.357,0.024
3298.68426,9.294,0.035
3363.61626,9.526,0.038
3366.67562,9.631,0.044
3372.55832,9.718,0.041
3383.62949,9.316,0.044
3387.54534,9.377,0.039
3389.62403,9.534,0.037
3394.59409,9.59,0.032
3397.56536,9.28,0.033
3400.55818,9.681,0.027
3404.54792,9.641,0.027
3406.56886,9.252,0.035
3409.53733,9.664,0.03
3412.52848,9.31,0.032
3415.52854,9.388,0.031
3418.52947,9.628,0.049
3421.52785,9.327,0.036
3425.52166,9.802,0.035
3427.52281,9.579,0.034
3431.51001,9.457,0.037
3543.92872,9.4,0.032
3554.92581,9.322,0.031
3560.91108,9.623,0.033
3564.89351,9.462,0.031
3570.85751,9.671,0.029
3573.9106,9.412,0.034
3576.89355,9.336,0.038
3583.8744,9.519,0.025
3589.85632,9.71,0.036
3592.85359,9.386,0.031
3596.85645,9.301,0.033
3600.8342,9.448,0.038
3603.82531,9.679,0.037
3617.8306,9.666,0.033
3620.80242,9.367,0.028
3624.77967,9.29,0.027
3631.7844,9.662,0.036
3634.73661,9.286,0.034
3637.77259,9.405,0.033
3640.77841,9.644,0.029
3643.71844,9.259,0.034
3646.80488,9.465,0.027
3651.7453,9.455,0.029
3655.69179,9.671,0.029
3660.72191,9.641,0.038
3662.79206,9.388,0.042
3665.65882,9.643,0.03
3668.78436,9.65,0.032
3671.63817,9.273,0.025
3673.68422,9.588,0.03
3675.75254,9.269,0.029
3678.63376,9.606,0.027
3700.70306,9.427,0.031
3703.60943,9.435,0.031
3708.6251,9.277,0.031
3712.60428,9.6,0.03
3715.57377,9.56,0.039
3717.63668,9.313,0.043
3720.61864,9.654,0.034
3722.67277,9.255,0.033
3725.64284,9.652,0.036
3727.65859,9.257,0.036
3730.70232,9.598,0.039
3733.69099,9.825,0.033
3736.64298,9.265,0.031
3739.56075,9.641,0.032
3742.58762,9.32,0.03
3745.58807,9.505,0.031
3748.58428,9.629,0.035
3750.63047,9.313,0.037
3754.56383,9.658,0.041
3756.61718,9.341,0.051
3759.56559,9.443,0.038
3762.56478,9.622,0.042
3765.55782,9.21,0.035
3769.52717,9.294,0.032
3771.57932,9.587,0.042
3774.55696,9.266,0.037
3777.54151,9.683,0.039
3783.53512,9.292,0.045
3790.51858,9.561,0.033
3793.51018,9.291,0.038
3797.50441,9.317,0.044
3902.92914,9.275,0.031
3907.9099,9.282,0.032
4105.59015,9.311,0.027
4107.61465,9.691,0.025
4111.64168,9.661,0.029
4126.60052,9.661,0.031
4129.55021,9.446,0.028
4131.5913,9.593,0.03
4136.57101,9.487,0.03
4142.5434,9.288,0.028
4145.53208,9.695,0.033
4151.52713,9.324,0.044
4154.51993,9.681,0.033
4158.51334,9.64,0.031
4282.90934,9.665,0.041
4285.91905,9.409,0.034
4290.93162,9.483,0.035
4297.90395,9.458,0.037
4301.84203,9.731,0.032
4304.84452,9.385,0.025
4307.84337,9.289,0.03
4310.84556,9.673,0.038
4314.85051,9.561,0.028
4319.88122,9.642,0.032
4330.76726,9.612,0.043
4338.77975,9.627,0.026
4349.84437,9.277,0.03
4352.78946,9.637,0.028
4354.81177,9.275,0.025
4357.76161,9.642,0.03
4364.73977,9.239,0.026
4367.73021,9.684,0.035
4369.77626,9.285,0.037
4371.80339,9.696,0.034
4374.78196,9.355,0.042
4377.71345,9.54,0.038
4382.68232,9.465,0.026
4384.73878,9.44,0.033
4386.77125,9.543,0.025
4388.77449,9.348,0.028
4392.70169,9.307,0.036
4399.82389,9.728,0.044
4403.64625,9.412,0.029
4407.67618,9.282,0.035
4409.7052,9.708,0.032
4421.62162,9.281,0.026
4423.6396,9.697,0.044
4426.71479,9.401,0.051
4428.7527,9.538,0.036
4431.62918,9.427,0.03
4433.70575,9.524,0.036
4435.77369,9.461,0.032
4438.64102,9.483,0.04
4440.7336,9.501,0.031
4443.65084,9.295,0.029
4448.72328,9.254,0.033
4455.70156,9.679,0.039
4458.6329,9.272,0.035
4461.61652,9.663,0.028
4463.66915,9.331,0.032
4466.6197,9.531,0.036
4469.61229,9.548,0.037
4476.62652,9.274,0.037
4479.59938,9.695,0.036
4485.6036,9.384,0.04
4488.57508,9.599,0.042
4490.60015,9.281,0.032
4493.56905,9.668,0.029
4500.54044,9.242,0.036
4503.53952,9.692,0.036
4506.53441,9.407,0.033
4509.53389,9.295,0.04
4512.53786,9.68,0.045
4516.53834,9.59,0.048
4519.53071,9.282,0.037
4522.52058,9.701,0.041
4527.50529,9.62,0.047
4626.92804,9.682,0.036
4630.9182,9.542,0.03
4645.91415,9.709,0.033
4649.90061,9.606,0.037
4662.88556,9.363,0.032
4665.91852,9.285,0.032
4674.85188,9.571,0.025
4681.8631,9.414,0.036
4690.81202,9.29,0.025
4693.8698,9.314,0.033
4697.83541,9.684,0.028
4702.81706,9.605,0.025
4720.78373,9.719,0.027
4722.80863,9.271,0.028
4725.79138,9.693,0.03
4728.75831,9.406,0.027
4734.7783,9.664,0.034
4740.70848,9.522,0.029
4742.78477,9.431,0.04
4747.74438,9.475,0.034
4750.69447,9.289,0.027
4752.73368,9.488,0.033
4754.77318,9.343,0.037
4757.67323,9.555,0.029
4759.73906,9.295,0.032
4762.65001,9.616,0.029
4764.7361,9.275,0.026
4767.64336,9.648,0.033
4769.76215,9.271,0.03
4772.63348,9.686,0.029
4774.68499,9.192,0.027
4776.72373,9.678,0.03
4778.65465,9.3,0.03
4780.68887,9.508,0.036
4783.75997,9.274,0.039
4786.67054,9.697,0.028
4794.70527,9.532,0.033
4797.7076,9.241,0.037
4805.58217,9.721,0.038
4807.59117,9.292,0.032
4809.63592,9.694,0.034
4814.67079,9.722,0.038
4817.62259,9.423,0.039
4825.70033,9.316,0.041
4828.59891,9.67,0.045
4836.60075,9.439,0.042
4842.58411,9.677,0.04
4845.57421,9.31,0.04
4848.56826,9.446,0.033
4851.56608,9.606,0.047
4857.57739,9.567,0.039
4860.57581,9.6,0.04
4872.56152,9.261,0.052
4880.5262,9.737,0.039
4883.52938,9.439,0.041
5144.75238,9.717,0.038
5147.81265,9.524,0.044
5155.7683,9.258,0.049
5158.59753,9.61,0.053
5164.58927,9.575,0.053
