1868.63654,10.863,0.034
1869.62353,10.822,0.031
1870.6307,10.809,0.035
1871.63998,10.786,0.036
1872.63147,10.714,0.037
1873.63332,10.69,0.034
1874.62052,10.656,0.035
1875.62078,10.608,0.034
1876.62163,10.577,0.032
1877.62424,10.543,0.032
1878.61391,10.53,0.03
1879.61709,10.482,0.031
1880.60213,10.443,0.03
1881.6055,10.426,0.032
1884.58683,10.315,0.031
1886.60508,10.267,0.032
1887.59873,10.223,0.034
1888.60254,10.167,0.036
1889.59654,10.139,0.034
1900.55447,9.639,0.034
1902.57819,9.576,0.03
1904.55622,9.501,0.031
1906.5857,9.405,0.027
1908.55119,9.324,0.032
1913.55019,9.053,0.031
1915.59709,8.912,0.032
1919.54795,8.628,0.032
1921.57698,8.477,0.032
1923.58876,8.336,0.033
1929.60689,7.946,0.03
1931.5818,7.644,0.041
1933.58732,7.757,0.029
1937.53446,7.646,0.029
1941.53714,7.348,0.029
1950.53987,6.913,0.031
1953.56945,6.791,0.029
1959.58112,6.429,0.031
1963.53782,6.456,0.032
1967.50523,6.357,0.034
1982.50825,6.379,0.032
2069.94626,7.995,0.054
2080.9291,8.071,0.044
2086.89314,8.15,0.035
2088.8869,8.173,0.038
2094.84934,8.303,0.039
2096.87401,8.358,0.04
2103.84392,8.382,0.042
2104.88693,8.39,0.037
2105.89885,8.495,0.036
2113.91695,8.647,0.034
2115.87127,8.694,0.033
2117.83019,8.745,0.032
2122.87324,8.878,0.048
2128.78558,9.057,0.037
2129.7901,9.077,0.038
2130.79871,9.1,0.035
2131.80784,9.127,0.035
2132.82837,9.165,0.035
2133.83742,9.202,0.036
2134.84216,9.224,0.04
2135.85815,9.267,0.036
2136.90247,9.277,0.031
2140.864,9.427,0.037
2143.86289,9.499,0.042
2144.85824,9.549,0.038
2156.74294,9.951,0.036
2166.77131,10.3,0.032
2167.75626,10.327,0.033
2168.7736,10.366,0.034
2169.78208,10.368,0.032
2171.69716,10.44,0.032
2172.75884,10.473,0.032
2173.75241,10.538,0.033
2174.75348,10.553,0.032
2177.70938,10.628,0.034
2183.68219,10.84,0.035
2185.70041,10.869,0.032
2186.73954,10.873,0.044
2189.7536,10.967,0.034
2190.72083,10.997,0.028
2191.72669,11.02,0.031
2192.71259,11.023,0.032
2193.71901,11.036,0.031
2194.71495,11.059,0.031
2195.70615,11.097,0.044
2197.73794,11.312,0.03
2198.70576,11.102,0.032
2199.6985,11.15,0.031
2200.7474,11.171,0.03
2201.69512,11.199,0.029
2203.68569,11.239,0.03
2204.6874,11.273,0.036
2206.67741,11.256,0.029
2207.67563,11.392,0.038
2211.62062,11.329,0.031
2213.61885,11.295,0.032
2214.65728,11.34,0.035
2215.66624,11.343,0.033
2217.66935,11.321,0.031
2222.66272,11.326,0.033
2224.64691,11.316,0.032
2226.65089,11.273,0.036
2228.64297,11.285,0.035
2229.64049,11.275,0.037
2230.64069,11.304,0.034
2232.63144,11.2,0.032
2234.62573,11.212,0.036
2236.62121,11.19,0.04
2237.62557,11.181,0.036
2239.60948,11.097,0.044
2241.62071,11.095,0.035
2242.6186,11.062,0.04
2243.61852,11.041,0.044
2244.62358,11.021,0.043
2248.61538,10.991,0.039
2250.57595,10.887,0.037
2251.60454,10.883,0.041
2252.60394,10.809,0.038
2253.60444,10.836,0.039
2254.60044,10.829,0.039
2255.59787,10.779,0.037
2256.59671,10.737,0.042
2258.60897,10.691,0.042
2262.59198,10.633,0.045
2445.9056,6.637,0.028
2453.86483,6.878,0.031
2460.86695,7.115,0.034
2466.87005,7.346,0.029
2468.86736,7.412,0.036
2471.84415,7.507,0.037
2474.84483,7.601,0.033
2486.83441,8,0.046
2495.79771,8.281,0.03
2498.78576,8.415,0.027
2499.85081,8.456,0.029
2501.84043,8.502,0.028
2502.84203,8.54,0.026
2508.80913,8.754,0.043
2511.77258,8.827,0.043
2520.77333,9.13,0.031
2521.747,9.168,0.028
2523.81481,9.255,0.039
2540.73073,9.79,0.03
2544.81077,9.936,0.03
2553.69516,10.195,0.032
2554.75887,10.219,0.045
2556.77694,10.285,0.051
2558.67866,10.373,0.03
2560.74895,10.508,0.028
2561.74928,10.461,0.031
2562.73246,10.524,0.03
2563.73631,10.564,0.03
2564.72938,10.584,0.027
2565.74186,10.607,0.029
2574.8134,10.886,0.046
2577.7312,10.943,0.035
2620.62101,12,0.031
2622.63387,11.991,0.029
2624.67303,12.056,0.03
2627.68233,12.007,0.031
2629.68417,11.929,0.032
2634.67717,12.1,0.029
2636.70801,12.025,0.028
2638.69703,12.143,0.031
2642.69277,12.027,0.029
2644.68857,12.048,0.03
2649.65731,11.951,0.029
2653.63681,11.902,0.029
2655.6499,11.799,0.03
2658.64845,11.474,0.031
2660.64527,11.804,0.032
2660.64827,11.766,0.038
2662.64511,11.716,0.028
2664.63636,11.662,0.027
2666.63378,11.541,0.03
2668.63948,11.512,0.028
2670.63258,11.421,0.029
2672.63322,11.355,0.029
2674.62095,11.32,0.03
2676.60714,11.261,0.03
2678.59252,11.23,0.029
2680.5952,11.196,0.03
2684.61088,11.091,0.032
2688.6152,10.921,0.036
2690.61405,10.889,0.034
2693.51624,10.844,0.03
2695.52849,10.78,0.028
2697.5324,10.753,0.028
2699.53787,10.674,0.029
2701.53354,10.677,0.029
2703.53129,10.612,0.029
2705.52336,10.567,0.028
2707.52588,10.553,0.029
2709.53128,10.53,0.031
2711.54271,10.506,0.03
2714.51123,10.446,0.033
2717.51126,10.396,0.033
2720.50491,10.342,0.028
2722.50906,10.335,0.03
2724.50968,10.287,0.028
2726.50781,10.246,0.03
2728.50633,10.187,0.03
2730.50237,10.13,0.029
2734.49216,9.932,0.03
2737.48299,9.743,0.029
2742.4767,9.286,0.034
2787.93761,6.423,0.035
2805.9247,6.87,0.031
2810.89757,6.665,0.031
2820.92784,6.882,0.032
2833.90877,7.212,0.032
2836.90069,7.279,0.048
2839.90983,7.366,0.051
2843.89677,7.458,0.027
2859.81309,7.911,0.029
2861.84757,7.986,0.034
2871.92067,8.272,0.034
2875.85298,8.425,0.026
2885.7986,8.753,0.033
2892.85956,8.99,0.033
2894.76899,9.059,0.032
2896.7635,9.112,0.03
2900.76251,9.253,0.031
2903.84845,9.324,0.029
2906.76811,9.442,0.029
2911.72131,9.58,0.03
2913.71166,9.639,0.038
2916.65631,9.703,0.031
2918.71658,9.81,0.051
2921.81435,9.858,0.043
2923.74091,9.93,0.032
2926.75845,10.004,0.029
2930.75223,10.142,0.028
2932.74645,10.203,0.029
2934.74135,10.255,0.03
2940.67995,10.407,0.029
2942.68662,10.513,0.035
2944.68276,10.594,0.033
2946.67956,10.594,0.032
2948.72743,10.677,0.029
2950.68232,10.736,0.031
2954.68713,10.851,0.045
2954.72107,10.858,0.029
2956.71978,10.907,0.041
2958.75383,10.957,0.032
2965.59334,11.154,0.029
2969.64338,11.288,0.039
2971.70988,11.41,0.03
2973.66728,11.38,0.035
2975.66423,11.502,0.033
2977.64948,11.57,0.031
2979.66663,11.528,0.028
2981.68548,11.568,0.032
2983.71434,11.682,0.035
2985.76756,11.682,0.034
2987.79925,11.827,0.032
2990.69332,11.834,0.028
2992.70934,11.865,0.03
2995.59287,11.928,0.029
2997.6188,12.024,0.03
3000.61038,11.987,0.037
3006.6195,12.113,0.032
3008.63649,12.187,0.03
3012.6579,12.161,0.035
3015.67337,12.308,0.041
3017.66481,12.239,0.031
3019.66317,12.262,0.029
3028.67435,12.232,0.054
3031.57515,12.287,0.033
3033.58493,12.242,0.039
3035.61015,12.349,0.034
3039.61725,12.204,0.052
3042.61966,12.411,0.034
3045.5751,12.185,0.031
3048.5634,12.178,0.037
3051.55839,12.102,0.033
3054.55258,11.994,0.048
3056.57224,12.265,0.042
3061.57292,11.874,0.042
3067.55569,11.863,0.034
3069.57454,11.779,0.038
3072.53436,11.577,0.036
3075.54524,11.578,0.055
3078.52644,11.665,0.047
3086.50581,11.154,0.039
3089.50219,10.878,0.035
3097.48898,10.587,0.035
3103.47933,10.328,0.035
3179.93402,5.885,0.03
3183.93576,5.737,0.036
3189.93812,5.724,0.036
3266.81624,7.125,0.044
3321.67448,9.076,0.036
3326.66776,9.276,0.035
3333.81787,9.503,0.037
3356.62766,10.388,0.035
3358.73194,10.399,0.04
3365.61599,10.643,0.038
3367.67959,10.741,0.043
3373.59469,10.931,0.05
3384.72055,11.363,0.049
3387.55715,11.423,0.039
3389.62664,11.498,0.034
3391.65846,11.566,0.035
3395.61201,11.64,0.036
3397.64725,11.673,0.034
3400.5747,11.808,0.035
3403.60197,11.818,0.029
3405.62854,12.029,0.035
3412.60682,12.109,0.035
3416.61689,12.113,0.044
3419.53275,12.183,0.031
3421.5679,12.179,0.048
3426.55467,12.388,0.036
3430.5737,12.439,0.037
3433.52499,12.359,0.035
3436.53907,12.406,0.035
3439.52854,12.474,0.03
3442.52377,12.426,0.031
3444.54716,12.698,0.042
3450.5188,12.611,0.035
3453.51531,12.272,0.051
3456.49437,12.507,0.031
3461.4921,12.237,0.036
3468.48111,12.148,0.033
3472.47178,12.184,0.047
3529.93701,11.188,0.04
3554.93,10.048,0.038
3560.929,9.4,0.037
3564.90516,9.009,0.032
3570.86027,8.385,0.032
3573.91406,8.067,0.039
3576.90533,7.768,0.034
3583.89174,7.12,0.033
3586.88657,6.927,0.033
3590.85013,6.805,0.035
3599.88935,6.693,0.032
3602.86523,6.687,0.037
3617.85819,6.624,0.035
3620.84461,6.743,0.038
3624.80813,6.743,0.029
3628.78897,6.817,0.033
3630.85165,6.848,0.035
3633.77345,6.896,0.035
3636.78515,6.969,0.037
3639.74734,7.015,0.039
3642.74263,7.116,0.029
3646.74035,7.219,0.032
3651.77156,7.381,0.031
3654.70437,7.424,0.039
3656.71769,7.543,0.031
3658.71164,7.593,0.036
3660.73493,7.69,0.041
3662.79575,7.742,0.05
3665.67987,7.818,0.032
3668.81195,7.931,0.031
3671.66688,8.042,0.029
3673.71488,8.121,0.03
3675.79911,8.178,0.034
3680.65682,8.362,0.03
3699.63514,9.026,0.042
3701.7491,9.073,0.049
3706.77098,9.268,0.04
3711.60548,9.421,0.032
3713.60357,9.649,0.033
3715.63885,9.551,0.042
3717.69334,9.623,0.038
3719.76397,9.703,0.043
3722.58385,9.781,0.042
3724.7386,9.874,0.037
3730.6765,10.072,0.046
3733.65748,10.114,0.032
3743.68817,10.426,0.041
3746.65344,10.534,0.044
3748.68887,10.604,0.042
3750.70817,10.64,0.043
3753.69587,10.711,0.043
3756.59606,10.728,0.045
3758.65848,10.912,0.032
3761.61825,11.013,0.044
3764.59545,11.024,0.043
3766.63564,11.143,0.037
3769.58748,11.214,0.04
3771.62233,11.303,0.04
3774.59298,11.282,0.039
3778.62264,11.441,0.041
3788.55187,11.753,0.035
3791.54576,11.785,0.039
3794.53133,11.892,0.044
3797.52077,12.04,0.038
3800.52262,11.975,0.039
3803.53098,12.107,0.047
3806.51959,12.191,0.039
3809.54429,12.135,0.04
3812.50899,12.209,0.038
3815.50825,12.432,0.036
3818.49839,12.332,0.043
3821.49575,12.532,0.041
3824.49108,12.51,0.038
3827.48302,12.645,0.04
3830.48876,12.699,0.036
3834.48,12.324,0.041
3837.47633,12.815,0.051
3893.92625,11.936,0.03
3902.92538,11.656,0.037
3906.91333,11.541,0.039
3983.81897,6.245,0.049
4090.73867,8.138,0.034
4103.72492,8.573,0.043
4106.59839,8.636,0.033
4125.57792,9.166,0.031
4127.58318,9.199,0.034
4129.59548,9.284,0.035
4131.63295,9.346,0.046
4133.63638,9.396,0.036
4135.659,9.449,0.04
4140.5989,9.596,0.032
4142.63002,9.619,0.037
4145.56255,9.708,0.033
4147.62667,9.752,0.034
4153.57703,9.947,0.029
4158.5568,10.079,0.035
4161.51975,10.155,0.034
4163.54499,10.313,0.037
4175.53308,10.574,0.035
4183.49537,10.839,0.034
4186.49843,10.855,0.049
4190.50077,11.069,0.032
4193.48943,11.166,0.034
4290.93476,11.381,0.038
4297.91007,11.26,0.041
4304.85631,11.251,0.032
4314.85842,11.154,0.032
4329.91553,10.868,0.036
4334.84288,10.829,0.028
4338.80781,10.719,0.039
4349.8072,10.404,0.036
4352.80012,10.265,0.03
4355.7848,10.09,0.03
4358.78188,9.913,0.031
4363.77995,9.562,0.028
4365.77931,9.405,0.029
4368.74201,9.153,0.037
4372.78725,8.749,0.038
4375.78794,8.439,0.036
4378.73163,8.116,0.038
4380.78966,7.886,0.035
4383.71273,7.56,0.028
4385.76515,7.316,0.029
4387.85224,7.055,0.034
4392.72251,6.586,0.032
4399.72653,6.447,0.043
4402.73156,6.334,0.035
4406.68745,6.082,0.042
4408.71674,6.205,0.031
4411.67659,6.317,0.035
4420.66552,6.209,0.04
4422.70207,6.207,0.03
4425.79963,6.361,0.034
4428.59697,6.384,0.043
4430.6582,6.266,0.038
4432.70474,6.304,0.03
4437.62157,6.352,0.029
4441.77868,6.434,0.038
4444.73935,6.479,0.039
4452.66318,6.741,0.032
4457.65048,6.889,0.041
4459.7416,6.939,0.044
4462.66097,7.016,0.036
4465.60787,7.127,0.039
4468.60631,7.254,0.034
4474.67171,7.433,0.041
4477.6234,7.513,0.039
4482.67747,7.654,0.043
4488.59721,7.869,0.044
4490.62149,7.938,0.031
4492.66981,8.092,0.039
4499.55166,8.188,0.033
4501.65455,8.24,0.041
4504.58539,8.308,0.043
4507.55184,8.395,0.036
4510.55557,8.437,0.044
4516.57761,8.625,0.047
4519.54708,8.732,0.04
4521.58366,8.788,0.03
4524.52967,8.855,0.036
4530.53153,9.005,0.035
4533.51648,9.064,0.037
4537.50514,9.171,0.039
4539.54587,9.18,0.048
4542.52122,9.278,0.043
4548.49748,9.426,0.04
4551.49236,9.483,0.035
4554.49529,9.531,0.038
4557.49511,9.601,0.037
4560.48974,9.692,0.038
4563.47981,9.74,0.039
4566.47649,9.845,0.042
4626.93627,11.603,0.038
4630.92498,11.751,0.03
4650.89926,12.056,0.036
4654.9072,12.101,0.042
4662.88257,12.201,0.034
4665.91539,12.277,0.035
4674.87672,12.12,0.043
4686.81346,11.867,0.032
4693.84928,11.798,0.04
4697.8641,11.596,0.031
4700.84315,11.469,0.03
4703.84236,11.268,0.029
4707.81059,11.144,0.034
4715.86231,10.825,0.037
4719.82807,10.666,0.039
4721.78314,10.565,0.041
4724.81051,10.402,0.037
4727.81799,10.299,0.037
4730.75731,10.183,0.032
4733.82593,10.035,0.03
4737.83175,9.879,0.046
4740.76246,9.806,0.033
4748.71074,9.579,0.032
4753.7511,9.473,0.031
4755.83345,9.446,0.033
4758.6989,9.387,0.034
4761.67994,9.261,0.033
4763.7918,9.206,0.034
4766.67399,9.068,0.032
4769.66361,8.924,0.03
4771.70447,8.783,0.035
4773.77098,8.673,0.03
4776.64238,8.496,0.031
4778.68299,8.352,0.034
4780.70745,8.223,0.037
4783.78169,7.994,0.042
4786.7305,7.803,0.032
4794.7333,7.143,0.043
4797.73172,6.887,0.041
4802.69428,6.489,0.034
4805.60178,6.367,0.034
4807.60724,6.258,0.033
4809.65077,6.273,0.033
4814.69908,6.351,0.045
4816.79425,6.131,0.041
4820.58569,6.105,0.039
4822.70977,6.246,0.037
4825.64627,6.024,0.046
4828.58046,6.006,0.04
4833.62548,5.841,0.049
4838.60334,5.81,0.039
4840.66909,5.768,0.046
4843.60635,5.819,0.038
4846.60305,5.84,0.044
4848.64919,5.882,0.035
4851.63103,5.891,0.054
4857.64199,6.129,0.037
4872.58502,6.3,0.051
4875.58877,6.428,0.04
4881.56281,6.703,0.038
4884.55946,6.834,0.044
4893.54033,7.231,0.054
4918.50628,8.21,0.048
4921.50053,8.309,0.053
5014.87206,11.326,0.053
5018.91638,11.359,0.049
5021.91807,11.428,0.05
5040.9195,12.013,0.039
5048.80833,12.134,0.046
5063.85412,12.204,0.047
5070.82998,12.276,0.047
5074.82888,12.323,0.042
5084.7876,12.047,0.043
5087.79812,12.131,0.04
5093.77915,11.949,0.052
5106.80363,11.601,0.044
5124.79074,11.154,0.044
5132.72182,10.978,0.05
5154.81845,10.771,0.052
