1868.63654,12.49,0.067
1869.62353,12.536,0.051
1870.6307,12.243,0.063
1871.63998,12.095,0.074
1872.63147,12.254,0.075
1873.63332,12.646,0.07
1874.62052,12.499,0.066
1875.62078,12.309,0.058
1876.62163,12.148,0.055
1877.62424,12.32,0.054
1878.61391,12.501,0.052
1879.61709,12.541,0.042
1880.60213,12.238,0.056
1881.6055,12.149,0.042
1884.58683,12.617,0.047
1886.60508,12.123,0.041
1887.59873,12.357,0.058
1888.60254,12.593,0.063
1889.59654,12.536,0.047
1900.55447,12.19,0.043
1902.57819,12.469,0.041
1904.55622,12.398,0.051
1906.5857,12.403,0.038
1908.55119,12.567,0.05
1913.55019,12.615,0.043
1915.59709,12.284,0.051
1919.54795,12.139,0.041
1921.57698,12.545,0.044
1923.58876,12.164,0.044
1929.60689,12.239,0.046
1931.5818,12.515,0.049
1933.58732,12.213,0.044
1937.53446,12.56,0.041
1941.53714,12.599,0.041
1950.53987,12.5,0.07
1953.56945,12.277,0.053
1959.58112,12.535,0.066
1963.53782,12.354,0.051
1967.50523,12.23,0.05
1982.50825,12.222,0.05
2069.94626,12.168,0.081
2080.9291,12.419,0.077
2086.89314,12.597,0.077
2088.8869,12.297,0.084
2094.84934,12.132,0.076
2096.87401,12.513,0.076
2103.84392,12.36,0.071
2104.88693,12.171,0.071
2105.89885,12.592,0.071
2113.91695,12.251,0.059
2115.87127,12.553,0.055
2117.83019,12.399,0.057
2122.87324,12.285,0.061
2128.78558,12.164,0.07
2129.7901,12.117,0.071
2130.79871,12.54,0.06
2131.80784,12.559,0.074
2132.82837,12.144,0.071
2133.83742,12.243,0.064
2134.84216,12.429,0.071
2135.85815,12.588,0.065
2136.90247,12.148,0.051
2140.864,12.465,0.089
2143.86289,12.547,0.069
2144.85824,12.648,0.075
2156.74294,12.525,0.067
2166.77131,12.109,0.055
2167.75626,12.176,0.055
2168.7736,12.402,0.061
2169.78208,12.55,0.052
2171.69716,12.446,0.051
2172.75884,12.24,0.054
2173.75241,12.48,0.056
2174.75348,12.569,0.053
2177.70938,12.207,0.06
2180.65823,12.472,0.063
2183.68219,12.357,0.057
2185.70041,12.499,0.047
2186.73954,12.113,0.059
2189.7536,12.417,0.056
2190.72083,12.223,0.045
2191.72669,12.116,0.052
2192.71259,12.431,0.05
2193.71901,12.592,0.052
2194.71495,12.606,0.051
2195.70615,12.273,0.082
2197.73794,12.526,0.047
2198.70576,12.49,0.049
2199.6985,12.434,0.052
2200.7474,12.102,0.046
2201.69512,12.235,0.051
2203.68569,12.671,0.047
2204.6874,12.514,0.053
2206.67741,12.162,0.045
2207.67563,12.514,0.049
2211.62062,12.079,0.045
2213.61885,12.546,0.046
2214.65728,12.439,0.048
2215.66624,12.102,0.045
2217.66935,12.559,0.043
2222.66272,12.456,0.044
2224.64691,12.245,0.049
2226.65089,12.295,0.046
2228.64297,12.663,0.046
2229.64049,12.21,0.048
2230.64069,12.191,0.047
2232.63144,12.652,0.046
2234.62573,12.202,0.051
2236.62121,12.377,0.05
2237.62557,12.539,0.046
2239.60948,12.103,0.049
2241.62071,12.388,0.045
2242.6186,12.554,0.049
2243.61852,12.296,0.052
2244.62358,11.941,0.054
2248.61538,12.215,0.054
2250.57595,12.186,0.049
2251.60454,12.574,0.053
2252.60394,12.699,0.052
2253.60444,12.116,0.052
2254.60044,12.271,0.05
2255.59787,12.373,0.048
2256.59671,12.474,0.06
2258.60897,12.187,0.057
2262.59198,12.655,0.064
2445.9056,12.596,0.039
2453.86483,12.203,0.04
2460.86695,12.437,0.046
2466.87005,12.41,0.042
2468.86736,12.244,0.048
2471.84415,12.514,0.042
2474.84483,12.494,0.049
2486.83441,12.312,0.051
2495.79771,12.6,0.034
2498.78576,12.345,0.033
2499.85081,12.653,0.035
2501.84043,12.127,0.036
2502.84203,12.452,0.036
2508.80913,12.526,0.046
2511.77258,12.058,0.049
2520.77333,12.202,0.067
2521.747,12.114,0.047
2523.81481,12.593,0.049
2540.73073,12.103,0.05
2544.81077,12.167,0.042
2553.69516,12.633,0.037
2554.75887,12.162,0.054
2556.77694,12.578,0.056
2558.67866,12.578,0.044
2560.74895,12.325,0.04
2561.74928,12.521,0.038
2562.73246,12.578,0.035
2563.73631,12.169,0.06
2564.72938,12.177,0.048
2565.74186,12.431,0.036
2574.8134,12.254,0.056
2577.7312,12.231,0.051
2620.62101,12.781,0.06
2622.63387,12.098,0.041
2624.67303,12.528,0.049
2627.68233,12.301,0.055
2629.68417,12.581,0.048
2634.67717,12.511,0.047
2636.70801,12.293,0.044
2638.69703,12.628,0.055
2642.69277,12.503,0.047
2644.68857,12.179,0.057
2649.65731,12.219,0.039
2653.63681,12.64,0.048
2655.6499,12.153,0.039
2658.64845,12.539,0.038
2660.64527,12.187,0.044
2660.64827,12.233,0.049
2662.64511,12.548,0.044
2664.63636,12.168,0.04
2666.63378,12.488,0.038
2668.63948,12.28,0.038
2670.63258,12.245,0.041
2672.63322,12.577,0.038
2674.62095,12.114,0.044
2676.60714,12.494,0.037
2678.59252,12.431,0.04
2680.5952,12.285,0.045
2684.61088,12.135,0.034
2688.6152,12.119,0.039
2690.61405,12.421,0.042
2693.51624,12.574,0.045
2695.52849,12.188,0.035
2697.5324,12.559,0.041
2699.53787,12.168,0.04
2701.53354,12.508,0.046
2703.53129,12.228,0.045
2705.52336,12.319,0.039
2707.52588,12.518,0.037
2709.53128,12.17,0.04
2711.54271,12.514,0.052
2714.51123,12.111,0.039
2717.51126,12.461,0.043
2720.50491,12.423,0.038
2722.50906,12.377,0.039
2724.50968,12.25,0.033
2726.50781,12.548,0.039
2728.50633,12.133,0.036
2730.50237,12.576,0.035
2734.49216,12.37,0.034
2737.48299,12.153,0.037
2742.4767,12.212,0.041
2787.93761,12.177,0.04
2805.9247,12.515,0.042
2810.89757,12.519,0.04
2820.92784,12.153,0.038
2833.90877,12.589,0.033
2836.90069,12.149,0.039
2839.90983,12.189,0.051
2843.89677,12.559,0.037
2859.81309,12.357,0.033
2861.84757,12.433,0.035
2871.92067,12.497,0.036
2875.85298,12.426,0.039
2885.7986,12.313,0.038
2892.85956,12.142,0.039
2894.76899,12.179,0.036
2896.7635,12.555,0.037
2900.76251,12.344,0.039
2903.84845,12.243,0.034
2906.76811,12.564,0.036
2911.72131,12.618,0.038
2913.71166,12.139,0.045
2916.65631,12.414,0.037
2918.71658,12.037,0.04
2921.81435,12.099,0.038
2923.74091,12.156,0.041
2926.75845,12.288,0.04
2930.75223,12.585,0.042
2932.74645,12.155,0.035
2934.74135,12.487,0.039
2940.67995,12.516,0.039
2942.68662,12.216,0.037
2944.68276,12.553,0.037
2946.67956,12.355,0.033
2948.72743,12.391,0.038
2950.68232,12.492,0.041
2954.68713,12.449,0.049
2954.72107,12.606,0.035
2956.71978,12.191,0.047
2958.75383,12.6,0.034
2965.59334,12.482,0.037
2969.64338,12.573,0.041
2971.70988,12.207,0.035
2973.66728,12.501,0.04
2975.66423,12.136,0.039
2977.64948,12.319,0.037
2979.66663,12.472,0.035
2981.68548,12.27,0.034
2983.71434,12.527,0.036
2985.76756,12.371,0.038
2987.79925,12.242,0.034
2990.69332,12.208,0.034
2992.70934,12.607,0.036
2995.59287,12.108,0.037
2997.6188,12.477,0.037
3000.61038,12.125,0.038
3006.6195,12.341,0.037
3008.63649,12.388,0.038
3012.6579,12.661,0.036
3015.67337,12.42,0.039
3017.66481,12.498,0.037
3019.66317,12.206,0.034
3028.67435,12.246,0.043
3031.57515,12.539,0.036
3033.58493,12.126,0.04
3035.61015,12.616,0.034
3039.61725,12.281,0.044
3042.61966,12.208,0.034
3045.5751,12.547,0.036
3048.5634,12.164,0.035
3051.55839,12.631,0.046
3054.55258,12.239,0.045
3056.57224,12.589,0.038
3061.57292,12.424,0.039
3067.55569,12.311,0.037
3069.57454,12.5,0.039
3072.53436,12.186,0.039
3075.54524,12.705,0.045
3078.52644,12.42,0.045
3086.50581,12.195,0.038
3089.50219,12.595,0.036
3097.48898,12.172,0.036
3103.47933,12.451,0.037
3179.93402,12.148,0.037
3183.93576,12.316,0.04
3189.93812,12.181,0.038
3266.81624,12.102,0.05
3321.67448,12.207,0.045
3326.66776,12.239,0.054
3333.81787,12.145,0.045
3356.62766,12.5,0.058
3358.73194,12.339,0.053
3365.61599,12.365,0.045
3366.76974,12.262,0.05
3367.61603,12.515,0.061
3384.72055,12.523,0.056
3387.55715,12.454,0.054
3389.62664,12.559,0.045
3391.65846,12.178,0.051
3395.61201,12.577,0.048
3397.64725,12.221,0.044
3400.5747,12.651,0.041
3403.60197,12.304,0.051
3405.62854,12.337,0.042
3412.60682,12.264,0.044
3416.61689,12.201,0.073
3419.53275,12.617,0.039
3421.5679,12.199,0.059
3426.55467,12.121,0.04
3430.5737,12.171,0.048
3433.52499,12.481,0.047
3436.53907,12.177,0.037
3439.52854,12.566,0.039
3442.52377,12.363,0.038
3444.54716,12.332,0.039
3450.50708,12.143,0.038
3450.5188,12.211,0.045
3453.51531,12.465,0.056
3456.49437,12.211,0.039
3461.4921,12.252,0.039
3468.48111,12.584,0.043
3472.47178,12.518,0.052
3529.93701,12.064,0.06
3554.93,12.412,0.044
3560.929,12.695,0.044
3564.90516,12.395,0.041
3570.86027,12.561,0.041
3573.91406,12.39,0.045
3576.90533,12.211,0.04
3583.89174,12.457,0.056
3586.88657,12.115,0.064
3590.85013,12.74,0.075
3599.88935,12.542,0.037
3602.86523,12.381,0.05
3617.85819,12.514,0.048
3620.84461,12.15,0.071
3624.80813,12.471,0.038
3628.78897,12.571,0.042
3630.85165,12.153,0.044
3633.77345,12.55,0.05
3636.78515,12.29,0.042
3639.74734,12.581,0.056
3642.74263,12.37,0.047
3646.74035,12.271,0.042
3651.77156,12.441,0.04
3654.70437,12.431,0.074
3656.71769,12.273,0.044
3658.71164,12.588,0.053
3660.73493,12.315,0.069
3662.79575,12.411,0.07
3665.67987,12.035,0.051
3668.81195,12.202,0.04
3671.66688,12.323,0.042
3673.71488,12.28,0.044
3675.79911,12.537,0.062
3680.65682,12.219,0.049
3699.63514,12.189,0.063
3701.7491,12.347,0.062
3706.77098,12.058,0.076
3711.60548,12.553,0.047
3713.60357,12.172,0.046
3715.63885,12.534,0.044
3717.69334,12.069,0.048
3719.76397,12.561,0.052
3722.58385,12.57,0.077
3724.7386,12.601,0.05
3730.6765,12.573,0.077
3733.65748,12.469,0.053
3743.68817,12.472,0.078
3746.65344,12.193,0.047
3748.68887,12.624,0.053
3750.70817,12.098,0.059
3753.69587,12.651,0.047
3756.59606,12.145,0.044
3758.65848,12.612,0.037
3761.61825,12.131,0.046
3764.59545,12.56,0.074
3766.63564,12.296,0.051
3769.58748,12.679,0.062
3771.62233,12.576,0.041
3774.59298,12.308,0.042
3778.62264,12.386,0.04
3788.55187,12.44,0.044
3791.54576,12.555,0.058
3794.53133,12.3,0.047
3797.52077,12.55,0.048
3800.52262,12.15,0.043
3803.53098,12.533,0.056
3806.51959,12.416,0.04
3809.54429,12.193,0.045
3812.50899,12.63,0.043
3815.50825,12.297,0.044
3818.49839,12.302,0.049
3821.49575,12.568,0.052
3824.49108,12.095,0.041
3827.48302,12.607,0.053
3830.48876,12.411,0.044
3834.48,12.125,0.05
3837.47633,12.457,0.046
3893.92625,12.13,0.042
3902.92538,12.197,0.059
3906.91333,12.369,0.076
3983.81897,12.32,0.064
4090.73867,12.32,0.059
4103.72492,12.355,0.076
4106.59839,12.221,0.077
4125.57792,12.122,0.054
4127.58318,12.63,0.05
4129.59548,12.115,0.041
4131.63295,12.47,0.051
4133.63638,12.149,0.047
4135.659,12.614,0.057
4140.5989,12.408,0.047
4142.63002,12.207,0.062
4145.56255,12.372,0.054
4147.62667,12.234,0.049
4153.57703,12.102,0.042
4158.5568,12.134,0.041
4161.51975,12.485,0.046
4163.54499,12.194,0.042
4175.53308,12.628,0.062
4183.49537,12.116,0.048
4186.49843,12.52,0.05
4190.50077,12.587,0.042
4193.48943,12.218,0.041
4290.93476,12.241,0.049
4297.91007,12.647,0.046
4304.85631,12.249,0.048
4314.85842,12.139,0.042
4329.91553,12.499,0.042
4334.84288,12.222,0.043
4338.80781,12.154,0.048
4349.8072,12.343,0.07
4352.80012,12.278,0.038
4355.7848,12.503,0.038
4358.78188,12.159,0.053
4363.77995,12.098,0.04
4365.77931,12.626,0.038
4368.74201,12.121,0.041
4372.78725,12.075,0.045
4375.78794,12.536,0.04
4378.73163,12.099,0.045
4380.78966,12.541,0.047
4383.71273,12.16,0.043
4385.76515,12.576,0.039
4387.85224,12.588,0.053
4392.72251,12.156,0.047
4399.72653,12.556,0.064
4402.73156,12.283,0.048
4406.68745,12.298,0.043
4408.71674,12.501,0.041
4411.67659,12.299,0.052
4420.66552,12.356,0.049
4422.70207,12.415,0.043
4425.79963,12.331,0.045
4428.59697,12.354,0.056
4430.6582,12.191,0.046
4432.70474,12.538,0.043
4437.62157,12.311,0.04
4441.77868,12.613,0.047
4444.73935,12.183,0.044
4452.66318,12.587,0.052
4457.65048,12.529,0.063
4459.7416,12.412,0.054
4462.66097,12.6,0.054
4465.60787,12.345,0.072
4468.60631,12.436,0.066
4477.6234,12.605,0.076
4482.67747,12.147,0.077
4488.59721,12.01,0.044
4490.62149,12.545,0.041
4492.66981,12.154,0.043
4499.55166,12.103,0.044
4501.65455,12.14,0.069
4504.58539,12.417,0.042
4507.55184,12.266,0.043
4510.55557,12.5,0.049
4516.57761,12.272,0.06
4519.54708,12.427,0.048
4521.58366,12.222,0.039
4524.52967,12.485,0.047
4530.53153,12.669,0.047
4533.51648,12.409,0.039
4537.50514,12.104,0.053
4539.54587,12.665,0.048
4542.52122,12.139,0.044
4548.49748,12.319,0.049
4551.49236,12.189,0.048
4554.49529,12.519,0.049
4557.49511,12.317,0.045
4560.48974,12.287,0.046
4563.47981,12.658,0.042
4566.47649,12.152,0.049
4626.93627,12.342,0.051
4630.92498,12.207,0.042
4650.89926,12.315,0.056
4654.9072,12.163,0.056
4662.88257,12.504,0.053
4665.91539,12.482,0.049
4674.87672,12.306,0.046
4686.81346,12.606,0.046
4693.84928,12.311,0.045
4697.8641,12.094,0.042
4700.84315,12.585,0.042
4703.84236,12.261,0.044
4707.81059,12.249,0.049
4715.86231,12.294,0.045
4719.82807,12.5,0.043
4721.78314,12.187,0.048
4724.81051,12.45,0.046
4727.81799,12.31,0.042
4730.75731,12.507,0.047
4733.82593,12.619,0.05
4737.83175,12.601,0.045
4740.76246,12.197,0.043
4748.71074,12.853,0.043
4753.7511,12.582,0.039
4755.83345,12.285,0.043
4758.6989,12.434,0.043
4761.67994,12.138,0.048
4763.7918,12.339,0.039
4766.67399,12.132,0.044
4769.66361,12.56,0.039
4771.70447,12.332,0.04
4773.77098,12.17,0.042
4776.64238,12.159,0.044
4778.68299,12.634,0.044
4780.70745,12.115,0.054
4783.78169,12.052,0.057
4786.7305,12.586,0.05
4794.7333,12.166,0.084
4797.73172,12.386,0.082
4802.69428,12.542,0.05
4805.60178,12.185,0.043
4807.60724,12.482,0.04
4809.65077,12.079,0.062
4814.69908,12.522,0.08
4816.79425,12.118,0.067
4820.58569,12.304,0.049
4822.70977,12.039,0.066
4825.64627,12.6,0.079
4828.58046,12.302,0.044
4833.62548,12.405,0.084
4838.60334,12.154,0.056
4840.66909,12.508,0.076
4843.60635,12.184,0.062
4846.60305,12.363,0.077
4848.64919,12.382,0.062
4851.63103,12.124,0.067
4857.64199,12.274,0.054
4872.58502,12.349,0.075
4875.58877,12.063,0.067
4881.56281,12.26,0.058
4884.55946,12.542,0.066
4893.54033,12.578,0.048
4918.50628,12.548,0.049
4921.50053,12.406,0.053
5014.87206,12.293,0.056
5018.91638,12.2,0.054
5021.91807,12.311,0.053
5040.9195,12.209,0.048
5048.80833,12.213,0.046
5063.85412,12.746,0.051
5070.82998,12.166,0.058
5074.82888,12.451,0.047
5084.7876,12.392,0.053
5087.79812,12.468,0.058
5093.77915,12.519,0.052
5106.80363,12.562,0.054
5124.79074,12.21,0.051
5132.72182,12.554,0.054
5154.81845,12.578,0.067
