1868.63806,13.281,0.06
1869.62511,13.254,0.038
1870.63457,13.3,0.064
1871.64377,13.482,0.072
1872.63303,13.299,0.075
1873.63486,13.616,0.069
1874.62656,13.586,0.068
1875.6246,13.498,0.051
1876.62318,13.524,0.059
1877.6258,13.326,0.053
1878.61771,13.317,0.048
1879.61866,13.24,0.042
1880.60371,13.319,0.053
1881.60933,13.23,0.037
1884.58843,13.497,0.044
1885.60962,13.574,0.043
1886.60895,13.585,0.041
1887.60035,13.668,0.059
1888.60418,13.388,0.057
1889.60043,13.363,0.043
1899.57895,13.68,0.059
1902.55508,13.322,0.041
1904.56026,13.404,0.047
1906.56051,13.4,0.042
1908.55314,13.504,0.039
1913.53634,13.382,0.035
1919.54322,13.35,0.04
1921.56046,13.56,0.035
1923.5818,13.269,0.037
1925.5905,13.417,0.052
1929.59322,13.592,0.045
1931.57038,13.455,0.04
1933.57595,13.324,0.04
1939.54595,13.379,0.039
1946.5769,13.382,0.039
1950.52189,13.322,0.074
1953.5536,13.569,0.046
1959.56774,13.432,0.057
1963.52448,13.646,0.046
1966.52863,13.505,0.047
2064.94547,13.587,0.079
2069.94911,13.23,0.081
2080.92738,13.342,0.068
2086.89136,13.345,0.072
2088.88511,13.393,0.069
2093.94491,13.298,0.075
2095.86219,13.318,0.085
2096.87661,13.212,0.079
2103.84195,13.581,0.06
2104.88943,13.344,0.064
2105.90133,13.31,0.068
2113.91933,13.221,0.054
2115.87599,13.266,0.048
2117.83252,13.294,0.06
2128.78777,13.74,0.069
2129.79952,13.352,0.052
2130.80088,13.361,0.068
2131.80998,13.292,0.069
2132.83051,13.371,0.066
2133.83955,13.595,0.059
2134.84884,13.502,0.064
2135.88112,13.365,0.065
2136.90963,13.24,0.044
2140.82534,13.269,0.076
2143.87197,13.735,0.057
2144.90011,13.319,0.043
2156.7508,13.317,0.055
2167.7603,13.375,0.055
2168.77763,13.642,0.051
2171.70361,13.755,0.051
2172.76971,13.351,0.056
2173.76085,13.444,0.056
2174.75766,13.197,0.053
2177.73677,13.535,0.058
2183.6884,13.598,0.058
2186.74111,12.983,0.067
2190.72238,13.377,0.057
2191.72824,13.615,0.056
2192.71415,13.623,0.056
2193.72056,13.615,0.054
2194.7165,13.641,0.051
2197.73946,13.295,0.055
2198.70727,13.419,0.051
2199.70679,13.33,0.052
2200.75115,13.571,0.048
2201.69663,13.289,0.056
2203.68721,13.563,0.051
2204.68891,13.543,0.054
2211.62694,13.431,0.05
2217.67314,13.419,0.05
2222.66903,13.181,0.048
2224.6484,13.487,0.055
2228.64676,13.88,0.053
2229.642,13.375,0.056
2232.63746,13.421,0.052
2234.62726,13.194,0.055
2237.6271,13.197,0.054
2242.62016,13.072,0.054
2243.62464,13.026,0.06
2250.61237,13.032,0.055
2255.60409,13.469,0.057
2256.60522,13.428,0.059
2445.91073,13.39,0.038
2466.86809,13.659,0.039
2468.86533,13.426,0.039
2471.84215,13.418,0.044
2474.84278,13.484,0.054
2492.84582,13.18,0.047
2495.80484,13.362,0.055
2501.85156,13.277,0.046
2502.84863,13.118,0.047
2521.74886,13.303,0.044
2523.81666,13.292,0.046
2540.73239,13.263,0.04
2544.81753,13.288,0.037
2553.69899,13.261,0.047
2556.78819,13.495,0.06
2558.68252,13.45,0.039
2559.73834,13.359,0.042
2560.75049,13.351,0.036
2561.75307,13.222,0.036
2562.73654,13.251,0.038
2565.74562,13.563,0.038
2577.73499,13.53,0.042
2579.62724,13.19,0.058
2622.62155,13.427,0.032
2624.66073,13.49,0.031
2627.67244,13.369,0.043
2629.66944,13.504,0.046
2634.57124,13.254,0.029
2636.59799,13.642,0.03
2638.6076,13.494,0.038
2640.60806,13.287,0.04
2642.60589,13.324,0.035
2644.60176,13.358,0.039
2646.58341,13.39,0.035
2649.57983,13.784,0.029
2651.58493,13.294,0.036
2653.59899,13.261,0.041
2655.6144,13.53,0.033
2658.61536,13.521,0.031
2660.61233,13.304,0.054
2660.61754,13.254,0.036
2662.61441,13.211,0.035
2664.60811,13.299,0.032
2666.60555,13.556,0.034
2668.61125,13.542,0.03
2670.60437,13.33,0.038
2672.60501,13.233,0.043
2674.59279,13.195,0.037
2676.57901,13.301,0.031
2678.56439,13.374,0.035
2680.56708,13.626,0.031
2684.5899,13.299,0.037
2686.5963,13.287,0.032
2688.59401,13.798,0.032
2690.5929,13.532,0.034
2692.59021,13.261,0.038
2694.58982,13.271,0.034
2698.58204,13.358,0.033
2700.58402,13.694,0.035
2702.57587,13.371,0.036
2704.56459,13.514,0.028
2706.54643,13.309,0.03
2710.53228,13.296,0.032
2712.54374,13.572,0.03
2714.55803,13.362,0.029
2717.55202,13.199,0.033
2720.54084,13.315,0.03
2723.50123,13.376,0.038
2725.50282,13.517,0.032
2727.50099,13.448,0.032
2729.50136,13.232,0.031
2733.48919,13.302,0.039
2735.48962,13.601,0.03
2737.4953,13.574,0.036
2742.47287,13.121,0.036
2810.89337,13.595,0.031
2818.9424,13.419,0.037
2833.90432,13.205,0.037
2839.90778,13.399,0.048
2843.89466,13.283,0.041
2859.81533,13.255,0.033
2861.84978,13.391,0.031
2871.92272,13.449,0.031
2875.85499,13.338,0.036
2883.84434,13.774,0.028
2885.80049,13.844,0.041
2896.77234,13.413,0.032
2903.85481,13.554,0.031
2906.76981,13.33,0.029
2909.75284,13.556,0.042
2911.74026,13.529,0.031
2913.7202,13.273,0.043
2916.66023,13.354,0.03
2926.77534,13.462,0.029
2928.77276,13.594,0.031
2930.76808,13.618,0.029
2932.7614,13.47,0.031
2934.75707,13.228,0.032
2937.67883,13.432,0.03
2940.71626,13.348,0.029
2942.68821,13.375,0.029
2944.69555,13.782,0.032
2946.68104,13.598,0.029
2948.72903,13.417,0.041
2950.68398,13.495,0.035
2954.69123,13.555,0.042
2954.72272,13.708,0.038
2956.72143,13.447,0.03
2958.75548,13.471,0.029
2969.64758,13.58,0.033
2971.71928,13.416,0.029
2975.66846,13.523,0.036
2977.65121,13.835,0.033
2979.66843,13.3,0.03
2981.68726,13.199,0.029
2983.71628,13.539,0.033
2985.76948,13.291,0.031
2987.8012,13.374,0.03
2992.71442,13.454,0.032
2994.80017,13.283,0.031
2997.58533,13.272,0.033
3000.58313,13.465,0.031
3006.60609,13.214,0.034
3008.62361,13.33,0.03
3012.6414,13.402,0.033
3015.65741,13.209,0.033
3017.65156,13.415,0.03
3019.64481,13.82,0.031
3028.5349,13.376,0.03
3030.59189,13.485,0.031
3034.65724,13.385,0.031
3037.5985,13.35,0.029
3044.56551,13.826,0.032
3049.59708,13.296,0.029
3052.57759,13.358,0.03
3054.6075,13.663,0.031
3064.54511,13.576,0.031
3070.54355,13.308,0.033
3078.56149,13.674,0.029
3088.5149,13.557,0.035
3090.52696,13.443,0.051
3097.51026,13.344,0.03
3103.49032,13.227,0.031
3107.48287,13.197,0.031
3110.47731,13.37,0.031
3115.46617,13.315,0.032
3179.92665,13.41,0.033
3183.94104,13.185,0.044
3281.73356,13.207,0.073
3293.76656,13.575,0.062
3355.74408,13.175,0.054
3358.59453,13.3,0.067
3363.67342,13.509,0.063
3366.76307,13.59,0.057
3382.59066,13.214,0.042
3386.5698,13.35,0.055
3388.6505,13.3,0.067
3390.61949,13.228,0.071
3396.56398,13.505,0.041
3400.67612,13.343,0.05
3403.67087,13.9,0.043
3406.55032,13.295,0.063
3408.56887,13.53,0.039
3410.62365,13.34,0.048
3413.55381,13.269,0.05
3415.55612,13.222,0.051
3419.57583,13.374,0.074
3421.59307,13.218,0.059
3426.5661,13.196,0.051
3428.57805,13.597,0.054
3430.58259,13.583,0.051
3439.50738,13.282,0.042
3442.51055,13.68,0.035
3444.54526,13.621,0.041
3446.55869,13.219,0.049
3449.53495,13.436,0.048
3455.49614,13.911,0.036
3457.52338,13.203,0.043
3460.49398,13.262,0.037
3463.48871,13.638,0.078
3466.48847,13.673,0.042
3470.48624,13.317,0.038
3473.485,13.249,0.042
3525.94004,13.738,0.05
3530.93976,13.424,0.051
3544.91534,13.18,0.064
3554.94041,13.388,0.051
3560.92688,13.314,0.089
3564.90299,13.269,0.048
3570.85449,13.558,0.041
3573.9074,13.232,0.047
3576.90303,13.593,0.059
3583.89855,13.34,0.069
3586.88908,13.307,0.062
3590.8525,13.564,0.058
3599.89264,13.613,0.037
3615.88859,13.534,0.045
3618.81889,13.417,0.058
3621.8315,13.388,0.046
3625.80274,13.601,0.045
3628.86036,13.294,0.045
3631.75183,13.333,0.043
3633.83825,13.53,0.039
3636.78717,13.68,0.045
3639.75352,13.77,0.064
3642.74886,13.255,0.048
3646.74852,13.213,0.04
3651.77944,13.37,0.049
3654.70611,13.577,0.059
3656.72923,13.146,0.054
3658.71682,13.217,0.052
3660.75995,13.408,0.044
3663.68356,13.669,0.041
3665.74573,13.173,0.041
3668.82842,13.576,0.036
3671.67795,13.427,0.041
3673.72004,13.71,0.044
3676.64872,13.659,0.043
3680.6585,13.213,0.052
3699.78829,13.528,0.067
3702.6395,13.369,0.052
3704.74599,13.398,0.079
3707.64333,13.714,0.049
3711.64401,13.314,0.04
3713.61724,13.348,0.044
3715.65057,13.461,0.046
3717.77829,13.124,0.063
3720.64099,13.384,0.052
3722.73082,13.725,0.043
3725.65492,13.44,0.06
3727.67441,13.65,0.053
3730.71274,13.412,0.038
3733.71382,13.607,0.066
3736.64732,13.57,0.064
3744.60362,13.405,0.046
3746.69037,13.614,0.042
3749.62716,13.69,0.042
3751.70684,13.35,0.073
3754.61997,13.237,0.05
3756.66871,13.594,0.04
3758.70858,13.548,0.042
3761.63331,13.963,0.042
3764.60524,13.412,0.061
3766.64534,13.355,0.043
3769.59638,13.412,0.057
3771.62873,13.615,0.043
3774.59844,13.38,0.044
3776.61964,13.265,0.04
3778.62795,13.377,0.045
3787.52195,13.726,0.072
3789.58659,13.417,0.045
3791.61605,13.761,0.043
3794.58893,13.652,0.042
3797.55501,13.626,0.04
3800.53972,13.374,0.044
3803.54297,13.489,0.037
3805.56919,13.602,0.039
3809.52311,13.613,0.038
3811.54862,13.486,0.045
3813.55072,13.473,0.044
3816.52885,13.537,0.042
3819.51808,13.452,0.054
3822.51019,13.35,0.039
3825.49883,13.525,0.047
3830.50296,13.695,0.041
3833.49545,13.236,0.037
3837.4744,13.18,0.07
3891.93945,13.531,0.052
3901.93965,13.62,0.059
3909.91355,13.508,0.076
3983.82099,13.443,0.064
4089.67816,13.531,0.038
4107.59527,13.543,0.043
4111.59656,13.221,0.069
4126.56821,13.656,0.062
4128.58333,13.521,0.059
4130.60665,13.411,0.051
4134.63426,13.873,0.045
4136.64447,13.452,0.075
4140.65,13.45,0.074
4143.58281,13.35,0.049
4145.62114,13.694,0.085
4149.62505,13.422,0.051
4151.62343,13.323,0.053
4154.53679,13.306,0.055
4158.60501,13.64,0.078
4163.55391,13.374,0.064
4172.53938,13.356,0.047
4174.55873,13.376,0.042
4179.49553,13.462,0.068
4182.50973,13.777,0.041
4185.50326,13.531,0.042
4189.50565,13.444,0.041
4192.49133,13.528,0.061
4205.47179,13.962,0.051
4285.92608,13.692,0.049
4290.92922,13.685,0.05
4297.9079,13.647,0.048
4304.84893,13.596,0.045
4307.84685,13.34,0.065
4310.87985,13.48,0.057
4314.86087,13.41,0.052
4332.84084,13.662,0.046
4338.82222,13.311,0.05
4340.85126,13.601,0.038
4343.81751,13.599,0.049
4346.81278,13.454,0.059
4349.80926,13.305,0.049
4352.80923,13.404,0.038
4355.7868,13.916,0.041
4358.78881,13.585,0.041
4361.83054,13.627,0.062
4363.78949,13.581,0.041
4365.79389,13.823,0.04
4372.79594,13.691,0.047
4375.78973,13.693,0.038
4378.73771,13.841,0.045
4380.79154,13.435,0.04
4383.72125,13.441,0.043
4385.77032,13.497,0.041
4388.69347,13.395,0.039
4392.72841,13.688,0.042
4398.74216,13.449,0.045
4403.76749,13.416,0.067
4407.75979,13.641,0.041
4410.67896,13.488,0.049
4413.71468,13.428,0.052
4418.73727,13.559,0.062
4424.73717,13.338,0.053
4427.66149,13.599,0.046
4429.71937,13.284,0.04
4431.77181,13.651,0.049
4436.75452,13.33,0.051
4441.72054,13.588,0.067
4452.64371,13.266,0.057
4457.63643,13.764,0.049
4459.71817,13.414,0.051
4462.64299,13.461,0.041
4464.75157,13.494,0.058
4467.63005,13.773,0.074
4469.71856,13.341,0.062
4473.65538,13.342,0.055
4478.70158,13.457,0.043
4484.68651,13.568,0.054
4487.56891,13.333,0.066
4489.60766,13.589,0.063
4491.65507,13.226,0.048
4493.68752,13.319,0.049
4497.58031,13.379,0.046
4499.66224,13.532,0.055
4502.60905,13.585,0.064
4505.58662,13.656,0.041
4507.64379,13.374,0.065
4510.56442,13.44,0.043
4516.58307,13.458,0.041
4519.55257,13.285,0.044
4521.58955,13.526,0.04
4526.56076,13.565,0.048
4529.54687,13.623,0.043
4532.53907,13.376,0.039
4535.53348,13.754,0.043
4538.53151,13.485,0.043
4540.55047,13.379,0.046
4543.53646,13.427,0.04
4546.52663,13.858,0.045
4548.53193,13.538,0.045
4552.51593,13.366,0.041
4555.4945,13.223,0.04
4561.49627,13.437,0.047
4564.4875,13.311,0.043
4569.47378,13.418,0.049
4572.47843,13.36,0.04
4629.93171,13.63,0.055
4633.92446,13.443,0.058
4643.90525,13.587,0.045
4646.92759,13.232,0.054
4650.90219,13.712,0.05
4654.905,13.598,0.052
4662.87501,13.829,0.055
4665.91317,13.299,0.043
4682.86866,13.508,0.07
4686.83839,13.782,0.046
4693.86544,13.348,0.047
4697.8828,13.466,0.049
4700.84541,13.357,0.041
4703.84964,13.404,0.064
4707.8165,13.839,0.041
4715.87638,13.796,0.044
4719.83532,13.601,0.042
4721.78528,13.863,0.046
4724.81326,13.497,0.068
4727.82406,13.612,0.04
4733.84393,13.297,0.043
4737.84657,13.585,0.04
4740.76432,13.593,0.041
4748.72336,13.351,0.046
4754.69487,13.543,0.041
4757.68585,13.669,0.043
4759.78066,13.341,0.048
4762.68545,13.253,0.042
4764.7734,13.564,0.04
4767.66482,13.693,0.04
4769.76766,13.418,0.036
4772.65512,13.345,0.043
4774.7128,13.707,0.046
4776.76764,13.353,0.088
4779.63306,13.704,0.064
4782.69532,13.299,0.05
4784.80004,13.447,0.039
4787.75136,13.324,0.045
4793.65228,13.495,0.047
4795.79107,13.631,0.041
4803.59266,13.577,0.076
4807.67073,13.354,0.043
4809.73015,13.404,0.046
4814.77984,13.579,0.075
4818.55795,13.303,0.043
4820.69714,13.583,0.072
4825.77058,13.785,0.045
4828.61196,13.318,0.045
4830.7288,13.44,0.068
4833.64369,13.532,0.051
4835.73581,13.372,0.047
4838.6139,13.344,0.041
4840.67963,13.565,0.045
4843.61696,13.59,0.075
4846.61441,13.582,0.042
4848.66077,13.466,0.06
4857.64802,13.288,0.038
4861.5541,13.2,0.041
4872.59094,13.285,0.047
4881.56825,13.447,0.045
4884.56499,13.256,0.067
4902.53671,13.404,0.052
4917.5061,13.134,0.045
4920.51071,13.476,0.053
5013.9454,13.67,0.05
5018.9237,13.425,0.047
5022.88321,13.312,0.054
5048.80583,13.571,0.046
5063.86336,13.125,0.052
5070.84422,13.617,0.054
5084.80215,13.63,0.054
5087.80436,13.142,0.043
5093.78543,13.614,0.056
5101.8536,13.616,0.059
5110.73036,13.419,0.045
5120.8127,13.426,0.058
5144.77073,13.352,0.043
5147.83173,13.29,0.052
5154.67347,13.76,0.047
5159.66163,13.297,0.053
5162.66007,13.497,0.056
5164.74551,13.226,0.054
