2621.59834,7.454,0.03
2627.5925,7.391,0.031
2629.59495,7.455,0.031
2635.59374,7.361,0.029
2637.61094,7.392,0.03
2639.611,7.452,0.032
2643.62982,7.413,0.03
2645.59774,7.382,0.03
2647.58382,7.418,0.041
2654.53731,7.442,0.035
2657.58049,7.396,0.035
2659.59845,7.44,0.033
2661.59527,7.456,0.031
2663.59389,7.424,0.032
2666.53778,7.45,0.033
2668.54792,7.419,0.031
2670.54812,7.365,0.03
2672.55099,7.387,0.031
2674.54322,7.441,0.03
2681.534,7.458,0.039
2684.52646,7.449,0.035
2687.52241,7.403,0.034
2690.51502,7.352,0.033
2839.93022,7.402,0.046
2854.88257,7.398,0.031
2858.90516,7.447,0.029
2861.88334,7.447,0.032
2867.87726,7.355,0.032
2874.86375,7.398,0.033
2877.85294,7.359,0.029
2883.86697,7.456,0.028
2885.84485,7.389,0.03
2892.862,7.357,0.033
2894.82299,7.426,0.032
2899.86117,7.411,0.039
2902.80663,7.374,0.038
2905.80285,7.382,0.028
2908.78858,7.451,0.029
2910.80751,7.377,0.027
2915.79998,7.382,0.029
2921.75677,7.459,0.038
2929.74298,7.421,0.03
2931.76067,7.462,0.034
2933.7515,7.446,0.031
2935.74182,7.378,0.032
2939.70715,7.421,0.03
2943.66916,7.423,0.031
2944.78068,7.408,0.043
2946.69829,7.447,0.03
2947.68814,7.354,0.033
2948.74705,7.445,0.034
2954.70017,7.421,0.037
2958.72024,7.439,0.031
2960.69378,7.367,0.035
2962.73111,7.348,0.034
2964.72138,7.426,0.031
2966.72472,7.458,0.036
2969.61669,7.422,0.033
2971.65177,7.449,0.03
2973.64228,7.429,0.031
2975.65302,7.366,0.03
2981.62735,7.455,0.042
2983.64039,7.427,0.036
2985.64648,7.368,0.032
2987.67585,7.364,0.031
2990.63963,7.361,0.033
2992.64067,7.37,0.031
2994.66085,7.43,0.03
2996.67309,7.459,0.031
3001.63062,7.469,0.03
3009.58591,7.424,0.034
3011.60387,7.456,0.036
3013.6133,7.434,0.033
3016.62263,7.443,0.035
3018.62169,7.433,0.033
3025.56694,7.351,0.033
3030.54433,7.359,0.032
3036.56792,7.448,0.043
3042.54032,7.391,0.036
3048.52843,7.418,0.044
3051.52329,7.463,0.062
3054.51759,7.431,0.034
3057.51693,7.388,0.046
3266.80928,7.434,0.037
3268.80137,7.442,0.034
3276.75565,7.455,0.039
3294.7275,7.409,0.03
3296.79871,7.448,0.031
3321.66192,7.495,0.053
3323.74411,7.443,0.061
3326.72124,7.413,0.044
3327.61063,7.36,0.047
3327.67882,7.36,0.049
3327.68151,7.348,0.045
3327.68937,7.325,0.044
3327.6947,7.264,0.052
3328.67014,7.463,0.049
3328.67539,7.381,0.055
3328.68584,7.432,0.057
3328.71992,7.412,0.048
3329.60825,7.416,0.044
3329.66434,7.396,0.044
3329.66706,7.41,0.046
3329.66969,7.404,0.047
3329.67236,7.398,0.058
3330.66754,7.383,0.051
3330.67039,7.389,0.04
3330.67568,7.391,0.044
3330.70767,7.381,0.05
3336.60084,7.436,0.047
3336.65308,7.404,0.053
3337.7367,7.368,0.063
3337.75141,7.311,0.05
3338.64717,7.427,0.048
3338.64988,7.362,0.056
3339.71665,7.434,0.046
3340.59227,7.4,0.042
3340.59512,7.409,0.044
3340.59792,7.32,0.044
3340.68992,7.394,0.045
3340.69241,7.414,0.054
3340.73527,7.353,0.046
3341.57904,7.451,0.058
3341.61268,7.408,0.057
3343.6712,7.395,0.05
3343.67394,7.386,0.049
3343.6767,7.399,0.052
3343.74331,7.44,0.048
3343.74587,7.445,0.049
3344.61993,7.41,0.06
3344.70325,7.397,0.058
3345.59978,7.321,0.045
3345.75481,7.344,0.051
3345.78255,7.394,0.054
3347.62886,7.308,0.057
3347.64008,7.365,0.051
3349.61554,7.404,0.059
3351.61767,7.43,0.058
3352.60943,7.33,0.048
3352.61208,7.312,0.061
3352.7265,7.317,0.051
3353.64618,7.393,0.057
3353.64893,7.396,0.064
3353.65185,7.427,0.055
3354.58952,7.431,0.064
3354.59261,7.369,0.062
3354.72555,7.392,0.05
3354.72821,7.379,0.05
3401.55148,7.454,0.036
3404.56394,7.396,0.043
3410.5355,7.409,0.039
3422.51533,7.352,0.059
3572.9289,7.343,0.041
3575.91901,7.406,0.041
3583.90276,7.432,0.039
3586.89275,7.413,0.041
3592.88278,7.341,0.042
3596.87403,7.421,0.045
3600.86305,7.396,0.049
3603.85357,7.444,0.046
3617.81754,7.355,0.052
3620.80334,7.365,0.047
3624.79688,7.382,0.038
3629.78711,7.386,0.044
3631.78043,7.44,0.046
3636.86764,7.425,0.042
3638.75608,7.449,0.039
3641.74702,7.435,0.043
3644.74611,7.388,0.049
3646.76832,7.433,0.047
3651.72894,7.428,0.041
3654.71667,7.391,0.043
3656.70654,7.458,0.041
3656.72581,7.438,0.036
3658.70786,7.451,0.042
3660.73314,7.413,0.045
3665.68872,7.381,0.042
3669.67766,7.383,0.038
3672.66702,7.34,0.038
3675.65717,7.383,0.041
3680.64871,7.375,0.039
3680.65655,7.526,0.033
3699.59769,7.389,0.046
3702.58861,7.35,0.039
3702.68657,7.351,0.035
3705.60924,7.356,0.041
3706.57678,7.435,0.043
3707.68804,7.338,0.032
3711.73225,7.44,0.037
3713.66917,7.431,0.039
3719.64718,7.421,0.047
3721.68053,7.429,0.038
3724.6403,7.416,0.035
3727.61586,7.361,0.051
3731.606,7.419,0.044
3734.64395,7.378,0.046
3737.63051,7.329,0.037
3739.64906,7.373,0.043
3746.57627,7.448,0.045
3749.56842,7.44,0.052
3751.53495,7.433,0.048
3751.53851,7.482,0.055
3751.55619,7.439,0.049
3751.55876,7.4,0.05
3751.56213,7.422,0.045
3751.56466,7.479,0.049
3751.56727,7.443,0.049
3751.56977,7.449,0.046
3751.57229,7.435,0.045
3751.57484,7.442,0.047
3751.57735,7.427,0.048
3751.57994,7.428,0.049
3751.58251,7.445,0.045
3751.58587,7.458,0.048
3751.59165,7.455,0.053
3751.597,7.438,0.043
3751.60314,7.45,0.045
3751.6097,7.422,0.045
3751.6235,7.43,0.047
3751.63778,7.424,0.051
3751.66729,7.426,0.057
3752.59413,7.365,0.046
3755.55765,7.418,0.044
3758.55587,7.439,0.044
3761.55983,7.449,0.053
3764.54839,7.419,0.052
3767.54188,7.341,0.047
3773.54019,7.44,0.046
3776.53898,7.463,0.049
3779.53492,7.389,0.047
4090.5335,7.374,0.039
4092.61687,7.348,0.034
4104.63109,7.381,0.053
4107.5745,7.34,0.034
4111.60503,7.422,0.046
4129.53323,7.408,0.036
4131.58043,7.441,0.047
4134.56099,7.402,0.04
4137.55185,7.329,0.054
4140.54424,7.392,0.037
4143.53486,7.422,0.044
4302.92977,7.369,0.049
4305.93054,7.441,0.043
4308.92198,7.451,0.052
4311.91154,7.442,0.053
4332.85274,7.371,0.042
4334.85475,7.37,0.056
4338.84371,7.442,0.037
4340.83179,7.426,0.039
4342.82409,7.401,0.059
4348.81004,7.416,0.056
4351.8052,7.397,0.057
4354.79584,7.363,0.035
4357.78643,7.335,0.041
4361.77534,7.382,0.06
4363.77454,7.441,0.035
4365.76495,7.421,0.035
4368.75818,7.441,0.041
4375.73759,7.417,0.043
4378.73668,7.428,0.046
4380.73038,7.392,0.041
4383.7179,7.454,0.035
4385.71602,7.415,0.036
4388.70844,7.44,0.034
4392.69649,7.352,0.039
4403.66631,7.446,0.04
4407.66522,7.323,0.043
4408.76374,7.459,0.038
4410.64903,7.397,0.038
4420.62489,7.391,0.046
4423.6083,7.449,0.048
4430.58761,7.413,0.045
4433.58746,7.448,0.038
4436.577,7.415,0.038
4437.59707,7.326,0.045
4439.56813,7.387,0.035
4442.62341,7.31,0.045
4442.66524,7.332,0.037
4457.58148,7.353,0.042
4457.58414,7.35,0.054
4459.63142,7.379,0.043
4459.63409,7.359,0.05
4462.61308,7.355,0.035
4462.61571,7.354,0.039
4465.59203,7.397,0.042
4465.59474,7.389,0.049
4468.59658,7.436,0.039
4473.60802,7.442,0.041
4476.6034,7.401,0.039
4479.58269,7.385,0.047
4484.55999,7.378,0.055
4484.56524,7.39,0.056
4487.56059,7.356,0.042
4487.56323,7.35,0.048
4490.55475,7.385,0.038
4492.57271,7.335,0.04
4493.55213,7.427,0.042
4499.53475,7.379,0.042
4500.53222,7.41,0.039
4503.52471,7.453,0.042
4506.5274,7.431,0.043
4512.52401,7.351,0.05
4518.5171,7.439,0.042
4684.92143,7.346,0.038
4693.92021,7.44,0.038
4697.90344,7.379,0.037
4703.90461,7.436,0.037
4707.8773,7.356,0.044
4716.83564,7.37,0.056
4720.84535,7.432,0.036
4724.82408,7.342,0.044
4730.83565,7.435,0.061
4730.83901,7.456,0.039
4734.80664,7.334,0.045
4738.81759,7.433,0.036
4741.78751,7.414,0.035
4744.77878,7.355,0.037
4747.76701,7.373,0.043
4750.75886,7.427,0.038
4753.74481,7.45,0.04
4757.76925,7.364,0.041
4760.72988,7.423,0.037
4763.72273,7.455,0.039
4766.71063,7.417,0.036
4769.71431,7.358,0.037
4773.79413,7.453,0.039
4776.68948,7.412,0.038
4778.72985,7.436,0.038
4786.65687,7.433,0.038
4794.68997,7.362,0.039
4796.65027,7.424,0.042
4797.69319,7.371,0.043
4803.60647,7.437,0.042
4805.69093,7.422,0.044
4806.61522,7.433,0.034
4814.66789,7.375,0.043
4814.6704,7.362,0.05
4817.61897,7.341,0.04
4817.62156,7.37,0.039
4820.64097,7.395,0.051
4820.6435,7.386,0.052
4823.63466,7.434,0.045
4823.63719,7.455,0.046
4826.62584,7.415,0.039
4826.62846,7.4,0.049
4829.6116,7.38,0.047
4831.59841,7.409,0.057
4834.57471,7.373,0.04
4834.63366,7.344,0.061
4839.55667,7.38,0.049
4840.56072,7.433,0.058
4842.58134,7.355,0.052
4843.56683,7.443,0.048
4845.57068,7.383,0.053
4846.56315,7.399,0.051
4848.56539,7.439,0.044
4849.56163,7.404,0.048
4851.56238,7.39,0.053
4852.56007,7.325,0.062
4856.53756,7.437,0.055
4857.57723,7.362,0.046
4860.5338,7.418,0.041
4860.57461,7.4,0.037
4867.55319,7.376,0.049
4871.53679,7.433,0.053
4875.53114,7.408,0.047
4882.51517,7.338,0.045
5063.90256,7.389,0.064
5070.89823,7.458,0.064
5074.87774,7.329,0.058
5088.82523,7.45,0.054
5098.7868,7.436,0.054
5104.81778,7.35,0.052
5106.82202,7.401,0.056
5113.78787,7.445,0.06
5123.73029,7.426,0.061
5128.7634,7.447,0.058
5129.71962,7.31,0.069
5131.78126,7.402,0.057
5144.73418,7.358,0.057
5147.7653,7.385,0.047
5155.67571,7.431,0.049
5155.67891,7.441,0.057
5158.63838,7.446,0.065
