1868.65935,13.062,0.057
1869.65124,13.193,0.065
1870.66381,13.255,0.071
1871.66745,13.004,0.066
1872.65664,12.997,0.066
1873.65619,12.925,0.065
1874.65022,12.802,0.069
1875.64592,12.77,0.05
1876.64676,12.764,0.057
1877.64717,12.831,0.052
1878.63908,12.768,0.043
1879.63553,12.796,0.046
1880.62779,12.914,0.056
1881.63528,13.03,0.046
1884.61658,12.999,0.052
1886.62349,12.834,0.043
1887.61738,12.767,0.054
1888.62098,12.814,0.054
1889.62188,12.739,0.047
1902.57627,12.865,0.046
1904.57918,12.698,0.049
1906.57708,12.855,0.047
1908.5696,12.999,0.045
1913.55505,12.965,0.043
1915.58762,12.966,0.05
1919.54142,12.801,0.043
1921.55636,12.904,0.042
1923.57989,12.89,0.044
1925.58627,13.002,0.057
1929.61142,13.089,0.053
1931.58622,12.865,0.046
1933.59166,12.762,0.041
1937.53949,12.992,0.041
1941.54205,13.16,0.043
1946.60169,12.972,0.06
1950.53674,12.803,0.066
1953.57549,12.882,0.065
1954.52021,13.247,0.062
1961.51252,12.853,0.052
1964.53452,12.694,0.05
1967.5288,12.897,0.056
2082.93231,12.961,0.08
2086.92918,12.765,0.074
2088.9285,12.716,0.074
2094.90398,13.139,0.076
2094.92433,13.135,0.076
2096.92967,13.192,0.086
2105.88733,13.115,0.07
2117.91835,12.755,0.049
2128.83863,12.738,0.063
2129.84861,12.722,0.065
2130.84772,12.794,0.064
2131.84732,12.725,0.073
2132.86333,12.83,0.066
2133.8882,12.797,0.05
2134.91621,12.841,0.049
2136.83557,13.065,0.069
2143.83089,12.868,0.065
2144.91116,12.728,0.057
2156.80804,12.705,0.059
2166.80987,13.139,0.054
2167.7911,12.918,0.053
2167.79788,12.89,0.062
2168.85879,13.052,0.044
2169.82188,13.005,0.052
2171.77122,12.667,0.05
2171.79002,12.693,0.052
2172.81256,12.851,0.051
2172.81986,12.764,0.056
2173.79316,12.777,0.054
2173.79547,12.631,0.062
2177.75612,13.035,0.049
2177.75845,13.016,0.056
2183.72896,12.588,0.054
2185.74219,12.986,0.045
2185.74459,12.729,0.055
2189.77482,12.551,0.056
2190.70528,12.944,0.054
2191.76158,13.025,0.053
2192.75199,13.076,0.054
2193.74727,13.117,0.05
2194.74548,12.985,0.045
2195.75031,13.05,0.047
2196.77067,12.761,0.052
2197.76913,12.938,0.052
2198.73638,12.851,0.05
2198.73887,12.676,0.052
2200.76913,12.746,0.05
2201.74049,12.535,0.045
2202.73673,12.953,0.043
2202.73924,12.779,0.052
2206.73706,12.989,0.085
2206.74369,13.014,0.047
2208.6835,12.957,0.052
2212.64421,12.687,0.056
2212.66057,12.732,0.05
2214.691,12.692,0.046
2217.7008,12.681,0.044
2222.69266,12.918,0.047
2222.70246,13.025,0.049
2224.67402,12.822,0.048
2227.67091,12.96,0.043
2228.67468,12.877,0.047
2230.66334,12.844,0.047
2232.66543,12.829,0.044
2234.65568,13.075,0.049
2237.64835,12.922,0.048
2240.64715,12.829,0.048
2240.64895,12.62,0.049
2241.64132,12.361,0.049
2242.63924,12.322,0.052
2248.63609,12.629,0.061
2251.63248,12.769,0.058
2255.61862,12.764,0.055
2445.93077,13.132,0.049
2453.93097,12.758,0.045
2460.90891,13.121,0.043
2465.92623,12.813,0.04
2467.90506,12.748,0.039
2496.8245,12.78,0.043
2497.93984,12.766,0.043
2499.8447,13.088,0.042
2501.88665,12.812,0.041
2523.8508,12.655,0.038
2529.78312,13.182,0.054
2540.77761,12.951,0.052
2544.84205,12.903,0.044
2549.7746,12.695,0.063
2553.74648,12.749,0.049
2559.78429,13.245,0.032
2560.79016,13.065,0.033
2562.77528,12.868,0.031
2564.77018,12.784,0.028
2565.7806,12.832,0.026
2577.81429,12.983,0.055
2579.67315,12.845,0.038
2621.63262,12.743,0.036
2622.70051,12.787,0.039
2624.71736,12.883,0.041
2627.7243,12.835,0.031
2629.73609,12.72,0.05
2634.7409,13.279,0.034
2636.75559,13.142,0.033
2638.74459,12.959,0.036
2640.74247,12.775,0.031
2643.5385,12.882,0.031
2645.56437,12.881,0.029
2647.56202,12.848,0.038
2650.56781,12.698,0.034
2651.72287,13.052,0.035
2657.55928,13.036,0.037
2659.57729,12.958,0.036
2661.5741,12.788,0.039
2663.57283,12.784,0.038
2665.57262,12.698,0.047
2667.57191,12.814,0.04
2671.56492,13.08,0.043
2673.55931,13.083,0.042
2675.54695,12.905,0.041
2677.54268,12.875,0.036
2679.54647,12.897,0.04
2681.55264,12.701,0.035
2683.56296,12.846,0.033
2685.57069,12.892,0.046
2689.5806,13.001,0.037
2691.57463,12.862,0.047
2693.57936,12.852,0.033
2695.57477,12.754,0.033
2697.57527,12.82,0.029
2699.57349,12.94,0.033
2701.57137,13.102,0.032
2703.56437,13.209,0.03
2705.55635,12.985,0.029
2707.55438,12.82,0.027
2709.54798,12.761,0.03
2712.52451,12.877,0.032
2714.5323,13.001,0.03
2717.52979,13.012,0.031
2720.52329,12.794,0.028
2723.49781,12.786,0.03
2725.4993,12.922,0.032
2727.49735,13.08,0.028
2730.48285,12.893,0.031
2734.47957,12.806,0.031
2736.47802,12.711,0.031
2830.92702,12.669,0.03
2831.91554,12.589,0.035
2841.90618,13.119,0.036
2853.90883,13.05,0.037
2858.8727,12.771,0.029
2860.8828,12.808,0.03
2862.87597,12.949,0.04
2867.8305,13.333,0.03
2874.87608,12.799,0.038
2877.84586,12.898,0.026
2879.86683,12.815,0.037
2883.87586,13.122,0.026
2883.88571,13.074,0.053
2885.84684,12.866,0.029
2886.84367,12.915,0.055
2893.75607,13.161,0.031
2894.86501,12.767,0.033
2896.81292,12.988,0.028
2898.80089,12.889,0.034
2900.8071,12.819,0.037
2905.75722,12.941,0.026
2908.79475,13.102,0.041
2911.73689,12.822,0.029
2915.78092,12.718,0.027
2923.77192,13.034,0.037
2930.78959,12.771,0.035
2934.77813,12.728,0.038
2937.72044,13.269,0.049
2940.74139,13.082,0.043
2942.71219,12.864,0.04
2947.68225,12.862,0.048
2948.76027,12.811,0.034
2950.70633,13.048,0.034
2954.74508,12.972,0.032
2958.77818,12.893,0.03
2961.65029,12.885,0.04
2963.69547,12.811,0.035
2965.7111,13.09,0.032
2967.69026,13.037,0.038
2969.68027,12.797,0.032
2972.61734,12.735,0.026
2974.71301,12.646,0.032
2978.67034,12.85,0.033
2980.68967,12.985,0.032
2982.69743,13.014,0.032
2984.71338,13.08,0.032
2986.72447,12.865,0.033
2988.77123,13,0.036
2991.5933,13.021,0.029
2993.63936,13.074,0.04
2995.70304,12.902,0.031
2997.72132,13.004,0.032
3000.72254,13.045,0.03
3007.57613,13.237,0.03
3011.64197,12.786,0.044
3013.64738,12.927,0.035
3016.66056,12.89,0.03
3018.65337,12.688,0.035
3025.61956,13.214,0.03
3034.58104,13.001,0.029
3036.61992,12.844,0.032
3042.56573,12.827,0.029
3044.61417,12.748,0.032
3047.58036,12.739,0.049
3050.56527,13.027,0.041
3053.56696,13.005,0.039
3055.59026,13.206,0.046
3057.60275,12.893,0.033
3060.54678,12.902,0.041
3062.56256,12.906,0.05
3071.56278,12.916,0.032
3075.53714,12.79,0.034
3078.52093,12.744,0.041
3081.51718,13.06,0.031
3090.51192,12.831,0.039
3093.49881,13.123,0.028
3099.4826,12.87,0.035
3104.47237,12.892,0.031
3269.80508,12.643,0.047
3273.79506,13.045,0.04
3277.79149,12.862,0.04
3279.78986,12.699,0.059
3280.78692,12.773,0.053
3291.82989,12.997,0.058
3295.7076,12.716,0.052
3298.75286,12.783,0.055
3356.66815,12.789,0.061
3357.60482,13.197,0.095
3358.7733,12.565,0.098
3365.64299,12.743,0.07
3373.65885,12.956,0.064
3383.64811,12.798,0.058
3385.65358,12.881,0.045
3385.67222,12.852,0.068
3389.71372,12.985,0.058
3390.58515,12.968,0.058
3390.64989,13.209,0.085
3394.61012,12.862,0.051
3398.65189,12.814,0.038
3404.61518,13.108,0.037
3406.6131,12.941,0.05
3408.62231,13.076,0.041
3411.56024,12.9,0.063
3413.60401,12.81,0.046
3415.5878,12.848,0.037
3417.60208,12.979,0.042
3419.59352,13.019,0.065
3426.58306,12.892,0.054
3433.56495,13.144,0.043
3439.55703,12.785,0.065
3445.53206,13.12,0.064
3449.5144,12.872,0.053
3452.49919,12.691,0.055
3455.49737,12.78,0.091
3458.48756,12.98,0.068
3461.48306,12.965,0.054
3464.47781,12.813,0.081
3470.47288,12.975,0.072
3562.91636,12.665,0.057
3570.92763,12.985,0.04
3574.92777,12.971,0.035
3578.91087,12.803,0.035
3584.89367,13.258,0.042
3588.8915,12.882,0.04
3591.9076,12.753,0.037
3596.92143,12.972,0.039
3601.83219,12.88,0.038
3617.87657,12.775,0.046
3618.85373,12.875,0.057
3620.89365,12.839,0.08
3624.86008,12.915,0.041
3628.83456,13.186,0.036
3631.81866,12.886,0.037
3634.81567,12.757,0.043
3637.81241,12.759,0.043
3647.78846,12.875,0.034
3650.7552,12.835,0.037
3653.76031,12.997,0.036
3655.762,13.196,0.082
3657.784,13.182,0.08
3659.77134,12.808,0.051
3662.73194,12.78,0.041
3664.80633,12.715,0.073
3668.7438,13.366,0.034
3671.70978,13.006,0.034
3673.7509,12.765,0.046
3676.68567,12.829,0.046
3680.69936,12.982,0.064
3700.64376,12.884,0.047
3703.65969,12.799,0.072
3706.62225,12.914,0.079
3708.73459,12.709,0.059
3712.68386,13.178,0.054
3714.67807,13.089,0.056
3716.7654,12.986,0.068
3721.74736,12.77,0.082
3724.67215,12.931,0.093
3726.75055,12.833,0.06
3730.58609,12.599,0.076
3733.63581,12.988,0.054
3735.7432,12.917,0.046
3738.627,12.954,0.083
3740.6726,13.04,0.078
3743.63024,12.912,0.063
3745.71881,13.28,0.038
3748.62959,12.777,0.07
3750.65937,12.803,0.068
3753.66992,12.738,0.075
3756.58965,13.379,0.051
3758.65247,13.073,0.044
3761.61096,12.821,0.037
3766.58782,12.976,0.046
3768.65817,12.912,0.044
3771.55245,12.978,0.052
3773.61398,12.968,0.04
3775.63215,12.866,0.06
3778.56868,12.782,0.084
3780.62674,12.98,0.082
3789.55407,12.901,0.043
3790.51786,12.76,0.045
3790.54643,12.837,0.043
3790.57286,12.832,0.054
3790.60114,13.024,0.069
3791.51077,12.908,0.096
3791.54131,12.745,0.069
3791.56731,12.766,0.074
3791.5867,12.992,0.041
3792.50977,12.835,0.092
3792.53942,12.986,0.044
3792.56683,13.047,0.048
3792.59512,12.713,0.08
3793.52331,13.074,0.05
3793.55196,12.791,0.045
3793.5784,12.916,0.089
3794.51073,13.023,0.045
3794.53702,12.883,0.042
3794.56725,12.989,0.043
3794.57295,13.041,0.043
3794.59435,12.915,0.067
3795.50691,13.196,0.076
3795.59565,12.843,0.05
3796.51821,13.091,0.039
3796.54464,13.075,0.081
3796.57345,12.917,0.081
3797.53224,13.277,0.053
3797.54567,13.367,0.04
3797.56022,13.033,0.043
3797.58921,13.045,0.052
3798.51463,12.865,0.053
3798.54469,13.152,0.059
3798.57718,13.132,0.05
3799.51785,12.872,0.054
3799.54406,12.869,0.064
3799.5739,13.399,0.05
3800.51417,12.753,0.061
3803.54001,12.902,0.049
3806.52753,12.737,0.04
3810.51362,13.252,0.069
3812.53629,13.338,0.048
3815.51635,12.78,0.041
3818.50713,12.713,0.041
3821.5044,12.857,0.042
3824.498,13.357,0.044
3827.48729,13.161,0.052
3834.47523,12.828,0.059
4089.65358,12.806,0.052
4091.62811,12.911,0.094
4091.7427,12.955,0.072
4104.6002,13.052,0.074
4106.65185,13.069,0.051
4107.62802,13.057,0.042
4125.6498,12.978,0.052
4125.65374,12.891,0.052
4127.66833,12.898,0.053
4127.67151,12.716,0.062
4129.64158,12.631,0.04
4129.64476,12.572,0.067
4131.66999,12.677,0.088
4131.67313,12.759,0.062
4134.57863,13.226,0.071
4134.58186,13.028,0.038
4136.58171,12.873,0.068
4136.58495,12.834,0.082
4140.624,12.749,0.066
4140.62724,12.771,0.038
4142.64559,12.737,0.083
4143.57478,12.85,0.091
4145.61704,12.846,0.062
4147.63993,12.848,0.039
4151.58408,13.036,0.067
4153.53958,12.734,0.05
4153.58628,12.658,0.067
4155.57675,12.815,0.066
4155.60629,12.632,0.067
4158.54747,12.782,0.055
4160.59969,12.876,0.046
4162.57867,12.963,0.052
4162.59709,12.91,0.073
4165.56053,13.066,0.094
4172.53041,12.861,0.062
4174.54423,12.846,0.063
4182.50016,12.681,0.051
4182.53027,13.039,0.057
4185.49952,12.864,0.067
4185.51029,12.683,0.066
4190.51697,13.365,0.049
4197.49852,12.765,0.047
4201.48702,12.848,0.04
4205.48191,13.052,0.05
4297.92387,13.021,0.056
4301.91753,13.424,0.057
4303.90144,12.921,0.042
4304.92772,12.883,0.058
4306.89487,12.729,0.042
4307.93178,12.714,0.039
4316.92565,13.013,0.043
4330.83381,12.844,0.041
4330.86923,13.277,0.042
4333.86955,12.818,0.039
4336.88219,12.706,0.036
4338.87031,12.828,0.039
4341.83766,12.958,0.049
4347.87566,12.91,0.054
4351.83666,12.905,0.047
4354.85097,12.792,0.062
4358.82325,13.107,0.039
4363.85105,12.745,0.039
4364.84908,12.82,0.039
4365.83958,12.798,0.044
4367.81633,12.739,0.059
4368.81735,12.899,0.037
4373.79986,12.841,0.04
4376.8019,12.772,0.046
4377.76652,12.818,0.054
4379.78706,12.767,0.046
4380.75947,12.787,0.047
4382.76656,12.924,0.04
4383.76052,13.144,0.044
4384.80857,12.896,0.043
4386.74459,12.907,0.037
4387.77012,13.032,0.056
4399.87064,12.623,0.064
4403.70571,12.647,0.061
4403.73544,12.776,0.047
4407.73679,13.018,0.059
4407.75655,12.756,0.054
4410.70838,13.105,0.095
4413.73258,13.185,0.041
4413.75131,12.913,0.047
4421.64835,12.972,0.067
4424.73377,12.914,0.075
4427.68331,12.978,0.07
4427.70358,13.031,0.041
4429.74312,13.084,0.04
4429.76455,13.221,0.039
4432.62265,12.788,0.04
4432.64611,12.72,0.038
4437.65467,12.76,0.06
4439.77541,12.727,0.058
4442.67757,13.189,0.043
4442.70151,13.051,0.067
4453.61488,13.013,0.042
4457.66241,12.758,0.059
4457.77972,12.901,0.061
4460.66801,12.901,0.042
4462.67838,12.933,0.048
4462.7312,12.97,0.04
4465.64096,12.917,0.078
4468.6166,13.019,0.06
4468.62837,12.904,0.076
4470.76107,12.767,0.076
4474.6292,12.903,0.048
4477.59956,12.672,0.054
4477.63368,12.706,0.047
4479.67307,12.85,0.067
4479.71076,12.904,0.065
4482.65146,12.736,0.046
4482.69152,12.956,0.076
4487.68904,13.055,0.051
4490.58406,12.77,0.059
4490.62608,12.798,0.051
4492.66232,12.688,0.068
4492.67434,12.867,0.041
4494.66951,12.712,0.042
4504.58234,12.854,0.044
4506.64747,12.623,0.073
4509.56613,12.752,0.064
4511.59904,12.895,0.066
4517.5928,13.006,0.037
4518.56452,12.682,0.05
4520.60061,12.781,0.038
4522.6067,12.758,0.042
4524.58696,12.863,0.038
4524.60711,12.721,0.042
4527.57068,13.071,0.045
4530.54571,12.987,0.044
4530.55997,12.758,0.041
4533.52972,12.891,0.035
4537.52346,12.849,0.046
4539.55527,13.123,0.059
4542.52949,13.081,0.052
4547.51867,12.636,0.055
4549.50095,12.664,0.045
4553.48737,13.039,0.064
4553.50568,12.898,0.041
4556.50555,13.013,0.044
4559.49907,12.844,0.063
4562.48331,12.757,0.038
4565.47415,12.592,0.057
4570.48396,13.161,0.041
4574.4703,12.872,0.044
4664.92413,12.783,0.056
4671.91027,12.814,0.053
4675.9106,12.76,0.038
4676.93501,12.691,0.054
4681.91668,12.999,0.045
4685.89384,12.768,0.045
4693.892,13.044,0.043
4696.89798,13.004,0.037
4697.90806,13.217,0.042
4700.88883,12.875,0.041
4703.91831,12.889,0.045
4707.89456,12.901,0.044
4716.85139,12.869,0.043
4720.87667,12.742,0.052
4724.86809,13.115,0.045
4727.85514,12.94,0.038
4730.86374,12.687,0.061
4740.75603,12.79,0.04
4740.77652,12.8,0.05
4743.78712,12.732,0.061
4746.75054,13.009,0.067
4752.76808,13.014,0.04
4755.75633,12.894,0.044
4757.72741,12.742,0.062
4758.74527,12.9,0.05
4761.74939,12.823,0.053
4762.71679,13.233,0.063
4764.74054,13.191,0.043
4767.72853,12.472,0.052
4770.6985,12.936,0.038
4773.70212,12.791,0.043
4775.67813,12.982,0.038
4775.77928,12.705,0.039
4777.74504,13.058,0.04
4778.69026,12.985,0.052
4780.75217,13.204,0.057
4783.66591,12.946,0.065
4784.64999,12.532,0.041
4786.68891,12.644,0.056
4787.70989,12.708,0.064
4792.65658,13.087,0.05
4794.72742,13.237,0.057
4794.77055,13.076,0.066
4797.72603,12.752,0.081
4797.77945,13.234,0.056
4802.766,12.872,0.074
4802.80362,12.774,0.069
4807.66588,13.326,0.04
4809.7287,13.053,0.052
4814.74362,12.938,0.073
4814.77017,12.732,0.068
4817.66065,12.68,0.071
4818.60329,13.132,0.048
4820.68377,13.111,0.082
4820.71237,12.812,0.083
4823.67051,12.978,0.073
4823.68613,13.557,0.068
4826.65983,12.752,0.071
4828.61176,12.729,0.051
4831.63074,13.548,0.054
4833.64414,13.241,0.086
4836.62461,13.094,0.053
4838.61424,12.9,0.079
4838.67917,12.948,0.072
4840.67983,12.908,0.075
4843.61627,12.911,0.053
4843.63417,12.746,0.051
4846.61449,12.756,0.08
4846.63169,12.713,0.054
4848.65991,13.082,0.07
4848.67876,12.747,0.078
4851.64566,12.835,0.088
4857.6475,12.902,0.077
4857.65868,12.899,0.077
4861.56033,12.65,0.066
4872.5897,12.625,0.081
4872.59556,12.789,0.087
4881.56636,13.086,0.071
4881.57257,12.93,0.071
4884.56292,12.853,0.067
4884.56904,12.851,0.067
4905.52497,13.128,0.065
4917.49369,12.88,0.076
4917.49689,12.969,0.072
5022.93224,12.797,0.05
5024.92032,12.677,0.054
5048.91534,13.178,0.061
5066.90836,12.831,0.05
5070.86819,12.93,0.049
5071.88056,12.735,0.044
5074.91451,12.968,0.053
5083.8545,12.695,0.066
5086.84303,12.857,0.042
5089.87817,13.05,0.043
5092.83982,12.897,0.048
5098.7723,12.764,0.048
5098.7884,13.009,0.059
5113.77901,12.941,0.048
5123.72646,12.888,0.049
5129.76286,12.817,0.046
5132.72685,12.97,0.047
5144.74711,13.066,0.054
5144.77619,12.817,0.041
5147.80418,13.208,0.056
5147.84144,13.033,0.061
5155.81359,12.648,0.073
5155.84251,12.674,0.061
5158.64002,13.031,0.057
5164.64264,12.642,0.044
