1868.65432,11.882,0.028
1869.64612,11.75,0.026
1870.65649,11.767,0.027
1871.66011,11.665,0.029
1872.64937,11.604,0.027
1873.64892,11.562,0.027
1874.64288,11.498,0.029
1875.64091,11.43,0.026
1876.63951,11.391,0.024
1877.63989,11.341,0.026
1878.63407,11.287,0.023
1879.63278,11.253,0.023
1880.62002,11.186,0.028
1881.62345,11.148,0.026
1884.60708,11.01,0.028
1885.62372,10.947,0.026
1886.62074,10.944,0.028
1887.61464,10.814,0.028
1888.61823,10.795,0.027
1889.61914,10.703,0.026
1899.59229,10.341,0.024
1902.56903,10.211,0.023
1908.56691,9.887,0.024
1913.55002,9.593,0.024
1915.56237,9.461,0.026
1919.53877,9.201,0.025
1921.55374,9.063,0.024
1923.57727,8.94,0.026
1925.58137,8.844,0.026
1929.60419,8.653,0.025
1931.5813,8.558,0.045
1933.58677,8.511,0.024
1937.53292,8.391,0.024
1941.53548,8.274,0.025
1946.58905,8.173,0.028
1950.52751,8.116,0.025
1953.56136,8.092,0.024
1959.57749,8.068,0.027
1963.53404,8.061,0.028
2082.92817,12.205,0.033
2086.92047,12.429,0.033
2088.91975,12.316,0.03
2094.8928,12.397,0.032
2103.88339,12.347,0.031
2104.93564,12.179,0.03
2106.88529,12.222,0.031
2116.85581,11.756,0.031
2117.90949,11.727,0.029
2128.82974,10.822,0.031
2129.83718,10.712,0.031
2130.83618,10.647,0.029
2131.84077,10.523,0.031
2133.88162,10.305,0.028
2134.90916,10.192,0.031
2136.82424,10.041,0.032
2144.81305,9.364,0.03
2156.79219,8.8,0.03
2166.80755,8.401,0.025
2167.78646,8.378,0.028
2168.81956,8.352,0.025
2169.81277,8.32,0.024
2171.75458,8.246,0.031
2173.78853,8.177,0.027
2177.74672,8.02,0.027
2183.71701,7.809,0.03
2185.73973,7.761,0.028
2186.7796,7.729,0.028
2189.77232,7.724,0.027
2190.75193,7.662,0.027
2191.75457,7.666,0.027
2192.74497,7.656,0.034
2193.74019,7.648,0.026
2194.74066,7.658,0.024
2195.74081,7.636,0.053
2196.76551,7.669,0.025
2197.76434,7.651,0.025
2198.73153,7.651,0.025
2199.73105,7.651,0.026
2200.76427,7.659,0.026
2201.72853,7.651,0.025
2202.73185,7.659,0.023
2204.72794,7.688,0.028
2206.73411,7.676,0.026
2208.67856,7.71,0.026
2212.63657,7.781,0.031
2213.67787,7.807,0.028
2215.68363,7.858,0.03
2216.69651,7.928,0.034
2217.69581,7.912,0.029
2219.67141,7.97,0.031
2224.67131,8.154,0.029
2225.67611,8.17,0.029
2226.67073,8.274,0.031
2227.66586,8.277,0.028
2228.66743,8.314,0.032
2229.66715,8.325,0.036
2230.66061,8.379,0.031
2232.65594,8.472,0.03
2233.65586,8.517,0.028
2234.64574,8.59,0.036
2235.64591,8.59,0.029
2236.64581,8.618,0.034
2237.64562,8.649,0.035
2239.63637,8.739,0.037
2240.64164,8.806,0.033
2241.63631,8.845,0.036
2242.63421,8.901,0.038
2243.63868,8.971,0.047
2244.64149,8.986,0.05
2247.62588,9.16,0.054
2248.63334,9.236,0.044
2249.63494,9.257,0.041
2250.62867,9.337,0.04
2251.62973,9.401,0.043
2252.62193,9.357,0.043
2253.62021,9.441,0.041
2254.62075,9.501,0.042
2255.61587,9.572,0.042
2256.61704,9.614,0.041
2257.61432,9.542,0.049
2258.61353,9.676,0.042
2260.60449,9.75,0.045
2261.60337,9.751,0.047
2262.60556,9.86,0.048
2263.59712,9.932,0.047
2264.59661,9.914,0.05
2265.59559,9.937,0.058
2266.59308,10,0.057
2270.56616,10.199,0.06
2275.569,10.638,0.057
2445.92166,7.847,0.024
2453.92682,7.766,0.03
2460.89926,7.803,0.033
2465.91734,7.891,0.041
2467.89167,7.939,0.021
2470.92249,8.021,0.028
2486.86696,8.559,0.037
2493.85077,8.92,0.04
2496.81764,9.101,0.027
2497.9307,9.166,0.027
2499.83332,9.285,0.025
2501.88001,9.421,0.03
2503.82335,9.516,0.04
2520.82658,10.583,0.029
2523.84405,10.737,0.044
2529.77668,11.016,0.034
2540.7662,11.468,0.027
2549.76684,11.784,0.037
2553.74396,11.924,0.043
2554.81392,11.889,0.054
2556.82416,11.933,0.032
2559.76314,12.113,0.027
2560.77807,12.149,0.023
2561.785,12.047,0.024
2562.77044,12.034,0.035
2563.76321,12.261,0.024
2564.75829,12.133,0.028
2565.77801,12.21,0.025
2577.81163,12.292,0.023
2579.6705,12.302,0.033
2621.62527,11.153,0.023
2622.69774,11.143,0.027
2624.7146,11.041,0.027
2627.72154,10.893,0.025
2629.73334,10.828,0.026
2634.71732,10.579,0.026
2636.74123,10.496,0.026
2638.73023,10.411,0.023
2640.72814,10.314,0.024
2642.74094,10.203,0.024
2644.72168,10.101,0.025
2646.70101,9.981,0.048
2653.65047,9.594,0.025
2655.67897,9.492,0.028
2658.66689,9.297,0.027
2660.66665,9.175,0.027
2662.66346,9.054,0.024
2664.65467,8.94,0.023
2666.65205,8.828,0.023
2668.65766,8.717,0.023
2670.65071,8.609,0.024
2672.65128,8.501,0.023
2674.63896,8.396,0.025
2676.62509,8.328,0.025
2678.61041,8.257,0.026
2680.61303,8.196,0.025
2684.62134,8.085,0.027
2689.54539,7.911,0.036
2691.54167,7.869,0.026
2693.54825,7.808,0.025
2695.54299,7.762,0.024
2697.54227,7.739,0.023
2699.54541,7.699,0.023
2701.54101,7.671,0.024
2703.53868,7.66,0.025
2705.53068,7.617,0.023
2707.53318,7.605,0.024
2709.53605,7.617,0.028
2717.50173,7.71,0.027
2720.49775,7.768,0.024
2722.50183,7.816,0.024
2724.50473,7.87,0.024
2728.50349,8.007,0.025
2730.49944,8.082,0.025
2734.48908,8.246,0.026
2736.48756,8.335,0.025
2812.93682,12.618,0.03
2841.90189,13.176,0.026
2853.90443,12.897,0.026
2858.86276,12.69,0.024
2860.87327,12.581,0.024
2862.86543,12.641,0.025
2874.8569,11.913,0.025
2877.83659,11.745,0.022
2879.85995,11.608,0.029
2883.86904,11.429,0.02
2885.83773,11.343,0.022
2892.90253,10.898,0.029
2894.80796,10.831,0.024
2896.80094,10.718,0.029
2898.79283,10.639,0.032
2900.79775,10.559,0.031
2905.75482,10.397,0.023
2908.79004,10.295,0.022
2911.72968,10.214,0.023
2915.7692,10.047,0.029
2917.74462,9.996,0.027
2921.76286,9.806,0.037
2923.75753,9.723,0.031
2930.78689,9.366,0.022
2932.77312,9.242,0.029
2934.773,9.158,0.024
2937.71293,9.033,0.026
2940.73426,8.903,0.026
2942.70708,8.812,0.024
2946.7304,8.67,0.024
2948.75034,8.626,0.026
2954.73729,8.525,0.028
2956.77809,8.492,0.028
2958.7703,8.472,0.027
2961.64494,8.461,0.027
2963.6925,8.43,0.023
2965.70821,8.446,0.026
2967.68736,8.469,0.05
2969.67736,8.475,0.027
2972.61197,8.533,0.029
2974.6633,8.589,0.025
2976.68544,8.647,0.041
2978.66487,8.689,0.025
2980.68423,8.738,0.029
2982.69182,8.793,0.038
2984.69724,8.852,0.027
2986.71359,9.117,0.026
2988.76036,8.999,0.037
2991.58302,9.105,0.024
2993.62636,9.192,0.028
2997.70036,9.357,0.026
3000.69796,9.494,0.025
3006.7032,9.779,0.028
3008.69531,9.874,0.026
3010.71222,9.961,0.031
3016.59196,10.302,0.036
3018.60337,10.414,0.026
3031.6188,11.132,0.027
3033.62834,11.27,0.028
3035.62734,11.357,0.031
3039.64104,11.644,0.032
3042.63696,11.76,0.035
3045.58149,11.961,0.027
3048.57198,12.057,0.035
3051.56455,12.281,0.03
3054.55866,12.352,0.026
3059.54122,12.521,0.051
3061.58098,12.722,0.029
3067.55875,12.772,0.029
3070.53559,12.893,0.031
3073.53242,13.418,0.028
3079.52896,13.076,0.03
3086.52939,13.265,0.038
3089.50946,13.349,0.033
3092.50024,13.324,0.027
3098.48192,13.164,0.032
3101.48494,13.441,0.03
3104.48042,13.124,0.029
3112.46639,12.71,0.035
3265.83267,9.62,0.03
3271.78194,9.921,0.024
3274.77646,10.123,0.027
3277.78319,10.311,0.029
3280.77065,10.465,0.028
3291.76255,11.104,0.023
3294.85023,11.295,0.027
3295.70461,11.311,0.022
3298.74448,11.477,0.023
3356.65282,12.694,0.043
3357.61251,12.949,0.031
3358.75173,12.759,0.041
3365.74649,12.304,0.046
3382.61793,11.576,0.035
3383.59345,11.502,0.034
3385.60673,11.305,0.032
3385.60987,11.338,0.036
3387.61128,11.245,0.043
3389.65965,11.117,0.03
3391.68834,10.956,0.044
3395.62241,10.893,0.039
3397.66188,10.731,0.036
3400.58566,10.586,0.033
3403.60865,10.424,0.029
3405.63517,10.347,0.033
3410.56616,10.093,0.042
3412.6113,10.53,0.033
3414.62407,10.013,0.033
3416.62122,9.939,0.036
3419.53706,9.802,0.043
3421.57144,9.738,0.034
3426.55788,9.534,0.033
3430.57677,9.316,0.034
3433.52799,9.207,0.033
3436.54198,9.015,0.032
3439.53211,8.827,0.027
3442.52641,8.644,0.024
3445.52108,8.48,0.03
3448.53071,8.351,0.029
3449.51208,8.325,0.047
3451.50216,8.259,0.032
3454.50919,8.208,0.038
3456.51368,8.151,0.037
3459.49411,8.092,0.042
3464.48863,8.12,0.037
3473.47086,8.223,0.034
3562.91433,11.95,0.032
3570.91605,12.204,0.025
3574.91603,12.345,0.029
3578.90342,12.378,0.03
3584.88876,12.315,0.034
3585.8877,12.346,0.036
3588.88392,12.357,0.028
3591.8984,12.531,0.028
3596.91315,12.713,0.032
3601.827,12.499,0.03
3617.87408,11.852,0.042
3620.89068,11.628,0.039
3624.85244,11.333,0.025
3628.8318,10.998,0.025
3631.81049,10.715,0.03
3634.80691,10.437,0.033
3637.80652,10.142,0.032
3647.77895,9.51,0.032
3650.75251,9.39,0.025
3652.81366,9.325,0.029
3655.72038,9.261,0.032
3657.77849,9.199,0.042
3659.7618,9.177,0.03
3662.72898,9.111,0.042
3664.7819,9.021,0.031
3668.7336,8.88,0.025
3671.7069,8.767,0.023
3673.74801,8.687,0.027
3680.69219,8.383,0.031
3699.82678,7.393,0.036
3702.65922,7.337,0.037
3704.7705,7.364,0.028
3707.66589,7.367,0.03
3711.68238,7.414,0.028
3713.63961,7.418,0.039
3715.67229,7.508,0.047
3718.60164,7.551,0.036
3720.6831,7.592,0.033
3722.74402,7.677,0.037
3725.67159,7.76,0.031
3727.69012,7.838,0.034
3730.73925,7.974,0.051
3733.73029,8.112,0.033
3736.66282,8.288,0.028
3739.56774,8.476,0.034
3741.66245,8.572,0.028
3744.61368,8.763,0.038
3745.53466,8.805,0.05
3745.53724,8.812,0.049
3745.53995,8.8,0.037
3745.5426,8.804,0.04
3745.54507,8.797,0.038
3745.54758,8.807,0.043
3745.5501,8.819,0.037
3745.55273,8.801,0.043
3746.53456,8.872,0.051
3746.53723,8.881,0.044
3746.54088,8.862,0.04
3746.54327,8.88,0.039
3746.54665,8.902,0.039
3746.54993,8.894,0.047
3746.70038,8.859,0.053
3748.53423,8.977,0.047
3748.5379,8.985,0.05
3748.54045,8.946,0.044
3748.543,8.983,0.044
3748.54556,8.94,0.051
3749.6372,9.054,0.042
3751.72226,9.17,0.046
3752.53439,9.183,0.051
3754.62455,9.324,0.038
3756.67698,9.435,0.044
3759.59538,9.573,0.034
3761.69093,9.712,0.042
3764.61208,9.857,0.037
3767.57607,10.022,0.039
3769.64742,10.199,0.052
3772.55136,10.323,0.036
3774.64789,10.426,0.044
3777.55209,10.568,0.036
3779.58647,10.668,0.042
3783.56995,10.887,0.037
3788.60571,10.976,0.041
3791.55951,11.22,0.032
3794.54924,11.419,0.037
3800.5256,11.674,0.033
3803.53471,11.831,0.038
3806.52235,11.808,0.037
3809.54684,11.968,0.041
3812.51137,12.13,0.033
3815.51057,12.226,0.039
3818.50092,12.36,0.034
3821.49897,12.581,0.039
3824.49313,12.448,0.032
3827.485,12.631,0.044
3830.49051,12.668,0.034
3834.4824,12.573,0.039
4091.61622,13.174,0.036
4091.62542,13.039,0.041
4103.77123,12.985,0.041
4104.5973,12.948,0.041
4106.61639,12.699,0.031
4106.64819,12.772,0.027
4109.64715,12.854,0.043
4109.67185,13.002,0.049
4125.62548,11.957,0.033
4127.62189,11.899,0.031
4127.62503,11.905,0.034
4129.6223,11.638,0.029
4129.62544,11.735,0.03
4131.65694,11.548,0.033
4133.67053,11.456,0.041
4133.67824,11.411,0.043
4136.55711,11.172,0.028
4140.61115,10.877,0.034
4140.61429,10.861,0.034
4142.63378,10.772,0.031
4142.637,10.797,0.034
4145.56618,10.559,0.033
4145.5694,10.611,0.032
4147.63479,10.466,0.032
4149.62829,10.361,0.039
4151.57895,10.249,0.034
4152.52438,10.17,0.033
4153.58116,10.086,0.036
4155.59959,9.986,0.032
4156.58527,9.977,0.036
4158.56071,9.834,0.04
4160.59384,9.7,0.037
4162.59205,9.605,0.038
4163.56981,9.5,0.051
4166.54285,9.356,0.035
4174.51875,9.074,0.049
4175.54753,9.025,0.031
4179.53616,8.868,0.031
4180.53093,8.807,0.036
4182.53307,8.796,0.055
4183.52395,8.623,0.044
4185.51234,8.591,0.029
4185.5367,8.645,0.037
4190.50579,8.307,0.047
4192.52455,8.182,0.054
4197.48187,7.939,0.034
4197.48895,7.959,0.032
4284.93461,10.863,0.035
4291.92407,11.151,0.041
4292.93207,11.179,0.046
4295.9214,11.363,0.042
4296.93093,11.388,0.04
4300.92012,11.555,0.041
4302.91394,11.609,0.039
4304.90026,11.633,0.041
4305.89976,11.524,0.038
4307.90915,11.666,0.029
4311.90242,11.81,0.032
4316.92357,11.983,0.041
4330.829,12.184,0.046
4330.83846,12.279,0.036
4332.89961,12.215,0.032
4333.85719,12.449,0.029
4336.86863,12.468,0.04
4338.8546,12.351,0.042
4339.85092,12.317,0.027
4341.82597,12.587,0.031
4344.85692,12.46,0.046
4345.85594,12.376,0.042
4348.84194,12.66,0.052
4350.8883,12.188,0.031
4351.85561,12.816,0.053
4354.81177,12.283,0.03
4354.83499,12.474,0.033
4357.84885,12.305,0.029
4358.8138,12.348,0.03
4362.79882,12.211,0.035
4363.82739,12.153,0.03
4364.8094,12.25,0.028
4365.81979,12.134,0.026
4367.8098,11.486,0.035
4368.80699,11.988,0.032
4371.77547,11.879,0.033
4372.85706,11.873,0.043
4374.8172,11.839,0.046
4375.83238,11.712,0.035
4377.75971,11.544,0.033
4378.78542,11.499,0.042
4380.75673,11.35,0.032
4381.7763,11.382,0.038
4383.75277,11.194,0.026
4384.76875,11.153,0.033
4386.74187,11.07,0.024
4387.75823,11.095,0.032
4388.79279,11.016,0.028
4392.76535,10.826,0.031
4399.76064,10.48,0.039
4399.78924,10.492,0.039
4402.83198,10.277,0.032
4402.83676,10.335,0.032
4406.72024,10.137,0.031
4406.73638,10.143,0.045
4409.6766,9.991,0.028
4409.7016,9.984,0.029
4411.74334,9.888,0.038
4420.70894,9.392,0.042
4420.72739,9.395,0.046
4422.7824,9.319,0.04
4422.80515,9.287,0.04
4426.66743,9.035,0.039
4426.68243,9.29,0.039
4428.71126,8.875,0.04
4428.72135,8.871,0.04
4430.78404,8.717,0.036
4431.64832,8.627,0.033
4433.62133,8.495,0.029
4433.72405,8.467,0.03
4435.66426,8.348,0.027
4436.6624,8.264,0.035
4437.72995,8.18,0.032
4438.76221,8.103,0.036
4453.5878,7.543,0.043
4455.65443,7.499,0.043
4456.71864,7.466,0.057
4457.73682,7.478,0.041
4459.62168,7.691,0.039
4461.7199,7.535,0.034
4462.70161,7.534,0.032
4464.6051,7.578,0.031
4465.62913,7.567,0.033
4466.71085,7.586,0.032
4467.75943,7.611,0.034
4469.63636,7.72,0.038
4472.71359,7.768,0.045
4473.70828,7.813,0.045
4475.59076,7.801,0.038
4476.69862,7.866,0.029
4478.59812,8.306,0.04
4479.63151,7.981,0.029
4484.59498,8.208,0.037
4485.63154,8.292,0.045
4486.65661,8.392,0.054
4487.67907,8.409,0.031
4488.68606,8.447,0.047
4490.57564,8.567,0.025
4490.70156,8.692,0.032
4492.64207,8.694,0.033
4493.61053,8.808,0.036
4494.66029,8.812,0.03
4498.64516,9.064,0.032
4499.5829,9.069,0.036
4501.5961,9.242,0.044
4502.56926,9.349,0.041
4503.6487,9.378,0.033
4506.59182,9.525,0.037
4507.56171,9.551,0.041
4509.55999,9.697,0.035
4511.58978,9.793,0.034
4512.55766,9.864,0.046
4516.56086,10.104,0.041
4518.56116,10.206,0.031
4520.59715,10.342,0.028
4522.60326,10.42,0.039
4523.54673,10.459,0.044
4525.5546,10.633,0.038
4525.58599,10.605,0.039
4528.54641,10.737,0.037
4528.55743,10.788,0.035
4531.56127,10.925,0.035
4534.53044,11.09,0.042
4534.5415,11.08,0.044
4537.54572,11.227,0.031
4537.55425,11.196,0.033
4540.53378,11.269,0.047
4542.53623,11.396,0.037
4543.52734,11.491,0.039
4546.51812,11.605,0.043
4547.52462,11.677,0.044
4548.5234,11.65,0.036
4551.52813,11.923,0.047
4553.50924,11.908,0.032
4554.51045,12.035,0.034
4557.50512,11.991,0.034
4561.48022,12.239,0.033
4561.50121,12.118,0.036
4564.47729,12.356,0.033
4564.49252,12.266,0.034
4567.48863,12.73,0.035
4570.49571,12.459,0.03
4574.47311,12.79,0.043
4646.9317,10.674,0.043
4650.92539,10.51,0.035
4652.93118,10.436,0.028
4656.91377,10.327,0.042
4663.90317,9.987,0.04
4663.92307,9.977,0.039
4666.92768,9.845,0.028
4671.89012,9.553,0.03
4674.92817,9.385,0.027
4675.93221,9.293,0.03
4681.87889,8.852,0.033
4681.9067,8.864,0.031
4685.88447,8.579,0.032
4691.85637,8.252,0.029
4691.90972,8.234,0.03
4696.89126,8.035,0.029
4696.91027,8.036,0.034
4703.83889,7.908,0.025
4703.86456,7.921,0.029
4707.85148,7.903,0.036
4707.88182,7.927,0.036
4720.83646,8.198,0.028
4720.86485,8.187,0.043
4724.79417,8.342,0.037
4724.85802,8.336,0.04
4727.83521,8.441,0.033
4727.84651,8.437,0.034
4730.7986,8.559,0.026
4730.84741,8.562,0.033
4733.85767,8.685,0.027
4734.82962,8.735,0.037
4738.83671,8.912,0.024
4740.76761,9.024,0.03
4741.78416,9.06,0.027
4743.78433,9.141,0.032
4747.75615,9.321,0.04
4750.74007,9.448,0.028
4752.82026,9.566,0.026
4754.81414,9.671,0.036
4755.73732,9.716,0.03
4757.75553,10.178,0.034
4758.72265,9.825,0.031
4760.7395,9.939,0.036
4761.71183,9.979,0.03
4763.73583,10.197,0.029
4764.70051,10.133,0.029
4766.72746,10.259,0.03
4766.78304,10.239,0.025
4769.69999,10.424,0.027
4771.78159,10.537,0.035
4771.79435,10.536,0.034
4774.68711,10.638,0.027
4774.70605,10.645,0.031
4776.75879,10.746,0.034
4778.73516,10.863,0.026
4779.69399,10.957,0.038
4782.68087,11.074,0.035
4782.79045,10.991,0.049
4784.77022,11.141,0.034
4786.68305,11.266,0.035
4787.74861,11.227,0.031
4794.72026,11.53,0.037
4796.7366,11.552,0.053
4797.71884,11.645,0.039
4801.68153,11.838,0.027
4802.78114,12.008,0.035
4803.7418,11.944,0.025
4805.64353,12.043,0.034
4807.66784,12.126,0.031
4808.66887,11.931,0.029
4809.7306,12.143,0.034
4810.66415,12.068,0.039
4813.66921,12.367,0.037
4814.77668,12.242,0.035
4815.77339,12.186,0.039
4818.59948,12.327,0.034
4819.5955,12.407,0.032
4820.70855,12.672,0.04
4821.73105,12.434,0.038
4823.68234,12.244,0.044
4824.63378,12.425,0.04
4826.65684,12.245,0.046
4827.62828,12.556,0.033
4828.69335,12.5,0.041
4829.69312,12.51,0.038
4831.62695,12.582,0.033
4833.7016,12.522,0.043
4834.64251,12.621,0.038
4835.76228,12.535,0.047
4836.70657,12.825,0.048
4838.62184,12.31,0.041
4839.59745,12.3,0.038
4840.68834,12.47,0.047
4843.62472,12.477,0.039
4844.64618,12.347,0.05
4846.62293,12.242,0.043
4847.64526,12.294,0.05
4848.67004,12.464,0.042
4849.6973,12.385,0.04
4850.73138,12.308,0.041
4852.61856,12.234,0.042
4853.66833,12.012,0.039
4855.63173,12.066,0.048
4856.64133,12.408,0.051
4858.6412,12.035,0.032
4859.64975,11.813,0.043
4862.57052,11.857,0.049
4862.65662,11.661,0.049
4865.5788,11.602,0.052
4867.61817,11.309,0.052
4868.60491,11.412,0.043
4870.6199,11.241,0.039
4871.59681,11.219,0.048
4872.64042,10.941,0.043
4879.54186,10.733,0.045
4882.54638,10.544,0.047
4882.62127,10.615,0.048
4894.58101,10.109,0.055
4904.53875,9.793,0.047
4904.54294,9.796,0.047
4916.49667,9.371,0.056
4919.49158,9.274,0.055
4919.49637,9.284,0.047
4933.47279,8.373,0.058
4935.479,8.162,0.055
5020.91136,10.098,0.056
5021.92134,10.099,0.052
5024.90138,10.285,0.053
5038.93513,11.156,0.037
5042.85649,11.32,0.051
5042.91907,11.304,0.053
5048.8696,11.559,0.043
5048.90452,11.54,0.045
5057.90082,11.913,0.053
5063.917,12.266,0.041
5066.89892,12.366,0.052
5067.85376,12.411,0.047
5069.89059,12.261,0.054
5071.87306,12.523,0.047
5074.90062,12.898,0.054
5075.83436,12.433,0.041
5083.82765,12.605,0.042
5083.84842,12.581,0.05
5086.81378,12.639,0.039
5086.84964,12.639,0.042
5089.8054,12.521,0.044
5089.86177,12.683,0.041
5092.8141,13.182,0.04
5092.83465,12.656,0.042
5098.76325,12.613,0.038
5098.77684,12.629,0.045
5104.83892,12.409,0.049
5104.86102,12.664,0.043
5123.69183,12.236,0.051
5131.75552,11.752,0.043
5132.71619,11.711,0.051
5135.84178,11.654,0.058
5138.69384,11.427,0.057
5141.79061,11.225,0.042
5145.67441,11.056,0.04
5147.69632,10.894,0.055
5148.75442,10.893,0.052
5155.6863,10.632,0.047
5155.72143,10.587,0.045
5158.63421,10.532,0.054
5161.71918,10.437,0.061
5164.61705,10.347,0.058
5164.63958,10.327,0.056
