1868.66973,11.807,0.036
1869.65255,11.707,0.032
1870.66737,11.747,0.037
1871.67099,11.727,0.034
1872.65569,11.675,0.038
1873.66201,11.66,0.034
1874.65598,11.726,0.034
1875.65594,11.614,0.032
1876.64805,11.632,0.032
1877.6424,11.607,0.031
1877.65297,11.567,0.031
1878.62985,11.548,0.029
1878.64709,11.578,0.031
1879.64812,11.51,0.031
1880.62029,11.453,0.028
1881.63887,11.418,0.032
1885.63506,11.285,0.032
1886.63381,11.205,0.031
1888.62908,11.246,0.034
1889.61497,11.135,0.031
1889.63002,11.163,0.032
1899.60471,10.887,0.031
1900.61795,10.86,0.03
1902.58715,10.799,0.032
1904.58323,10.724,0.032
1905.61106,10.728,0.031
1908.57603,10.68,0.032
1913.5616,10.659,0.031
1915.57842,10.603,0.032
1918.57826,10.628,0.031
1920.5829,10.571,0.031
1922.57701,10.576,0.029
1924.57926,10.549,0.031
1926.57865,10.534,0.032
1928.58754,10.562,0.031
1930.59526,10.587,0.032
1932.58144,10.621,0.03
1934.5781,10.692,0.031
1937.57535,10.698,0.03
1940.55672,10.71,0.03
1946.55431,10.732,0.033
1949.55056,10.711,0.033
1953.52463,10.663,0.033
1955.5698,10.658,0.037
1959.54322,10.673,0.032
1964.57797,10.677,0.036
1967.52685,10.739,0.033
1979.51434,11.031,0.038
1982.53945,11.067,0.038
2086.92054,10.707,0.039
2088.91018,10.659,0.034
2095.92384,10.584,0.038
2096.91849,10.655,0.037
2103.86677,10.478,0.044
2104.9093,10.518,0.035
2106.87758,10.431,0.036
2115.92824,10.417,0.034
2117.8686,10.418,0.034
2128.81467,10.549,0.035
2129.82202,10.53,0.036
2130.82779,10.584,0.034
2131.82968,10.559,0.034
2132.84792,10.603,0.035
2133.85918,10.593,0.034
2134.90291,10.638,0.035
2135.91956,10.644,0.035
2144.79715,10.89,0.035
2156.77849,11.048,0.035
2166.78905,11.241,0.032
2167.77812,11.331,0.032
2168.80275,11.276,0.029
2171.74012,11.39,0.032
2172.80193,11.362,0.03
2173.78329,11.523,0.032
2174.78762,11.385,0.038
2177.77773,11.488,0.031
2183.69533,11.56,0.033
2185.7226,11.592,0.034
2186.75248,11.597,0.032
2189.76885,11.646,0.038
2190.7437,11.647,0.03
2191.74651,11.662,0.029
2192.73467,11.617,0.03
2193.73662,11.646,0.03
2194.7348,11.627,0.03
2196.7412,11.678,0.032
2197.76066,11.602,0.03
2198.72331,11.683,0.03
2199.72058,11.722,0.029
2200.76502,11.59,0.032
2201.7223,11.567,0.034
2202.72346,11.579,0.03
2203.70561,11.547,0.038
2204.72164,11.61,0.036
2206.73024,11.535,0.03
2208.66561,11.499,0.031
2212.60038,11.467,0.033
2212.63256,11.571,0.032
2213.66459,11.445,0.033
2214.67051,11.388,0.033
2215.67961,11.4,0.033
2216.68793,11.391,0.035
2217.68951,11.347,0.033
2219.66733,11.319,0.033
2221.671,11.221,0.039
2222.68318,11.191,0.032
2224.66492,11.116,0.037
2225.66968,11.081,0.032
2226.66658,11.047,0.032
2227.65942,10.973,0.029
2229.65847,10.896,0.032
2230.65643,10.893,0.034
2232.64949,10.75,0.031
2233.65166,10.721,0.031
2234.64154,10.646,0.036
2235.6417,10.621,0.032
2236.63931,10.585,0.033
2237.6414,10.537,0.035
2239.63215,10.525,0.036
2240.63291,10.462,0.039
2241.63656,10.477,0.031
2242.63449,10.464,0.036
2243.63445,10.455,0.035
2244.644,10.425,0.039
2247.62164,10.401,0.042
2248.63585,10.419,0.039
2249.63746,10.419,0.033
2250.63123,10.414,0.036
2251.6255,10.395,0.035
2252.62448,10.381,0.034
2253.62279,10.394,0.035
2254.61654,10.368,0.036
2255.61844,10.383,0.034
2256.61961,10.371,0.037
2258.60703,10.345,0.04
2260.6071,10.313,0.04
2261.60602,10.313,0.041
2444.92935,10.373,0.029
2465.88748,10.435,0.041
2467.88445,10.492,0.03
2470.88313,10.509,0.033
2486.84951,10.821,0.043
2497.8202,10.998,0.033
2498.8981,10.948,0.04
2511.79253,11.108,0.047
2523.84795,11.252,0.039
2529.78011,11.209,0.039
2540.77386,11.389,0.031
2544.84768,11.438,0.034
2549.74456,11.591,0.043
2553.73765,11.56,0.045
2558.80012,11.691,0.036
2559.79131,11.643,0.03
2561.68799,11.656,0.035
2562.76605,11.613,0.042
2563.77749,11.678,0.036
2564.78383,11.633,0.032
2565.79192,11.618,0.032
2577.76259,11.447,0.036
2622.64723,10.351,0.031
2624.68409,10.403,0.031
2627.69346,10.455,0.031
2629.70243,10.467,0.032
2634.60241,10.514,0.034
2636.62452,10.541,0.041
2638.63417,10.519,0.043
2640.63212,10.52,0.039
2642.62997,10.536,0.045
2644.62583,10.564,0.039
2646.60517,10.583,0.043
2649.59934,10.558,0.037
2650.76639,10.638,0.034
2652.60947,10.598,0.032
2654.6105,10.611,0.034
2657.63444,10.631,0.035
2659.64616,10.631,0.035
2661.64329,10.654,0.032
2663.64206,10.665,0.038
2665.63485,10.666,0.04
2667.63423,10.66,0.042
2669.62369,10.697,0.036
2671.62272,10.718,0.035
2673.61722,10.722,0.036
2675.60496,10.765,0.036
2677.58669,10.858,0.045
2679.57687,10.829,0.038
2681.57563,10.926,0.043
2683.58368,10.87,0.038
2685.59617,10.912,0.033
2689.59913,10.986,0.043
2691.59319,10.983,0.032
2693.59803,11.024,0.031
2695.59356,11.057,0.03
2697.5942,11.106,0.031
2699.59015,11.152,0.031
2701.58815,11.225,0.031
2703.58395,11.236,0.03
2705.57608,11.333,0.031
2707.57423,11.418,0.031
2711.56528,11.485,0.031
2715.57286,11.609,0.032
2719.50556,11.619,0.034
2721.54609,11.676,0.033
2723.54818,11.694,0.042
2725.54501,11.717,0.029
2727.5386,11.703,0.03
2729.53671,11.735,0.03
2733.52456,11.694,0.032
2735.52021,11.686,0.03
2737.51217,11.722,0.032
2740.5147,11.641,0.032
2742.51526,11.688,0.032
2745.48306,11.52,0.033
2750.48677,11.398,0.03
2754.46988,11.321,0.048
2758.47663,11.206,0.036
2805.94369,10.387,0.033
2811.92114,10.401,0.031
2815.94102,10.43,0.033
2819.94177,10.475,0.031
2833.93877,10.642,0.03
2838.91147,10.711,0.033
2841.88031,10.774,0.032
2853.88457,11.158,0.048
2859.84798,11.27,0.031
2861.90795,11.306,0.03
2874.84246,11.565,0.031
2877.82494,11.613,0.029
2883.89003,11.684,0.03
2885.83958,11.719,0.034
2892.89271,11.763,0.043
2896.79548,11.811,0.03
2898.78953,11.837,0.036
2900.79437,11.883,0.031
2903.88255,11.805,0.03
2906.79396,11.849,0.028
2911.80908,11.863,0.033
2915.772,11.751,0.033
2917.74054,11.733,0.035
2921.768,11.679,0.042
2923.76017,11.675,0.036
2926.79559,11.67,0.034
2928.80025,11.703,0.048
2930.79655,11.695,0.031
2934.78686,11.638,0.033
2937.71528,11.582,0.031
2940.74528,11.521,0.031
2942.71165,11.393,0.036
2944.72239,11.362,0.036
2946.71007,11.214,0.032
2948.75961,11.104,0.035
2950.71295,11.036,0.03
2956.75047,10.71,0.032
2961.64464,10.521,0.031
2963.70473,10.465,0.029
2967.70153,10.442,0.03
2969.68903,10.449,0.03
2972.61167,10.49,0.036
2974.70737,10.487,0.032
2976.66532,10.523,0.032
2980.69387,10.62,0.03
2982.70189,10.676,0.033
2986.79791,10.724,0.031
2989.63764,10.719,0.035
2991.66625,10.748,0.031
2993.68721,10.739,0.034
2995.73029,10.751,0.031
2997.74829,10.773,0.032
3000.76484,10.794,0.037
3007.5785,10.823,0.032
3009.65176,10.844,0.034
3011.6447,10.864,0.031
3013.64998,10.872,0.032
3016.66618,10.9,0.034
3018.65576,10.957,0.036
3023.5446,11.009,0.03
3025.68637,10.998,0.031
3034.59552,11.16,0.03
3036.63914,11.149,0.031
3040.6397,11.274,0.032
3043.60621,11.287,0.03
3045.62611,11.379,0.03
3048.6096,11.49,0.033
3053.6387,11.573,0.035
3058.63396,11.58,0.04
3061.54423,11.568,0.037
3068.6242,11.502,0.032
3076.57846,11.634,0.039
3078.5807,11.655,0.032
3096.4896,11.581,0.032
3098.52059,11.672,0.035
3101.50263,11.657,0.032
3103.51928,11.58,0.031
3105.5271,11.53,0.036
3114.47582,11.373,0.031
3122.46184,11.185,0.033
3126.46852,11.039,0.033
3180.94421,10.793,0.034
3186.9449,10.894,0.034
3191.92115,10.858,0.042
3356.65589,10.531,0.03
3358.75183,10.696,0.031
3362.6794,10.634,0.037
3365.74762,10.719,0.031
3367.62242,10.688,0.039
3373.63216,10.814,0.045
3373.65965,10.788,0.038
3387.56032,10.904,0.035
3387.56662,10.949,0.03
3388.65626,10.911,0.032
3389.62981,10.932,0.031
3391.66488,10.932,0.032
3395.71123,10.895,0.037
3399.70824,10.96,0.032
3403.64952,11.026,0.038
3405.66621,10.992,0.032
3410.57748,11.087,0.034
3412.62805,11.07,0.038
3414.63703,11.119,0.034
3416.63429,11.124,0.034
3418.64719,11.193,0.038
3425.58047,11.223,0.035
3427.57316,11.238,0.037
3431.58775,11.207,0.034
3433.58661,11.248,0.034
3439.58004,11.182,0.032
3442.57088,11.169,0.03
3447.54925,11.17,0.038
3449.53746,11.131,0.039
3455.51217,11.209,0.039
3457.53172,11.246,0.035
3459.53709,11.116,0.039
3461.53937,11.109,0.038
3466.52253,10.821,0.032
3470.49174,10.702,0.032
3473.49053,10.616,0.04
3483.48103,10.256,0.036
3490.46815,10.229,0.033
3526.93965,10.657,0.036
3561.9274,10.746,0.038
3570.88929,10.904,0.03
3574.89249,10.958,0.031
3578.87197,11.014,0.036
3583.92907,11.132,0.035
3591.86532,11.392,0.038
3596.89602,11.514,0.039
3600.91073,11.407,0.032
3603.90049,11.406,0.033
3615.91431,11.169,0.032
3617.87986,11.142,0.036
3619.81641,11.056,0.042
3622.82568,11.04,0.033
3628.81937,11.097,0.03
3629.80168,11.056,0.035
3632.80333,11.03,0.036
3637.79885,11.11,0.039
3638.85773,10.997,0.03
3641.79223,10.935,0.039
3644.7692,10.913,0.037
3654.74928,10.668,0.031
3658.74253,10.5,0.032
3660.80745,10.494,0.032
3663.71756,10.424,0.033
3665.78286,10.403,0.03
3669.7132,10.353,0.029
3671.80757,10.312,0.029
3674.69392,10.274,0.032
3680.70235,10.282,0.03
3700.65835,10.259,0.036
3703.66866,10.243,0.032
3706.61094,10.218,0.039
3708.72869,10.252,0.03
3712.6782,10.277,0.03
3714.6717,10.339,0.035
3716.75981,10.352,0.034
3719.66906,10.408,0.035
3721.71964,10.479,0.038
3724.66387,10.548,0.032
3726.72981,10.573,0.032
3730.5902,10.687,0.036
3732.76476,10.709,0.034
3735.68892,10.8,0.035
3738.61265,10.914,0.032
3740.65978,10.986,0.036
3743.61765,10.964,0.031
3745.6988,11.056,0.032
3747.76066,11.124,0.039
3750.61993,11.16,0.033
3753.63651,11.216,0.033
3755.69731,11.291,0.034
3758.59557,11.376,0.031
3760.65644,11.45,0.032
3763.61053,11.46,0.038
3765.66934,11.361,0.034
3768.58808,11.519,0.035
3770.65161,11.637,0.046
3773.59335,11.473,0.036
3775.6192,11.702,0.032
3780.57868,11.65,0.035
3787.63638,11.632,0.04
3790.55973,11.67,0.034
3793.55487,11.577,0.034
3795.60407,11.499,0.034
3798.54866,11.389,0.033
3800.57589,11.353,0.039
3803.56067,11.26,0.037
3805.58353,11.061,0.033
3809.52889,10.968,0.035
3811.5544,10.922,0.035
3813.55734,10.978,0.032
3816.53465,10.913,0.032
3818.5558,10.875,0.032
3824.52245,10.884,0.034
3826.53049,10.873,0.035
3832.5068,10.891,0.034
3834.52311,10.948,0.035
3837.48641,10.914,0.036
3847.49409,10.57,0.038
3851.47452,10.309,0.034
3854.47193,10.147,0.032
3902.94023,10.845,0.036
3906.94345,10.938,0.035
4089.69705,11.157,0.038
4091.81961,11.374,0.037
4104.7848,11.5,0.039
4107.60408,11.558,0.029
4111.60651,11.614,0.031
4123.71941,11.609,0.038
4126.55447,11.811,0.04
4128.56584,11.723,0.043
4130.59569,11.783,0.035
4132.59895,11.731,0.031
4134.62401,11.749,0.035
4136.6262,11.777,0.03
4140.63901,11.783,0.029
4145.58256,11.864,0.033
4147.64645,11.814,0.03
4153.59681,11.741,0.034
4160.54023,11.582,0.037
4162.55344,11.585,0.032
4164.57725,11.424,0.045
4167.55584,11.483,0.033
4179.5663,11.325,0.031
4182.54325,11.356,0.031
4189.49069,11.344,0.031
4193.54272,11.127,0.036
4197.51793,10.962,0.032
4283.92447,11.656,0.037
4291.90751,11.731,0.028
4295.90481,11.763,0.034
4301.90342,11.667,0.031
4304.89879,11.757,0.032
4307.88728,11.64,0.029
4307.89503,11.701,0.03
4311.87589,11.637,0.04
4316.88742,11.58,0.038
4330.80453,11.227,0.037
4336.85091,11.081,0.032
4339.83823,11.069,0.031
4345.85881,10.951,0.045
4348.84661,10.905,0.032
4354.80602,10.811,0.041
4357.82918,10.787,0.033
4358.7907,10.784,0.032
4362.77815,10.688,0.037
4363.82,10.656,0.031
4365.81323,10.622,0.029
4367.79029,10.604,0.033
4368.8003,10.548,0.031
4369.81909,10.56,0.034
4372.76732,10.442,0.036
4375.81556,10.354,0.031
4378.76745,10.294,0.035
4381.74541,10.218,0.036
4384.74847,10.177,0.033
4392.73988,10.222,0.04
4398.77532,10.295,0.033
4403.80972,10.401,0.032
4407.78124,10.493,0.033
4413.73872,10.728,0.031
4418.74232,10.9,0.034
4424.76986,11.085,0.033
4427.69703,11.161,0.033
4429.75788,11.256,0.032
4432.63623,11.283,0.029
4437.63723,11.539,0.03
4439.74638,11.468,0.033
4442.6845,11.552,0.033
4453.60243,11.653,0.04
4457.76407,11.729,0.036
4460.65659,11.841,0.034
4462.71672,11.706,0.032
4464.81032,11.755,0.037
4470.63454,11.819,0.038
4476.68615,11.735,0.035
4478.75638,11.826,0.033
4484.7487,11.692,0.035
4487.58775,11.656,0.033
4491.67316,11.617,0.033
4493.70311,11.592,0.034
4497.59598,11.48,0.032
4499.67759,11.583,0.036
4504.68523,11.389,0.037
4507.58457,11.28,0.038
4509.66841,11.269,0.037
4512.57474,11.103,0.041
4516.57336,11.186,0.041
4518.6316,11.203,0.033
4521.54791,11.252,0.043
4523.56723,11.25,0.037
4525.59259,11.339,0.04
4527.61718,11.339,0.034
4530.57358,11.4,0.041
4533.5541,11.353,0.035
4536.59499,11.267,0.034
4541.56775,11.172,0.033
4543.57915,11.08,0.037
4546.54154,10.964,0.037
4548.546,10.889,0.035
4551.54474,10.785,0.034
4554.52684,10.655,0.036
4556.54601,10.608,0.042
4562.50183,10.527,0.034
4565.48735,10.523,0.034
4568.50726,10.552,0.033
4571.50771,10.576,0.033
4574.49408,10.637,0.036
4579.46749,10.774,0.037
4583.4701,10.908,0.038
4588.46836,10.988,0.035
4644.92633,11.649,0.034
4652.91671,11.541,0.028
4656.90631,11.639,0.045
4662.9243,11.541,0.043
4666.8966,11.474,0.03
4674.9071,11.245,0.037
4683.89157,10.931,0.029
4690.85943,10.683,0.032
4694.8405,10.602,0.031
4698.83871,10.545,0.034
4701.87905,10.492,0.029
4704.8782,10.476,0.036
4708.82519,10.502,0.029
4708.83216,10.498,0.042
4715.9117,10.545,0.03
4719.87254,10.574,0.033
4722.82249,10.567,0.03
4722.83056,10.587,0.033
4725.84413,10.625,0.032
4728.80531,10.654,0.031
4728.80738,10.633,0.031
4731.78849,10.687,0.038
4731.81113,10.678,0.041
4734.86658,10.62,0.038
4738.86655,10.533,0.032
4741.76982,10.491,0.03
4741.79104,10.473,0.03
4747.7583,10.411,0.04
4750.74648,10.401,0.033
4752.81643,10.369,0.031
4752.82716,10.358,0.032
4755.73849,10.337,0.033
4758.72379,10.369,0.033
4767.70498,10.561,0.031
4770.69211,10.527,0.03
4772.74684,10.608,0.032
4775.6838,10.655,0.031
4777.7709,10.741,0.035
4779.75025,10.773,0.032
4786.71601,11.007,0.03
4794.7466,11.151,0.033
4797.74498,11.273,0.035
4802.77265,11.309,0.038
4805.61606,11.28,0.034
4807.65237,11.276,0.031
4809.71288,11.335,0.031
4814.75744,11.332,0.032
4818.57593,11.337,0.033
4820.70008,11.314,0.035
4822.80145,11.347,0.038
4825.66886,11.23,0.035
4827.80818,11.288,0.037
4837.65856,11.202,0.035
4839.76035,11.097,0.035
4842.64604,11.025,0.036
4845.65059,11.02,0.039
4847.71794,10.929,0.043
4850.63091,10.808,0.041
4853.61403,10.707,0.031
4859.61337,10.495,0.039
4862.62304,10.425,0.045
4865.56363,10.274,0.042
4868.58827,10.179,0.034
4871.58256,10.158,0.036
4876.6533,10.153,0.045
4879.59593,10.221,0.036
4881.64368,10.269,0.039
4884.60113,10.35,0.039
5014.91806,9.988,0.046
5022.91971,10.642,0.042
5037.9344,10.785,0.045
5048.83039,10.819,0.04
5063.90987,10.717,0.04
5075.82826,10.763,0.041
5085.81391,10.749,0.041
5088.80697,10.696,0.039
5106.83207,10.427,0.041
