2621.6479,11.786,0.029
2623.62773,11.684,0.031
2635.61356,11.782,0.029
2639.62881,11.894,0.033
2641.63611,11.86,0.031
2643.6454,11.786,0.029
2645.61326,11.752,0.028
2647.59943,11.729,0.05
2655.56635,11.763,0.032
2658.57907,11.816,0.03
2660.57646,11.833,0.053
2662.58556,11.765,0.029
2664.58152,11.797,0.033
2666.57883,11.791,0.029
2668.58447,11.908,0.029
2670.5798,11.85,0.03
2672.58264,11.723,0.029
2674.57029,11.749,0.042
2676.56365,11.733,0.029
2683.53148,11.836,0.033
2686.52247,11.705,0.034
2688.53691,11.86,0.032
2691.51525,11.639,0.043
2693.52092,11.774,0.03
2696.5113,11.735,0.035
2698.51701,11.839,0.031
2701.50716,11.755,0.035
2861.92142,11.891,0.041
2877.91613,11.887,0.041
2884.90276,11.843,0.041
2893.86744,11.9,0.042
2911.82638,11.72,0.038
2915.83528,11.927,0.041
2921.83093,11.864,0.051
2928.81645,11.877,0.035
2930.81356,11.803,0.029
2933.77561,11.779,0.032
2935.7772,11.81,0.041
2939.76688,11.999,0.037
2943.73822,11.835,0.037
2945.73134,11.752,0.043
2947.73154,11.836,0.039
2947.75741,11.848,0.041
2949.73767,11.922,0.032
2951.74174,11.794,0.031
2955.76708,11.738,0.031
2957.75383,11.836,0.03
2962.69907,11.76,0.03
2964.70696,11.806,0.029
2966.71016,11.889,0.032
2968.73608,11.787,0.029
2971.66678,11.845,0.034
2974.6577,11.926,0.031
2976.67712,11.78,0.053
2983.66665,11.791,0.03
2985.67604,11.756,0.03
2992.66981,11.82,0.029
3000.59632,11.912,0.03
3010.59227,11.824,0.033
3015.60515,11.923,0.043
3019.61347,11.841,0.043
3025.58948,11.81,0.031
3030.55657,11.716,0.044
3269.81531,11.714,0.046
3271.80533,11.779,0.038
3273.80595,12.08,0.036
3276.79708,11.795,0.035
3294.75426,11.872,0.045
3343.68761,12.068,0.059
3343.69529,11.925,0.056
3343.70349,11.956,0.049
3343.70615,12.134,0.054
3343.71157,12.204,0.039
3343.71978,12.002,0.049
3344.67891,11.966,0.058
3345.7631,11.905,0.043
3345.7659,11.929,0.055
3347.66143,11.864,0.058
3347.66955,11.903,0.057
3348.70519,11.853,0.054
3349.60008,11.865,0.045
3349.62692,11.827,0.046
3349.62952,11.796,0.046
3349.63232,11.877,0.046
3349.63505,11.865,0.045
3351.7124,12.17,0.057
3352.62319,11.95,0.055
3352.62876,11.904,0.041
3352.63636,11.939,0.055
3352.6393,11.908,0.046
3353.65478,11.768,0.053
3353.66105,11.769,0.048
3353.67069,11.972,0.059
3354.60107,11.849,0.037
3354.60871,11.818,0.047
3354.61158,11.739,0.042
3354.61426,11.689,0.04
3354.74233,11.77,0.04
3355.57763,11.853,0.032
3599.90236,12.039,0.031
3617.85264,11.771,0.037
3620.85237,12.072,0.036
3624.83565,11.819,0.034
3628.82578,12.088,0.038
3630.83002,11.828,0.032
3633.81498,11.93,0.031
3639.79417,11.829,0.032
3642.79491,11.969,0.04
3646.7756,11.917,0.033
3651.76887,11.675,0.032
3654.75699,11.949,0.033
3656.75626,11.915,0.035
3658.7474,11.732,0.032
3660.74963,11.697,0.033
3666.72592,11.857,0.03
3670.71623,11.85,0.03
3673.7081,11.84,0.031
3676.69849,11.969,0.032
3680.68813,11.81,0.031
3700.63811,11.987,0.034
3703.63074,11.949,0.029
3706.621,11.869,0.031
3711.61509,11.798,0.03
3714.59811,11.826,0.033
3721.57824,11.753,0.033
3725.56675,12.074,0.037
3728.55722,11.846,0.034
3732.55196,11.917,0.033
3737.53821,11.913,0.035
4090.56682,11.953,0.042
4330.90102,11.919,0.036
4332.90305,11.654,0.035
4338.88118,11.961,0.037
4342.87567,11.733,0.049
4344.86368,11.688,0.044
4349.85168,11.706,0.032
4353.84457,11.891,0.03
4357.83536,11.937,0.036
4361.82362,11.703,0.035
4363.81319,11.772,0.035
4365.81665,12.051,0.035
4368.80396,11.676,0.036
4376.78638,11.753,0.032
4379.77675,11.974,0.035
4382.76437,11.913,0.032
4385.7576,11.757,0.034
4388.74596,11.884,0.041
4404.70655,11.79,0.032
4408.69706,11.936,0.032
4411.68684,11.853,0.036
4420.67397,11.959,0.041
4423.66035,11.931,0.03
4431.63714,11.788,0.032
4437.6204,11.833,0.035
4440.60835,11.848,0.033
4443.6586,11.817,0.032
4448.73139,11.741,0.039
4453.66668,11.647,0.043
4458.62472,11.703,0.046
4461.61441,11.846,0.034
4463.66305,11.682,0.037
4466.61767,11.821,0.045
4469.6096,11.914,0.042
4476.6132,11.891,0.038
4479.58972,11.856,0.046
4485.55151,11.794,0.045
4487.60361,11.629,0.05
4490.56104,11.833,0.039
4493.55846,11.97,0.038
4500.53647,11.855,0.043
4503.53533,11.937,0.046
4506.5329,11.757,0.045
4515.53931,11.867,0.055
4521.52144,11.751,0.041
4524.51387,11.8,0.048
4705.90405,11.954,0.036
4709.89124,11.759,0.041
4720.88831,11.883,0.031
4724.87614,11.746,0.039
4727.86259,11.832,0.036
4731.87896,11.769,0.039
4740.81926,11.831,0.035
4743.81495,11.685,0.033
4749.81647,11.843,0.031
4752.80049,11.773,0.031
4758.80618,11.821,0.03
4761.7657,11.808,0.03
4767.75983,11.799,0.032
4770.74953,11.758,0.03
4773.7446,11.881,0.032
4776.72699,11.812,0.031
4782.71674,11.845,0.034
4786.72858,11.858,0.031
4792.69568,11.852,0.033
4795.67776,11.938,0.045
4798.68148,11.764,0.031
4800.73902,11.875,0.036
4803.66543,11.721,0.033
4806.64729,11.722,0.038
4808.68503,11.695,0.032
4816.63152,11.8,0.033
4819.66655,11.858,0.035
4822.62752,11.892,0.035
4825.62598,11.749,0.042
4828.60833,11.728,0.035
4831.596,11.744,0.04
4834.58653,11.811,0.036
4844.5686,11.732,0.05
4847.57039,11.763,0.042
4850.5626,11.736,0.041
4853.55705,11.834,0.045
4856.55951,11.828,0.05
4859.578,11.783,0.046
4868.55571,11.838,0.046
4871.55611,11.739,0.039
4875.54262,11.792,0.05
4881.53308,11.609,0.041
4884.52934,11.779,0.047
4890.51019,11.78,0.048
5082.88261,11.713,0.047
5086.90895,11.672,0.042
5093.86353,11.756,0.04
5098.84064,11.737,0.038
5118.77691,11.786,0.043
5123.76513,11.796,0.052
5129.7747,11.782,0.046
5132.75631,11.739,0.041
5141.76272,11.734,0.043
5145.7139,11.885,0.046
5155.7109,11.792,0.042
5158.70926,11.719,0.04
5162.67717,11.81,0.039
