1868.67698,12.631,0.036
1869.66425,12.7,0.037
1870.67455,12.696,0.039
1871.67823,12.607,0.041
1872.67197,12.515,0.038
1873.67148,12.553,0.038
1874.66322,12.506,0.039
1875.66318,12.528,0.037
1876.66204,12.466,0.036
1877.66245,12.501,0.035
1878.65436,12.479,0.037
1879.6554,12.42,0.036
1880.64229,12.425,0.035
1881.64616,12.436,0.037
1884.62745,12.39,0.037
1885.64233,12.362,0.038
1886.6411,12.349,0.038
1887.63686,12.323,0.036
1888.63859,12.372,0.037
1889.63737,12.27,0.037
1899.61414,12.226,0.036
1900.62514,12.198,0.037
1902.59876,12.151,0.036
1903.61719,12.168,0.037
1904.59728,12.18,0.036
1905.60921,12.129,0.037
1906.60209,12.081,0.037
1907.607,12.099,0.038
1908.59709,12.05,0.038
1913.573,11.919,0.036
1915.57635,11.879,0.036
1918.57611,11.741,0.037
1920.56707,11.67,0.037
1922.56555,11.532,0.039
1924.56109,11.378,0.04
1926.55344,11.213,0.038
1928.55978,11.017,0.039
1930.58827,10.789,0.039
1932.56748,10.571,0.038
1934.57097,10.316,0.036
1937.56486,9.881,0.039
1940.56138,9.513,0.04
1946.57269,8.956,0.04
1949.56308,8.715,0.041
1953.53695,8.568,0.044
1955.57754,8.448,0.052
1959.56003,8.418,0.05
1968.51666,8.504,0.048
1979.52773,8.355,0.051
1984.50034,8.36,0.052
2082.9397,10.829,0.042
2086.93387,10.943,0.042
2088.93314,11.015,0.041
2094.91317,11.11,0.042
2103.90401,11.366,0.044
2105.90308,11.41,0.04
2114.88414,11.608,0.053
2116.88537,11.709,0.041
2128.84727,11.954,0.043
2129.85948,11.964,0.04
2130.86134,11.998,0.039
2131.86555,12.043,0.041
2132.87921,12.047,0.038
2133.89678,12.118,0.038
2135.84132,12.122,0.046
2136.92947,12.169,0.039
2144.83336,12.41,0.04
2166.81806,12.718,0.039
2168.87414,12.948,0.037
2169.83233,13.011,0.044
2171.80292,13.004,0.041
2172.82835,12.893,0.04
2173.80806,12.994,0.042
2177.77571,13.12,0.042
2185.7526,12.97,0.042
2186.80148,13.052,0.043
2189.79203,13.452,0.053
2190.77435,13.601,0.039
2191.76983,13.505,0.042
2192.76013,13.531,0.038
2193.76694,13.427,0.04
2194.76323,13.369,0.038
2196.79251,13.608,0.045
2197.79369,13.461,0.049
2198.75369,13.495,0.04
2199.75385,13.496,0.036
2200.78665,13.417,0.04
2201.77905,13.59,0.041
2202.7472,13.471,0.041
2206.7592,13.713,0.042
2212.63657,13.606,0.042
2213.69105,13.694,0.042
2214.69703,13.421,0.043
2215.70351,13.342,0.043
2216.7106,13.471,0.046
2217.71253,13.462,0.041
2222.72439,13.387,0.05
2224.68904,13.673,0.045
2225.6962,13.435,0.041
2226.69311,13.172,0.042
2227.68474,13.401,0.042
2228.6853,13.207,0.045
2230.68519,13.401,0.043
2232.67387,13.323,0.043
2233.67604,13.337,0.041
2234.66716,13.301,0.049
2236.66685,13.346,0.045
2237.6681,13.051,0.046
2240.66014,13.211,0.044
2241.66368,13.301,0.044
2243.65679,13.221,0.053
2244.66175,12.926,0.054
2248.65379,13.127,0.055
2249.65526,12.886,0.047
2250.64905,13.21,0.05
2252.64233,12.986,0.051
2253.64286,12.928,0.049
2254.63891,13.169,0.051
2255.63637,12.831,0.052
2257.63364,12.648,0.057
2258.63283,12.745,0.048
2260.62495,12.831,0.052
2266.61375,12.564,0.052
2453.92682,11.04,0.044
2460.89926,11.261,0.045
2460.93427,11.713,0.04
2465.91734,11.308,0.057
2467.91863,11.341,0.039
2468.91352,11.512,0.043
2470.92249,11.526,0.04
2496.84304,12.005,0.045
2498.8575,12.222,0.048
2501.89758,12.197,0.048
2540.79775,13.219,0.044
2544.86271,13.1,0.046
2549.76684,13.425,0.06
2553.75464,13.303,0.053
2554.84111,13.174,0.052
2558.75654,13.601,0.048
2558.84978,13.586,0.044
2559.80916,13.486,0.035
2561.71953,13.729,0.047
2562.8049,13.627,0.038
2621.63704,13.515,0.047
2622.71257,13.377,0.034
2624.72181,13.457,0.042
2627.7288,13.43,0.052
2629.7406,13.14,0.039
2634.71997,12.94,0.05
2636.74391,13.031,0.038
2638.73293,12.767,0.041
2640.73085,12.718,0.037
2642.74369,12.634,0.039
2644.72445,12.533,0.038
2649.69314,12.436,0.036
2651.6605,12.393,0.035
2653.65591,12.309,0.038
2655.68182,12.298,0.04
2658.66977,12.133,0.053
2660.66665,12.206,0.052
2660.66953,12.135,0.036
2662.66638,12.123,0.036
2664.65758,12.026,0.048
2666.65498,11.949,0.038
2668.6606,11.915,0.038
2672.65424,11.789,0.052
2674.64193,11.664,0.042
2676.62806,11.572,0.038
2678.61339,11.476,0.039
2680.61603,11.418,0.038
2684.62433,11.213,0.056
2686.6405,11.099,0.037
2688.63121,10.963,0.036
2690.63001,10.886,0.035
2692.62475,10.721,0.036
2694.6254,10.55,0.037
2696.62142,10.376,0.036
2698.6184,10.189,0.037
2700.6179,9.988,0.035
2705.50787,9.59,0.046
2707.5103,9.409,0.036
2709.51803,9.268,0.036
2711.52882,9.172,0.035
2713.54573,9.012,0.035
2715.54339,8.938,0.036
2718.53621,8.73,0.034
2723.53115,8.492,0.055
2725.53028,8.449,0.034
2727.52608,8.381,0.034
2729.5241,8.359,0.035
2735.50729,8.409,0.036
2742.47844,8.468,0.037
2744.48161,8.49,0.049
2831.90411,10.795,0.039
2836.91462,10.959,0.042
2840.90118,11.064,0.043
2853.92238,11.48,0.037
2858.87916,11.669,0.036
2860.89391,11.733,0.037
2867.83458,12,0.038
2875.90682,12.144,0.04
2879.85995,12.283,0.037
2883.90909,12.386,0.038
2885.87132,12.375,0.039
2895.81448,12.735,0.039
2897.84105,12.855,0.037
2899.81406,12.815,0.036
2902.82433,12.968,0.041
2905.84072,13.011,0.04
2908.81702,13.026,0.037
2911.75452,13.225,0.039
2915.79609,13.255,0.037
2928.80641,13.574,0.037
2932.8026,14.141,0.037
2943.6769,14.4,0.041
2961.66507,14.449,0.035
2974.80247,14.509,0.036
2984.75776,14.268,0.049
2995.76115,14.465,0.034
3005.61502,13.899,0.035
3011.66803,13.839,0.036
3018.66905,13.609,0.038
3031.6277,13.43,0.034
3035.63054,13.482,0.036
3042.64579,13.224,0.038
3047.60704,13.265,0.036
3053.5851,13.189,0.042
3055.62772,12.846,0.042
3057.62812,12.939,0.047
3060.56208,12.615,0.038
3062.57881,12.527,0.035
3068.59783,11.86,0.043
3069.50525,11.824,0.036
3071.54019,11.554,0.036
3074.54446,11.232,0.047
3074.57379,11.263,0.036
3077.5191,10.926,0.037
3079.5515,10.776,0.044
3082.53074,10.44,0.035
3086.53257,10.106,0.04
3089.51266,9.941,0.038
3091.52981,9.831,0.038
3097.51211,9.716,0.035
3100.50087,9.501,0.037
3103.4918,9.483,0.036
3106.49074,9.489,0.035
3109.48023,9.504,0.038
3112.47457,9.548,0.037
3115.47204,9.608,0.036
3272.80421,13.32,0.038
3278.79529,13.039,0.049
3281.78969,13.486,0.043
3294.85023,13.649,0.049
3298.72778,13.8,0.045
3357.61251,13.914,0.037
3365.74649,13.757,0.05
3382.61793,13.07,0.044
3385.60987,13.124,0.043
3387.61128,13.052,0.046
3389.66626,12.862,0.04
3395.62637,12.501,0.041
3397.66501,12.585,0.04
3403.61258,12.316,0.037
3405.63836,12.155,0.053
3410.56939,11.95,0.042
3412.61449,11.794,0.038
3414.6273,11.668,0.048
3416.62448,11.621,0.046
3418.63685,11.382,0.046
3427.58945,11.012,0.039
3431.60081,10.802,0.038
3433.59998,10.708,0.039
3437.52114,10.39,0.037
3440.51614,10.115,0.038
3443.54828,9.813,0.051
3448.5672,9.265,0.036
3454.52721,8.617,0.039
3456.53164,8.464,0.042
3458.52481,8.32,0.036
3460.53381,8.188,0.036
3463.49827,8.076,0.046
3466.4952,7.929,0.043
3470.48763,7.797,0.042
3473.4863,7.8,0.045
3476.4819,7.826,0.042
3481.47614,7.857,0.048
3563.91995,10.095,0.04
3578.93699,10.534,0.038
3585.8877,10.726,0.04
3589.87832,10.816,0.04
3592.91892,10.901,0.043
3597.86066,11.037,0.035
3601.85157,11.149,0.035
3618.83398,11.685,0.038
3621.8616,11.79,0.041
3625.86004,12.142,0.037
3629.78932,11.935,0.041
3632.8275,12.05,0.04
3639.78283,12.22,0.04
3642.80662,12.286,0.046
3646.80806,12.57,0.047
3652.76522,12.693,0.041
3654.82262,12.745,0.045
3658.76201,12.891,0.043
3660.82026,13.054,0.043
3663.73798,13.035,0.039
3666.73604,13.094,0.044
3669.79195,13.152,0.038
3672.72613,13.348,0.037
3675.71183,13.44,0.038
3678.84175,13.439,0.05
3700.66444,14.126,0.041
3703.68388,14.217,0.04
3706.63411,14.008,0.044
3708.78568,14.101,0.04
3712.7457,14.329,0.038
3714.72342,14.2,0.038
3717.60505,14.476,0.049
3722.59311,14.096,0.04
3724.75048,14.49,0.04
3727.60976,14.626,0.047
3730.68434,14.261,0.046
3733.666,13.952,0.046
3736.62362,14.236,0.049
3741.60475,14.232,0.051
3743.75129,14.178,0.04
3746.66026,14.078,0.045
3747.54268,14.136,0.039
3748.72861,14.047,0.046
3751.64237,13.594,0.039
3753.72572,13.64,0.042
3756.60115,13.801,0.052
3758.66965,13.907,0.04
3761.62314,13.811,0.048
3766.59606,13.595,0.04
3768.68927,13.436,0.041
3771.55551,13.504,0.043
3773.61705,13.166,0.044
3775.6352,13.421,0.039
3780.58833,13.151,0.041
3783.6474,13.226,0.044
3788.62524,13.07,0.051
3791.56275,12.955,0.038
3794.55247,13.147,0.04
3799.54228,12.817,0.039
3805.53391,12.593,0.041
3808.55508,12.358,0.04
3810.54877,12.361,0.043
3812.56256,12.174,0.038
3815.53373,11.822,0.048
3818.52199,11.673,0.037
3821.52087,11.377,0.039
3824.51181,11.074,0.039
3826.5171,10.93,0.038
3829.49536,10.686,0.041
3832.50004,10.374,0.038
3835.49015,10.147,0.041
3851.46611,9.569,0.04
4091.62542,13.739,0.054
4106.61639,13.457,0.041
4109.64715,13.615,0.052
4125.62548,12.895,0.043
4127.62503,12.804,0.043
4129.62544,12.72,0.041
4131.65694,12.688,0.038
4133.67824,12.654,0.053
4140.61429,12.495,0.045
4142.637,12.391,0.04
4145.5694,12.364,0.037
4147.63479,12.389,0.044
4151.57895,12.293,0.044
4153.58116,12.341,0.043
4155.59959,12.305,0.037
4158.56071,12.158,0.049
4160.59384,12.112,0.043
4162.59205,12.173,0.043
4174.51875,11.785,0.045
4180.53093,11.679,0.04
4183.52395,11.559,0.049
4185.5367,11.354,0.045
4190.50579,11.013,0.048
4192.52455,10.928,0.053
4197.48187,10.455,0.039
4284.93461,9.136,0.04
4292.93207,9.484,0.044
4296.93093,9.581,0.043
4300.92012,9.72,0.047
4304.90026,9.908,0.05
4307.90915,10.01,0.038
4311.90242,10.129,0.042
4316.92357,10.32,0.04
4330.83846,10.798,0.044
4333.85719,10.821,0.041
4338.8546,10.975,0.046
4341.82597,11.025,0.038
4344.85692,11.112,0.046
4350.8883,11.344,0.039
4354.81177,11.399,0.038
4358.8138,11.561,0.039
4362.79882,11.639,0.043
4364.8094,11.679,0.037
4367.8098,11.718,0.04
4372.85706,11.895,0.04
4375.83238,12.012,0.039
4378.78542,12.43,0.041
4381.7763,12.155,0.041
4384.76875,12.195,0.04
4387.75823,12.281,0.041
4392.76535,12.974,0.038
4399.78924,12.509,0.043
4402.83676,12.923,0.04
4406.73638,12.785,0.046
4409.7016,12.93,0.037
4420.72739,13.435,0.045
4422.80515,13.136,0.041
4426.68243,13.385,0.045
4428.72135,13.405,0.044
4431.64832,13.478,0.041
4433.72405,13.443,0.043
4436.6624,13.364,0.046
4438.76221,13.573,0.041
4444.65701,13.542,0.05
4456.71864,13.917,0.055
4459.62168,13.592,0.044
4461.7199,13.625,0.043
4464.6051,13.686,0.042
4466.71085,13.398,0.04
4469.63636,13.666,0.049
4472.71359,13.661,0.042
4475.59076,13.441,0.049
4478.59812,13.447,0.051
4484.59498,13.436,0.042
4486.65661,13.242,0.048
4488.68606,13.115,0.043
4490.70156,13.167,0.037
4493.61053,13.145,0.047
4499.5829,13.127,0.047
4502.56926,12.991,0.046
4504.66078,12.812,0.044
4507.56171,12.878,0.047
4512.55766,12.628,0.049
4516.56086,12.701,0.044
4520.6299,12.706,0.046
4523.54673,12.584,0.051
4525.58599,12.467,0.043
4528.55743,12.429,0.039
4531.57244,12.298,0.042
4534.5415,12.255,0.047
4537.55425,12.051,0.042
4539.56752,12.01,0.05
4542.53623,12.014,0.047
4547.52462,11.716,0.046
4553.50924,11.541,0.041
4555.53091,11.449,0.046
4561.50121,11.018,0.039
4564.49252,10.452,0.039
4567.48863,10.035,0.038
4570.49571,9.605,0.037
4574.47311,9.227,0.041
4652.93118,9.673,0.038
4663.92307,10.094,0.041
4671.89012,10.336,0.037
4675.93221,10.476,0.039
4681.9067,10.667,0.037
4685.88447,10.786,0.039
4691.90972,10.964,0.04
4696.91027,11.123,0.038
4703.86456,11.281,0.036
4707.88182,11.723,0.042
4720.86485,11.632,0.049
4724.85802,11.677,0.046
4727.84651,11.775,0.04
4730.84741,11.897,0.038
4734.82962,11.947,0.045
4740.76761,12.082,0.038
4743.78433,12.098,0.042
4754.81414,12.358,0.04
4757.75553,12.49,0.044
4760.7395,12.51,0.043
4763.73583,12.601,0.039
4766.72746,12.589,0.039
4769.71528,12.652,0.04
4771.79435,12.793,0.042
4774.70605,12.645,0.042
4776.75879,12.702,0.044
4779.69399,12.8,0.046
4782.79045,12.876,0.051
4786.68305,12.977,0.044
4794.72026,13.111,0.043
4797.71884,13.293,0.049
4802.78114,13.262,0.044
4805.64353,13.288,0.044
4807.66784,13.302,0.039
4809.7306,13.237,0.042
4814.77668,13.394,0.041
4818.59948,13.47,0.039
4820.70855,13.701,0.048
4823.68234,13.364,0.046
4826.65684,13.296,0.053
4828.69335,13.534,0.049
4831.62695,13.38,0.042
4833.7016,13.383,0.055
4835.76228,13.499,0.047
4838.62184,13.406,0.049
4840.68834,13.477,0.05
4843.62472,13.118,0.048
4846.62293,13.372,0.047
4848.67004,13.057,0.053
4850.73138,13.208,0.049
4853.66833,13.262,0.047
4856.64133,13.246,0.054
4859.64975,13.172,0.057
4862.65662,13.143,0.057
4865.5788,13.118,0.049
4868.60491,12.925,0.053
4871.59681,12.934,0.052
4882.62127,12.668,0.054
4904.54294,11.848,0.047
4919.49637,11.425,0.044
4935.479,9.993,0.047
5021.92134,9.727,0.051
5042.91907,10.186,0.053
5048.90452,10.181,0.047
5057.90082,10.344,0.049
5066.89892,10.477,0.057
5069.89059,10.559,0.054
5074.90062,10.648,0.052
5083.84842,10.874,0.06
5086.84964,10.95,0.045
5089.86177,11.046,0.044
5092.83465,11.097,0.045
5098.77684,11.268,0.047
5104.86102,11.483,0.058
5132.71619,12.224,0.05
5147.69632,12.662,0.049
5155.72143,12.597,0.044
5164.63958,12.714,0.049
