1868.68424,12.59,0.026
1869.6693,12.679,0.027
1870.67948,12.594,0.029
1871.68552,12.65,0.03
1872.67928,12.702,0.03
1873.67649,12.604,0.029
1874.66821,12.683,0.028
1875.67047,12.625,0.027
1876.66478,13.318,0.028
1877.66744,12.749,0.027
1878.65935,12.687,0.024
1879.66268,12.795,0.026
1880.6473,12.754,0.027
1881.65114,12.788,0.027
1884.63244,12.672,0.026
1885.64734,12.616,0.027
1886.64609,12.639,0.026
1887.63963,12.722,0.029
1888.64135,12.648,0.029
1889.64013,12.692,0.028
1899.61691,12.468,0.028
1902.6015,12.34,0.026
1903.61992,12.335,0.027
1904.6,12.315,0.027
1905.61193,12.205,0.028
1906.60486,12.179,0.027
1907.60972,12.234,0.027
1908.5998,12.157,0.026
1913.5757,11.927,0.027
1915.57904,11.872,0.027
1918.5788,11.766,0.027
1920.56974,11.77,0.026
1922.56821,11.603,0.025
1924.56824,11.643,0.026
1926.56971,11.503,0.029
1928.56929,11.455,0.025
1930.59987,11.333,0.025
1932.57007,11.259,0.026
1934.58254,11.166,0.025
1938.5318,11.018,0.027
1941.56845,10.955,0.026
1946.576,10.796,0.028
1949.57029,10.734,0.028
1953.54175,10.651,0.031
1959.56242,10.597,0.036
1963.51893,10.564,0.033
1966.52289,10.528,0.031
1981.49844,10.111,0.04
2086.93848,10.442,0.032
2088.9468,10.517,0.039
2094.92433,10.686,0.033
2096.92967,10.747,0.036
2103.90578,10.974,0.042
2105.90975,10.98,0.034
2114.89297,11.242,0.033
2116.89201,11.374,0.03
2128.859,11.667,0.033
2129.86608,11.755,0.032
2130.87252,11.805,0.031
2131.87215,11.765,0.03
2132.90913,11.812,0.029
2134.84901,11.872,0.032
2135.84132,11.939,0.037
2135.91589,11.925,0.038
2143.85096,12.116,0.031
2144.83336,12.134,0.031
2156.82553,12.446,0.029
2166.82487,12.632,0.025
2167.81875,12.662,0.029
2168.87643,12.753,0.031
2172.76522,12.699,0.028
2173.80371,12.736,0.028
2177.78267,12.692,0.03
2183.74649,12.73,0.029
2185.75737,12.771,0.029
2186.80393,12.762,0.048
2190.77683,12.709,0.028
2191.77464,12.708,0.028
2192.76263,12.709,0.029
2193.77172,12.606,0.027
2194.76573,12.714,0.026
2196.8044,12.694,0.036
2197.80132,12.647,0.031
2198.75851,12.567,0.028
2199.76351,12.537,0.028
2200.78923,12.559,0.029
2201.78162,12.625,0.028
2202.74977,12.507,0.029
2203.73905,12.5,0.032
2206.7618,12.364,0.029
2208.69915,12.222,0.031
2212.64421,12.152,0.033
2213.69595,12.136,0.027
2214.69967,12.159,0.03
2215.70617,12.039,0.033
2216.71325,11.978,0.032
2217.71522,12.114,0.028
2222.72713,11.89,0.033
2227.68745,11.569,0.031
2228.68801,11.518,0.033
2229.68782,11.527,0.031
2230.68118,11.451,0.03
2232.67659,11.362,0.03
2233.68105,11.332,0.031
2234.66989,11.302,0.037
2235.66669,11.309,0.03
2239.65801,11.166,0.033
2241.66199,11.154,0.031
2242.65722,11.106,0.034
2243.65955,11.063,0.036
2244.66634,11.064,0.042
2247.65465,10.977,0.038
2248.65661,10.933,0.041
2249.65803,10.942,0.035
2250.65183,10.897,0.035
2251.65063,10.896,0.036
2252.64509,10.876,0.036
2253.64564,10.87,0.034
2254.64166,10.796,0.036
2255.63913,10.82,0.036
2256.64019,10.791,0.04
2258.63563,10.722,0.038
2260.6277,10.683,0.038
2262.62662,10.591,0.042
2264.6222,10.542,0.043
2465.92623,12.373,0.03
2467.92752,12.463,0.027
2471.89062,12.566,0.033
2496.9378,12.432,0.045
2498.86883,12.507,0.033
2529.78312,11.513,0.041
2539.73422,11.172,0.036
2540.84849,11.19,0.031
2544.86737,11.035,0.029
2549.795,10.937,0.04
2553.75943,10.757,0.045
2554.84858,10.743,0.042
2558.76639,10.725,0.029
2558.85459,10.712,0.025
2559.81167,10.669,0.025
2561.72687,10.621,0.029
2562.81239,10.622,0.027
2563.79807,10.648,0.029
2565.80314,10.587,0.026
2577.8328,10.181,0.031
2579.69207,10.118,0.034
2621.63983,8.414,0.025
2622.72077,8.421,0.026
2624.72458,8.427,0.025
2627.73157,8.422,0.027
2629.74604,8.434,0.028
2634.74357,8.463,0.026
2636.75829,8.489,0.026
2638.74731,8.515,0.026
2640.74521,8.543,0.03
2643.54126,8.602,0.026
2645.58591,8.657,0.025
2647.57682,8.704,0.027
2650.57815,8.8,0.026
2651.73113,8.809,0.026
2653.68413,8.879,0.027
2655.73257,8.984,0.028
2658.69784,9.088,0.026
2660.69302,9.157,0.027
2662.68989,9.225,0.025
2664.6811,9.317,0.026
2666.6785,9.387,0.026
2668.68404,9.468,0.025
2670.67713,9.559,0.026
2672.6777,9.638,0.026
2674.66532,9.723,0.026
2676.65147,9.791,0.023
2678.63676,9.883,0.027
2680.63485,9.929,0.025
2684.63836,10.109,0.028
2691.5448,10.359,0.036
2693.5542,10.371,0.027
2695.5461,10.47,0.025
2697.54535,10.51,0.025
2699.54848,10.594,0.033
2701.54405,10.671,0.028
2703.54171,10.72,0.026
2705.53369,10.797,0.029
2707.53616,10.878,0.027
2709.53901,10.946,0.032
2711.54808,10.966,0.026
2713.56015,11.022,0.026
2715.55541,11.146,0.026
2718.54584,11.176,0.027
2721.53597,11.329,0.046
2723.53794,11.384,0.048
2725.53468,11.43,0.026
2728.48984,11.484,0.025
2730.48807,11.558,0.025
2734.48243,11.728,0.026
2736.48086,11.779,0.026
2740.49424,11.917,0.026
2743.47503,11.962,0.028
2831.91554,11.839,0.026
2836.92842,11.796,0.026
2840.92039,11.648,0.026
2854.86981,11.251,0.025
2858.89063,11.15,0.025
2860.90773,11.097,0.023
2867.84864,10.996,0.029
2875.90891,10.81,0.025
2879.86683,10.713,0.028
2884.79998,10.542,0.04
2886.84367,10.441,0.047
2893.78084,10.008,0.03
2895.81909,9.838,0.026
2897.84572,9.693,0.025
2899.81642,9.569,0.026
2902.82668,9.399,0.03
2908.82168,9.076,0.024
2911.76635,8.949,0.027
2915.81228,8.797,0.026
2917.82871,8.716,0.039
2921.79224,8.631,0.034
2923.78943,8.6,0.027
2926.80647,8.602,0.024
2928.80894,8.594,0.024
2930.80842,8.602,0.025
2932.82138,8.647,0.026
2934.80055,8.704,0.024
2939.74111,8.846,0.024
2943.68898,9.007,0.025
2947.68225,9.149,0.025
2947.70888,9.13,0.04
2949.7243,9.222,0.025
2951.72641,9.307,0.027
2958.67707,9.59,0.032
2962.78128,9.776,0.028
2965.65777,9.84,0.026
2970.64385,10.014,0.025
2975.62996,10.181,0.039
2977.66241,10.274,0.033
2979.67735,10.322,0.026
2981.69617,10.41,0.028
2985.77566,10.51,0.026
2987.81832,10.63,0.025
2990.70134,10.689,0.026
2992.72048,10.774,0.026
2995.6131,10.853,0.026
2997.64181,10.92,0.024
3000.63681,10.997,0.026
3006.64321,11.162,0.027
3008.6593,11.286,0.026
3010.67662,11.313,0.029
3015.72026,11.383,0.034
3017.70862,11.479,0.025
3019.7119,11.521,0.026
3025.63355,11.74,0.026
3034.58715,11.869,0.027
3036.62827,11.936,0.025
3042.57674,12.099,0.027
3044.61731,12.258,0.033
3047.58367,12.424,0.027
3050.57007,12.275,0.027
3053.57336,12.382,0.029
3055.60595,12.57,0.033
3057.60921,12.475,0.031
3060.55162,12.736,0.04
3062.56584,12.664,0.034
3068.59274,12.528,0.027
3071.53766,12.639,0.029
3074.57119,12.762,0.028
3077.5165,12.624,0.027
3079.54662,12.639,0.042
3082.52811,13.011,0.042
3087.52321,12.573,0.028
3090.4967,12.678,0.033
3092.52382,12.745,0.026
3101.49577,12.615,0.029
3104.4886,12.61,0.028
3108.47751,12.516,0.028
3112.46895,12.38,0.027
3273.79506,9.565,0.027
3276.80866,9.664,0.03
3279.78986,9.742,0.043
3291.84833,10.142,0.027
3298.77141,10.378,0.027
3356.66815,12.233,0.033
3358.7733,12.295,0.044
3365.64533,13.029,0.042
3383.66153,12.617,0.035
3385.67222,12.553,0.032
3387.67706,12.581,0.027
3389.71372,12.579,0.031
3395.65729,12.624,0.035
3397.70192,12.552,0.033
3400.59949,12.594,0.034
3403.62058,12.5,0.028
3405.64636,12.543,0.031
3407.66084,12.649,0.034
3410.57645,12.451,0.039
3412.62075,12.325,0.039
3414.6358,12.463,0.031
3416.63296,12.151,0.034
3419.5431,12.325,0.036
3421.57752,12.145,0.032
3425.61675,12.107,0.031
3430.54637,12.064,0.043
3432.55876,11.981,0.031
3434.55855,11.798,0.033
3440.5407,11.637,0.045
3446.52478,11.242,0.03
3449.527,11.161,0.034
3455.49221,10.879,0.033
3457.52009,10.859,0.036
3460.49037,10.851,0.028
3463.48498,10.791,0.031
3466.48383,10.772,0.024
3470.48216,10.687,0.025
3473.47997,10.6,0.025
3563.93722,9.385,0.029
3575.91362,9.914,0.026
3579.9203,10.059,0.026
3597.86991,10.622,0.039
3601.86078,10.729,0.027
3618.85373,11.172,0.039
3621.87352,11.292,0.032
3625.8676,11.381,0.024
3629.79803,11.53,0.029
3632.83001,11.581,0.035
3639.78546,11.717,0.026
3642.80922,11.804,0.03
3646.82672,11.83,0.026
3649.79135,11.982,0.04
3652.76794,12.047,0.027
3654.82557,12.023,0.031
3658.75979,12.244,0.029
3660.81813,12.249,0.037
3663.74977,12.251,0.037
3666.73889,12.321,0.026
3669.82321,12.348,0.024
3672.72973,12.439,0.026
3675.71484,12.402,0.027
3678.84479,12.409,0.039
3700.66736,12.344,0.032
3703.68697,12.143,0.031
3706.63986,12.099,0.032
3708.78872,12.119,0.03
3712.74871,11.966,0.031
3717.60804,11.798,0.031
3719.73538,11.702,0.044
3722.59875,11.602,0.038
3724.75362,11.507,0.038
3727.61273,11.482,0.029
3730.68745,11.27,0.043
3736.62948,11.004,0.035
3741.60768,10.805,0.037
3744.6018,10.806,0.035
3746.68835,10.722,0.041
3747.53733,11.27,0.041
3747.53995,11.328,0.036
3747.54268,10.804,0.033
3747.54531,10.773,0.039
3747.5479,10.74,0.034
3749.53595,10.764,0.04
3749.53959,10.74,0.041
3749.54215,10.719,0.033
3749.62515,10.675,0.035
3751.67838,10.721,0.037
3752.53439,10.714,0.043
3754.61785,10.658,0.035
3756.66635,10.635,0.033
3758.70241,10.62,0.034
3761.6327,10.548,0.033
3764.60072,10.503,0.033
3766.64161,10.417,0.033
3771.62746,10.241,0.032
3774.59793,10.177,0.031
3776.61904,10.069,0.033
3778.62731,9.971,0.042
3789.55743,9.491,0.034
3791.59365,9.416,0.031
3794.57625,9.325,0.034
3797.54893,9.195,0.03
3799.59625,9.076,0.036
3802.54527,8.923,0.033
3805.53724,8.723,0.031
3809.51525,8.416,0.028
3811.53417,8.282,0.037
3813.53697,8.104,0.042
3816.52181,8.048,0.029
3819.51175,7.958,0.031
3822.50262,7.916,0.031
3827.50492,7.991,0.038
3830.49839,8.026,0.035
3833.49152,8.128,0.033
3836.48494,8.249,0.034
4089.65358,9.971,0.029
4091.7427,9.855,0.034
4107.62802,8.947,0.024
4125.65374,8.422,0.027
4127.67151,8.48,0.045
4129.64476,8.521,0.033
4131.67313,8.5,0.03
4134.58186,8.555,0.027
4136.58495,8.609,0.033
4140.62724,8.749,0.028
4142.64559,8.777,0.036
4147.63993,9.001,0.027
4151.58408,9.16,0.03
4153.58628,9.232,0.029
4155.60629,9.282,0.038
4160.59969,9.424,0.026
4162.59709,9.513,0.032
4172.53041,9.809,0.038
4174.54423,9.904,0.049
4182.53027,10.148,0.034
4185.51029,10.277,0.042
4190.51697,10.458,0.029
4197.49852,10.706,0.034
4201.48702,10.818,0.028
4205.48191,10.937,0.03
4297.92387,12.754,0.036
4301.91753,12.578,0.03
4304.92772,12.503,0.031
4307.93178,12.468,0.027
4316.92565,12.204,0.035
4330.86923,11.893,0.026
4333.86955,11.855,0.029
4338.87031,11.754,0.026
4341.83766,11.672,0.041
4347.87566,11.409,0.048
4351.83666,11.327,0.043
4354.85097,11.163,0.042
4358.82325,11.062,0.03
4364.84908,10.954,0.026
4367.81633,10.933,0.031
4373.79986,10.849,0.026
4376.8019,10.818,0.028
4379.78706,10.755,0.03
4382.76656,10.707,0.027
4384.80857,10.654,0.032
4387.77012,10.491,0.033
4399.87064,9.526,0.032
4403.73544,9.231,0.028
4407.75655,8.989,0.032
4410.70838,8.902,0.035
4413.75131,8.823,0.029
4424.73377,8.727,0.037
4427.70358,8.732,0.026
4429.76455,8.75,0.03
4432.64611,8.798,0.026
4437.65467,8.886,0.029
4439.77541,8.95,0.033
4442.70151,8.993,0.034
4453.61488,9.454,0.032
4455.68752,9.507,0.038
4457.77972,9.539,0.037
4460.66801,9.616,0.031
4462.7312,9.701,0.027
4465.64096,9.712,0.041
4468.62837,9.9,0.036
4470.76107,9.88,0.044
4474.6292,10.054,0.032
4477.59956,10.161,0.031
4479.67307,10.174,0.036
4482.65146,10.298,0.028
4487.68904,10.361,0.049
4490.58406,10.511,0.029
4492.66232,10.552,0.034
4494.66951,10.632,0.028
4501.60457,10.809,0.037
4504.58234,10.951,0.034
4506.64747,10.923,0.043
4509.56613,11.097,0.036
4511.59904,11.131,0.039
4518.56452,11.318,0.029
4520.60061,11.38,0.027
4522.6067,11.402,0.031
4524.60711,11.548,0.028
4527.57068,11.552,0.032
4530.55997,11.655,0.029
4533.54205,11.743,0.029
4537.52346,11.842,0.028
4539.55527,11.961,0.043
4542.52949,11.948,0.033
4547.51867,12.079,0.034
4553.50568,12.237,0.027
4556.50555,12.158,0.032
4559.49907,12.334,0.041
4562.48331,12.451,0.029
4565.47415,12.396,0.035
4570.48396,12.45,0.029
4574.4703,12.477,0.032
4664.92413,10.539,0.029
4671.91027,10.195,0.028
4676.93501,9.916,0.03
4681.91668,9.675,0.032
4685.89384,9.543,0.031
4693.892,9.146,0.029
4697.90806,8.808,0.027
4700.88883,8.571,0.025
4703.91831,8.381,0.026
4707.89456,8.152,0.031
4716.85139,7.955,0.029
4720.87667,7.962,0.028
4724.86809,8.001,0.03
4727.85514,8.083,0.029
4730.86374,8.185,0.029
4740.77652,8.536,0.027
4743.78712,8.669,0.028
4752.76808,9.104,0.028
4755.75633,9.261,0.027
4758.74527,9.361,0.029
4761.74939,9.508,0.027
4764.74054,9.608,0.026
4767.72853,9.713,0.028
4770.71767,9.824,0.027
4773.70212,9.939,0.027
4775.77928,10.002,0.027
4778.69026,10.108,0.027
4780.75217,10.186,0.032
4784.64999,10.283,0.031
4787.70989,10.349,0.033
4792.65658,10.507,0.029
4794.77055,10.62,0.033
4797.77945,10.702,0.029
4802.80362,10.808,0.034
4807.66588,10.955,0.026
4809.7287,10.982,0.028
4814.77017,11.145,0.035
4818.60329,11.241,0.03
4820.71237,11.51,0.042
4823.68613,11.342,0.035
4826.65983,11.447,0.036
4831.63074,11.566,0.03
4836.62461,11.502,0.032
4838.67917,11.751,0.035
4843.63417,11.798,0.032
4846.63169,11.888,0.033
4848.67876,12.002,0.037
4851.64566,12.109,0.046
4857.65868,12.186,0.036
4861.56033,12.297,0.038
4872.59556,12.396,0.044
4881.57257,12.539,0.037
4884.56904,12.651,0.034
4917.49689,12.467,0.04
5022.93224,8.763,0.04
5048.91534,9.411,0.038
5066.90836,10.006,0.045
5070.86819,10.164,0.041
5074.91451,10.24,0.045
5083.8545,10.576,0.045
5086.84303,10.655,0.034
5089.87817,10.747,0.034
5092.83982,10.803,0.035
5098.7884,10.997,0.036
5113.77901,11.332,0.037
5123.72646,11.583,0.046
5129.76286,11.694,0.042
5132.72685,11.761,0.036
5144.77619,12.007,0.037
5147.84144,12.023,0.045
5155.81359,12.05,0.042
5155.84251,12.07,0.039
5164.64264,12.079,0.041
