2621.6479,12.37,0.033
2623.62773,12.331,0.03
2628.63767,12.322,0.038
2635.61356,12.465,0.033
2639.62881,12.294,0.034
2641.63611,12.564,0.04
2643.6454,12.504,0.036
2645.61326,12.324,0.032
2647.59943,12.679,0.049
2655.56635,12.336,0.031
2658.57907,12.542,0.031
2660.58384,12.616,0.054
2662.58556,12.273,0.033
2664.58152,12.506,0.033
2666.57883,12.387,0.031
2668.58447,12.317,0.029
2670.5798,12.665,0.029
2672.58264,12.32,0.032
2674.57029,12.344,0.045
2676.56365,12.774,0.032
2683.53148,12.397,0.031
2686.52247,12.422,0.032
2688.53691,12.603,0.032
2691.51525,12.293,0.044
2693.52092,13.35,0.029
2696.5113,12.309,0.033
2698.51701,12.543,0.033
2701.50716,12.27,0.036
2861.92142,12.323,0.036
2877.91613,12.203,0.037
2884.90276,12.695,0.035
2893.86744,12.269,0.034
2908.84905,12.72,0.031
2911.82638,12.217,0.032
2915.83528,12.411,0.034
2921.83093,12.206,0.042
2928.81645,12.282,0.039
2930.81356,12.678,0.03
2933.77561,12.271,0.029
2935.7772,12.432,0.032
2939.76688,12.291,0.039
2943.73822,12.491,0.036
2945.73134,12.356,0.038
2947.75741,12.689,0.036
2949.73767,12.427,0.035
2951.74174,12.178,0.034
2955.76708,12.318,0.034
2956.76172,12.29,0.056
2957.75383,12.303,0.03
2962.69907,12.245,0.033
2964.70696,12.588,0.031
2966.71016,12.334,0.032
2968.73608,12.261,0.032
2971.66678,12.574,0.031
2974.6577,12.287,0.032
2976.67712,12.749,0.053
2983.66665,12.428,0.034
2985.67604,12.253,0.034
2992.66981,12.517,0.031
3000.59632,12.45,0.033
3010.59227,12.599,0.034
3015.60515,12.425,0.044
3019.61347,12.285,0.043
3025.58948,12.212,0.03
3030.55657,12.245,0.042
3269.81531,12.361,0.053
3271.80533,12.647,0.042
3273.80595,12.393,0.044
3276.79708,12.543,0.041
3294.75426,12.587,0.062
