1868.68471,12.37,0.03
1869.67202,12.311,0.027
1870.68218,12.379,0.032
1871.68599,12.422,0.032
1872.67974,12.451,0.032
1873.67918,12.471,0.03
1874.6709,12.558,0.03
1875.67094,12.532,0.028
1876.66969,12.535,0.028
1877.67015,12.514,0.026
1878.66207,12.621,0.027
1879.66316,12.677,0.028
1880.65517,12.635,0.022
1881.65388,12.684,0.027
1884.6352,12.828,0.029
1885.65009,12.898,0.028
1887.64236,12.835,0.029
1888.64411,12.862,0.027
1889.64291,12.88,0.029
1899.61984,13.37,0.029
1900.63342,13.252,0.028
1902.60453,13.376,0.027
1903.62743,13.365,0.027
1904.60304,13.488,0.028
1905.61721,13.415,0.027
1906.60789,13.59,0.028
1907.61728,13.615,0.027
1908.60737,13.606,0.027
1914.60207,13.909,0.029
1915.61253,13.738,0.027
1918.58437,13.811,0.028
1920.57538,14.122,0.028
1922.57397,14.041,0.026
1924.56492,13.878,0.029
1926.55738,14.091,0.026
1928.55698,13.822,0.027
1930.55835,14.019,0.028
1932.55336,13.836,0.026
1934.55686,14.133,0.027
1937.55281,14.179,0.027
1939.61169,14.208,0.027
1949.54038,14.056,0.026
1954.58921,14.088,0.03
1959.5191,14.023,0.031
1964.56269,14.332,0.029
1966.5761,14.266,0.035
2080.94347,9.837,0.035
2085.93938,9.387,0.033
2087.93343,9.185,0.035
2093.94731,8.883,0.034
2095.91078,8.85,0.035
2105.90151,8.757,0.033
2116.88127,8.864,0.033
2128.84522,9.024,0.033
2129.8574,9.066,0.034
2130.85651,9.047,0.033
2131.86343,9.064,0.033
2132.86975,9.121,0.032
2133.89457,9.111,0.031
2135.8391,9.149,0.04
2136.92723,9.167,0.031
2140.85774,9.233,0.038
2144.83094,9.314,0.033
2156.8272,9.648,0.026
2166.83767,9.987,0.025
2167.85936,9.995,0.027
2168.89952,10.039,0.025
2171.7792,10.115,0.031
2172.83707,10.145,0.026
2173.83057,10.181,0.027
2177.79306,10.263,0.028
2183.75901,10.459,0.027
2185.7676,10.534,0.027
2186.81672,10.557,0.027
2190.787,10.662,0.025
2191.8008,10.692,0.025
2192.78668,10.744,0.026
2193.79268,10.735,0.026
2194.79437,10.783,0.027
2198.76636,10.89,0.026
2199.79186,10.881,0.04
2200.79707,10.926,0.027
2201.84228,10.98,0.038
2202.76342,10.966,0.025
2203.75609,10.978,0.034
2206.77876,11.076,0.031
2208.72105,11.128,0.028
2212.65671,11.309,0.027
2214.7121,11.305,0.031
2215.71389,11.286,0.029
2216.72323,11.283,0.032
2217.72519,11.336,0.028
2219.71672,11.416,0.03
2221.73421,11.428,0.048
2222.73485,11.482,0.034
2224.70171,11.498,0.03
2225.70675,11.496,0.032
2226.7074,11.577,0.028
2227.69997,11.6,0.031
2228.698,11.623,0.033
2229.69558,11.681,0.033
2230.69352,11.648,0.034
2232.67108,11.722,0.033
2232.6866,11.707,0.029
2233.67323,11.662,0.032
2234.68249,11.736,0.029
2235.66116,11.735,0.033
2235.67671,11.741,0.029
2236.66177,11.802,0.039
2236.67831,11.8,0.032
2237.66301,11.798,0.037
2239.66584,11.865,0.033
2240.65732,11.87,0.034
2240.67307,11.856,0.039
2241.65862,11.858,0.033
2241.67429,11.932,0.033
2242.65164,12.014,0.038
2242.66948,11.984,0.036
2243.65396,12.14,0.039
2243.66738,11.94,0.039
2244.67418,11.872,0.042
2247.66029,12.05,0.041
2248.66446,12.05,0.045
2249.66594,12.111,0.039
2250.65974,12.077,0.035
2251.65856,12.145,0.042
2252.65306,12.092,0.037
2253.65807,12.156,0.038
2254.64963,12.21,0.038
2256.64823,12.281,0.039
2257.64442,12.226,0.046
2258.64361,12.196,0.038
2260.63576,12.272,0.041
2262.63466,12.228,0.046
2264.63477,12.403,0.041
2265.62475,12.376,0.045
2270.63896,12.53,0.048
2465.91582,9.379,0.043
2467.91713,9.183,0.027
2468.92613,9.115,0.031
2470.92088,8.889,0.03
2496.84092,7.657,0.033
2498.85534,7.638,0.034
2501.89536,7.624,0.036
2540.80852,8.828,0.033
2544.8686,8.96,0.031
2549.78017,9.108,0.041
2554.84958,9.23,0.038
2558.77179,9.381,0.031
2558.85096,9.335,0.027
2560.72468,9.399,0.027
2561.81619,9.421,0.026
2564.80508,9.507,0.03
2566.72488,9.561,0.034
2577.85471,9.918,0.032
2621.64946,11.018,0.029
2623.59962,11.075,0.027
2624.73493,11.124,0.03
2627.73447,11.184,0.028
2629.74897,11.268,0.031
2634.62495,11.404,0.027
2636.64706,11.434,0.027
2638.65675,11.494,0.026
2640.6547,11.528,0.027
2642.6525,11.593,0.028
2644.64839,11.65,0.027
2646.6277,11.736,0.027
2649.62181,11.782,0.027
2650.77479,11.862,0.028
2652.62267,11.829,0.032
2654.61659,11.945,0.026
2657.64754,12.029,0.028
2659.65922,12.074,0.028
2661.65634,12.176,0.027
2663.65508,12.222,0.027
2665.64783,12.347,0.026
2667.64718,12.309,0.027
2669.63661,12.356,0.026
2671.6356,12.467,0.027
2673.63006,12.491,0.026
2675.61776,12.583,0.027
2677.59948,12.604,0.026
2679.5896,12.656,0.027
2681.5813,12.734,0.027
2683.58929,12.813,0.031
2685.60174,12.759,0.033
2693.61099,12.967,0.031
2695.5989,13.199,0.028
2697.59948,13.295,0.027
2699.59538,13.302,0.028
2701.59332,13.307,0.028
2703.58908,13.367,0.027
2705.58114,13.467,0.032
2707.57923,13.251,0.027
2711.57019,13.524,0.026
2713.58233,13.543,0.028
2719.51026,13.561,0.029
2721.55072,13.583,0.028
2725.5495,13.6,0.029
2727.54304,13.755,0.029
2729.54109,13.623,0.027
2733.52882,13.655,0.028
2735.52445,13.546,0.026
2743.48569,13.588,0.029
2750.47862,13.435,0.028
2752.49582,13.514,0.026
2755.496,13.517,0.026
2761.46305,13.791,0.028
2764.46046,13.121,0.034
2766.4619,13.115,0.028
2815.94161,12.443,0.031
2819.94237,12.332,0.033
2830.94004,12.19,0.028
2836.92251,11.952,0.032
2840.90642,11.792,0.027
2844.93677,11.52,0.027
2853.91811,10.895,0.036
2858.89343,10.437,0.026
2860.90592,10.214,0.026
2867.83689,9.569,0.032
2875.89504,9.051,0.027
2879.85507,8.924,0.031
2883.91102,8.884,0.03
2885.87322,8.872,0.026
2893.77565,8.869,0.031
2895.82529,8.867,0.028
2897.85196,8.892,0.029
2899.83012,8.871,0.028
2905.85841,8.916,0.029
2908.82749,8.942,0.027
2915.82022,9.082,0.027
2921.80448,9.259,0.033
2923.79704,9.328,0.026
2928.82132,9.506,0.035
2930.81871,9.563,0.026
2933.74626,9.701,0.028
2935.75928,9.775,0.026
2939.75109,9.901,0.026
2943.69177,10.07,0.03
2945.69699,10.107,0.032
2947.69005,10.209,0.028
2947.72616,10.206,0.026
2949.73765,10.29,0.025
2955.79213,10.499,0.026
2958.68013,10.577,0.026
2960.73799,10.645,0.037
2962.802,10.72,0.032
2965.66412,10.792,0.033
2967.71502,10.818,0.032
2972.69556,10.961,0.027
2975.63798,11.064,0.027
2977.67016,11.151,0.031
2979.68292,11.198,0.026
2983.72824,11.334,0.027
2985.7815,11.342,0.029
2988.66604,11.46,0.025
2990.73494,11.529,0.026
2992.76252,11.543,0.034
2995.61638,11.656,0.025
2997.64517,11.718,0.025
3000.64037,11.736,0.028
3006.6469,11.938,0.027
3008.66283,12.054,0.026
3010.68022,12.096,0.028
3012.71056,12.068,0.028
3015.72685,12.308,0.038
3019.73591,12.342,0.027
3023.73719,12.391,0.027
3030.59658,12.65,0.027
3034.66182,12.612,0.028
3037.60295,12.794,0.026
3041.60674,12.649,0.028
3043.70385,13.019,0.041
3046.58402,12.859,0.027
3049.57282,13.06,0.026
3052.55979,13.144,0.027
3054.59605,13.223,0.028
3056.6127,13.404,0.03
3059.56012,13.186,0.033
3061.58972,13.489,0.026
3064.54126,13.491,0.033
3067.59178,13.54,0.027
3072.53854,13.642,0.027
3075.54934,14.072,0.035
3082.5438,13.758,0.026
3088.56304,14.059,0.034
3114.48562,14.764,0.026
3121.47518,14.087,0.028
3279.80255,8.489,0.027
3291.78906,8.655,0.031
3295.73273,8.759,0.03
3362.78724,10.714,0.031
3366.65817,10.806,0.041
3372.6645,10.898,0.038
3382.57278,11.144,0.033
3386.65298,11.285,0.032
3388.66328,11.3,0.031
3390.73192,11.414,0.043
3395.72153,11.473,0.035
3398.60068,11.52,0.029
3400.71746,11.539,0.026
3403.65882,11.704,0.03
3405.67549,11.703,0.028
3407.70563,11.802,0.032
3412.58969,11.889,0.036
3414.59619,11.997,0.039
3416.60302,11.909,0.039
3425.57869,12.052,0.039
3427.57139,12.276,0.04
3431.58586,12.25,0.037
3433.58462,12.439,0.034
3436.58576,12.369,0.032
3439.57787,12.537,0.028
3446.58857,12.757,0.032
3449.55447,12.599,0.033
3454.56222,12.696,0.034
3456.55774,13.167,0.027
3458.5439,12.907,0.029
3460.55079,13.057,0.026
3463.51068,13.42,0.042
3466.50917,13.171,0.031
3469.5169,13.399,0.031
3471.53038,13.641,0.029
3474.49043,13.45,0.029
3477.49565,13.274,0.028
3481.49104,13.738,0.037
3489.46406,13.495,0.029
3489.46655,13.769,0.028
3489.46984,13.556,0.025
3489.47229,14.08,0.025
3489.47473,13.892,0.025
3489.47806,13.547,0.04
3489.48294,13.926,0.024
3489.48545,13.744,0.025
3489.48795,13.637,0.027
3489.49047,13.999,0.036
3489.49298,13.771,0.025
3489.49551,13.843,0.025
3489.50076,13.711,0.026
3490.46091,13.844,0.039
3490.4779,13.963,0.028
3492.47504,13.585,0.03
3497.46872,13.917,0.026
3499.45644,13.656,0.033
3554.94332,13.467,0.031
3564.92191,12.803,0.027
3570.93987,12.642,0.027
3574.94057,12.495,0.028
3578.92619,12.326,0.027
3588.91351,12.035,0.034
3597.85818,11.998,0.034
3601.84897,11.864,0.029
3618.84997,11.328,0.032
3621.88214,11.226,0.034
3625.88118,10.943,0.027
3629.80809,10.643,0.033
3633.79355,10.232,0.029
3636.82365,9.918,0.03
3639.81922,9.588,0.026
3642.82234,9.282,0.031
3646.829,8.846,0.025
3652.77816,8.392,0.027
3655.73918,8.256,0.028
3657.8087,8.209,0.027
3660.75427,8.183,0.03
3663.75157,8.163,0.035
3666.7407,8.192,0.031
3669.83066,8.22,0.026
3672.73754,8.269,0.028
3675.71569,8.331,0.028
3680.73344,8.432,0.027
3701.65577,8.829,0.033
3703.76171,8.988,0.027
3706.65027,8.907,0.035
3711.6787,9.015,0.028
3713.67566,9.077,0.03
3715.72775,9.151,0.037
3718.61433,9.194,0.036
3720.70211,9.243,0.034
3722.76268,9.308,0.03
3725.68931,9.406,0.039
3727.71974,9.452,0.039
3730.76251,9.54,0.036
3733.75296,9.687,0.029
3736.70197,9.782,0.032
3739.57516,9.889,0.033
3741.67005,9.932,0.029
3744.6212,10.112,0.034
3746.71023,10.139,0.04
3751.66071,10.299,0.042
3753.74457,10.401,0.032
3756.60935,10.499,0.039
3758.6801,10.562,0.029
3761.62525,10.623,0.032
3766.59923,10.814,0.034
3768.69531,10.864,0.033
3771.55794,11.46,0.036
3773.62035,10.986,0.033
3775.63771,11.091,0.033
3779.68137,11.171,0.035
3787.59177,11.448,0.038
3789.65045,11.495,0.032
3794.62462,11.566,0.032
3796.64786,11.606,0.028
3799.58041,11.716,0.034
3802.54313,11.813,0.038
3804.5956,11.845,0.037
3806.60683,11.863,0.035
3810.52297,11.977,0.033
3812.54948,12.042,0.031
3814.56433,12.095,0.037
3817.53175,12.139,0.028
3819.56326,12.299,0.03
3822.53117,12.325,0.03
3824.56273,12.363,0.033
3827.49425,12.559,0.037
3829.55661,12.682,0.037
3832.51668,12.769,0.032
3834.53388,12.608,0.032
3837.48844,12.592,0.034
3847.48066,12.859,0.035
3850.48875,13.109,0.032
3853.47694,13.2,0.027
3861.459,13.352,0.035
3909.9407,14.279,0.031
4089.75454,8.896,0.039
4092.63734,8.981,0.029
4103.59625,9.314,0.04
4105.61913,9.4,0.033
4107.63251,9.419,0.026
4111.63473,9.565,0.035
4126.56237,9.964,0.033
4130.6036,10.03,0.037
4132.60682,10.109,0.035
4134.63025,10.137,0.04
4136.63669,10.219,0.033
4140.64513,10.294,0.036
4144.6873,10.4,0.032
4152.66352,10.615,0.028
4159.62962,10.736,0.031
4161.6365,10.812,0.03
4172.59862,11.092,0.04
4174.60905,11.095,0.029
4177.59893,11.141,0.029
4180.56315,11.228,0.035
4183.53579,11.319,0.032
4185.55315,11.352,0.035
4189.55393,11.37,0.028
4192.50754,11.534,0.029
4196.5079,11.648,0.039
4204.5245,11.845,0.031
4216.46716,12.491,0.029
4227.46038,12.543,0.028
4291.94098,13.618,0.029
4295.94317,13.459,0.027
4299.9258,13.513,0.043
4303.90698,13.338,0.035
4306.90592,13.404,0.035
4310.90119,13.183,0.044
4314.91779,13.285,0.032
4333.85953,12.698,0.028
4338.85194,12.708,0.028
4341.82318,12.461,0.031
4347.86868,12.426,0.043
4351.82952,12.274,0.039
4355.82176,12.261,0.025
4364.86157,12.093,0.027
4367.82784,12.226,0.035
4373.80779,12.008,0.031
4376.80726,12.15,0.027
4379.79243,12,0.027
4382.77728,11.962,0.025
4384.81663,11.872,0.026
4387.77953,11.794,0.032
4398.79317,11.279,0.031
4402.74441,10.897,0.029
4406.74359,10.503,0.039
4409.71753,10.193,0.029
4411.77015,10.003,0.043
4418.74103,9.387,0.031
4424.79513,8.89,0.036
4427.71206,8.635,0.027
4429.80853,8.469,0.03
4432.66044,8.339,0.026
4437.6589,8.212,0.028
4439.77865,8.194,0.028
4455.68856,8.307,0.033
4457.78059,8.36,0.03
4460.66907,8.448,0.03
4462.73236,8.483,0.028
4464.82113,8.531,0.036
4467.67456,8.586,0.037
4470.63947,8.676,0.035
4473.69894,8.744,0.032
4476.69028,8.779,0.034
4484.759,8.976,0.032
4487.59251,9.077,0.041
4489.62968,9.077,0.028
4491.67712,9.112,0.028
4493.70702,9.165,0.028
4497.59981,9.227,0.027
4502.63219,9.352,0.044
4504.68894,9.408,0.032
4509.67197,9.52,0.033
4512.57835,9.602,0.037
4516.57675,9.719,0.038
4518.63497,9.757,0.029
4521.55122,9.829,0.029
4523.57044,9.866,0.034
4525.59582,9.917,0.034
4527.62032,9.992,0.034
4530.57663,10.031,0.035
4532.62261,10.085,0.031
4536.50845,10.182,0.033
4538.57399,10.247,0.028
4540.58904,10.31,0.036
4543.53985,10.322,0.032
4547.5839,10.445,0.033
4553.53472,10.608,0.027
4555.56074,10.637,0.028
4561.51601,10.784,0.03
4564.50746,10.848,0.029
4567.50043,10.942,0.03
4570.50435,11.005,0.027
4573.49927,11.102,0.033
4576.48442,11.134,0.031
4580.48735,11.26,0.028
4585.46455,11.368,0.031
4589.4673,11.462,0.032
4592.46204,11.659,0.032
4643.94,13.209,0.032
4647.9429,13.14,0.031
4651.94481,13.296,0.029
4662.94312,13.336,0.034
4664.91345,13.933,0.029
4671.9131,13.496,0.026
4674.9394,13.485,0.026
4680.93763,13.284,0.03
4681.92468,13.688,0.038
4685.90371,13.631,0.029
4691.90371,13.552,0.027
4693.89847,13.298,0.031
4696.91281,13.876,0.028
4703.8669,13.378,0.029
4707.88498,13.243,0.031
4716.84746,12.886,0.028
4716.85909,13.045,0.034
4720.89412,12.782,0.035
4724.88511,12.44,0.029
4727.86542,12.292,0.029
4731.7981,12.561,0.038
4738.86398,12.025,0.029
4741.81596,12.044,0.027
4747.77975,12.002,0.035
4750.79182,11.85,0.027
4753.76984,11.857,0.027
4756.75995,11.768,0.03
4759.74747,11.819,0.028
4762.74597,11.764,0.026
4765.72549,11.721,0.027
4767.81208,11.683,0.027
4770.73014,11.495,0.025
4773.71753,11.451,0.026
4775.79975,11.33,0.026
4778.70352,11.16,0.026
4780.76236,11.073,0.028
4784.65825,10.876,0.032
4787.7388,10.7,0.028
4793.69084,10.294,0.042
4796.75065,10.095,0.03
4801.74254,9.678,0.028
4806.70202,9.217,0.028
4808.74366,9.02,0.031
4813.74111,8.64,0.032
4816.63189,8.467,0.031
4819.66612,8.353,0.033
4822.63394,8.282,0.033
4824.73631,8.285,0.04
4827.66507,8.355,0.033
4829.74578,8.255,0.031
4834.73021,8.246,0.032
4837.61038,8.251,0.031
4839.6506,8.251,0.034
4843.78088,8.249,0.035
4846.74272,8.274,0.037
4849.63413,8.298,0.032
4855.56976,8.368,0.033
4857.72927,8.422,0.038
4871.68974,8.733,0.037
4877.61423,8.912,0.042
4880.62029,8.987,0.043
4914.5047,9.958,0.039
4919.5345,10.116,0.042
4924.48109,10.21,0.04
5009.94366,12.421,0.043
5014.94006,12.559,0.036
5018.94265,12.63,0.039
5022.92111,13.324,0.042
5022.93019,12.657,0.04
5040.90804,13.391,0.031
5086.87119,13.318,0.036
5093.83495,12.926,0.039
5113.7888,12.198,0.04
5128.8323,11.795,0.043
5131.73508,11.677,0.04
5135.7743,11.631,0.037
5137.78287,11.717,0.037
5140.84177,11.707,0.039
5154.72765,11.746,0.041
5157.65639,11.591,0.039
5163.62899,11.542,0.043
5168.69576,11.275,0.041
