1868.67725,11.275,0.034
1868.70416,11.399,0.037
1869.66907,11.623,0.031
1869.69402,11.625,0.036
1870.67927,11.787,0.035
1870.70167,11.858,0.038
1871.68075,10.906,0.034
1871.7055,11.042,0.036
1872.67222,11.398,0.035
1872.69701,11.482,0.036
1873.67626,11.675,0.035
1873.69899,11.697,0.037
1874.66798,11.846,0.034
1874.68817,11.665,0.035
1875.6657,11.031,0.03
1875.68826,11.127,0.034
1876.66675,11.554,0.033
1876.68707,11.582,0.035
1877.6672,11.687,0.03
1877.68745,11.696,0.03
1878.65912,11.436,0.03
1878.68168,10.711,0.031
1879.6579,11.191,0.03
1879.68053,11.271,0.033
1880.64702,11.576,0.028
1880.66726,11.619,0.028
1881.6509,11.761,0.032
1881.67116,11.753,0.033
1884.63217,11.666,0.032
1884.65504,11.596,0.034
1885.64713,11.848,0.031
1885.66743,11.88,0.034
1886.64587,10.883,0.031
1887.6394,11.409,0.034
1887.6597,11.498,0.034
1888.64111,11.64,0.033
1888.65913,11.657,0.036
1889.63993,11.926,0.032
1889.66029,11.72,0.032
1899.63508,11.695,0.033
1900.63044,11.809,0.029
1900.65548,11.809,0.031
1902.60148,11.362,0.03
1902.62427,11.485,0.033
1903.62446,11.627,0.032
1903.64725,11.653,0.034
1904.60003,11.892,0.03
1905.61423,11.078,0.032
1905.63254,11.164,0.032
1906.6049,11.464,0.03
1906.62319,11.551,0.032
1907.61431,11.636,0.031
1907.63719,11.651,0.033
1908.6044,11.408,0.031
1908.62274,10.835,0.033
1913.57597,11.223,0.032
1913.59723,11.319,0.033
1914.61976,11.653,0.033
1915.58158,11.757,0.032
1915.62351,11.818,0.034
1918.58142,11.647,0.032
1918.59993,11.658,0.034
1919.60527,11.719,0.035
1920.57246,10.97,0.031
1920.61165,11.171,0.033
1922.5687,11.677,0.031
1922.6035,11.719,0.032
1924.56201,11.115,0.032
1924.57384,11.193,0.033
1925.60826,11.601,0.035
1926.55443,11.642,0.032
1928.55411,11.243,0.03
1928.61208,11.493,0.033
1930.56731,11.739,0.031
1930.56906,11.864,0.031
1932.55727,11.427,0.03
1932.56012,11.437,0.031
1934.55456,11.82,0.031
1934.55852,11.842,0.03
1937.55756,11.658,0.031
1937.56087,11.711,0.031
1939.56987,11.314,0.031
1940.5453,11.561,0.03
1941.61017,11.88,0.032
1945.53679,11.759,0.033
1946.53012,10.821,0.032
1947.63413,11.644,0.035
1949.53546,11.84,0.031
1949.6241,10.909,0.034
1952.55827,11.74,0.037
1952.56883,11.729,0.038
1954.57786,11.405,0.033
1954.59065,11.418,0.033
1959.51498,11.6,0.035
1959.52559,11.622,0.034
1964.54732,10.902,0.032
1964.56017,10.667,0.033
1966.56533,11.615,0.035
1968.54821,10.796,0.037
1978.58612,11.851,0.045
1979.49629,11.551,0.037
1981.53658,11.556,0.04
1985.50539,11.626,0.039
1985.55426,11.625,0.043
1995.50331,11.352,0.045
2027.4872,11.738,0.034
2033.46534,11.544,0.035
2086.92657,11.823,0.033
2088.92805,11.503,0.035
2094.90335,10.724,0.037
2096.93369,11.616,0.041
2103.8963,11.497,0.037
2103.92846,11.579,0.041
2105.88629,11.641,0.036
2105.91566,10.734,0.038
2114.89859,11.469,0.046
2116.86334,11.91,0.034
2116.89752,11.57,0.036
2117.91683,11.262,0.034
2128.84352,10.834,0.035
2128.86866,10.986,0.037
2129.85345,11.448,0.033
2129.87792,11.492,0.037
2130.84342,11.647,0.034
2130.90927,11.755,0.037
2131.84298,11.909,0.036
2131.88194,11.178,0.037
2132.85894,11.429,0.035
2132.91383,11.401,0.036
2133.88375,11.595,0.034
2134.85362,11.661,0.038
2134.91125,12.088,0.035
2136.83323,11.193,0.034
2136.85559,11.218,0.036
2144.82179,11.414,0.036
2156.80489,11.577,0.035
2156.82913,11.614,0.033
2166.81975,11.324,0.033
2166.8394,11.421,0.032
2167.86103,11.654,0.031
2168.88072,10.958,0.029
2168.90119,10.713,0.033
2170.85136,11.514,0.032
2171.78309,11.629,0.034
2172.75297,11.746,0.03
2172.8409,11.029,0.032
2173.80053,11.064,0.033
2174.77929,11.513,0.033
2177.77938,11.136,0.033
2183.74067,11.691,0.034
2183.76719,11.767,0.033
2185.74699,11.302,0.034
2190.7331,11.66,0.031
2190.77755,11.698,0.032
2191.77755,11,0.032
2191.81096,10.763,0.034
2192.7795,11.282,0.032
2192.80143,11.357,0.03
2193.76782,11.602,0.031
2194.76857,11.737,0.029
2194.81171,11.866,0.031
2198.74541,11.773,0.029
2199.7684,11.014,0.03
2201.80503,11.659,0.029
2202.75236,11.837,0.031
2206.76895,10.695,0.03
2208.69931,11.531,0.033
2212.66255,11.553,0.032
2213.69151,11.665,0.03
2214.69299,10.696,0.035
2215.69946,11.332,0.036
2216.71325,11.717,0.033
2217.71519,11.87,0.03
2222.72704,11.3,0.032
2224.69382,11.681,0.032
2225.69203,10.743,0.031
2226.68891,11.263,0.032
2227.6895,11.608,0.029
2228.69005,11.819,0.034
2229.6809,10.784,0.033
2230.68097,11.387,0.031
2232.6786,11.866,0.03
2233.6763,10.988,0.033
2234.66965,11.442,0.037
2235.66867,11.627,0.031
2236.66261,11.816,0.038
2237.66386,11.111,0.038
2239.65775,11.691,0.035
2240.66039,10.804,0.033
2241.6662,11.349,0.033
2242.65695,11.603,0.036
2243.65927,11.813,0.037
2247.64987,11.828,0.039
2247.67704,11.833,0.045
2248.65634,11.022,0.042
2248.67662,11.112,0.041
2249.65781,11.463,0.033
2249.6759,11.559,0.038
2250.6516,11.678,0.033
2250.6719,11.649,0.037
2251.65043,11.544,0.037
2251.67532,10.79,0.04
2252.64492,11.123,0.037
2252.6653,11.218,0.037
2253.64545,11.554,0.035
2254.64148,11.713,0.036
2254.66183,11.697,0.038
2255.63895,10.803,0.035
2255.65932,10.707,0.039
2256.64006,11.27,0.04
2256.65821,11.345,0.043
2257.63625,11.566,0.043
2258.63546,11.676,0.036
2260.62758,11.366,0.038
2260.648,11.492,0.041
2465.93224,11.607,0.046
2467.90414,10.708,0.03
2468.91031,11.331,0.038
2471.91114,10.92,0.04
2496.82698,11.639,0.031
2497.85318,10.692,0.043
2499.85559,11.603,0.036
2501.91332,11.226,0.04
2519.83818,11.612,0.033
2540.79465,11.598,0.035
2540.87578,11.632,0.033
2544.864,11.703,0.034
2544.8836,11.77,0.035
2552.74645,11.759,0.031
2553.87525,11.199,0.043
2558.76237,11.351,0.036
2558.84618,11.605,0.03
2559.82181,11.779,0.031
2560.745,11.841,0.034
2561.70886,10.701,0.034
2562.72633,11.38,0.03
2562.81291,11.553,0.033
2563.8011,11.701,0.035
2566.7151,11.478,0.034
2573.70226,11.276,0.044
2573.72392,11.303,0.044
2577.82838,11.657,0.036
2578.71401,11.64,0.032
2579.6876,11.831,0.036
2621.64645,10.953,0.036
2621.6791,11.108,0.035
2623.59661,11.58,0.037
2623.62642,11.683,0.034
2624.73193,10.989,0.041
2624.76258,11.186,0.038
2627.73146,11.592,0.038
2627.75447,10.817,0.033
2629.74596,11.619,0.034
2629.76892,11.635,0.032
2634.68964,11.687,0.031
2634.7016,11.705,0.03
2636.71823,11.42,0.039
2636.73026,11.465,0.032
2638.70729,11.86,0.038
2638.71933,11.922,0.032
2640.70528,11.506,0.046
2640.71733,11.5,0.032
2642.7031,11.629,0.037
2642.7204,11.1,0.034
2644.71104,11.563,0.041
2646.67832,11.183,0.035
2649.66776,11.71,0.032
2651.64258,11.229,0.033
2651.64768,11.222,0.033
2652.80693,11.917,0.034
2653.64502,11.742,0.032
2654.65124,10.814,0.036
2655.66832,11.486,0.032
2657.68448,11.288,0.034
2658.65673,11.079,0.032
2659.69621,11.594,0.033
2660.65656,11.65,0.034
2661.69334,10.751,0.032
2662.65344,11.227,0.032
2663.68973,11.591,0.034
2664.64472,11.653,0.031
2665.6825,10.911,0.033
2666.64217,11.314,0.035
2667.68196,11.663,0.032
2668.64786,11.863,0.03
2669.67132,11.118,0.031
2670.64098,11.482,0.034
2671.67039,11.683,0.03
2672.64163,11.768,0.03
2673.66486,11.193,0.033
2674.62938,11.53,0.033
2675.65259,11.697,0.032
2676.61558,11.491,0.03
2677.63432,11.275,0.039
2678.60097,11.524,0.033
2680.60368,10.72,0.037
2681.6117,11.352,0.032
2683.61514,11.815,0.032
2684.61935,10.963,0.033
2685.61619,11.494,0.034
2686.63791,11.632,0.03
2688.62869,11.162,0.032
2689.61912,11.443,0.047
2690.62755,11.749,0.032
2691.61317,10.715,0.032
2693.62556,11.617,0.033
2694.62309,11.791,0.034
2695.6135,10.857,0.035
2696.61917,11.432,0.043
2697.61965,11.625,0.033
2698.61622,11.834,0.034
2699.61001,11.031,0.032
2700.6158,11.549,0.03
2701.60799,11.7,0.033
2702.60903,11.112,0.031
2703.60377,11.192,0.03
2704.5963,11.627,0.03
2705.59592,11.706,0.034
2706.57814,10.898,0.031
2707.59403,11.282,0.032
2709.5806,11.855,0.034
2710.54931,10.67,0.032
2711.58245,11.392,0.033
2712.56072,11.676,0.032
2713.59461,11.85,0.032
2714.58234,11.095,0.031
2715.58998,11.541,0.032
2717.57403,11.35,0.032
2719.5226,11.468,0.032
2720.55826,11.686,0.03
2721.5631,11.212,0.032
2722.55524,11.25,0.031
2723.5651,11.605,0.034
2724.55338,11.795,0.03
2725.56186,10.868,0.032
2727.55542,11.678,0.032
2729.55348,11.063,0.032
2730.53901,11.525,0.03
2733.54129,11.206,0.032
2734.52413,11.511,0.032
2735.5369,11.653,0.033
2736.50897,11.398,0.032
2738.53812,11.625,0.033
2740.53354,10.855,0.03
2741.52657,11.379,0.033
2742.53435,11.763,0.031
2743.52418,11.848,0.035
2745.48734,11.418,0.035
2745.53434,11.598,0.036
2751.48744,11.186,0.032
2754.49277,11.741,0.03
2756.49455,11.369,0.039
2758.48779,11.848,0.045
2761.47764,11.693,0.032
2764.46329,11.6,0.031
2766.46474,11.072,0.031
2830.92369,11.417,0.03
2831.92428,11.608,0.033
2836.93688,10.688,0.031
2838.93788,11.609,0.029
2840.92617,10.776,0.032
2841.91678,11.347,0.031
2853.89987,11.566,0.043
2854.86807,11.653,0.032
2858.89809,11.841,0.032
2860.85379,11.357,0.03
2860.92008,11.576,0.031
2862.87382,11.829,0.036
2867.82358,10.998,0.031
2867.86245,11.344,0.032
2874.87021,11,0.032
2875.91775,11.577,0.041
2877.84992,11.79,0.033
2879.87083,11.598,0.036
2883.9174,11.715,0.037
2885.85971,10.865,0.034
2885.87956,10.985,0.031
2893.76723,10.785,0.035
2893.78422,10.848,0.043
2895.81628,11.703,0.03
2895.83152,11.639,0.032
2897.83817,11.329,0.031
2897.85827,11.407,0.032
2899.81806,11.787,0.033
2900.80256,10.683,0.034
2902.83351,11.65,0.047
2905.81139,11.495,0.035
2905.84923,11.583,0.034
2908.8115,11.153,0.036
2911.75821,11.82,0.031
2911.81068,10.668,0.035
2915.81776,10.975,0.039
2915.84458,11.109,0.034
2922.72297,11.825,0.034
2923.77879,11.123,0.034
2924.78955,11.623,0.035
2926.80699,10.857,0.033
2927.73983,11.152,0.032
2928.81878,11.623,0.047
2929.76191,11.704,0.032
2930.81602,11.074,0.033
2931.80117,11.499,0.033
2933.74364,11.836,0.031
2933.79868,11.374,0.033
2935.75664,11.488,0.031
2935.79953,11.58,0.033
2939.78624,11.59,0.031
2943.68454,11.503,0.036
2943.72116,11.64,0.032
2945.67352,11.795,0.036
2947.71614,11.58,0.037
2949.71945,10.917,0.03
2951.72889,11.647,0.031
2953.74323,11.278,0.041
2955.78913,11.826,0.031
2956.78817,11.08,0.031
2958.67706,11.534,0.031
2961.69597,11.4,0.038
2962.79122,11.837,0.047
2963.76194,10.78,0.03
2965.78651,11.56,0.033
2967.70467,11.45,0.031
2968.67429,11.044,0.031
2970.64617,11.553,0.045
2971.66544,11.584,0.031
2972.69246,11.265,0.043
2974.66862,11.65,0.032
2975.62501,11.634,0.033
2977.66707,11.652,0.035
2978.69545,11.79,0.031
2979.67974,10.997,0.03
2981.69847,11.682,0.032
2982.72121,10.763,0.036
2983.72499,11.362,0.031
2984.75849,11.682,0.035
2985.77824,10.825,0.031
2987.62556,11.12,0.03
2989.68074,11.847,0.028
2990.70135,11.083,0.03
2991.698,11.566,0.031
2992.72053,11.701,0.03
2997.59155,11.843,0.045
2998.5932,10.871,0.031
3000.61386,11.688,0.028
3001.64416,10.692,0.037
3005.63224,10.86,0.031
3006.62829,11.395,0.031
3007.64016,11.617,0.039
3008.64495,11.825,0.03
3010.66228,11.617,0.031
3012.67836,10.812,0.032
3017.699,11.59,0.032
3019.69729,10.675,0.03
3023.71917,11.007,0.031
3030.7496,10.917,0.033
3033.57089,11.541,0.045
3039.60602,11.204,0.032
3042.6103,10.71,0.031
3044.64408,11.706,0.033
3047.59081,11.463,0.032
3050.57733,11.044,0.036
3052.67541,11.794,0.031
3055.55483,11.621,0.037
3057.59262,10.806,0.037
3059.65671,11.67,0.032
3064.58841,11.415,0.032
3067.62259,11.75,0.032
3070.56313,11.575,0.032
3072.60964,11.085,0.035
3075.56233,12.111,0.046
3077.57782,11.599,0.032
3079.60689,10.781,0.038
3082.5541,11.713,0.039
3086.55432,11.825,0.036
3088.57083,11.475,0.043
3090.57584,11.178,0.032
3093.53093,11.704,0.03
3097.53209,11.667,0.031
3102.51189,10.816,0.031
3104.52706,11.657,0.031
3106.53674,11.137,0.032
3109.50227,11.577,0.031
3114.49118,11.289,0.032
3123.47742,11.764,0.031
3126.48338,11.567,0.032
3129.47483,11.271,0.036
3133.4606,11.441,0.031
3277.83362,11.119,0.038
3321.7809,10.971,0.037
3355.5973,11.747,0.033
3355.63073,11.819,0.032
3357.65878,11.591,0.032
3357.73071,11.651,0.031
3363.65657,10.847,0.035
3366.73166,10.729,0.038
3387.56967,11.468,0.034
3389.64212,10.85,0.031
3389.64515,10.884,0.035
3391.67924,11.673,0.031
3391.68571,11.704,0.035
3394.73502,11.63,0.037
3397.58945,10.952,0.035
3399.64681,11.739,0.031
3399.64992,11.85,0.033
3404.67144,11.159,0.032
3404.67459,11.183,0.034
3406.67304,11.768,0.035
3408.69005,11.44,0.035
3408.69322,11.375,0.036
3411.59617,11.655,0.034
3413.63601,11.691,0.031
3413.63919,11.627,0.033
3417.63577,11.667,0.035
3417.64238,11.664,0.039
3419.62616,11.088,0.032
3419.63352,11.12,0.038
3421.65331,11.719,0.039
3421.65732,11.831,0.04
3423.64694,11.291,0.039
3430.5542,10.927,0.034
3430.55745,10.821,0.038
3432.57077,11.629,0.035
3434.57111,10.936,0.031
3434.57444,10.939,0.044
3437.56359,11.914,0.032
3440.55278,11.717,0.032
3443.57409,11.628,0.041
3443.57737,11.603,0.035
3445.58844,11,0.036
3447.59963,11.686,0.034
3447.60293,11.659,0.034
3450.52626,11.418,0.044
3453.52189,11.035,0.035
3455.54299,11.658,0.036
3456.59409,10.953,0.034
3457.55265,11.34,0.034
3459.56875,11.852,0.032
3462.49373,11.609,0.038
3462.59365,11.673,0.046
3468.50574,11.089,0.032
3473.49292,11.577,0.033
3473.50662,11.548,0.04
3475.55626,11.078,0.034
3476.48937,11.369,0.038
3480.49214,11.492,0.033
3480.54728,11.583,0.032
3483.48315,11.099,0.034
3483.50218,11.143,0.035
3491.47386,11.386,0.04
3495.48906,11.515,0.033
3499.45963,11.716,0.043
3499.48448,11.649,0.039
3562.92555,11.621,0.031
3570.92538,11.672,0.029
3571.9228,10.69,0.032
3574.92531,11.887,0.032
3575.9172,10.811,0.031
3578.90899,11.879,0.033
3579.92856,11.112,0.03
3584.89156,11.559,0.042
3588.88928,11.599,0.035
3591.90433,11.485,0.034
3596.92552,11.801,0.034
3601.83749,11.645,0.034
3601.87236,10.636,0.037
3618.83042,11.634,0.038
3618.86196,11.609,0.037
3621.85475,11.584,0.035
3622.83684,11.653,0.031
3625.85414,11.551,0.029
3626.82355,11.659,0.038
3629.79388,11.522,0.032
3629.83804,11.558,0.034
3632.82329,11.359,0.035
3633.8169,11.629,0.033
3642.80229,11.317,0.033
3643.83071,11.342,0.031
3646.8104,10.78,0.033
3650.81778,11.077,0.03
3652.7754,11.646,0.031
3653.80803,11.404,0.04
3654.83022,11.264,0.035
3657.74917,11.846,0.033
3658.77689,11.179,0.033
3659.8204,11.6,0.033
3661.77791,10.73,0.035
3662.74686,11.22,0.038
3664.77676,11.942,0.036
3665.73502,10.691,0.032
3668.79021,11.131,0.03
3668.82572,10.756,0.03
3671.73926,11.707,0.03
3671.76353,11.7,0.035
3673.79257,11.396,0.03
3674.75396,11.579,0.032
3677.74627,11.362,0.033
3680.71799,10.759,0.032
3700.68039,11.499,0.042
3701.63819,11.678,0.039
3703.7018,11.253,0.032
3703.75115,11.469,0.03
3706.64082,11.803,0.04
3706.68118,10.704,0.04
3708.78891,11.84,0.031
3711.72377,11.594,0.031
3712.74885,11.719,0.031
3713.69686,11.63,0.033
3714.75959,11.431,0.031
3716.63277,11.686,0.034
3717.60911,11.867,0.038
3718.68378,11.279,0.035
3719.7359,11.638,0.034
3720.77946,10.857,0.037
3722.60236,11.095,0.039
3725.63433,10.751,0.036
3726.63243,11.386,0.033
3727.65288,11.689,0.036
3728.6985,10.707,0.037
3730.69918,11.651,0.036
3733.68817,11.406,0.033
3734.68116,11.682,0.04
3737.6576,11.438,0.035
3739.69958,10.894,0.038
3740.77944,11.536,0.036
3741.72201,11.634,0.033
3743.64603,11.429,0.032
3744.66199,11.218,0.034
3745.72003,11.653,0.032
3746.77652,10.757,0.044
3748.63548,11.335,0.036
3749.67364,11.721,0.038
3750.66446,11.883,0.033
3751.77057,11.496,0.042
3753.67451,11.695,0.033
3754.6497,11.557,0.034
3755.7194,11.41,0.033
3756.72041,11.77,0.046
3757.75493,10.853,0.034
3759.59982,11.109,0.034
3760.63477,11.607,0.034
3761.69886,11.544,0.04
3762.72074,11.257,0.033
3764.61527,11.647,0.037
3765.60498,11.821,0.04
3766.7016,11.385,0.038
3767.69803,11.612,0.036
3769.60355,11.808,0.04
3770.56287,10.847,0.038
3771.63966,11.585,0.044
3772.64174,11.798,0.031
3773.69911,11.053,0.041
3774.70758,11.539,0.034
3775.70899,11.624,0.04
3777.57433,10.758,0.037
3778.57299,11.259,0.036
3779.6075,11.624,0.036
3780.63031,11.675,0.036
3788.5738,11.124,0.036
3788.5895,10.685,0.039
3790.63357,11.665,0.042
3790.64713,11.722,0.044
3793.59095,11.486,0.04
3793.59956,11.44,0.04
3795.62946,10.785,0.03
3795.64536,10.719,0.033
3797.65203,11.612,0.033
3798.56851,11.722,0.038
3800.56028,11.101,0.04
3800.58835,11.232,0.037
3802.67046,10.966,0.042
3803.57239,10.717,0.042
3805.54913,11.571,0.033
3805.59548,11.689,0.035
3808.57986,11.45,0.037
3808.61057,11.604,0.038
3810.57065,11.72,0.039
3811.51883,10.891,0.035
3812.58112,11.559,0.039
3813.53145,11.696,0.034
3814.58724,10.741,0.04
3815.58328,11.411,0.034
3817.54199,11.67,0.035
3818.5257,10.871,0.031
3819.57246,11.472,0.037
3820.56521,11.642,0.038
3822.54033,10.913,0.036
3823.52026,11.411,0.036
3824.5728,11.667,0.034
3826.57057,11.259,0.034
3828.48955,11.623,0.034
3829.53353,10.954,0.039
3831.49919,11.621,0.033
3831.55094,11.674,0.034
3833.53035,10.794,0.035
3833.57142,11.026,0.039
3835.53884,11.702,0.037
3836.50109,11.707,0.037
3849.4851,11.373,0.042
3849.49494,11.342,0.034
3851.51648,11.824,0.034
3852.47862,10.857,0.034
3854.48566,11.646,0.034
3860.46487,11.178,0.039
3861.48216,11.564,0.033
3863.46867,10.796,0.039
3866.48649,11.821,0.035
3870.45824,11.775,0.033
4090.81811,11.301,0.035
4103.74872,11.695,0.04
4106.61161,11.076,0.029
4106.61854,11.117,0.032
4109.63942,10.748,0.029
4109.64861,10.792,0.033
4125.58186,11.218,0.038
4125.61655,11.358,0.033
4127.58714,11.872,0.034
4127.61955,11.925,0.034
4129.59946,11.479,0.033
4129.62002,11.564,0.034
4131.63694,10.74,0.031
4131.65159,10.705,0.034
4133.64039,11.612,0.029
4135.66302,11.005,0.031
4135.68875,11.153,0.039
4137.6655,11.621,0.036
4137.69045,11.664,0.039
4139.67729,11.274,0.033
4139.71942,11.451,0.036
4141.71856,11.869,0.039
4143.72248,11.558,0.041
4144.57373,11.451,0.042
4149.70087,10.699,0.034
4150.60635,10.852,0.033
4152.52912,11.56,0.031
4152.62046,11.716,0.03
4154.56054,10.813,0.039
4156.58929,11.647,0.033
4156.65747,11.837,0.034
4163.58789,11.972,0.039
4165.61211,11.007,0.034
4167.60278,11.741,0.041
4173.52993,11.033,0.031
4174.56811,11.61,0.046
4175.55469,11.692,0.035
4176.59911,10.894,0.032
4179.54776,11.688,0.033
4182.57964,11.709,0.042
4183.59908,10.794,0.047
4185.52594,11.44,0.041
4188.59259,11.438,0.03
4189.52684,11.567,0.042
4191.50431,11.574,0.032
4191.54641,10.766,0.033
4193.52752,11.607,0.034
4197.52973,11.654,0.043
4200.53811,11.577,0.03
4202.5265,11.088,0.037
4203.53458,11.309,0.035
4205.51494,11.755,0.034
4228.47797,11.891,0.033
4229.46195,10.995,0.029
4233.45601,11.12,0.03
4233.48067,11.292,0.044
4284.93137,10.892,0.034
4291.93589,10.729,0.04
4295.93518,10.848,0.032
4297.92777,11.629,0.038
4301.92127,11.708,0.035
4303.89312,11.054,0.034
4305.90312,11.72,0.035
4306.89238,11.142,0.039
4308.90823,11.574,0.041
4310.88936,10.687,0.039
4312.89853,11.54,0.043
4314.90671,11.047,0.033
4330.83637,11.411,0.03
4330.8775,11.492,0.036
4333.84586,11.095,0.028
4333.87845,11.244,0.031
4336.89027,10.841,0.041
4338.87812,11.654,0.031
4339.89607,11.795,0.029
4341.84534,11.387,0.031
4342.8509,11.649,0.04
4344.87459,11.187,0.038
4348.83764,11.538,0.036
4348.88139,11.382,0.044
4351.87003,10.923,0.041
4353.83163,11.62,0.029
4355.80669,10.696,0.031
4357.84026,11.705,0.032
4358.83365,11.91,0.031
4362.79472,11.802,0.032
4364.79185,11.493,0.032
4364.85154,11.662,0.029
4367.81872,11.312,0.032
4368.82427,11.585,0.035
4371.83429,11.56,0.035
4373.79525,11.802,0.03
4374.83276,11.252,0.045
4376.8039,11.739,0.031
4377.82174,10.689,0.037
4379.78897,11.57,0.03
4380.81727,11.757,0.035
4382.77461,11.326,0.029
4383.81024,11.63,0.034
4384.81033,11.783,0.032
4386.82177,11.633,0.031
4387.7718,11.679,0.03
4392.74213,11.846,0.032
4392.76991,11.099,0.03
4399.78511,11.878,0.031
4399.81347,11.189,0.037
4402.83247,11.786,0.029
4403.76455,11.581,0.03
4406.73707,11.763,0.039
4407.79321,10.871,0.033
4409.71114,11.619,0.037
4410.73454,11.954,0.044
4413.78686,11.747,0.04
4420.73422,11.649,0.034
4420.77801,11.505,0.043
4423.66295,10.963,0.034
4423.70705,11.218,0.034
4426.74791,11.025,0.035
4426.79485,11.215,0.04
4428.77802,11.687,0.034
4429.6874,11.794,0.033
4431.65433,11.272,0.034
4431.74406,11.582,0.035
4433.74819,10.709,0.036
4437.67058,11.652,0.033
4438.7661,11.573,0.035
4441.65647,10.909,0.034
4442.8004,11.681,0.034
4452.60623,11.879,0.032
4456.72695,11.182,0.04
4458.67413,11.669,0.034
4459.62331,11.734,0.036
4460.79276,11.493,0.037
4461.72085,11.611,0.031
4463.63237,11.896,0.044
4464.60679,10.905,0.033
4466.71177,11.849,0.036
4468.68112,11.439,0.039
4469.63731,11.615,0.032
4470.77775,10.927,0.042
4472.71458,11.531,0.046
4474.66489,11.576,0.041
4478.60008,11.803,0.038
4479.70391,11.503,0.038
4480.66897,11.613,0.033
4484.59706,11.558,0.04
4486.65793,11.095,0.035
4488.68738,11.717,0.035
4489.74816,11.177,0.033
4492.60197,11.745,0.034
4492.72043,11.532,0.031
4494.73805,11.648,0.032
4498.62874,11.437,0.04
4498.69159,11.604,0.034
4501.63194,11.083,0.035
4503.60816,11.767,0.036
4503.70916,11.934,0.035
4505.70891,11.58,0.039
4506.62187,11.515,0.034
4509.56293,11.142,0.033
4510.57181,11.539,0.038
4511.59603,11.687,0.034
4516.59017,11.009,0.038
4517.60692,11.618,0.032
4518.64056,11.749,0.034
4519.62383,10.69,0.036
4520.666,11.515,0.034
4521.641,11.63,0.031
4522.65916,11.702,0.037
4523.6597,11.174,0.031
4524.68115,11.626,0.033
4526.56445,11.787,0.036
4527.57416,10.837,0.037
4528.60872,11.598,0.036
4529.61811,11.694,0.043
4531.57813,11.182,0.036
4532.58201,11.6,0.042
4534.54716,11.815,0.036
4535.57953,11.305,0.036
4537.56354,11.779,0.032
4537.62726,11.802,0.034
4539.57692,11.435,0.043
4541.59369,11.703,0.034
4541.63299,10.69,0.037
4546.55877,11.198,0.038
4546.56202,11.167,0.04
4548.55998,11.689,0.036
4548.56323,11.676,0.035
4551.56027,11.608,0.033
4551.56503,11.646,0.034
4553.59668,11.109,0.034
4554.53831,11.344,0.033
4556.51849,11.879,0.044
4556.55699,11.769,0.036
4558.5416,11.502,0.033
4558.56747,11.589,0.032
4561.52626,11.102,0.035
4561.54913,11.224,0.033
4563.56169,11.82,0.035
4564.51882,10.957,0.033
4566.51066,11.637,0.036
4567.50637,11.712,0.035
4568.55638,11.033,0.038
4569.52966,11.432,0.035
4570.55836,11.66,0.034
4572.50386,10.96,0.034
4573.51081,11.481,0.035
4575.49687,11.861,0.033
4575.54317,10.721,0.037
4579.49718,10.784,0.035
4580.47795,11.223,0.032
4585.50096,11.647,0.036
4586.46725,11.907,0.032
4588.50433,11.584,0.038
4590.47045,11.879,0.035
4591.48208,11.228,0.047
4593.46663,11.628,0.034
4594.47931,10.695,0.034
4596.48609,11.641,0.033
4601.4601,11.851,0.033
4650.92397,11.106,0.031
4663.91103,11.64,0.033
4664.93547,10.678,0.033
4671.91988,11.893,0.03
4675.92438,11.272,0.029
4681.89305,11.639,0.032
4685.9105,11.656,0.035
4689.88365,11.625,0.045
4691.86841,11.077,0.03
4693.90489,11.78,0.035
4696.89361,11.606,0.031
4697.91478,11.87,0.032
4701.87481,11.862,0.03
4703.85109,11.447,0.029
4707.86657,11.623,0.034
4720.86769,10.735,0.029
4720.90035,10.877,0.032
4724.85236,10.824,0.034
4724.89114,11.07,0.035
4727.84242,11.883,0.033
4728.82767,10.884,0.032
4730.87112,11.699,0.031
4731.87001,10.729,0.041
4734.84436,11.73,0.033
4740.78051,11.21,0.03
4740.81111,11.386,0.031
4743.7891,10.819,0.032
4743.82116,10.996,0.032
4746.80931,11.731,0.043
4749.82048,11.785,0.04
4750.76565,11.84,0.03
4752.76971,11.589,0.034
4753.79585,11.775,0.032
4755.75788,11.245,0.031
4756.7921,11.651,0.035
4758.74754,10.758,0.031
4759.77725,11.434,0.031
4761.73334,11.865,0.034
4762.7757,11.145,0.032
4764.72677,11.641,0.03
4765.76696,11.088,0.031
4767.7299,11.532,0.029
4768.75482,11.748,0.03
4770.71891,11.176,0.029
4771.7428,11.692,0.037
4773.71018,10.685,0.03
4774.73876,11.422,0.03
4775.79295,11.656,0.029
4777.72749,11.002,0.032
4778.69962,11.427,0.029
4779.77853,11.725,0.033
4780.75926,10.693,0.03
4783.7238,11.617,0.04
4784.64408,11.827,0.032
4786.77949,11.694,0.032
4787.73573,11.818,0.036
4792.701,10.977,0.032
4795.68407,11.782,0.034
4796.74747,11.36,0.031
4798.68925,11.704,0.031
4800.7522,11.521,0.037
4801.73932,11.677,0.033
4803.66831,10.709,0.034
4804.61474,11.114,0.029
4805.76921,11.788,0.031
4806.67994,11.866,0.031
4808.64626,11.4,0.031
4808.70136,11.536,0.031
4810.69728,10.782,0.042
4810.70978,10.673,0.046
4813.70958,11.783,0.034
4813.72459,11.75,0.041
4816.6253,11.578,0.03
4816.65514,11.631,0.036
4819.66038,11.199,0.033
4819.68712,11.523,0.031
4822.66621,11.122,0.038
4824.81058,10.807,0.038
4827.63536,11.578,0.031
4827.69051,11.689,0.038
4829.70018,11.009,0.035
4829.76778,11.334,0.038
4834.66176,11.585,0.035
4834.74927,11.612,0.038
4836.72146,10.934,0.036
4837.62659,11.006,0.036
4839.60246,11.696,0.034
4839.66189,11.723,0.035
4843.77058,10.925,0.037
4846.73039,11.825,0.042
4846.75084,11.843,0.041
4849.63104,11.475,0.042
4849.64307,11.59,0.033
4855.56595,11.918,0.032
4857.69903,11.704,0.044
4857.7262,11.819,0.039
4863.65305,11.168,0.044
4868.74005,11.767,0.047
4871.61223,11.508,0.043
4871.68682,11.537,0.039
4877.61046,11.408,0.039
4879.62475,11.596,0.035
4881.67199,11.051,0.049
4884.61755,12.157,0.047
4886.57256,11.31,0.044
4918.53273,11.871,0.046
5024.91293,11.536,0.047
5048.87841,11.805,0.04
5063.91991,10.676,0.043
5071.8969,11.011,0.044
5075.85233,10.959,0.042
5086.84582,10.802,0.039
5089.84093,11.908,0.038
5092.83067,11.666,0.039
5098.78197,11.068,0.041
5113.78164,11.203,0.041
5131.7893,11.006,0.038
5135.82227,11.313,0.044
5141.80525,11.944,0.039
5145.6942,11.673,0.046
5146.81538,11.235,0.043
5155.71607,11.528,0.041
5155.7442,11.603,0.042
5158.69912,11.263,0.046
