1868.70214,9.199,0.028
1869.68751,9.927,0.031
1870.69517,9.767,0.034
1871.70348,9.363,0.032
1872.69729,10.042,0.03
1873.6877,9.851,0.028
1874.68396,9.506,0.03
1875.68856,9.895,0.027
1876.68737,9.904,0.028
1877.67871,9.665,0.029
1878.67747,9.217,0.026
1879.68083,9.936,0.026
1880.66536,9.765,0.03
1881.66921,9.317,0.026
1884.64373,9.437,0.028
1885.66321,10.008,0.025
1886.66907,9.909,0.025
1887.65999,9.643,0.029
1899.62842,9.923,0.027
1900.64657,9.779,0.026
1902.62208,9.976,0.026
1903.64053,9.838,0.025
1904.61832,9.457,0.028
1905.63033,9.964,0.025
1906.61639,9.898,0.024
1907.63035,9.666,0.024
1908.62046,9.281,0.025
1913.59702,9.825,0.026
1914.63319,9.554,0.026
1918.56798,9.688,0.029
1919.60193,9.912,0.028
1921.56877,9.194,0.025
1923.57194,9.799,0.026
1925.57308,10.068,0.028
1929.57349,9.91,0.026
1931.56205,9.24,0.031
1933.56089,9.807,0.022
1935.53264,10.047,0.026
1938.55884,9.406,0.024
1941.55284,9.26,0.024
1946.55971,9.915,0.027
1949.55501,9.938,0.027
1953.52887,9.811,0.023
1959.54257,9.938,0.024
1962.56566,10.04,0.042
1965.51997,10.022,0.023
1967.57814,9.739,0.025
1979.51713,9.866,0.036
1984.49191,9.464,0.038
1995.51684,9.391,0.044
2095.93859,9.407,0.039
2104.91054,9.615,0.034
2106.9183,9.922,0.03
2116.91426,9.912,0.031
2128.89284,9.305,0.03
2129.89769,9.99,0.032
2130.92728,9.881,0.03
2131.89951,9.483,0.033
2133.8684,9.898,0.028
2135.8667,9.476,0.039
2140.86402,9.824,0.048
2156.84301,9.909,0.035
2166.85134,9.931,0.028
2168.79504,9.193,0.031
2170.86057,9.89,0.04
2172.79452,10.088,0.028
2173.87234,9.915,0.029
2177.79783,9.74,0.041
2183.77297,9.86,0.029
2185.77708,9.486,0.031
2186.84488,9.989,0.05
2189.80564,10,0.028
2190.79689,9.839,0.028
2191.80578,9.535,0.029
2192.79397,9.95,0.028
2193.84142,9.933,0.028
2194.81114,9.686,0.028
2197.74285,9.69,0.028
2198.76923,9.301,0.029
2200.80943,9.892,0.028
2202.7083,10.007,0.027
2203.76134,9.878,0.031
2206.7909,9.962,0.027
2208.74016,9.217,0.032
2212.67387,9.981,0.033
2213.71521,9.836,0.03
2214.71742,9.562,0.031
2215.72173,9.476,0.032
2216.72858,9.89,0.032
2217.73056,9.725,0.032
2219.7244,9.942,0.036
2221.7536,9.531,0.03
2222.7472,9.826,0.032
2224.70715,9.561,0.03
2225.73292,9.221,0.03
2226.71971,9.873,0.031
2227.71924,9.715,0.031
2228.70805,9.205,0.034
2229.70793,9.968,0.033
2230.70365,9.809,0.031
2232.69446,10.018,0.03
2233.69897,9.886,0.031
2234.69265,9.579,0.031
2235.68224,9.526,0.03
2236.68848,9.893,0.035
2237.68979,9.726,0.035
2239.67375,9.915,0.039
2240.68327,9.822,0.04
2241.6845,9.393,0.037
2242.66837,10.016,0.039
2243.67531,9.9,0.044
2244.68439,9.584,0.046
2247.67279,9.714,0.043
2248.67694,9.372,0.046
2249.67617,9.907,0.042
2250.66991,9.722,0.038
2251.66874,9.45,0.04
2253.65699,9.801,0.039
2254.65981,9.551,0.037
2255.65731,9.527,0.039
2256.65619,9.877,0.042
2257.65229,9.581,0.047
2258.65382,9.245,0.045
2260.64594,9.767,0.042
2261.64369,9.375,0.041
2262.64262,9.965,0.046
2264.63368,9.524,0.049
2265.63267,9.529,0.056
2269.64193,9.824,0.056
2497.87341,9.78,0.031
2499.87097,10.033,0.026
2501.91484,9.644,0.032
2544.8802,9.81,0.031
2549.82454,10.082,0.035
2552.75562,10.055,0.022
2553.879,10.01,0.045
2560.73735,9.82,0.024
2561.83332,9.696,0.025
2563.74127,9.907,0.024
2564.82664,9.784,0.027
2566.74684,9.862,0.023
2577.71556,9.731,0.03
2578.81385,9.577,0.029
2621.67935,9.576,0.023
2623.61519,9.912,0.028
2624.75312,9.819,0.032
2627.7501,9.894,0.033
2629.76453,9.194,0.034
2634.74617,9.836,0.026
2636.76093,9.872,0.028
2638.74996,9.676,0.026
2640.74788,9.922,0.028
2642.7819,9.458,0.025
2644.73224,9.841,0.026
2646.71157,10.073,0.035
2649.70094,9.509,0.024
2651.66833,9.663,0.024
2653.66373,9.914,0.023
2655.70444,9.47,0.027
2658.6776,9.581,0.026
2660.67736,9.912,0.037
2662.67423,9.216,0.024
2664.66545,9.807,0.023
2666.66283,10.072,0.026
2668.66844,9.596,0.023
2670.66152,9.925,0.024
2672.66209,9.212,0.024
2674.64977,9.805,0.023
2676.6359,10.043,0.024
2678.62122,9.506,0.025
2680.62384,9.906,0.026
2684.63213,9.798,0.03
2686.64831,10.075,0.03
2688.639,9.612,0.028
2690.63779,9.922,0.027
2692.6325,9.234,0.026
2694.6361,9.841,0.024
2697.51784,9.746,0.023
2699.52827,10.037,0.024
2701.52629,9.5,0.024
2703.52394,9.911,0.025
2705.52036,9.186,0.023
2707.5228,9.771,0.026
2709.52811,10.054,0.027
2711.5418,9.601,0.024
2715.55386,9.304,0.026
2718.54426,9.463,0.026
2721.53439,9.626,0.045
2723.53635,9.904,0.044
2725.53309,9.306,0.022
2727.52885,9.833,0.024
2729.52683,10.056,0.024
2733.51444,9.944,0.026
2740.50881,9.904,0.03
2743.4825,9.898,0.028
2752.48306,9.382,0.025
2854.89549,9.726,0.022
2858.92518,9.562,0.025
2861.89626,9.676,0.026
2867.8734,9.829,0.03
2876.83919,9.957,0.026
2879.89854,9.508,0.037
2884.82833,9.706,0.026
2886.85908,10.026,0.041
2893.7971,9.897,0.035
2895.84354,9.308,0.027
2897.87051,9.88,0.026
2900.80798,9.881,0.028
2905.81704,9.285,0.023
2908.84612,9.575,0.021
2911.79795,9.615,0.032
2915.83909,9.413,0.026
2918.74802,9.312,0.058
2921.83232,9.721,0.037
2923.81139,9.939,0.03
2926.8239,10.078,0.025
2928.84094,9.646,0.03
2931.77131,9.625,0.025
2933.79156,9.937,0.025
2935.78749,9.363,0.024
2939.77939,9.876,0.023
2945.71887,9.199,0.048
2947.74431,9.828,0.028
2949.75942,9.915,0.025
2951.7503,9.657,0.026
2953.76221,9.964,0.043
2955.80815,9.518,0.029
2958.69657,9.388,0.025
2963.67996,9.883,0.035
2965.72833,9.332,0.023
2967.73151,9.877,0.024
2970.66847,9.861,0.026
2973.65108,9.92,0.025
2975.68652,9.256,0.025
2977.68873,9.84,0.034
2979.69976,10.009,0.026
2981.71805,9.703,0.031
2983.76134,10.033,0.029
2986.62983,9.927,0.027
2988.70151,9.537,0.025
2990.79252,10.026,0.033
2993.60785,9.912,0.025
2995.6581,9.263,0.032
2997.68177,9.866,0.026
3000.67569,9.923,0.025
3006.67838,10.061,0.027
3010.69662,9.908,0.031
3012.72695,9.401,0.035
3015.76109,9.664,0.036
3018.5726,9.309,0.025
3025.63667,9.363,0.027
3029.67766,9.215,0.033
3034.59037,9.788,0.044
3036.63138,10.039,0.029
3042.58001,9.414,0.039
3044.62047,9.811,0.03
3046.66983,9.608,0.03
3049.64454,9.22,0.027
3057.5622,9.838,0.036
3059.62837,9.22,0.051
3062.53035,9.487,0.05
3064.58654,9.819,0.028
3070.57417,9.928,0.03
3073.55544,9.921,0.029
3078.53584,9.507,0.025
3087.52646,9.872,0.028
3089.5523,9.479,0.042
3092.50621,9.273,0.026
3098.51184,9.534,0.034
3101.49894,9.658,0.031
3103.51317,9.952,0.03
3106.49903,10.034,0.028
3109.49073,9.969,0.027
3112.4799,9.236,0.029
3115.47702,9.339,0.027
3268.83654,9.599,0.027
3271.81286,9.697,0.029
3274.82981,9.799,0.031
3277.82639,9.899,0.031
3280.81708,9.939,0.034
3291.8732,9.833,0.026
3295.76338,9.344,0.025
3298.81694,9.667,0.047
3356.68122,10.071,0.039
3374.68052,9.844,0.06
3385.67524,9.525,0.034
3387.68014,9.907,0.034
3389.71676,9.343,0.033
3395.6604,9.548,0.04
3397.71392,9.908,0.034
3400.60262,9.892,0.052
3403.62377,10.007,0.03
3405.64957,9.616,0.056
3407.66775,9.929,0.039
3409.68363,9.293,0.034
3412.5797,9.192,0.032
3414.58675,9.785,0.034
3416.59293,10.08,0.036
3418.60586,9.685,0.037
3425.57409,9.469,0.032
3427.56682,9.869,0.029
3431.5812,9.773,0.054
3436.58084,9.975,0.035
3439.57276,9.225,0.029
3442.56348,9.312,0.028
3446.58158,9.679,0.029
3449.53274,9.483,0.055
3454.55673,9.867,0.033
3456.55144,9.928,0.036
3458.53831,9.682,0.035
3460.54503,9.926,0.029
3463.5041,9.959,0.035
3466.50098,10.083,0.031
3469.51086,9.38,0.027
3472.49562,9.225,0.039
3475.48581,9.439,0.036
3478.49168,9.633,0.029
3573.9245,10.007,0.036
3585.92884,9.563,0.032
3590.89806,9.911,0.029
3601.88039,9.743,0.031
3618.88231,9.717,0.038
3622.85517,9.322,0.029
3630.80475,9.898,0.033
3632.75025,9.488,0.041
3632.77948,9.185,0.041
3632.8116,9.249,0.04
3634.81951,9.846,0.035
3638.84931,9.707,0.027
3641.82364,9.782,0.027
3644.84113,9.839,0.042
3651.79556,9.783,0.035
3654.78674,9.838,0.031
3659.83969,9.288,0.031
3662.77871,9.283,0.044
3665.76907,9.471,0.03
3669.76492,9.304,0.025
3672.74567,9.231,0.03
3675.73607,9.444,0.027
3680.7569,9.931,0.028
3701.68843,9.691,0.04
3704.69388,9.82,0.037
3707.67459,9.866,0.029
3712.68678,9.241,0.029
3714.68106,9.826,0.032
3716.77137,9.19,0.033
3721.75045,9.825,0.038
3724.67905,9.813,0.04
3726.75376,9.399,0.034
3730.60041,9.916,0.039
3732.78043,9.623,0.039
3735.70079,9.639,0.038
3738.62197,9.544,0.037
3740.66834,9.938,0.04
3743.62602,10.018,0.038
3745.71351,9.681,0.041
3748.62795,9.602,0.041
3750.65782,9.937,0.034
3753.66849,10.048,0.042
3755.71601,9.721,0.035
3758.60946,9.654,0.037
3760.67075,9.983,0.032
3765.69297,9.733,0.041
3768.59855,9.605,0.034
3770.66188,10.02,0.043
3773.60077,10.005,0.045
3775.63093,9.582,0.04
3783.64581,9.993,0.052
3789.56508,9.267,0.047
3791.5996,9.813,0.035
3794.57965,9.853,0.038
3796.61515,9.261,0.033
3799.55082,9.279,0.037
3801.6043,9.884,0.038
3804.54492,9.848,0.037
3806.56217,9.725,0.043
3809.58534,9.276,0.043
3812.52679,9.298,0.035
3814.55587,9.877,0.035
3817.52876,9.931,0.034
3820.51853,9.93,0.034
3823.51012,10.009,0.042
3825.54622,9.626,0.046
3828.48596,9.601,0.033
3831.49566,9.766,0.032
3833.52597,10.093,0.046
3836.49681,9.936,0.044
3851.46891,9.792,0.034
3854.46621,9.844,0.037
4089.66075,9.173,0.032
4091.75139,9.88,0.037
4103.60047,9.955,0.035
4105.62333,9.499,0.032
4107.63667,9.912,0.024
4127.67746,9.945,0.03
4129.64944,9.333,0.03
4131.6771,9.889,0.032
4133.69624,9.217,0.038
4136.56457,10.078,0.039
4140.61775,10.008,0.034
4142.64044,9.552,0.032
4145.57283,9.541,0.039
4147.63818,9.985,0.035
4151.58234,9.829,0.026
4155.60374,9.68,0.031
4160.59714,10.05,0.029
4164.61417,9.899,0.046
4167.56949,9.941,0.031
4175.57864,9.664,0.033
4179.57149,9.421,0.053
4182.54557,9.48,0.032
4190.52013,9.962,0.028
4192.53029,9.484,0.03
4196.52572,9.301,0.049
4203.48438,10.052,0.042
4298.92784,9.761,0.051
4302.92149,9.44,0.045
4306.90687,9.485,0.025
4310.92351,10.138,0.03
4314.92985,9.879,0.042
4330.91355,10.046,0.03
4333.90788,9.73,0.039
4338.89103,9.776,0.031
4344.8951,9.926,0.055
4348.85669,9.745,0.028
4353.8565,10,0.025
4357.85668,9.929,0.031
4361.85765,9.86,0.03
4364.78617,9.842,0.029
4367.85413,9.955,0.031
4376.83883,9.253,0.033
4379.80896,9.299,0.025
4382.80093,9.477,0.026
4385.79404,9.634,0.027
4388.77773,9.723,0.027
4400.71849,9.895,0.055
4403.80849,9.513,0.028
4407.79208,9.936,0.034
4413.76815,9.834,0.028
4421.69704,9.786,0.03
4424.75597,9.913,0.036
4427.71635,9.914,0.031
4429.82302,9.605,0.035
4432.66992,9.349,0.027
4437.66403,9.916,0.027
4439.78391,9.571,0.036
4453.67746,10.057,0.034
4455.76517,9.811,0.034
4458.6731,9.744,0.035
4460.78414,9.332,0.035
4465.7041,9.742,0.041
4468.6667,9.746,0.035
4470.7675,9.332,0.043
4477.60699,9.916,0.031
4482.65878,9.561,0.033
4485.65447,9.718,0.054
4487.69461,10.023,0.041
4490.58719,9.96,0.029
4492.66541,9.614,0.032
4494.67262,9.919,0.027
4498.65824,9.826,0.031
4501.60787,9.851,0.032
4503.67924,9.176,0.036
4506.60271,9.208,0.039
4508.66603,9.872,0.034
4510.64721,10.018,0.04
4514.62196,9.901,0.045
4517.60203,9.956,0.03
4519.61904,9.452,0.041
4522.55125,9.434,0.043
4524.57712,9.908,0.032
4527.54907,9.964,0.039
4529.60848,9.474,0.042
4532.57614,9.587,0.035
4535.57352,9.705,0.038
4538.54524,9.763,0.029
4540.5617,10.082,0.041
4542.57455,9.59,0.038
4547.5676,9.998,0.041
4553.52454,9.969,0.031
4555.54551,9.724,0.03
4561.50949,9.858,0.036
4564.50095,9.895,0.034
4567.49689,9.931,0.034
4570.50093,10.037,0.029
4574.4784,9.9,0.04
4665.93102,9.694,0.038
4671.93557,9.881,0.03
4686.90014,9.167,0.034
4690.89087,10.049,0.029
4694.89362,9.914,0.03
4698.8823,9.815,0.03
4702.8662,9.524,0.027
4721.81337,9.835,0.029
4725.86236,9.742,0.031
4728.86749,9.849,0.028
4731.85132,9.868,0.046
4740.79861,10.064,0.029
4743.81668,9.606,0.028
4749.82723,9.517,0.032
4752.78586,9.557,0.033
4755.77579,9.716,0.031
4758.77573,9.777,0.034
4761.76812,9.855,0.028
4764.75733,9.921,0.028
4767.74949,9.936,0.027
4770.73989,10.032,0.027
4773.73064,10.087,0.027
4775.81453,9.815,0.025
4778.71902,9.776,0.027
4782.72643,9.533,0.038
4786.71297,9.282,0.03
4792.6821,9.454,0.028
4794.80464,10.016,0.033
4798.67455,9.751,0.027
4800.73132,10.368,0.042
4803.65194,10.107,0.031
4805.75114,9.808,0.027
4808.63569,9.721,0.033
4810.67765,10.06,0.035
4813.70308,9.509,0.038
4816.65102,9.402,0.036
4819.68372,9.426,0.028
4822.65582,9.521,0.033
4824.80716,10.08,0.032
4827.68627,9.977,0.035
4829.75998,9.674,0.037
4834.74883,10.013,0.028
4837.62534,9.935,0.034
4839.66062,9.429,0.036
4847.65533,10.003,0.043
4849.712,9.607,0.038
4852.62959,9.56,0.043
4855.64139,9.738,0.043
4858.65157,9.834,0.035
4861.69498,9.915,0.037
4864.56711,9.849,0.042
4872.59957,9.592,0.043
4875.60457,9.731,0.054
4881.57605,9.892,0.042
4883.64947,9.267,0.035
4892.56628,9.59,0.047
4904.5841,9.949,0.052
4919.52556,9.458,0.046
4935.48906,9.709,0.058
4938.48024,9.793,0.055
5040.92947,10.017,0.04
5049.90024,9.458,0.049
5071.91144,9.911,0.048
5084.85104,9.925,0.042
5087.86723,10.074,0.038
5098.80655,9.799,0.038
5111.80601,9.923,0.057
5118.75722,9.805,0.047
5144.77843,9.959,0.04
5147.84375,9.5,0.04
5155.84488,9.912,0.047
5161.81139,9.959,0.058
5164.65967,9.899,0.044
5167.70403,9.989,0.058
