1868.69488,10.901,0.031
1869.68235,10.486,0.031
1870.6901,9.991,0.035
1871.69849,10.972,0.031
1872.68996,10.775,0.032
1873.68266,10.209,0.032
1874.67888,11.028,0.032
1875.68122,10.94,0.029
1876.68003,10.563,0.03
1877.67871,9.859,0.024
1878.67747,10.975,0.023
1879.67343,10.807,0.028
1880.66536,10.234,0.025
1881.66187,11.047,0.028
1884.64097,10.108,0.03
1885.6581,10.965,0.029
1886.65919,10.811,0.03
1887.65266,10.255,0.03
1888.6499,11.076,0.031
1899.62566,10.95,0.029
1900.64381,10.891,0.03
1902.6171,11.072,0.029
1903.63777,10.953,0.029
1904.61334,10.605,0.029
1905.62759,9.988,0.027
1907.62761,10.906,0.029
1908.61772,10.411,0.027
1913.59199,10.946,0.029
1914.61234,10.903,0.028
1918.56526,10.622,0.03
1919.59924,10.105,0.03
1921.56609,10.89,0.029
1923.56927,10.928,0.029
1925.57041,10.698,0.034
1929.57086,10.475,0.027
1931.55941,10.981,0.031
1933.55827,10.124,0.028
1936.56227,10.526,0.027
1938.63008,10.988,0.028
1941.55947,11.066,0.029
1946.55321,10.844,0.028
1949.55015,10.931,0.029
1953.52407,10.796,0.03
1955.56915,10.436,0.036
1964.57691,10.849,0.031
1967.52108,10.909,0.03
1979.51253,10.221,0.037
1995.51007,10.969,0.047
1998.50719,10.968,0.049
2011.47127,10.135,0.045
2088.9401,10.594,0.032
2094.92948,10.912,0.037
2096.9343,10.007,0.039
2103.92472,10.075,0.036
2105.91881,10.903,0.034
2114.90419,10.186,0.043
2128.88167,9.873,0.033
2129.8818,10.961,0.035
2130.91317,10.901,0.033
2131.88587,10.339,0.033
2132.91779,10.527,0.032
2134.85533,10.557,0.035
2136.85739,10.966,0.033
2140.86402,10.933,0.039
2143.86668,10.919,0.039
2144.84415,11.39,0.034
2156.84301,10.124,0.029
2166.85134,10.59,0.025
2168.79504,10.958,0.028
2170.86057,10.351,0.034
2172.79452,10.916,0.025
2173.87234,10.704,0.024
2177.79783,10.245,0.038
2183.77297,10.758,0.026
2185.77708,11.033,0.029
2186.84488,10.946,0.049
2189.80564,10.932,0.031
2190.79689,10.866,0.025
2191.80578,10.435,0.027
2192.79397,10.908,0.026
2193.84142,10.964,0.025
2194.81114,10.721,0.026
2197.74285,10.817,0.025
2198.76923,10.374,0.025
2200.80943,10.956,0.026
2202.7083,10.081,0.025
2203.76134,10.957,0.028
2206.7909,9.857,0.025
2208.74016,10.645,0.031
2212.67387,10.183,0.032
2212.69608,10.294,0.038
2213.71521,11.01,0.028
2214.71742,10.917,0.029
2215.72173,10.658,0.028
2216.72858,10.09,0.03
2217.73056,10.953,0.031
2219.7244,10.464,0.033
2221.7536,10.963,0.029
2222.7472,10.803,0.03
2224.70715,10.959,0.029
2225.73292,10.918,0.028
2226.71971,10.523,0.031
2227.71924,9.902,0.03
2228.70805,10.988,0.03
2229.70793,10.778,0.03
2230.70365,10.195,0.028
2232.69446,10.899,0.028
2233.69897,10.549,0.029
2234.69265,9.951,0.032
2235.68224,10.931,0.028
2236.68848,10.767,0.032
2237.68979,10.25,0.032
2239.67375,10.91,0.034
2240.68327,10.537,0.036
2241.6845,9.838,0.031
2242.66837,10.925,0.034
2243.67531,10.826,0.036
2244.68439,10.302,0.038
2247.67279,10.614,0.035
2248.67694,9.914,0.037
2249.67617,10.913,0.036
2250.66991,10.856,0.033
2251.66874,10.328,0.034
2253.65699,10.944,0.034
2254.65981,10.597,0.033
2255.65731,9.937,0.033
2256.65619,10.975,0.034
2257.65229,10.847,0.04
2258.65382,10.381,0.036
2260.64594,10.939,0.037
2261.64369,10.629,0.037
2262.64262,9.958,0.041
2264.63368,10.877,0.038
2265.63267,10.349,0.044
2269.64193,10.091,0.043
2470.9285,10.485,0.031
2497.86191,10.996,0.037
2499.86212,9.879,0.033
2501.90834,10.91,0.036
2503.86571,11.117,0.039
2519.84786,10.716,0.029
2540.86708,10.903,0.03
2549.81758,10.957,0.045
2556.78623,11.031,0.047
2559.84365,10.292,0.027
2561.74237,10.785,0.029
2564.72714,10.921,0.032
2565.83053,10.808,0.037
2574.72674,10.923,0.041
2577.85784,10.23,0.033
2621.67422,10.881,0.028
2623.61003,10.993,0.029
2624.74796,10.968,0.03
2627.74492,10.827,0.03
2629.75937,10.761,0.031
2634.72256,10.831,0.033
2636.74652,10.757,0.032
2638.73555,11.026,0.031
2640.73351,10.527,0.029
2644.72715,10.211,0.029
2646.70649,10.904,0.031
2649.69588,10.947,0.028
2651.66328,9.991,0.032
2653.65869,10.876,0.029
2655.68972,9.929,0.029
2658.6726,10.205,0.031
2660.67237,10.937,0.032
2662.66924,9.904,0.028
2664.66046,10.785,0.028
2666.65787,11.085,0.03
2668.6635,10.602,0.027
2670.65659,10.979,0.036
2672.65717,10.322,0.029
2674.64487,10.958,0.029
2678.61636,10.801,0.029
2680.61899,11.03,0.036
2684.62732,10.961,0.029
2686.6435,10.474,0.034
2688.63421,10.944,0.031
2690.63302,10.077,0.029
2692.62774,10.888,0.036
2694.62841,10.39,0.03
2696.62442,10.719,0.029
2698.6214,10.99,0.031
2700.62091,10.494,0.027
2702.61178,10.956,0.031
2704.59898,10.125,0.029
2706.58074,10.95,0.036
2710.55178,10.636,0.03
2712.56311,10.959,0.03
2717.57623,10.785,0.032
2720.56037,10.928,0.026
2722.55726,9.96,0.029
2724.55534,10.8,0.032
2726.55364,11.043,0.028
2728.54481,10.583,0.029
2730.54074,10.971,0.03
2734.52575,10.926,0.029
2736.5105,10.016,0.027
2740.5019,11.036,0.03
2742.50687,10.545,0.028
2744.51815,10.905,0.031
2752.47169,10.776,0.028
2755.47415,10.925,0.029
2758.46303,10.888,0.047
2761.45983,11.103,0.031
2763.46514,10.634,0.029
2831.92964,10.039,0.025
2854.87649,10.93,0.027
2858.91606,10.909,0.027
2861.87992,10.933,0.028
2867.8597,11.05,0.029
2876.82681,10.572,0.027
2879.88951,10.908,0.042
2884.81873,9.88,0.035
2886.86776,10.926,0.029
2893.78697,10.829,0.031
2895.83434,10.064,0.03
2897.86117,10.871,0.031
2900.80095,10.91,0.033
2905.80763,10.204,0.029
2908.83913,10.665,0.029
2911.78392,10.757,0.029
2915.82966,10.71,0.031
2921.85057,10.975,0.039
2923.80657,10.067,0.03
2928.83844,10.928,0.03
2931.76612,10.936,0.032
2933.78901,10.495,0.03
2935.78268,10.959,0.029
2939.76999,10.92,0.029
2943.71162,10.611,0.029
2945.71163,10.94,0.041
2947.73914,10.472,0.03
2949.74878,10.963,0.029
2951.74748,10.218,0.028
2953.75935,10.88,0.042
2954.80137,10.752,0.039
2955.80529,10.171,0.029
2958.68608,10.029,0.028
2965.67525,10.069,0.028
2973.64571,10.959,0.029
2975.67872,10.649,0.029
2976.70224,9.94,0.033
2977.68584,10.969,0.031
2979.6968,10.504,0.039
2981.71512,10.957,0.03
2983.75829,10.372,0.031
2986.6212,10.137,0.042
2988.69587,10.948,0.028
2993.60491,10.188,0.028
2995.65515,10.939,0.028
2997.67886,10.214,0.037
2998.66677,11.009,0.031
3000.67266,10.539,0.029
3006.67244,10.947,0.03
3010.69371,10.886,0.031
3012.72405,9.883,0.038
3017.74676,10.931,0.03
3031.63084,10.942,0.029
3033.64731,9.983,0.029
3035.63659,10.792,0.031
3039.65261,10.594,0.03
3042.64902,10.829,0.031
3044.67292,10.573,0.029
3047.6103,9.874,0.03
3050.58891,10.162,0.032
3053.58836,10.525,0.035
3055.63687,10.94,0.039
3057.63451,10.466,0.031
3060.56539,10.538,0.031
3062.58217,10.947,0.03
3064.62293,10.493,0.029
3068.54633,9.868,0.03
3070.57933,10.883,0.03
3072.61798,9.864,0.033
3075.5705,10.065,0.03
3077.58589,10.931,0.029
3082.5869,10.259,0.035
3087.50339,10.943,0.03
3089.53914,10.118,0.032
3091.55958,10.968,0.038
3097.52892,11.022,0.031
3102.50859,10.776,0.029
3104.52366,11.043,0.03
3107.50767,9.864,0.029
3110.48674,10.209,0.028
3113.47736,10.545,0.028
3116.47908,10.843,0.035
3124.47253,10.341,0.029
3128.45952,9.932,0.031
3268.83379,10.82,0.03
3270.85675,10.854,0.034
3273.82763,9.955,0.043
3276.83818,10.434,0.036
3279.80835,10.632,0.032
3291.86137,9.949,0.031
3295.75488,10.986,0.029
3298.81397,9.86,0.03
3356.6741,10.893,0.035
3363.66819,10.955,0.038
3366.74315,10.897,0.036
3383.59963,10.969,0.039
3385.67524,10.711,0.027
3387.68014,11.349,0.029
3387.70402,11.064,0.031
3389.71676,10.631,0.026
3392.6847,10.824,0.031
3392.68779,10.924,0.039
3395.62945,10.891,0.032
3395.6604,10.871,0.032
3397.66817,9.843,0.031
3397.71392,10.096,0.031
3400.60262,9.929,0.042
3403.58453,10.39,0.042
3409.64268,10.963,0.033
3411.67914,10.133,0.035
3414.53683,9.834,0.04
3420.57501,10.691,0.04
3424.62441,10.705,0.037
3426.62201,10.958,0.034
3428.6309,10.495,0.032
3432.62613,10.208,0.043
3434.6245,10.944,0.035
3437.61554,11.226,0.031
3440.6076,11.083,0.032
3444.52329,10.965,0.039
3446.54086,9.961,0.035
3458.49945,10.96,0.03
3460.51305,10.066,0.03
3462.5412,10.923,0.046
3465.50262,10.977,0.029
3469.49269,10.935,0.029
3471.52182,9.863,0.041
3474.48467,10.184,0.029
3477.48902,10.531,0.046
3481.48522,10.289,0.031
3492.46264,9.876,0.035
3572.93137,10.79,0.03
3573.9245,10.179,0.03
3576.91354,10.51,0.03
3585.91584,10.918,0.032
3585.92884,10.907,0.026
3590.89246,10.583,0.03
3590.89806,10.622,0.025
3601.86611,10.327,0.03
3601.88039,10.419,0.025
3618.87099,10.844,0.038
3618.88231,10.817,0.029
3622.84836,10.537,0.029
3622.85517,10.531,0.024
3626.82758,10.209,0.048
3629.84206,10.577,0.031
3630.80475,10.481,0.026
3633.82103,10.221,0.03
3634.81951,11.105,0.028
3636.85614,10.687,0.034
3638.84931,10.923,0.024
3639.85799,10.904,0.029
3641.82364,11.038,0.024
3644.84113,10.085,0.036
3647.8282,10.449,0.027
3650.79568,10.629,0.029
3651.79556,9.918,0.027
3653.78757,11.054,0.035
3655.82064,10.175,0.031
3657.84364,10.825,0.035
3659.83969,11.059,0.025
3663.76678,10.951,0.031
3666.76275,10.94,0.032
3669.76492,10.477,0.022
3670.70919,10.956,0.028
3673.73517,10.929,0.027
3675.73607,10.416,0.023
3676.73154,10.804,0.032
3680.75135,11.063,0.027
3701.67471,11.023,0.035
3703.82171,10.904,0.03
3706.67134,10.778,0.033
3711.72827,10.142,0.029
3713.70135,10.909,0.032
3716.61755,10.903,0.03
3716.77137,10.967,0.025
3718.66568,9.933,0.038
3720.75434,10.92,0.038
3726.62749,10.968,0.038
3728.67763,10.533,0.035
3731.79877,10.949,0.038
3732.78043,10.644,0.031
3734.676,10.96,0.042
3737.65,10.949,0.039
3739.67188,10.341,0.041
3741.71479,10.957,0.031
3744.65114,10.994,0.037
3746.75333,10.652,0.045
3749.66729,10.688,0.034
3752.6579,10.947,0.045
3754.70276,9.888,0.045
3757.6017,9.868,0.032
3759.66516,10.928,0.043
3764.67653,10.338,0.042
3769.6686,10.944,0.044
3772.56694,10.953,0.043
3774.65811,10.641,0.038
3788.62851,10.688,0.041
3794.55651,10.922,0.037
3796.6125,10.126,0.035
3799.54824,10.269,0.034
3801.60178,10.985,0.037
3804.53962,10.953,0.033
3806.55371,10.362,0.031
3809.57692,10.771,0.035
3811.58707,11.064,0.035
3814.5237,11.09,0.042
3816.57586,10.795,0.037
3819.52199,11.035,0.034
3822.51315,10.917,0.032
3827.51261,10.448,0.043
3830.5052,10.743,0.034
3832.53263,11.052,0.033
3835.50115,10.041,0.035
3837.51252,10.872,0.036
3850.46733,11.005,0.043
3853.47017,11.047,0.03
3858.46666,10.877,0.038
4089.66075,10.035,0.029
4091.75139,10.93,0.036
4104.65328,10.993,0.033
4106.69583,10.697,0.041
4109.71171,10.888,0.037
4125.62855,10.873,0.032
4127.62813,10.684,0.033
4129.62855,10.951,0.032
4131.66006,10.587,0.031
4133.68137,10.975,0.035
4135.69505,10.455,0.034
4137.69669,10.941,0.036
4140.57654,10.926,0.034
4142.64044,10.343,0.03
4144.66828,10.986,0.039
4147.5713,10.973,0.032
4147.63818,10.893,0.031
4150.64516,10.45,0.048
4152.6504,10.761,0.03
4157.60612,10.933,0.037
4163.6289,10.641,0.042
4172.5781,10.921,0.035
4174.59,10.261,0.044
4179.52142,10.966,0.031
4182.52778,10.949,0.041
4184.55888,10.53,0.031
4189.52133,10.982,0.027
4191.54084,10.559,0.043
4196.51578,11.039,0.043
4205.50761,10.573,0.049
4298.92784,10.357,0.042
4302.92149,11.01,0.034
4306.90687,10.948,0.023
4310.92351,10.944,0.026
4314.92985,10.89,0.034
4330.91355,10.2,0.026
4333.90788,10.188,0.032
4338.89103,10.974,0.026
4344.8951,9.927,0.046
4348.85168,10.96,0.03
4348.85669,10.986,0.028
4353.8565,10.806,0.022
4357.85668,10.591,0.029
4361.85765,10.358,0.026
4364.78617,10.46,0.026
4367.85413,10.874,0.026
4373.82489,10.908,0.03
4376.82099,10.979,0.029
4376.83883,10.529,0.026
4379.80192,9.936,0.03
4379.80896,9.966,0.022
4382.80093,10.392,0.023
4385.78855,10.648,0.037
4385.79404,10.637,0.025
4388.77773,10.893,0.025
4399.81189,10.831,0.036
4400.71849,9.859,0.042
4403.75511,10.456,0.029
4403.80849,10.617,0.025
4407.78658,10.361,0.035
4407.79208,10.359,0.029
4410.72612,10.446,0.039
4413.76815,10.811,0.026
4423.67947,10.889,0.041
4426.75996,10.924,0.044
4427.71635,10.78,0.026
4428.78239,10.526,0.034
4429.82302,10.002,0.029
4431.66517,10.463,0.032
4433.75347,10.995,0.034
4436.66918,11.016,0.029
4438.77148,10.797,0.04
4439.78391,10.392,0.032
4441.66178,10.803,0.033
4444.68331,10.942,0.037
4452.68735,10.722,0.034
4457.67254,10.256,0.04
4459.79137,10.913,0.04
4462.68808,10.931,0.031
4464.78064,10.358,0.041
4469.74016,10.943,0.039
4470.7675,10.858,0.035
4473.67063,10.899,0.039
4476.66315,10.985,0.043
4478.71691,10.271,0.038
4484.74381,10.944,0.048
4487.58205,10.723,0.036
4489.61992,11.017,0.032
4491.66733,10.806,0.032
4493.69801,10.927,0.032
4497.58994,10.899,0.029
4499.67122,10.34,0.038
4503.67924,10.025,0.032
4504.67543,10.932,0.039
4507.57722,10.932,0.043
4509.66012,10.679,0.036
4512.56877,10.694,0.043
4516.56825,10.53,0.043
4518.628,10.955,0.031
4520.64005,10.518,0.037
4522.63258,10.938,0.037
4525.55867,11.025,0.034
4527.59226,10.412,0.037
4530.56491,10.616,0.036
4533.54532,10.811,0.032
4536.58955,10.953,0.033
4539.52059,11.023,0.039
4541.56301,10.45,0.029
4543.57241,10.924,0.033
4546.53489,10.95,0.036
4548.54084,10.468,0.032
4551.53786,10.761,0.036
4554.52046,10.939,0.033
4556.53943,9.929,0.042
4559.51182,10.111,0.032
4562.49542,10.445,0.034
4565.48099,10.685,0.032
4568.49988,10.968,0.031
4571.50117,10.962,0.032
4574.48756,11.024,0.033
4583.47352,10.636,0.035
4593.45698,10.841,0.041
4665.93102,10.19,0.033
4671.93557,10.85,0.025
4686.90014,10.32,0.031
4690.89087,9.918,0.028
4694.89362,10.843,0.027
4698.8823,10.995,0.028
4702.8662,10.941,0.025
4721.81337,10.433,0.027
4725.86236,10.336,0.027
4728.86749,10.675,0.027
4731.85132,10.893,0.033
4733.88101,10.07,0.024
4740.79861,11.05,0.026
4743.81668,9.978,0.026
4749.82457,10.738,0.037
4752.78586,10.891,0.026
4755.7665,10.925,0.033
4755.77579,10.906,0.027
4758.77573,10.914,0.028
4761.76812,10.781,0.025
4764.75733,10.024,0.026
4767.74949,10.403,0.024
4770.73989,10.687,0.025
4773.72687,10.882,0.028
4773.73064,10.882,0.023
4775.81453,10.088,0.024
4778.71595,10.053,0.033
4778.71902,10.074,0.024
4782.72271,10.109,0.038
4782.72643,10.044,0.028
4786.7073,11.015,0.03
4786.71297,10.982,0.028
4792.67077,10.039,0.029
4794.78452,10.945,0.034
4797.81467,10.88,0.04
4803.64056,10.636,0.033
4803.65194,10.305,0.026
4805.70416,10.893,0.03
4805.75114,10.922,0.024
4807.72265,10.217,0.031
4809.78045,10.874,0.036
4813.70308,10.52,0.03
4814.8041,10.231,0.039
4816.65102,10.654,0.029
4818.61818,11.009,0.031
4819.68372,10.921,0.026
4820.74351,10.655,0.037
4823.69245,10.771,0.038
4824.80716,10.65,0.03
4826.66543,10.965,0.044
4828.75981,10.222,0.036
4831.64303,10.122,0.036
4833.71601,10.944,0.04
4835.7842,10.412,0.037
4838.63239,10.186,0.04
4843.63176,10.98,0.039
4846.62843,11.024,0.033
4848.6764,10.742,0.038
4850.7457,10.353,0.041
4853.68249,9.88,0.046
4856.65177,10.147,0.043
4859.66023,10.605,0.037
4861.69498,10.972,0.034
4865.59007,10.885,0.049
4868.61176,10.964,0.043
4871.60099,10.942,0.043
4876.661,10.894,0.042
4879.60432,10.981,0.036
4881.65113,10.131,0.034
4884.6092,10.354,0.037
4887.61253,10.702,0.047
4893.56822,10.958,0.043
4905.55664,10.393,0.045
4919.50024,10.359,0.04
4936.49687,10.773,0.046
5040.92947,9.872,0.033
5049.90024,10.831,0.037
5066.92195,10.968,0.039
5071.91144,10.583,0.036
5084.85104,10.948,0.039
5087.86723,10.932,0.032
5098.80655,10.935,0.032
5111.80601,10.944,0.043
5118.75722,11.069,0.04
5132.73886,10.938,0.041
5143.84649,9.866,0.04
5144.77843,10.916,0.032
5147.71521,10.952,0.043
5155.73955,10.874,0.039
5155.84488,10.922,0.039
5164.65662,10.967,0.039
