1868.68917,12.497,0.075
1869.67663,12.611,0.06
1871.69045,12.79,0.074
1872.68421,12.746,0.073
1873.68817,12.916,0.066
1874.68446,12.902,0.061
1875.67543,13.017,0.054
1876.67423,12.995,0.059
1877.67913,13.066,0.055
1878.6665,13.17,0.051
1879.66762,13.172,0.043
1880.65447,13.131,0.054
1881.6674,13.195,0.048
1885.66362,13.22,0.044
1886.6579,13.309,0.047
1887.64684,13.236,0.053
1888.65306,13.066,0.058
1889.65423,12.845,0.047
1899.63121,12.907,0.052
1900.6449,13.019,0.041
1902.60917,13.26,0.045
1903.63895,13.156,0.048
1904.61676,13.168,0.049
1905.62876,13.185,0.042
1906.61941,13.223,0.049
1907.62892,13.129,0.041
1908.61896,13.21,0.041
1913.59114,12.941,0.038
1914.61153,12.684,0.038
1915.61298,12.579,0.043
1918.59168,12.625,0.042
1919.60829,12.733,0.047
1923.57102,12.958,0.047
1929.57285,13.183,0.039
1931.56151,13.202,0.039
1933.56046,13.341,0.039
1936.55398,13.224,0.037
1938.62192,12.732,0.039
1940.64113,12.574,0.043
1945.52658,12.871,0.04
1947.63928,12.932,0.047
1949.62768,13.076,0.047
1952.55964,13.205,0.056
1954.57929,13.042,0.046
1959.51204,13.282,0.041
1964.54227,12.631,0.035
1966.56257,12.667,0.039
1968.54552,12.719,0.039
1985.50083,13.039,0.043
1997.5006,12.954,0.063
2116.87777,12.972,0.06
2128.85591,13.28,0.061
2129.86515,13.228,0.066
2130.85513,13.066,0.073
2131.85235,12.886,0.068
2132.86828,12.721,0.074
2133.89307,12.549,0.055
2135.83753,12.572,0.066
2136.91815,12.681,0.052
2144.82649,13.091,0.071
2156.81358,12.796,0.072
2166.83267,12.983,0.051
2167.81047,13.001,0.066
2168.88952,13.113,0.054
2171.76205,13.22,0.051
2172.83166,13.203,0.053
2174.75379,13.183,0.053
2183.7555,12.568,0.058
2185.75946,12.655,0.054
2186.81758,12.767,0.044
2189.79915,13.014,0.057
2190.78317,12.924,0.048
2191.80594,12.931,0.052
2192.7873,13.117,0.056
2193.79568,13.178,0.052
2194.79487,13.234,0.048
2198.76896,13.343,0.047
2199.82848,13.102,0.054
2200.8091,13.126,0.044
2201.83576,13.258,0.054
2202.76813,13.11,0.05
2206.79021,12.6,0.041
2208.71653,12.626,0.048
2212.64739,12.886,0.054
2213.70512,12.928,0.048
2214.7074,13.057,0.049
2215.70917,12.94,0.053
2216.71847,13.083,0.054
2217.73163,12.991,0.052
2221.75709,13.344,0.048
2224.70797,13.276,0.046
2225.70628,13.396,0.048
2226.7069,13.043,0.046
2227.69946,12.905,0.047
2228.7065,12.801,0.047
2229.69503,12.591,0.046
2230.69297,12.666,0.049
2232.69505,12.614,0.043
2233.68823,12.723,0.047
2234.68187,12.728,0.052
2235.68278,12.779,0.043
2236.67767,12.781,0.051
2237.67895,12.744,0.055
2239.6742,13.028,0.048
2240.67239,13.111,0.056
2241.67361,13.063,0.048
2254.65798,12.515,0.054
2256.65438,12.537,0.058
2258.65206,12.53,0.065
2260.6442,12.826,0.06
2465.91531,13.192,0.044
2467.91664,13.12,0.034
2470.92024,12.921,0.036
2498.85384,12.639,0.042
2544.88113,12.642,0.05
2552.73376,12.892,0.046
2556.79583,13.118,0.049
2558.7448,13.228,0.043
2559.81832,13.276,0.054
2561.72619,13.322,0.043
2562.8748,13.231,0.072
2564.72256,13.214,0.064
2565.82593,13.363,0.059
2574.71682,12.743,0.059
2577.85047,13.023,0.055
2621.67296,12.69,0.041
2624.73953,12.991,0.044
2627.73914,12.976,0.04
2629.75363,13.186,0.043
2634.63933,13.363,0.042
2636.67733,13.224,0.039
2638.66641,13.286,0.041
2640.66441,12.97,0.042
2642.66228,12.586,0.04
2644.65819,12.613,0.041
2646.63758,12.637,0.042
2649.6318,12.854,0.042
2650.7799,12.935,0.042
2652.63495,13.051,0.041
2654.61727,13.136,0.041
2657.64829,13.289,0.039
2659.66004,13.28,0.043
2661.65722,13.274,0.05
2663.65603,13.063,0.039
2665.64884,12.921,0.041
2667.64828,12.653,0.043
2669.63777,12.737,0.045
2671.63683,12.776,0.044
2673.63136,12.84,0.044
2675.61914,12.911,0.044
2677.60092,13.043,0.044
2679.59112,13.111,0.041
2683.59098,13.213,0.044
2684.72844,13.095,0.042
2686.66342,13.285,0.049
2688.65148,13.108,0.043
2692.6475,12.621,0.056
2696.66428,12.847,0.04
2698.64281,12.905,0.042
2700.63539,13.069,0.04
2702.62759,13.274,0.049
2704.6149,13.244,0.04
2706.59684,13.268,0.049
2710.57081,13.305,0.041
2712.57729,13.043,0.04
2714.59897,12.687,0.042
2717.59822,12.713,0.044
2720.57505,12.834,0.04
2722.57207,12.922,0.041
2724.57021,13.127,0.042
2726.56863,13.074,0.044
2728.55993,13.192,0.041
2730.55598,13.447,0.039
2734.54121,13.218,0.047
2736.52606,13.237,0.041
2738.55309,12.816,0.044
2740.54846,12.515,0.048
2742.54992,12.74,0.043
2744.54628,12.717,0.04
2752.52779,13.119,0.038
2755.52575,13.261,0.046
2757.52269,13.189,0.039
2760.50242,13.208,0.042
2764.49274,12.569,0.043
2766.48024,12.616,0.042
2770.48152,12.884,0.045
2776.46962,13.183,0.047
2813.94338,12.575,0.044
2836.91227,12.67,0.036
2844.93595,13.064,0.037
2853.90759,13.036,0.044
2858.88499,13.106,0.037
2860.89027,12.632,0.035
2862.89038,12.631,0.043
2867.83981,12.945,0.042
2879.8453,13.293,0.039
2883.90421,12.896,0.04
2895.82256,13.057,0.04
2897.84911,13.192,0.04
2900.82052,13.213,0.047
2905.86441,13.326,0.036
2908.83566,12.77,0.04
2911.78032,12.73,0.039
2915.82583,12.843,0.04
2918.74124,13.372,0.046
2924.78446,13.243,0.042
2927.73465,13.212,0.037
2929.75669,13.479,0.039
2931.79562,12.997,0.037
2933.79104,12.606,0.041
2935.77097,12.64,0.037
2939.76502,12.837,0.039
2943.69895,12.991,0.039
2945.69952,13.134,0.046
2947.69037,13.302,0.042
2947.74796,13.116,0.042
2949.74315,13.273,0.05
2951.75397,13.206,0.04
2955.80688,12.961,0.039
2958.6976,12.58,0.039
2963.66756,12.819,0.041
2965.73422,12.89,0.048
2967.72993,12.899,0.04
2970.65421,13.288,0.042
2977.68704,13.363,0.044
2981.71636,12.562,0.043
2983.7598,12.683,0.038
2986.61511,12.715,0.038
2988.68979,12.848,0.039
2990.76582,12.974,0.039
2992.77851,13.138,0.04
2995.62404,13.267,0.041
2997.65284,13.341,0.04
3006.6552,12.554,0.044
3008.6707,12.704,0.04
3010.68817,12.726,0.041
3015.73775,13.154,0.043
3017.7415,13.214,0.039
3023.77966,13.159,0.041
3028.61372,12.951,0.038
3030.66005,12.61,0.041
3034.70012,12.694,0.042
3037.6119,12.922,0.038
3041.63734,13.134,0.041
3043.71398,13.377,0.04
3046.58995,13.304,0.038
3049.57743,13.244,0.038
3051.70684,13.402,0.051
3054.57997,12.621,0.039
3056.59443,12.642,0.051
3058.66071,12.748,0.038
3060.6842,12.673,0.04
3068.61698,13.177,0.041
3070.64723,13.253,0.041
3073.58633,13.264,0.038
3075.61795,13.45,0.042
3077.64589,13.166,0.068
3082.59865,12.899,0.042
3086.5999,12.91,0.042
3088.60566,13.076,0.041
3091.50595,13.152,0.042
3097.5487,13.154,0.041
3101.57114,12.864,0.041
3103.57792,12.666,0.04
3106.51964,12.676,0.039
3108.5327,12.815,0.041
3110.54051,12.899,0.038
3112.54856,12.973,0.039
3115.50027,13.174,0.04
3122.48334,13.309,0.039
3125.49589,12.961,0.045
3128.47824,12.6,0.04
3131.47291,12.616,0.039
3134.47321,12.914,0.04
3355.61416,13.044,0.057
3357.71071,13.103,0.053
3363.64448,13.12,0.065
3366.71684,13.348,0.071
3388.71026,13.279,0.051
3390.73862,13.278,0.054
3393.77257,12.725,0.066
3400.68684,12.786,0.054
3403.67444,13.123,0.043
3405.6852,13.151,0.043
3407.71934,13.254,0.052
3409.71462,13.277,0.049
3412.59242,13.253,0.043
3414.5982,13.319,0.04
3418.61735,12.524,0.061
3424.66249,12.823,0.061
3426.66003,13.053,0.05
3430.66898,13.095,0.046
3432.66824,13.352,0.053
3438.52916,13.238,0.042
3440.63516,12.989,0.043
3444.54038,12.605,0.048
3446.55699,12.738,0.041
3448.59288,12.847,0.061
3450.58429,12.852,0.05
3453.56677,12.993,0.047
3455.58472,13.151,0.053
3457.59964,13.196,0.042
3459.59733,13.191,0.046
3462.51098,13.362,0.043
3464.57984,13.163,0.042
3468.51988,12.594,0.055
3470.54425,12.68,0.047
3472.5624,12.846,0.07
3475.50636,12.995,0.054
3478.50816,13.467,0.045
3483.49794,13.097,0.05
3492.50778,12.619,0.048
3497.49017,12.768,0.046
3501.46334,13.036,0.047
3504.46692,13.36,0.05
3512.45451,13.229,0.048
3562.93598,12.934,0.067
3570.93544,12.871,0.042
3574.93561,13.059,0.045
3578.92152,13.174,0.052
3588.89899,12.537,0.059
3592.87241,12.772,0.055
3596.92908,13.045,0.054
3601.84344,13.078,0.061
3618.84629,12.902,0.052
3621.86921,13.243,0.058
3625.87662,13.312,0.046
3629.81325,13.201,0.051
3631.71135,13.157,0.047
3631.74322,13.313,0.044
3631.77502,13.176,0.053
3631.8049,13.123,0.052
3631.8333,13.588,0.047
3631.86615,13.329,0.044
3631.89704,13.436,0.041
3633.80333,13.24,0.048
3636.83217,12.729,0.05
3639.84832,12.628,0.054
3642.83372,12.737,0.059
3646.83775,13.139,0.045
3652.79506,13.179,0.054
3655.74346,13.172,0.055
3657.83197,13.2,0.045
3663.77046,12.643,0.05
3666.75685,12.76,0.044
3670.70235,13.013,0.047
3672.80065,13.126,0.046
3675.72926,13.16,0.056
3680.74153,13.301,0.048
3701.66784,13.388,0.049
3703.81558,13.29,0.044
3706.66441,13.191,0.049
3711.71208,12.665,0.042
3713.68437,12.688,0.043
3715.76627,12.764,0.062
3718.63108,12.891,0.047
3720.72076,13.048,0.047
3722.78097,13.283,0.053
3728.59469,13.336,0.052
3731.63205,13.185,0.056
3734.65291,12.585,0.047
3736.76957,12.715,0.05
3739.58643,12.825,0.052
3741.6862,12.936,0.056
3744.63263,12.999,0.051
3746.71976,13.043,0.06
3748.78949,13.152,0.047
3753.75701,13.292,0.048
3756.61482,12.935,0.046
3758.68378,12.613,0.05
3760.76078,12.617,0.046
3763.63232,12.816,0.046
3765.72527,12.842,0.044
3768.61772,13.216,0.046
3770.68839,13.372,0.06
3772.74849,13.309,0.049
3775.56775,13.168,0.05
3779.66123,13.109,0.046
3783.58172,12.496,0.048
3787.58259,12.943,0.053
3789.63841,12.81,0.045
3794.60992,13.273,0.051
3796.63877,13.272,0.043
3798.6789,13.411,0.051
3800.66897,13.274,0.052
3803.61235,13.122,0.05
3805.63605,12.794,0.073
3809.54334,12.714,0.045
3811.57258,12.757,0.041
3813.59665,12.789,0.048
3815.63005,13.169,0.066
3818.52943,13.165,0.044
3820.56888,13.053,0.048
3823.52405,13.259,0.054
3825.55681,13.379,0.045
3827.57807,13.168,0.069
3832.54236,12.566,0.044
3834.55144,12.683,0.041
3836.5557,12.846,0.053
3851.48575,13.043,0.046
3853.49709,12.91,0.037
3858.50907,12.609,0.059
3862.47397,12.93,0.044
3865.46814,13.029,0.052
3868.47544,13.125,0.045
3871.47297,13.188,0.05
3876.45678,13.109,0.047
4090.64928,13.289,0.05
4103.66182,12.869,0.052
4105.72956,12.975,0.055
4107.70811,13.119,0.044
4126.66707,12.781,0.044
4128.68979,12.85,0.046
4130.6804,12.904,0.05
4132.68203,12.996,0.054
4134.71931,13.027,0.042
4137.57319,13.146,0.045
4139.58726,13.273,0.049
4145.69949,12.614,0.064
4149.63486,12.841,0.047
4151.63842,12.859,0.045
4153.64648,12.871,0.066
4158.57598,13.103,0.058
4160.60761,13.326,0.05
4162.60517,13.228,0.048
4174.63656,12.654,0.068
4177.61641,12.965,0.064
4180.57193,13.1,0.059
4182.60439,13.211,0.051
4193.53549,12.897,0.049
4202.53818,12.91,0.072
4205.51815,13.149,0.045
4216.49262,13.092,0.048
4227.49547,12.907,0.04
4230.46803,13.194,0.049
4233.47428,13.172,0.039
4236.47137,13.388,0.054
4285.93278,13.094,0.07
4292.91695,12.588,0.042
4303.92886,13.268,0.048
4306.91661,13.173,0.044
4310.90002,13.186,0.039
4314.91649,12.852,0.043
4330.85407,13.324,0.064
4333.85329,13.275,0.043
4338.86033,12.93,0.042
4341.83151,12.568,0.055
4344.85003,12.813,0.055
4351.82411,13.37,0.046
4355.81496,13.264,0.038
4362.81652,12.95,0.037
4364.87068,12.676,0.037
4367.85893,12.75,0.046
4373.81674,12.93,0.047
4376.81612,13.137,0.043
4379.8129,13.247,0.042
4382.81135,13.342,0.041
4385.78322,13.034,0.039
4388.76402,12.705,0.042
4398.81887,12.959,0.042
4402.75587,13.239,0.041
4406.75558,13.265,0.047
4409.72551,13.184,0.046
4418.8593,12.801,0.063
4421.75027,13.027,0.052
4424.80848,13.162,0.056
4427.73915,13.288,0.043
4430.66608,13.228,0.046
4432.72157,13.351,0.042
4435.64671,12.889,0.042
4453.66747,13.165,0.044
4455.75535,13.231,0.043
4458.65829,13.262,0.043
4460.76571,12.765,0.043
4463.62836,12.644,0.061
4465.71388,12.794,0.05
4468.67705,12.769,0.05
4474.66098,13.306,0.043
4477.61384,13.267,0.076
4479.69923,13.188,0.042
4482.66557,13.031,0.052
4485.6612,12.589,0.052
4487.70002,12.597,0.042
4489.74444,12.712,0.04
4492.59833,12.957,0.064
4494.62909,12.989,0.048
4498.62439,13.372,0.044
4505.69806,13.312,0.042
4508.60332,12.865,0.047
4510.62038,12.667,0.048
4516.60328,12.846,0.043
4518.65287,13.059,0.039
4520.67756,12.961,0.041
4522.66989,13.175,0.043
4524.68751,13.202,0.041
4527.57634,13.211,0.041
4529.62033,13.222,0.045
4532.58429,12.926,0.049
4535.65022,12.647,0.049
4538.54827,12.766,0.04
4540.56496,12.842,0.044
4542.57798,12.974,0.042
4546.59862,13.035,0.052
4548.59604,13.562,0.047
4551.58877,13.289,0.048
4554.54733,13.347,0.046
4556.56679,12.881,0.047
4558.57453,12.451,0.049
4561.55586,12.649,0.045
4563.57711,12.775,0.043
4566.52349,13.033,0.051
4568.55982,13.114,0.049
4571.51404,13.258,0.042
4574.50042,13.301,0.042
4576.53214,13.404,0.055
4586.48157,12.76,0.038
4589.49298,12.859,0.046
4592.48335,13.035,0.044
4595.46898,13.122,0.041
4597.48032,13.061,0.04
4602.46074,13.142,0.049
4646.93702,13.517,0.058
4651.9373,13.301,0.043
4663.93974,12.927,0.045
4676.91537,13.115,0.04
4681.91149,12.646,0.046
4685.88907,12.873,0.048
4691.88967,13.153,0.042
4696.91585,13.312,0.039
4700.85401,13.115,0.046
4703.89102,12.676,0.053
4707.89103,12.806,0.053
4720.89124,13.371,0.051
4724.88106,13.052,0.045
4728.8172,12.599,0.04
4731.83532,12.919,0.049
4738.88404,12.915,0.041
4741.83428,13.092,0.04
4747.79929,13.296,0.049
4750.81603,12.952,0.044
4753.78129,12.479,0.042
4756.77203,12.722,0.057
4759.77026,12.799,0.041
4762.75791,13.022,0.041
4765.74815,13.17,0.042
4768.73724,13.257,0.04
4770.79894,13.318,0.042
4773.73665,13.158,0.045
4776.71504,12.643,0.042
4782.72604,12.76,0.048
4786.70057,12.987,0.04
4792.68471,13.3,0.045
4794.80952,13.296,0.049
4803.65359,12.652,0.052
4805.756,12.733,0.038
4808.62249,12.865,0.047
4810.68351,12.998,0.042
4813.70556,13.366,0.04
4819.67389,13.194,0.041
4822.64863,13.102,0.057
4824.74959,12.743,0.041
4827.67913,12.657,0.048
4829.75288,12.769,0.046
4837.61851,13.194,0.043
4839.65381,13.288,0.045
4843.78962,13.158,0.053
4846.74697,13.034,0.065
4849.63769,12.703,0.055
4863.62798,13.233,0.048
4868.72831,13.289,0.043
4871.60799,12.986,0.054
4876.66487,12.578,0.06
4879.60849,12.794,0.043
4881.65622,12.961,0.059
4884.6136,12.978,0.045
4892.65096,13.375,0.057
4917.53123,13.261,0.054
4920.55065,12.949,0.051
5021.92974,12.685,0.053
5048.88792,12.744,0.05
5086.85946,13.13,0.044
5093.84281,12.702,0.062
5098.79267,12.883,0.045
5104.87631,13.23,0.057
5113.7984,13.2,0.051
5131.80339,13.17,0.045
5135.80612,13.289,0.048
5157.67777,13.35,0.047
5165.72771,12.722,0.052
