1868.69488,7.994,0.034
1868.71265,7.989,0.04
1869.68235,8.172,0.034
1870.6901,8.107,0.039
1870.71247,8.219,0.045
1871.69849,8.093,0.035
1871.70961,8.103,0.047
1872.68996,8.125,0.036
1872.70784,8.127,0.042
1873.68266,8.146,0.034
1873.70984,8.154,0.04
1874.67888,8.257,0.035
1874.69459,8.192,0.04
1875.68122,8.249,0.034
1875.6969,8.275,0.042
1876.68003,8.266,0.033
1876.69796,8.262,0.041
1877.67596,8.298,0.031
1878.67231,8.341,0.03
1878.68587,8.335,0.036
1879.67343,8.38,0.029
1879.69143,8.377,0.037
1880.66536,8.419,0.03
1880.6833,8.393,0.032
1881.66187,8.443,0.031
1884.64097,8.557,0.034
1884.66374,8.565,0.039
1885.6581,8.595,0.03
1885.67395,8.593,0.034
1886.65919,8.63,0.03
1886.67761,8.625,0.037
1887.65266,8.654,0.034
1887.67066,8.649,0.039
1888.6499,8.695,0.036
1888.67009,8.682,0.04
1889.65092,8.726,0.034
1889.66456,8.722,0.039
1899.62566,9.026,0.032
1899.64607,9.028,0.037
1900.64381,9.062,0.03
1900.65302,9.063,0.034
1902.6171,9.127,0.029
1902.63296,9.122,0.037
1903.63777,9.166,0.03
1903.64478,9.149,0.037
1904.61334,9.187,0.03
1905.62759,9.22,0.03
1905.6435,9.211,0.037
1906.63417,9.245,0.036
1907.62761,9.284,0.03
1907.63471,9.28,0.034
1908.61772,9.309,0.03
1908.63147,9.319,0.035
1913.59199,9.469,0.031
1913.60812,9.47,0.037
1914.61234,9.483,0.03
1914.6172,9.484,0.035
1915.6209,9.52,0.037
1918.56526,9.6,0.032
1918.59728,9.61,0.037
1919.59924,9.65,0.034
1919.61608,9.625,0.038
1920.618,9.667,0.038
1921.56609,9.695,0.029
1921.61311,9.713,0.036
1922.61204,9.728,0.033
1923.56927,9.762,0.029
1923.60819,9.759,0.035
1925.57041,9.813,0.036
1925.57764,9.832,0.037
1926.60021,9.844,0.036
1928.57674,9.916,0.034
1929.57086,9.929,0.028
1930.57355,10.38,0.033
1931.55941,9.998,0.031
1931.60134,9.999,0.041
1933.55827,10.056,0.028
1933.5678,10.064,0.032
1936.55975,10.157,0.034
1936.56227,10.153,0.028
1938.57347,10.218,0.034
1938.63008,10.214,0.03
1940.6406,10.263,0.033
1941.55947,10.313,0.03
1945.54423,10.422,0.035
1946.55321,10.488,0.03
1948.53622,10.515,0.035
1949.55015,10.538,0.031
1950.56863,10.565,0.035
1953.52407,10.656,0.028
1953.54523,10.656,0.032
1955.54688,10.705,0.035
1955.56915,10.737,0.031
1959.52267,10.841,0.033
1964.55247,10.974,0.031
1964.57691,10.983,0.027
1966.57494,11.011,0.032
1967.52108,11.074,0.029
1968.56007,11.036,0.035
1978.59763,11.368,0.04
1979.51253,11.37,0.038
1982.50116,11.522,0.033
1985.54362,11.57,0.039
1995.48757,11.938,0.047
1995.51007,11.88,0.042
1998.48968,11.969,0.05
1998.50719,12.015,0.05
2011.47127,12.172,0.051
2088.9401,12.233,0.036
2104.92214,11.732,0.044
2105.91881,11.776,0.036
2106.93235,11.745,0.043
2114.90419,11.452,0.049
2114.93122,11.553,0.049
2116.93022,11.421,0.041
2128.90173,11.178,0.041
2129.8818,11.135,0.037
2130.86918,11.121,0.041
2130.91317,11.113,0.035
2131.88587,11.078,0.036
2132.87057,11.134,0.042
2132.91779,11.094,0.036
2133.93432,11.066,0.04
2134.85533,11.093,0.038
2135.8755,11.03,0.047
2136.85739,11.02,0.035
2140.86402,11.038,0.048
2143.86668,10.953,0.046
2144.84415,10.983,0.037
2156.84301,10.796,0.035
2156.85813,10.765,0.037
2166.85134,10.392,0.028
2166.86647,10.363,0.031
2168.79504,10.317,0.031
2168.81508,10.311,0.032
2170.86057,10.208,0.04
2171.81068,10.176,0.039
2172.79452,10.134,0.028
2172.86618,10.104,0.03
2173.87234,10.053,0.029
2177.79783,9.835,0.041
2183.77297,9.595,0.029
2183.79732,9.577,0.032
2185.77708,9.492,0.031
2185.80613,9.481,0.033
2186.84488,9.448,0.05
2186.86245,9.425,0.033
2188.83288,9.319,0.03
2189.80564,9.318,0.028
2190.7641,9.261,0.031
2190.79689,9.283,0.028
2191.80578,9.213,0.029
2191.85857,9.21,0.03
2192.79397,9.185,0.028
2193.84142,9.133,0.028
2193.86651,9.114,0.031
2194.81114,9.089,0.028
2194.82873,9.071,0.031
2196.75712,8.997,0.035
2197.74285,8.976,0.028
2198.76923,8.934,0.029
2198.80311,8.927,0.031
2199.83497,8.877,0.046
2200.80943,8.866,0.028
2201.74573,8.85,0.03
2202.7083,8.81,0.027
2202.78385,8.819,0.031
2203.76134,8.78,0.031
2206.7909,8.731,0.027
2208.74016,8.696,0.032
2212.69608,8.649,0.042
2213.71521,8.647,0.03
2214.71742,8.641,0.031
2215.72173,8.644,0.032
2216.72858,8.647,0.032
2217.73056,8.647,0.032
2219.7244,8.636,0.036
2221.7536,8.65,0.03
2222.7472,8.642,0.032
2224.70715,8.646,0.03
2225.73292,8.653,0.03
2226.71971,8.676,0.031
2227.71924,8.672,0.031
2228.70805,8.682,0.034
2229.70793,8.707,0.033
2230.70365,8.714,0.031
2232.69446,8.747,0.03
2233.69897,8.768,0.031
2234.69265,8.779,0.031
2235.68224,8.813,0.03
2236.68848,8.822,0.035
2237.68979,8.864,0.035
2239.67375,8.887,0.039
2240.68327,8.912,0.04
2241.6845,8.946,0.037
2242.66837,8.949,0.039
2243.67531,8.98,0.044
2244.68439,9.002,0.046
2247.67279,9.078,0.043
2247.69078,9.072,0.045
2248.67694,9.085,0.046
2248.69257,9.112,0.044
2249.67617,9.131,0.042
2249.69183,9.121,0.04
2250.66991,9.149,0.038
2250.68354,9.14,0.04
2251.66874,9.171,0.04
2251.68235,9.163,0.041
2253.65699,9.231,0.039
2253.67951,9.216,0.044
2254.65981,9.264,0.037
2254.67447,9.235,0.04
2255.65731,9.284,0.039
2255.67307,9.271,0.041
2256.65619,9.318,0.042
2256.67421,9.307,0.046
2257.65229,9.355,0.047
2257.67259,9.336,0.046
2258.65382,9.352,0.045
2258.66742,9.359,0.042
2260.64594,9.419,0.042
2260.664,9.404,0.047
2261.64369,9.465,0.041
2261.65737,9.44,0.051
2262.64262,9.467,0.046
2262.65631,9.479,0.055
2263.65687,9.496,0.053
2264.63368,9.527,0.049
2264.65631,9.521,0.052
2265.63267,9.569,0.056
2266.64854,9.575,0.056
2269.64193,9.693,0.056
2470.9285,11.548,0.032
2497.86191,10.9,0.034
2499.86212,10.9,0.029
2499.87743,10.996,0.031
2501.90834,10.893,0.034
2502.86141,10.883,0.036
2503.86571,10.854,0.04
2519.84786,10.754,0.028
2519.86314,10.731,0.034
2540.90191,10.347,0.035
2549.81758,10.012,0.043
2552.77132,9.837,0.036
2554.78396,9.602,0.048
2556.78623,9.43,0.048
2557.74482,9.414,0.032
2558.85995,9.289,0.031
2559.84365,9.208,0.028
2560.77404,9.117,0.033
2561.74237,9.019,0.03
2562.75515,8.941,0.034
2564.72714,8.792,0.031
2565.75732,8.689,0.035
2565.83053,8.676,0.036
2574.72674,8.239,0.041
2574.74968,8.256,0.044
2577.85784,8.148,0.03
2578.7294,8.135,0.034
2621.67422,8.809,0.029
2623.61003,8.86,0.03
2623.63295,8.867,0.033
2624.74796,8.884,0.033
2625.63695,8.924,0.034
2627.74492,8.989,0.033
2627.7711,8.986,0.037
2629.75937,9.035,0.031
2629.7777,9.035,0.037
2634.72256,9.182,0.027
2636.74652,9.214,0.029
2636.74905,9.229,0.034
2638.73555,9.266,0.029
2638.7381,9.275,0.033
2640.73351,9.318,0.029
2640.73607,9.329,0.034
2642.77941,9.383,0.034
2644.72715,9.412,0.029
2644.72976,9.436,0.035
2646.70649,9.48,0.032
2646.70913,9.472,0.039
2649.69588,9.537,0.028
2649.69855,9.534,0.032
2651.66328,9.582,0.029
2651.66597,9.582,0.034
2653.65869,9.623,0.03
2653.6614,9.616,0.033
2655.68972,9.642,0.029
2658.6726,9.735,0.03
2658.67536,9.735,0.034
2660.67237,9.789,0.034
2662.66924,9.814,0.029
2662.67205,9.825,0.034
2664.66046,9.865,0.028
2664.66328,9.854,0.032
2666.65787,9.906,0.029
2666.6607,9.909,0.035
2668.6635,9.93,0.025
2668.66634,9.935,0.032
2670.65659,9.965,0.029
2670.65946,10.24,0.034
2672.65717,10.035,0.026
2672.66006,10.013,0.032
2674.64487,10.068,0.028
2674.64776,10.05,0.033
2676.63393,10.095,0.034
2678.61636,10.148,0.029
2678.61928,10.145,0.034
2680.61899,10.186,0.031
2680.62193,10.194,0.033
2684.62732,10.297,0.032
2684.63027,10.269,0.037
2686.6435,10.323,0.033
2686.64647,10.324,0.037
2688.63421,10.349,0.032
2688.63719,10.337,0.035
2690.63302,10.433,0.03
2690.63599,10.424,0.035
2692.62774,10.45,0.032
2692.63073,10.482,0.037
2694.62841,10.529,0.031
2694.63141,10.491,0.035
2696.62442,10.564,0.029
2698.6214,10.586,0.034
2698.62441,10.599,0.036
2700.62091,10.651,0.028
2700.62327,10.663,0.033
2702.61178,10.708,0.03
2702.6148,10.735,0.033
2704.59898,10.751,0.027
2704.602,10.764,0.034
2706.58074,10.805,0.033
2706.58376,10.797,0.033
2710.55178,10.911,0.028
2710.55748,10.93,0.034
2712.56311,11.053,0.031
2712.56613,11.059,0.035
2714.58766,11.006,0.036
2717.57623,11.151,0.032
2720.56037,11.166,0.028
2720.56336,11.137,0.032
2722.55726,11.261,0.029
2722.56027,11.246,0.033
2724.55534,11.299,0.027
2724.55832,11.287,0.033
2726.55364,11.336,0.029
2726.55661,11.387,0.034
2728.54481,11.468,0.03
2728.54778,11.389,0.034
2730.54074,11.427,0.03
2730.54371,11.449,0.032
2734.52575,11.552,0.029
2734.52868,11.534,0.037
2736.5105,11.557,0.027
2736.51344,11.599,0.035
2738.54026,11.603,0.036
2740.5019,11.737,0.03
2740.5356,11.65,0.038
2742.50687,11.745,0.029
2742.53633,11.68,0.035
2744.51815,11.712,0.033
2745.48919,11.938,0.039
2751.51012,11.981,0.036
2752.47169,11.949,0.029
2755.47236,12.062,0.035
2755.47415,11.923,0.029
2757.47613,12.019,0.034
2758.46303,11.983,0.048
2760.46961,12.042,0.034
2761.45983,11.981,0.034
2763.46514,12.162,0.03
2764.46915,12.23,0.034
2766.46583,12.225,0.034
2854.87649,11.25,0.027
2854.90248,11.25,0.032
2859.88651,11.17,0.034
2861.87992,11.101,0.03
2861.91906,11.088,0.039
2867.8597,10.989,0.029
2867.88942,10.924,0.035
2876.82681,10.75,0.027
2876.85022,10.75,0.034
2884.81873,10.639,0.038
2884.8346,10.627,0.036
2886.86776,10.614,0.032
2893.78697,10.538,0.035
2895.83434,10.466,0.029
2897.86117,10.429,0.029
2900.80095,10.363,0.033
2905.80763,10.277,0.028
2905.83698,10.275,0.031
2908.83913,10.217,0.028
2911.78392,10.115,0.03
2911.82251,10.12,0.038
2915.82966,9.941,0.032
2915.84281,9.926,0.035
2918.77514,9.781,0.061
2921.85057,9.616,0.041
2922.73769,9.527,0.041
2923.80657,9.475,0.03
2924.79932,9.413,0.038
2927.74968,9.171,0.037
2928.83844,9.079,0.033
2929.77644,9.007,0.034
2931.76612,8.847,0.032
2931.83111,8.835,0.032
2933.78901,8.724,0.029
2933.80658,8.727,0.034
2935.78268,8.612,0.029
2935.83736,8.607,0.036
2939.76999,8.455,0.029
2939.79873,8.447,0.032
2943.71162,8.326,0.029
2945.71163,8.3,0.045
2945.73838,8.297,0.039
2947.73914,8.286,0.03
2949.74878,8.265,0.03
2949.78144,8.256,0.033
2951.74748,8.261,0.031
2953.75935,8.239,0.054
2954.80137,8.239,0.045
2955.80529,8.234,0.033
2957.71682,8.226,0.035
2958.68608,8.215,0.03
2962.70679,8.219,0.032
2964.7568,8.236,0.032
2965.67525,8.259,0.03
2966.74989,8.25,0.036
2968.79396,8.281,0.039
2971.68486,8.332,0.033
2973.64571,8.364,0.03
2974.67535,8.387,0.032
2975.67872,8.416,0.03
2976.70224,8.448,0.033
2977.68584,8.464,0.033
2978.70487,8.497,0.034
2979.6968,8.547,0.043
2980.72481,8.569,0.043
2981.71512,8.583,0.034
2982.7363,8.6,0.047
2983.75829,8.624,0.035
2984.79234,8.654,0.039
2986.6212,8.738,0.041
2987.64619,8.724,0.035
2988.69587,8.755,0.028
2989.69039,8.793,0.031
2993.60491,8.885,0.029
2995.65515,8.953,0.029
2996.61449,8.985,0.035
2997.67886,9.028,0.042
2998.66677,9.041,0.034
3000.67266,9.103,0.03
3001.66407,9.142,0.04
3005.64948,9.256,0.032
3006.67244,9.281,0.032
3007.65185,9.303,0.034
3010.69371,9.406,0.035
3012.72405,9.483,0.045
3013.73278,9.502,0.054
3016.71019,9.571,0.035
3017.74676,9.604,0.034
3018.7083,9.648,0.035
3031.63084,9.942,0.03
3031.63695,9.96,0.035
3033.64731,9.978,0.03
3033.65033,10.012,0.034
3035.63659,10.059,0.034
3035.63974,10.052,0.039
3039.65261,10.164,0.035
3039.66081,10.139,0.04
3042.64902,10.205,0.036
3042.65513,10.214,0.038
3044.67292,10.265,0.032
3044.6788,10.234,0.038
3047.6103,10.297,0.035
3047.62201,10.276,0.037
3050.58891,10.354,0.033
3050.59216,10.37,0.036
3053.58836,10.425,0.034
3055.56168,10.457,0.043
3055.63687,10.476,0.041
3057.59944,10.492,0.057
3057.63451,10.519,0.034
3059.66897,10.582,0.039
3060.56539,10.56,0.034
3062.58217,10.6,0.031
3064.59806,10.688,0.042
3064.62293,10.654,0.035
3067.62947,10.733,0.033
3068.54633,10.719,0.032
3070.57933,10.761,0.035
3072.5521,10.884,0.04
3072.61798,10.881,0.037
3075.56061,10.906,0.044
3075.5705,10.868,0.034
3077.57607,10.943,0.037
3077.58589,10.985,0.031
3079.60277,11.041,0.049
3081.61316,11.038,0.052
3082.5869,11.091,0.039
3086.5391,11.124,0.046
3087.50339,11.146,0.032
3088.56095,11.185,0.048
3089.53914,11.131,0.037
3090.55411,11.255,0.046
3091.55958,11.276,0.049
3096.57298,11.373,0.049
3097.52892,11.352,0.039
3099.51175,11.557,0.042
3102.50859,11.497,0.034
3103.55542,11.523,0.038
3104.52366,11.612,0.032
3106.50779,11.616,0.038
3107.50767,11.649,0.032
3108.52305,11.753,0.032
3110.48674,11.751,0.03
3110.52845,11.767,0.033
3113.47736,11.791,0.033
3113.50123,11.878,0.036
3116.47908,11.908,0.04
3124.47253,12.107,0.03
3128.45952,12.074,0.037
3266.82792,10.695,0.038
3270.85675,10.616,0.034
3278.87161,10.549,0.039
3281.84238,10.516,0.041
3291.86137,10.058,0.03
3294.86868,9.871,0.036
3298.78361,9.622,0.032
3321.7851,8.121,0.043
3363.66819,8.382,0.042
3366.74315,8.424,0.049
3383.59963,8.918,0.044
3383.60584,8.92,0.04
3385.68202,8.961,0.056
3387.70402,9.032,0.037
3389.74379,9.081,0.041
3392.68779,9.206,0.047
3394.74953,9.212,0.041
3395.62945,9.235,0.038
3397.60836,9.294,0.041
3397.66817,9.305,0.033
3399.66986,9.359,0.038
3399.71646,9.349,0.04
3400.60262,9.365,0.052
3400.6058,9.358,0.039
3403.58453,9.449,0.044
3404.68876,9.485,0.038
3409.64268,9.577,0.036
3411.6076,9.616,0.039
3411.67914,9.636,0.038
3413.65373,9.669,0.039
3414.53683,9.7,0.042
3415.6588,9.745,0.04
3417.65358,9.796,0.048
3420.57501,9.856,0.047
3421.6666,9.832,0.055
3424.62441,9.899,0.043
3425.67933,9.927,0.045
3426.62201,9.976,0.039
3428.6309,10.02,0.037
3432.62613,10.079,0.051
3434.6245,10.135,0.038
3437.57232,10.225,0.036
3437.61554,10.219,0.036
3440.56148,10.219,0.043
3440.6076,10.277,0.035
3443.58594,10.37,0.043
3444.52329,10.372,0.045
3445.59362,10.398,0.041
3446.54086,10.42,0.041
3447.60805,10.491,0.043
3448.59582,10.487,0.044
3450.58652,10.526,0.041
3453.56874,10.54,0.048
3455.54587,10.631,0.057
3457.55544,10.757,0.045
3458.49945,10.764,0.033
3459.57169,10.766,0.039
3460.51305,10.813,0.034
3462.5412,10.882,0.052
3465.50262,10.913,0.03
3468.50813,10.982,0.033
3469.49269,11.065,0.031
3470.52517,11.056,0.037
3471.52182,11.093,0.043
3474.48467,11.34,0.031
3475.49618,11.16,0.042
3477.48902,11.194,0.048
3478.49768,11.249,0.035
3481.48522,11.393,0.036
3481.50142,11.233,0.045
3491.48405,11.579,0.039
3492.46264,11.653,0.04
3499.46645,11.757,0.042
3502.45699,11.887,0.039
3572.93137,11.554,0.034
3575.93589,11.537,0.039
3588.92709,11.268,0.038
3592.9063,11.19,0.039
3599.91161,11.154,0.035
3601.86611,11.13,0.034
3618.90358,10.878,0.04
3622.87618,10.759,0.039
3626.82758,11.005,0.053
3626.85781,10.754,0.033
3629.84206,10.69,0.034
3630.83631,10.682,0.037
3633.82103,10.636,0.035
3634.84786,10.594,0.042
3636.85614,10.572,0.04
3638.86398,10.534,0.033
3641.86321,10.452,0.041
3646.8443,10.26,0.033
3647.8282,10.243,0.029
3650.79568,10.123,0.029
3652.81704,10.053,0.038
3653.78757,10.009,0.043
3655.82064,9.931,0.033
3657.84364,9.818,0.039
3657.84559,9.826,0.042
3660.79277,9.759,0.039
3663.79062,9.705,0.042
3666.77686,9.608,0.038
3670.73909,9.519,0.033
3673.75785,9.408,0.035
3676.73154,9.261,0.036
3680.75135,9.092,0.029
3680.76707,9.083,0.034
3699.69676,8.148,0.047
3701.67471,8.094,0.043
3702.69013,8.102,0.039
3703.82171,8.099,0.033
3706.67134,8.08,0.041
3707.76345,8.068,0.035
3711.72827,8.103,0.03
3713.70135,8.104,0.033
3713.72099,8.101,0.041
3716.61755,8.136,0.033
3716.64372,8.23,0.038
3718.66568,8.164,0.044
3718.69516,8.183,0.045
3720.75434,8.173,0.043
3720.80359,8.208,0.048
3726.62749,8.282,0.043
3726.63867,8.295,0.048
3728.67763,8.316,0.04
3728.70296,8.322,0.05
3731.79877,8.389,0.043
3731.84256,8.365,0.051
3734.676,8.473,0.05
3734.69442,8.476,0.058
3737.65,8.541,0.042
3737.66198,8.542,0.036
3739.67188,8.62,0.042
3739.71328,8.621,0.044
3741.71479,8.633,0.034
3741.72726,8.644,0.042
3744.65114,8.728,0.042
3744.66941,8.734,0.042
3746.75333,8.802,0.055
3746.78089,8.767,0.051
3749.66729,8.852,0.044
3749.67866,8.882,0.054
3751.77497,8.883,0.051
3752.6579,8.923,0.051
3754.65386,8.966,0.048
3754.70276,8.968,0.051
3756.72818,9.03,0.051
3757.6017,9.034,0.033
3759.60389,9.079,0.047
3759.66516,9.058,0.05
3761.70367,9.133,0.05
3764.61933,9.169,0.051
3764.67653,9.186,0.045
3766.71254,9.222,0.049
3769.6686,9.265,0.052
3772.56694,9.329,0.048
3774.61051,9.358,0.041
3774.65811,9.389,0.051
3776.62809,9.397,0.043
3778.63721,9.428,0.046
3780.67582,9.477,0.049
3788.62851,9.613,0.049
3788.63847,9.65,0.048
3793.65804,9.745,0.055
3794.55651,9.731,0.043
3796.55631,9.815,0.042
3796.6125,9.782,0.04
3798.59768,9.806,0.046
3799.54824,9.856,0.039
3800.60056,9.913,0.047
3801.60178,9.911,0.042
3803.58228,9.99,0.049
3804.53962,9.965,0.039
3805.60617,10.012,0.049
3806.55371,10.032,0.037
3808.61412,10.047,0.05
3809.57692,10.074,0.044
3810.61776,10.098,0.051
3811.58707,10.117,0.045
3813.51507,10.161,0.046
3814.5237,10.268,0.045
3815.56979,10.284,0.052
3816.57586,10.231,0.043
3817.59825,10.295,0.044
3819.52199,10.335,0.038
3820.52778,10.347,0.041
3822.51315,10.36,0.037
3822.58892,10.4,0.043
3827.51261,10.56,0.046
3827.53165,10.535,0.051
3829.56336,10.584,0.043
3830.5052,10.646,0.037
3832.51941,10.682,0.042
3832.53263,10.65,0.04
3834.53651,10.698,0.046
3835.50115,10.646,0.044
3836.54075,10.699,0.052
3837.51252,10.828,0.046
3849.51422,11.119,0.048
3850.46733,11.183,0.049
3852.48391,11.204,0.042
3853.47017,11.187,0.032
3858.46666,11.364,0.045
3860.47204,11.357,0.052
3864.45855,11.455,0.046
3869.45356,11.627,0.054
4091.64209,8.34,0.038
4104.65687,8.608,0.051
4106.69867,8.667,0.033
4109.71171,8.737,0.039
4125.63158,9.141,0.04
4127.63117,9.12,0.049
4129.63161,9.187,0.035
4131.66315,9.244,0.035
4133.68817,9.303,0.042
4135.70187,9.314,0.042
4137.70602,9.328,0.036
4144.67143,9.447,0.038
4147.57699,9.492,0.037
4150.64834,9.581,0.045
4152.65722,9.57,0.037
4155.55394,9.634,0.044
4157.60931,9.677,0.04
4159.62241,9.743,0.034
4161.62691,9.776,0.036
4163.63211,9.802,0.039
4172.58211,9.988,0.044
4174.59323,10.067,0.034
4176.61363,10.075,0.043
4180.55084,10.182,0.033
4184.5925,10.256,0.039
4189.54389,10.422,0.032
4191.55793,10.466,0.035
4197.53472,10.604,0.036
4200.54041,10.63,0.045
4203.53752,10.827,0.048
4229.46582,11.324,0.034
4235.45379,11.511,0.039
4303.93223,11.808,0.043
4304.93171,11.966,0.032
4307.92081,11.858,0.034
4308.92579,11.638,0.055
4331.87684,10.997,0.043
4331.88586,11.013,0.037
4334.87813,10.895,0.03
4334.90301,10.855,0.041
4339.86569,10.734,0.033
4342.88511,10.725,0.051
4345.89707,10.623,0.051
4349.86647,10.575,0.037
4353.88563,10.562,0.034
4357.88121,10.513,0.035
4361.88534,10.474,0.036
4364.82707,10.451,0.034
4364.83889,10.407,0.029
4368.84191,10.367,0.035
4371.85341,10.362,0.035
4375.83796,10.419,0.037
4378.82663,10.355,0.051
4381.82891,10.285,0.045
4384.80456,10.283,0.037
4387.79664,10.255,0.043
4399.82703,9.959,0.041
4403.77464,9.876,0.036
4407.79986,9.729,0.037
4410.74446,9.526,0.048
4413.79176,9.336,0.047
4420.78227,8.897,0.047
4423.74938,8.747,0.049
4426.81069,8.573,0.055
4429.69875,8.461,0.037
4431.75093,8.387,0.037
4437.68026,8.21,0.032
4443.67931,8.082,0.034
4448.75181,8.085,0.035
4456.62598,8.142,0.043
4458.70342,8.202,0.05
4461.66438,8.237,0.033
4463.74626,8.262,0.035
4466.65956,8.322,0.042
4468.77886,8.364,0.037
4471.77328,8.434,0.05
4474.74088,8.511,0.041
4477.75706,8.541,0.04
4480.59077,8.645,0.048
4483.5973,8.708,0.04
4486.61597,8.814,0.047
4488.6451,8.86,0.059
4490.66047,8.927,0.033
4492.69339,8.995,0.034
4494.70668,9.035,0.036
4498.67367,9.138,0.039
4501.62254,9.429,0.037
4503.68975,9.273,0.041
4506.61409,9.351,0.047
4508.69046,9.424,0.042
4510.65919,9.458,0.043
4519.56114,9.753,0.039
4521.59749,9.785,0.032
4523.6108,9.864,0.042
4525.63672,9.909,0.047
4527.65903,9.99,0.038
4530.58926,10.025,0.038
4533.54532,10.076,0.035
4533.56052,10.133,0.038
4536.60125,10.189,0.038
4539.53225,10.268,0.054
4541.57372,10.279,0.035
4543.58982,10.365,0.043
4546.54797,10.363,0.047
4548.55235,10.377,0.041
4551.55099,10.502,0.037
4553.58736,10.514,0.034
4556.5155,10.58,0.041
4558.5385,10.577,0.034
4561.52213,10.723,0.039
4563.55746,10.73,0.039
4566.50629,10.805,0.041
4568.54626,10.822,0.034
4571.5097,10.895,0.037
4574.49586,11.04,0.042
4580.49248,11.062,0.035
4586.46951,11.098,0.036
4590.47197,11.224,0.04
4593.46808,11.253,0.043
4596.46357,11.444,0.036
4683.91886,11.666,0.028
4691.89585,11.464,0.032
4697.91713,11.347,0.033
4698.90446,11.238,0.031
4701.87946,11.251,0.032
4702.88815,11.195,0.028
4721.82305,10.809,0.033
4725.87938,10.725,0.038
4729.83036,10.631,0.034
4729.84124,10.584,0.029
4733.86863,10.465,0.034
4733.88101,10.489,0.028
4740.8366,10.314,0.032
4743.84044,10.233,0.033
4750.78756,10.173,0.035
4753.80245,10.138,0.032
4756.79658,10.118,0.034
4759.78475,10.102,0.033
4762.7845,10.036,0.032
4765.77744,9.958,0.035
4768.76447,9.91,0.032
4771.7476,9.768,0.04
4774.74359,9.621,0.033
4777.73669,9.464,0.032
4780.72881,9.276,0.041
4783.81232,9.009,0.042
4787.72566,8.781,0.042
4793.69856,8.343,0.036
4796.75842,8.249,0.038
4802.66548,8.115,0.045
4804.75053,8.086,0.033
4807.64601,8.058,0.036
4809.70743,8.034,0.035
4814.7967,8.02,0.045
4818.63508,7.97,0.042
4823.69513,8.045,0.05
4826.66893,8.034,0.045
4831.65061,8.145,0.043
4835.80304,8.28,0.053
4838.6353,8.399,0.044
4842.79973,8.506,0.049
4848.63705,8.693,0.044
4850.7211,8.716,0.039
4853.63739,8.799,0.051
4856.6272,8.814,0.052
4859.63453,8.915,0.05
4862.64239,8.956,0.051
4867.63157,9.094,0.046
4869.66379,9.124,0.062
4871.7112,9.155,0.049
4877.64134,9.293,0.052
4880.64555,9.326,0.05
4883.585,9.403,0.053
4892.55471,9.621,0.056
4918.58765,10.229,0.054
4921.52194,10.288,0.056
5041.92118,11.867,0.056
5049.92096,11.896,0.053
5067.90799,11.388,0.061
5072.89253,11.279,0.051
5084.87394,10.946,0.045
5088.84051,10.827,0.046
5098.84444,10.566,0.047
5098.8574,10.592,0.04
5105.8046,10.451,0.051
5111.82001,10.381,0.059
5116.82845,10.264,0.041
5118.77167,10.209,0.056
5146.82039,9.425,0.051
5155.75796,9.129,0.052
5164.68733,8.712,0.052
