1868.69967,12.366,0.07
1869.68954,12.346,0.06
1875.68822,12.403,0.06
1876.68702,12.304,0.067
1877.6874,12.427,0.053
1878.67711,12.383,0.049
1879.68046,12.431,0.047
1880.65447,12.286,0.054
1881.67115,12.366,0.049
1884.65046,12.43,0.053
1885.66733,12.414,0.046
1886.6687,12.312,0.049
1887.6596,12.453,0.051
1888.65902,12.341,0.058
1889.65569,12.322,0.048
1899.63502,12.49,0.044
1900.64641,12.475,0.041
1902.61975,12.427,0.046
1903.64944,12.437,0.052
1904.6183,12.415,0.055
1905.63253,12.453,0.044
1907.63945,12.517,0.04
1908.62501,12.495,0.044
1913.59734,12.525,0.041
1914.62216,12.497,0.042
1915.61463,12.573,0.049
1918.60239,12.52,0.041
1919.60996,12.546,0.048
1920.6119,12.515,0.041
1921.60705,12.515,0.048
1922.60602,12.486,0.038
1923.6022,12.539,0.043
1926.57129,12.527,0.043
1928.56412,12.532,0.047
1930.56109,12.507,0.054
1931.59348,12.467,0.051
1933.56228,12.496,0.039
1935.5328,12.504,0.048
1937.61064,12.546,0.035
1939.56451,12.6,0.032
1941.59622,12.501,0.035
1945.53858,12.467,0.042
1947.62209,12.563,0.05
1949.61848,12.513,0.048
1952.55051,12.47,0.058
1954.57929,12.449,0.046
1958.55945,12.503,0.034
1961.57446,12.48,0.036
1964.53298,12.462,0.035
1966.55359,12.62,0.036
1968.54101,12.463,0.036
1978.577,12.639,0.045
1981.52529,12.607,0.039
1997.49195,12.555,0.055
2027.47992,12.549,0.051
2032.47437,12.637,0.046
2116.88994,13.576,0.058
2129.87004,12.694,0.066
2132.9082,12.735,0.054
2143.82906,12.653,0.063
2156.81358,12.708,0.072
2166.83267,12.811,0.051
2166.83469,12.876,0.052
2167.81047,12.709,0.066
2168.88952,12.763,0.054
2171.76205,12.759,0.051
2172.83166,12.797,0.053
2174.75379,12.764,0.053
2183.7555,12.668,0.058
2185.75946,12.832,0.054
2186.81758,12.773,0.044
2186.84489,12.673,0.04
2188.82215,12.905,0.037
2189.79915,12.627,0.057
2190.78317,12.846,0.048
2191.80594,12.841,0.052
2191.80765,12.636,0.051
2192.7873,12.775,0.056
2192.79808,12.702,0.043
2193.79568,12.766,0.052
2194.79487,12.631,0.048
2198.76896,12.816,0.047
2199.82848,12.786,0.054
2200.8091,12.636,0.044
2201.83576,12.811,0.054
2202.76813,12.585,0.05
2204.69154,12.902,0.045
2206.79021,12.768,0.041
2208.71653,12.68,0.048
2208.72035,12.686,0.045
2212.64739,12.752,0.054
2212.68832,12.627,0.051
2213.70512,12.655,0.048
2214.7074,12.658,0.049
2215.70917,12.683,0.053
2215.7199,12.7,0.043
2216.71847,12.444,0.054
2216.72669,12.658,0.044
2217.73163,13.707,0.052
2217.73547,12.71,0.042
2221.75709,12.557,0.048
2222.74128,12.682,0.045
2224.70797,12.664,0.046
2224.7185,12.69,0.042
2225.70628,12.748,0.048
2225.75362,12.651,0.041
2226.7069,12.675,0.046
2226.71747,12.479,0.041
2227.69946,12.562,0.047
2227.71694,12.591,0.041
2228.7065,12.554,0.047
2228.70799,12.573,0.047
2229.69503,12.623,0.046
2229.70558,12.631,0.043
2230.69297,12.64,0.049
2230.70351,12.66,0.042
2232.69505,12.611,0.043
2232.69653,12.844,0.049
2233.68823,12.538,0.047
2233.69877,12.665,0.044
2234.68187,12.528,0.052
2234.6924,12.556,0.043
2235.68278,12.539,0.043
2236.67767,12.573,0.051
2236.68818,12.933,0.048
2237.67895,12.52,0.055
2237.68948,12.549,0.047
2239.6742,12.505,0.048
2239.67798,12.612,0.044
2240.67239,12.565,0.056
2240.68298,12.664,0.047
2241.67361,12.477,0.048
2241.68639,12.719,0.045
2242.66879,12.617,0.051
2242.67703,12.455,0.047
2243.6735,12.487,0.057
2244.67803,12.593,0.056
2247.65958,12.544,0.057
2248.66378,12.58,0.058
2248.67653,12.41,0.05
2249.66752,12.56,0.057
2249.67579,12.607,0.049
2250.6681,12.551,0.049
2251.66692,12.526,0.059
2251.66838,12.647,0.054
2252.65919,12.569,0.053
2254.65798,12.388,0.054
2255.65548,12.511,0.053
2255.65921,12.592,0.053
2256.65438,12.517,0.058
2256.65811,12.803,0.056
2258.65206,12.52,0.065
2260.6442,12.556,0.06
2465.92513,12.563,0.038
2470.93001,12.448,0.039
2493.87451,12.536,0.055
2496.849,12.485,0.036
2498.86552,12.602,0.039
2501.90076,12.456,0.052
2529.78599,12.926,0.059
2540.86089,12.774,0.053
2544.88747,12.726,0.048
2552.74328,12.635,0.04
2558.75605,12.636,0.055
2562.72279,12.727,0.039
2565.73209,12.694,0.041
2574.72559,12.648,0.057
2577.85887,12.773,0.05
2621.68588,12.718,0.039
2623.6149,12.707,0.037
2624.75797,12.715,0.047
2627.74987,12.787,0.041
2629.76434,12.815,0.042
2634.66644,12.704,0.036
2636.7021,12.735,0.043
2638.6912,12.716,0.038
2640.68925,12.649,0.039
2642.68711,12.674,0.037
2644.68301,12.63,0.042
2646.66244,12.607,0.038
2649.65198,12.51,0.037
2651.62917,12.602,0.037
2652.80269,12.526,0.05
2654.64006,12.684,0.038
2657.6734,12.45,0.041
2661.68235,12.554,0.04
2663.67879,12.565,0.038
2665.67163,12.512,0.04
2667.67113,12.543,0.04
2669.66057,12.598,0.039
2671.65971,12.568,0.04
2673.65422,12.608,0.04
2675.64205,12.549,0.039
2677.62382,12.547,0.038
2679.61406,12.576,0.043
2681.60588,12.498,0.04
2683.60938,12.511,0.039
2689.61604,12.529,0.044
2691.61018,12.465,0.042
2693.62265,12.525,0.041
2695.61067,12.536,0.041
2697.61689,12.542,0.041
2699.60734,12.527,0.044
2701.6054,12.546,0.045
2703.60126,12.547,0.04
2705.59348,12.671,0.045
2707.59168,12.487,0.044
2709.57833,12.605,0.043
2711.58024,12.554,0.04
2715.58793,12.656,0.041
2719.52074,12.56,0.039
2721.56133,12.648,0.043
2723.5634,12.565,0.041
2725.56025,12.625,0.042
2727.55389,12.625,0.043
2729.55203,12.662,0.04
2733.53997,12.7,0.041
2735.53567,12.708,0.039
2739.55032,12.75,0.04
2741.52556,12.68,0.041
2743.52324,12.689,0.042
2751.48724,12.616,0.042
2754.49263,12.622,0.041
2756.49445,12.68,0.042
2758.48772,12.678,0.047
2760.51712,12.598,0.038
2762.51833,12.667,0.044
2764.5052,12.691,0.043
2766.4833,12.777,0.035
2784.46137,12.578,0.039
2786.46399,12.556,0.039
2814.94595,12.537,0.041
2840.91878,12.402,0.036
2853.92658,12.416,0.037
2858.8901,12.331,0.033
2867.84739,12.332,0.037
2875.90015,12.332,0.038
2879.85757,12.233,0.035
2883.9133,12.451,0.04
2885.87538,12.286,0.036
2893.77739,12.394,0.043
2895.82693,12.269,0.036
2897.85353,12.324,0.037
2906.79934,12.297,0.036
2910.79205,12.268,0.036
2922.71233,12.295,0.038
2924.78614,12.4,0.037
2927.73632,12.362,0.035
2929.75833,12.435,0.036
2931.80462,12.408,0.036
2933.79945,12.38,0.036
2935.80023,12.424,0.033
2939.78682,12.37,0.035
2943.71714,12.48,0.035
2947.70944,12.474,0.041
2949.76532,12.458,0.036
2957.70264,12.467,0.036
2962.69803,12.523,0.041
2964.74285,12.622,0.039
2966.74823,12.582,0.047
2976.68837,12.515,0.038
2982.72685,12.59,0.046
2984.76439,12.566,0.038
2989.68093,12.567,0.039
2991.69811,12.589,0.049
2996.60773,12.482,0.048
2998.66002,12.586,0.046
3001.64956,12.615,0.037
3005.64021,12.6,0.041
3007.64284,12.513,0.042
3009.68833,12.683,0.05
3011.68617,12.582,0.037
3013.70592,12.537,0.039
3016.69882,12.609,0.037
3018.68935,12.652,0.044
3023.67989,12.55,0.04
3028.65656,12.629,0.04
3030.6999,12.615,0.038
3035.57124,12.615,0.038
3041.663,12.602,0.039
3043.74396,12.657,0.041
3046.59509,12.657,0.037
3049.57988,12.563,0.037
3051.70927,12.574,0.045
3054.58245,12.695,0.037
3056.59694,12.642,0.043
3058.66326,12.636,0.038
3060.68676,12.596,0.039
3068.61969,12.568,0.039
3070.64992,12.636,0.038
3073.58915,12.527,0.037
3075.62078,12.536,0.039
3077.64865,12.563,0.038
3079.65954,12.582,0.037
3082.56006,12.569,0.037
3086.56098,12.533,0.041
3088.57988,12.636,0.042
3090.58899,12.636,0.045
3092.58403,12.542,0.035
3096.58498,12.509,0.037
3098.60759,12.385,0.037
3101.52501,12.507,0.037
3103.53394,12.587,0.037
3111.55321,12.47,0.036
3114.50132,12.672,0.04
3122.50938,12.538,0.044
3131.48644,12.523,0.043
3133.51035,12.5,0.039
3355.62401,12.556,0.058
3357.71993,12.58,0.037
3363.64448,12.686,0.065
3365.69079,12.613,0.053
3366.71684,12.578,0.071
3389.60392,12.743,0.052
3390.73862,12.603,0.054
3393.77257,12.648,0.066
3394.69969,12.678,0.04
3396.79619,12.743,0.042
3399.59562,12.779,0.048
3400.68684,12.734,0.054
3404.65514,12.639,0.046
3406.65497,12.618,0.065
3408.67348,12.667,0.054
3410.75404,12.686,0.048
3413.55992,12.632,0.061
3415.56236,12.555,0.052
3417.57842,12.6,0.066
3419.57964,12.561,0.057
3421.59775,12.632,0.055
3425.63272,12.686,0.039
3427.64307,12.594,0.04
3431.62692,12.645,0.045
3433.62292,12.593,0.056
3436.62929,12.562,0.04
3439.61953,12.518,0.049
3442.61596,12.587,0.044
3446.62264,12.623,0.053
3448.59288,12.635,0.061
3450.58429,12.538,0.05
3453.56677,12.671,0.047
3455.6051,12.641,0.042
3459.61455,12.563,0.04
3462.51672,12.597,0.045
3464.58643,12.638,0.04
3466.59344,12.622,0.037
3469.59513,12.627,0.039
3474.51905,12.613,0.041
3477.51217,12.691,0.056
3479.55263,12.65,0.058
3490.51534,12.664,0.054
3492.52507,12.755,0.051
3497.51603,12.582,0.047
3501.46955,12.688,0.05
3504.47315,12.637,0.059
3512.46095,12.727,0.041
3563.93127,12.546,0.045
3575.91116,12.444,0.043
3579.92657,12.318,0.051
3588.90799,12.358,0.063
3592.88656,12.446,0.058
3597.86767,12.943,0.043
3601.85815,12.408,0.048
3618.85638,12.386,0.056
3621.88501,12.446,0.048
3625.88725,12.345,0.045
3629.82506,12.442,0.046
3633.80556,12.443,0.055
3643.82662,12.404,0.042
3647.84012,12.409,0.044
3650.8201,12.413,0.049
3653.79131,12.508,0.053
3658.77315,12.441,0.043
3661.7732,12.377,0.053
3664.76323,12.457,0.05
3671.75849,12.401,0.049
3674.74876,12.457,0.047
3677.73833,12.42,0.049
3699.67545,12.474,0.053
3702.66958,12.497,0.042
3705.65763,12.502,0.057
3707.75328,12.433,0.047
3711.77022,12.447,0.041
3713.70821,12.443,0.043
3716.62711,12.543,0.041
3718.68742,12.515,0.051
3726.62676,12.499,0.052
3728.67895,12.644,0.054
3731.80116,12.478,0.055
3734.67554,12.574,0.05
3737.64954,12.55,0.048
3739.6866,12.578,0.048
3741.71469,12.526,0.043
3744.65393,12.483,0.048
3749.66757,12.685,0.043
3751.76606,12.608,0.062
3754.64454,12.608,0.046
3756.71605,12.683,0.052
3758.7899,12.668,0.044
3761.65277,12.716,0.061
3763.74139,12.664,0.052
3766.61688,12.661,0.064
3768.71866,12.707,0.056
3771.56543,12.691,0.051
3773.64988,12.49,0.048
3775.64795,12.722,0.056
3783.59555,12.623,0.045
3787.71046,12.713,0.061
3790.57722,12.667,0.05
3795.55252,12.628,0.047
3797.59428,12.595,0.042
3799.6569,12.577,0.07
3802.55829,12.655,0.052
3804.61882,12.597,0.039
3806.61735,12.628,0.049
3809.63064,12.551,0.049
3811.63722,12.703,0.042
3814.53713,12.549,0.045
3818.60617,12.715,0.046
3823.5557,12.726,0.045
3825.58739,12.682,0.044
3827.60146,12.558,0.046
3830.53511,12.641,0.042
3832.55069,12.618,0.044
3834.55984,12.633,0.041
3836.56558,12.692,0.046
3849.48471,12.617,0.053
3851.51579,12.64,0.052
3853.53217,12.632,0.037
3856.50013,12.7,0.053
3861.51593,12.648,0.047
3864.48689,12.671,0.055
3866.49462,12.708,0.043
3869.49164,12.646,0.043
3872.47853,12.644,0.042
3876.48042,12.588,0.041
3881.46801,12.637,0.048
4104.65607,12.512,0.046
4106.69798,12.647,0.035
4109.71437,12.604,0.062
4128.70635,12.582,0.045
4132.69993,12.585,0.047
4134.74153,12.706,0.046
4139.59354,12.617,0.041
4141.61912,12.541,0.057
4143.64709,12.602,0.056
4145.70976,12.648,0.052
4149.63974,12.618,0.042
4151.64327,12.478,0.051
4155.64874,12.545,0.068
4163.69337,12.696,0.06
4174.60458,12.484,0.059
4176.61995,12.589,0.062
4179.64724,12.687,0.058
4182.56174,12.529,0.062
4190.59979,12.539,0.04
4192.60278,12.676,0.042
4196.53919,12.613,0.042
4201.54141,12.678,0.038
4204.53694,12.83,0.04
4216.52178,12.753,0.061
4238.48912,12.723,0.051
4247.46334,12.847,0.043
4285.93589,12.772,0.05
4292.93038,12.67,0.042
4296.93728,12.756,0.04
4300.92623,12.58,0.069
4304.90527,12.566,0.033
4307.91482,12.627,0.043
4311.90783,12.622,0.048
4330.86674,12.438,0.036
4333.86682,12.52,0.05
4338.86716,12.458,0.035
4341.83397,12.503,0.048
4347.87175,12.473,0.046
4355.82444,12.467,0.032
4362.81867,12.498,0.052
4364.88017,12.378,0.035
4368.82045,12.495,0.036
4371.82823,12.355,0.042
4374.82524,12.566,0.046
4377.81756,12.541,0.043
4380.80351,12.5,0.039
4383.80507,12.587,0.036
4386.81129,12.561,0.036
4398.86842,12.753,0.04
4402.76618,12.629,0.047
4406.7867,12.616,0.055
4409.7372,12.582,0.04
4412.79135,12.58,0.039
4420.76525,12.751,0.044
4423.70163,12.782,0.041
4426.78932,12.616,0.046
4429.68109,12.573,0.039
4431.7351,12.648,0.037
4433.80775,12.614,0.044
4436.67062,12.614,0.064
4438.77942,12.599,0.044
4452.6873,12.579,0.037
4457.67184,12.5,0.043
4459.79058,12.53,0.04
4462.68746,12.497,0.037
4464.77924,12.417,0.037
4467.64628,12.464,0.045
4469.73976,12.476,0.045
4475.60132,12.394,0.043
4478.61286,12.437,0.049
4480.67955,12.477,0.061
4484.60901,12.384,0.041
4486.66847,12.477,0.054
4488.70448,12.351,0.055
4490.72296,12.37,0.035
4492.76504,12.336,0.036
4494.76463,12.367,0.049
4498.69914,12.371,0.041
4501.63825,12.441,0.061
4503.72662,12.371,0.042
4506.62752,12.326,0.049
4508.71004,12.45,0.055
4511.56778,12.415,0.045
4516.67551,12.337,0.04
4519.5722,12.386,0.045
4523.6302,12.345,0.041
4525.64703,12.345,0.039
4527.6643,12.392,0.038
4530.59411,12.407,0.043
4532.64544,12.372,0.042
4536.51793,12.286,0.04
4538.58343,12.309,0.045
4540.59507,12.336,0.047
4542.60713,12.42,0.042
4546.62125,12.337,0.044
4548.61645,12.419,0.048
4551.59945,12.357,0.044
4554.55044,12.46,0.045
4556.56983,12.319,0.042
4558.5783,12.408,0.039
4560.6073,12.522,0.043
4563.53692,12.447,0.038
4565.5655,12.447,0.045
4568.51971,12.458,0.038
4570.53021,12.452,0.041
4572.55698,12.377,0.036
4575.52231,12.435,0.047
4579.52357,12.526,0.041
4582.54981,12.459,0.055
4586.499,12.51,0.034
4589.50992,12.384,0.042
4592.49515,12.403,0.045
4595.47496,12.502,0.038
4597.48621,12.444,0.04
4601.48819,12.414,0.043
4608.46707,12.5,0.054
4651.94052,12.579,0.038
4664.93075,12.473,0.042
4671.90676,12.482,0.039
4676.92823,12.475,0.038
4681.91526,12.458,0.042
4685.8919,12.449,0.042
4693.88946,12.573,0.039
4697.91236,12.509,0.037
4700.89681,12.498,0.034
4704.85545,12.502,0.041
4708.85482,12.432,0.041
4720.89776,12.417,0.037
4724.88771,12.296,0.04
4728.82477,12.431,0.046
4731.86075,12.351,0.04
4740.80781,12.446,0.036
4743.81779,12.424,0.038
4750.76122,12.392,0.037
4753.79132,12.444,0.037
4756.78738,12.468,0.04
4759.77218,12.405,0.037
4762.77073,12.577,0.037
4765.76199,12.513,0.037
4768.74981,12.588,0.037
4774.73351,12.547,0.04
4777.72294,12.528,0.044
4780.71123,12.482,0.046
4783.80276,12.518,0.047
4786.80041,12.541,0.06
4792.69554,12.474,0.04
4795.67853,12.496,0.042
4798.69021,12.521,0.046
4800.7674,12.5,0.043
4803.66924,12.413,0.037
4805.77019,12.508,0.036
4808.64068,12.393,0.04
4810.69825,12.482,0.041
4813.71055,12.588,0.049
4816.65605,12.467,0.04
4819.6881,12.482,0.038
4822.65693,12.53,0.041
4824.80504,12.465,0.04
4827.68501,12.473,0.043
4829.75882,12.463,0.044
4834.7504,12.51,0.044
4837.62775,12.496,0.045
4839.69335,12.515,0.065
4844.67506,12.523,0.045
4847.65509,12.471,0.045
4849.73912,12.429,0.054
4852.62972,12.492,0.046
4855.6426,12.511,0.042
4861.60566,12.501,0.048
4863.6626,12.418,0.039
4868.74567,12.606,0.056
4871.61716,12.351,0.052
4879.62983,12.523,0.053
4881.67719,12.497,0.047
4884.62288,12.466,0.04
5147.724,12.532,0.045
5157.69007,12.443,0.057
