1868.68917,12.829,0.075
1869.67663,12.948,0.06
1871.69045,12.918,0.074
1872.68421,12.774,0.073
1873.68817,13.011,0.066
1874.68446,12.807,0.061
1875.67543,12.966,0.054
1875.68822,12.917,0.06
1876.67423,12.838,0.059
1877.67913,12.904,0.055
1878.6665,12.893,0.051
1879.66762,12.793,0.043
1880.65447,12.853,0.054
1881.6674,12.773,0.048
1884.65046,12.846,0.053
1885.66362,12.889,0.044
1885.66733,12.806,0.046
1886.6579,12.947,0.047
1887.64684,12.827,0.053
1888.65306,13.013,0.058
1889.65423,12.89,0.047
1899.63121,12.895,0.052
1900.6449,12.864,0.041
1902.60917,13.027,0.045
1902.61975,12.8,0.046
1903.63895,12.832,0.048
1903.64944,12.767,0.052
1904.61676,12.827,0.049
1904.6183,13.326,0.055
1905.62876,12.784,0.042
1905.63253,12.798,0.044
1906.61941,12.894,0.049
1907.62892,12.908,0.041
1907.63945,12.842,0.04
1908.61896,12.822,0.041
1908.62501,12.776,0.044
1913.59114,12.84,0.038
1913.59734,12.832,0.041
1914.61153,13.564,0.038
1914.62216,12.714,0.042
1915.61298,12.793,0.043
1915.61463,12.639,0.049
1918.59168,12.803,0.042
1919.60829,12.775,0.047
1919.60996,12.81,0.048
1920.6119,12.738,0.041
1921.60705,12.751,0.048
1922.60602,12.835,0.038
1923.57102,12.725,0.047
1923.6022,12.794,0.043
1926.57129,12.762,0.043
1928.56412,12.747,0.047
1930.56109,12.833,0.054
1931.59348,12.819,0.051
1933.56046,12.748,0.039
1933.56228,12.707,0.039
1935.5328,12.717,0.048
1936.55398,12.763,0.037
1937.61064,12.866,0.035
1938.62192,12.716,0.039
1939.56451,12.733,0.032
1940.64113,12.69,0.043
1941.59622,12.666,0.035
1945.53858,12.756,0.042
1947.62209,12.746,0.05
1949.61848,12.736,0.048
1949.62768,12.651,0.047
1952.55964,12.777,0.056
1954.57929,12.584,0.046
1958.55945,12.797,0.034
1961.57446,12.614,0.036
1964.53298,12.6,0.035
1964.54227,12.753,0.035
1966.55359,12.59,0.036
1966.56257,12.835,0.039
1968.54101,12.872,0.036
1968.54552,12.651,0.039
1978.577,12.513,0.045
1981.52529,12.627,0.039
1981.5319,12.61,0.041
1985.50083,12.488,0.043
1997.5006,12.755,0.063
2027.47992,12.718,0.051
2032.47437,12.338,0.046
2116.88994,12.58,0.058
2128.85591,12.545,0.061
2129.86515,12.5,0.066
2129.87004,12.49,0.066
2130.85513,12.497,0.073
2131.85235,12.54,0.068
2132.86828,12.684,0.074
2132.9082,12.543,0.054
2133.89307,13.424,0.055
2136.91815,12.451,0.052
2143.82906,12.5,0.063
2156.81358,12.478,0.072
2156.84715,12.414,0.062
2166.83267,12.439,0.051
2167.81047,12.355,0.066
2168.88952,12.293,0.054
2171.76205,12.369,0.051
2171.79392,12.385,0.059
2172.83166,12.378,0.053
2172.85855,12.357,0.05
2174.75379,12.375,0.053
2183.7555,12.281,0.058
2183.78895,12.275,0.055
2185.75946,12.229,0.054
2185.79733,12.386,0.051
2186.81758,12.283,0.044
2189.79915,12.244,0.057
2190.78317,12.326,0.048
2190.82888,12.274,0.051
2191.80594,12.257,0.052
2192.7873,12.263,0.056
2193.79568,12.299,0.052
2194.79487,12.281,0.048
2198.76896,12.236,0.047
2199.82848,12.266,0.054
2200.8091,12.27,0.044
2201.83576,12.242,0.054
2202.76813,12.249,0.05
2206.79021,12.284,0.041
2208.71653,12.263,0.048
2212.64739,12.207,0.054
2212.68832,12.22,0.051
2213.70512,12.257,0.048
2214.7074,12.294,0.049
2215.70917,12.179,0.053
2216.71847,12.166,0.054
2217.73163,12.21,0.052
2221.75709,12.21,0.048
2222.74128,12.314,0.045
2224.70797,12.224,0.046
2225.70628,12.18,0.048
2226.7069,12.188,0.046
2227.69946,12.209,0.047
2228.7065,12.283,0.047
2229.69503,12.179,0.046
2230.69297,12.182,0.049
2232.69505,12.219,0.043
2233.68823,12.215,0.047
2234.68187,12.171,0.052
2235.68278,12.255,0.043
2236.67767,12.286,0.051
2237.67895,12.163,0.055
2239.6742,12.294,0.048
2240.67239,12.207,0.056
2241.67361,12.322,0.048
2242.66879,12.175,0.051
2243.6735,12.377,0.057
2244.67803,12.313,0.056
2244.70994,12.298,0.054
2247.65958,12.233,0.057
2247.70017,12.186,0.057
2248.66378,12.3,0.058
2248.69566,12.143,0.056
2249.66752,12.151,0.057
2250.6681,12.197,0.049
2251.66692,12.349,0.059
2252.65919,12.259,0.053
2254.65798,12.316,0.054
2255.65548,12.234,0.053
2256.65438,12.33,0.058
2258.65206,12.382,0.065
2260.6442,12.109,0.06
2465.91531,12.977,0.044
2467.91664,13.067,0.034
2470.92024,13.185,0.036
2540.86089,13.488,0.053
2552.73376,13.303,0.046
2558.7448,13.61,0.043
2559.81832,13.582,0.054
2561.72619,13.519,0.043
2562.8748,13.673,0.072
2564.72256,13.348,0.064
2565.82593,13.512,0.059
2577.85047,13.53,0.055
2621.67296,13.3,0.041
2621.68588,13.438,0.039
2623.6149,13.53,0.037
2624.73953,13.396,0.044
2624.75797,13.29,0.047
2625.64474,13.017,0.046
2627.73914,13.488,0.04
2627.74987,13.455,0.041
2629.75363,13.376,0.043
2634.63933,13.319,0.042
2634.66644,13.34,0.036
2636.67733,13.372,0.039
2636.7021,13.286,0.043
2638.66641,13.388,0.041
2638.6912,13.6,0.038
2640.66441,13.333,0.042
2640.68925,13.45,0.039
2642.66228,13.449,0.04
2642.68711,13.444,0.037
2644.65819,13.336,0.041
2644.68301,13.408,0.042
2646.63758,13.233,0.042
2646.66244,13.47,0.038
2649.6318,13.39,0.042
2649.65198,13.503,0.037
2650.7799,13.316,0.042
2651.62917,13.533,0.037
2652.63495,13.242,0.041
2652.80269,13.203,0.05
2654.61727,13.384,0.041
2654.64006,13.173,0.038
2657.64829,13.34,0.039
2657.6734,13.407,0.041
2659.66004,13.288,0.043
2661.65722,13.124,0.05
2661.68235,13.14,0.04
2663.65603,13.145,0.039
2663.67879,13.226,0.038
2665.64884,13.287,0.041
2665.67163,13.332,0.04
2667.64828,13.173,0.043
2667.67113,13.08,0.04
2669.63777,13.187,0.045
2669.66057,13.352,0.039
2671.63683,13.144,0.044
2671.65971,13.201,0.04
2673.63136,13.072,0.044
2673.65422,13.138,0.04
2675.61914,13.233,0.044
2675.64205,13.174,0.039
2677.60092,13.095,0.044
2677.62382,13.341,0.038
2679.59112,13.116,0.041
2681.60588,13.102,0.04
2683.59098,12.962,0.044
2683.60938,12.938,0.039
2684.72844,13.089,0.042
2688.65148,12.896,0.043
2689.61604,13.084,0.044
2691.61018,13.005,0.042
2692.6475,12.932,0.056
2693.62265,12.955,0.041
2695.61067,12.872,0.041
2696.66428,13.971,0.04
2697.61689,12.969,0.041
2698.64281,12.946,0.042
2699.60734,12.943,0.044
2700.63539,12.893,0.04
2701.6054,12.975,0.045
2702.62759,12.966,0.049
2703.60126,12.867,0.04
2704.6149,12.893,0.04
2705.59348,12.826,0.045
2706.59684,12.795,0.049
2707.59168,12.868,0.044
2709.57833,12.808,0.043
2710.57081,12.893,0.041
2711.58024,12.759,0.04
2712.57729,12.912,0.04
2714.59897,12.939,0.042
2715.58793,12.841,0.041
2717.59822,12.712,0.044
2719.52074,12.856,0.039
2720.57505,12.796,0.04
2721.56133,12.775,0.043
2722.57207,12.771,0.041
2723.5634,12.781,0.041
2724.57021,12.68,0.042
2725.56025,12.735,0.042
2727.55389,12.769,0.043
2728.55993,12.708,0.041
2729.55203,12.669,0.04
2730.55598,12.755,0.039
2733.53997,12.656,0.041
2735.53567,12.683,0.039
2736.52606,12.647,0.041
2738.55309,12.559,0.044
2739.55032,12.648,0.04
2741.52556,12.538,0.041
2742.54992,12.71,0.043
2743.52324,12.59,0.042
2744.54628,12.564,0.04
2751.48724,12.585,0.042
2754.49263,12.595,0.041
2755.52575,12.527,0.046
2756.49445,12.599,0.042
2758.48772,12.437,0.047
2760.50242,12.532,0.042
2760.51712,12.556,0.038
2762.51833,12.511,0.044
2764.49274,12.444,0.043
2764.5052,12.523,0.043
2766.48024,12.512,0.042
2766.4833,12.527,0.035
2770.48152,12.444,0.045
2776.46962,12.397,0.047
2784.46137,12.31,0.039
2786.46399,12.373,0.039
2813.94338,12.409,0.044
2836.91227,12.202,0.036
2840.91878,12.32,0.036
2844.93595,12.154,0.037
2853.90759,12.194,0.044
2853.92658,12.194,0.037
2858.88499,12.16,0.037
2858.92452,12.256,0.04
2860.89027,12.247,0.035
2861.8954,12.113,0.042
2862.89038,12.16,0.043
2867.83981,12.293,0.042
2875.90015,12.278,0.038
2879.8453,12.239,0.039
2879.85757,12.29,0.035
2883.90421,12.248,0.04
2883.9133,12.177,0.04
2885.87538,12.281,0.036
2886.86109,12.224,0.046
2895.82256,12.303,0.04
2895.82693,12.211,0.036
2897.84911,12.301,0.04
2897.85353,12.195,0.037
2900.82052,12.287,0.047
2905.86441,12.227,0.036
2908.83566,12.227,0.04
2910.79205,12.16,0.036
2911.78032,12.229,0.039
2915.82583,12.163,0.04
2918.74124,12.101,0.046
2918.77593,12.041,0.05
2922.71233,12.348,0.038
2924.78446,12.265,0.042
2924.78614,12.193,0.037
2927.73465,12.241,0.037
2927.74979,12.233,0.043
2929.75669,12.272,0.039
2929.75833,12.163,0.036
2931.79562,12.211,0.037
2931.80462,12.26,0.036
2933.79104,12.276,0.041
2933.79945,12.213,0.036
2935.77097,12.132,0.037
2935.80023,12.203,0.033
2939.76502,12.179,0.039
2939.78682,12.163,0.035
2943.69895,12.226,0.039
2943.71714,12.252,0.035
2945.69952,12.377,0.046
2947.69037,12.203,0.042
2947.70944,12.209,0.041
2947.74796,12.269,0.042
2949.74315,12.186,0.05
2949.76532,12.234,0.036
2951.75397,12.203,0.04
2955.80688,12.188,0.039
2957.70264,12.246,0.036
2958.6976,12.261,0.039
2962.69803,12.26,0.041
2963.66756,12.222,0.041
2964.74285,12.292,0.039
2965.73422,12.217,0.048
2966.74823,12.405,0.047
2967.72993,12.145,0.04
2970.65421,12.187,0.042
2976.68837,12.164,0.038
2977.68704,12.182,0.044
2981.71636,12.198,0.043
2982.72685,12.28,0.046
2984.76439,12.294,0.038
2986.61511,12.223,0.038
2988.68979,12.256,0.039
2989.68093,12.286,0.039
2990.76582,12.151,0.039
2991.69811,12.327,0.049
2995.62404,12.229,0.041
2996.60773,12.34,0.048
2998.66002,12.325,0.046
3001.64956,12.309,0.037
3005.64021,12.353,0.041
3007.64284,12.337,0.042
3009.68833,12.242,0.05
3011.68617,12.326,0.037
3013.70592,12.349,0.039
3016.69882,12.344,0.037
3018.68935,12.411,0.044
3023.67989,12.308,0.04
3023.77966,12.341,0.041
3028.65656,12.376,0.04
3030.66005,12.298,0.041
3030.6999,12.396,0.038
3034.70012,12.261,0.042
3035.57124,12.372,0.038
3041.663,12.324,0.039
3043.71398,12.157,0.04
3043.74396,12.417,0.041
3046.59509,12.396,0.037
3049.57988,12.4,0.037
3051.70684,12.589,0.051
3051.70927,12.432,0.045
3054.57997,12.396,0.039
3054.58245,12.398,0.037
3056.59694,12.571,0.043
3058.66071,12.324,0.038
3058.66326,12.393,0.038
3060.6842,12.291,0.04
3060.68676,12.36,0.039
3068.61698,12.376,0.041
3068.61969,12.46,0.039
3070.64992,12.354,0.038
3073.58633,12.445,0.038
3073.58915,12.441,0.037
3075.61795,12.603,0.042
3075.62078,12.403,0.039
3077.64589,12.318,0.068
3077.64865,12.281,0.038
3079.65954,12.373,0.037
3082.56006,12.368,0.037
3082.59865,12.448,0.042
3086.56098,12.462,0.041
3086.5999,12.379,0.042
3088.57988,12.499,0.042
3088.60566,12.568,0.041
3090.58899,12.415,0.045
3091.50595,12.327,0.042
3092.58403,12.362,0.035
3096.58498,12.817,0.037
3098.60759,12.488,0.037
3101.52501,12.329,0.037
3101.57114,12.425,0.041
3103.53394,12.484,0.037
3103.57792,12.322,0.04
3106.51964,12.441,0.039
3108.5327,12.443,0.041
3111.55321,12.501,0.036
3112.54856,12.503,0.039
3114.50132,12.393,0.04
3122.50938,12.507,0.044
3125.49589,12.345,0.045
3128.47824,12.502,0.04
3131.47291,12.479,0.039
3131.48644,12.498,0.043
3133.51035,12.506,0.039
3134.47321,12.489,0.04
3355.61416,13.858,0.057
3356.64313,13.997,0.049
3357.71071,13.884,0.053
3363.64448,14.086,0.065
3365.69079,13.717,0.053
3386.71951,14.052,0.057
3388.71026,14.177,0.051
3390.73862,13.921,0.054
3391.58684,13.871,0.058
3403.67444,14.069,0.043
3405.6852,13.829,0.043
3407.71934,14.261,0.052
3409.71462,14.12,0.049
3412.59242,13.81,0.043
3426.66003,14.029,0.05
3430.66898,13.824,0.046
3432.66824,13.663,0.053
3438.52916,13.895,0.042
3444.54038,14.089,0.048
3446.55699,13.941,0.041
3448.59288,14.102,0.061
3450.58429,14.124,0.05
3453.56677,13.879,0.047
3459.59733,13.965,0.046
3462.51098,14.079,0.043
3464.57984,14.125,0.042
3468.51988,13.671,0.055
3470.54425,13.986,0.047
3475.50636,13.816,0.054
3478.50816,13.801,0.045
3492.50778,13.926,0.048
3501.46334,13.779,0.047
3504.46692,13.761,0.05
3512.45451,13.599,0.048
3562.93598,12.941,0.067
3570.93544,12.946,0.042
3573.93508,12.929,0.047
3574.93561,12.698,0.045
3577.92866,12.593,0.049
3578.92152,12.824,0.052
3588.89899,12.673,0.059
3590.90218,13.318,0.067
3592.87241,12.596,0.055
3596.92908,12.631,0.054
3601.84344,12.477,0.061
3601.89718,12.468,0.071
3618.84629,12.571,0.052
3618.88852,12.515,0.054
3621.86921,12.513,0.058
3622.86021,12.422,0.049
3625.87662,12.493,0.046
3626.84505,12.497,0.045
3629.81325,12.559,0.051
3630.82219,12.443,0.048
3631.71135,12.528,0.047
3631.74322,12.402,0.044
3631.77502,12.528,0.053
3631.8049,12.532,0.052
3631.8333,12.36,0.047
3631.86615,12.52,0.044
3631.89704,12.455,0.041
3633.80333,12.442,0.048
3634.84183,12.479,0.056
3636.83217,12.394,0.05
3638.86869,12.379,0.06
3639.84832,12.442,0.054
3641.85847,12.464,0.053
3642.83372,12.458,0.059
3646.83775,12.432,0.045
3646.85684,12.371,0.043
3652.79506,12.359,0.054
3653.78866,12.284,0.064
3655.74346,12.362,0.055
3657.83197,12.273,0.045
3659.79834,12.383,0.048
3662.80111,12.34,0.049
3663.77046,12.32,0.05
3665.79586,12.283,0.05
3666.75685,12.212,0.044
3669.79461,12.246,0.045
3670.70235,12.28,0.047
3672.7764,12.206,0.048
3672.80065,12.181,0.046
3675.72926,12.205,0.056
3675.77662,12.244,0.056
3680.74153,12.209,0.048
3699.70591,12.221,0.056
3701.66784,12.086,0.049
3703.81558,12.107,0.044
3705.68917,12.037,0.053
3706.66441,12.098,0.049
3708.68114,12.067,0.055
3711.71208,12.114,0.042
3713.68437,12.07,0.043
3715.76627,12.107,0.062
3718.63108,12.115,0.047
3720.72076,12.172,0.047
3722.78097,12.102,0.053
3728.59469,12.075,0.052
3731.63205,12.104,0.056
3734.65291,12.223,0.047
3736.76957,12.18,0.05
3739.58643,12.018,0.052
3741.6862,12.142,0.056
3744.63263,12.111,0.051
3746.71976,12.052,0.06
3748.78949,12.094,0.047
3753.75701,12.081,0.048
3756.61482,12.009,0.046
3758.68378,11.998,0.05
3760.76078,12.049,0.046
3763.63232,12.112,0.046
3765.72527,12.007,0.044
3768.61772,12.021,0.046
3770.68839,12.117,0.06
3772.74849,11.995,0.049
3775.56775,11.897,0.05
3779.66123,11.891,0.046
3783.58172,11.969,0.048
3787.58259,11.907,0.053
3789.63841,11.929,0.045
3794.60992,11.862,0.051
3796.63877,11.806,0.043
3798.6789,11.866,0.051
3800.66897,11.837,0.052
3803.61235,11.784,0.05
3805.63605,11.682,0.073
3809.54334,11.735,0.045
3811.57258,11.77,0.041
3813.59665,11.755,0.048
3815.63005,11.788,0.066
3818.52943,11.734,0.044
3820.56888,11.789,0.048
3823.52405,11.7,0.054
3825.55681,11.701,0.045
3827.57807,11.7,0.069
3832.54236,11.713,0.044
3834.55144,11.673,0.041
3836.5557,11.591,0.053
3851.48575,11.717,0.046
3853.49709,11.726,0.037
3858.50907,11.746,0.059
3862.47397,11.769,0.044
3865.46814,11.75,0.052
3868.47544,11.822,0.045
3871.47297,11.806,0.05
3876.45678,11.765,0.047
4090.64928,13.404,0.05
4103.66182,13.479,0.052
4103.69503,13.451,0.049
4105.72956,13.451,0.055
4105.76998,13.555,0.047
4107.70811,13.399,0.044
4107.77779,13.436,0.045
4111.77724,13.399,0.07
4126.66707,13.576,0.044
4126.70582,13.327,0.046
4128.68979,13.483,0.046
4128.71465,13.612,0.047
4130.6804,13.71,0.05
4132.68203,13.582,0.054
4132.70965,13.415,0.051
4134.75202,13.813,0.044
4137.57319,13.719,0.045
4139.55715,13.746,0.058
4139.58726,13.658,0.049
4141.58736,13.962,0.069
4143.61746,13.713,0.051
4145.69949,13.873,0.064
4147.67603,13.772,0.043
4149.63486,13.795,0.047
4150.72284,13.931,0.06
4151.63842,13.926,0.045
4153.64648,13.858,0.066
4155.5691,13.744,0.059
4158.57598,13.84,0.058
4160.60761,13.815,0.05
4162.60517,13.762,0.048
4174.63656,13.841,0.068
4177.61641,13.712,0.064
4180.57193,13.972,0.059
4182.60439,14.039,0.051
4216.49262,13.955,0.048
4230.46803,14.063,0.049
4233.47428,14.039,0.039
4292.91695,13.864,0.042
4300.93358,13.625,0.064
4304.92118,13.914,0.047
4306.91661,13.539,0.044
4308.90655,13.57,0.051
4310.90002,13.681,0.039
4330.85407,13.326,0.064
4330.90546,13.471,0.046
4333.85329,13.341,0.043
4333.89878,13.048,0.044
4338.86033,13.264,0.042
4338.91358,13.204,0.043
4341.83151,13.04,0.055
4341.87571,12.967,0.058
4344.85003,13.204,0.055
4345.87223,13.058,0.049
4348.89035,13.014,0.057
4351.82411,12.953,0.046
4353.86964,12.936,0.047
4355.81496,12.978,0.038
4357.86907,12.951,0.049
4361.88138,12.977,0.043
4362.81652,12.91,0.037
4364.81307,12.949,0.046
4364.87068,12.934,0.037
4367.85893,13.119,0.046
4368.83505,13.022,0.045
4371.85553,12.727,0.049
4373.81674,12.773,0.047
4375.85019,12.742,0.044
4376.81612,12.796,0.043
4378.85674,12.782,0.051
4379.8129,12.635,0.042
4382.79486,12.741,0.044
4382.81135,12.725,0.041
4385.78322,12.594,0.039
4385.85688,12.717,0.05
4388.76402,12.632,0.042
4392.76544,12.743,0.059
4398.81887,12.589,0.042
4398.85996,12.454,0.056
4402.75587,12.544,0.041
4402.80824,12.486,0.045
4406.75558,12.876,0.047
4406.80995,12.762,0.047
4409.72551,12.397,0.046
4412.81936,12.464,0.051
4418.8593,12.443,0.063
4420.80757,12.54,0.047
4421.75027,12.398,0.052
4423.75782,12.36,0.045
4424.80848,12.389,0.056
4426.82084,12.427,0.049
4427.73915,12.35,0.043
4429.70419,12.339,0.046
4430.66608,12.342,0.046
4431.76404,12.313,0.044
4432.72157,12.239,0.042
4435.64671,12.262,0.042
4437.68868,12.262,0.044
4440.68181,12.238,0.05
4443.69272,12.246,0.06
4453.66747,12.198,0.044
4454.63558,12.214,0.048
4455.75535,12.234,0.043
4456.69689,12.19,0.048
4458.65829,12.155,0.043
4458.77963,12.291,0.049
4460.76571,12.278,0.043
4461.67885,12.22,0.05
4463.62836,12.258,0.061
4463.76022,12.192,0.051
4465.71388,12.266,0.05
4466.67424,12.258,0.052
4468.67705,12.129,0.05
4468.79845,12.355,0.07
4474.66098,12.163,0.043
4477.61384,12.198,0.076
4479.69923,12.31,0.042
4480.59998,12.098,0.066
4482.66557,12.191,0.052
4484.61235,12.198,0.071
4485.6612,12.129,0.052
4486.67179,12.385,0.052
4487.70002,12.211,0.042
4488.70788,12.33,0.056
4489.74444,12.205,0.04
4490.72634,12.186,0.047
4492.59833,12.204,0.064
4494.62909,12.145,0.048
4498.62439,12.194,0.044
4503.61611,12.224,0.045
4505.69806,12.141,0.042
4508.60332,12.204,0.047
4510.62038,12.156,0.048
4510.62963,12.281,0.051
4516.60328,12.161,0.043
4516.61294,12.084,0.054
4518.65287,12.093,0.039
4520.67756,12.132,0.041
4522.66989,12.12,0.043
4524.68751,12.111,0.041
4527.57634,12.162,0.041
4527.58059,12.153,0.049
4529.62033,12.054,0.045
4532.58429,12.164,0.049
4534.55982,12.231,0.047
4535.65022,12.166,0.049
4538.54827,12.124,0.04
4540.56496,12.139,0.044
4542.57798,12.166,0.042
4546.59862,12.129,0.052
4548.59604,12.352,0.047
4551.58877,12.199,0.048
4554.54733,12.244,0.046
4556.56679,12.182,0.047
4558.57453,12.19,0.049
4561.55586,12.09,0.045
4563.57711,12.183,0.043
4566.52349,12.151,0.051
4568.55982,12.208,0.049
4571.51404,12.21,0.042
4574.50042,12.234,0.042
4576.53214,12.246,0.055
4586.48157,12.156,0.038
4589.49298,12.216,0.046
4592.48335,12.045,0.044
4595.46898,12.238,0.041
4597.48032,12.114,0.04
4602.46074,12.129,0.049
4646.93702,12.15,0.058
4651.9373,12.028,0.043
4663.93974,12.005,0.045
4666.935,12.039,0.043
4676.91537,12.114,0.04
4681.91149,12.042,0.046
4683.9087,12.058,0.047
4685.88907,12.061,0.048
4691.87084,12.083,0.054
4691.88967,11.998,0.042
4696.91585,11.996,0.039
4700.85401,11.998,0.046
4700.8754,12.033,0.043
4703.89102,12.012,0.053
4704.86966,12.073,0.065
4707.89103,12.079,0.053
4708.86988,12.107,0.048
4720.89124,12.113,0.051
4724.88106,12.077,0.045
4728.8172,12.159,0.04
4729.82355,12.207,0.046
4731.83532,12.056,0.049
4733.86162,12.104,0.045
4738.88404,12.092,0.041
4740.83876,12.252,0.042
4741.83428,12.145,0.04
4744.8149,12.209,0.048
4747.79929,12.109,0.049
4750.81603,12.253,0.044
4753.78129,12.363,0.042
4754.80728,12.178,0.046
4756.77203,12.249,0.057
4757.80572,12.235,0.045
4759.77026,12.303,0.041
4760.79533,12.324,0.048
4762.75791,12.349,0.041
4763.79225,12.322,0.046
4765.74815,12.298,0.042
4766.78272,12.425,0.043
4768.73724,12.411,0.04
4769.77301,12.374,0.044
4770.79894,12.448,0.042
4772.76808,12.381,0.048
4773.73665,12.351,0.045
4775.74745,12.47,0.044
4776.71504,12.453,0.042
4778.74454,12.443,0.05
4782.72604,12.544,0.048
4782.74475,12.46,0.049
4786.70057,12.485,0.04
4786.7324,12.632,0.047
4792.68471,12.654,0.045
4792.72566,12.561,0.045
4794.80952,12.734,0.049
4795.70863,12.672,0.051
4798.70739,12.774,0.045
4801.69117,12.656,0.049
4803.65359,12.725,0.052
4804.67507,12.863,0.047
4805.756,12.707,0.038
4806.76733,12.902,0.042
4808.62249,12.858,0.047
4809.66634,12.657,0.043
4810.68351,12.856,0.042
4813.70556,12.756,0.04
4815.64233,12.739,0.052
4818.70141,13.014,0.051
4819.67389,12.96,0.041
4821.63318,13.244,0.059
4822.64863,12.835,0.057
4823.7286,12.948,0.067
4824.74959,13.119,0.041
4826.70331,13.014,0.049
4827.67913,13.197,0.048
4829.64235,13.169,0.049
4829.75288,13.189,0.046
4834.6065,12.854,0.053
4836.68036,13.109,0.056
4837.61851,13.187,0.043
4838.74519,13.119,0.05
4839.65381,13.171,0.045
4843.65654,13.21,0.045
4843.78962,13.364,0.053
4846.65011,13.17,0.06
4846.74697,13.208,0.065
4848.75138,13.619,0.046
4857.55982,13.604,0.049
4860.58546,13.598,0.047
4863.62798,13.037,0.048
4868.72831,13.504,0.043
4876.66487,13.47,0.06
4879.60849,13.8,0.043
4881.59112,13.887,0.054
4881.65622,13.71,0.059
4883.65699,13.765,0.059
4884.6136,13.614,0.045
4892.65096,14.004,0.057
4920.55065,13.928,0.051
5040.93807,14.272,0.052
5087.89084,14.412,0.051
5098.83461,14.505,0.054
5116.84905,14.264,0.052
5122.86995,13.682,0.056
5135.80612,13.605,0.048
5154.78984,13.618,0.06
5157.67777,13.514,0.047
5157.71732,13.406,0.059
5163.69366,13.236,0.059
5165.72771,13.206,0.052
