1868.68917,12.536,0.044
1868.69967,12.557,0.04
1869.68954,12.446,0.041
1875.68822,12.589,0.04
1876.68702,12.447,0.041
1877.67913,12.402,0.04
1877.70378,12.465,0.045
1878.6665,12.555,0.04
1878.70032,12.513,0.044
1879.68046,12.512,0.036
1880.65447,12.476,0.04
1880.68371,12.553,0.04
1881.67115,12.51,0.037
1884.65046,12.326,0.039
1885.66733,12.519,0.038
1886.6687,12.439,0.038
1887.6596,12.505,0.038
1888.65902,12.461,0.039
1889.65423,12.428,0.04
1889.67898,12.539,0.044
1899.63121,12.463,0.041
1899.65382,12.474,0.048
1900.6449,12.449,0.039
1900.66975,12.509,0.044
1902.61975,12.484,0.037
1903.64944,12.461,0.038
1904.6183,12.479,0.039
1905.63253,12.389,0.037
1907.63945,12.51,0.036
1908.62501,12.542,0.037
1913.59734,12.464,0.037
1914.62216,12.386,0.038
1915.61463,12.716,0.039
1918.60239,12.5,0.039
1919.60996,12.5,0.041
1920.6119,12.418,0.037
1921.60705,12.469,0.041
1922.60602,12.392,0.038
1923.6022,12.398,0.039
1926.57129,12.456,0.041
1928.56412,12.444,0.038
1930.56109,12.374,0.045
1931.59348,12.533,0.051
1933.56228,12.371,0.039
1935.5328,12.413,0.041
1937.61064,12.432,0.037
1939.56451,12.427,0.036
1941.59622,12.526,0.04
1945.53858,12.484,0.041
1947.62209,12.339,0.041
1949.61848,12.527,0.042
1952.55964,12.381,0.052
1954.54615,12.47,0.043
1954.57929,12.427,0.045
1958.55945,12.442,0.038
1961.57446,12.302,0.042
1964.53298,12.34,0.039
1966.55359,12.542,0.04
2027.47992,12.29,0.051
2032.47437,12.217,0.048
2116.88994,12.116,0.041
2129.87004,12.117,0.043
2132.9082,12.177,0.038
2136.91815,12.173,0.041
2143.82906,12.173,0.045
2156.81358,12.255,0.047
2156.84715,12.171,0.045
2166.83267,12.147,0.041
2166.86162,12.118,0.045
2167.81047,12.214,0.045
2168.79831,12.121,0.047
2168.88952,12.134,0.042
2171.76205,12.146,0.041
2171.79392,12.152,0.053
2172.83166,12.103,0.041
2172.85855,12.169,0.044
2174.75379,12.179,0.043
2183.7555,12.188,0.046
2183.78895,12.151,0.046
2185.75946,12.225,0.045
2185.79733,12.171,0.047
2186.81758,12.178,0.04
2189.79915,12.166,0.052
2190.78317,12.206,0.042
2190.82888,12.144,0.045
2191.80594,12.16,0.044
2191.86325,12.194,0.048
2192.7873,12.205,0.044
2192.82555,12.22,0.045
2193.79568,12.182,0.043
2194.75312,12.255,0.044
2194.79487,12.189,0.042
2196.74572,12.184,0.046
2197.83689,12.38,0.047
2198.76896,12.123,0.04
2199.74334,12.224,0.044
2199.82848,12.217,0.047
2200.8091,12.155,0.039
2201.7293,12.277,0.047
2201.83576,12.205,0.046
2202.76813,12.223,0.044
2202.7952,12.328,0.043
2204.72864,12.241,0.048
2206.72551,12.319,0.044
2206.79021,12.201,0.041
2208.71653,12.165,0.041
2212.64739,12.29,0.044
2212.68832,12.208,0.046
2213.70512,12.209,0.042
2213.73851,12.269,0.046
2214.7074,12.253,0.043
2214.75249,12.229,0.047
2215.70917,12.198,0.046
2215.79814,12.14,0.047
2216.71847,12.112,0.048
2216.74723,12.174,0.047
2217.73163,12.336,0.046
2217.76997,12.23,0.047
2221.75709,12.214,0.044
2222.74128,12.366,0.042
2222.75674,12.176,0.052
2224.70797,12.228,0.042
2225.70628,12.203,0.042
2225.7861,12.247,0.05
2227.77765,12.325,0.045
2233.68823,12.327,0.043
2235.68278,12.258,0.041
2236.67767,11.862,0.045
2237.67895,11.851,0.048
2244.70994,12.386,0.05
2247.65958,11.89,0.05
2247.70017,12.368,0.051
2248.69566,12.399,0.048
2249.69221,12.316,0.048
2251.6872,12.382,0.051
2252.68168,12.331,0.051
2253.67989,12.291,0.05
2254.68392,12.355,0.051
2255.67582,12.414,0.049
2256.67464,12.394,0.052
2258.68134,12.358,0.056
2260.66442,12.445,0.052
2465.92513,12.301,0.04
2496.849,12.33,0.039
2498.86552,12.457,0.042
2540.86089,12.523,0.044
2544.88747,12.415,0.041
2552.74328,12.422,0.038
2558.75605,12.425,0.047
2562.72279,12.4,0.039
2565.73209,12.435,0.041
2577.85887,12.46,0.045
2621.68588,12.322,0.042
2623.6149,12.276,0.04
2624.75797,12.35,0.038
2627.74987,12.406,0.042
2629.76434,12.319,0.042
2634.66644,12.349,0.04
2636.7021,12.371,0.048
2638.6912,12.34,0.04
2640.68925,12.285,0.042
2642.68711,12.339,0.043
2644.68301,12.347,0.045
2646.66244,12.384,0.041
2649.65198,12.366,0.038
2651.62917,12.352,0.044
2652.80269,12.255,0.037
2654.64006,12.383,0.049
2657.6734,12.303,0.043
2661.68235,12.286,0.042
2663.67879,12.297,0.039
2665.67163,12.307,0.041
2667.67113,12.407,0.04
2669.66057,12.336,0.042
2671.65971,12.352,0.042
2673.65422,12.365,0.039
2675.64205,12.33,0.042
2677.62382,12.394,0.043
2679.61406,12.329,0.044
2681.60588,12.443,0.041
2683.60938,12.423,0.04
2689.61604,12.438,0.043
2691.61018,12.245,0.036
2693.62265,12.317,0.039
2695.61067,12.447,0.038
2697.61689,12.324,0.036
2699.60734,12.315,0.036
2701.6054,12.344,0.039
2703.60126,12.369,0.036
2705.59348,12.5,0.042
2707.59168,12.332,0.039
2709.57833,12.35,0.037
2711.58024,12.336,0.038
2715.58793,12.313,0.037
2719.52074,12.334,0.039
2721.56133,12.35,0.038
2723.5634,12.179,0.039
2725.56025,12.343,0.036
2727.55389,12.308,0.037
2729.55203,12.298,0.036
2733.53997,12.26,0.037
2735.53567,12.294,0.036
2739.55032,12.254,0.039
2741.52556,12.257,0.037
2743.52324,12.29,0.037
2751.48724,12.234,0.039
2754.49263,12.267,0.037
2756.49445,12.149,0.038
2758.48772,12.226,0.047
2760.51712,12.187,0.035
2762.51833,12.26,0.044
2764.5052,12.2,0.037
2766.4833,12.262,0.035
2784.46137,12.159,0.038
2786.46399,12.208,0.036
2814.94595,12.015,0.037
2840.91878,11.924,0.038
2853.92658,11.87,0.04
2858.8901,11.843,0.036
2867.84739,11.896,0.037
2875.90015,11.829,0.038
2879.85757,11.829,0.04
2883.9133,11.88,0.042
2885.87538,11.752,0.037
2893.77739,11.702,0.04
2895.82693,11.798,0.038
2897.85353,11.688,0.036
2906.79934,11.761,0.035
2910.79205,11.784,0.036
2922.71233,11.767,0.042
2924.78614,11.772,0.037
2927.73632,11.725,0.035
2929.75833,11.761,0.036
2931.80462,11.773,0.037
2933.79945,11.774,0.039
2935.80023,11.765,0.038
2939.78682,11.7,0.038
2943.71714,11.707,0.038
2947.70944,11.819,0.042
2949.76532,11.717,0.035
2957.70264,11.773,0.035
2962.69803,11.74,0.041
2964.74285,11.751,0.04
2966.74823,11.765,0.049
2976.68837,11.721,0.042
2982.72685,11.727,0.044
2984.76439,11.717,0.038
2989.68093,11.75,0.036
2991.69811,11.792,0.044
2996.60773,11.746,0.041
2998.66002,11.761,0.048
3001.64956,11.772,0.036
3005.64021,11.818,0.04
3007.64284,11.833,0.043
3009.68833,11.914,0.049
3011.68617,11.825,0.038
3013.70592,11.784,0.038
3016.69882,11.835,0.036
3018.68935,11.866,0.041
3023.67989,11.824,0.04
3028.65656,11.831,0.035
3030.6999,11.851,0.037
3035.57124,11.864,0.037
3041.663,11.871,0.039
3043.74396,11.829,0.041
3046.59509,11.847,0.036
3049.57988,11.843,0.037
3051.70927,11.903,0.04
3054.58245,11.905,0.036
3056.59694,11.997,0.043
3058.66326,12.017,0.038
3060.68676,11.837,0.034
3068.61969,11.881,0.037
3070.64992,11.854,0.039
3073.58915,11.868,0.038
3075.62078,11.802,0.037
3077.64865,11.887,0.037
3079.65954,11.866,0.038
3082.56006,11.882,0.036
3086.56098,11.886,0.04
3088.57988,11.907,0.041
3090.58899,11.934,0.042
3092.58403,11.821,0.035
3096.58498,11.854,0.037
3098.60759,11.815,0.036
3101.52501,11.857,0.038
3103.53394,11.905,0.035
3111.55321,11.909,0.036
3114.50132,11.97,0.037
3122.50938,11.89,0.044
3131.48644,11.949,0.045
3133.51035,11.929,0.038
3355.61416,12.07,0.043
3355.62401,12.087,0.042
3356.64313,12.134,0.041
3357.71071,12.036,0.039
3363.64448,12.032,0.044
3365.69079,12.031,0.043
3366.71684,12.099,0.049
3386.71951,12.297,0.047
3388.71026,11.998,0.041
3388.75966,11.974,0.042
3390.73862,11.916,0.042
3391.58684,11.944,0.046
3393.77257,11.901,0.048
3394.68791,11.903,0.043
3398.78831,11.989,0.044
3400.68684,11.879,0.04
3400.79961,12.013,0.041
3403.67444,11.967,0.039
3404.65514,11.934,0.04
3405.6852,11.957,0.039
3406.65497,11.939,0.044
3407.71934,11.89,0.043
3408.67348,11.934,0.039
3409.71462,11.86,0.04
3410.75404,11.923,0.041
3413.55992,11.927,0.05
3414.5982,11.871,0.04
3414.69402,11.933,0.043
3415.56236,11.94,0.044
3417.57842,11.942,0.05
3418.61735,11.938,0.043
3418.70873,11.921,0.049
3419.57964,11.896,0.046
3420.66814,11.965,0.049
3421.59775,11.949,0.042
3424.66249,11.875,0.045
3425.63272,11.9,0.035
3426.66003,11.86,0.039
3427.64307,11.859,0.036
3430.66898,11.889,0.039
3430.71164,11.869,0.043
3431.62692,11.885,0.037
3432.66824,11.913,0.043
3432.70855,11.865,0.047
3433.62292,11.913,0.042
3434.70547,11.938,0.045
3439.61953,11.906,0.035
3440.63516,11.86,0.039
3442.61596,11.842,0.036
3443.6842,11.859,0.044
3445.67276,11.929,0.046
3446.62264,11.904,0.038
3447.67193,11.936,0.045
3448.59288,11.843,0.038
3450.53797,11.884,0.042
3450.58429,11.885,0.037
3453.56677,11.838,0.04
3455.55229,11.947,0.045
3455.58472,11.923,0.04
3457.59964,11.934,0.04
3459.57908,11.938,0.043
3459.59733,11.907,0.039
3461.60306,11.926,0.048
3462.51098,11.911,0.041
3463.6295,11.957,0.044
3464.57984,11.873,0.038
3466.52766,11.94,0.042
3468.51988,11.914,0.039
3469.53291,11.958,0.041
3470.54425,11.807,0.04
3471.54027,11.915,0.053
3472.5624,11.886,0.047
3473.53521,12.039,0.044
3475.50636,11.994,0.042
3478.50816,11.913,0.038
3478.52424,12.001,0.041
3483.49794,11.917,0.041
3490.50389,11.911,0.045
3492.50778,11.949,0.041
3497.49017,12.03,0.039
3497.50101,11.968,0.042
3500.51056,12.042,0.052
3501.46334,11.933,0.038
3503.48349,12.036,0.046
3504.46692,11.981,0.044
3511.48738,11.993,0.045
3512.45451,12.225,0.042
3517.4615,12.011,0.044
3521.46723,12.022,0.043
3562.93598,11.914,0.044
3570.93544,11.864,0.038
3573.93508,11.927,0.047
3574.93561,11.916,0.041
3577.92866,11.896,0.044
3578.92152,11.855,0.041
3588.89899,11.855,0.048
3590.90218,11.838,0.047
3592.87241,11.789,0.041
3596.92908,11.776,0.044
3601.84344,11.778,0.044
3601.89718,11.819,0.049
3618.84629,11.832,0.044
3618.88852,11.871,0.046
3621.86921,11.878,0.044
3622.86021,11.81,0.044
3625.87662,11.844,0.041
3626.84505,11.863,0.044
3629.81325,11.789,0.045
3630.82219,11.8,0.045
3633.80333,11.849,0.04
3634.84183,11.897,0.045
3636.83217,11.8,0.045
3638.86869,11.847,0.05
3639.84832,11.748,0.043
3641.85847,11.808,0.049
3642.83372,11.812,0.051
3646.83775,11.703,0.043
3646.85684,11.842,0.045
3652.79506,11.792,0.042
3653.78866,11.808,0.049
3655.74346,11.792,0.042
3657.83197,11.77,0.041
3659.79834,11.895,0.044
3662.80111,11.974,0.045
3663.77046,11.765,0.04
3665.79586,11.787,0.043
3666.75685,11.747,0.04
3669.79461,11.819,0.043
3670.70235,11.726,0.043
3672.7764,11.861,0.043
3672.80065,11.856,0.042
3675.72926,11.776,0.041
3675.77662,11.837,0.046
3680.74153,11.821,0.04
3680.77334,11.821,0.046
3699.70591,11.799,0.046
3701.66784,11.816,0.043
3702.69914,11.755,0.044
3703.81558,11.791,0.038
3705.68917,11.819,0.044
3706.66441,11.813,0.041
3708.68114,11.854,0.047
3711.71208,11.821,0.04
3712.72425,11.832,0.044
3713.68437,11.84,0.039
3714.7234,11.822,0.042
3715.76627,11.817,0.045
3717.66029,11.811,0.049
3718.63108,11.818,0.041
3719.74507,11.788,0.045
3720.72076,11.808,0.04
3722.64376,11.806,0.045
3722.78097,11.91,0.043
3725.69772,11.779,0.043
3727.72746,11.77,0.044
3728.59469,11.798,0.043
3730.78415,11.772,0.049
3731.63205,11.799,0.045
3734.65291,11.754,0.044
3736.71143,11.851,0.047
3736.76957,11.779,0.04
3739.58643,11.792,0.041
3739.59687,11.825,0.045
3741.6862,11.789,0.042
3741.69693,11.761,0.043
3744.63263,11.747,0.042
3744.64235,11.797,0.048
3746.71976,11.745,0.049
3746.74406,11.782,0.047
3748.78949,11.76,0.041
3749.65606,11.827,0.051
3751.76112,11.743,0.044
3753.75701,11.77,0.042
3754.63512,11.859,0.044
3756.61482,11.798,0.042
3756.70521,11.817,0.047
3758.68378,11.832,0.04
3758.72761,11.786,0.042
3760.76078,11.736,0.038
3761.64634,11.786,0.044
3763.63232,11.8,0.043
3763.73711,11.847,0.045
3765.72527,11.802,0.04
3766.6118,11.835,0.047
3768.61772,11.84,0.041
3768.71357,11.847,0.042
3770.68839,11.803,0.048
3771.5637,11.817,0.045
3772.74849,11.746,0.04
3773.64817,11.912,0.045
3775.56775,11.838,0.041
3775.64618,11.783,0.044
3779.66123,11.786,0.044
3783.58172,11.835,0.041
3787.58259,11.869,0.044
3787.62583,11.952,0.046
3789.63841,11.878,0.039
3789.68727,11.912,0.045
3792.5773,11.832,0.044
3794.60992,11.819,0.043
3794.63602,11.896,0.044
3796.63877,11.891,0.039
3796.65636,11.905,0.043
3798.6789,11.935,0.042
3798.71248,11.912,0.044
3800.66897,11.89,0.044
3801.55129,12.056,0.047
3803.61235,11.877,0.043
3803.62828,11.98,0.046
3805.63605,11.837,0.047
3805.65245,11.928,0.042
3808.66743,11.96,0.044
3809.54334,11.947,0.04
3810.68006,11.984,0.045
3811.57258,12.04,0.039
3813.52754,12.029,0.044
3813.59665,11.953,0.041
3815.5784,11.981,0.044
3815.63005,12.044,0.051
3817.61225,11.945,0.046
3818.52943,11.974,0.04
3819.63271,11.946,0.043
3820.56888,11.953,0.041
3822.56113,12.041,0.043
3823.52405,11.98,0.041
3824.59967,11.952,0.043
3825.55681,11.931,0.042
3826.60003,12.004,0.043
3827.57807,11.956,0.047
3828.61026,12.102,0.043
3831.5198,12.059,0.044
3832.54236,12.073,0.039
3833.55088,12.055,0.044
3834.55144,11.987,0.039
3835.5656,12.065,0.046
3836.5557,12.063,0.042
3837.57719,12.218,0.046
3850.56284,12.191,0.043
3851.48575,12.104,0.04
3852.55426,12.185,0.044
3853.49709,12.205,0.038
3854.5597,12.256,0.056
3858.50907,12.237,0.047
3860.51634,12.282,0.055
3862.47397,12.208,0.038
3862.51547,12.167,0.042
3865.46814,12.185,0.042
3865.4831,12.291,0.045
3868.47544,12.297,0.04
3868.48447,12.215,0.046
3870.50163,12.203,0.042
3871.47297,12.247,0.039
3875.48822,12.293,0.042
3876.45678,12.344,0.039
3877.48921,12.389,0.041
3877.49161,12.3,0.041
3881.48365,12.286,0.042
3887.46053,12.377,0.052
3892.45578,12.304,0.05
4090.64928,12.19,0.041
4103.66182,12.269,0.043
4103.69503,12.121,0.043
4105.72956,12.14,0.04
4105.76998,12.453,0.043
4107.70811,12.177,0.038
4107.77779,12.274,0.042
4111.77724,12.318,0.052
4126.66707,12.159,0.041
4126.70582,12.204,0.042
4128.68979,12.254,0.041
4128.71465,12.249,0.042
4130.6804,12.135,0.039
4132.68203,12.196,0.046
4132.70965,12.252,0.043
4134.71931,12.215,0.039
4134.75202,12.217,0.041
4136.77789,12.199,0.05
4137.57319,12.205,0.039
4139.55715,12.273,0.045
4139.58726,12.265,0.041
4141.58736,12.318,0.054
4143.61746,12.24,0.044
4145.69949,12.283,0.044
4147.67603,12.266,0.041
4149.63486,12.276,0.042
4150.72284,12.276,0.049
4151.63842,12.23,0.04
4152.735,12.246,0.044
4153.64648,12.209,0.041
4155.5691,12.267,0.041
4158.57598,12.257,0.045
4159.63542,12.254,0.046
4160.60761,12.345,0.039
4161.64238,12.223,0.042
4162.60517,12.209,0.039
4168.66958,12.166,0.044
4173.65735,12.2,0.043
4174.63656,12.094,0.052
4175.66403,12.229,0.048
4177.61641,12.197,0.042
4179.60637,12.219,0.047
4180.57193,12.185,0.039
4182.60439,12.202,0.044
4183.64947,12.219,0.045
4185.6386,12.245,0.046
4189.6014,12.223,0.042
4191.62382,12.17,0.044
4193.53549,12.256,0.04
4193.62394,12.261,0.044
4197.5585,12.28,0.043
4200.56509,12.208,0.04
4202.53818,12.203,0.048
4203.56704,12.324,0.044
4205.51815,12.271,0.039
4205.58652,12.293,0.046
4216.49262,12.238,0.042
4216.50386,12.206,0.047
4227.49547,12.197,0.04
4227.50596,12.198,0.043
4229.52564,12.222,0.042
4230.46803,12.309,0.041
4233.47428,12.167,0.039
4234.49614,12.245,0.053
4236.47137,12.315,0.047
4247.48144,12.227,0.045
4285.93278,12.171,0.049
4292.91695,12.155,0.04
4300.93358,12.155,0.05
4303.92886,12.022,0.049
4304.92118,12.26,0.045
4306.91661,12.072,0.039
4308.90655,12.153,0.048
4310.90002,12.089,0.039
4314.91649,12.006,0.042
4330.85407,12.133,0.05
4330.90546,12.158,0.043
4333.85329,12.079,0.039
4333.89878,12.057,0.045
4338.86033,11.971,0.04
4338.91358,12.167,0.044
4341.83151,12.067,0.048
4341.87571,12.092,0.05
4344.85003,12.024,0.042
4345.87223,12.185,0.044
4348.89035,12.144,0.046
4351.82411,12.153,0.047
4353.86964,12.111,0.046
4355.81496,12.015,0.038
4357.86907,12.213,0.046
4361.88138,12.126,0.045
4362.81652,12.208,0.038
4364.81307,12.076,0.044
4364.87068,12.045,0.039
4367.85893,12.115,0.041
4368.83505,12.045,0.045
4371.85553,12.111,0.044
4373.81674,12.082,0.041
4375.85019,11.967,0.044
4376.81612,12.19,0.041
4378.85674,12.132,0.05
4379.8129,11.987,0.04
4382.79486,12.056,0.043
4382.81135,11.991,0.04
4385.78322,11.958,0.039
4385.85688,12.059,0.049
4388.76402,12.054,0.041
4392.76544,12.087,0.05
4398.81887,12.048,0.04
4398.85996,12.113,0.047
4402.75587,12.094,0.039
4402.80824,12.033,0.043
4406.75558,11.968,0.048
4406.80995,12.085,0.048
4409.72551,12.007,0.04
4412.81936,12.176,0.048
4418.8593,12.072,0.046
4420.80757,12.483,0.046
4421.75027,12.058,0.046
4423.75782,12.055,0.042
4424.80848,12.078,0.042
4426.82084,12.111,0.044
4427.73915,12.036,0.041
4429.70419,12.1,0.044
4430.66608,12.008,0.04
4431.76404,12.031,0.045
4432.72157,12.103,0.039
4435.64671,12.132,0.038
4437.68868,12.12,0.043
4440.68181,12.141,0.046
4443.69272,12.191,0.046
4453.66747,12.044,0.041
4454.63558,12.184,0.044
4455.75535,12.229,0.04
4456.69689,12.244,0.048
4458.65829,12.056,0.04
4458.77963,12.222,0.045
4460.76571,12.245,0.041
4461.67885,12.29,0.044
4463.62836,12.188,0.051
4463.76022,12.206,0.044
4465.71388,12.216,0.044
4466.67424,12.269,0.043
4468.67705,12.258,0.041
4468.79845,12.178,0.051
4471.80923,12.241,0.051
4474.66098,12.285,0.041
4477.61384,12.25,0.043
4479.69923,12.331,0.041
4480.59998,12.198,0.054
4482.66557,12.228,0.042
4484.61235,12.368,0.049
4485.6612,12.277,0.044
4486.67179,12.384,0.046
4487.70002,12.224,0.04
4488.70788,12.371,0.047
4489.74444,12.242,0.041
4490.72634,12.354,0.044
4492.59833,12.366,0.044
4492.76836,12.289,0.044
4494.62909,12.309,0.041
4494.76879,12.316,0.044
4498.62439,12.267,0.04
4498.70338,12.346,0.045
4503.61611,12.485,0.044
4505.69806,12.41,0.042
4505.73085,12.389,0.046
4508.60332,12.363,0.042
4510.62038,12.404,0.042
4510.62963,12.366,0.046
4516.60328,12.453,0.041
4516.61294,12.419,0.047
4518.65287,12.361,0.04
4518.66095,12.53,0.043
4520.67756,12.397,0.04
4520.68599,12.494,0.043
4522.66989,12.418,0.038
4522.67916,12.534,0.042
4524.68751,12.266,0.039
4524.69082,12.43,0.04
4527.57634,12.408,0.039
4527.58059,12.653,0.043
4529.62033,12.526,0.042
4529.62366,12.354,0.046
4531.68921,12.585,0.043
4532.58429,12.573,0.045
4534.55982,12.835,0.045
4535.65022,12.364,0.043
4537.57643,12.539,0.044
4538.54827,12.443,0.038
4539.58898,12.338,0.049
4540.56496,12.505,0.043
4541.60384,12.494,0.044
4542.57798,12.429,0.04
4543.62096,12.566,0.045
4546.59862,12.508,0.046
4547.66174,12.6,0.047
4548.59604,12.528,0.041
4551.58877,12.482,0.038
4552.64758,12.513,0.045
4554.54733,12.442,0.041
4555.52768,12.553,0.045
4556.56679,12.429,0.045
4557.55144,12.482,0.044
4558.57453,12.436,0.041
4559.60164,12.277,0.044
4561.55586,12.445,0.042
4562.52646,12.423,0.043
4563.57711,12.409,0.041
4564.57371,12.383,0.044
4566.52349,12.333,0.041
4566.58012,12.496,0.047
4568.55982,12.562,0.044
4568.60792,12.444,0.044
4570.59577,12.5,0.044
4571.51404,12.325,0.041
4573.51751,12.67,0.042
4574.50042,12.505,0.041
4575.5496,12.512,0.045
4576.53214,12.409,0.046
4579.55327,12.422,0.046
4583.51921,12.619,0.05
4586.48157,12.458,0.04
4588.49192,12.311,0.046
4589.49298,12.398,0.042
4590.52438,12.321,0.042
4592.48335,12.47,0.042
4593.48544,12.24,0.044
4595.46898,12.395,0.042
4595.51447,12.481,0.041
4597.48032,12.354,0.041
4597.51943,12.512,0.045
4600.5158,12.371,0.043
4602.46074,12.298,0.043
4609.49083,12.378,0.043
4618.46559,12.649,0.045
4623.45761,13.128,0.044
4646.93702,12.342,0.047
4651.9373,12.375,0.039
4663.93974,12.221,0.04
4666.935,12.24,0.043
4676.91537,12.237,0.039
4681.91149,12.21,0.043
4683.9087,12.251,0.042
4685.88907,12.249,0.042
4691.87084,12.34,0.045
4691.88967,12.212,0.039
4696.91585,12.192,0.042
4696.91791,12.274,0.048
4700.85401,12.217,0.04
4700.8754,12.238,0.042
4703.89102,12.203,0.042
4704.86966,12.22,0.044
4707.89103,12.309,0.043
4708.86988,12.284,0.041
4720.89124,12.201,0.048
4724.88106,12.136,0.041
4728.8172,12.128,0.039
4729.82355,12.241,0.044
4731.83532,12.126,0.046
4733.86162,12.244,0.042
4738.88404,12.251,0.041
4740.83876,12.226,0.042
4741.83428,12.141,0.039
4744.8149,12.169,0.047
4747.79929,12.189,0.043
4750.81603,12.205,0.04
4753.78129,12.194,0.04
4754.80728,12.254,0.046
4756.77203,12.158,0.055
4757.80572,12.274,0.043
4759.77026,12.198,0.039
4760.79533,12.237,0.043
4762.75791,12.325,0.038
4763.79225,12.234,0.043
4765.74815,12.272,0.04
4766.78272,12.278,0.042
4768.73724,12.327,0.037
4769.77301,12.299,0.041
4770.79894,12.276,0.04
4772.76808,12.35,0.044
4773.73665,12.187,0.038
4775.74745,12.275,0.043
4776.71504,12.308,0.039
4778.74454,12.242,0.044
4782.72604,12.282,0.041
4782.74475,12.344,0.045
4786.70057,12.209,0.039
4786.7324,12.27,0.043
4792.68471,12.269,0.039
4792.72566,12.3,0.042
4794.80952,12.309,0.041
4795.70863,12.351,0.044
4798.70739,12.306,0.042
4801.69117,12.308,0.042
4803.65359,12.323,0.044
4804.67507,12.324,0.042
4805.756,12.251,0.038
4806.76733,12.285,0.042
4808.62249,12.381,0.041
4809.66634,12.429,0.04
4810.68351,12.294,0.041
4813.70556,12.237,0.041
4815.64233,12.347,0.047
4818.70141,12.336,0.04
4819.67389,12.343,0.038
4821.63318,12.425,0.054
4822.64863,12.384,0.045
4823.7286,12.444,0.055
4824.74959,12.314,0.038
4826.70331,12.451,0.042
4827.67913,12.48,0.044
4829.64235,12.476,0.046
4829.75288,12.398,0.041
4834.6065,12.443,0.046
4836.68036,12.39,0.047
4837.61851,12.311,0.04
4838.74519,12.545,0.046
4839.65381,12.495,0.041
4843.65654,12.499,0.042
4843.78962,12.41,0.044
4846.65011,12.499,0.046
4846.74697,12.334,0.045
4848.75138,12.508,0.042
4849.63769,12.493,0.043
4857.55982,12.591,0.044
4860.58546,12.652,0.043
4863.62798,12.498,0.046
4865.60764,12.756,0.047
4868.62862,12.481,0.041
4868.72831,12.48,0.04
4870.72659,12.472,0.045
4871.60799,12.509,0.044
4872.77179,12.49,0.046
4876.66487,12.48,0.045
4879.60849,12.532,0.04
4881.59112,12.511,0.05
4881.65622,12.56,0.05
4884.6136,12.543,0.041
4892.65096,12.668,0.049
4893.66433,12.778,0.056
4917.53123,12.658,0.045
4919.59107,12.565,0.052
4920.55065,12.593,0.049
5021.92974,12.185,0.048
5040.93807,12.229,0.051
5048.88792,12.14,0.049
5084.86713,12.156,0.054
5086.85946,12.105,0.047
5087.89084,12.124,0.051
5093.84281,12.245,0.049
5098.79267,12.055,0.046
5098.83461,12.197,0.051
5104.87631,12.204,0.053
5113.7984,12.222,0.049
5116.84905,12.191,0.051
5122.86995,12.217,0.053
5131.80339,12.427,0.045
5135.80612,12.143,0.049
5154.78984,12.222,0.056
5157.67777,12.165,0.045
5157.71732,12.191,0.056
5163.69366,12.162,0.052
5165.72771,12.226,0.049
