1868.69967,9.722,0.04
1869.68954,9.74,0.04
1875.68822,9.732,0.04
1876.68702,9.723,0.04
1877.6874,9.709,0.034
1878.67711,9.661,0.033
1879.68046,9.645,0.034
1880.65447,9.615,0.04
1880.68371,9.616,0.046
1881.67115,9.58,0.036
1884.65046,9.5,0.038
1885.66733,9.469,0.035
1886.6687,9.441,0.035
1887.6596,9.429,0.037
1888.65902,9.435,0.04
1889.65569,9.405,0.036
1899.63502,9.6,0.034
1900.64641,9.62,0.032
1902.61975,9.672,0.035
1903.64944,9.685,0.038
1904.6183,9.724,0.038
1905.63253,9.735,0.034
1907.63945,9.746,0.033
1908.62501,9.745,0.033
1913.59734,9.911,0.036
1914.62216,9.643,0.035
1915.61463,9.613,0.037
1918.60239,9.545,0.035
1919.60996,9.523,0.037
1920.6119,9.514,0.036
1921.60705,9.511,0.036
1922.60602,9.494,0.031
1923.6022,9.477,0.036
1926.57129,9.471,0.04
1928.56412,9.466,0.033
1930.56109,9.513,0.037
1931.59348,9.489,0.054
1933.56228,9.53,0.031
1935.5328,9.593,0.036
1937.61064,9.601,0.03
1939.56451,9.634,0.029
1941.59622,9.638,0.03
1945.53858,9.61,0.033
1947.62209,9.605,0.038
1949.61848,9.571,0.038
1952.55051,9.499,0.033
1954.54615,9.464,0.039
1954.57929,9.477,0.036
1958.55945,9.449,0.03
1961.57446,9.459,0.03
1964.53298,9.502,0.028
1966.55359,9.534,0.029
1968.54101,9.54,0.032
1978.577,9.506,0.041
1981.52529,9.499,0.035
1997.49195,9.668,0.047
2027.47992,9.559,0.039
2032.47437,9.611,0.045
2116.88994,9.555,0.041
2129.87004,9.679,0.046
2132.9082,9.697,0.038
2143.82906,9.735,0.048
2156.81358,9.571,0.049
2156.84715,9.588,0.051
2166.83267,9.61,0.042
2166.86162,9.625,0.048
2167.81047,9.627,0.047
2168.79831,9.618,0.05
2168.88952,9.666,0.042
2171.76205,9.7,0.044
2171.79392,9.676,0.057
2172.83166,9.704,0.038
2172.85855,9.695,0.045
2174.75379,9.707,0.042
2183.7555,9.621,0.043
2183.78895,9.658,0.048
2185.75946,9.604,0.041
2185.79733,9.605,0.046
2186.81758,9.619,0.037
2189.79915,9.607,0.038
2190.78317,9.608,0.038
2190.82888,9.616,0.044
2191.80594,9.603,0.036
2191.86325,9.624,0.043
2192.7873,9.594,0.041
2192.82555,9.635,0.044
2193.79568,9.594,0.039
2194.75312,9.628,0.046
2194.79487,9.633,0.036
2196.74572,9.676,0.049
2197.83689,9.695,0.053
2198.76896,9.689,0.035
2199.74334,9.671,0.047
2199.82848,9.672,0.045
2200.8091,9.689,0.035
2201.7293,9.685,0.044
2201.83576,9.678,0.036
2202.76813,9.698,0.037
2202.7952,9.681,0.042
2204.72864,9.673,0.049
2206.72551,9.707,0.043
2206.79021,9.707,0.035
2208.71653,9.645,0.038
2212.64739,9.61,0.036
2212.68832,9.634,0.044
2213.70512,9.614,0.038
2213.73851,9.62,0.045
2214.7074,9.625,0.039
2214.75249,9.608,0.046
2215.70917,9.637,0.039
2215.79814,9.624,0.045
2216.71847,9.618,0.041
2216.74723,9.643,0.044
2217.73163,9.631,0.037
2217.76997,9.653,0.044
2221.75709,9.667,0.039
2222.74128,9.66,0.037
2222.75674,9.669,0.045
2224.70797,9.682,0.036
2224.73474,9.683,0.043
2225.70628,9.695,0.038
2225.7861,9.681,0.044
2226.7069,9.661,0.037
2226.74309,9.693,0.046
2227.69946,9.677,0.038
2227.77765,9.687,0.044
2228.7065,9.652,0.038
2228.73098,9.694,0.047
2229.69503,9.658,0.042
2230.69297,9.651,0.038
2230.72427,9.647,0.043
2232.69505,9.644,0.037
2232.71955,9.653,0.045
2233.68823,9.636,0.039
2233.71997,9.668,0.042
2234.68187,9.649,0.039
2234.71562,9.657,0.043
2235.68278,9.65,0.037
2235.70959,9.66,0.041
2236.67767,9.647,0.042
2236.71357,9.67,0.046
2237.67895,9.641,0.045
2237.71277,9.66,0.043
2239.6742,9.671,0.043
2239.70108,9.667,0.048
2240.67239,9.686,0.045
2240.70161,9.678,0.045
2241.67361,9.686,0.042
2241.70274,9.67,0.049
2242.66879,9.681,0.045
2242.69344,9.685,0.048
2243.6735,9.674,0.048
2244.67803,9.703,0.05
2244.70994,9.699,0.053
2247.65958,9.643,0.047
2247.70017,9.663,0.05
2248.66378,9.654,0.051
2248.69566,9.656,0.049
2249.66752,9.629,0.046
2249.69221,9.651,0.048
2250.6681,9.651,0.042
2251.66692,9.622,0.047
2251.6872,9.634,0.05
2252.65919,9.638,0.044
2252.68168,9.638,0.053
2253.67989,9.636,0.054
2254.65798,9.61,0.045
2254.68392,9.637,0.05
2255.65548,9.602,0.045
2255.67582,9.622,0.048
2256.65438,9.595,0.048
2256.67464,9.592,0.053
2258.65206,9.571,0.05
2258.68134,9.577,0.055
2260.6442,9.57,0.049
2260.66442,9.571,0.055
2465.92513,9.687,0.029
2470.93001,9.684,0.029
2493.87451,9.465,0.044
2496.849,9.511,0.031
2498.86552,9.526,0.035
2501.90076,9.652,0.039
2529.78599,9.653,0.035
2540.86089,9.627,0.042
2544.88747,9.572,0.041
2552.74328,9.575,0.035
2558.75605,9.617,0.038
2562.72279,9.646,0.032
2565.73209,9.655,0.036
2574.72559,9.609,0.038
2577.85887,9.646,0.034
2621.68588,9.549,0.04
2623.6149,9.564,0.039
2624.75797,9.556,0.038
2627.74987,9.574,0.043
2629.76434,9.603,0.043
2634.66644,9.633,0.035
2636.7021,9.635,0.037
2638.6912,9.641,0.035
2640.68925,9.651,0.037
2642.68711,9.658,0.037
2644.68301,9.63,0.037
2646.66244,9.621,0.038
2649.65198,9.611,0.037
2651.62917,9.599,0.041
2652.80269,9.613,0.037
2654.64006,9.63,0.038
2657.6734,9.677,0.044
2661.68235,9.718,0.037
2663.67879,9.74,0.036
2665.67163,9.736,0.036
2667.67113,9.72,0.039
2669.66057,9.728,0.037
2671.65971,9.697,0.035
2673.65422,9.653,0.037
2675.64205,9.61,0.037
2677.62382,9.579,0.036
2679.61406,9.581,0.042
2681.60588,9.526,0.039
2683.60938,9.496,0.036
2689.61604,9.465,0.041
2691.61018,9.474,0.035
2693.62265,9.484,0.032
2695.61067,9.54,0.031
2697.61689,9.578,0.031
2699.60734,9.619,0.031
2701.6054,9.684,0.034
2703.60126,9.718,0.032
2705.59348,9.699,0.037
2707.59168,9.718,0.033
2709.57833,9.71,0.033
2711.58024,9.681,0.032
2715.58793,9.635,0.036
2719.52074,9.545,0.034
2721.56133,9.496,0.032
2723.5634,9.484,0.034
2725.56025,9.484,0.033
2727.55389,9.499,0.031
2729.55203,9.564,0.033
2733.53997,9.655,0.038
2735.53567,9.691,0.034
2739.55032,9.741,0.037
2741.52556,9.743,0.035
2743.52324,9.695,0.037
2751.48724,9.565,0.03
2754.49263,9.565,0.031
2756.49445,9.582,0.04
2758.48772,9.58,0.047
2760.51712,9.605,0.033
2762.51833,9.599,0.043
2764.5052,9.64,0.034
2766.4833,9.636,0.033
2784.46137,9.5,0.037
2786.46399,9.503,0.034
2814.94595,9.586,0.039
2840.91878,9.832,0.035
2853.92658,9.728,0.037
2858.8901,9.652,0.031
2867.84739,9.757,0.034
2875.90015,9.789,0.037
2879.85757,9.725,0.04
2883.9133,9.658,0.042
2885.87538,9.611,0.034
2893.77739,9.508,0.043
2895.82693,9.541,0.033
2897.85353,9.614,0.034
2906.79934,9.81,0.032
2910.79205,9.805,0.035
2922.71233,9.6,0.038
2924.78614,9.599,0.036
2927.73632,9.614,0.029
2929.75833,9.639,0.031
2931.80462,9.685,0.034
2933.79945,9.695,0.036
2935.80023,9.713,0.039
2939.78682,9.712,0.036
2943.71714,9.743,0.037
2947.70944,9.68,0.044
2949.76532,9.641,0.034
2957.70264,9.55,0.028
2962.69803,9.63,0.048
2964.74285,9.569,0.051
2966.74823,9.618,0.053
2976.68837,9.75,0.049
2982.72685,9.675,0.05
2984.76439,9.631,0.034
2989.68093,9.541,0.033
2991.69811,9.552,0.036
2996.60773,9.709,0.033
2998.66002,9.664,0.038
3001.64956,9.743,0.034
3005.64021,9.811,0.044
3007.64284,9.813,0.048
3009.68833,9.775,0.045
3011.68617,9.736,0.039
3013.70592,9.626,0.039
3016.69882,9.513,0.03
3018.68935,9.456,0.033
3023.67989,9.446,0.038
3028.65656,9.516,0.029
3030.6999,9.538,0.031
3035.57124,9.576,0.034
3041.663,9.625,0.044
3043.74396,9.625,0.049
3046.59509,9.614,0.034
3049.57988,9.59,0.032
3051.70927,9.578,0.041
3054.58245,9.56,0.034
3056.59694,9.544,0.05
3058.66326,9.553,0.041
3060.68676,9.576,0.028
3068.61969,9.617,0.036
3070.64992,9.604,0.04
3073.58915,9.612,0.035
3075.62078,9.633,0.037
3077.64865,9.615,0.038
3079.65954,9.598,0.037
3082.56006,9.551,0.032
3086.56098,9.518,0.045
3088.57988,9.489,0.041
3090.58899,9.489,0.043
3092.58403,9.548,0.028
3096.58498,9.559,0.035
3098.60759,9.584,0.035
3101.52501,9.61,0.039
3103.53394,9.603,0.035
3111.55321,9.565,0.033
3114.50132,9.532,0.03
3122.50938,9.579,0.043
3131.48644,9.834,0.049
3133.51035,9.788,0.031
3355.62401,9.637,0.039
3357.71993,9.68,0.032
3363.64448,9.648,0.043
3365.69079,9.688,0.047
3366.71684,9.712,0.054
3386.71951,9.632,0.053
3389.60392,9.614,0.037
3390.73862,9.619,0.045
3391.58684,9.609,0.046
3393.77257,9.591,0.052
3394.69969,9.603,0.039
3396.79619,9.583,0.044
3399.59562,9.564,0.037
3400.68684,9.575,0.037
3400.79961,9.588,0.039
3404.65514,9.614,0.035
3406.65497,9.646,0.044
3408.67348,9.686,0.041
3410.75404,9.669,0.045
3413.55992,9.66,0.051
3415.56236,9.693,0.05
3417.57842,9.658,0.045
3419.57964,9.656,0.039
3421.59775,9.727,0.041
3425.63272,9.644,0.043
3427.64307,9.65,0.035
3431.62692,9.634,0.04
3433.62292,9.596,0.04
3436.62929,9.577,0.039
3439.61953,9.54,0.029
3442.61596,9.505,0.036
3446.62264,9.513,0.04
3448.59288,9.564,0.038
3450.53797,9.588,0.045
3450.58429,9.57,0.035
3453.56677,9.662,0.051
3455.6051,9.695,0.04
3459.61455,9.748,0.033
3462.51672,9.713,0.043
3464.58643,9.711,0.029
3466.59344,9.715,0.031
3469.59513,9.7,0.03
3474.51905,9.66,0.035
3477.51217,9.662,0.034
3479.55263,9.635,0.035
3490.51534,9.71,0.04
3492.52507,9.699,0.041
3497.51603,9.725,0.038
3501.46955,9.723,0.037
3504.47315,9.702,0.038
3512.46095,9.671,0.04
3563.93127,9.729,0.039
3575.91116,9.553,0.035
3579.92657,9.531,0.036
3588.90799,9.672,0.037
3592.88656,9.775,0.041
3597.86767,9.784,0.037
3601.85815,9.728,0.039
3618.85638,9.537,0.05
3621.88501,9.718,0.044
3625.88725,9.628,0.03
3629.82506,9.642,0.036
3633.80556,9.645,0.038
3643.82662,9.536,0.032
3647.84012,9.523,0.029
3650.8201,9.546,0.029
3653.79131,9.548,0.046
3658.77315,9.638,0.035
3661.7732,9.585,0.04
3664.76323,9.542,0.036
3671.75849,9.481,0.034
3674.74876,9.518,0.034
3677.73833,9.548,0.034
3699.67545,9.575,0.046
3702.66958,9.539,0.035
3705.65763,9.493,0.039
3707.75328,9.489,0.034
3711.77022,9.54,0.034
3713.70821,9.559,0.035
3716.62711,9.584,0.04
3718.68742,9.587,0.042
3726.62676,9.569,0.038
3728.67895,9.54,0.043
3731.80116,9.581,0.047
3734.67554,9.538,0.05
3737.64954,9.524,0.036
3739.6866,9.512,0.037
3741.71469,9.532,0.036
3744.65393,9.524,0.041
3749.66757,9.596,0.047
3751.76606,9.604,0.051
3754.64454,9.609,0.043
3756.71605,9.605,0.051
3758.7899,9.56,0.04
3761.65277,9.523,0.05
3763.74139,9.529,0.057
3766.61688,9.491,0.049
3768.71866,9.547,0.042
3771.56543,9.541,0.047
3773.64988,9.555,0.053
3775.64795,9.582,0.044
3783.59555,9.581,0.047
3787.71046,9.58,0.045
3790.57722,9.538,0.042
3795.55252,9.529,0.043
3797.59428,9.566,0.042
3799.6569,9.573,0.043
3802.55829,9.617,0.05
3804.61882,9.607,0.044
3806.61735,9.633,0.045
3809.63064,9.602,0.048
3811.63722,9.583,0.045
3814.53713,9.597,0.039
3818.60617,9.631,0.041
3823.5557,9.66,0.045
3825.58739,9.668,0.053
3827.60146,9.654,0.042
3830.53511,9.653,0.039
3832.55069,9.617,0.047
3834.55984,9.611,0.042
3836.56558,9.587,0.048
3849.48471,9.634,0.046
3851.51579,9.664,0.042
3853.53217,9.634,0.035
3856.50013,9.634,0.045
3861.51593,9.622,0.041
3864.48689,9.56,0.043
3866.49462,9.552,0.046
3869.49164,9.556,0.046
3872.47853,9.585,0.038
3876.48042,9.613,0.036
3881.46801,9.659,0.039
4104.65607,9.599,0.046
4106.69798,9.607,0.031
4109.71437,9.6,0.037
4128.70635,9.547,0.034
4132.69993,9.628,0.034
4134.74153,9.65,0.038
4139.59354,9.672,0.031
4141.61912,9.67,0.033
4143.64709,9.627,0.037
4145.70976,9.639,0.037
4149.63974,9.607,0.04
4151.64327,9.582,0.038
4155.64874,9.607,0.036
4163.69337,9.611,0.038
4174.60458,9.637,0.032
4176.61995,9.647,0.036
4179.64724,9.629,0.053
4182.56174,9.629,0.033
4190.59979,9.557,0.034
4192.60278,9.552,0.034
4196.53919,9.579,0.055
4201.54141,9.644,0.033
4204.53694,9.668,0.032
4216.52178,9.556,0.046
4238.48912,9.653,0.051
4247.46334,9.654,0.032
4285.93589,9.65,0.039
4292.93038,9.635,0.039
4296.93728,9.634,0.043
4300.92623,9.594,0.038
4304.90527,9.603,0.028
4307.91482,9.574,0.029
4311.90783,9.544,0.031
4330.86674,9.586,0.031
4333.86682,9.633,0.047
4338.86716,9.55,0.028
4341.83397,9.569,0.034
4347.87175,9.606,0.032
4355.82444,9.631,0.028
4362.81867,9.581,0.031
4364.88017,9.561,0.029
4368.82045,9.544,0.032
4371.82823,9.549,0.035
4374.82524,9.582,0.051
4377.81756,9.6,0.038
4380.80351,9.628,0.036
4383.80507,9.658,0.034
4386.81129,9.648,0.028
4398.86842,9.511,0.042
4402.76618,9.585,0.032
4406.7867,9.659,0.051
4409.7372,9.627,0.031
4412.79135,9.621,0.029
4420.76525,9.562,0.044
4423.70163,9.658,0.034
4426.78932,9.665,0.049
4429.68109,9.668,0.038
4431.7351,9.651,0.035
4433.80775,9.63,0.03
4436.67062,9.6,0.039
4438.77942,9.607,0.037
4452.6873,9.671,0.029
4457.67184,9.623,0.042
4459.79058,9.609,0.044
4462.68746,9.6,0.032
4464.77924,9.616,0.031
4467.64628,9.601,0.034
4469.73976,9.63,0.037
4475.60132,9.639,0.032
4478.61286,9.83,0.044
4480.67955,9.685,0.041
4484.60901,9.692,0.033
4486.66847,9.681,0.046
4488.70448,9.691,0.046
4490.72296,9.652,0.031
4492.76504,9.656,0.031
4494.76463,9.68,0.031
4498.69914,9.638,0.035
4501.63825,9.606,0.035
4503.72662,9.587,0.036
4506.62752,9.596,0.039
4508.71004,9.582,0.042
4511.56778,9.613,0.036
4516.67551,9.632,0.047
4519.5722,9.635,0.043
4521.60767,9.63,0.029
4523.6302,9.613,0.04
4525.64703,9.577,0.043
4527.6643,9.569,0.032
4530.59411,9.569,0.035
4532.64544,9.589,0.036
4536.51793,9.607,0.034
4538.58343,9.626,0.031
4540.59507,9.758,0.045
4542.60713,9.659,0.04
4546.62125,9.652,0.048
4548.61645,9.642,0.041
4551.59945,9.649,0.033
4554.55044,9.667,0.038
4556.56983,9.706,0.042
4558.5783,9.698,0.029
4560.6073,9.671,0.033
4563.53692,9.632,0.039
4565.5655,9.645,0.034
4568.51971,9.639,0.03
4570.53021,9.637,0.031
4572.55698,9.624,0.037
4575.52231,9.57,0.042
4579.52357,9.579,0.039
4582.54981,9.625,0.034
4586.499,9.642,0.033
4589.50992,9.623,0.041
4592.49515,9.636,0.038
4595.47496,9.628,0.034
4597.48621,9.601,0.035
4601.48819,9.579,0.033
4608.46707,9.586,0.043
4646.93702,9.44,0.048
4651.94052,9.494,0.03
4663.93974,9.608,0.045
4666.935,9.645,0.043
4671.90676,9.671,0.029
4676.92823,9.655,0.033
4681.91149,9.614,0.035
4681.91526,9.578,0.031
4683.9087,9.562,0.039
4685.88907,9.534,0.035
4685.8919,9.543,0.034
4691.87084,9.568,0.04
4691.88967,9.555,0.033
4693.88946,9.559,0.039
4697.91236,9.594,0.03
4700.89681,9.611,0.029
4704.85545,9.636,0.037
4708.85482,9.654,0.03
4720.89776,9.531,0.028
4724.88771,9.552,0.039
4728.82477,9.642,0.029
4731.86075,9.69,0.054
4740.80781,9.644,0.03
4743.81779,9.613,0.029
4750.76122,9.568,0.031
4753.79132,9.589,0.032
4756.78738,9.608,0.037
4759.77218,9.688,0.03
4762.77073,9.737,0.029
4765.76199,9.791,0.033
4768.74981,9.778,0.03
4774.73351,9.636,0.031
4777.72294,9.56,0.032
4780.71123,9.467,0.037
4783.80276,9.47,0.043
4786.80041,9.514,0.036
4792.69554,9.655,0.03
4795.67853,9.661,0.033
4798.69021,9.704,0.031
4800.7674,9.677,0.044
4803.66924,9.616,0.033
4805.77019,9.58,0.031
4808.64068,9.565,0.033
4810.69825,9.543,0.052
4813.71055,9.56,0.038
4816.65605,9.835,0.035
4819.6881,9.628,0.031
4822.65693,9.643,0.037
4824.80504,9.642,0.032
4827.68501,9.629,0.039
4829.75882,9.623,0.033
4834.7504,9.56,0.031
4837.62775,9.546,0.038
4839.69335,9.524,0.041
4844.67506,9.489,0.048
4847.65509,9.495,0.04
4849.73912,9.512,0.037
4852.62972,9.569,0.039
4855.6426,9.59,0.036
4861.60566,9.639,0.053
4863.6626,9.619,0.034
4868.74567,9.545,0.041
4871.61716,9.529,0.042
4879.62983,9.546,0.046
4881.67719,9.581,0.033
4884.62288,9.593,0.037
5021.92974,9.666,0.053
5040.93807,9.563,0.055
5147.724,9.597,0.053
5157.69007,9.768,0.05
