1868.68917,11.943,0.075
1868.71824,12.11,0.07
1869.67663,12.033,0.06
1869.68954,12.03,0.06
1869.71057,12.057,0.065
1871.69045,11.998,0.074
1871.7453,12.073,0.067
1872.68421,12.165,0.073
1873.68817,12.205,0.066
1874.68446,12.177,0.061
1875.68822,12.24,0.06
1876.67423,12.235,0.059
1876.68702,12.27,0.067
1876.70338,12.204,0.065
1877.67913,12.32,0.055
1877.70378,12.314,0.059
1878.6665,12.298,0.051
1878.70032,12.299,0.055
1879.66762,12.31,0.043
1879.68046,12.393,0.047
1879.69685,12.428,0.053
1880.65447,12.339,0.054
1880.68371,12.316,0.051
1881.6674,12.311,0.048
1881.67115,12.424,0.049
1884.65046,12.431,0.053
1885.66733,12.48,0.046
1886.6579,12.462,0.047
1886.6687,12.517,0.049
1886.68525,12.505,0.048
1887.64684,12.639,0.053
1887.6596,12.442,0.051
1887.6761,12.516,0.057
1888.65306,12.503,0.058
1888.65902,12.659,0.058
1888.67547,12.583,0.06
1889.65423,12.64,0.047
1889.67898,12.673,0.049
1899.63121,12.67,0.052
1899.65382,12.709,0.049
1900.6449,12.62,0.041
1900.66975,12.53,0.046
1902.61975,12.287,0.046
1903.64944,11.988,0.052
1904.6183,11.875,0.055
1905.63253,11.869,0.044
1907.63945,11.737,0.04
1908.62501,11.815,0.044
1913.59734,11.959,0.041
1914.62216,12.047,0.042
1915.61463,12.029,0.049
1918.59168,12.208,0.042
1918.61681,12.023,0.045
1919.60996,12.132,0.048
1920.6119,12.115,0.041
1921.60705,12.166,0.048
1922.60602,12.22,0.038
1923.6022,12.202,0.043
1926.57129,12.36,0.043
1928.56412,12.482,0.047
1930.56109,12.465,0.054
1931.59348,12.421,0.051
1933.56228,12.476,0.039
1935.5328,12.54,0.048
1937.61064,12.729,0.035
1939.56451,12.74,0.032
1941.59622,12.889,0.035
1945.53858,12.912,0.042
1947.62209,12.607,0.05
1949.61848,12.458,0.048
1952.55964,11.906,0.056
1954.54615,11.728,0.044
1954.57929,11.746,0.046
1958.55945,11.941,0.034
1961.57446,12.069,0.036
1964.53298,12.096,0.035
1966.55359,12.117,0.036
1968.54101,12.165,0.036
1978.577,12.306,0.045
1981.52529,12.505,0.039
2027.47992,12.49,0.051
2032.47437,12.576,0.046
2116.88994,12.259,0.058
2129.87004,12.683,0.066
2132.9082,12.756,0.054
2136.91815,12.76,0.052
2143.82906,12.051,0.063
2156.81358,12.034,0.072
2156.84715,12.034,0.062
2166.83267,12.288,0.051
2166.86162,12.246,0.059
2167.81047,12.339,0.066
2168.79831,12.51,0.063
2168.88952,12.364,0.054
2171.76205,12.519,0.051
2171.79392,12.511,0.059
2172.83166,12.394,0.053
2172.85855,12.46,0.05
2174.75379,12.492,0.053
2183.7555,12.79,0.058
2183.78895,12.781,0.055
2185.75946,12.842,0.054
2185.79733,12.745,0.051
2186.81758,12.688,0.044
2189.79915,12.58,0.057
2190.78317,12.368,0.048
2190.82888,12.321,0.051
2191.80594,12.158,0.052
2191.86325,12.033,0.057
2192.7873,11.882,0.056
2192.82555,11.902,0.051
2193.79568,11.763,0.052
2194.75312,11.768,0.051
2194.79487,11.752,0.048
2196.74572,11.738,0.054
2197.83689,11.834,0.053
2198.76896,11.873,0.047
2199.74334,11.884,0.049
2199.82848,11.899,0.054
2200.8091,11.889,0.044
2201.7293,11.952,0.053
2201.83576,11.956,0.054
2202.76813,11.97,0.05
2202.7952,12.005,0.049
2204.72864,11.962,0.052
2206.72551,12.001,0.051
2206.79021,12.115,0.041
2208.71653,12.086,0.048
2212.64739,12.217,0.054
2212.68832,12.167,0.051
2213.70512,12.199,0.048
2213.73851,12.268,0.05
2214.7074,12.224,0.049
2214.75249,12.305,0.05
2215.70917,12.4,0.053
2215.79814,12.388,0.05
2216.71847,12.35,0.054
2216.74723,12.378,0.048
2217.73163,12.384,0.052
2217.76997,12.375,0.051
2221.75709,12.483,0.048
2222.74128,12.655,0.045
2222.75674,12.609,0.054
2224.70797,12.59,0.046
2224.73474,12.492,0.047
2225.70628,12.529,0.048
2225.7861,12.603,0.052
2226.7069,12.703,0.046
2226.74309,12.594,0.053
2227.69946,12.817,0.047
2227.77765,12.63,0.046
2228.7065,12.653,0.047
2228.73098,12.712,0.054
2229.69503,13.013,0.046
2230.69297,12.893,0.049
2230.72427,12.718,0.054
2232.69505,12.869,0.043
2232.71955,12.711,0.052
2233.68823,12.795,0.047
2233.71997,12.657,0.046
2234.71562,12.802,0.049
2235.68278,12.744,0.043
2235.70959,12.632,0.046
2236.67767,12.636,0.051
2236.71357,12.574,0.05
2237.67895,12.515,0.055
2237.71277,12.48,0.048
2239.6742,12.103,0.048
2239.70108,12.103,0.054
2240.67239,12.028,0.056
2240.70161,11.908,0.05
2241.67361,11.772,0.048
2241.70274,11.699,0.052
2242.66879,11.715,0.051
2242.69344,11.797,0.052
2243.6735,11.931,0.057
2244.67803,11.743,0.056
2244.70994,11.888,0.054
2247.65958,11.863,0.057
2247.70017,11.816,0.057
2248.66378,11.901,0.058
2248.69566,11.889,0.056
2249.66752,11.851,0.057
2249.69221,11.973,0.054
2250.6681,11.871,0.049
2251.66692,11.997,0.059
2251.6872,11.977,0.059
2252.65919,11.996,0.053
2252.68168,12.017,0.058
2253.67989,12.063,0.06
2254.65798,11.993,0.054
2254.68392,12.102,0.058
2255.65548,12.136,0.053
2255.67582,12.119,0.055
2256.65438,12.094,0.058
2256.67464,12.13,0.061
2258.65206,12.161,0.065
2258.68134,12.287,0.065
2260.6442,12.24,0.06
2260.66442,12.217,0.06
2465.91531,12.588,0.044
2465.92513,12.572,0.038
2467.91664,12.662,0.034
2470.92024,12.773,0.036
2470.93001,12.789,0.039
2497.87708,12.215,0.043
2498.85384,12.275,0.042
2498.86552,12.173,0.039
2499.87451,12.163,0.044
2501.89136,12.25,0.045
2519.86125,12.762,0.05
2529.78599,11.771,0.059
2540.86089,12.071,0.053
2544.88113,12.189,0.05
2544.88747,12.121,0.048
2545.75913,12.118,0.061
2552.73376,12.44,0.046
2552.74328,12.409,0.04
2556.79583,12.328,0.049
2557.75511,12.3,0.05
2558.75605,12.5,0.055
2559.76632,12.532,0.048
2559.81832,12.515,0.054
2561.72619,12.522,0.043
2561.7696,12.439,0.048
2562.8748,12.628,0.072
2564.72256,12.62,0.064
2564.7591,12.882,0.057
2565.73209,12.792,0.041
2565.82593,12.801,0.059
2574.71682,12.408,0.059
2574.72559,12.401,0.057
2577.85887,11.807,0.05
2621.68588,12.482,0.039
2623.6149,12.285,0.037
2624.75797,12.054,0.047
2625.64474,11.828,0.046
2627.74987,11.782,0.041
2629.76434,11.831,0.042
2634.66644,11.867,0.036
2636.67733,12.007,0.039
2636.7021,11.903,0.043
2638.66641,12.065,0.041
2638.6912,12.159,0.038
2640.68925,12.089,0.039
2642.68711,12.088,0.037
2644.68301,12.191,0.042
2646.66244,12.221,0.038
2649.65198,12.336,0.037
2651.62917,12.302,0.037
2652.80269,12.396,0.05
2654.64006,12.411,0.038
2657.6734,12.543,0.041
2661.68235,12.632,0.04
2663.67879,12.762,0.038
2665.67163,12.654,0.04
2667.67113,13.138,0.04
2669.66057,12.534,0.039
2671.65971,12.256,0.04
2673.65422,11.828,0.04
2675.64205,11.763,0.039
2677.62382,11.803,0.038
2679.61406,11.859,0.043
2681.60588,11.832,0.04
2683.60938,11.92,0.039
2689.61604,12.129,0.044
2691.61018,12.294,0.042
2693.62265,12.257,0.041
2695.61067,12.277,0.041
2697.61689,12.372,0.041
2699.60734,12.369,0.044
2701.6054,12.499,0.045
2703.60126,12.512,0.04
2705.59348,12.539,0.045
2707.59168,12.686,0.044
2709.57833,12.715,0.043
2711.58024,12.645,0.04
2715.58793,12.81,0.041
2719.52074,12.254,0.039
2721.56133,12.003,0.043
2723.5634,11.805,0.041
2725.56025,11.829,0.042
2727.55389,11.88,0.043
2729.55203,11.953,0.04
2733.53997,12.048,0.041
2735.53567,12.053,0.039
2739.55032,12.162,0.04
2741.52556,12.239,0.041
2743.52324,12.32,0.042
2751.48724,12.616,0.042
2754.49263,12.679,0.041
2756.49445,12.614,0.042
2758.48772,12.749,0.047
2760.51712,12.823,0.038
2762.51833,12.852,0.044
2764.5052,12.803,0.043
2766.4833,12.531,0.035
2784.46137,12.082,0.039
2786.46399,12.174,0.039
2814.94595,12.428,0.041
2836.91227,12.166,0.036
2840.91878,12.309,0.036
2844.93595,12.39,0.037
2853.90759,12.772,0.044
2853.92658,12.659,0.037
2858.88499,12.85,0.037
2858.8901,12.79,0.033
2860.89027,12.752,0.035
2861.8954,12.794,0.042
2862.89038,12.584,0.043
2867.83981,11.818,0.042
2867.84739,11.746,0.037
2875.90015,11.943,0.038
2879.85757,12.068,0.035
2883.9133,12.133,0.04
2885.87538,12.195,0.036
2886.86109,12.277,0.046
2893.77739,12.457,0.043
2895.82256,12.607,0.04
2895.82693,12.55,0.036
2897.85353,12.533,0.037
2900.82052,12.705,0.047
2906.79934,12.774,0.036
2910.79205,12.552,0.036
2918.74124,11.875,0.046
2922.71233,11.876,0.038
2924.78614,11.964,0.037
2927.73465,12.061,0.037
2927.73632,12.077,0.035
2929.75833,12.096,0.036
2931.80462,12.18,0.036
2933.79945,12.161,0.036
2935.80023,12.296,0.033
2939.78682,12.402,0.035
2943.69895,12.6,0.039
2943.71714,12.547,0.035
2947.70944,12.841,0.041
2947.74796,12.63,0.042
2949.76532,12.695,0.036
2957.70264,12.81,0.036
2962.69803,11.864,0.041
2964.74285,11.768,0.039
2966.74823,11.775,0.047
2976.68837,12.154,0.038
2982.72685,12.314,0.046
2984.76439,12.26,0.038
2989.68093,12.495,0.039
2991.69811,12.522,0.049
2996.60773,12.783,0.048
2998.66002,12.682,0.046
3001.64956,12.806,0.037
3005.64021,12.66,0.041
3007.64284,12.378,0.042
3009.68833,12.06,0.05
3011.68617,11.766,0.037
3013.70592,11.78,0.039
3016.69882,11.887,0.037
3018.68935,11.959,0.044
3023.67989,12.157,0.04
3028.65656,12.201,0.04
3030.6999,12.367,0.038
3035.57124,12.391,0.038
3041.663,12.453,0.039
3043.74396,12.496,0.041
3046.59509,12.727,0.037
3049.57988,12.663,0.037
3051.70927,12.876,0.045
3054.58245,12.669,0.037
3056.59694,12.406,0.043
3058.66326,11.881,0.038
3060.68676,11.772,0.039
3068.61969,11.99,0.039
3070.64992,11.973,0.038
3073.58915,12.123,0.037
3075.62078,12.104,0.039
3077.64865,12.167,0.038
3079.65954,12.353,0.037
3082.56006,12.371,0.037
3086.56098,12.51,0.041
3088.57988,12.539,0.042
3090.58899,12.661,0.045
3092.58403,12.623,0.035
3096.58498,12.745,0.037
3098.60759,12.838,0.037
3101.52501,12.746,0.037
3103.53394,12.569,0.037
3111.55321,11.861,0.036
3114.50132,11.914,0.04
3122.50938,12.167,0.044
3131.48644,12.423,0.043
3133.51035,12.404,0.039
3355.61416,11.925,0.057
3356.64313,11.932,0.049
3357.71071,11.973,0.053
3363.64448,12.145,0.065
3365.69079,12.161,0.053
3366.71684,12.139,0.071
3386.71951,12.865,0.057
3388.71026,12.813,0.051
3388.75966,12.742,0.048
3390.73862,12.763,0.054
3391.58684,12.624,0.058
3393.77257,12.401,0.066
3394.68791,12.12,0.049
3398.78831,11.805,0.05
3400.68684,11.86,0.054
3400.79961,11.828,0.044
3403.67444,11.879,0.043
3405.6852,12.002,0.043
3406.55713,12.025,0.062
3407.71934,12.014,0.052
3409.71462,12.039,0.049
3410.6344,12.107,0.055
3412.59242,12.174,0.043
3414.5982,12.276,0.04
3414.69402,12.212,0.047
3416.68584,12.317,0.065
3418.61735,12.279,0.061
3418.70873,12.443,0.061
3420.66814,12.313,0.057
3424.66249,12.438,0.061
3424.69566,12.472,0.066
3426.66003,12.612,0.05
3426.69949,12.592,0.048
3430.66898,12.698,0.046
3430.71164,12.675,0.052
3432.66824,12.816,0.053
3432.70855,12.73,0.059
3434.70547,13.281,0.054
3438.52916,12.809,0.042
3438.54057,12.668,0.05
3440.63516,12.557,0.043
3443.6842,11.894,0.047
3444.54038,11.826,0.048
3445.67276,11.831,0.051
3446.55699,11.747,0.041
3447.67193,11.86,0.048
3448.59288,11.797,0.061
3450.53797,11.933,0.052
3450.58429,11.899,0.05
3453.56677,11.95,0.047
3455.55229,11.998,0.045
3455.58472,12.08,0.053
3457.59964,12,0.042
3459.57908,12.151,0.05
3459.59733,12.062,0.046
3461.60306,12.261,0.057
3462.51098,12.181,0.043
3463.6295,12.198,0.053
3464.57984,12.275,0.042
3466.52766,12.304,0.056
3468.51988,12.289,0.055
3469.53291,12.425,0.044
3470.54425,12.412,0.047
3471.54027,12.425,0.05
3472.5624,12.562,0.07
3473.53521,12.522,0.047
3475.50636,12.563,0.054
3478.50816,12.663,0.045
3478.52424,12.582,0.05
3483.49794,12.879,0.05
3490.50389,12.188,0.05
3492.50778,11.837,0.048
3497.49017,11.843,0.046
3497.50101,11.853,0.045
3500.51056,12.012,0.057
3501.46334,11.949,0.047
3503.48349,12.019,0.052
3504.46692,12.011,0.05
3511.48738,12.31,0.046
3512.45451,12.313,0.048
3517.4615,12.392,0.055
3521.46723,12.464,0.057
3562.93598,12.416,0.067
3570.93544,12.556,0.042
3573.93508,12.624,0.047
3574.93561,12.837,0.045
3577.92866,12.764,0.049
3578.92152,12.722,0.052
3588.89899,11.826,0.059
3590.90218,11.73,0.067
3592.87241,11.802,0.055
3596.92908,11.923,0.054
3601.84344,12.019,0.061
3601.89718,12.054,0.071
3618.84629,12.531,0.052
3618.88852,12.492,0.054
3621.86921,12.627,0.058
3622.86021,12.64,0.049
3625.87662,12.718,0.046
3626.84505,12.839,0.045
3629.81325,12.677,0.051
3630.82219,12.723,0.048
3631.71135,12.582,0.047
3631.74322,12.723,0.044
3631.77502,12.75,0.053
3631.8049,12.585,0.052
3631.8333,12.488,0.047
3631.86615,12.675,0.044
3631.89704,12.549,0.041
3633.80333,12.372,0.048
3634.84183,12.101,0.056
3636.83217,11.823,0.05
3638.86869,11.796,0.06
3639.84832,11.848,0.054
3641.85847,11.824,0.053
3642.83372,11.909,0.059
3646.83775,12.083,0.045
3646.85684,12.032,0.043
3652.79506,12.173,0.054
3653.78866,12.258,0.064
3655.74346,12.256,0.055
3657.83197,12.291,0.045
3659.79834,12.253,0.048
3662.80111,12.35,0.049
3663.77046,12.372,0.05
3665.79586,12.508,0.05
3666.75685,12.45,0.044
3669.79461,12.703,0.045
3670.70235,12.699,0.047
3672.7764,12.638,0.048
3672.80065,12.922,0.046
3675.72926,12.911,0.056
3675.77662,12.779,0.056
3680.74153,12.527,0.048
3680.77334,12.456,0.051
3699.70591,12.082,0.056
3701.66784,12.256,0.049
3702.69914,12.198,0.053
3703.81558,12.252,0.044
3705.68917,12.294,0.053
3706.66441,12.246,0.049
3708.68114,12.296,0.055
3711.71208,12.372,0.042
3712.72425,12.453,0.049
3713.68437,12.535,0.043
3714.7234,12.495,0.048
3715.76627,12.479,0.062
3717.66029,12.778,0.062
3718.63108,12.499,0.047
3719.74507,12.665,0.052
3720.72076,12.761,0.047
3722.64376,12.703,0.053
3722.78097,12.828,0.053
3725.69772,12.8,0.051
3727.72746,12.681,0.047
3728.59469,12.684,0.052
3730.78415,12.213,0.071
3731.63205,12.098,0.056
3734.65291,11.817,0.047
3736.71143,11.763,0.056
3736.76957,11.879,0.05
3739.58643,11.922,0.052
3739.59687,11.881,0.057
3741.6862,11.937,0.056
3741.69693,11.953,0.047
3744.63263,12.012,0.051
3744.64235,12.039,0.07
3746.71976,12.035,0.06
3746.74406,12.129,0.053
3748.78949,12.133,0.047
3749.65606,12.251,0.073
3751.76112,12.266,0.049
3753.75701,12.369,0.048
3754.63512,12.318,0.046
3756.61482,12.377,0.046
3756.70521,12.36,0.056
3758.68378,12.362,0.05
3758.72761,12.436,0.047
3760.76078,12.401,0.046
3761.64634,12.536,0.049
3763.63232,12.527,0.046
3763.73711,12.511,0.057
3765.72527,12.616,0.044
3766.6118,12.77,0.055
3768.61772,12.841,0.046
3768.71357,12.84,0.055
3770.68839,12.974,0.06
3771.5637,12.838,0.05
3772.74849,12.779,0.049
3773.64817,12.891,0.049
3775.56775,12.604,0.05
3775.64618,12.681,0.045
3779.66123,11.953,0.046
3783.58172,11.853,0.048
3787.58259,11.978,0.053
3787.62583,11.959,0.049
3789.63841,12.003,0.045
3789.68727,11.999,0.052
3792.5773,11.986,0.047
3794.60992,12.096,0.051
3794.63602,12.115,0.051
3796.63877,12.077,0.043
3796.65636,12.132,0.047
3798.6789,12.219,0.051
3798.71248,12.209,0.059
3800.66897,12.248,0.052
3801.55129,12.257,0.056
3803.61235,12.212,0.05
3803.62828,12.197,0.048
3805.63605,12.379,0.073
3805.65245,12.285,0.05
3808.66743,12.678,0.046
3809.54334,12.534,0.045
3810.68006,12.469,0.05
3811.57258,12.556,0.041
3813.52754,12.713,0.045
3813.59665,12.782,0.048
3815.5784,12.645,0.049
3815.63005,12.613,0.066
3817.61225,12.681,0.07
3818.52943,12.727,0.044
3819.63271,12.74,0.054
3820.56888,12.795,0.048
3822.56113,12.715,0.05
3823.52405,12.652,0.054
3824.59967,12.68,0.046
3825.55681,12.265,0.045
3826.60003,12.176,0.045
3827.57807,12.133,0.069
3828.61026,11.838,0.052
3831.5198,11.754,0.049
3832.54236,11.744,0.044
3833.55088,11.859,0.055
3834.55144,11.821,0.041
3835.5656,11.924,0.047
3836.5557,11.989,0.053
3837.57719,11.907,0.048
3850.56284,12.197,0.052
3851.48575,12.41,0.046
3852.55426,12.258,0.058
3853.49709,12.388,0.037
3854.5597,12.416,0.062
3858.50907,12.574,0.059
3860.51634,12.627,0.061
3862.47397,12.745,0.044
3862.51547,12.642,0.046
3865.46814,12.69,0.052
3865.4831,12.838,0.06
3868.47544,12.803,0.045
3868.48447,12.71,0.05
3870.50163,12.753,0.048
3871.47297,12.635,0.05
3875.48822,12.104,0.048
3876.45678,11.85,0.047
3877.48921,11.751,0.049
3877.49161,11.789,0.049
3881.48365,11.814,0.051
3887.46053,11.933,0.056
3892.45578,12.136,0.056
4090.64928,12.328,0.05
4103.66182,12.702,0.052
4103.69503,12.572,0.049
4105.72956,12.848,0.055
4105.76998,12.825,0.047
4107.70811,12.661,0.044
4107.77779,12.831,0.045
4111.77724,12.849,0.07
4126.66707,11.947,0.044
4126.70582,11.977,0.046
4128.68979,11.979,0.046
4128.71465,12.03,0.047
4130.6804,12.089,0.05
4132.68203,12.145,0.054
4132.70965,12.134,0.051
4134.71931,12.115,0.042
4134.75202,12.111,0.044
4136.77789,12.086,0.072
4137.57319,12.197,0.045
4139.55715,12.403,0.058
4139.58726,12.31,0.049
4141.58736,12.377,0.069
4143.61746,12.375,0.051
4145.69949,12.526,0.064
4147.67603,12.458,0.043
4149.63486,12.593,0.047
4150.72284,12.589,0.06
4151.63842,12.65,0.045
4152.735,12.719,0.048
4153.64648,12.742,0.066
4155.5691,12.825,0.059
4158.57598,12.831,0.058
4159.63542,12.677,0.061
4160.60761,12.666,0.05
4161.64238,12.49,0.051
4162.60517,12.363,0.048
4168.66958,11.711,0.055
4173.65735,11.943,0.042
4174.63656,11.979,0.068
4175.66403,11.882,0.048
4177.61641,12.008,0.064
4179.60637,12.114,0.062
4180.57193,12.053,0.059
4182.60439,12.129,0.051
4183.64947,12.131,0.059
4185.6386,12.214,0.053
4189.6014,12.333,0.04
4191.62382,12.339,0.049
4193.53549,12.33,0.049
4193.62394,12.491,0.053
4197.5585,12.553,0.049
4200.56509,12.927,0.042
4202.53818,12.703,0.072
4203.56704,12.753,0.05
4205.51815,12.805,0.045
4205.58652,12.832,0.051
4216.49262,11.756,0.048
4216.50386,11.803,0.052
4227.49547,12.075,0.04
4227.50596,12.059,0.046
4229.52564,12.083,0.047
4230.46803,12.116,0.049
4233.47428,12.24,0.039
4234.49614,12.226,0.07
4236.47137,12.263,0.054
4247.48144,12.566,0.045
4257.45314,12.55,0.049
4285.93278,12.325,0.07
4292.91695,12.502,0.042
4300.93358,12.691,0.064
4303.92886,12.843,0.048
4304.92118,12.778,0.047
4306.91661,12.427,0.044
4308.90655,11.957,0.051
4310.90002,11.821,0.039
4314.91649,11.83,0.043
4330.85407,12.152,0.064
4330.90546,12.234,0.046
4333.85329,12.255,0.043
4333.89878,12.272,0.044
4338.86033,12.429,0.042
4338.91358,12.434,0.043
4341.83151,12.525,0.055
4341.87571,12.453,0.058
4344.85003,12.598,0.055
4345.87223,12.819,0.049
4348.89035,12.79,0.057
4351.82411,12.692,0.046
4353.86964,12.533,0.047
4355.81496,12.217,0.038
4357.86907,11.907,0.049
4361.88138,11.78,0.043
4362.81652,11.822,0.037
4364.81307,11.847,0.046
4364.87068,11.864,0.037
4367.85893,12.018,0.046
4368.83505,11.975,0.045
4371.85553,12.052,0.049
4373.81674,12.111,0.047
4375.85019,12.215,0.044
4376.81612,12.141,0.043
4378.85674,12.274,0.051
4379.8129,12.212,0.042
4382.79486,12.392,0.044
4382.81135,12.523,0.041
4385.78322,12.468,0.039
4385.85688,12.369,0.05
4388.76402,12.299,0.042
4392.76544,12.703,0.059
4398.81887,12.652,0.042
4398.85996,12.813,0.056
4402.75587,12.508,0.041
4402.80824,12.379,0.045
4406.75558,11.821,0.047
4406.80995,11.777,0.047
4409.72551,11.898,0.046
4412.81936,11.901,0.051
4418.8593,12.018,0.063
4420.80757,12.212,0.047
4421.75027,12.085,0.052
4423.75782,12.156,0.045
4424.80848,12.12,0.056
4426.82084,12.169,0.049
4427.73915,12.294,0.043
4429.70419,12.346,0.046
4430.66608,12.372,0.046
4431.76404,12.309,0.044
4432.72157,12.54,0.042
4435.64671,12.461,0.042
4437.68868,12.472,0.044
4440.68181,12.643,0.05
4443.69272,12.783,0.06
4453.66747,11.933,0.044
4454.63558,11.797,0.048
4455.75535,11.779,0.043
4456.69689,11.764,0.048
4458.65829,11.788,0.043
4458.77963,11.795,0.049
4460.76571,11.869,0.043
4461.67885,11.873,0.05
4463.62836,11.903,0.061
4463.76022,11.939,0.051
4465.71388,12.048,0.05
4466.67424,12.084,0.052
4468.67705,12.084,0.05
4468.79845,12.181,0.07
4471.80923,12.089,0.064
4474.66098,12.267,0.043
4477.61384,12.28,0.076
4479.69923,12.407,0.042
4480.59998,12.359,0.066
4482.66557,12.347,0.052
4484.61235,12.479,0.071
4485.6612,12.448,0.052
4486.67179,12.551,0.052
4487.70002,12.643,0.042
4488.70788,12.537,0.056
4489.74444,12.714,0.04
4490.72634,12.613,0.047
4492.59833,12.763,0.064
4492.76836,12.741,0.051
4494.62909,12.75,0.048
4494.76879,12.816,0.049
4498.62439,12.548,0.044
4498.70338,12.502,0.049
4503.61611,11.776,0.045
4505.69806,11.792,0.042
4505.73085,11.773,0.046
4508.60332,11.848,0.047
4510.62038,11.905,0.048
4510.62963,11.86,0.051
4516.60328,12.164,0.043
4516.61294,12.09,0.054
4518.65287,12.071,0.039
4518.66095,12.234,0.044
4520.67756,12.199,0.041
4520.68599,12.186,0.045
4522.66989,12.27,0.043
4522.67916,12.207,0.045
4524.68751,12.311,0.041
4524.69082,12.196,0.042
4527.57634,12.307,0.041
4527.58059,12.281,0.049
4529.62033,12.216,0.045
4529.62366,12.371,0.054
4531.68921,12.481,0.05
4532.58429,12.48,0.049
4534.55982,12.852,0.047
4535.65022,12.581,0.049
4537.57643,12.705,0.047
4538.54827,12.59,0.04
4539.58898,12.527,0.055
4540.56496,12.774,0.044
4541.60384,12.792,0.046
4542.57798,12.655,0.042
4543.62096,12.692,0.05
4545.64803,12.602,0.049
4546.59862,12.539,0.052
4547.66174,12.312,0.046
4548.59604,12.155,0.047
4551.58877,11.74,0.048
4552.64758,11.79,0.051
4554.54733,11.824,0.046
4555.52768,11.849,0.051
4556.56679,11.814,0.047
4557.55144,11.864,0.045
4558.57453,11.896,0.049
4559.60164,11.928,0.046
4561.55586,11.97,0.045
4562.52646,12.081,0.048
4563.57711,12.018,0.043
4564.57371,11.999,0.044
4566.52349,12.073,0.051
4566.58012,12.196,0.051
4568.55982,12.141,0.049
4568.60792,12.169,0.051
4570.59577,12.285,0.051
4571.51404,12.231,0.042
4573.51751,12.389,0.046
4574.50042,12.269,0.042
4575.5496,12.388,0.049
4576.53214,12.416,0.055
4579.55327,12.531,0.047
4583.51921,12.548,0.051
4586.48157,12.797,0.038
4588.49192,12.911,0.045
4589.49298,12.692,0.046
4590.52438,12.854,0.049
4592.48335,12.803,0.044
4593.48544,12.802,0.047
4595.46898,12.387,0.041
4595.51447,12.474,0.045
4597.48032,12.031,0.04
4597.51943,11.923,0.051
4600.5158,11.79,0.044
4602.46074,11.748,0.049
4609.49083,11.872,0.052
4618.46559,12.239,0.047
4623.45761,12.383,0.052
4646.93702,11.9,0.058
4651.9373,11.778,0.043
4663.93974,12.245,0.045
4666.935,12.251,0.043
4676.91537,12.51,0.04
4681.91149,12.836,0.046
4683.9087,12.707,0.047
4685.88907,12.986,0.048
4691.87084,12.439,0.054
4691.88967,12.41,0.042
4696.91585,11.731,0.039
4696.91791,11.762,0.05
4700.85401,11.945,0.046
4700.8754,11.834,0.043
4703.89102,11.899,0.053
4704.86966,11.942,0.065
4707.89103,12.19,0.053
4708.86988,12.046,0.048
4720.89124,12.322,0.051
4724.88106,12.461,0.045
4728.8172,12.744,0.04
4729.82355,12.744,0.046
4731.83532,12.623,0.049
4733.86162,12.738,0.045
4738.88404,12.766,0.041
4740.83876,12.215,0.042
4741.83428,12.09,0.04
4744.8149,11.726,0.048
4747.79929,11.752,0.049
4750.81603,11.864,0.044
4753.78129,12.032,0.042
4754.80728,11.961,0.046
4756.77203,11.956,0.057
4757.80572,12.062,0.045
4759.77026,12.204,0.041
4760.79533,12.082,0.048
4762.75791,12.282,0.041
4763.79225,12.265,0.046
4765.74815,12.391,0.042
4766.78272,12.524,0.043
4768.73724,12.403,0.04
4769.77301,12.343,0.044
4770.79894,12.427,0.042
4772.76808,12.535,0.048
4773.73665,12.506,0.045
4775.74745,12.517,0.044
4776.71504,12.546,0.042
4778.74454,12.77,0.05
4782.72604,12.831,0.048
4782.74475,12.871,0.049
4786.70057,12.691,0.04
4786.7324,12.602,0.047
4792.68471,11.803,0.045
4792.72566,11.814,0.045
4794.80952,11.766,0.049
4795.70863,11.784,0.051
4798.70739,11.886,0.045
4801.69117,11.952,0.049
4803.65359,12.009,0.052
4804.67507,12.062,0.047
4805.756,12.126,0.038
4806.76733,12.101,0.042
4808.62249,12.256,0.047
4809.66634,12.232,0.043
4810.68351,12.256,0.042
4813.70556,12.42,0.04
4815.64233,12.395,0.052
4818.70141,12.342,0.051
4819.67389,12.316,0.041
4821.63318,12.463,0.059
4822.64863,12.495,0.057
4823.7286,12.64,0.067
4824.74959,12.667,0.041
4826.70331,12.718,0.049
4827.67913,13.048,0.048
4829.64235,12.712,0.049
4829.75288,12.84,0.046
4834.6065,12.521,0.053
4836.68036,12.287,0.056
4837.61851,12.171,0.043
4838.74519,11.908,0.05
4839.65381,11.905,0.045
4843.65654,11.829,0.045
4843.78962,11.924,0.053
4846.65011,11.825,0.06
4846.74697,11.907,0.065
4848.75138,11.979,0.046
4849.63769,11.888,0.055
4857.55982,12.147,0.049
4860.58546,12.302,0.047
4863.62798,12.156,0.048
4865.60764,12.407,0.047
4868.62862,12.462,0.045
4868.72831,12.659,0.043
4870.72659,12.524,0.05
4871.60799,12.728,0.054
4872.77179,12.493,0.054
4876.66487,12.88,0.06
4879.60849,12.761,0.043
4881.59112,12.636,0.054
4881.65622,12.622,0.059
4883.65699,12.57,0.059
4884.6136,12.42,0.045
4892.65096,11.834,0.057
4893.66433,11.889,0.07
4917.53123,12.504,0.054
4919.59107,12.578,0.06
4920.55065,12.691,0.051
5021.92974,12.781,0.053
5040.93807,11.909,0.052
5048.88792,12.032,0.05
5084.86713,11.786,0.056
5086.85946,11.879,0.044
5087.89084,11.893,0.051
5093.84281,12.023,0.062
5098.79267,12.285,0.045
5098.83461,12.214,0.054
5104.87631,12.444,0.057
5113.7984,12.643,0.051
5116.84905,12.627,0.052
5122.86995,12.672,0.056
5131.80339,11.789,0.045
5135.80612,11.967,0.048
5154.78984,12.434,0.06
5157.67777,12.504,0.047
5157.71732,12.483,0.059
5163.69366,12.854,0.059
5165.72771,12.628,0.052
