1869.71038,12.464,0.063
1870.71796,12.515,0.074
1871.71726,12.793,0.073
1872.71321,12.838,0.073
1873.71521,12.779,0.053
1874.70678,12.655,0.069
1875.70229,12.396,0.057
1876.70335,12.427,0.06
1877.70375,12.637,0.046
1878.69353,12.657,0.049
1879.69686,12.818,0.045
1881.68763,12.558,0.045
1884.67148,12.577,0.049
1885.68395,12.665,0.042
1886.68083,12.804,0.043
1887.67389,12.745,0.049
1888.67331,12.619,0.047
1899.6493,12.567,0.047
1902.63621,12.678,0.042
1904.63328,12.546,0.05
1913.61131,12.518,0.041
1921.57669,12.609,0.044
1926.57802,12.511,0.042
1941.62482,12.498,0.047
1948.56827,12.598,0.046
1950.56697,12.455,0.067
1953.5502,12.844,0.052
1954.58857,12.761,0.072
1955.56124,12.596,0.058
1959.54125,12.883,0.048
1964.57336,12.5,0.055
1967.52435,12.98,0.047
1979.50873,12.532,0.052
1982.53107,13.141,0.059
1995.51519,12.493,0.072
2104.93782,12.518,0.069
2115.91029,12.807,0.048
2117.92076,12.497,0.063
2128.91934,12.543,0.06
2130.89824,12.654,0.06
2132.89329,12.624,0.069
2134.89287,12.408,0.06
2136.89382,12.926,0.056
2140.89334,12.597,0.064
2140.90912,12.555,0.07
2143.89553,12.629,0.066
2144.88488,12.782,0.066
2166.88229,12.775,0.067
2166.88913,12.841,0.059
2168.83335,12.688,0.057
2168.84031,12.606,0.055
2171.8243,12.564,0.051
2171.83575,12.534,0.057
2173.81592,12.569,0.064
2183.80888,12.359,0.049
2183.81348,12.405,0.055
2184.81289,12.522,0.057
2184.8152,12.547,0.062
2186.86033,12.621,0.052
2188.8375,12.881,0.056
2190.77112,12.51,0.055
2192.82096,12.375,0.053
2192.82568,12.283,0.055
2194.83113,12.657,0.052
2196.76198,12.602,0.062
2196.78517,12.775,0.06
2201.75051,12.877,0.05
2201.75768,12.65,0.055
2202.79119,13.043,0.053
2202.79359,12.713,0.056
2206.74018,12.499,0.056
2206.74742,12.489,0.055
2208.77437,12.44,0.065
2212.70094,12.812,0.081
2212.70803,12.434,0.072
2212.72083,12.498,0.057
2212.73917,12.533,0.055
2213.73981,12.465,0.06
2213.74686,12.554,0.064
2214.747,12.424,0.084
2214.75184,12.39,0.058
2215.7631,12.485,0.055
2217.75524,12.504,0.088
2219.69639,12.448,0.056
2224.72753,12.831,0.053
2224.73679,12.715,0.053
2225.76044,12.701,0.057
2226.73822,12.577,0.055
2227.74466,12.516,0.055
2228.72609,12.405,0.051
2229.72876,12.365,0.053
2230.72409,12.455,0.051
2232.71712,12.833,0.05
2232.71965,12.668,0.056
2233.71979,12.503,0.052
2234.71304,12.529,0.052
2235.70948,12.514,0.05
2235.71203,12.45,0.052
2236.70671,12.434,0.053
2236.71154,12.494,0.059
2237.71022,12.716,0.054
2239.69881,12.661,0.055
2239.70137,12.818,0.057
2240.69931,12.76,0.052
2241.7027,12.492,0.052
2242.69565,12.438,0.058
2243.69588,12.531,0.06
2247.66671,12.723,0.062
2248.69077,12.404,0.063
2249.69005,12.266,0.06
2250.68848,12.415,0.06
2252.67951,12.577,0.069
2253.67774,12.67,0.067
2254.67947,12.627,0.061
2258.66565,12.304,0.07
2492.8871,12.503,0.051
2499.89765,12.544,0.043
2502.88839,12.624,0.042
2552.78358,12.522,0.028
2559.77577,12.497,0.034
2561.76737,12.826,0.031
2562.88361,12.615,0.029
2577.84375,12.778,0.045
2621.69813,12.726,0.028
2623.64309,12.523,0.03
2625.64477,12.536,0.026
2627.7933,12.532,0.028
2629.78553,12.746,0.039
2638.68485,12.548,0.028
2640.68285,12.502,0.028
2642.68064,12.763,0.031
2644.67649,12.707,0.033
2649.64527,12.695,0.026
2651.6246,12.753,0.026
2653.63635,12.545,0.043
2655.6494,12.491,0.03
2660.55138,12.438,0.032
2664.57957,12.765,0.03
2666.57692,12.608,0.032
2668.58258,12.434,0.034
2670.57797,12.622,0.037
2672.58088,12.803,0.034
2674.56856,12.581,0.035
2676.56197,12.535,0.035
2678.5542,12.796,0.041
2680.55923,12.757,0.042
2684.57898,12.471,0.04
2686.58528,12.834,0.045
2688.58289,12.67,0.046
2690.5816,12.46,0.052
2694.58065,12.836,0.029
2696.57814,12.59,0.035
2698.57503,12.516,0.036
2700.57687,12.619,0.038
2702.56859,12.859,0.036
2704.55717,12.532,0.035
2706.54111,12.519,0.032
2710.5295,12.581,0.039
2712.54082,12.414,0.031
2714.54633,12.598,0.036
2717.54376,12.793,0.038
2720.53461,12.481,0.039
2722.53384,12.637,0.041
2724.53193,12.773,0.033
2726.5302,12.58,0.031
2728.5283,12.499,0.033
2730.5242,12.822,0.029
2734.50904,12.464,0.035
2736.49382,12.587,0.03
2738.53524,12.84,0.031
2741.50674,12.466,0.029
2743.50426,12.417,0.031
2745.51667,12.694,0.051
2750.50663,12.539,0.032
2754.4727,12.713,0.046
2756.48133,12.38,0.033
2764.46368,12.545,0.031
2840.93777,12.635,0.032
2854.92265,12.628,0.032
2876.88015,12.607,0.026
2884.85507,12.748,0.028
2893.83373,12.787,0.03
2906.82279,12.709,0.036
2910.82595,12.53,0.032
2912.82946,12.48,0.029
2922.76397,12.849,0.028
2927.75923,12.631,0.027
2929.78677,12.826,0.028
2931.82927,12.648,0.029
2935.82862,12.593,0.028
2939.80158,12.563,0.033
2943.75279,12.797,0.037
2945.7481,12.643,0.044
2946.73444,12.603,0.037
2949.77968,12.498,0.034
2952.73931,12.767,0.03
2957.72752,12.643,0.067
2962.71774,12.59,0.028
2964.75255,12.566,0.028
2966.76553,12.606,0.036
2968.8022,12.67,0.031
2974.68356,12.576,0.045
2976.72242,12.573,0.035
2978.70336,12.494,0.028
2980.72336,12.779,0.028
2982.73476,12.817,0.03
2984.77503,12.572,0.03
2987.65222,12.815,0.028
2989.70169,12.759,0.029
2991.72077,12.507,0.029
2994.70472,12.567,0.034
2996.62279,12.586,0.031
3001.67015,12.648,0.032
3005.64791,12.521,0.031
3007.65037,12.467,0.03
3009.55783,12.802,0.041
3009.56016,12.789,0.032
3009.56257,12.719,0.032
3009.56496,12.751,0.038
3009.56735,12.622,0.031
3009.56973,12.721,0.034
3009.57212,12.736,0.036
3009.57453,12.877,0.033
3009.57692,12.712,0.035
3009.57931,12.629,0.039
3009.5844,12.86,0.032
3009.58956,12.829,0.034
3009.59456,12.701,0.035
3009.59962,12.677,0.03
3009.60683,12.824,0.044
3009.60916,12.697,0.034
3009.61448,12.714,0.037
3009.61687,12.772,0.03
3009.61925,12.661,0.033
3009.62163,12.81,0.029
3009.624,12.728,0.036
3009.62641,12.802,0.029
3009.62878,12.783,0.033
3009.63117,12.713,0.032
3009.69582,12.677,0.03
3011.69366,12.761,0.032
3016.70868,12.504,0.028
3018.70402,12.91,0.041
3023.59524,12.718,0.03
3025.72092,12.73,0.03
3029.72121,12.554,0.04
3034.61235,12.519,0.029
3036.66896,12.519,0.03
3043.61935,12.433,0.032
3045.64821,12.579,0.03
3048.62443,12.799,0.036
3051.60101,12.678,0.058
3053.65165,12.611,0.031
3056.55997,12.474,0.048
3058.65457,12.552,0.045
3063.5789,12.498,0.035
3069.56147,12.913,0.032
3071.57783,12.575,0.034
3074.58314,12.468,0.033
3077.52829,12.705,0.035
3079.56148,12.358,0.033
3081.5848,12.462,0.032
3085.5867,12.717,0.032
3088.53361,12.498,0.033
3090.53554,12.786,0.033
3092.55356,12.671,0.028
3096.55452,12.599,0.031
3102.4934,12.571,0.032
3104.5109,12.848,0.044
3107.49802,12.478,0.031
3109.51444,12.421,0.034
3112.48288,12.793,0.036
3115.48218,12.516,0.03
3122.46491,12.431,0.029
3126.47144,12.82,0.028
3270.83406,12.65,0.045
3273.85221,12.647,0.045
3276.87318,12.735,0.059
3279.86449,12.595,0.048
3294.85228,12.717,0.063
3298.79796,12.635,0.052
3355.65012,12.722,0.051
3358.6293,12.407,0.053
3365.66363,12.474,0.092
3365.68715,12.493,0.099
3382.61433,12.604,0.087
3386.74475,12.761,0.088
3388.70081,12.444,0.062
3395.74128,12.602,0.044
3398.60865,12.826,0.059
3400.59876,12.626,0.075
3400.67732,12.826,0.082
3405.6857,12.635,0.056
3408.55393,12.533,0.054
3410.59461,12.474,0.103
3412.65095,12.631,0.078
3414.64767,12.831,0.066
3416.64477,12.658,0.073
3418.66128,12.578,0.07
3425.5879,12.587,0.069
3427.58051,12.861,0.094
3431.59471,12.679,0.082
3433.59365,12.595,0.086
3436.59548,12.919,0.041
3439.58657,12.458,0.08
3442.57731,12.76,0.063
3444.59675,12.862,0.075
3447.55269,12.576,0.106
3448.56558,12.578,0.086
3450.55914,12.911,0.092
3453.54389,12.523,0.08
3454.57291,12.486,0.049
3457.50779,12.749,0.102
3459.5281,12.698,0.073
3461.53654,12.655,0.091
3463.53251,12.618,0.063
3466.51928,12.719,0.04
3469.5278,12.433,0.041
3472.50513,12.747,0.075
3474.51367,12.593,0.08
3478.48691,12.735,0.038
3490.47444,12.534,0.084
3577.93632,12.595,0.049
3590.93416,12.86,0.051
3601.92456,12.437,0.052
3619.8666,12.913,0.041
3624.88231,12.511,0.039
3628.8761,12.757,0.037
3631.85539,12.498,0.04
3639.83059,12.539,0.04
3643.81525,12.703,0.048
3647.84827,12.676,0.036
3650.83044,12.736,0.041
3653.82254,12.637,0.043
3658.80496,12.585,0.065
3661.79967,12.621,0.041
3664.78702,12.72,0.04
3668.79625,12.563,0.036
3671.78001,12.918,0.047
3674.77284,12.533,0.05
3677.76071,12.885,0.062
3700.79107,12.846,0.058
3703.71303,12.477,0.049
3706.68659,12.8,0.04
3711.7132,12.679,0.076
3713.70487,12.672,0.049
3716.6472,12.607,0.034
3718.70214,12.44,0.105
3720.80727,12.512,0.076
3726.64464,12.58,0.048
3728.72958,12.585,0.069
3732.6592,12.413,0.076
3735.65786,12.581,0.097
3737.78053,12.889,0.07
3740.58857,12.431,0.095
3742.687,12.568,0.063
3744.77311,12.843,0.069
3747.62059,12.429,0.049
3749.71841,12.436,0.089
3752.55224,12.575,0.053
3752.55469,12.647,0.052
3752.55797,12.586,0.045
3752.56049,12.438,0.071
3752.56297,12.523,0.046
3752.5654,12.696,0.052
3752.56787,12.535,0.046
3752.57461,12.522,0.077
3752.58088,12.515,0.069
3752.58696,12.658,0.089
3752.59332,12.738,0.059
3752.60879,12.697,0.07
3752.62339,12.562,0.066
3752.6502,12.708,0.042
3752.67937,12.954,0.047
3752.68151,13.048,0.083
3752.70862,12.866,0.06
3752.73834,12.777,0.075
3752.76775,12.935,0.079
3754.74194,12.615,0.047
3757.61132,12.905,0.065
3759.67539,12.767,0.07
3762.62414,12.441,0.091
3764.68645,12.624,0.053
3767.60334,12.715,0.054
3769.67931,12.629,0.055
3772.57413,12.683,0.075
3774.66916,12.77,0.088
3779.60117,12.772,0.084
3787.55645,12.74,0.101
3789.62293,12.848,0.076
3791.64838,12.41,0.077
3794.60334,12.825,0.049
3796.63236,12.884,0.039
3799.56551,12.611,0.081
3801.61306,12.596,0.069
3804.55367,12.616,0.064
3806.56822,12.366,0.08
3809.59534,12.697,0.054
3811.59942,13.111,0.074
3814.53311,12.542,0.092
3817.51515,12.813,0.091
3819.55807,12.662,0.081
3822.52574,12.618,0.06
3825.51035,12.801,0.063
3827.52613,12.669,0.085
3830.51485,12.618,0.08
3832.53541,12.859,0.053
3835.50385,12.566,0.056
3837.51524,12.691,0.04
3848.47488,12.73,0.044
3851.4777,12.55,0.087
3854.47491,12.873,0.08
3860.45729,12.649,0.066
4090.66041,12.693,0.045
4103.69347,12.775,0.049
4105.76483,12.728,0.061
4107.75246,12.587,0.044
4111.75466,12.868,0.075
4126.58167,12.827,0.049
4128.5989,12.451,0.084
4130.61923,12.515,0.07
4132.62397,12.668,0.087
4134.64585,12.769,0.065
4136.66268,12.55,0.076
4140.66217,12.804,0.075
4142.6821,12.923,0.073
4145.58958,12.621,0.078
4151.60037,12.479,0.077
4153.60182,12.653,0.082
4155.61623,13.028,0.101
4158.57408,12.523,0.076
4160.60638,12.571,0.083
4162.60377,12.66,0.075
4164.61748,12.514,0.049
4167.57707,12.473,0.087
4173.52682,12.454,0.069
4175.55226,12.568,0.066
4179.54431,12.641,0.074
4184.50289,12.881,0.045
4188.55716,12.524,0.041
4190.54577,12.635,0.046
4192.55509,12.773,0.046
4198.53591,12.704,0.054
4202.50377,12.394,0.069
4205.51099,12.752,0.052
4216.47369,12.496,0.055
4229.45653,12.694,0.07
4311.93641,12.645,0.051
4331.8923,12.918,0.039
4334.91286,12.558,0.047
4339.88892,12.603,0.054
4342.90658,12.498,0.043
4349.90926,12.504,0.045
4353.91055,12.733,0.039
4358.84378,12.749,0.04
4362.83097,12.554,0.041
4365.8502,12.479,0.039
4368.86732,12.673,0.043
4371.86514,12.493,0.043
4375.85516,12.501,0.038
4385.81899,12.689,0.039
4388.80862,12.772,0.041
4402.78097,12.746,0.041
4406.79406,12.465,0.045
4409.75883,12.601,0.059
4412.79918,12.858,0.045
4418.78369,12.822,0.064
4421.76849,12.615,0.066
4424.81831,12.555,0.054
4427.79376,12.901,0.044
4432.74084,12.565,0.058
4435.68436,12.598,0.047
4437.74899,12.478,0.052
4440.67702,12.813,0.093
4443.68285,12.674,0.042
4448.75531,12.658,0.064
4453.72162,12.51,0.082
4456.63376,12.811,0.043
4458.71986,12.506,0.074
4461.6721,12.471,0.037
4463.75339,12.671,0.057
4466.66731,12.508,0.084
4472.70378,12.741,0.068
4475.60263,12.716,0.059
4484.60931,12.803,0.047
4486.66939,12.791,0.063
4488.70185,12.563,0.053
4490.72445,12.521,0.044
4499.58745,12.846,0.075
4501.70756,12.851,0.052
4504.62304,12.695,0.061
4506.70145,12.699,0.064
4509.57986,12.512,0.053
4511.60739,12.447,0.079
4517.61644,12.599,0.046
4519.63081,12.469,0.059
4521.64805,12.668,0.063
4524.54846,12.548,0.047
4526.62408,12.413,0.073
4529.56267,13.013,0.067
4532.5555,12.528,0.062
4535.54873,12.829,0.063
4538.53596,12.537,0.044
4540.55476,12.3,0.042
4542.56747,12.598,0.068
4547.56325,12.536,0.046
4553.51986,12.531,0.049
4555.53727,12.551,0.062
4557.55553,12.588,0.048
4560.5295,12.444,0.061
4563.51832,12.68,0.064
4566.49785,12.627,0.071
4569.50017,12.584,0.073
4572.49757,13.059,0.053
4575.48997,12.534,0.052
4579.49079,12.6,0.062
4585.47358,12.481,0.06
4590.45748,12.6,0.094
4694.92228,12.403,0.045
4698.92398,12.825,0.043
4702.91316,12.486,0.05
4708.88398,12.573,0.055
4717.87227,12.547,0.087
4721.85112,12.822,0.039
4725.89885,12.52,0.04
4729.85198,12.621,0.044
4733.8879,12.536,0.043
4740.84991,12.67,0.049
4743.84601,12.99,0.042
4746.83313,12.513,0.063
4753.81262,12.422,0.037
4759.80088,12.555,0.042
4762.79756,12.641,0.044
4765.78397,12.708,0.046
4768.77712,12.582,0.04
4771.76053,13.114,0.086
4774.76295,12.446,0.042
4780.74063,12.654,0.04
4783.83494,12.512,0.047
4787.73143,12.682,0.04
4793.70605,12.843,0.04
4796.76589,12.544,0.052
4802.68049,12.618,0.063
4805.6706,12.584,0.04
4807.71403,12.701,0.06
4809.77894,12.836,0.061
4814.8026,12.612,0.073
4818.64828,12.566,0.046
4820.75463,12.477,0.082
4823.70363,12.961,0.057
4826.67905,12.41,0.077
4831.66063,12.759,0.056
4833.77707,12.707,0.086
4836.63993,12.67,0.077
4838.69512,12.725,0.064
4843.64384,12.576,0.049
4846.6414,12.71,0.069
4848.73011,12.527,0.077
4851.65056,12.684,0.079
4857.6636,12.535,0.087
4860.71324,12.711,0.07
4866.59461,12.852,0.057
4869.60083,12.798,0.089
4871.66789,12.355,0.075
4877.5878,12.586,0.078
4880.59379,12.705,0.077
4882.64163,13.007,0.086
4886.54055,12.619,0.07
4892.53324,12.491,0.077
4903.54757,12.997,0.084
4906.54178,12.555,0.059
4914.53636,12.389,0.062
4917.5227,12.757,0.073
4920.53875,12.507,0.049
4929.52749,12.475,0.055
4936.50025,12.53,0.062
4939.48609,12.809,0.065
4942.48608,12.6,0.066
4951.47231,12.499,0.056
5069.88013,12.495,0.067
5075.88249,12.613,0.06
5085.85668,12.545,0.051
5089.84343,12.609,0.042
5092.86843,12.447,0.054
5098.87196,12.392,0.054
5111.83215,12.666,0.049
5116.82617,12.992,0.046
5122.84466,12.573,0.053
5125.79384,12.907,0.054
5129.76815,12.817,0.06
5143.84157,12.402,0.056
5154.76572,12.941,0.056
5157.70854,12.497,0.059
5163.69146,12.507,0.051
