1952.56685,10.282,0.031
1959.54829,10.472,0.026
1962.56899,10.647,0.031
1979.52025,10.236,0.037
1984.49497,10.354,0.033
1996.48406,10.257,0.039
2129.88949,10.46,0.036
2131.88893,10.396,0.045
2488.92885,10.242,0.043
2496.89884,10.459,0.03
2498.90154,10.255,0.034
2502.89973,10.284,0.031
2519.84213,10.28,0.024
2539.81404,10.354,0.049
2549.8411,10.333,0.028
2552.78589,10.51,0.024
2557.77439,10.408,0.024
2561.78155,10.389,0.025
2563.76694,10.397,0.027
2566.77454,10.414,0.029
2577.88272,10.394,0.033
2623.65291,10.362,0.026
2625.64738,10.368,0.028
2628.68326,10.364,0.043
2635.65137,10.343,0.024
2637.66445,10.381,0.026
2639.66208,10.367,0.026
2641.66475,10.269,0.024
2643.67183,10.257,0.025
2645.64232,10.278,0.025
2650.60136,10.288,0.024
2651.73513,10.279,0.027
2655.60523,10.304,0.03
2658.60846,10.309,0.029
2660.61057,10.306,0.051
2662.60741,10.318,0.025
2664.60338,10.331,0.03
2666.60076,10.3,0.028
2668.60638,10.305,0.026
2670.59943,10.318,0.029
2672.59997,10.316,0.027
2674.58765,10.65,0.029
2676.57378,10.32,0.025
2678.5591,10.277,0.027
2684.55699,10.338,0.028
2686.57126,10.27,0.03
2690.57001,10.334,0.025
2692.5672,10.64,0.028
2694.57133,10.371,0.026
2696.56886,10.433,0.026
2700.56757,10.419,0.026
2702.55927,10.272,0.026
2704.54784,10.269,0.025
2706.53423,10.274,0.028
2710.51233,10.34,0.027
2712.53626,10.369,0.029
2714.54177,10.276,0.03
2717.53918,10.245,0.03
2720.53,10.236,0.027
2722.52921,10.217,0.027
2724.52731,10.327,0.025
2726.52558,10.285,0.032
2728.52365,10.281,0.026
2730.51954,10.41,0.027
2737.47866,10.228,0.028
2740.50684,10.26,0.03
2743.48048,10.275,0.03
2745.49555,10.321,0.06
2751.47429,10.233,0.026
2755.46691,10.216,0.031
2758.46029,10.219,0.041
2862.91247,10.23,0.031
2876.88693,10.193,0.026
2884.86661,10.186,0.03
2893.84763,10.215,0.033
2896.83527,10.191,0.029
2906.82744,10.185,0.023
2910.83517,10.168,0.024
2918.8411,10.218,0.057
2922.76632,10.236,0.033
2924.80626,10.211,0.029
2931.78841,10.285,0.027
2933.82557,10.264,0.026
2935.81734,10.217,0.027
2939.7973,10.213,0.023
2943.75526,10.228,0.025
2949.79511,10.203,0.027
2952.74936,10.208,0.035
2955.78394,10.233,0.04
2956.80313,10.195,0.029
2964.74566,10.169,0.025
2966.74871,10.23,0.038
2968.79281,10.182,0.03
2971.69839,10.164,0.032
2976.70597,10.182,0.026
2978.71605,10.186,0.027
2982.71131,10.186,0.039
2984.7434,10.2,0.03
2987.65009,10.27,0.024
2989.69953,10.185,0.026
2991.71875,10.189,0.027
2996.62802,10.394,0.027
2998.66318,10.41,0.057
3001.65256,10.439,0.026
3005.64059,10.239,0.025
3010.63306,10.293,0.031
3012.63079,10.275,0.038
3015.63885,10.495,0.031
3017.64385,10.459,0.025
3019.63693,10.583,0.025
3023.65847,10.493,0.026
3030.67979,10.29,0.027
3034.71205,10.368,0.03
3037.61781,10.301,0.029
3041.6431,10.293,0.036
3044.59485,10.209,0.028
3046.64691,10.185,0.03
3049.6196,10.182,0.028
3052.5945,10.175,0.028
3054.62425,10.483,0.028
3056.63669,10.215,0.032
3059.57772,10.644,0.05
3061.62115,10.585,0.046
3064.56247,10.465,0.029
3067.60856,10.856,0.03
3070.56187,10.455,0.032
3073.54862,10.546,0.033
3075.59501,10.313,0.03
3078.53134,10.215,0.039
3080.55227,10.252,0.058
3085.53634,10.213,0.031
3087.54769,10.289,0.057
3092.48412,10.213,0.028
3096.51267,10.173,0.03
3098.53308,10.166,0.036
3101.51486,10.172,0.032
3104.49729,10.2,0.044
3107.49531,10.164,0.029
3110.48407,10.163,0.026
3113.4746,10.158,0.03
3123.46252,10.145,0.032
3268.85013,10.137,0.03
3271.86981,10.152,0.027
3278.8692,10.155,0.032
3291.8257,10.154,0.026
3295.79562,10.133,0.024
3298.84927,10.155,0.027
3355.64258,10.163,0.032
3357.76382,10.16,0.037
3365.66705,10.174,0.051
3385.56799,10.186,0.053
3387.59747,10.148,0.045
3389.59898,10.163,0.05
3395.6415,10.183,0.042
3397.68089,10.14,0.039
3398.68719,10.114,0.052
3398.68959,10.164,0.046
3398.69212,10.166,0.047
3398.69458,10.151,0.042
3398.69956,10.165,0.044
3398.70203,10.157,0.044
3398.70453,10.142,0.041
3398.70702,10.139,0.047
3398.70952,10.161,0.045
3398.71202,10.162,0.046
3398.71449,10.161,0.047
3399.53527,10.188,0.044
3399.59393,10.158,0.045
3399.66812,10.148,0.042
3399.69532,10.166,0.049
3400.5408,10.162,0.042
3400.56833,10.155,0.054
3400.59621,10.182,0.049
3400.62296,10.164,0.04
3400.65372,10.184,0.038
3400.68445,10.163,0.041
3400.70255,10.143,0.035
3403.61986,10.126,0.031
3405.64562,10.178,0.036
3407.66018,10.193,0.057
3412.61927,10.15,0.035
3414.63204,10.182,0.037
3416.62916,10.184,0.046
3419.54241,10.144,0.043
3421.57679,10.174,0.041
3425.61593,10.158,0.045
3431.61108,10.168,0.039
3433.60967,10.182,0.038
3439.59968,10.188,0.032
3443.50412,10.153,0.04
3446.51234,10.203,0.039
3449.55747,10.201,0.057
3452.50666,10.152,0.042
3456.49831,10.168,0.042
3458.5154,10.173,0.033
3460.52388,10.188,0.046
3463.49408,10.307,0.047
3466.49088,10.269,0.037
3469.50233,10.251,0.028
3474.47056,10.222,0.033
3477.48294,10.349,0.035
3481.48163,10.188,0.031
3592.91152,10.135,0.033
3619.87521,10.23,0.031
3625.89896,10.343,0.033
3629.8474,10.407,0.034
3633.84577,10.671,0.035
3641.86587,10.347,0.03
3646.86873,10.251,0.03
3652.8291,10.281,0.034
3655.79894,10.25,0.035
3658.77001,10.202,0.034
3661.8091,10.236,0.039
3664.84179,10.8,0.034
3668.80169,10.434,0.027
3671.78278,10.264,0.031
3674.77561,10.37,0.033
3677.76349,10.223,0.031
3699.70144,10.166,0.04
3702.69817,10.181,0.031
3705.6906,10.246,0.043
3708.6802,10.203,0.038
3712.70634,10.229,0.032
3714.6975,10.246,0.034
3716.78015,10.249,0.04
3719.69912,10.184,0.045
3721.76248,10.206,0.044
3724.69148,10.308,0.044
3726.78322,10.371,0.04
3730.62635,10.213,0.045
3733.65402,10.212,0.038
3735.77302,10.215,0.036
3740.67993,10.202,0.043
3743.6359,10.252,0.04
3747.61584,10.331,0.04
3749.71039,10.338,0.06
3752.67678,10.306,0.043
3754.73964,10.298,0.047
3759.67228,10.347,0.048
3762.62108,10.289,0.04
3764.68342,10.386,0.05
3767.60023,10.588,0.05
3774.539,10.288,0.05
3776.58516,10.225,0.043
3778.60804,10.229,0.045
3780.66732,10.205,0.049
3787.65187,10.273,0.041
3790.56737,10.405,0.048
3793.5623,10.394,0.049
3795.61132,10.257,0.034
3798.55657,10.279,0.052
3804.53511,10.321,0.039
3806.5492,10.268,0.059
3809.57523,10.298,0.045
3812.52144,10.26,0.042
3814.55052,10.25,0.042
3817.52362,10.193,0.049
3820.51646,10.216,0.037
3823.50793,10.222,0.046
3825.54422,10.185,0.048
3829.48319,10.216,0.035
3832.48783,10.198,0.039
3835.48047,10.208,0.045
3837.50469,10.214,0.051
3849.46969,10.179,0.047
3853.46439,10.183,0.035
3983.86501,10.16,0.04
4090.66331,10.166,0.03
4103.69625,10.189,0.043
4105.77113,10.204,0.04
4109.58985,10.147,0.034
4126.68985,10.179,0.03
4131.63201,10.142,0.041
4133.63537,10.198,0.046
4135.66061,10.181,0.04
4137.66137,10.164,0.04
4139.67059,10.192,0.036
4141.68207,10.181,0.033
4144.5706,10.15,0.049
4146.63623,10.178,0.034
4150.60606,10.16,0.042
4152.62004,10.126,0.051
4154.63908,10.169,0.035
4159.59811,10.147,0.038
4161.60167,10.186,0.037
4163.61,10.239,0.038
4172.57645,10.238,0.055
4174.58831,10.222,0.046
4179.51957,10.201,0.043
4182.52586,10.163,0.031
4189.50875,10.112,0.029
4191.53357,10.178,0.032
4196.49587,10.116,0.055
4201.51329,10.221,0.032
4205.49649,10.227,0.034
4304.9369,10.169,0.032
4308.93272,10.136,0.046
4331.9021,10.18,0.035
4336.90396,10.149,0.034
4340.88422,10.148,0.034
4343.90548,10.182,0.032
4348.87399,10.171,0.044
4354.86767,10.195,0.027
4358.8575,10.154,0.032
4362.84786,10.188,0.036
4365.86035,10.174,0.028
4368.87841,10.159,0.032
4371.87329,10.173,0.035
4376.82991,10.129,0.034
4379.83404,10.156,0.029
4382.83179,10.171,0.028
4385.82158,10.157,0.028
4398.84404,10.134,0.048
4402.82098,10.162,0.033
4406.808,10.202,0.048
4409.76404,10.142,0.035
4412.79258,10.146,0.031
4420.76683,10.172,0.042
4423.74803,10.21,0.045
4426.80943,10.171,0.052
4429.59883,10.118,0.039
4431.73714,10.149,0.034
4433.80985,10.2,0.03
4436.69031,10.181,0.034
4438.79402,10.174,0.034
4441.67242,10.209,0.035
4444.69905,10.202,0.03
4452.69905,10.158,0.034
4457.68083,10.166,0.04
4460.65768,10.172,0.033
4462.71854,10.189,0.032
4464.79877,10.154,0.03
4467.67139,10.185,0.033
4470.63561,10.142,0.032
4473.69645,10.178,0.033
4476.68697,10.161,0.037
4478.7581,10.139,0.037
4481.60889,10.167,0.05
4485.59605,9.925,0.04
4487.67128,10.139,0.038
4489.71426,10.148,0.038
4492.58706,10.137,0.04
4494.61219,10.146,0.042
4498.6123,10.17,0.044
4500.6797,10.16,0.057
4503.59639,10.149,0.035
4505.67917,10.17,0.039
4508.59412,10.152,0.04
4510.60545,10.127,0.042
4517.59259,10.155,0.031
4519.61254,10.16,0.046
4521.63943,10.137,0.029
4524.54164,10.153,0.037
4526.61812,10.12,0.046
4529.55741,10.151,0.04
4535.54349,10.174,0.037
4539.5154,10.181,0.048
4541.55721,10.166,0.038
4543.57056,10.14,0.047
4546.53298,10.179,0.043
4548.53889,10.133,0.038
4551.53502,10.143,0.033
4554.51746,10.155,0.04
4557.51209,10.156,0.034
4560.50414,10.135,0.035
4563.49435,10.151,0.036
4567.48029,10.168,0.038
4570.49104,10.148,0.031
4573.49259,10.134,0.038
4576.47835,10.143,0.042
4583.46119,10.112,0.036
4686.92606,10.152,0.03
4704.88981,10.154,0.031
4705.88997,10.212,0.031
4708.90392,10.17,0.029
4717.88516,10.145,0.036
4721.86397,10.135,0.028
4726.85102,10.182,0.031
4729.8767,10.149,0.028
4740.85253,10.125,0.029
4740.86459,10.164,0.031
4743.84939,10.125,0.028
4746.83835,10.146,0.033
4750.80435,10.139,0.03
4753.82095,10.165,0.028
4756.82484,10.161,0.032
4759.80358,10.126,0.029
4762.80019,10.156,0.028
4765.78682,10.155,0.038
4768.78253,10.119,0.029
4771.77185,10.142,0.042
4774.76568,10.158,0.028
4777.75575,10.154,0.026
4780.74347,10.154,0.03
4784.69568,10.174,0.042
4787.75824,10.174,0.042
4793.71533,10.184,0.032
4796.77514,10.156,0.034
4805.67337,10.153,0.028
4807.70826,10.166,0.03
4809.77687,10.19,0.032
4813.70071,10.193,0.041
4816.66834,10.167,0.034
4819.6996,10.118,0.03
4822.67532,10.167,0.035
4825.65847,10.145,0.041
4827.80117,10.127,0.038
4830.64863,10.152,0.029
4837.66976,10.221,0.039
4840.62397,10.248,0.044
4842.70982,10.278,0.049
4845.69886,10.152,0.047
4848.62968,10.315,0.047
4850.71973,10.203,0.04
4853.63517,10.467,0.038
4856.62578,10.123,0.044
4859.63219,10.319,0.045
4862.64085,10.138,0.051
4865.57322,10.179,0.047
4868.59868,10.175,0.045
4871.59112,10.181,0.046
4876.65898,10.182,0.044
4879.6022,10.149,0.035
4881.64991,10.189,0.037
4884.60711,10.151,0.04
4887.61109,10.157,0.063
4900.57273,10.159,0.066
4904.57231,10.154,0.052
4918.52683,10.1,0.049
4926.51106,10.155,0.064
5087.85195,10.145,0.045
5098.88319,10.098,0.04
5112.80533,10.153,0.062
5116.82377,10.127,0.042
5122.84815,10.174,0.042
5132.77867,10.184,0.045
5141.80105,10.131,0.05
5145.7182,10.147,0.051
5154.75896,10.165,0.051
5157.71213,10.186,0.045
5160.73202,10.151,0.054
5163.69499,10.221,0.057
