1868.71761,13.87,0.058
1869.70772,13.8,0.062
1870.70851,13.735,0.079
1871.71459,13.687,0.076
1872.71057,13.605,0.067
1873.71257,13.531,0.059
1874.6996,13.581,0.067
1875.69964,13.612,0.056
1876.7007,13.524,0.059
1877.70109,13.622,0.046
1878.69087,13.551,0.046
1879.69418,13.464,0.045
1880.6833,13.501,0.054
1881.68047,13.408,0.049
1884.66881,13.62,0.048
1885.67902,13.605,0.041
1886.6826,13.648,0.042
1888.67513,13.434,0.048
1889.66958,13.602,0.05
1899.65107,13.781,0.049
1900.65579,13.651,0.04
1902.63798,13.613,0.043
1903.64754,13.497,0.047
1904.63061,13.495,0.043
1905.64631,13.467,0.046
1906.63694,13.585,0.045
1907.63747,13.663,0.044
1908.63423,13.56,0.045
1913.61309,13.507,0.041
1914.61993,13.602,0.041
1915.62366,13.665,0.044
1918.60003,13.382,0.039
1919.6188,13.667,0.04
1920.62072,13.682,0.046
1922.61925,13.701,0.038
1923.62439,14.236,0.04
1926.60289,13.729,0.042
1928.57941,13.792,0.038
1930.57624,13.867,0.038
1932.56445,13.72,0.039
1934.56337,13.545,0.038
1935.54745,13.843,0.041
1938.55637,13.597,0.042
1940.65046,13.627,0.046
1945.54843,13.492,0.036
1948.54041,13.505,0.039
1950.57821,14.125,0.065
1953.54772,13.838,0.043
1959.52969,13.875,0.039
1966.57966,13.418,0.051
2104.93128,13.711,0.073
2117.91186,13.547,0.064
2128.90595,13.956,0.067
2130.88484,13.847,0.077
2134.88404,14.117,0.055
2136.88228,14.051,0.06
2166.86647,13.537,0.051
2168.81508,13.531,0.05
2171.81068,13.582,0.06
2172.86618,13.524,0.047
2183.79732,13.646,0.044
2190.7641,14.097,0.05
2191.85857,13.609,0.05
2193.86651,13.799,0.049
2194.82873,13.793,0.05
2196.75712,14.212,0.057
2198.80311,13.785,0.047
2199.83497,13.645,0.057
2201.74573,13.53,0.048
2202.78385,13.511,0.038
2212.69608,13.405,0.055
2212.71598,13.723,0.057
2213.73728,13.53,0.053
2214.74447,13.542,0.049
2224.73391,13.65,0.043
2225.76684,13.76,0.05
2559.76404,13.559,0.032
2561.76254,13.675,0.042
2562.88118,13.464,0.043
2564.75229,13.062,0.038
2565.85108,13.567,0.053
2621.70454,13.499,0.039
2623.64038,13.481,0.037
2625.64206,13.371,0.034
2627.79058,14.005,0.036
2634.74868,13.624,0.042
2638.75252,13.777,0.044
2640.75046,13.448,0.043
2642.78451,13.667,0.042
2644.73486,13.617,0.042
2646.71422,13.336,0.051
2649.70364,13.65,0.036
2651.67105,13.462,0.043
2653.66646,13.506,0.047
2668.67132,13.618,0.044
2670.66443,13.705,0.042
2672.66502,13.679,0.048
2674.65269,13.531,0.045
2676.63885,13.607,0.044
2678.62418,13.643,0.045
2680.62681,13.461,0.041
2686.65407,13.477,0.038
2688.642,13.383,0.044
2692.63552,13.852,0.051
2698.6268,13.774,0.04
2702.61716,13.648,0.038
2704.60434,13.635,0.042
2706.5861,13.631,0.04
2710.55976,13.585,0.035
2714.58992,13.664,0.04
2724.56047,13.892,0.037
2726.55875,13.746,0.037
2728.5499,13.807,0.036
2730.54581,13.535,0.034
2734.53076,13.448,0.044
2736.51548,13.392,0.035
2738.5423,13.82,0.038
2740.53761,13.582,0.038
2752.4859,13.777,0.035
2755.48599,14.009,0.034
2757.48518,13.84,0.036
2760.47864,13.638,0.034
2763.45796,13.623,0.036
2862.89952,13.36,0.04
2884.8483,13.433,0.034
2905.84406,13.651,0.042
2908.86374,13.354,0.055
2911.83438,13.323,0.04
2915.84976,13.592,0.042
2916.78586,13.634,0.041
2927.75447,12.999,0.034
2929.78127,13.535,0.034
2939.80352,13.718,0.032
2947.76986,13.469,0.038
2949.78942,13.511,0.041
2957.72473,14.007,0.039
2962.71497,13.816,0.034
2968.80707,13.446,0.036
2974.68072,13.726,0.038
2980.72783,13.542,0.037
2984.79538,13.496,0.034
2987.65688,13.614,0.034
2989.71162,13.802,0.042
2994.6268,13.553,0.034
3005.65253,13.572,0.035
3009.70029,13.59,0.035
3025.64257,13.599,0.033
3034.6509,13.66,0.036
3044.60203,13.477,0.038
3054.6319,13.465,0.035
3059.5855,14.101,0.046
3061.62887,13.565,0.035
3064.55888,13.668,0.038
3067.60585,13.529,0.038
3075.55808,13.585,0.049
3091.53617,13.543,0.037
3093.56226,13.427,0.033
3098.51508,13.457,0.038
3103.50589,13.657,0.037
3110.50891,13.799,0.034
3113.49039,13.796,0.039
3116.48989,13.663,0.033
3125.4786,13.613,0.036
3128.47007,13.514,0.032
3132.46319,13.569,0.034
3272.85076,13.457,0.035
3279.81341,13.573,0.043
3298.84064,13.775,0.05
3355.63888,14.02,0.055
3357.76002,13.521,0.061
3363.66819,13.554,0.09
3365.68206,13.691,0.09
3383.6743,13.661,0.048
3385.68202,13.934,0.091
3387.70402,13.676,0.062
3387.72186,13.343,0.057
3389.74379,13.566,0.075
3392.68779,13.562,0.063
3395.67189,13.309,0.086
3397.72846,14.168,0.08
3400.6058,13.514,0.071
3403.62697,13.783,0.046
3405.6528,14.462,0.048
3407.67088,14.191,0.036
3409.68678,13.685,0.041
3412.58371,13.88,0.086
3414.59005,13.859,0.068
3416.59617,14,0.08
3418.60905,13.656,0.068
3424.65241,13.453,0.076
3426.64906,13.47,0.092
3433.56453,13.631,0.093
3439.55657,13.732,0.064
3442.54737,14.066,0.052
3446.56628,13.725,0.063
3448.59582,13.673,0.07
3450.58652,13.588,0.075
3453.56874,13.804,0.09
3456.50691,13.279,0.075
3458.52067,13.599,0.052
3460.52947,13.723,0.037
3465.50824,13.951,0.074
3468.54351,13.817,0.049
3471.50179,14.224,0.037
3476.49748,14.001,0.066
3480.50371,13.421,0.049
3483.48734,13.585,0.062
3492.46913,13.659,0.053
3502.454,13.829,0.088
3576.92865,13.414,0.038
3590.91161,14.204,0.053
3599.9146,13.675,0.035
3603.8927,13.597,0.039
3619.86425,13.801,0.042
3624.8799,13.644,0.044
3628.87365,13.333,0.04
3631.85037,13.538,0.038
3639.82127,13.774,0.035
3643.81268,13.794,0.044
3650.82778,13.781,0.043
3653.81981,13.811,0.065
3658.79112,13.439,0.042
3664.78429,13.727,0.054
3668.79859,13.486,0.037
3671.77102,13.775,0.039
3674.76999,13.834,0.075
3677.75788,13.976,0.045
3700.68856,13.538,0.074
3703.70932,13.686,0.079
3706.68866,13.754,0.085
3712.70805,13.577,0.064
3714.70772,13.709,0.082
3716.78706,13.498,0.038
3719.70449,13.5,0.08
3721.79516,13.68,0.078
3730.62211,13.588,0.085
3733.64816,13.651,0.082
3735.75395,13.828,0.046
3740.67655,13.912,0.075
3742.79078,13.669,0.063
3745.66156,13.813,0.039
3747.74098,13.466,0.076
3750.61822,13.597,0.062
3753.63478,13.508,0.078
3755.69136,13.696,0.082
3760.63201,13.824,0.087
3762.71285,13.81,0.048
3765.59926,13.871,0.092
3767.68817,13.814,0.044
3770.56252,13.723,0.064
3772.64147,13.549,0.096
3774.7072,13.423,0.04
3777.57311,13.77,0.097
3789.57139,13.746,0.094
3791.60373,13.757,0.058
3796.61852,13.864,0.044
3799.55422,13.926,0.059
3801.60766,13.69,0.053
3804.54826,13.716,0.062
3809.58873,13.457,0.04
3814.52795,13.405,0.088
3816.579,13.899,0.054
3819.52535,13.585,0.046
3821.57784,14.48,0.043
3824.53732,13.588,0.071
3829.52688,13.795,0.079
3831.54754,13.628,0.055
3834.50123,13.335,0.08
3850.48286,13.851,0.054
3853.47357,13.989,0.035
4089.63713,13.625,0.072
4091.70157,13.773,0.053
4125.67169,13.931,0.045
4127.68054,13.673,0.062
4129.65249,13.814,0.059
4131.68094,13.354,0.047
4133.69933,13.4,0.043
4136.56845,13.73,0.083
4140.62091,13.576,0.052
4142.64362,13.763,0.077
4144.68303,14.316,0.088
4147.57967,13.647,0.063
4152.65984,13.833,0.05
4155.55739,13.697,0.092
4157.62098,13.416,0.051
4159.62498,13.586,0.088
4161.62948,13.488,0.067
4163.63467,13.554,0.059
4172.58453,13.293,0.057
4174.5957,13.559,0.047
4180.55857,13.795,0.067
4183.53111,14.339,0.081
4190.52334,13.668,0.038
4198.53288,13.535,0.055
4201.53316,13.705,0.038
4205.50541,13.789,0.05
4342.89001,13.43,0.054
4349.88496,13.46,0.048
4353.89798,13.947,0.035
4382.79354,13.736,0.037
4385.80862,13.692,0.035
4403.81398,13.405,0.046
4407.8028,13.332,0.046
4410.74741,13.568,0.051
4421.71718,14.218,0.096
4424.77926,13.691,0.055
4430.69624,13.792,0.047
4432.73791,13.618,0.052
4435.68151,13.507,0.047
4437.74241,13.825,0.052
4440.67321,13.465,0.054
4443.68757,13.762,0.038
4448.75733,14.456,0.055
4453.72363,14.098,0.087
4461.65972,13.392,0.044
4463.74143,13.563,0.051
4466.65499,13.532,0.057
4474.72347,13.872,0.072
4477.66045,13.88,0.066
4479.77014,13.79,0.082
4490.59272,13.802,0.051
4492.67095,13.687,0.039
4494.69046,13.593,0.039
4498.66478,13.784,0.049
4501.61517,13.539,0.038
4503.68497,13.96,0.038
4506.60927,13.612,0.042
4508.67785,13.882,0.068
4516.62944,13.305,0.058
4519.55889,13.493,0.06
4521.59509,13.547,0.039
4523.60773,13.935,0.048
4525.63064,13.686,0.049
4527.64963,13.912,0.06
4530.58687,13.694,0.055
4533.55813,13.509,0.048
4536.59883,13.795,0.051
4546.54547,13.589,0.066
4548.54988,13.62,0.044
4551.54758,13.741,0.06
4554.5295,13.604,0.047
4556.54861,13.257,0.047
4558.55701,13.619,0.045
4561.53944,13.569,0.038
4564.50991,13.884,0.043
4567.50303,13.639,0.051
4570.50734,13.912,0.051
4573.50155,13.785,0.037
4583.49185,14.243,0.053
4589.47294,13.345,0.038
4683.91886,13.711,0.04
4702.88815,13.575,0.048
4725.88864,13.719,0.041
4733.88101,13.434,0.04
4756.80534,13.798,0.04
4759.79122,13.517,0.04
4762.79397,13.696,0.052
4765.78968,13.724,0.044
4768.77424,13.728,0.041
4771.75688,13.749,0.042
4774.74982,13.628,0.051
4777.74927,13.959,0.042
4780.73684,13.703,0.041
4783.82242,13.448,0.046
4787.72859,13.639,0.05
4793.70885,13.721,0.05
4796.76869,13.442,0.052
4802.67759,13.603,0.057
4805.66684,13.678,0.055
4809.77282,13.551,0.045
4814.79967,13.677,0.061
4820.74923,13.742,0.076
4823.69813,13.599,0.045
4826.67282,13.322,0.068
4828.76982,13.843,0.071
4831.65441,13.59,0.059
4836.63369,13.617,0.072
4838.68256,14.02,0.071
4843.63768,13.891,0.062
4846.63523,13.734,0.065
4848.68241,13.642,0.08
4850.74913,13.685,0.077
4853.70462,13.573,0.077
4859.68764,13.736,0.071
4865.59719,13.757,0.079
4870.71251,13.308,0.059
4881.59836,13.365,0.067
4883.67125,13.952,0.078
4892.57305,14.02,0.074
4904.59361,13.868,0.072
4919.52874,13.629,0.075
5067.90799,13.701,0.074
5098.8574,13.684,0.049
5111.82956,13.539,0.041
5116.82845,13.599,0.047
5144.78618,13.603,0.05
5158.73539,13.423,0.079
