1868.69967,11.484,0.031
1869.68954,11.522,0.032
1875.68822,11.495,0.031
1876.68702,11.556,0.032
1877.67913,11.461,0.032
1877.70378,11.589,0.038
1878.6665,11.574,0.032
1878.70032,11.555,0.038
1879.68046,11.58,0.027
1880.65447,11.49,0.032
1880.68371,11.544,0.035
1881.67115,11.529,0.028
1884.65046,11.542,0.03
1885.66733,11.514,0.027
1886.6687,11.596,0.028
1887.6596,11.582,0.029
1888.65902,11.561,0.03
1889.65423,11.513,0.032
1889.67898,11.586,0.037
1899.63502,11.596,0.026
1900.64641,11.542,0.026
1902.61975,11.613,0.027
1903.64944,11.655,0.029
1904.6183,11.625,0.029
1905.63253,11.646,0.026
1907.63945,11.687,0.026
1908.62501,11.631,0.026
1913.59734,11.702,0.028
1914.62216,11.615,0.028
1915.61463,11.586,0.028
1918.60239,11.661,0.028
1919.60996,11.682,0.03
1920.6119,11.71,0.027
1921.60705,11.733,0.029
1922.60602,11.737,0.026
1923.6022,11.749,0.029
1926.57129,11.764,0.034
1928.56412,11.702,0.027
1930.56109,11.661,0.033
1931.59348,11.89,0.044
1933.56228,11.772,0.028
1935.5328,11.777,0.031
1937.61064,11.671,0.026
1939.56451,11.722,0.025
1941.59622,11.805,0.027
1945.53858,11.742,0.029
1947.62209,11.808,0.031
1949.61848,11.757,0.032
1952.55051,11.793,0.037
1954.54615,11.843,0.035
1954.57929,11.726,0.034
1958.55945,11.702,0.029
1961.57446,11.741,0.03
1964.53298,11.726,0.028
1966.55359,11.72,0.029
1968.54101,11.76,0.032
1978.577,11.715,0.041
1981.52529,11.666,0.034
1997.49195,11.755,0.042
2027.47992,11.829,0.043
2032.47437,11.827,0.041
2116.88994,11.73,0.033
2129.87004,11.753,0.035
2132.9082,11.693,0.031
2143.82906,11.719,0.038
2156.81358,11.654,0.04
2156.84715,11.607,0.04
2166.83267,11.54,0.034
2166.86162,11.539,0.04
2167.81047,11.543,0.038
2168.79831,11.543,0.04
2168.88952,11.487,0.035
2171.76205,11.522,0.035
2171.79392,11.52,0.048
2172.83166,11.481,0.034
2172.85855,11.484,0.037
2174.75379,11.519,0.035
2183.7555,11.389,0.038
2183.78895,11.507,0.04
2185.75946,11.428,0.036
2185.79733,11.442,0.04
2186.81758,11.391,0.032
2189.79915,11.357,0.04
2190.78317,11.424,0.033
2190.82888,11.397,0.037
2191.80594,11.408,0.034
2191.86325,11.388,0.038
2192.7873,11.422,0.035
2192.82555,11.435,0.037
2193.79568,11.421,0.034
2194.75312,11.402,0.037
2194.79487,11.374,0.033
2196.74572,11.475,0.04
2197.83689,11.441,0.041
2198.76896,11.381,0.031
2199.74334,11.388,0.037
2199.82848,11.347,0.039
2200.8091,11.37,0.031
2201.7293,11.371,0.039
2201.83576,11.394,0.035
2202.76813,11.34,0.035
2202.7952,11.43,0.036
2204.72864,11.37,0.042
2206.72551,11.357,0.036
2206.79021,11.394,0.033
2208.71653,11.345,0.032
2212.64739,11.342,0.034
2212.68832,11.394,0.038
2213.70512,11.317,0.034
2213.73851,11.374,0.038
2214.7074,11.38,0.035
2214.75249,11.37,0.039
2215.70917,11.316,0.037
2215.79814,11.343,0.038
2216.71847,11.314,0.04
2216.74723,11.351,0.04
2217.73163,11.267,0.035
2217.76997,11.377,0.039
2221.75709,11.276,0.036
2222.74128,11.297,0.035
2222.75674,11.318,0.043
2224.70797,11.3,0.035
2224.73474,11.343,0.038
2225.70628,11.237,0.035
2225.7861,11.337,0.042
2226.7069,11.256,0.035
2226.74309,11.341,0.04
2227.69946,11.3,0.035
2227.77765,11.317,0.038
2228.7065,11.233,0.035
2228.73098,11.364,0.043
2229.69503,11.24,0.036
2230.69297,11.234,0.035
2230.72427,11.333,0.041
2232.69505,11.243,0.034
2232.71955,11.323,0.038
2233.68823,11.204,0.036
2233.71997,11.297,0.036
2234.68187,11.216,0.037
2234.71562,11.291,0.038
2235.68278,11.255,0.034
2235.70959,11.292,0.036
2236.67767,11.237,0.036
2236.71357,11.282,0.04
2237.67895,11.25,0.041
2237.71277,11.271,0.037
2239.6742,11.199,0.037
2239.70108,11.283,0.041
2240.67239,11.189,0.039
2240.70161,11.285,0.038
2241.67361,11.276,0.036
2241.70274,11.254,0.041
2242.66879,11.165,0.039
2242.69344,11.273,0.042
2243.6735,11.184,0.041
2244.67803,11.151,0.041
2244.70994,11.245,0.042
2247.65958,11.173,0.039
2247.70017,11.242,0.042
2248.66378,11.18,0.043
2248.69566,11.237,0.041
2249.66752,11.103,0.042
2249.69221,11.236,0.04
2250.6681,11.17,0.037
2251.66692,11.154,0.041
2251.6872,11.227,0.042
2252.65919,11.204,0.036
2252.68168,11.199,0.043
2253.67989,11.219,0.042
2254.65798,11.116,0.038
2254.68392,11.203,0.041
2255.65548,11.175,0.037
2255.67582,11.206,0.041
2256.65438,11.121,0.039
2256.67464,11.21,0.045
2258.65206,11.111,0.043
2258.68134,11.176,0.047
2260.6442,11.123,0.04
2260.66442,11.197,0.044
2465.92513,11.138,0.031
2470.93001,11.097,0.031
2493.87451,11.103,0.044
2496.849,11.052,0.031
2498.86552,11.124,0.033
2501.90076,11.108,0.042
2529.78599,11.191,0.037
2540.86089,11.266,0.036
2544.88747,11.282,0.033
2552.74328,11.262,0.034
2558.75605,11.302,0.04
2562.72279,11.322,0.032
2565.73209,11.283,0.038
2574.72559,11.322,0.04
2577.85887,11.295,0.033
2621.68588,11.436,0.033
2623.6149,11.543,0.034
2624.75797,11.475,0.03
2627.74987,11.416,0.037
2629.76434,11.565,0.042
2634.66644,11.481,0.03
2636.7021,11.538,0.034
2638.6912,11.545,0.032
2640.68925,11.51,0.031
2642.68711,11.551,0.033
2644.68301,11.545,0.033
2646.66244,11.478,0.033
2649.65198,11.566,0.031
2651.62917,11.542,0.036
2652.80269,11.595,0.029
2654.64006,11.524,0.032
2657.6734,11.58,0.034
2661.68235,11.54,0.033
2663.67879,11.543,0.031
2665.67163,11.58,0.031
2667.67113,11.617,0.032
2669.66057,11.53,0.035
2671.65971,11.588,0.032
2673.65422,11.581,0.032
2675.64205,11.574,0.032
2677.62382,11.557,0.031
2679.61406,11.563,0.038
2681.60588,11.606,0.034
2683.60938,11.596,0.032
2689.61604,11.659,0.037
2691.61018,11.623,0.032
2693.62265,11.635,0.032
2695.61067,11.615,0.03
2697.61689,11.66,0.03
2699.60734,11.728,0.03
2701.6054,11.676,0.032
2703.60126,11.67,0.027
2705.59348,11.662,0.035
2707.59168,11.762,0.031
2709.57833,11.659,0.03
2711.58024,11.7,0.032
2715.58793,11.665,0.03
2719.52074,11.666,0.032
2721.56133,11.692,0.03
2723.5634,11.73,0.031
2725.56025,11.772,0.028
2727.55389,11.808,0.028
2729.55203,11.773,0.028
2733.53997,11.664,0.029
2735.53567,11.694,0.027
2739.55032,11.721,0.03
2741.52556,11.705,0.028
2743.52324,11.734,0.029
2751.48724,11.724,0.029
2754.49263,11.685,0.027
2756.49445,11.733,0.031
2758.48772,11.745,0.042
2760.51712,11.806,0.027
2762.51833,11.734,0.037
2764.5052,11.749,0.027
2766.4833,11.763,0.027
2784.46137,11.673,0.03
2786.46399,11.738,0.028
2814.94595,11.531,0.032
2840.91878,11.505,0.028
2853.92658,11.46,0.031
2858.8901,11.466,0.028
2867.84739,11.478,0.029
2875.90015,11.498,0.035
2879.85757,11.427,0.035
2883.9133,11.467,0.034
2885.87538,11.435,0.029
2893.77739,11.462,0.036
2895.82693,11.442,0.031
2897.85353,11.463,0.03
2906.79934,11.455,0.025
2910.79205,11.444,0.03
2922.71233,11.466,0.032
2924.78614,11.465,0.028
2927.73632,11.427,0.026
2929.75833,11.41,0.027
2931.80462,11.38,0.03
2933.79945,11.466,0.031
2935.80023,11.402,0.032
2939.78682,11.396,0.031
2943.71714,11.53,0.031
2947.70944,11.385,0.039
2949.76532,11.418,0.027
2957.70264,11.424,0.026
2962.69803,11.394,0.033
2964.74285,11.423,0.035
2966.74823,11.368,0.042
2976.68837,11.377,0.034
2982.72685,11.318,0.04
2984.76439,11.34,0.029
2989.68093,11.316,0.027
2991.69811,11.313,0.036
2996.60773,11.295,0.033
2998.66002,11.281,0.038
3001.64956,11.275,0.029
3005.64021,11.281,0.034
3007.64284,11.251,0.035
3009.68833,11.249,0.041
3011.68617,11.27,0.031
3013.70592,11.227,0.03
3016.69882,11.287,0.027
3018.68935,11.228,0.031
3023.67989,11.22,0.032
3028.65656,11.179,0.026
3030.6999,11.215,0.028
3035.57124,11.178,0.029
3041.663,11.173,0.035
3043.74396,11.186,0.036
3046.59509,11.16,0.028
3049.57988,11.201,0.028
3051.70927,11.216,0.034
3054.58245,11.149,0.028
3056.59694,11.2,0.04
3058.66326,11.157,0.031
3060.68676,11.174,0.026
3068.61969,11.168,0.028
3070.64992,11.127,0.032
3073.58915,11.216,0.03
3075.62078,11.183,0.028
3077.64865,11.163,0.03
3079.65954,11.209,0.03
3082.56006,11.19,0.028
3086.56098,11.184,0.035
3088.57988,11.194,0.035
3090.58899,11.191,0.036
3092.58403,11.152,0.025
3096.58498,11.174,0.027
3098.60759,11.142,0.028
3101.52501,11.174,0.03
3103.53394,11.177,0.029
3111.55321,11.202,0.027
3114.50132,11.194,0.028
3122.50938,11.184,0.038
3131.48644,11.247,0.041
3133.51035,11.174,0.029
3355.62401,11.553,0.033
3357.71071,11.571,0.031
3357.71993,11.61,0.027
3363.64448,11.604,0.037
3365.69079,11.6,0.037
3366.71684,11.583,0.043
3386.71951,11.702,0.043
3388.75966,11.692,0.037
3390.73862,11.743,0.036
3391.58684,11.731,0.04
3393.77257,11.694,0.042
3394.69969,11.704,0.029
3396.79619,11.732,0.032
3398.78831,11.734,0.039
3400.68684,11.761,0.033
3400.79961,11.754,0.035
3404.65514,11.715,0.031
3406.65497,11.819,0.036
3408.67348,11.97,0.032
3410.75404,11.847,0.037
3413.55992,11.878,0.042
3415.56236,11.857,0.035
3417.57842,11.819,0.04
3419.57964,11.939,0.035
3421.59775,11.897,0.035
3425.63272,11.802,0.032
3427.64307,11.909,0.028
3431.62692,11.836,0.03
3433.62292,11.962,0.034
3436.62929,11.972,0.031
3439.61953,11.988,0.026
3442.61596,11.944,0.028
3446.62264,12.023,0.033
3448.59288,11.921,0.033
3450.53797,11.96,0.037
3450.58429,11.986,0.031
3453.56677,12.071,0.037
3455.6051,12,0.03
3459.61455,11.958,0.028
3462.51672,12.167,0.035
3464.58643,11.984,0.027
3466.59344,12.032,0.026
3469.59513,11.927,0.026
3474.51905,12.049,0.027
3477.51217,12.106,0.029
3479.55263,12.008,0.031
3490.51534,12.156,0.036
3492.52507,11.953,0.033
3497.51603,12.064,0.03
3501.46955,12.052,0.029
3504.47315,12.177,0.031
3512.46095,12.055,0.03
3570.93544,11.91,0.031
3573.93508,11.906,0.041
3574.93561,11.822,0.033
3577.92866,11.929,0.038
3578.92152,11.78,0.033
3579.92657,11.899,0.029
3588.89899,11.72,0.04
3590.90218,11.848,0.038
3592.87241,11.774,0.034
3601.84344,11.748,0.036
3601.85815,11.771,0.03
3601.89718,11.836,0.042
3618.84629,11.585,0.036
3618.85638,11.575,0.039
3618.88852,11.675,0.039
3621.86921,11.626,0.036
3621.88501,11.523,0.034
3622.86021,11.542,0.036
3625.87662,11.529,0.031
3626.84505,11.572,0.036
3629.81325,11.533,0.035
3630.82219,11.521,0.038
3633.80333,11.451,0.032
3633.80556,11.553,0.032
3634.84183,11.535,0.039
3638.86869,11.436,0.037
3639.84832,11.412,0.032
3641.85847,11.445,0.039
3642.83372,11.373,0.039
3643.82662,11.462,0.028
3647.84012,11.41,0.03
3650.8201,11.371,0.028
3652.79506,11.409,0.033
3653.79131,11.365,0.037
3655.74346,11.321,0.034
3658.77315,11.326,0.028
3659.79834,11.35,0.037
3661.7732,11.27,0.034
3662.80111,11.266,0.042
3664.76323,11.315,0.03
3669.79461,11.273,0.036
3670.70235,11.258,0.031
3671.75849,11.264,0.03
3672.7764,11.254,0.036
3672.80065,11.182,0.032
3674.74876,11.212,0.028
3675.72926,11.202,0.032
3675.77662,11.257,0.038
3677.73833,11.209,0.028
3699.67545,11.257,0.036
3702.66958,11.235,0.028
3705.65763,11.239,0.032
3707.75328,11.193,0.029
3711.77022,11.232,0.027
3713.70821,11.212,0.028
3716.62711,11.211,0.03
3718.68742,11.258,0.033
3726.62676,11.281,0.03
3728.67895,11.218,0.033
3731.80116,11.236,0.039
3734.67554,11.333,0.037
3737.64954,11.247,0.029
3739.6866,11.241,0.029
3741.71469,11.221,0.029
3744.65393,11.304,0.032
3749.66757,11.302,0.035
3751.76606,11.242,0.037
3754.64454,11.23,0.033
3756.71605,11.238,0.036
3758.7899,11.248,0.032
3761.65277,11.231,0.036
3763.74139,11.206,0.044
3766.61688,11.255,0.041
3768.71866,11.222,0.034
3771.56543,11.221,0.036
3773.64988,11.158,0.036
3775.64795,11.187,0.033
3783.59555,11.201,0.035
3787.71046,11.248,0.033
3790.57722,11.212,0.034
3795.55252,11.299,0.036
3797.59428,11.197,0.032
3799.6569,11.193,0.033
3802.55829,11.214,0.037
3804.61882,11.189,0.032
3806.61735,11.219,0.033
3809.63064,11.216,0.035
3811.63722,11.176,0.033
3814.53713,11.187,0.03
3818.60617,11.207,0.031
3823.5557,11.18,0.033
3825.58739,11.258,0.036
3827.60146,11.174,0.034
3830.53511,11.16,0.03
3832.55069,11.161,0.033
3834.55984,11.198,0.031
3836.56558,11.168,0.034
3849.48471,11.133,0.036
3851.51579,11.672,0.031
3853.53217,11.135,0.028
3856.50013,11.197,0.038
3861.51593,11.144,0.031
3864.48689,11.2,0.033
3866.49462,11.141,0.033
3869.49164,11.155,0.035
3872.47853,11.153,0.029
3876.48042,11.095,0.029
3881.46801,11.156,0.03
4104.65607,11.476,0.035
4105.76998,11.274,0.037
4106.69798,11.337,0.026
4107.70811,11.282,0.03
4107.77779,11.336,0.037
4109.71437,11.349,0.031
4111.77724,11.293,0.044
4126.70582,11.388,0.037
4128.70635,11.361,0.031
4128.71465,11.2,0.037
4132.69993,11.379,0.029
4134.74153,11.422,0.032
4136.77789,11.423,0.046
4139.59354,11.443,0.027
4141.61912,11.418,0.029
4143.64709,11.414,0.034
4145.69949,11.385,0.035
4147.67603,11.475,0.035
4149.63974,11.4,0.032
4150.72284,11.834,0.038
4151.63842,11.435,0.032
4151.64327,11.428,0.032
4152.735,11.477,0.037
4155.64874,11.484,0.031
4163.69337,11.456,0.031
4173.65735,11.497,0.037
4174.60458,11.461,0.03
4174.63656,11.456,0.044
4175.66403,11.389,0.042
4176.61995,11.54,0.031
4179.64724,11.503,0.044
4182.56174,11.428,0.032
4183.64947,11.521,0.038
4185.6386,11.465,0.038
4189.6014,11.497,0.034
4190.59979,11.491,0.029
4191.62382,11.585,0.038
4192.60278,11.455,0.03
4196.53919,11.55,0.041
4201.54141,11.472,0.029
4204.53694,11.535,0.029
4216.52178,11.479,0.042
4238.48912,11.451,0.043
4247.46334,11.558,0.028
4285.93278,11.572,0.039
4292.91695,11.599,0.031
4300.93358,11.602,0.041
4303.92886,11.554,0.042
4304.92118,11.604,0.04
4306.91661,11.562,0.032
4308.90655,11.59,0.045
4310.90002,11.484,0.032
4314.91649,11.538,0.036
4330.85407,11.453,0.043
4330.90546,11.581,0.037
4333.85329,11.491,0.029
4333.89878,11.462,0.038
4338.86033,11.546,0.032
4338.91358,11.574,0.035
4341.83151,11.609,0.041
4341.87571,11.566,0.045
4344.85003,11.468,0.036
4345.87223,11.598,0.037
4348.89035,11.56,0.037
4351.82411,11.577,0.043
4353.86964,11.564,0.039
4355.81496,11.548,0.029
4357.86907,11.615,0.039
4361.88138,11.533,0.036
4362.81652,11.537,0.03
4364.81307,11.596,0.035
4364.87068,11.538,0.03
4367.85893,11.582,0.033
4368.83505,11.566,0.037
4371.85553,11.538,0.037
4373.81674,11.524,0.032
4374.82524,11.589,0.039
4375.85019,11.548,0.038
4376.81612,11.618,0.033
4378.85674,11.534,0.044
4379.8129,11.533,0.031
4382.79486,11.534,0.035
4382.81135,11.522,0.031
4385.78322,11.535,0.031
4385.85688,11.59,0.041
4388.76402,11.511,0.034
4392.76544,11.595,0.043
4398.86842,11.572,0.032
4402.75587,11.537,0.032
4402.80824,11.634,0.036
4406.75558,11.428,0.042
4406.7867,11.407,0.041
4406.80995,11.569,0.043
4409.72551,11.579,0.031
4409.7372,11.467,0.027
4412.79135,11.511,0.026
4421.75027,11.517,0.031
4423.70163,11.556,0.03
4426.78932,11.509,0.038
4427.73915,11.557,0.034
4429.70419,11.515,0.038
4431.7351,11.47,0.029
4431.76404,11.543,0.038
4433.80775,11.556,0.026
4436.67062,11.539,0.04
4437.68868,11.521,0.036
4438.77942,11.522,0.033
4440.68181,11.537,0.037
4443.69272,11.544,0.039
4452.6873,11.483,0.025
4457.67184,11.504,0.032
4459.79058,11.399,0.035
4461.67885,11.449,0.035
4462.68746,11.49,0.027
4463.76022,11.469,0.037
4464.77924,11.556,0.027
4467.64628,11.543,0.031
4468.79845,11.496,0.043
4469.73976,11.549,0.033
4475.60132,11.446,0.029
4478.61286,11.52,0.039
4480.67955,11.453,0.036
4484.60901,11.434,0.029
4486.66847,11.495,0.036
4488.70448,11.502,0.038
4489.74444,11.426,0.034
4490.72296,11.42,0.027
4490.72634,11.536,0.036
4492.76504,11.437,0.026
4494.76463,11.426,0.028
4494.76879,11.43,0.037
4498.69914,11.51,0.032
4501.63825,11.482,0.032
4503.72662,11.478,0.032
4506.62752,11.408,0.032
4508.71004,11.429,0.041
4511.56778,11.483,0.03
4516.67551,11.406,0.036
4519.5722,11.457,0.032
4521.60767,11.441,0.027
4523.6302,11.452,0.03
4524.68751,11.488,0.031
4524.69082,11.514,0.034
4525.64703,11.415,0.035
4527.6643,11.425,0.028
4530.59411,11.435,0.029
4531.68921,11.423,0.037
4532.64544,11.451,0.032
4535.65022,11.47,0.035
4536.51793,11.4,0.029
4538.58343,11.45,0.027
4540.59507,11.435,0.036
4542.60713,11.364,0.031
4546.62125,11.421,0.036
4547.66174,11.301,0.042
4548.61645,11.404,0.033
4551.59945,11.365,0.029
4554.55044,11.407,0.032
4556.56983,11.416,0.034
4558.5783,11.351,0.026
4560.6073,11.34,0.029
4563.53692,11.347,0.033
4565.5655,11.333,0.029
4568.51971,11.403,0.026
4570.53021,11.361,0.026
4572.55698,11.341,0.031
4575.52231,11.269,0.034
4579.52357,11.383,0.031
4582.54981,11.369,0.03
4586.499,11.263,0.029
4589.50992,11.406,0.034
4592.49515,11.242,0.033
4595.47496,11.288,0.03
4597.48621,11.214,0.03
4597.51943,11.281,0.038
4601.48819,11.333,0.029
4608.46707,11.295,0.04
4646.93702,11.251,0.041
4651.9373,11.26,0.03
4663.93974,11.235,0.035
4666.935,11.16,0.038
4676.91537,11.147,0.031
4681.91149,11.206,0.034
4683.9087,11.162,0.035
4685.88907,11.206,0.034
4691.87084,11.233,0.037
4691.88967,11.195,0.03
4696.91585,11.128,0.033
4696.91791,11.178,0.038
4700.85401,11.205,0.032
4700.8754,11.212,0.035
4703.89102,11.125,0.033
4704.86966,11.242,0.038
4707.89103,11.2,0.035
4708.86988,11.194,0.037
4720.89124,11.183,0.031
4724.88106,11.161,0.035
4724.88771,11.239,0.031
4728.8172,11.188,0.03
4729.82355,11.275,0.036
4731.83532,11.079,0.041
4733.86162,11.257,0.035
4738.88404,11.205,0.033
4740.83876,11.229,0.035
4741.83428,11.195,0.031
4744.8149,11.234,0.036
4747.79929,11.212,0.036
4750.81603,11.203,0.031
4753.78129,11.216,0.031
4754.80728,11.196,0.039
4756.77203,11.324,0.04
4757.80572,11.258,0.035
4759.77026,11.269,0.031
4762.75791,11.232,0.03
4763.79225,11.26,0.036
4765.74815,11.236,0.033
4766.78272,11.283,0.036
4768.74981,11.229,0.027
4769.77301,11.259,0.035
4770.79894,11.268,0.031
4773.73665,11.258,0.029
4775.74745,11.281,0.036
4776.71504,11.298,0.031
4777.72294,11.253,0.028
4778.74454,11.287,0.036
4780.71123,11.283,0.03
4782.72604,11.351,0.036
4782.74475,11.359,0.039
4783.80276,11.344,0.036
4786.70057,11.312,0.031
4786.7324,11.284,0.037
4792.68471,11.345,0.031
4792.69554,11.294,0.027
4792.72566,11.259,0.035
4794.80952,11.378,0.034
4795.67853,11.331,0.028
4795.70863,11.335,0.039
4798.69021,11.293,0.026
4798.70739,11.346,0.036
4800.7674,11.47,0.034
4801.69117,11.364,0.037
4803.65359,11.345,0.034
4803.66924,11.343,0.029
4804.67507,11.348,0.034
4805.756,11.336,0.03
4805.77019,11.331,0.026
4806.76733,11.356,0.036
4808.64068,11.394,0.029
4810.69825,11.37,0.038
4813.70556,11.36,0.035
4813.71055,11.455,0.031
4816.65605,11.415,0.029
4819.6881,11.347,0.027
4822.65693,11.43,0.032
4824.80504,11.365,0.028
4827.68501,11.372,0.034
4829.75882,11.371,0.027
4834.7504,11.396,0.028
4837.62775,11.373,0.032
4839.69335,11.354,0.035
4844.67506,11.453,0.036
4847.65509,11.473,0.033
4849.73912,11.434,0.032
4852.62972,11.493,0.033
4855.6426,11.471,0.03
4861.60566,11.467,0.039
4863.6626,11.478,0.029
4868.74567,11.518,0.034
4871.61716,11.373,0.034
4879.62983,11.422,0.04
4881.67719,11.47,0.029
4884.62288,11.506,0.03
5021.92974,11.713,0.044
5040.93807,11.767,0.046
5048.88792,11.684,0.045
5084.86713,11.925,0.048
5086.85946,11.814,0.04
5087.89084,11.878,0.046
5093.84281,11.985,0.043
5098.79267,11.823,0.041
5098.83461,12.03,0.046
5104.87631,11.879,0.045
5113.7984,11.946,0.044
5116.84905,12.052,0.045
5122.86995,11.994,0.048
5131.80339,12.03,0.04
5135.80612,11.938,0.044
5147.724,11.989,0.041
5154.78984,12.052,0.049
5157.69007,12.298,0.04
5157.71732,12.062,0.049
