2621.68972,10.546,0.03
2623.66257,10.482,0.031
2623.67403,10.482,0.031
2629.6771,10.512,0.033
2634.7314,10.501,0.028
2636.7531,10.437,0.029
2637.62696,10.533,0.028
2640.74011,10.379,0.031
2643.59729,10.41,0.028
2645.62863,10.486,0.027
2650.6086,10.481,0.029
2652.60741,10.478,0.032
2657.57812,10.535,0.035
2659.59615,10.488,0.03
2661.59303,10.473,0.029
2663.59172,10.508,0.03
2665.59155,10.458,0.029
2665.59871,10.432,0.03
2667.59086,10.491,0.027
2669.58495,10.437,0.035
2671.5839,10.491,0.029
2675.56592,10.494,0.03
2675.57306,10.536,0.033
2684.52472,10.495,0.037
2686.54587,10.525,0.035
2690.54692,10.493,0.029
2692.54411,10.436,0.031
2694.548,10.548,0.03
2696.54796,10.433,0.028
2700.54668,10.464,0.029
2702.54083,10.494,0.029
2704.52941,10.451,0.03
2711.50689,10.44,0.032
2715.52636,10.479,0.033
2718.5214,10.447,0.033
2721.51646,10.547,0.053
2724.49489,10.508,0.029
2728.49803,10.529,0.029
2730.49389,10.454,0.031
2861.92251,10.492,0.034
2884.91536,10.568,0.037
2893.89389,10.463,0.039
2896.88183,10.52,0.035
2897.89118,10.483,0.035
2905.87412,10.453,0.028
2908.88484,10.48,0.032
2911.85315,10.549,0.03
2915.86369,10.577,0.034
2922.79644,10.472,0.038
2924.82456,10.494,0.037
2929.8554,10.464,0.043
2931.83904,10.506,0.029
2933.83513,10.494,0.029
2935.82673,10.494,0.032
2939.80869,10.464,0.027
2945.77349,10.484,0.038
2949.78525,10.536,0.029
2958.81079,10.426,0.033
2961.73037,10.51,0.032
2965.79238,10.457,0.039
2968.70785,10.457,0.032
2974.69938,10.582,0.032
2976.73284,10.515,0.06
2978.71891,10.466,0.03
2984.70448,10.521,0.034
2986.72097,10.461,0.032
2988.7678,10.408,0.037
2991.64844,10.485,0.031
2993.67681,10.507,0.033
2995.72502,10.53,0.029
2997.74825,10.493,0.035
2998.64838,10.458,0.03
3013.64018,10.465,0.038
3016.64987,10.501,0.028
3018.64626,10.505,0.028
3025.58529,10.478,0.028
3029.61565,10.46,0.039
3033.67415,10.558,0.044
3043.58413,10.509,0.038
3045.6083,10.536,0.033
3048.59097,10.44,0.034
3051.58055,10.536,0.042
3054.57458,10.533,0.03
3056.58888,10.456,0.047
3059.55407,10.436,0.05
3066.53302,10.559,0.033
3069.53367,10.507,0.041
3071.55735,10.422,0.042
3075.53168,10.439,0.056
3078.51832,10.511,0.036
3081.51678,10.515,0.058
3087.50653,10.471,0.033
3093.49524,10.497,0.035
3098.48591,10.436,0.043
3103.47679,10.519,0.034
3266.86344,10.463,0.04
3269.85219,10.502,0.033
3269.8632,10.501,0.029
3272.84251,10.467,0.04
3272.85372,10.572,0.052
3278.83376,10.489,0.057
3278.8372,10.457,0.064
3291.79513,10.544,0.029
3295.78493,10.527,0.03
3298.77632,10.465,0.03
3298.80895,10.527,0.026
3321.72303,10.439,0.043
3321.74693,10.494,0.044
3326.71522,10.505,0.044
3326.73322,10.492,0.04
3326.75686,10.491,0.052
3326.75955,10.509,0.038
3326.76724,10.513,0.046
3326.76981,10.536,0.049
3326.77264,10.496,0.046
3326.77789,10.481,0.044
3326.7807,10.49,0.044
3326.78337,10.472,0.05
3327.74133,10.517,0.045
3327.74397,10.457,0.048
3328.70126,10.435,0.042
3328.72751,10.451,0.04
3328.74847,10.5,0.045
3328.75109,10.518,0.041
3328.75379,10.505,0.05
3328.75649,10.505,0.054
3328.75906,10.486,0.053
3328.76441,10.51,0.054
3328.76684,10.556,0.049
3329.73337,10.48,0.057
3329.74144,10.482,0.042
3330.69144,10.473,0.041
3330.71779,10.566,0.05
3330.74143,10.537,0.044
3330.74666,10.534,0.046
3330.74937,10.537,0.049
3330.75207,10.48,0.052
3330.75473,10.478,0.047
3330.76222,10.495,0.038
3330.76483,10.446,0.053
3330.7675,10.408,0.045
3330.77015,10.487,0.047
3334.7099,10.585,0.047
3334.72596,10.498,0.038
3334.72858,10.502,0.047
3334.73121,10.487,0.042
3334.73384,10.495,0.038
3334.73651,10.467,0.043
3334.73915,10.5,0.044
3334.74179,10.453,0.043
3334.74434,10.48,0.037
3335.75133,10.425,0.043
3335.75401,10.485,0.05
3336.75312,10.567,0.06
3336.75623,10.539,0.057
3336.77512,10.53,0.063
3338.7373,10.475,0.045
3339.66353,10.53,0.05
3339.67177,10.477,0.053
3339.68021,10.511,0.042
3339.68507,10.512,0.054
3339.76705,10.49,0.05
3340.72828,10.438,0.061
3340.73256,10.512,0.05
3340.75088,10.476,0.052
3341.75355,10.519,0.051
3341.7612,10.553,0.047
3341.7639,10.486,0.044
3341.7667,10.479,0.053
3341.76937,10.431,0.051
3341.78264,10.43,0.065
3341.79625,10.412,0.052
3343.74085,10.505,0.05
3343.80652,10.527,0.053
3343.81206,10.496,0.053
3344.73662,10.603,0.054
3344.74215,10.556,0.042
3344.75031,10.522,0.043
3344.75306,10.59,0.042
3344.75592,10.55,0.048
3345.66099,10.528,0.044
3347.69104,10.467,0.054
3347.73111,10.479,0.054
3348.67067,10.46,0.054
3348.69748,10.55,0.056
3348.71616,10.506,0.047
3349.65359,10.574,0.046
3349.66168,10.592,0.055
3350.63367,10.519,0.06
3352.66067,10.464,0.05
3352.6634,10.465,0.041
3352.66609,10.434,0.045
3352.66879,10.446,0.044
3352.67661,10.466,0.046
3352.7218,10.502,0.046
3352.72442,10.516,0.052
3353.6578,10.571,0.046
3353.67374,10.501,0.051
3353.67639,10.542,0.05
3356.61983,10.49,0.035
3384.55501,10.503,0.045
3387.55699,10.431,0.038
3426.54686,10.561,0.055
3433.52528,10.563,0.053
3615.90803,10.506,0.046
3617.90687,10.469,0.053
3621.89243,10.511,0.038
3625.88332,10.492,0.033
3629.87329,10.473,0.038
3633.85353,10.476,0.043
3640.84448,10.507,0.033
3643.83473,10.505,0.034
3647.82417,10.476,0.031
3650.81555,10.5,0.032
3653.80562,10.526,0.045
3654.77691,10.451,0.037
3654.80814,10.454,0.035
3654.83674,10.527,0.034
3654.8666,10.556,0.037
3655.7884,10.549,0.031
3655.79389,10.539,0.033
3655.81505,10.553,0.031
3655.84184,10.467,0.03
3655.86802,10.427,0.034
3656.88352,10.527,0.04
3658.78383,10.565,0.039
3661.78741,10.442,0.044
3668.76494,10.504,0.032
3671.75659,10.508,0.035
3674.7471,10.452,0.036
3677.73696,10.461,0.035
3701.67954,10.508,0.046
3704.67164,10.43,0.04
3707.65689,10.553,0.035
3712.64959,10.434,0.035
3715.63683,10.494,0.047
3722.61871,10.591,0.043
3725.60853,10.537,0.045
3728.59674,10.458,0.043
3732.58754,10.466,0.041
3736.57802,10.448,0.036
3739.56803,10.486,0.038
4089.61758,10.473,0.031
4092.60856,10.439,0.032
4105.56716,10.527,0.036
4109.55887,10.523,0.05
4342.91169,10.373,0.055
4345.90129,10.537,0.036
4350.89132,10.455,0.034
4354.88326,10.457,0.033
4358.8716,10.419,0.036
4362.86289,10.45,0.029
4364.85417,10.502,0.032
4367.84161,10.5,0.035
4372.8336,10.498,0.046
4377.82598,10.416,0.039
4380.81506,10.513,0.038
4383.80409,10.488,0.037
4386.79396,10.462,0.029
4392.78568,10.521,0.034
4399.77215,10.47,0.04
4406.74856,10.449,0.05
4409.73518,10.44,0.031
4413.72745,10.412,0.029
4420.71332,10.411,0.048
4423.69709,10.475,0.036
4427.68839,10.541,0.038
4432.6779,10.445,0.034
4435.66853,10.518,0.029
4441.64752,10.472,0.029
4444.69699,10.509,0.031
4452.70206,10.516,0.035
4455.64767,10.504,0.044
4459.66683,10.467,0.042
4462.65628,10.438,0.032
4465.64556,10.513,0.035
4468.63707,10.574,0.038
4474.69375,10.516,0.049
4480.59843,10.672,0.054
4486.59374,10.5,0.05
4488.62761,10.436,0.065
4490.64158,10.5,0.036
4493.59745,10.445,0.04
4499.61639,10.497,0.044
4502.59002,10.507,0.047
4505.57869,10.512,0.041
4508.57321,10.488,0.051
4515.55731,10.448,0.056
4518.5449,10.524,0.039
4521.53595,10.498,0.033
4523.5583,10.41,0.052
4526.54881,10.515,0.049
4529.53547,10.548,0.041
4532.52813,10.431,0.037
4535.52171,10.424,0.039
4541.50728,10.544,0.042
4548.4936,10.497,0.049
4728.8989,10.46,0.034
4740.88494,10.425,0.033
4744.86569,10.459,0.031
4747.8649,10.49,0.031
4754.84732,10.519,0.038
4759.84662,10.432,0.039
4762.81311,10.529,0.033
4768.79709,10.434,0.029
4771.78692,10.479,0.033
4774.77813,10.516,0.03
4777.76538,10.502,0.032
4780.75834,10.404,0.032
4786.77669,10.503,0.039
4792.73729,10.448,0.034
4795.7269,10.372,0.034
4798.72833,10.501,0.034
4801.71864,10.551,0.032
4804.70595,10.495,0.033
4807.68717,10.426,0.033
4809.75589,10.432,0.04
4814.70093,10.441,0.041
4820.69972,10.554,0.045
4823.67534,10.482,0.04
4826.65656,10.428,0.047
4828.69313,10.514,0.036
4831.6492,10.492,0.035
4836.63256,10.491,0.042
4844.60698,10.54,0.056
4847.60563,10.489,0.054
4849.66476,10.475,0.038
4852.60438,10.509,0.042
4855.61139,10.522,0.039
4858.62446,10.512,0.038
4862.56077,10.488,0.043
4864.61449,10.407,0.044
4869.54605,10.487,0.066
4872.54607,10.557,0.053
4875.56976,10.477,0.049
4881.55127,10.449,0.043
4884.54695,10.484,0.037
4887.55427,10.374,0.07
4890.54437,10.506,0.064
4906.50368,10.493,0.059
5088.90044,10.538,0.046
5092.89129,10.473,0.049
5116.84504,10.486,0.048
5146.83286,10.399,0.047
5155.76364,10.473,0.051
5158.74234,10.48,0.06
5162.7273,10.541,0.05
5165.70881,10.54,0.059
