1868.69967,12.956,0.07
1869.68954,12.896,0.06
1875.68822,13.039,0.06
1876.68702,12.95,0.067
1877.67913,12.935,0.055
1877.70378,13.029,0.059
1878.6665,13.042,0.051
1878.70032,12.971,0.055
1879.68046,13.037,0.047
1880.65447,13.017,0.054
1880.68371,12.887,0.051
1881.67115,12.99,0.049
1884.65046,12.972,0.053
1885.66733,13.067,0.046
1886.6687,12.983,0.049
1887.6596,12.966,0.051
1888.65902,12.959,0.058
1889.65423,13.118,0.047
1889.67898,13.1,0.049
1899.63502,13.143,0.044
1900.64641,13.015,0.041
1902.61975,13.108,0.046
1903.64944,13.064,0.052
1904.6183,13.108,0.055
1905.63253,13.038,0.044
1907.63945,13.016,0.04
1908.62501,13.113,0.044
1913.59734,13.114,0.041
1914.62216,13.019,0.042
1915.61463,12.996,0.049
1918.60239,13.043,0.041
1919.60996,13.342,0.048
1920.6119,13.215,0.041
1921.60705,13.159,0.048
1922.60602,13.214,0.038
1923.6022,13.022,0.043
1926.57129,13.076,0.043
1928.56412,13.326,0.047
1930.56109,13.125,0.054
1933.56228,13.147,0.039
1935.5328,13.253,0.048
1937.61064,13.104,0.035
1939.56451,13.295,0.032
1941.59622,13.1,0.035
1945.53858,13.164,0.042
1947.62209,13.074,0.05
1949.61848,13.068,0.048
1952.55051,13.077,0.058
1954.54615,13.015,0.044
1954.57929,12.999,0.046
1958.55945,13.146,0.034
1961.57446,13.31,0.036
1964.53298,13.145,0.035
1966.55359,12.812,0.036
1968.54101,12.916,0.036
1981.52529,12.875,0.039
2027.47992,12.703,0.051
2032.47437,12.921,0.046
2116.88994,13.28,0.058
2129.87004,13.37,0.066
2132.9082,13.46,0.054
2143.82906,13.419,0.063
2156.81358,13.525,0.072
2156.84715,13.407,0.062
2166.83267,13.293,0.051
2166.86162,13.157,0.059
2168.79831,13.121,0.063
2168.88952,13.205,0.054
2171.76205,13.267,0.051
2171.79392,13.378,0.059
2172.83166,13.338,0.053
2172.85855,13.208,0.05
2174.75379,13.247,0.053
2183.7555,12.954,0.058
2183.78895,12.939,0.055
2185.75946,12.998,0.054
2185.79733,12.945,0.051
2186.81758,13.093,0.044
2189.79915,13.171,0.057
2190.78317,12.908,0.048
2190.82888,13.034,0.051
2191.80594,12.919,0.052
2191.86325,12.836,0.057
2192.7873,12.897,0.056
2192.82555,12.817,0.051
2193.79568,12.841,0.052
2194.75312,12.936,0.051
2194.79487,12.925,0.048
2196.74572,12.73,0.054
2197.83689,12.709,0.053
2198.76896,13.158,0.047
2199.74334,12.732,0.049
2199.82848,12.715,0.054
2200.8091,12.867,0.044
2201.7293,12.606,0.053
2201.83576,12.835,0.054
2202.76813,12.628,0.05
2202.7952,12.807,0.049
2204.72864,12.703,0.052
2206.72551,12.611,0.051
2206.79021,12.74,0.041
2208.71653,12.612,0.048
2212.64739,12.603,0.054
2212.68832,12.519,0.051
2213.70512,12.632,0.048
2213.73851,12.54,0.05
2214.7074,12.488,0.049
2214.75249,12.666,0.05
2215.70917,12.483,0.053
2215.79814,12.507,0.05
2216.71847,12.739,0.054
2216.74723,12.555,0.048
2217.73163,12.637,0.052
2217.76997,12.533,0.051
2221.75709,12.819,0.048
2222.74128,12.66,0.045
2222.75674,12.423,0.054
2224.70797,12.553,0.046
2224.73474,12.511,0.047
2225.70628,12.59,0.048
2225.7861,12.492,0.052
2226.7069,12.519,0.046
2226.74309,12.488,0.053
2227.69946,12.78,0.047
2227.77765,12.43,0.046
2228.7065,12.552,0.047
2228.73098,12.449,0.054
2229.69503,12.505,0.046
2230.69297,12.726,0.049
2230.72427,12.491,0.054
2232.69505,12.749,0.043
2232.71955,12.427,0.052
2233.68823,12.555,0.047
2233.71997,12.53,0.046
2234.68187,12.685,0.052
2234.71562,12.451,0.049
2235.68278,12.543,0.043
2235.70959,12.494,0.046
2236.67767,12.621,0.051
2236.71357,12.473,0.05
2237.67895,12.59,0.055
2237.71277,12.435,0.048
2239.6742,12.878,0.048
2239.70108,12.431,0.054
2240.67239,12.732,0.056
2240.70161,12.634,0.05
2241.67361,12.702,0.048
2241.70274,12.416,0.052
2242.66879,12.47,0.051
2242.69344,12.549,0.052
2243.6735,12.801,0.057
2244.67803,12.655,0.056
2244.70994,12.461,0.054
2247.65958,12.607,0.057
2247.70017,12.456,0.057
2248.66378,12.726,0.058
2248.69566,12.517,0.056
2249.66752,12.707,0.057
2249.69221,12.453,0.054
2250.6681,12.677,0.049
2251.66692,12.883,0.059
2251.6872,12.408,0.059
2252.65919,12.771,0.053
2252.68168,12.633,0.058
2253.67989,12.617,0.06
2254.65798,12.746,0.054
2254.68392,12.506,0.058
2255.65548,12.708,0.053
2255.67582,12.56,0.055
2256.65438,12.76,0.058
2256.67464,12.528,0.061
2258.65206,12.989,0.065
2258.68134,12.553,0.065
2260.6442,12.638,0.06
2260.66442,12.651,0.06
2465.92513,12.853,0.038
2470.93001,12.725,0.039
2540.86089,13.014,0.053
2544.88747,13.064,0.048
2552.74328,13.158,0.04
2558.75605,12.898,0.055
2562.72279,13.082,0.039
2565.73209,13.043,0.041
2577.85887,13.284,0.05
2621.68588,12.794,0.039
2623.6149,13.061,0.037
2624.75797,12.965,0.047
2627.74987,12.87,0.041
2629.76434,12.839,0.042
2634.66644,13.004,0.036
2636.7021,12.952,0.043
2638.6912,12.96,0.038
2640.68925,12.969,0.039
2642.68711,12.863,0.037
2644.68301,12.994,0.042
2646.66244,12.896,0.038
2649.65198,12.907,0.037
2651.62917,12.971,0.037
2652.80269,13.093,0.05
2654.64006,12.874,0.038
2657.6734,12.992,0.041
2661.68235,13.05,0.04
2663.67879,12.939,0.038
2665.67163,12.998,0.04
2667.67113,12.969,0.04
2669.66057,12.944,0.039
2671.65971,12.938,0.04
2673.65422,12.988,0.04
2675.64205,13.006,0.039
2677.62382,12.992,0.038
2679.61406,12.869,0.043
2681.60588,13.045,0.04
2683.60938,13.018,0.039
2689.61604,13.023,0.044
2691.61018,12.917,0.042
2693.62265,12.96,0.041
2695.61067,12.992,0.041
2697.61689,13.033,0.041
2699.60734,12.891,0.044
2701.6054,12.934,0.045
2703.60126,13.063,0.04
2705.59348,13.081,0.045
2707.59168,12.89,0.044
2709.57833,12.989,0.043
2711.58024,12.892,0.04
2715.58793,13.023,0.041
2719.52074,12.935,0.039
2721.56133,12.936,0.043
2723.5634,12.931,0.041
2725.56025,12.927,0.042
2727.55389,12.901,0.043
2733.53997,12.906,0.041
2735.53567,12.875,0.039
2739.55032,12.82,0.04
2741.52556,12.779,0.041
2743.52324,12.845,0.042
2751.48724,12.911,0.042
2754.49263,12.906,0.041
2756.49445,12.788,0.042
2758.48772,12.758,0.047
2760.51712,12.85,0.038
2762.51833,12.805,0.044
2764.5052,12.904,0.043
2766.4833,12.994,0.035
2784.46137,12.743,0.039
2786.46399,12.836,0.039
2814.94595,12.968,0.041
2840.91878,12.72,0.036
2853.92658,12.787,0.037
2858.8901,12.764,0.033
2867.84739,12.67,0.037
2875.90015,12.699,0.038
2879.85757,12.6,0.035
2883.9133,12.555,0.04
2885.87538,12.682,0.036
2893.77739,12.696,0.043
2895.82693,12.638,0.036
2897.85353,12.746,0.037
2906.79934,12.788,0.036
2910.79205,12.922,0.036
2922.71233,12.956,0.038
2924.78614,12.744,0.037
2927.73632,12.905,0.035
2929.75833,12.873,0.036
2931.80462,13.019,0.036
2933.79945,12.768,0.036
2935.80023,12.924,0.033
2939.78682,12.918,0.035
2943.71714,12.625,0.035
2947.70944,12.96,0.041
2949.76532,12.889,0.036
2957.70264,13.046,0.036
2962.69803,13.052,0.041
2964.74285,13.169,0.039
2966.74823,13.01,0.047
2976.68837,12.973,0.038
2982.72685,12.954,0.046
2984.76439,13.079,0.038
2989.68093,13.093,0.039
2991.69811,13.051,0.049
2996.60773,12.985,0.048
2998.66002,13.032,0.046
3001.64956,13.016,0.037
3005.64021,12.922,0.041
3007.64284,12.987,0.042
3009.68833,13.161,0.05
3011.68617,12.977,0.037
3013.70592,13.084,0.039
3016.69882,13.012,0.037
3018.68935,13.114,0.044
3023.67989,12.984,0.04
3028.65656,12.948,0.04
3030.6999,12.956,0.038
3035.57124,12.897,0.038
3041.663,12.877,0.039
3043.74396,13.048,0.041
3046.59509,13.068,0.037
3049.57988,12.791,0.037
3051.70927,12.874,0.045
3054.58245,13.019,0.037
3056.59694,12.904,0.043
3058.66326,12.965,0.038
3060.68676,12.934,0.039
3068.61969,12.931,0.039
3070.64992,12.978,0.038
3073.58915,12.95,0.037
3075.62078,13.059,0.039
3077.64865,12.847,0.038
3079.65954,12.774,0.037
3082.56006,13.027,0.037
3086.56098,12.811,0.041
3088.57988,12.939,0.042
3090.58899,12.801,0.045
3092.58403,12.881,0.035
3096.58498,12.838,0.037
3098.60759,12.876,0.037
3101.52501,12.94,0.037
3103.53394,12.802,0.037
3111.55321,12.813,0.036
3114.50132,12.8,0.04
3122.50938,12.774,0.044
3131.48644,12.867,0.043
3133.51035,12.753,0.039
3355.62401,12.903,0.058
3357.71993,12.879,0.037
3363.64448,12.849,0.065
3365.69079,12.822,0.053
3366.71684,12.992,0.071
3386.71951,12.811,0.057
3390.73862,13.055,0.054
3391.58684,13.143,0.058
3393.77257,13.017,0.066
3394.69969,12.915,0.04
3396.79619,13.148,0.042
3400.68684,13.066,0.054
3400.79961,12.986,0.044
3404.65514,13.033,0.046
3406.65497,12.959,0.065
3408.67348,12.837,0.054
3410.75404,13.027,0.048
3413.55992,12.993,0.061
3415.56236,12.844,0.052
3417.57842,13.039,0.066
3419.57964,12.859,0.057
3421.59775,12.883,0.055
3425.63272,12.876,0.039
3427.64307,12.992,0.04
3431.62692,12.919,0.045
3433.62292,12.938,0.056
3436.62929,12.976,0.04
3439.61953,13.063,0.049
3442.61596,13.053,0.044
3446.62264,13,0.053
3448.59288,13.125,0.061
3450.53797,12.937,0.052
3450.58429,13.049,0.05
3453.56677,12.95,0.047
3455.6051,13.183,0.042
3459.61455,13.016,0.04
3462.51672,13.112,0.045
3464.58643,12.992,0.04
3466.59344,12.993,0.037
3469.59513,12.92,0.039
3474.51905,13.107,0.041
3477.51217,13.085,0.056
3479.55263,13.122,0.058
3490.51534,13.156,0.054
3492.52507,13.264,0.051
3497.51603,13.194,0.047
3501.46955,13.236,0.05
3504.47315,13.4,0.059
3512.46095,13.587,0.041
3570.93544,13.408,0.042
3573.93508,13.112,0.047
3574.93561,13.25,0.045
3575.91116,13.46,0.043
3577.92866,13.214,0.049
3579.92657,13.364,0.051
3588.89899,13.5,0.059
3588.90799,13.267,0.063
3590.90218,13.149,0.067
3592.87241,13.162,0.055
3592.88656,13.244,0.058
3597.86767,13.238,0.043
3601.85815,13.153,0.048
3618.85638,13.392,0.056
3621.88501,12.993,0.048
3622.86021,13.104,0.049
3625.87662,13.295,0.046
3625.88725,13.18,0.045
3626.84505,13.095,0.045
3629.81325,13.162,0.051
3629.82506,13.105,0.046
3633.80556,13.289,0.055
3638.86869,13.287,0.06
3639.84832,13.449,0.054
3643.82662,13.098,0.042
3647.84012,13.164,0.044
3650.8201,13.056,0.049
3653.79131,13.33,0.053
3658.77315,13.072,0.043
3661.7732,13.196,0.053
3664.76323,13.057,0.05
3669.79461,13.155,0.045
3670.70235,13.59,0.047
3671.75849,13.235,0.049
3674.74876,13.284,0.047
3677.73833,13.163,0.049
3699.67545,13.299,0.053
3702.66958,13.303,0.042
3705.65763,13.152,0.057
3707.75328,13.316,0.047
3711.77022,13.152,0.041
3713.70821,13.329,0.043
3716.62711,13.286,0.041
3718.68742,13.247,0.051
3728.67895,13.297,0.054
3731.80116,13.406,0.055
3734.67554,13.207,0.05
3737.64954,13.412,0.048
3739.6866,13.373,0.048
3741.71469,13.295,0.043
3749.66757,13.325,0.043
3754.64454,13.443,0.046
3756.71605,13.494,0.052
3758.7899,13.633,0.044
3763.74139,13.268,0.052
3766.61688,13.544,0.064
3768.71866,13.625,0.056
3771.56543,13.628,0.051
3773.64988,13.594,0.048
3775.64795,13.487,0.056
3783.59555,13.239,0.045
3787.71046,13.605,0.061
3790.57722,13.67,0.05
3795.55252,13.298,0.047
3797.59428,13.452,0.042
3799.6569,13.5,0.07
3802.55829,13.687,0.052
3804.61882,13.286,0.039
3806.61735,13.71,0.049
3809.63064,13.471,0.049
3814.53713,13.621,0.045
3823.5557,13.409,0.045
3825.58739,13.542,0.044
3827.60146,13.409,0.046
3830.53511,13.407,0.042
3832.55069,13.518,0.044
3834.55984,13.503,0.041
3836.56558,13.387,0.046
3849.48471,13.493,0.053
3851.51579,13.476,0.052
3853.53217,13.52,0.037
3856.50013,13.472,0.053
3861.51593,13.411,0.047
3864.48689,13.57,0.055
3869.49164,13.555,0.043
3872.47853,13.594,0.042
3876.48042,13.364,0.041
3881.46801,13.491,0.048
4104.65607,12.646,0.046
4106.69798,12.726,0.035
4107.77779,12.783,0.045
4109.71437,12.88,0.062
4128.70635,12.903,0.045
4132.69993,12.952,0.047
4134.74153,12.958,0.046
4139.59354,12.883,0.041
4141.61912,12.911,0.057
4143.64709,12.81,0.056
4145.69949,13.143,0.064
4145.70976,12.921,0.052
4149.63974,13.058,0.042
4150.72284,13.01,0.06
4151.64327,13.027,0.051
4152.735,13.226,0.048
4155.64874,12.881,0.068
4163.69337,13.015,0.06
4174.60458,13.473,0.059
4176.61995,13.271,0.062
4179.64724,13.181,0.058
4182.56174,13.254,0.062
4190.59979,13.24,0.04
4192.60278,13.43,0.042
4201.54141,13.318,0.038
4204.53694,13.544,0.04
4216.52178,13.148,0.061
4238.48912,13.06,0.051
4247.46334,13.078,0.043
4285.93278,12.956,0.07
4292.91695,13.159,0.042
4300.93358,12.814,0.064
4303.92886,13.094,0.048
4304.92118,12.932,0.047
4306.91661,13.095,0.044
4308.90655,12.89,0.051
4310.90002,12.894,0.039
4314.91649,13.305,0.043
4330.85407,13.038,0.064
4330.90546,13.015,0.046
4333.85329,13.031,0.043
4333.89878,13.006,0.044
4338.86033,13.204,0.042
4338.91358,12.876,0.043
4341.83151,13.164,0.055
4341.87571,12.819,0.058
4345.87223,12.974,0.049
4347.87175,12.943,0.046
4348.89035,12.793,0.057
4351.82411,12.757,0.046
4353.86964,12.788,0.047
4355.81496,12.854,0.038
4357.86907,12.97,0.049
4361.88138,12.909,0.043
4362.81652,12.889,0.037
4364.81307,12.692,0.046
4364.87068,12.871,0.037
4367.85893,13.01,0.046
4368.83505,12.864,0.045
4371.82823,12.856,0.042
4371.85553,12.845,0.049
4373.81674,12.855,0.047
4374.82524,13.018,0.046
4375.85019,12.819,0.044
4376.81612,12.912,0.043
4377.81756,12.842,0.043
4379.8129,12.882,0.042
4380.80351,13.071,0.039
4382.79486,12.754,0.044
4382.81135,12.833,0.041
4383.80507,12.934,0.036
4385.78322,12.969,0.039
4385.85688,12.736,0.05
4386.81129,12.869,0.036
4388.76402,12.694,0.042
4398.86842,12.569,0.04
4402.76618,12.78,0.047
4402.80824,12.606,0.045
4406.75558,13.104,0.047
4409.7372,12.629,0.04
4412.79135,12.779,0.039
4420.76525,12.618,0.044
4423.70163,12.809,0.041
4426.78932,12.751,0.046
4429.68109,12.667,0.039
4429.70419,12.657,0.046
4431.7351,12.707,0.037
4431.76404,12.697,0.044
4433.80775,12.813,0.044
4436.67062,12.796,0.064
4438.77942,12.909,0.044
4452.6873,12.884,0.037
4457.67184,13.051,0.043
4459.79058,12.883,0.04
4462.68746,12.807,0.037
4464.77924,12.994,0.037
4467.64628,13.031,0.045
4469.73976,13.174,0.045
4475.60132,12.879,0.043
4478.61286,12.955,0.049
4480.67955,12.647,0.061
4484.60901,12.976,0.041
4486.66847,13.036,0.054
4488.70448,13.09,0.055
4490.72296,12.974,0.035
4492.76504,13.035,0.036
4494.76463,13.074,0.049
4498.69914,13.045,0.041
4501.63825,13.057,0.061
4503.72662,12.998,0.042
4506.62752,12.985,0.049
4508.71004,12.905,0.055
4511.56778,12.863,0.045
4516.67551,12.928,0.04
4519.5722,12.903,0.045
4521.60767,12.866,0.039
4523.6302,12.882,0.041
4525.64703,12.93,0.039
4527.6643,12.822,0.038
4530.59411,12.752,0.043
4532.64544,12.766,0.042
4535.65022,12.93,0.049
4536.51793,13.127,0.04
4538.58343,12.939,0.045
4540.59507,12.852,0.047
4542.60713,12.817,0.042
4546.62125,13.02,0.044
4548.61645,12.956,0.048
4551.59945,12.713,0.044
4554.55044,12.996,0.045
4556.56983,12.867,0.042
4558.5783,12.996,0.039
4560.6073,12.92,0.043
4563.53692,13.109,0.038
4565.5655,12.826,0.045
4568.51971,13.017,0.038
4570.53021,13.122,0.041
4572.55698,13.207,0.036
4575.52231,12.922,0.047
4579.52357,13.124,0.041
4582.54981,12.869,0.055
4586.499,13.099,0.034
4589.50992,12.849,0.042
4592.49515,12.927,0.045
4595.47496,13.041,0.038
4597.48621,13.114,0.04
4601.48819,13.256,0.043
4608.46707,12.991,0.054
4646.93702,12.779,0.058
4651.9373,12.889,0.043
4663.93974,12.865,0.045
4666.935,12.75,0.043
4676.92823,12.696,0.038
4681.91149,12.726,0.046
4683.9087,12.588,0.047
4685.88907,12.663,0.048
4691.87084,12.662,0.054
4691.88967,12.667,0.042
4696.91585,12.737,0.039
4696.91791,12.723,0.05
4700.85401,12.654,0.046
4700.8754,12.591,0.043
4703.89102,12.81,0.053
4704.86966,12.606,0.065
4707.89103,12.754,0.053
4708.86988,12.609,0.048
4720.89124,12.787,0.051
4724.88771,12.833,0.04
4728.8172,12.807,0.04
4729.82355,12.777,0.046
4731.83532,12.555,0.049
4733.86162,12.651,0.045
4740.83876,12.712,0.042
4741.83428,12.92,0.04
4747.79929,12.867,0.049
4750.76122,12.901,0.037
4750.81603,12.891,0.044
4753.78129,12.937,0.042
4754.80728,13.03,0.046
4756.77203,12.985,0.057
4756.78738,12.857,0.04
4759.77026,13.038,0.041
4759.77218,12.881,0.037
4762.75791,12.871,0.041
4762.77073,12.878,0.037
4763.79225,12.931,0.046
4765.74815,13.189,0.042
4766.78272,12.899,0.043
4768.74981,12.871,0.037
4769.77301,12.838,0.044
4770.79894,13.08,0.042
4773.73665,13.027,0.045
4774.73351,12.937,0.04
4775.74745,12.894,0.044
4776.71504,12.996,0.042
4777.72294,13.043,0.044
4778.74454,12.812,0.05
4780.71123,13.253,0.046
4783.80276,13.073,0.047
4786.70057,13.025,0.04
4786.7324,12.907,0.047
4786.80041,12.95,0.06
4792.69554,12.998,0.04
4792.72566,12.97,0.045
4795.67853,12.918,0.042
4798.69021,13.301,0.046
4800.7674,13.024,0.043
4803.66924,13.06,0.037
4805.77019,12.979,0.036
4808.64068,12.861,0.04
4810.69825,13.099,0.041
4813.71055,12.733,0.049
4816.65605,12.984,0.04
4819.6881,12.853,0.038
4822.65693,12.81,0.041
4824.80504,12.813,0.04
4827.68501,12.756,0.043
4829.75882,12.87,0.044
4834.7504,12.756,0.044
4837.62775,12.787,0.045
4839.69335,12.65,0.065
4844.67506,12.685,0.045
4847.65509,12.571,0.045
4849.73912,12.656,0.054
4852.62972,12.694,0.046
4855.6426,12.628,0.042
4861.60566,12.675,0.048
4863.6626,12.579,0.039
4868.74567,12.646,0.056
4871.61716,12.714,0.052
4879.62983,12.704,0.053
4881.67719,12.756,0.047
4884.62288,12.618,0.04
5021.92974,13.358,0.053
5040.93807,12.956,0.052
5048.88792,12.792,0.05
5084.86713,12.971,0.056
5086.85946,12.848,0.044
5087.89084,12.873,0.051
5093.84281,13.193,0.062
5098.79267,12.855,0.045
5098.83461,12.767,0.054
5104.87631,13.145,0.057
5113.7984,12.815,0.051
5116.84905,12.824,0.052
5122.86995,12.764,0.056
5131.80339,12.875,0.045
5147.724,12.822,0.045
5154.78984,12.507,0.06
5157.69007,12.627,0.057
