1979.53389,11.305,0.062
1984.50873,11.395,0.06
2493.90805,11.373,0.053
2496.91005,11.471,0.046
2498.91761,11.476,0.047
2502.91332,11.497,0.042
2520.86324,11.467,0.047
2539.82788,11.542,0.053
2552.79599,11.667,0.042
2559.79459,11.674,0.033
2561.78637,11.681,0.035
2621.68972,11.666,0.029
2621.6942,11.686,0.039
2623.65781,11.751,0.038
2623.66257,11.759,0.029
2628.68128,11.59,0.038
2632.79267,11.561,0.037
2635.65621,11.639,0.035
2636.7531,11.659,0.028
2637.66929,11.656,0.035
2639.6646,11.634,0.036
2641.66727,11.605,0.035
2643.59729,11.563,0.029
2643.67436,11.596,0.038
2645.64482,11.589,0.037
2647.62983,11.627,0.057
2650.60611,11.757,0.035
2652.61175,11.877,0.037
2657.57571,11.702,0.039
2657.57812,11.759,0.029
2659.59375,11.614,0.038
2659.59615,11.687,0.027
2661.59063,11.644,0.036
2661.59303,11.669,0.027
2663.58933,11.597,0.038
2663.59172,11.644,0.029
2665.58915,11.663,0.036
2665.59155,11.612,0.027
2667.58848,11.58,0.038
2671.58149,11.598,0.037
2671.5839,11.61,0.028
2673.57588,11.639,0.039
2675.56354,11.645,0.04
2675.56592,11.651,0.027
2677.55927,11.702,0.05
2683.52807,11.716,0.042
2684.52472,11.66,0.032
2685.54954,11.72,0.047
2689.5691,11.65,0.041
2690.54692,11.654,0.032
2692.54411,11.643,0.036
2693.5678,11.704,0.045
2694.548,11.7,0.033
2695.55968,11.671,0.038
2697.5589,11.705,0.049
2699.55976,11.715,0.039
2701.55528,11.707,0.037
2703.55289,11.725,0.049
2705.54484,11.681,0.037
2711.50228,11.797,0.039
2713.52414,11.718,0.04
2715.52174,11.652,0.039
2718.5214,11.697,0.033
2721.51185,11.619,0.045
2723.5184,11.669,0.039
2725.5175,11.563,0.037
2727.5132,11.524,0.037
2729.51339,11.503,0.037
2733.50087,11.542,0.038
2740.4762,11.425,0.047
2742.48122,11.465,0.036
2859.92312,11.343,0.036
2861.92251,11.519,0.034
2877.90304,11.374,0.037
2884.88489,11.36,0.038
2893.86376,11.327,0.038
2896.854,11.264,0.038
2906.83688,11.742,0.035
2910.84687,11.884,0.038
2911.85315,11.863,0.03
2912.84552,11.922,0.049
2918.84872,11.728,0.05
2922.78112,12.147,0.04
2924.81769,11.822,0.038
2929.85313,11.926,0.047
2931.84134,11.893,0.035
2934.78628,11.978,0.039
2939.8064,11.95,0.036
2943.76685,12.091,0.043
2945.7553,12.009,0.047
2949.78766,11.879,0.035
2958.8083,11.648,0.037
2961.72786,11.79,0.037
2967.76508,11.814,0.035
2970.71841,11.964,0.037
2975.69469,11.683,0.04
2976.72782,11.68,0.054
2977.69931,11.772,0.043
2979.70868,11.74,0.036
2983.70818,11.544,0.037
2985.75836,11.491,0.038
2987.79264,11.558,0.038
2990.6903,11.452,0.037
2992.70639,11.386,0.035
2997.62606,11.322,0.038
3000.65622,11.31,0.036
3006.66585,11.359,0.037
3011.63165,11.369,0.037
3013.63764,11.336,0.036
3016.64731,11.408,0.035
3018.64372,11.434,0.038
3031.58511,11.517,0.036
3033.59472,11.448,0.035
3042.58935,11.687,0.038
3044.6271,11.657,0.047
3047.58834,11.728,0.038
3050.57473,11.736,0.037
3053.57948,11.724,0.041
3055.61051,11.659,0.042
3057.61932,11.592,0.037
3060.55621,11.636,0.041
3068.55534,11.768,0.037
3070.58575,11.885,0.04
3073.56617,11.674,0.038
3076.57451,11.658,0.043
3078.57663,11.629,0.039
3081.53506,11.524,0.036
3085.55953,11.518,0.038
3088.53106,11.817,0.044
3093.48996,12.024,0.049
3097.49984,11.885,0.038
3100.49377,11.815,0.037
3103.4848,11.75,0.037
3106.48863,11.734,0.037
3109.47799,11.895,0.036
3112.47216,11.811,0.037
3115.46955,11.934,0.039
3265.85559,11.415,0.039
3266.86603,11.322,0.035
3269.8632,11.426,0.037
3272.85372,11.362,0.038
3278.8372,11.625,0.05
3279.83941,11.717,0.037
3295.79309,11.728,0.046
3298.80895,11.71,0.034
3298.81153,11.729,0.037
3355.75834,11.319,0.051
3358.63313,11.347,0.035
3358.65142,11.349,0.033
3367.7199,11.369,0.037
3374.715,11.367,0.041
3383.64551,11.578,0.052
3385.652,11.484,0.053
3385.69171,11.504,0.056
3387.72022,11.457,0.042
3394.61578,11.372,0.041
3396.62827,11.407,0.046
3398.65765,11.425,0.038
3404.62077,11.456,0.043
3406.61872,11.644,0.051
3408.62789,11.464,0.043
3411.57666,11.653,0.037
3413.61722,11.593,0.047
3415.61001,11.789,0.033
3426.54686,11.736,0.058
3433.52528,11.814,0.056
3436.53915,11.676,0.039
3439.52838,11.684,0.046
3442.52338,11.673,0.043
3448.49446,11.679,0.05
3451.49004,11.588,0.04
3454.50322,11.577,0.045
3457.49412,11.587,0.045
3460.48542,11.613,0.037
3463.48068,11.543,0.037
3466.48038,11.547,0.032
3470.4768,11.656,0.042
3620.90918,11.75,0.037
3625.89271,11.531,0.033
3629.86809,11.525,0.036
3633.85604,11.5,0.039
3640.8322,11.479,0.037
3643.8456,11.464,0.03
3647.83448,11.521,0.032
3650.82563,11.562,0.032
3653.81672,11.816,0.033
3655.82318,11.751,0.031
3657.83067,11.747,0.032
3660.796,11.705,0.031
3668.78867,11.657,0.034
3671.76929,11.688,0.032
3674.75903,11.85,0.029
3677.75149,11.764,0.03
3699.6896,11.852,0.032
3702.6838,11.976,0.033
3705.66984,11.816,0.028
3707.81626,11.957,0.033
3712.67918,11.89,0.033
3714.67295,11.891,0.037
3716.76193,11.906,0.032
3721.72873,11.848,0.049
3724.71782,11.72,0.032
3727.6199,11.665,0.059
3730.69757,11.623,0.049
3731.65769,11.598,0.044
3731.66006,11.522,0.053
3731.66256,11.597,0.045
3731.665,11.571,0.042
3731.66754,11.543,0.045
3731.67093,11.613,0.051
3731.67421,11.607,0.046
3731.67752,11.546,0.048
3731.68084,11.631,0.056
3731.68408,11.638,0.049
3731.68647,11.578,0.042
3731.68976,11.53,0.048
3731.69239,11.612,0.059
3731.69502,11.664,0.052
3731.70123,11.633,0.053
3731.70659,11.592,0.034
3731.71201,11.558,0.047
3731.71749,11.584,0.037
3731.73316,11.54,0.044
3731.7479,11.611,0.052
3731.77633,11.583,0.047
3732.56418,11.499,0.032
3732.59382,11.531,0.035
3732.6216,11.543,0.036
3732.64996,11.569,0.034
3732.68171,11.487,0.046
3732.71175,11.507,0.031
3732.74256,11.542,0.038
3732.77247,11.585,0.043
3733.62487,11.603,0.034
3733.65196,11.466,0.036
3733.67897,11.533,0.035
3733.70461,11.54,0.033
3733.70711,11.57,0.045
3733.73578,11.52,0.043
3733.76682,11.533,0.037
3734.55055,11.574,0.033
3734.58107,11.531,0.043
3734.61062,11.585,0.047
3734.64011,11.427,0.047
3734.67135,11.508,0.041
3734.70144,11.532,0.04
3734.73007,11.515,0.041
3734.76127,11.551,0.044
3734.79122,11.557,0.041
3735.54875,11.465,0.032
3735.57792,11.577,0.031
3735.60534,11.529,0.032
3735.63217,11.526,0.033
3735.66116,11.51,0.042
3735.69047,11.497,0.035
3735.7527,11.531,0.05
3735.78202,11.498,0.044
3736.53773,11.453,0.034
3736.56597,11.456,0.033
3736.59404,11.448,0.031
3736.62271,11.476,0.03
3736.65002,11.484,0.046
3736.67708,11.477,0.032
3736.69323,11.455,0.036
3736.7079,11.53,0.037
3736.73781,11.484,0.037
3736.76709,11.496,0.041
3737.55485,11.537,0.031
3737.58403,11.53,0.033
3737.61279,11.501,0.04
3737.64065,11.443,0.05
3737.67061,11.487,0.035
3737.6976,11.545,0.035
3737.72565,11.474,0.045
3737.75551,11.562,0.048
3739.58796,11.565,0.029
3741.68773,11.529,0.031
3748.64533,11.635,0.04
3750.68761,11.554,0.039
3750.72861,11.697,0.056
3750.73108,11.629,0.039
3750.73368,11.681,0.043
3750.73616,11.619,0.041
3750.7387,11.663,0.043
3750.74116,11.596,0.049
3750.74366,11.677,0.042
3750.74621,11.693,0.04
3750.74873,11.613,0.042
3750.75124,11.732,0.044
3750.75379,11.601,0.039
3750.75621,11.667,0.04
3750.75872,11.635,0.043
3750.76124,11.715,0.042
3750.76371,11.609,0.039
3753.68096,11.746,0.045
3758.69076,11.693,0.039
3761.63155,11.785,0.058
3764.60649,11.853,0.043
3766.64636,11.66,0.051
3769.59744,11.746,0.053
3776.57378,11.499,0.031
3778.59939,11.568,0.035
3789.54253,11.773,0.044
3791.58406,11.882,0.042
3794.56729,12.023,0.048
3797.5429,12.09,0.048
3803.51367,12.147,0.051
3805.56035,12.227,0.05
3809.51944,12.228,0.045
3811.5383,12.229,0.046
3814.51492,12.206,0.04
3817.50463,12.093,0.039
3820.50767,12.246,0.041
3823.49838,12.192,0.038
3830.48092,12.255,0.055
3835.47456,12.081,0.043
3983.89498,11.778,0.036
4091.63874,11.936,0.032
4103.67768,11.9,0.05
4106.59812,11.828,0.048
4106.73072,11.755,0.034
4125.6585,11.725,0.042
4131.60445,11.723,0.053
4133.61853,11.773,0.053
4133.6311,11.682,0.052
4135.64145,11.826,0.044
4135.65554,11.817,0.044
4137.64774,11.908,0.04
4137.65636,12.004,0.051
4139.66558,11.812,0.037
4140.57585,11.82,0.034
4142.6108,11.94,0.047
4145.56401,12.046,0.043
4147.6214,11.961,0.037
4151.57589,11.972,0.043
4153.57805,11.909,0.041
4160.55462,11.97,0.031
4162.55817,11.998,0.038
4172.51983,11.828,0.05
4174.54072,11.976,0.044
4174.56726,11.916,0.04
4179.52461,12.098,0.045
4185.49615,11.99,0.041
4191.49321,11.883,0.045
4333.9158,11.828,0.045
4341.89223,11.836,0.049
4342.91607,11.82,0.046
4345.89893,11.836,0.051
4350.8965,11.789,0.035
4354.90697,11.75,0.037
4355.89294,11.861,0.035
4358.89571,11.966,0.037
4362.87067,11.796,0.035
4363.87265,11.839,0.036
4364.88645,11.884,0.036
4367.86856,11.836,0.036
4377.81596,12.162,0.038
4378.83243,12.144,0.039
4380.82425,11.824,0.035
4381.86651,11.86,0.039
4384.8357,11.786,0.041
4386.81737,11.881,0.034
4387.82616,11.797,0.038
4399.79276,11.984,0.033
4399.81844,12.036,0.035
4403.85495,11.979,0.037
4410.7424,11.98,0.046
4413.75764,12.017,0.036
4420.74059,11.921,0.045
4420.7581,11.81,0.038
4426.80097,11.764,0.042
4431.77881,11.694,0.035
4431.80666,11.816,0.036
4437.67684,11.825,0.032
4440.65895,11.829,0.036
4443.68621,11.845,0.034
4448.78903,11.819,0.034
4453.73005,11.732,0.041
4458.67193,11.729,0.035
4459.69135,11.687,0.042
4461.65833,11.702,0.033
4463.73589,11.651,0.04
4464.76974,11.735,0.045
4466.65363,11.768,0.041
4469.63238,11.585,0.043
4469.75129,11.682,0.038
4472.71337,11.618,0.045
4475.6104,11.555,0.032
4478.61157,11.627,0.032
4480.67892,11.646,0.036
4486.59125,11.568,0.051
4488.62509,11.611,0.048
4490.6383,11.715,0.038
4492.68311,11.686,0.038
4492.70373,11.778,0.035
4499.56431,11.597,0.041
4502.56063,11.732,0.046
4505.55398,11.593,0.044
4507.64185,11.605,0.048
4517.55925,11.552,0.038
4520.54677,11.567,0.042
4522.56902,11.607,0.039
4524.58699,11.735,0.039
4527.55832,11.79,0.049
4529.59114,11.622,0.044
4530.54558,11.619,0.042
4532.57017,11.715,0.041
4533.52953,11.664,0.038
4535.56296,11.75,0.042
4541.50222,12.025,0.044
4547.49841,12,0.041
4549.51074,11.884,0.043
4553.49473,12.031,0.048
4557.48806,11.947,0.042
4560.48202,11.939,0.042
4701.90954,11.675,0.038
4705.91431,11.662,0.035
4721.90618,11.609,0.054
4722.89015,11.609,0.032
4726.89151,11.591,0.035
4728.88396,11.562,0.036
4740.8748,11.619,0.034
4744.84378,11.636,0.033
4746.86203,11.629,0.035
4747.84554,11.647,0.032
4750.84496,11.676,0.03
4750.85767,11.667,0.032
4753.84046,11.494,0.034
4753.8526,11.561,0.033
4756.84182,11.564,0.037
4759.8441,11.509,0.034
4762.81064,11.565,0.033
4763.82848,11.632,0.035
4765.79976,11.639,0.034
4768.78531,11.586,0.032
4769.80391,11.599,0.033
4771.77905,11.66,0.038
4774.77186,11.589,0.031
4775.78867,11.618,0.032
4777.76203,11.611,0.033
4778.7812,11.642,0.034
4780.7496,11.58,0.031
4782.78164,11.604,0.032
4786.77336,11.546,0.034
4787.79387,11.601,0.033
4792.72497,11.643,0.033
4793.74234,11.695,0.036
4795.71045,11.655,0.031
4796.78886,11.694,0.031
4798.70927,11.699,0.032
4801.69313,11.9,0.038
4802.71143,12.03,0.036
4804.69601,11.992,0.032
4806.8007,11.94,0.034
4807.73285,11.905,0.037
4809.79559,11.948,0.03
4814.69762,11.89,0.034
4814.72083,11.882,0.035
4816.79609,11.762,0.037
4820.64726,11.902,0.048
4820.7658,11.842,0.036
4822.75331,11.768,0.034
4823.71105,11.853,0.052
4825.66462,11.726,0.035
4826.68329,11.727,0.036
4828.62747,11.682,0.039
4831.63846,11.726,0.031
4833.71311,11.706,0.044
4836.6292,11.843,0.034
4843.69517,11.649,0.047
4846.67888,11.66,0.035
4847.71217,11.657,0.035
4849.60458,11.7,0.05
4852.59793,11.626,0.044
4852.71489,11.665,0.042
4855.60416,11.703,0.048
4855.71008,11.645,0.036
4858.61718,11.903,0.04
4858.67475,11.868,0.041
4862.55747,12.172,0.039
4864.61099,12.109,0.048
4869.54258,11.844,0.044
4869.56841,11.873,0.051
4871.66285,11.923,0.039
4872.54273,11.987,0.046
4875.56638,11.733,0.046
4877.58197,11.737,0.058
4880.58795,11.879,0.056
4881.54867,11.833,0.039
4882.63273,12.041,0.048
4884.5443,11.728,0.042
4887.55077,11.72,0.05
4890.54095,11.78,0.047
4905.5203,12.043,0.055
4916.51368,12.154,0.048
4919.50314,12.159,0.048
5083.90783,11.67,0.051
5084.90671,11.581,0.049
5088.87075,11.559,0.039
5092.86292,11.557,0.041
5093.88884,11.478,0.04
5099.87957,11.555,0.043
5106.88083,11.501,0.043
5111.86494,11.536,0.044
5116.83564,11.47,0.04
5116.86617,11.499,0.042
5146.82675,11.688,0.044
5155.75014,11.666,0.038
5155.78257,11.656,0.041
5158.73894,11.678,0.042
5162.71782,11.726,0.042
5162.74001,11.633,0.04
5164.80196,11.618,0.044
5165.7213,11.573,0.043
