1868.68917,12.818,0.075
1868.71824,12.879,0.07
1869.67663,12.914,0.06
1869.71057,12.927,0.065
1871.69045,12.844,0.074
1871.7453,12.987,0.067
1872.68421,12.837,0.073
1873.68817,12.877,0.066
1874.68446,13.02,0.061
1875.67543,12.902,0.054
1875.70461,12.874,0.056
1876.67423,12.814,0.059
1876.70338,12.862,0.065
1877.67913,12.841,0.055
1877.70378,12.85,0.059
1878.6665,12.85,0.051
1878.70032,12.909,0.055
1879.66762,12.878,0.043
1879.69685,12.918,0.053
1880.65447,12.969,0.054
1880.68371,12.894,0.051
1881.6674,12.859,0.048
1881.68984,12.839,0.056
1885.66362,12.918,0.044
1885.68614,12.827,0.052
1886.6579,12.977,0.047
1886.68525,12.876,0.048
1887.6761,12.85,0.057
1888.65306,12.939,0.058
1888.67547,12.978,0.06
1889.65423,12.884,0.047
1889.67898,12.952,0.049
1899.63121,13.003,0.052
1899.65382,13.029,0.049
1900.6449,12.831,0.041
1900.66975,12.884,0.046
1902.60917,12.979,0.045
1902.63853,12.985,0.05
1903.63895,13.037,0.048
1903.66391,13.044,0.048
1904.61676,12.867,0.049
1904.63793,12.937,0.054
1905.62876,13.003,0.042
1905.6469,12.933,0.047
1906.61941,12.983,0.049
1906.63759,12.998,0.05
1907.62892,13.143,0.041
1907.65393,13.903,0.043
1908.61896,12.977,0.041
1908.63943,12.915,0.047
1913.61395,13.075,0.041
1914.61153,12.982,0.038
1914.63896,12.944,0.042
1915.61298,13.108,0.043
1915.63576,13.054,0.05
1918.59168,12.779,0.042
1918.61681,13.118,0.045
1919.60829,12.903,0.047
1919.62662,12.996,0.048
1920.63087,13.121,0.043
1921.626,12.946,0.046
1922.6302,12.912,0.044
1923.57102,13.097,0.047
1923.62564,13.042,0.048
1925.62531,13.099,0.05
1926.61553,13.07,0.043
1928.62905,13.059,0.042
1929.57285,13.116,0.039
1929.61477,13.084,0.044
1930.61055,13.01,0.043
1931.56151,13.135,0.039
1931.60561,13.132,0.043
1932.60484,13.136,0.041
1933.56046,13.084,0.039
1933.6043,13.1,0.043
1934.59924,13.196,0.043
1936.55398,12.937,0.037
1936.58814,13.037,0.04
1938.58296,13.14,0.041
1938.62192,13.117,0.039
1940.58156,13.143,0.042
1940.64113,13.075,0.043
1945.52658,13.223,0.04
1945.53858,13.153,0.042
1945.56247,13.118,0.045
1947.56579,13.272,0.046
1947.63928,13.116,0.047
1949.59607,13.148,0.04
1949.62768,13.073,0.047
1952.55964,13.098,0.056
1954.54615,13.325,0.044
1954.57929,13.105,0.046
1961.53447,13.117,0.041
1963.63355,13.337,0.05
1964.54227,13.209,0.035
1965.55624,13.181,0.039
1966.56257,13.493,0.039
1967.56676,13.328,0.041
1968.54552,13.186,0.039
1978.56395,13.239,0.047
1981.51412,13.327,0.046
1994.5052,13.329,0.049
1996.53505,13.646,0.061
2026.53445,13.332,0.06
2116.87777,12.598,0.06
2116.88994,12.469,0.058
2116.91896,12.657,0.062
2128.85591,12.491,0.061
2128.89214,12.563,0.072
2129.86515,12.532,0.066
2129.92,12.566,0.059
2130.85513,12.556,0.073
2131.85235,12.548,0.068
2132.86828,12.611,0.074
2133.87199,12.462,0.062
2133.89307,12.571,0.055
2136.91815,12.665,0.052
2143.82906,12.559,0.063
2156.81358,12.637,0.072
2156.84715,12.632,0.062
2166.83267,12.808,0.051
2166.86162,12.783,0.059
2167.81047,12.849,0.066
2168.79831,12.838,0.063
2168.88952,12.846,0.054
2171.76205,12.868,0.051
2171.79392,12.837,0.059
2172.83166,12.894,0.053
2172.85855,12.881,0.05
2174.75379,13.605,0.053
2183.7555,13.054,0.058
2183.78895,13.116,0.055
2185.75946,13.148,0.054
2185.79733,13.114,0.051
2186.81758,13.116,0.044
2189.79915,13.112,0.057
2190.78317,13.06,0.048
2190.82888,13.132,0.051
2191.80594,13.115,0.052
2191.86325,13.004,0.057
2192.7873,13.162,0.056
2192.82555,13.019,0.051
2193.79568,13.155,0.052
2194.75312,13.168,0.051
2194.79487,13.182,0.048
2196.74572,13.142,0.054
2197.83689,13.411,0.053
2198.76896,13.185,0.047
2199.74334,13.257,0.049
2199.82848,13.164,0.054
2200.8091,13.063,0.044
2201.7293,13.202,0.053
2201.83576,13.115,0.054
2202.76813,13.158,0.05
2202.7952,13.145,0.049
2204.72864,13.186,0.052
2206.72551,13.217,0.051
2206.79021,13.161,0.041
2208.71653,13.328,0.048
2212.68832,13.292,0.051
2213.70512,13.32,0.048
2213.73851,13.472,0.05
2214.75249,13.338,0.05
2215.70917,13.302,0.053
2215.79814,13.226,0.05
2216.71847,13.082,0.054
2216.74723,13.287,0.048
2217.73163,13.145,0.052
2217.76997,13.241,0.051
2221.75709,13.339,0.048
2222.74128,13.118,0.045
2222.75674,13.28,0.054
2224.73474,13.405,0.047
2225.70628,13.227,0.048
2225.7861,13.328,0.052
2226.7069,13.251,0.046
2226.74309,13.352,0.053
2227.77765,13.346,0.046
2228.7065,13.371,0.047
2228.73098,13.277,0.054
2230.72427,13.317,0.054
2232.69505,13.261,0.043
2232.71955,13.335,0.052
2233.68823,13.119,0.047
2233.71997,13.203,0.046
2234.71562,13.344,0.049
2235.68278,13.443,0.043
2235.70959,13.292,0.046
2236.71357,13.461,0.05
2237.71277,13.233,0.048
2239.70108,13.564,0.054
2240.67239,12.921,0.056
2240.70161,13.349,0.05
2241.67361,13.508,0.048
2241.70274,13.208,0.052
2242.69344,13.308,0.052
2244.67803,13.051,0.056
2247.70017,13.345,0.057
2248.66378,12.928,0.058
2248.69566,13.192,0.056
2249.66752,12.998,0.057
2249.69221,13.091,0.054
2251.66692,13.141,0.059
2251.6872,13.283,0.059
2252.65919,13.076,0.053
2252.68168,13.269,0.058
2253.67989,13.152,0.06
2254.65798,13.386,0.054
2254.68392,13.231,0.058
2255.65548,13.149,0.053
2255.67582,13.251,0.055
2256.67464,13.583,0.061
2258.68134,13.024,0.065
2260.6442,13.084,0.06
2260.66442,13.39,0.06
2467.91664,13.051,0.034
2498.85384,12.868,0.042
2499.87451,13.042,0.044
2519.86125,12.959,0.05
2544.88113,12.909,0.05
2545.75913,12.798,0.061
2552.73376,13.047,0.046
2556.79583,13.156,0.049
2557.75511,13.022,0.05
2559.76632,12.976,0.048
2559.81832,12.907,0.054
2561.72619,13.027,0.043
2561.7696,12.956,0.048
2562.8748,13.062,0.072
2564.72256,12.939,0.064
2564.7591,12.987,0.057
2565.82593,13.163,0.059
2574.71682,13.075,0.059
2577.85047,13.085,0.055
2621.67296,13.189,0.041
2621.7163,13.105,0.046
2623.6595,13.097,0.042
2624.73953,13.051,0.044
2625.64474,13.032,0.046
2627.73914,13.031,0.04
2629.75363,12.982,0.043
2630.79793,13.096,0.057
2634.63933,13.045,0.042
2634.75625,13.255,0.048
2636.67733,13.113,0.039
2638.66641,13.151,0.041
2638.76019,13.141,0.052
2640.66441,13.25,0.042
2640.75815,13.067,0.054
2642.66228,13.184,0.04
2644.65819,13.244,0.041
2644.74042,13.195,0.049
2646.63758,13.237,0.042
2646.71987,13.124,0.046
2649.6318,13.211,0.042
2649.70939,13.129,0.048
2650.7799,13.042,0.042
2652.63495,12.936,0.041
2652.81054,12.945,0.046
2654.61727,13.061,0.041
2654.6549,13.085,0.048
2657.64829,13.028,0.039
2657.68825,13.227,0.046
2659.66004,13.196,0.043
2661.65722,13.06,0.05
2661.69716,13.014,0.052
2663.65603,13.152,0.039
2663.6936,13.028,0.047
2665.64884,13.077,0.041
2665.68643,12.972,0.049
2667.64828,13.088,0.043
2667.68593,13.139,0.047
2669.63777,13.06,0.045
2669.67536,12.82,0.044
2671.63683,13.104,0.044
2671.67447,12.883,0.046
2673.63136,13.088,0.044
2673.669,12.951,0.047
2675.61914,13.221,0.044
2675.6568,12.943,0.049
2677.60092,13.099,0.044
2677.63856,12.979,0.045
2679.59112,13.074,0.041
2679.62185,13.002,0.048
2681.61366,12.983,0.046
2683.59098,13.213,0.044
2683.61716,13.25,0.048
2684.72844,13.163,0.042
2684.75734,13.066,0.044
2686.66342,12.872,0.049
2686.68049,12.873,0.048
2688.65148,12.987,0.043
2688.66594,13.058,0.05
2690.66481,12.926,0.051
2692.6475,12.914,0.056
2692.66193,12.856,0.057
2696.66428,12.994,0.04
2696.67872,13.022,0.047
2698.64281,13.115,0.042
2698.66,12.94,0.048
2700.63539,12.943,0.04
2700.65258,12.955,0.044
2702.62759,12.881,0.049
2702.64474,13.03,0.05
2704.6149,12.972,0.04
2706.59684,12.831,0.049
2706.61133,12.833,0.046
2710.57081,13.067,0.041
2710.58529,12.942,0.048
2711.67689,13.03,0.045
2712.57729,12.972,0.04
2713.6464,12.962,0.041
2714.59897,12.884,0.042
2715.65615,12.868,0.047
2717.59822,12.886,0.044
2719.56757,12.984,0.048
2720.57505,12.867,0.04
2721.59082,13.198,0.056
2722.57207,12.835,0.041
2723.59131,12.886,0.047
2724.57021,12.967,0.042
2725.56025,12.85,0.042
2725.58805,12.899,0.056
2726.56863,12.984,0.044
2727.58169,12.857,0.046
2728.55993,12.878,0.041
2729.55203,12.86,0.04
2729.5796,12.861,0.049
2730.55598,12.945,0.039
2733.56784,12.83,0.055
2734.54121,12.874,0.047
2735.53567,12.84,0.039
2735.5634,12.724,0.047
2736.52606,12.808,0.041
2738.55309,12.823,0.044
2739.57792,12.849,0.051
2740.54846,12.815,0.048
2741.52556,12.914,0.041
2741.55313,13.007,0.053
2742.54992,13.084,0.043
2743.57242,12.853,0.047
2744.54628,12.972,0.04
2750.55383,12.865,0.059
2752.52779,13.022,0.038
2752.53981,12.801,0.045
2755.52575,12.912,0.046
2755.5355,12.905,0.044
2757.52269,12.82,0.039
2757.53243,12.844,0.046
2760.50242,12.828,0.042
2760.5098,12.883,0.047
2764.49274,12.767,0.043
2764.50008,12.905,0.05
2766.48024,12.776,0.042
2770.48152,12.928,0.045
2770.4912,12.744,0.05
2776.46962,12.907,0.047
2776.47919,12.789,0.051
2783.48181,12.873,0.048
2785.48819,12.886,0.043
2787.48809,12.88,0.044
2792.45262,13.115,0.047
2795.45464,12.839,0.05
2813.94338,13.098,0.044
2836.91227,12.961,0.036
2844.93595,12.996,0.037
2853.90759,13.176,0.044
2854.89268,13.101,0.038
2858.88499,13.115,0.037
2858.92452,13.151,0.04
2860.89027,12.99,0.035
2861.8954,13.102,0.042
2862.89038,12.977,0.043
2867.83981,12.879,0.042
2867.8793,13.252,0.045
2876.83499,13.092,0.043
2879.8453,13.285,0.039
2879.89413,13.303,0.049
2883.90421,12.864,0.04
2884.82581,13.281,0.045
2886.86109,13.051,0.046
2895.82256,13.037,0.04
2895.84718,12.906,0.047
2897.84911,13.316,0.04
2900.82052,13.238,0.047
2905.82921,13.155,0.044
2905.86441,13.265,0.036
2908.83566,13.125,0.04
2908.86488,13.123,0.045
2911.78032,13.068,0.039
2911.82843,13.14,0.045
2915.85724,13.17,0.044
2918.77593,13.111,0.05
2922.74485,13.376,0.048
2924.78446,13.071,0.042
2924.80828,13.058,0.045
2927.73465,13.165,0.037
2927.74979,13.089,0.043
2929.75669,13.33,0.039
2929.78633,13.246,0.043
2932.79227,13.166,0.044
2933.79104,13.139,0.041
2934.81028,13.373,0.044
2935.77097,13.265,0.037
2939.76502,12.996,0.039
2939.81404,13.179,0.041
2943.69895,13.119,0.039
2943.75375,13.188,0.043
2945.74671,13.262,0.046
2947.74796,13.105,0.042
2949.74315,12.921,0.05
2951.75397,13.472,0.04
2955.73222,13.006,0.043
2955.80688,13.108,0.039
2958.6976,13.415,0.039
2960.71264,13.202,0.059
2962.78202,13.347,0.053
2963.66756,13.285,0.041
2965.7117,13.111,0.047
2965.73422,13.236,0.048
2967.72993,13.31,0.04
2967.76749,13.344,0.044
2970.65421,13.145,0.042
2970.72064,13.133,0.045
2973.75779,13.376,0.046
2975.69438,13.254,0.042
2977.68704,13.059,0.044
2979.71149,13.433,0.046
2981.71636,13.283,0.043
2981.7312,13.105,0.044
2982.72685,13.371,0.046
2983.7598,13.162,0.038
2983.7837,13.107,0.044
2986.61511,13.154,0.038
2986.65209,13.111,0.043
2988.68979,13.143,0.039
2988.71561,13.166,0.045
2990.76582,13.25,0.039
2990.79896,12.907,0.048
2992.77851,13.004,0.04
2993.63094,13.37,0.044
2995.62404,13.123,0.041
2995.69716,13.045,0.057
2997.65284,13.44,0.04
2997.71554,13.325,0.043
2998.66002,13.49,0.046
3000.71684,13.252,0.044
3006.6552,13.185,0.044
3006.71935,13.433,0.044
3008.6707,13.213,0.04
3008.70072,13.176,0.044
3010.68817,12.974,0.041
3011.68617,13.426,0.037
3015.73775,13.404,0.043
3015.76551,13.575,0.045
3017.7415,13.383,0.039
3017.76443,13.32,0.052
3023.77966,13.365,0.041
3023.80077,13.551,0.043
3028.61372,13.332,0.038
3030.66005,13.498,0.041
3030.66821,13.47,0.042
3034.70012,13.039,0.042
3034.70636,13.396,0.044
3036.78099,13.318,0.042
3037.6119,13.43,0.038
3041.63734,13.435,0.041
3046.58995,13.561,0.038
3046.59509,13.397,0.037
3048.66641,13.423,0.047
3049.57743,13.562,0.038
3053.66657,13.28,0.051
3054.57997,13.53,0.039
3055.73264,13.573,0.047
3056.59443,13.435,0.051
3056.59694,13.461,0.043
3057.7495,13.518,0.047
3058.66071,13.436,0.038
3060.6842,13.583,0.04
3064.6567,13.609,0.045
3067.68048,13.494,0.042
3068.61698,13.324,0.041
3069.69903,13.237,0.044
3070.64723,13.203,0.041
3070.64992,13.426,0.038
3072.60586,13.141,0.045
3073.58633,13.56,0.038
3074.65231,13.648,0.044
3075.61795,13.456,0.042
3076.67729,13.32,0.041
3081.54886,13.388,0.043
3082.59865,13.3,0.042
3085.5504,13.47,0.045
3086.5999,13.539,0.042
3087.56415,13.359,0.047
3088.60566,13.743,0.041
3089.58535,13.371,0.05
3091.50595,13.515,0.042
3093.58923,13.565,0.041
3096.58498,13.484,0.037
3097.5487,13.468,0.041
3101.57114,13.669,0.041
3103.53394,13.381,0.037
3103.57792,13.741,0.04
3104.5062,13.907,0.047
3106.51964,13.658,0.039
3106.52828,13.509,0.044
3108.5327,13.398,0.041
3108.54363,13.961,0.043
3110.54051,13.394,0.038
3110.55144,13.407,0.044
3112.5663,13.25,0.054
3114.50132,13.311,0.04
3114.57357,13.194,0.043
3115.50027,13.487,0.04
3122.48334,13.299,0.039
3122.49642,13.325,0.044
3122.50938,13.284,0.044
3124.54006,13.452,0.043
3125.49589,13.165,0.045
3127.51229,13.739,0.044
3128.47824,13.205,0.04
3129.52942,13.116,0.045
3131.47291,13.241,0.039
3134.47321,13.301,0.04
3134.52521,13.434,0.045
3163.45559,13.24,0.043
3355.61416,13.122,0.057
3356.64313,13.018,0.049
3357.71071,13.053,0.053
3365.69079,12.941,0.053
3386.71951,12.816,0.057
3388.71026,12.871,0.051
3388.75966,12.886,0.048
3390.73862,12.787,0.054
3391.58684,12.897,0.058
3393.77257,12.899,0.066
3394.68791,12.871,0.049
3398.78831,12.855,0.05
3400.68684,12.714,0.054
3400.79961,12.725,0.044
3403.67444,12.777,0.043
3405.6852,12.781,0.043
3406.55713,12.925,0.062
3407.71934,12.923,0.052
3409.71462,12.731,0.049
3410.6344,12.882,0.055
3412.59242,12.829,0.043
3414.5982,12.878,0.04
3414.69402,12.84,0.047
3416.68584,12.753,0.065
3418.61735,12.795,0.061
3418.70873,12.831,0.061
3420.66814,12.915,0.057
3424.66249,12.955,0.061
3424.69566,12.885,0.066
3426.66003,12.946,0.05
3426.69949,12.809,0.048
3430.66898,12.874,0.046
3430.71164,12.908,0.052
3432.66824,12.921,0.053
3432.70855,12.798,0.059
3434.70547,13.002,0.054
3438.52916,12.842,0.042
3438.54057,12.92,0.05
3440.63516,12.886,0.043
3443.6842,12.858,0.047
3444.54038,12.991,0.048
3445.67276,12.901,0.051
3446.55699,13.026,0.041
3447.67193,13.078,0.048
3448.59288,12.826,0.061
3450.53797,13.068,0.052
3450.58429,12.905,0.05
3453.56677,12.93,0.047
3455.55229,12.987,0.045
3455.58472,12.964,0.053
3457.59964,12.953,0.042
3459.57908,12.893,0.05
3459.59733,13.046,0.046
3461.60306,13.147,0.057
3462.51098,13.1,0.043
3463.6295,13.041,0.053
3464.57984,12.955,0.042
3466.52766,13.111,0.056
3468.51988,13.043,0.055
3469.53291,13.092,0.044
3470.54425,12.942,0.047
3471.54027,12.956,0.05
3472.5624,13.289,0.07
3473.53521,13.081,0.047
3475.50636,13.105,0.054
3478.50816,13.173,0.045
3478.52424,13.025,0.05
3483.49794,13.031,0.05
3490.50389,13.368,0.05
3492.50778,13.402,0.048
3497.49017,13.231,0.046
3497.50101,13.282,0.045
3501.46334,13.37,0.047
3503.48349,13.366,0.052
3504.46692,13.333,0.05
3511.48738,13.144,0.046
3512.45451,13.437,0.048
3517.4615,13.216,0.055
3521.46723,13.315,0.057
3562.93598,13.507,0.067
3570.93544,13.425,0.042
3573.93508,13.606,0.047
3574.93561,13.478,0.045
3577.92866,13.357,0.049
3578.92152,13.407,0.052
3588.89899,13.516,0.059
3590.90218,13.513,0.067
3592.87241,13.508,0.055
3596.92908,13.419,0.054
3601.84344,13.403,0.061
3601.89718,13.408,0.071
3618.84629,13.358,0.052
3618.88852,13.583,0.054
3621.86921,13.36,0.058
3622.86021,13.415,0.049
3625.87662,13.552,0.046
3626.84505,13.34,0.045
3629.81325,13.343,0.051
3630.82219,13.503,0.048
3631.74322,13.24,0.044
3631.77502,13.481,0.053
3631.8049,13.219,0.052
3631.8333,13.415,0.047
3631.89704,13.506,0.041
3633.80333,13.427,0.048
3634.84183,13.154,0.056
3636.83217,13.374,0.05
3638.86869,13.461,0.06
3639.84832,13.5,0.054
3641.85847,13.33,0.053
3646.85684,13.485,0.043
3652.79506,13.253,0.054
3653.78866,13.343,0.064
3655.74346,13.244,0.055
3657.83197,13.187,0.045
3659.79834,13.376,0.048
3662.80111,13.388,0.049
3663.77046,13.203,0.05
3665.79586,13.432,0.05
3666.75685,13.366,0.044
3669.79461,13.473,0.045
3670.70235,13.333,0.047
3672.7764,13.371,0.048
3672.80065,13.27,0.046
3675.72926,13.134,0.056
3675.77662,13.366,0.056
3680.74153,13.649,0.048
3680.77334,13.371,0.051
3699.70591,13.539,0.056
3702.69914,13.388,0.053
3703.81558,13.828,0.044
3705.68917,13.432,0.053
3706.66441,13.474,0.049
3708.68114,13.335,0.055
3711.71208,13.46,0.042
3712.72425,13.392,0.049
3713.68437,13.589,0.043
3714.7234,13.372,0.048
3715.76627,13.47,0.062
3717.66029,13.503,0.062
3718.63108,13.065,0.047
3719.74507,13.243,0.052
3720.72076,13.616,0.047
3722.64376,13.419,0.053
3722.78097,13.292,0.053
3725.69772,13.382,0.051
3727.72746,13.321,0.047
3728.59469,13.47,0.052
3730.78415,13.322,0.071
3731.63205,13.26,0.056
3734.65291,13.252,0.047
3736.71143,13.455,0.056
3736.76957,13.368,0.05
3739.58643,13.373,0.052
3739.59687,13.572,0.057
3741.6862,13.422,0.056
3741.69693,13.56,0.047
3744.64235,13.465,0.07
3746.74406,13.664,0.053
3748.78949,13.404,0.047
3749.65606,13.487,0.073
3751.76112,13.201,0.049
3753.75701,13.24,0.048
3754.63512,13.48,0.046
3756.61482,13.383,0.046
3756.70521,13.335,0.056
3758.68378,13.379,0.05
3758.72761,13.411,0.047
3760.76078,13.37,0.046
3761.64634,13.515,0.049
3763.73711,13.384,0.057
3765.72527,13.388,0.044
3766.6118,13.627,0.055
3768.61772,13.562,0.046
3768.71357,13.526,0.055
3770.68839,13.599,0.06
3771.5637,13.568,0.05
3773.64817,13.558,0.049
3775.56775,13.372,0.05
3775.64618,13.742,0.045
3783.58172,13.239,0.048
3787.58259,13.505,0.053
3787.62583,13.481,0.049
3789.68727,13.542,0.052
3792.5773,13.345,0.047
3794.60992,13.673,0.051
3794.63602,13.367,0.051
3796.63877,13.586,0.043
3796.65636,13.394,0.047
3798.6789,13.579,0.051
3798.71248,13.481,0.059
3800.66897,13.689,0.052
3801.55129,13.605,0.056
3803.61235,13.63,0.05
3803.62828,13.675,0.048
3805.65245,13.309,0.05
3808.66743,13.416,0.046
3809.54334,13.413,0.045
3810.68006,13.451,0.05
3813.52754,13.308,0.045
3813.59665,13.412,0.048
3815.5784,13.448,0.049
3815.63005,13.378,0.066
3817.61225,13.341,0.07
3818.52943,13.327,0.044
3819.63271,13.409,0.054
3820.56888,13.397,0.048
3822.56113,13.374,0.05
3823.52405,13.486,0.054
3824.59967,13.296,0.046
3827.57807,13.191,0.069
3828.61026,13.122,0.052
3831.5198,13.104,0.049
3832.54236,13.26,0.044
3833.55088,13.245,0.055
3834.55144,13.224,0.041
3835.5656,13.113,0.047
3836.5557,13.176,0.053
3837.57719,13.264,0.048
3850.56284,13.003,0.052
3851.48575,12.944,0.046
3852.55426,12.993,0.058
3853.49709,13.044,0.037
3854.5597,12.89,0.062
3858.50907,12.861,0.059
3860.51634,13.029,0.061
3862.47397,12.953,0.044
3862.51547,12.972,0.046
3865.46814,12.99,0.052
3865.4831,12.904,0.06
3868.47544,12.923,0.045
3868.48447,13,0.05
3870.50163,12.967,0.048
3871.47297,12.946,0.05
3875.48822,12.863,0.048
3876.45678,12.883,0.047
3877.48921,12.891,0.049
3877.49161,12.839,0.049
3881.48365,12.834,0.051
3887.46053,12.972,0.056
3892.45578,12.81,0.056
4090.64928,13.206,0.05
4103.66182,13.92,0.052
4103.69503,13.306,0.049
4105.72956,13.216,0.055
4105.76998,13.671,0.047
4107.70811,13.504,0.044
4107.77779,13.406,0.045
4111.77724,13.578,0.07
4126.66707,13.546,0.044
4126.70582,13.592,0.046
4128.68979,14.075,0.046
4128.71465,13.606,0.047
4130.6804,13.455,0.05
4132.68203,13.42,0.054
4132.70965,13.489,0.051
4134.71931,13.511,0.042
4134.75202,13.566,0.044
4136.77789,13.683,0.072
4137.57319,13.761,0.045
4139.55715,13.49,0.058
4139.58726,13.347,0.049
4141.58736,13.434,0.069
4143.61746,13.517,0.051
4145.69949,13.773,0.064
4147.67603,13.548,0.043
4150.72284,13.636,0.06
4151.63842,13.495,0.045
4152.735,13.428,0.048
4153.64648,13.453,0.066
4155.5691,13.598,0.059
4158.57598,13.432,0.058
4159.63542,13.368,0.061
4160.60761,13.544,0.05
4161.64238,13.43,0.051
4162.60517,13.335,0.048
4168.66958,13.289,0.055
4173.65735,13.53,0.042
4174.63656,13.327,0.068
4175.66403,13.449,0.048
4177.61641,13.73,0.064
4179.60637,13.355,0.062
4180.57193,13.443,0.059
4182.60439,13.453,0.051
4183.64947,13.42,0.059
4185.6386,13.345,0.053
4189.6014,13.4,0.04
4191.62382,13.747,0.049
4193.53549,13.364,0.049
4193.62394,13.315,0.053
4197.5585,13.353,0.049
4200.56509,13.256,0.042
4202.53818,13.413,0.072
4203.56704,13.373,0.05
4205.51815,13.283,0.045
4205.58652,13.331,0.051
4216.49262,13.288,0.048
4216.50386,13.228,0.052
4227.49547,13.408,0.04
4227.50596,13.372,0.046
4229.52564,13.278,0.047
4230.46803,13.358,0.049
4233.47428,13.263,0.039
4234.49614,13.328,0.07
4236.47137,13.217,0.054
4247.48144,13.324,0.045
4257.45314,13.242,0.049
4285.93278,13.185,0.07
4292.91695,13.035,0.042
4300.93358,13.027,0.064
4303.92886,13.021,0.048
4304.92118,13.19,0.047
4306.91661,13.033,0.044
4308.90655,13.005,0.051
4310.90002,12.926,0.039
4314.91649,12.918,0.043
4330.85407,13.076,0.064
4330.90546,13.167,0.046
4333.85329,13.029,0.043
4333.89878,13.225,0.044
4338.86033,13.261,0.042
4338.91358,13.085,0.043
4341.83151,12.987,0.055
4341.87571,12.904,0.058
4344.85003,13.156,0.055
4345.87223,13.07,0.049
4348.89035,13.05,0.057
4353.86964,13.158,0.047
4355.81496,13.01,0.038
4357.86907,13.111,0.049
4361.88138,13.107,0.043
4362.81652,13.211,0.037
4364.81307,13.191,0.046
4364.87068,13.33,0.037
4367.85893,13.059,0.046
4368.83505,13.089,0.045
4371.85553,13.265,0.049
4373.81674,13.142,0.047
4375.85019,13.201,0.044
4376.81612,12.926,0.043
4378.85674,13.218,0.051
4379.8129,13.186,0.042
4382.79486,13.157,0.044
4382.81135,13.179,0.041
4385.78322,13.014,0.039
4385.85688,13.201,0.05
4388.76402,13.161,0.042
4392.76544,13.277,0.059
4398.81887,13.155,0.042
4398.85996,13.122,0.056
4402.75587,13.181,0.041
4402.80824,13.181,0.045
4406.80995,13.464,0.047
4409.72551,13.205,0.046
4412.81936,13.219,0.051
4418.8593,13.631,0.063
4420.80757,13.258,0.047
4421.75027,13.13,0.052
4423.75782,13.293,0.045
4424.80848,13.192,0.056
4426.82084,13.528,0.049
4427.73915,13.329,0.043
4429.70419,13.184,0.046
4430.66608,13.578,0.046
4431.76404,13.412,0.044
4432.72157,13.249,0.042
4435.64671,13.386,0.042
4437.68868,13.294,0.044
4440.68181,13.255,0.05
4443.69272,13.236,0.06
4453.66747,13.118,0.044
4454.63558,13.129,0.048
4455.75535,13.118,0.043
4456.69689,13.063,0.048
4458.65829,13.105,0.043
4458.77963,13.075,0.049
4460.76571,13.196,0.043
4461.67885,13.257,0.05
4463.62836,13.117,0.061
4463.76022,13.044,0.051
4465.71388,13.052,0.05
4466.67424,13.002,0.052
4468.67705,13.133,0.05
4468.79845,13.186,0.07
4471.80923,13.042,0.064
4474.66098,13.092,0.043
4477.61384,13.041,0.076
4479.69923,13.15,0.042
4480.59998,12.891,0.066
4482.66557,13.064,0.052
4484.61235,13.049,0.071
4486.67179,13.052,0.052
4487.70002,13.096,0.042
4488.70788,12.948,0.056
4489.74444,12.797,0.04
4490.72634,12.898,0.047
4492.59833,13.167,0.064
4492.76836,12.984,0.051
4494.62909,12.916,0.048
4494.76879,13.028,0.049
4498.62439,13.054,0.044
4498.70338,12.911,0.049
4503.61611,12.908,0.045
4505.69806,13.105,0.042
4505.73085,12.913,0.046
4508.60332,12.878,0.047
4510.62038,12.669,0.048
4510.62963,12.915,0.051
4516.60328,12.882,0.043
4516.61294,12.79,0.054
4518.65287,12.789,0.039
4518.66095,12.802,0.044
4520.67756,12.853,0.041
4520.68599,12.812,0.045
4522.66989,12.838,0.043
4522.67916,12.92,0.045
4524.68751,12.668,0.041
4524.69082,12.933,0.042
4527.57634,12.86,0.041
4527.58059,12.849,0.049
4529.62033,12.871,0.045
4529.62366,12.82,0.054
4531.68921,12.726,0.05
4532.58429,12.795,0.049
4534.55982,12.935,0.047
4535.65022,12.823,0.049
4537.57643,12.818,0.047
4538.54827,12.705,0.04
4539.58898,13.037,0.055
4541.60384,12.759,0.046
4542.57798,12.748,0.042
4543.62096,12.768,0.05
4545.64803,12.703,0.049
4546.59862,12.844,0.052
4547.66174,12.894,0.046
4548.59604,12.876,0.047
4551.58877,12.819,0.048
4552.64758,12.805,0.051
4554.54733,12.768,0.046
4555.52768,12.743,0.051
4556.56679,12.629,0.047
4557.55144,12.847,0.045
4558.57453,12.774,0.049
4559.60164,12.686,0.046
4561.55586,12.765,0.045
4562.52646,12.733,0.048
4563.57711,12.82,0.043
4564.57371,12.775,0.044
4566.52349,12.872,0.051
4566.58012,12.964,0.051
4568.55982,12.79,0.049
4568.60792,12.691,0.051
4570.59577,12.792,0.051
4571.51404,12.758,0.042
4573.51751,12.855,0.046
4575.5496,12.811,0.049
4576.53214,12.777,0.055
4579.55327,12.715,0.047
4583.51921,12.873,0.051
4586.48157,12.943,0.038
4588.49192,12.804,0.045
4589.49298,12.908,0.046
4590.52438,12.766,0.049
4592.48335,12.868,0.044
4593.48544,13.003,0.047
4595.46898,12.877,0.041
4595.51447,12.813,0.045
4597.48032,13.006,0.04
4597.51943,12.876,0.051
4600.5158,13.016,0.044
4602.46074,12.864,0.049
4609.49083,12.895,0.052
4618.46559,12.913,0.047
4623.45761,12.953,0.052
4651.9373,13.019,0.043
4663.93974,12.81,0.045
4666.935,13.033,0.043
4676.91537,12.994,0.04
4681.91149,13.184,0.046
4683.9087,12.999,0.047
4685.88907,13.124,0.048
4691.87084,12.955,0.054
4691.88967,13.017,0.042
4696.91585,12.879,0.039
4696.91791,12.858,0.05
4700.85401,12.934,0.046
4700.8754,12.909,0.043
4703.89102,12.718,0.053
4704.86966,12.975,0.065
4707.89103,12.897,0.053
4708.86988,12.888,0.048
4720.89124,12.71,0.051
4724.88106,12.731,0.045
4728.8172,12.928,0.04
4729.82355,12.777,0.046
4731.83532,12.593,0.049
4733.86162,12.619,0.045
4738.88404,12.694,0.041
4740.83876,12.58,0.042
4741.83428,12.675,0.04
4744.8149,12.601,0.048
4747.79929,12.675,0.049
4750.81603,12.557,0.044
4753.78129,12.481,0.042
4754.80728,12.509,0.046
4756.77203,12.711,0.057
4757.80572,12.529,0.045
4759.77026,12.755,0.041
4760.79533,12.597,0.048
4762.75791,12.665,0.041
4763.79225,12.617,0.046
4765.74815,12.604,0.042
4766.78272,12.57,0.043
4768.73724,12.597,0.04
4769.77301,12.593,0.044
4770.79894,12.667,0.042
4772.76808,12.621,0.048
4773.73665,12.581,0.045
4775.74745,12.619,0.044
4776.71504,12.571,0.042
4778.74454,12.529,0.05
4782.72604,12.564,0.048
4782.74475,12.493,0.049
4786.70057,12.667,0.04
4786.7324,12.602,0.047
4792.68471,12.604,0.045
4792.72566,12.67,0.045
4794.80952,12.562,0.049
4795.70863,12.667,0.051
4798.70739,12.617,0.045
4801.69117,12.597,0.049
4803.65359,12.853,0.052
4804.67507,12.742,0.047
4805.756,12.647,0.038
4806.76733,12.759,0.042
4808.62249,12.692,0.047
4809.66634,12.821,0.043
4810.68351,12.819,0.042
4813.70556,12.68,0.04
4815.64233,12.959,0.052
4818.70141,12.754,0.051
4819.67389,12.814,0.041
4821.63318,12.777,0.059
4822.64863,13.048,0.057
4823.7286,12.795,0.067
4824.74959,12.915,0.041
4826.70331,12.852,0.049
4827.67913,13.172,0.048
4829.64235,12.891,0.049
4829.75288,12.863,0.046
4834.6065,12.827,0.053
4836.68036,12.938,0.056
4837.61851,12.871,0.043
4838.74519,12.908,0.05
4839.65381,12.813,0.045
4843.65654,12.969,0.045
4843.78962,12.862,0.053
4846.65011,12.906,0.06
4846.74697,12.931,0.065
4848.75138,13.016,0.046
4849.63769,13.011,0.055
4857.55982,13.072,0.049
4860.58546,12.999,0.047
4865.60764,13.13,0.047
4868.62862,13.008,0.045
4868.72831,13.002,0.043
4870.72659,13.189,0.05
4876.66487,13.136,0.06
4879.60849,13.085,0.043
4881.59112,13.07,0.054
4881.65622,13.391,0.059
4883.65699,13.258,0.059
4884.6136,13.495,0.045
4892.65096,13.34,0.057
4893.66433,13.377,0.07
4917.53123,13.439,0.054
4919.59107,13.419,0.06
4920.55065,13.708,0.051
5021.92974,13.062,0.053
5040.93807,13.088,0.052
5048.88792,12.948,0.05
5084.86713,12.925,0.056
5086.85946,13.313,0.044
5087.89084,13.034,0.051
5093.84281,13.073,0.062
5098.79267,13.068,0.045
5098.83461,13.156,0.054
5104.87631,13.285,0.057
5113.7984,13.233,0.051
5116.84905,13.194,0.052
5122.86995,13.306,0.056
5135.80612,13.226,0.048
5154.78984,13.404,0.06
5157.67777,13.181,0.047
5157.71732,13.432,0.059
5163.69366,13.151,0.059
5165.72771,13.513,0.052
