1869.71038,10.461,0.039
1870.71796,10.572,0.04
1871.71726,10.639,0.04
1872.71321,10.601,0.041
1873.71521,10.56,0.034
1873.73295,10.569,0.037
1874.70678,10.44,0.04
1874.73405,10.468,0.038
1875.70229,10.509,0.036
1875.72244,10.471,0.034
1876.70335,10.599,0.037
1876.72358,10.606,0.034
1877.7242,10.693,0.033
1879.69686,10.526,0.035
1881.68763,10.513,0.033
1884.67148,10.61,0.036
1885.68395,10.481,0.03
1886.68083,10.452,0.033
1886.69653,10.434,0.031
1887.67389,10.514,0.035
1887.68965,10.604,0.033
1888.67331,10.601,0.036
1899.6493,10.594,0.033
1902.63621,10.463,0.032
1904.63328,10.548,0.037
1913.61131,10.55,0.034
1921.57669,10.5,0.032
1926.57802,10.48,0.032
1941.62482,10.612,0.029
1948.56827,10.456,0.035
1950.56697,10.593,0.032
1953.5502,10.511,0.029
1954.58857,10.415,0.033
1955.56124,10.553,0.029
1959.54125,10.531,0.027
1964.57336,10.594,0.028
1967.52435,10.578,0.029
1979.50873,10.686,0.037
1982.53107,10.44,0.033
2104.93782,10.664,0.042
2115.91029,10.617,0.036
2115.93796,10.605,0.036
2117.92076,10.477,0.043
2128.91934,10.493,0.039
2129.90074,10.5,0.038
2130.89824,10.527,0.039
2131.90698,10.512,0.04
2132.89329,10.612,0.042
2133.90784,10.607,0.035
2134.89287,10.487,0.042
2135.9044,10.53,0.053
2136.89382,10.539,0.035
2140.90912,10.51,0.059
2143.89553,10.547,0.043
2144.88488,10.658,0.044
2151.88943,10.527,0.06
2151.90924,10.466,0.055
2166.88913,10.559,0.036
2168.84031,10.478,0.036
2171.83575,10.491,0.035
2173.81592,10.572,0.035
2183.81348,10.547,0.037
2183.83778,10.563,0.035
2184.8152,10.611,0.043
2192.82568,10.498,0.034
2196.78517,10.525,0.042
2201.75768,10.612,0.049
2202.79359,10.488,0.035
2206.74742,10.607,0.035
2208.77437,10.542,0.057
2212.73917,10.632,0.036
2213.74686,10.505,0.037
2214.75184,10.484,0.039
2219.69639,10.507,0.036
2224.73679,10.559,0.033
2232.71965,10.522,0.04
2235.71203,10.596,0.032
2236.71154,10.492,0.037
2239.70137,10.521,0.038
2247.66671,10.553,0.045
2499.89765,10.531,0.03
2502.88839,10.605,0.031
2521.87829,10.558,0.031
2539.80037,10.479,0.05
2539.81792,10.517,0.056
2552.78358,10.584,0.026
2553.82736,10.568,0.053
2556.84728,10.466,0.048
2559.77577,10.593,0.025
2560.80418,10.597,0.026
2561.76737,10.526,0.031
2562.88361,10.464,0.029
2577.84375,10.623,0.028
2621.69813,10.5,0.026
2621.71181,10.492,0.026
2623.64309,10.561,0.029
2623.67771,10.588,0.028
2625.64477,10.457,0.029
2625.66544,10.471,0.029
2627.7933,10.502,0.033
2629.78553,10.479,0.032
2634.77445,10.603,0.027
2638.68485,10.54,0.028
2638.77832,10.512,0.027
2640.68285,10.556,0.027
2642.68064,10.483,0.027
2644.67649,10.527,0.029
2645.65136,10.644,0.026
2647.63182,10.386,0.029
2649.64527,10.482,0.028
2651.6246,10.615,0.027
2651.79312,10.594,0.028
2653.63635,10.463,0.028
2655.6494,10.757,0.031
2655.74418,10.488,0.035
2658.70211,10.422,0.028
2660.55138,10.531,0.027
2664.57957,10.451,0.028
2666.57692,10.544,0.03
2668.58258,10.608,0.026
2670.57797,10.462,0.035
2672.58088,10.504,0.028
2674.56856,10.619,0.03
2676.56197,10.49,0.032
2678.5542,10.517,0.037
2680.55923,10.565,0.034
2684.57898,10.49,0.036
2686.58528,10.508,0.036
2686.65953,10.498,0.033
2688.58289,10.521,0.03
2690.5816,10.535,0.033
2694.58065,10.535,0.026
2694.64459,10.499,0.027
2696.57814,10.601,0.029
2698.57503,10.472,0.029
2700.57687,10.505,0.03
2702.56859,10.626,0.03
2704.55717,10.473,0.029
2706.54111,10.497,0.028
2710.5295,10.498,0.029
2712.54082,10.49,0.03
2714.54633,10.532,0.031
2717.54376,10.533,0.031
2720.53461,10.514,0.028
2722.53384,10.548,0.028
2724.53193,10.52,0.026
2726.5302,10.481,0.028
2728.5283,10.54,0.027
2730.5242,10.599,0.031
2734.50904,10.512,0.029
2736.49382,10.614,0.028
2738.53524,10.479,0.032
2741.50674,10.516,0.029
2743.50426,10.512,0.032
2745.51667,10.539,0.059
2750.50663,10.543,0.027
2754.4727,10.52,0.049
2756.48133,10.567,0.035
2764.46368,10.593,0.029
2840.93777,10.498,0.037
2854.92265,10.531,0.026
2876.88015,10.467,0.03
2884.85507,10.555,0.03
2893.83373,10.439,0.034
2906.82279,10.594,0.026
2910.82595,10.427,0.026
2910.85524,10.398,0.026
2912.82946,10.578,0.033
2922.76397,10.475,0.033
2923.82896,10.534,0.028
2927.75923,10.427,0.029
2929.78677,10.559,0.029
2931.82927,10.495,0.029
2935.82862,10.588,0.03
2939.80158,10.485,0.025
2939.81903,10.496,0.024
2943.75279,10.453,0.026
2945.7481,10.494,0.033
2946.73444,10.551,0.028
2949.77968,10.428,0.028
2952.73931,10.498,0.035
2957.72752,10.559,0.056
2962.71774,10.456,0.031
2964.75255,10.512,0.029
2966.76553,10.42,0.036
2968.8022,10.564,0.033
2974.68356,10.544,0.028
2976.72242,10.461,0.032
2978.70336,10.419,0.029
2980.72336,10.573,0.031
2982.73476,10.444,0.04
2984.77503,10.397,0.034
2987.65222,10.52,0.026
2989.70169,10.385,0.028
2991.72077,10.541,0.028
2994.70472,10.39,0.024
2996.62279,10.475,0.031
3001.67015,10.407,0.027
3005.64791,10.421,0.029
3007.65037,10.476,0.027
3009.55783,10.456,0.058
3009.56016,10.525,0.035
3009.56257,10.536,0.035
3009.56496,10.545,0.036
3009.56735,10.54,0.033
3009.56973,10.519,0.032
3009.57212,10.531,0.031
3009.57453,10.511,0.031
3009.57692,10.47,0.033
3009.57931,10.5,0.032
3009.5844,10.513,0.031
3009.58956,10.518,0.032
3009.59456,10.501,0.032
3009.59962,10.528,0.032
3009.60683,10.553,0.043
3009.60916,10.473,0.031
3009.61448,10.502,0.031
3009.61687,10.515,0.028
3009.61925,10.497,0.029
3009.62163,10.553,0.031
3009.624,10.513,0.031
3009.62641,10.5,0.03
3009.62878,10.511,0.031
3009.63117,10.505,0.032
3009.69582,10.467,0.036
3011.69366,10.383,0.035
3016.70868,10.445,0.032
3018.70402,10.386,0.055
3023.59524,10.348,0.028
3025.72092,10.51,0.031
3029.72121,10.398,0.052
3034.61235,10.382,0.029
3036.66896,10.545,0.032
3043.61935,10.542,0.034
3045.64821,10.369,0.032
3048.62443,10.54,0.035
3051.60101,10.357,0.047
3053.65165,10.458,0.03
3056.55997,10.492,0.042
3058.65457,10.445,0.056
3063.5789,10.412,0.055
3069.56147,10.45,0.033
3071.57783,10.52,0.034
3074.58314,10.427,0.033
3077.52829,10.541,0.03
3079.56148,10.417,0.036
3081.5848,10.425,0.028
3085.5867,10.408,0.035
3088.53361,10.489,0.035
3090.53554,10.433,0.033
3092.55356,10.426,0.03
3096.55452,10.431,0.033
3102.4934,10.414,0.032
3104.5109,10.5,0.053
3107.49802,10.408,0.028
3109.51444,10.455,0.03
3112.48288,10.501,0.032
3115.48218,10.458,0.033
3122.46491,10.501,0.032
3126.47144,10.457,0.035
3270.83406,10.609,0.033
3272.8731,10.424,0.033
3276.87318,10.57,0.038
3279.84407,10.475,0.032
3294.87991,10.44,0.029
3298.79796,10.613,0.03
3298.82941,10.803,0.028
3358.66731,10.491,0.033
3365.68715,10.502,0.057
3382.61433,10.496,0.044
3382.63717,10.51,0.051
3386.75114,10.5,0.049
3389.59898,10.653,0.05
3389.60583,10.648,0.036
3395.6415,10.61,0.042
3397.68089,10.429,0.039
3397.6895,10.442,0.045
3398.60865,10.494,0.04
3399.72944,10.469,0.046
3400.59876,10.627,0.044
3405.6857,10.514,0.037
3406.64684,10.591,0.042
3408.55393,10.462,0.041
3410.59461,10.502,0.053
3412.65095,10.655,0.04
3414.64767,10.498,0.037
3415.62249,10.482,0.037
3416.64477,10.493,0.047
3417.63055,10.591,0.039
3418.66128,10.61,0.044
3419.62095,10.689,0.043
3421.648,10.492,0.042
3425.5879,10.493,0.05
3425.66104,10.454,0.048
3427.58051,10.48,0.051
3431.59471,10.448,0.043
3433.59365,10.526,0.047
3436.59548,10.486,0.036
3439.58657,10.492,0.04
3442.57731,10.478,0.033
3444.59675,10.465,0.051
3447.55269,10.569,0.056
3447.59844,10.492,0.04
3448.56558,10.443,0.059
3450.55914,10.448,0.053
3453.54389,10.444,0.046
3454.57291,10.435,0.041
3457.50779,10.619,0.05
3459.5281,10.476,0.04
3461.53654,10.478,0.057
3463.53251,10.564,0.043
3466.51928,10.497,0.033
3469.5278,10.588,0.032
3472.50513,10.432,0.041
3474.51367,10.544,0.048
3478.48691,10.422,0.037
3481.49888,10.591,0.043
3490.47444,10.443,0.049
3590.93416,10.359,0.038
3591.93032,10.394,0.04
3592.91152,10.547,0.033
3603.92112,10.477,0.041
3619.8666,10.436,0.033
3619.87521,10.433,0.031
3619.89307,10.414,0.034
3625.89896,10.557,0.033
3626.87729,10.542,0.031
3629.8474,10.456,0.034
3630.85796,10.669,0.037
3633.84577,10.531,0.035
3633.84752,10.488,0.036
3636.87984,10.461,0.035
3639.86614,10.598,0.033
3640.84637,10.517,0.032
3641.86587,10.422,0.03
3644.84589,10.566,0.043
3646.86873,10.489,0.03
3647.84827,10.436,0.029
3647.88831,10.435,0.033
3648.83585,10.492,0.055
3651.82734,10.615,0.044
3651.851,10.463,0.04
3652.8291,10.45,0.034
3653.82254,10.416,0.041
3654.84145,10.488,0.034
3655.79563,10.552,0.037
3655.79894,10.539,0.035
3657.82707,10.482,0.035
3658.77001,10.447,0.034
3658.79935,10.469,0.034
3658.80496,10.447,0.038
3660.82415,10.52,0.038
3661.79967,10.628,0.04
3661.8091,10.512,0.039
3661.82684,10.541,0.04
3663.81893,10.507,0.038
3664.78702,10.411,0.037
3664.84179,10.426,0.034
3666.81419,10.518,0.037
3668.79625,10.546,0.03
3671.78001,10.493,0.035
3671.78278,10.489,0.031
3671.7995,10.446,0.036
3673.78483,10.524,0.031
3674.77284,10.536,0.035
3674.77561,10.486,0.033
3677.76071,10.484,0.039
3677.76349,10.466,0.031
3677.77762,10.5,0.04
3680.78589,10.38,0.029
3700.72608,10.465,0.035
3700.79107,10.545,0.042
3703.71303,10.482,0.034
3703.7278,10.472,0.031
3705.71003,10.505,0.043
3706.68659,10.577,0.04
3706.7094,10.814,0.04
3708.6802,10.528,0.038
3708.69952,10.48,0.039
3711.7132,10.499,0.039
3711.74282,10.664,0.03
3712.70634,10.546,0.032
3712.73162,10.566,0.034
3713.70487,10.621,0.033
3713.71596,10.499,0.032
3716.6472,10.366,0.035
3716.66884,10.41,0.034
3716.78015,10.495,0.04
3718.70214,10.52,0.058
3718.71027,10.71,0.038
3720.81315,10.478,0.049
3725.71918,10.533,0.045
3726.64464,10.499,0.041
3726.65997,10.427,0.032
3726.78322,10.386,0.04
3727.7886,10.421,0.052
3728.72958,10.547,0.056
3728.73989,10.481,0.048
3732.6592,10.397,0.046
3732.66884,10.406,0.04
3735.65786,10.447,0.052
3735.6703,10.591,0.036
3735.77302,10.56,0.036
3737.78053,10.485,0.038
3737.79541,10.469,0.035
3740.58857,10.534,0.046
3742.687,10.563,0.037
3742.72487,10.516,0.035
3745.64384,10.503,0.037
3747.62059,10.448,0.043
3747.71151,10.497,0.046
3749.71841,10.394,0.055
3750.62161,10.46,0.045
3752.55224,10.561,0.05
3752.55469,10.531,0.047
3752.55797,10.566,0.045
3752.56049,10.552,0.042
3752.56297,10.571,0.04
3752.5654,10.539,0.045
3752.56787,10.522,0.044
3752.57461,10.489,0.049
3752.58088,10.532,0.043
3752.58696,10.554,0.054
3752.59332,10.532,0.043
3752.60879,10.549,0.05
3752.62339,10.539,0.049
3752.6502,10.537,0.04
3752.67937,10.55,0.039
3752.68151,10.583,0.046
3752.70862,10.575,0.046
3752.73834,10.572,0.049
3752.76775,10.52,0.05
3754.73964,10.424,0.047
3754.74194,10.472,0.042
3754.75491,10.502,0.047
3755.69886,10.411,0.044
3757.61132,10.518,0.042
3757.75576,10.531,0.042
3759.67539,10.595,0.047
3762.62414,10.491,0.05
3764.68645,10.546,0.045
3767.60334,10.434,0.05
3767.69165,10.417,0.049
3769.67931,10.567,0.053
3771.72199,10.485,0.047
3772.57413,10.408,0.044
3774.66916,10.575,0.053
3774.7223,10.573,0.049
3779.60117,10.456,0.049
3787.55645,10.563,0.054
3789.62293,10.391,0.044
3789.62618,10.355,0.038
3791.64838,10.473,0.042
3791.65165,10.548,0.038
3794.60334,10.44,0.044
3794.6066,10.461,0.039
3795.6183,10.406,0.036
3796.63236,10.472,0.035
3796.63564,10.426,0.033
3799.56551,10.522,0.047
3799.56879,10.539,0.04
3801.61306,10.456,0.049
3801.61635,10.401,0.043
3804.55367,10.532,0.047
3804.55787,10.544,0.044
3806.56822,10.446,0.048
3806.57162,10.292,0.054
3809.59534,10.578,0.05
3809.59862,10.519,0.042
3811.59942,10.431,0.049
3811.60274,10.408,0.044
3813.6111,10.482,0.041
3814.53311,10.515,0.053
3817.51515,10.455,0.047
3818.58416,10.424,0.035
3819.55807,10.497,0.048
3820.59981,10.593,0.038
3822.52574,10.542,0.041
3823.53867,10.302,0.043
3825.51035,10.538,0.058
3825.56923,10.557,0.049
3827.52613,10.557,0.046
3830.51485,10.443,0.044
3832.53541,10.574,0.043
3835.50385,10.449,0.049
3837.51524,10.545,0.048
3848.47488,10.572,0.046
3850.50727,10.51,0.04
3851.4777,10.437,0.048
3853.48543,10.473,0.031
3854.47491,10.511,0.044
3860.45729,10.482,0.062
3860.48307,10.546,0.045
3983.86501,10.466,0.04
4090.66892,10.351,0.031
4103.71165,10.454,0.041
4103.71444,10.571,0.045
4105.78499,10.51,0.042
4105.79443,10.605,0.043
4109.6089,10.474,0.032
4126.59916,10.509,0.031
4126.70641,10.591,0.048
4128.71594,10.537,0.034
4130.63175,10.39,0.041
4132.63625,10.505,0.048
4134.65737,10.481,0.039
4139.6382,10.569,0.031
4140.67372,10.405,0.037
4141.65866,10.385,0.042
4142.70214,10.463,0.033
4143.67502,10.526,0.04
4145.59271,10.475,0.038
4147.65499,10.386,0.05
4153.60504,10.406,0.034
4155.61946,10.559,0.032
4157.65753,10.392,0.036
4159.64942,10.432,0.034
4164.55757,10.435,0.039
4165.63328,10.484,0.046
4166.63202,10.519,0.051
4172.55314,10.578,0.05
4172.60284,10.588,0.041
4174.57236,10.462,0.038
4174.61319,10.405,0.048
4177.60999,10.494,0.044
4180.56704,10.446,0.038
4189.49652,10.514,0.026
4191.52921,10.43,0.031
4191.54956,10.416,0.047
4193.54582,10.532,0.047
4197.52072,10.742,0.046
4204.5128,10.549,0.034
4216.47679,10.457,0.032
4228.46089,10.489,0.031
4230.45424,10.472,0.036
4231.45731,10.428,0.04
4236.45546,10.422,0.055
4332.9039,10.455,0.052
4339.91356,10.503,0.043
4343.88515,10.453,0.048
4347.89523,10.555,0.04
4354.88755,10.501,0.031
4358.87612,10.578,0.032
4362.86735,10.515,0.031
4365.87723,10.457,0.029
4369.83927,10.546,0.037
4372.86637,10.432,0.041
4373.84964,10.456,0.032
4377.84363,10.496,0.036
4381.82612,10.6,0.039
4383.83893,10.422,0.037
4385.82597,10.485,0.031
4398.85257,10.506,0.042
4402.81459,10.515,0.035
4406.82663,10.484,0.047
4406.83142,10.438,0.05
4409.78616,10.508,0.047
4412.82614,10.432,0.036
4418.80029,10.448,0.032
4421.779,10.402,0.036
4424.82477,10.474,0.034
4426.82182,10.545,0.05
4427.81111,10.424,0.039
4429.72807,10.467,0.036
4430.72548,10.5,0.037
4432.7159,10.527,0.03
4432.78094,10.491,0.03
4435.71105,10.484,0.027
4437.69919,10.527,0.029
4438.6989,10.509,0.034
4440.7104,10.416,0.031
4440.79941,10.465,0.034
4456.71481,10.377,0.052
4456.72316,10.497,0.053
4459.64175,10.491,0.039
4461.73214,10.502,0.031
4461.73503,10.704,0.036
4464.62919,10.477,0.035
4466.73034,10.427,0.036
4469.64352,10.499,0.035
4472.72081,10.419,0.049
4475.62186,10.513,0.033
4478.63224,10.456,0.034
4480.69156,10.48,0.045
4480.74312,10.421,0.046
4484.63111,10.468,0.032
4487.67427,10.661,0.042
4488.73926,10.231,0.051
4489.74133,10.497,0.038
4491.58483,10.586,0.032
4493.64024,10.514,0.029
4499.63298,10.515,0.033
4501.70756,10.46,0.039
4502.60448,10.397,0.038
4504.66606,10.593,0.045
4507.56697,10.415,0.049
4512.563,10.506,0.047
4516.67592,10.508,0.05
4518.56957,10.481,0.036
4520.60572,10.479,0.028
4522.61195,10.494,0.046
4523.62983,10.546,0.041
4524.61221,10.469,0.029
4525.64646,10.429,0.044
4526.64397,10.497,0.043
4529.56952,10.527,0.052
4530.63683,10.439,0.037
4532.56179,10.454,0.033
4535.55483,10.443,0.037
4536.61006,10.443,0.038
4537.61766,10.488,0.036
4539.62095,10.426,0.063
4542.55154,10.431,0.04
4546.59647,10.514,0.052
4548.59374,10.454,0.041
4551.58617,10.491,0.033
4554.54452,10.533,0.037
4558.57055,10.406,0.031
4561.55231,10.543,0.036
4564.52166,10.456,0.034
4566.54495,10.475,0.045
4569.50947,10.475,0.042
4571.53302,10.505,0.036
4574.51053,10.482,0.041
4579.46983,10.513,0.037
4583.47134,10.535,0.039
4588.47805,10.482,0.035
4591.46586,10.48,0.036
4594.46605,10.487,0.039
4597.46019,10.451,0.035
4602.45362,10.501,0.045
4686.93132,10.533,0.033
4700.9061,10.47,0.032
4705.90482,10.489,0.03
4709.89202,10.556,0.037
4719.89167,10.615,0.054
4726.8702,10.542,0.031
4730.86431,10.518,0.031
4730.87328,10.546,0.031
4734.88942,10.457,0.03
4741.85058,10.545,0.03
4749.84251,10.599,0.037
4749.85456,10.616,0.038
4752.83836,10.531,0.031
4758.8679,10.551,0.033
4761.83617,10.523,0.032
4764.82082,10.52,0.033
4767.79867,10.468,0.03
4770.78863,10.532,0.029
4773.77743,10.492,0.031
4776.77587,10.533,0.03
4779.74643,10.717,0.034
4779.76557,10.456,0.039
4783.75643,10.511,0.043
4783.76625,10.581,0.046
4786.79118,10.443,0.034
4792.74557,10.461,0.032
4792.74845,10.629,0.031
4795.73211,10.562,0.036
4795.73509,10.5,0.036
4798.72982,10.466,0.034
4798.7376,10.541,0.032
4801.71193,10.491,0.03
4801.72309,10.54,0.032
4804.71108,10.495,0.032
4807.6774,10.67,0.031
4807.68994,10.531,0.036
4809.74307,10.499,0.032
4809.75784,10.506,0.037
4813.71955,10.501,0.042
4815.66826,10.466,0.045
4816.67338,10.494,0.041
4818.7233,10.471,0.032
4819.70539,10.452,0.036
4822.68807,10.54,0.038
4826.72994,10.454,0.035
4827.81633,10.567,0.044
4829.65264,10.539,0.032
4831.80787,10.424,0.039
4834.62072,10.551,0.037
4836.69374,10.394,0.037
4843.76587,10.418,0.043
4846.71931,10.513,0.036
4849.62535,10.476,0.037
4857.68338,10.583,0.039
4861.58959,10.522,0.054
4863.64834,10.589,0.061
4869.62544,10.47,0.058
4871.67936,10.445,0.044
4877.60206,10.538,0.056
4880.60787,10.573,0.039
4882.66686,10.473,0.041
4888.668,10.452,0.055
4893.64379,10.445,0.05
4903.56666,10.469,0.055
4914.53968,10.507,0.048
4919.55056,10.56,0.056
4924.49618,10.47,0.058
5132.79713,10.402,0.049
5148.76462,10.581,0.051
5148.77402,10.602,0.057
5154.78148,10.527,0.049
5157.73145,10.455,0.044
5157.73508,10.442,0.049
5160.7482,10.545,0.061
5163.71262,10.647,0.058
5166.72808,10.45,0.058
