1868.73571,10.041,0.032
1869.72818,10.121,0.034
1870.71796,10.208,0.04
1870.73595,10.206,0.036
1872.73833,10.218,0.036
1873.73295,10.144,0.037
1874.73405,10.191,0.038
1875.72244,10.123,0.034
1876.72358,10.435,0.034
1877.7242,10.317,0.033
1878.72536,10.322,0.029
1879.71462,10.532,0.03
1880.70408,10.427,0.04
1881.70771,10.433,0.031
1884.68938,10.333,0.032
1885.70408,10.342,0.029
1886.69653,10.398,0.031
1887.68965,10.482,0.033
1889.69024,10.266,0.036
1899.66744,10.438,0.029
1902.65435,10.69,0.031
1904.65596,10.806,0.031
1905.65593,11.234,0.032
1906.64661,11.117,0.03
1908.6462,10.817,0.031
1913.61131,10.015,0.034
1913.62738,10.024,0.03
1918.62343,9.998,0.035
1921.57669,10.017,0.032
1926.57802,10.138,0.032
1928.58725,10.321,0.028
1936.56723,9.927,0.027
1941.62482,10.711,0.029
1948.56827,10.117,0.035
1949.61973,10.105,0.031
1950.56697,10.076,0.032
1953.5502,10.016,0.029
1954.58857,9.955,0.033
1955.56124,9.911,0.029
1959.54125,9.866,0.027
1961.57478,9.792,0.027
1964.57336,9.709,0.028
1966.5625,9.792,0.028
1967.52435,9.783,0.029
1968.5453,9.813,0.031
1979.50873,10.413,0.037
1982.50425,10.258,0.03
1982.53107,10.243,0.033
1985.54665,10.456,0.037
1995.49043,11.131,0.042
1995.51519,11.153,0.052
2115.93796,9.706,0.036
2129.90074,10.017,0.038
2131.90698,9.892,0.04
2133.90784,10.108,0.035
2135.9044,10.291,0.053
2140.91094,10.213,0.047
2143.89553,10.217,0.043
2151.90924,10.271,0.055
2166.88229,9.953,0.039
2166.88913,9.924,0.036
2166.89983,9.952,0.032
2172.83334,9.954,0.036
2183.83778,9.951,0.035
2184.8152,9.825,0.043
2184.84984,9.891,0.037
2186.81356,10.344,0.056
2186.86033,10.328,0.037
2188.8375,10.401,0.037
2191.79085,10.273,0.032
2192.76324,10.238,0.04
2192.82096,10.134,0.035
2192.82568,10.13,0.034
2192.85218,10.119,0.029
2194.78468,10,0.045
2196.76198,9.963,0.042
2196.78517,9.902,0.042
2196.80517,9.942,0.045
2201.75051,10.538,0.033
2201.75768,10.515,0.049
2202.79119,10.46,0.035
2202.79359,10.482,0.035
2206.74742,10.593,0.035
2208.77437,10.281,0.057
2212.73917,10.539,0.036
2213.74686,10.694,0.037
2214.747,10.627,0.036
2214.75184,10.633,0.039
2215.7631,10.438,0.038
2216.74867,10.351,0.041
2217.75524,10.384,0.038
2219.69639,10.097,0.036
2224.72753,10.252,0.038
2224.73679,10.248,0.033
2225.76044,10.441,0.037
2226.73822,10.308,0.038
2228.72609,10.584,0.037
2229.72876,10.558,0.038
2230.72409,10.52,0.036
2232.71712,10.526,0.036
2232.71965,10.488,0.04
2233.71979,10.578,0.037
2234.71304,10.59,0.037
2235.70948,10.614,0.035
2235.71203,10.505,0.032
2236.70671,10.589,0.041
2236.71154,10.555,0.037
2237.71022,10.598,0.04
2239.69881,10.613,0.042
2239.70137,10.554,0.038
2240.69931,10.576,0.042
2241.7027,10.626,0.041
2242.69565,10.687,0.047
2243.69588,10.89,0.046
2244.73059,10.764,0.049
2247.68691,10.837,0.044
2247.7136,10.888,0.048
2248.71133,10.899,0.045
2249.70793,10.665,0.04
2250.70636,10.569,0.039
2251.70742,10.64,0.041
2252.69966,10.536,0.041
2253.69666,10.44,0.041
2254.67947,10.449,0.043
2254.69748,10.511,0.04
2255.68711,10.561,0.041
2256.68594,11.308,0.045
2257.68667,11.392,0.045
2258.69044,10.577,0.045
2260.66223,10.512,0.051
2260.67813,10.529,0.044
2262.6794,10.868,0.049
2263.66868,10.598,0.049
2265.66752,10.711,0.055
2266.66272,10.863,0.057
2488.93546,10.745,0.043
2499.89765,10.131,0.03
2499.9086,10.092,0.029
2502.88839,10.155,0.031
2502.90839,10.157,0.031
2521.87829,10.45,0.031
2539.81792,10.428,0.056
2553.82736,10.743,0.053
2556.84728,10.864,0.048
2558.80701,10.945,0.025
2560.80418,11.089,0.026
2562.7848,11.155,0.028
2564.7866,10.94,0.025
2621.71181,10.501,0.026
2623.67771,10.383,0.028
2625.66544,10.411,0.029
2630.8351,10.275,0.035
2634.77445,10.31,0.027
2636.78923,10.274,0.031
2638.77832,10.202,0.027
2643.60892,10.311,0.025
2645.65136,10.312,0.026
2647.63182,10.527,0.029
2649.64527,10.432,0.028
2650.61041,10.275,0.024
2651.6246,10.158,0.027
2651.79312,10.142,0.028
2653.63635,10.116,0.028
2655.74418,10.078,0.035
2658.70211,10.238,0.028
2660.55138,10.297,0.027
2662.69425,10.579,0.029
2664.57957,10.635,0.028
2664.6855,10.597,0.027
2666.57692,11.01,0.03
2666.68295,10.895,0.028
2668.58258,10.527,0.026
2668.68853,10.544,0.026
2670.57797,10.549,0.035
2670.68166,10.56,0.027
2672.58088,10.538,0.028
2672.68227,10.524,0.028
2674.56856,10.42,0.03
2674.66993,10.441,0.027
2676.56197,10.268,0.032
2676.6561,10.278,0.026
2678.5542,10.208,0.037
2678.64141,10.206,0.025
2680.55923,10.206,0.034
2680.63954,10.222,0.027
2684.57898,10.023,0.036
2684.64309,9.989,0.034
2686.65953,10.012,0.033
2688.58289,10.131,0.03
2688.64747,10.116,0.033
2690.5816,10.206,0.033
2690.64627,10.217,0.029
2692.64097,10.068,0.032
2694.58065,10.078,0.026
2694.64459,10.06,0.027
2696.57814,10.029,0.029
2696.65686,10.03,0.027
2698.57503,10.057,0.029
2698.63225,10.038,0.029
2700.57687,10.103,0.03
2700.63054,10.112,0.028
2702.56859,10.069,0.03
2702.62259,10.072,0.027
2704.55717,10.058,0.029
2704.60976,10.036,0.028
2706.54111,10.093,0.028
2706.5915,10.068,0.029
2710.5295,10.073,0.029
2710.56515,10.063,0.026
2712.54082,10.056,0.03
2714.54633,9.992,0.031
2717.54376,10.034,0.031
2717.58682,10.009,0.031
2720.53461,9.978,0.028
2720.57089,9.957,0.027
2722.53384,9.951,0.028
2722.56774,9.949,0.026
2724.53193,9.903,0.026
2724.56573,10.174,0.025
2726.5302,9.922,0.028
2726.56399,9.901,0.027
2728.5283,9.967,0.027
2728.55512,9.952,0.027
2730.5242,9.948,0.031
2730.55101,9.941,0.026
2734.50904,9.916,0.029
2734.53591,9.927,0.028
2736.49382,9.887,0.028
2736.52061,9.973,0.028
2738.53524,9.887,0.032
2738.54743,9.874,0.03
2740.54268,9.903,0.031
2741.50674,9.905,0.029
2742.54399,9.926,0.028
2743.50426,9.919,0.032
2745.49167,9.89,0.035
2745.51667,9.921,0.059
2750.50663,9.925,0.027
2750.51241,9.916,0.026
2752.51176,9.98,0.027
2754.4727,10.027,0.049
2756.48133,10.118,0.035
2758.47049,10.164,0.052
2761.4647,10.007,0.029
2763.46769,10.103,0.027
2764.46368,10.09,0.029
2770.46646,10.873,0.029
2776.45671,10.876,0.032
2840.93777,10.037,0.037
2854.92265,10.537,0.026
2862.92391,10.799,0.032
2876.88015,10.462,0.03
2884.85507,10.04,0.03
2884.87745,10.012,0.029
2893.83373,10.071,0.034
2893.85844,10.045,0.033
2896.84866,10.008,0.029
2899.86964,10.009,0.026
2903.89028,10.019,0.028
2906.82279,10.023,0.026
2910.85524,10.04,0.026
2912.82946,10.04,0.033
2912.86319,9.991,0.024
2921.85645,10.525,0.041
2923.82896,10.238,0.028
2927.75923,10.183,0.029
2929.78677,10.098,0.029
2931.7948,10.076,0.028
2934.80141,10.213,0.026
2939.81903,10.016,0.024
2943.7794,10.104,0.027
2945.7481,10.08,0.033
2946.73444,10.087,0.028
2949.77968,10.034,0.028
2950.74486,10.154,0.03
2952.73931,10.014,0.035
2952.81117,9.988,0.037
2955.75815,10.007,0.028
2961.73897,10.086,0.027
2962.71774,10.025,0.031
2964.75255,10.048,0.029
2965.81314,10.141,0.032
2966.76553,10.028,0.036
2968.7194,9.97,0.025
2968.8022,9.948,0.033
2971.70742,10.025,0.029
2974.68356,10.013,0.028
2976.72242,9.959,0.032
2978.70336,10.027,0.029
2980.72336,10.71,0.031
2980.74548,10.678,0.045
2982.73476,10.239,0.04
2982.75752,10.238,0.037
2985.67793,10.045,0.027
2987.65222,10.017,0.026
2987.72299,10.03,0.026
2989.70169,10.018,0.028
2989.77832,9.999,0.027
2991.72077,10.085,0.028
2994.70472,10.284,0.024
2996.62279,10.098,0.031
2996.69851,10.082,0.037
3001.67015,10.274,0.027
3001.69326,10.238,0.026
3005.64791,10.125,0.029
3005.67615,10.105,0.025
3007.65037,10.208,0.027
3007.68282,10.173,0.028
3009.55783,10.417,0.058
3009.56016,10.36,0.035
3009.56257,10.333,0.035
3009.56496,10.335,0.036
3009.56735,10.365,0.033
3009.56973,10.357,0.032
3009.57212,10.385,0.031
3009.57453,10.397,0.031
3009.57692,10.483,0.033
3009.57931,10.386,0.032
3009.5844,10.369,0.031
3009.58956,10.349,0.032
3009.59456,10.359,0.032
3009.59962,10.371,0.032
3009.60683,10.401,0.043
3009.60916,10.34,0.031
3009.61448,10.37,0.031
3009.61687,10.354,0.028
3009.61925,10.322,0.029
3009.62163,10.306,0.031
3009.624,10.301,0.031
3009.62641,10.326,0.03
3009.62878,10.343,0.031
3009.63117,10.314,0.032
3009.69582,10.441,0.036
3009.71822,10.31,0.03
3011.69366,10.333,0.035
3011.71689,10.294,0.035
3013.76182,10.3,0.035
3016.70868,10.254,0.032
3016.73899,10.21,0.029
3018.70402,10.234,0.055
3023.59524,10.222,0.028
3023.6195,10.181,0.027
3025.72092,10.201,0.031
3025.73421,10.201,0.03
3029.72121,10.2,0.052
3029.73461,10.191,0.03
3034.61235,10.23,0.029
3034.62299,10.2,0.026
3036.66896,10.071,0.032
3036.67699,10.069,0.041
3043.61935,10.03,0.034
3043.62249,10.021,0.032
3045.64821,10.103,0.032
3045.65141,10.097,0.03
3048.62443,10.015,0.035
3048.62766,10.003,0.03
3051.60101,10.016,0.047
3053.65165,10.092,0.03
3055.67329,10.148,0.029
3056.55997,10.158,0.042
3057.69116,10.198,0.04
3058.65457,10.277,0.056
3063.5789,10.511,0.055
3064.62985,10.332,0.032
3067.63919,10.359,0.031
3069.56147,10.416,0.033
3071.57783,10.353,0.034
3074.58314,10.384,0.033
3077.52829,10.578,0.03
3077.58214,10.542,0.031
3079.56148,10.401,0.036
3081.5848,10.326,0.028
3081.61647,10.346,0.029
3085.5867,10.477,0.035
3088.53361,10.452,0.035
3090.53554,10.45,0.033
3092.55356,10.425,0.03
3096.55452,10.407,0.033
3102.4934,10.373,0.032
3104.5109,10.338,0.053
3107.49802,10.325,0.028
3109.51444,10.127,0.03
3112.48288,10.124,0.032
3115.48218,10.145,0.033
3122.46491,10.091,0.032
3126.47144,10.066,0.035
3265.84516,10.484,0.033
3269.84063,10.491,0.026
3272.8731,10.504,0.033
3279.84407,10.71,0.032
3294.87991,10.313,0.029
3298.82941,10.518,0.028
3358.66184,10.187,0.035
3365.68715,10.159,0.057
3382.63717,10.626,0.051
3386.75114,10.357,0.049
3388.72703,10.339,0.04
3394.6886,10.319,0.042
3396.71939,10.188,0.041
3399.58778,10.436,0.033
3404.65115,10.308,0.049
3406.64684,10.013,0.042
3408.66091,10.033,0.047
3411.58476,10.117,0.037
3415.62249,10.04,0.037
3417.63055,10.29,0.039
3419.62095,9.899,0.043
3421.648,9.928,0.042
3425.66104,10.233,0.048
3434.57058,10.318,0.037
3437.55965,10.152,0.03
3440.55194,10.204,0.042
3445.58408,10.624,0.041
3447.59844,10.703,0.04
3448.56558,10.31,0.059
3453.54389,10.505,0.046
3457.50779,10.214,0.05
3457.5509,10.194,0.032
3459.56674,9.991,0.031
3461.53654,10.016,0.057
3462.49165,10.034,0.039
3463.53251,10.112,0.043
3464.55374,10.141,0.047
3468.5033,9.98,0.032
3470.51568,10.004,0.031
3472.5433,10.054,0.038
3475.49296,10.112,0.043
3478.48691,10.323,0.037
3478.49527,10.336,0.031
3481.49888,10.274,0.043
3490.48015,10.559,0.04
3499.47479,10.285,0.04
3502.45933,10.572,0.032
3591.93032,10.315,0.04
3603.90567,10.65,0.037
3619.89307,10.815,0.034
3625.90087,11.287,0.04
3629.85187,10.623,0.034
3633.84752,10.224,0.036
3636.87984,10.276,0.035
3640.84637,10.958,0.032
3644.84589,11.579,0.043
3648.83585,11.824,0.055
3651.851,11.729,0.04
3654.84145,12.174,0.034
3657.82707,11.964,0.035
3660.82415,11.307,0.038
3663.81893,11.715,0.038
3666.81419,11.643,0.037
3670.76868,11.327,0.031
3673.78483,11.559,0.031
3680.78589,12.646,0.029
3700.72608,11.227,0.035
3703.7278,10.57,0.031
3706.7094,11.415,0.04
3711.74282,10.636,0.03
3713.71596,10.708,0.032
3716.66884,11.221,0.034
3718.71027,10.873,0.038
3720.81315,10.793,0.049
3726.65997,10.626,0.032
3728.73989,10.604,0.048
3732.66884,10.972,0.04
3735.6703,12.061,0.036
3737.79541,12.125,0.035
3740.61518,11.364,0.034
3742.72487,11.389,0.035
3745.64384,11.13,0.037
3747.71151,10.921,0.046
3750.62161,11.286,0.045
3752.55224,11.143,0.05
3752.55469,11.093,0.047
3752.55797,11.123,0.045
3752.56049,11.033,0.042
3752.56297,11.088,0.04
3752.5654,11.101,0.045
3752.56787,11.093,0.044
3752.57461,11.091,0.049
3752.58088,11.167,0.043
3752.58696,11.183,0.054
3752.59332,11.11,0.043
3752.60879,11.16,0.05
3752.62339,11.269,0.049
3752.6502,11.266,0.04
3752.67937,11.267,0.039
3752.70862,11.269,0.046
3752.73834,11.372,0.049
3752.76775,11.382,0.05
3753.63813,11.301,0.048
3755.69886,11.818,0.044
3757.75576,11.186,0.042
3760.6355,11.487,0.043
3762.72057,11.126,0.045
3767.69165,10.733,0.049
3770.57287,11.404,0.041
3772.57413,10.782,0.044
3772.65098,10.785,0.049
3774.7223,10.645,0.049
3777.57994,10.737,0.046
3779.61412,11.191,0.049
3787.56386,12.261,0.05
3789.62618,12.505,0.038
3791.65165,12.258,0.038
3794.6066,11.97,0.039
3796.63564,12.357,0.033
3799.56879,11.85,0.04
3801.61635,11.597,0.043
3804.55787,11.189,0.044
3806.57162,10.929,0.054
3809.59862,10.67,0.042
3811.60274,11.193,0.044
3813.6111,10.788,0.041
3816.55253,10.782,0.041
3818.58416,10.398,0.035
3820.59981,10.547,0.038
3823.53867,10.443,0.043
3825.56923,10.291,0.049
3827.52613,10.406,0.046
3828.49349,10.472,0.045
3830.56523,10.211,0.041
3833.50679,10.007,0.047
3835.52828,10.136,0.048
3837.54416,10.025,0.044
3848.47805,10.723,0.041
3850.50727,10.646,0.04
3853.48543,11.656,0.031
3860.45729,10.519,0.062
3860.48307,10.528,0.045
3864.4609,10.439,0.042
3868.45837,10.846,0.041
3871.45219,11.069,0.042
3983.87541,10.664,0.041
4090.66892,10.537,0.031
4103.71165,10.671,0.041
4105.78499,10.437,0.042
4109.6089,11.157,0.032
4126.59916,11.397,0.031
4130.63175,10.798,0.041
4132.63625,11.264,0.048
4134.65737,11.01,0.039
4140.67372,11.752,0.037
4142.70214,11.49,0.033
4145.59271,10.568,0.038
4147.65499,10.402,0.05
4153.60504,10.542,0.034
4155.61946,10.975,0.032
4157.65753,10.974,0.036
4159.64942,10.869,0.034
4164.55757,10.897,0.039
4166.63202,10.862,0.051
4172.60284,11.312,0.041
4174.61319,10.734,0.048
4177.60999,10.665,0.044
4180.56704,11.305,0.038
4189.49652,10.91,0.026
4191.52921,10.699,0.031
4193.54582,10.401,0.047
4197.52072,10.246,0.046
4216.47679,10.04,0.032
4228.46089,10.652,0.031
4231.45731,10.452,0.04
4236.45546,10.628,0.055
4305.937,10.322,0.032
4331.91687,10.824,0.049
4339.90361,11.029,0.03
4343.877,10.456,0.039
4354.88026,10.573,0.026
4358.866,10.814,0.031
4362.85648,11.035,0.031
4365.86886,10.812,0.027
4369.83133,10.798,0.036
4372.86637,10.66,0.041
4376.85193,11.339,0.035
4379.87178,11.41,0.039
4383.83893,11.296,0.037
4386.84154,11.032,0.029
4398.85257,11.18,0.042
4402.81679,10.932,0.033
4406.83142,11.441,0.05
4412.82614,10.722,0.036
4418.80029,10.94,0.032
4421.779,10.632,0.036
4424.82477,10.639,0.034
4427.81111,10.591,0.039
4430.72548,10.659,0.037
4432.78094,10.998,0.03
4435.71105,11.556,0.027
4438.6989,11.463,0.034
4440.79941,11.792,0.034
4456.71481,11.879,0.052
4459.64175,11.216,0.039
4461.73214,11.549,0.031
4464.62919,12.029,0.035
4466.73034,11.894,0.036
4469.64352,11.929,0.035
4472.72081,11.42,0.049
4475.62186,11.437,0.033
4478.63224,11.233,0.034
4480.74312,11.332,0.046
4484.63111,11.183,0.032
4488.73926,10.841,0.051
4491.58483,11.073,0.032
4493.64024,10.904,0.029
4499.63298,10.628,0.033
4502.60448,10.802,0.038
4504.66606,10.783,0.045
4507.56697,10.573,0.049
4512.563,10.48,0.047
4518.56957,10.403,0.036
4520.60572,10.477,0.028
4522.61195,10.407,0.046
4524.61221,10.383,0.029
4526.64397,10.334,0.043
4529.56952,10.367,0.052
4532.56179,10.284,0.033
4535.55483,10.274,0.037
4537.61766,10.279,0.036
4539.62095,10.268,0.063
4542.55154,10.199,0.04
4546.59647,10.288,0.052
4548.59374,10.221,0.041
4551.58617,10.241,0.033
4554.54452,10.242,0.037
4558.57055,10.244,0.031
4561.55231,10.215,0.036
4564.52166,10.206,0.034
4566.54495,10.563,0.045
4569.50947,10.215,0.042
4571.53302,10.162,0.036
4574.51053,10.23,0.041
4579.46983,10.142,0.037
4583.47134,10.108,0.039
4588.47805,10.066,0.035
4591.46586,10.465,0.036
4594.46605,10.028,0.039
4597.46019,9.951,0.035
4602.45362,9.95,0.045
4684.92746,10.128,0.03
4691.90976,10.136,0.03
4703.90693,10.15,0.028
4708.91545,10.14,0.029
4721.87873,10.263,0.028
4726.86503,10.382,0.031
4730.86431,10.339,0.031
4734.88255,10.386,0.029
4741.84447,10.173,0.028
4749.84251,10.153,0.037
4752.83576,10.064,0.03
4755.82342,10.119,0.033
4758.81677,10.068,0.033
4761.80598,10.125,0.03
4764.79839,10.119,0.029
4767.79588,10.106,0.03
4770.78583,10.091,0.028
4773.77463,10.125,0.029
4776.76655,10.145,0.033
4779.74643,10.182,0.034
4783.75643,10.118,0.043
4792.74845,10.406,0.031
4795.73509,10.373,0.036
4798.72982,10.371,0.034
4801.71193,10.623,0.03
4804.7075,10.549,0.033
4807.6774,10.492,0.031
4809.74307,10.534,0.032
4815.66826,10.424,0.045
4818.7233,10.36,0.032
4826.72994,10.195,0.035
4829.65264,10.468,0.032
4831.80787,10.248,0.039
4834.62072,10.286,0.037
4836.69374,10.453,0.037
4843.76587,10.476,0.043
4846.71931,10.53,0.036
4849.62535,10.477,0.037
4857.68338,10.392,0.039
4861.58959,10.809,0.054
4863.64834,10.774,0.061
4869.62544,10.728,0.058
4871.67936,10.812,0.044
4877.60206,10.215,0.056
4880.60787,10.379,0.039
4888.668,10.515,0.055
4893.64379,10.161,0.05
4903.56666,10.705,0.055
4914.53968,10.2,0.048
4919.55056,10.275,0.056
4924.49618,10.541,0.058
5082.8942,9.955,0.051
5086.86423,9.982,0.047
5098.89518,10.067,0.041
5122.86872,9.987,0.046
5132.79713,10.122,0.049
5148.76462,10.469,0.051
5154.7836,10.276,0.048
5157.73145,10.26,0.044
5160.7482,10.144,0.061
5163.71262,10.1,0.058
5166.72808,10.106,0.058
