1880.70408,9.049,0.04
1964.55828,9.023,0.028
1966.56041,8.985,0.029
1968.55898,9.035,0.03
1982.52498,9.01,0.029
1985.5512,9.005,0.037
1995.49727,9.034,0.043
2116.93789,9.045,0.043
2129.91202,8.991,0.04
2135.9044,8.967,0.053
2143.89553,8.999,0.043
2151.90924,8.988,0.055
2172.83334,9.004,0.036
2183.83778,9.016,0.035
2184.84984,9,0.037
2186.81356,8.989,0.056
2192.76324,9.022,0.04
2194.78468,9.004,0.045
2196.80517,9.022,0.045
2201.78944,9.042,0.035
2206.74742,8.998,0.035
2208.77437,9.013,0.057
2212.73917,9.026,0.036
2213.74686,9.014,0.037
2213.76661,9.044,0.036
2214.75184,8.985,0.039
2214.77393,8.996,0.039
2219.69639,8.981,0.036
2224.73679,9.004,0.033
2232.71965,9.027,0.04
2235.71203,9.02,0.032
2236.71154,9.007,0.037
2239.70137,9.029,0.038
2247.68691,9.019,0.044
2496.91188,9.038,0.033
2498.91942,9.042,0.039
2502.91507,8.999,0.03
2520.86026,9.037,0.027
2539.82937,8.997,0.048
2549.8411,8.988,0.028
2552.80485,9.018,0.026
2554.83026,9.006,0.045
2559.80542,9.029,0.026
2561.8043,9.044,0.029
2563.79189,9.004,0.028
2566.80421,9.024,0.049
2621.72355,9.04,0.027
2623.68033,8.998,0.028
2625.67498,8.999,0.029
2628.68326,8.992,0.043
2631.82764,8.983,0.034
2635.65379,9.036,0.026
2637.6669,9.027,0.026
2639.6691,8.987,0.026
2641.67178,9.03,0.029
2643.68134,9.038,0.028
2645.65853,9.001,0.027
2647.64128,9.003,0.039
2650.61756,8.984,0.026
2652.6189,9.031,0.03
2655.75627,9.021,0.035
2658.70694,9.003,0.032
2660.61057,9.037,0.051
2662.69906,9.037,0.029
2664.6903,8.997,0.029
2666.68775,9.044,0.028
2668.69333,9.044,0.028
2670.68645,9.015,0.03
2674.67469,9.039,0.03
2676.66087,9.038,0.028
2678.64616,8.993,0.029
2680.64428,8.988,0.029
2683.54984,8.987,0.037
2685.55946,9.034,0.035
2689.5743,9.035,0.036
2691.5683,8.983,0.032
2693.57303,9.037,0.028
2695.56846,9.021,0.027
2697.56896,8.992,0.029
2699.56977,9.01,0.031
2701.56764,9.045,0.031
2705.55256,8.962,0.035
2707.55053,9.01,0.03
2710.52086,8.983,0.031
2712.53936,9.039,0.031
2714.54486,9.015,0.032
2717.54227,9.05,0.033
2720.53308,9.063,0.029
2722.53231,9.022,0.028
2724.53039,8.984,0.028
2726.52864,9.035,0.03
2728.52672,9.314,0.029
2730.52261,9.007,0.029
2734.50741,9.038,0.03
2740.52877,9.008,0.033
2743.49043,8.991,0.031
2745.5055,9.03,0.054
2751.47723,9.027,0.029
2754.48235,8.98,0.032
2757.46625,8.985,0.029
2760.45964,8.969,0.036
2859.92041,8.982,0.03
2877.90012,9.041,0.028
2884.90314,8.966,0.033
2893.86773,9.021,0.036
2896.85555,9.114,0.032
2899.87656,9.038,0.028
2903.89725,8.964,0.038
2911.83836,8.994,0.029
2915.86988,9.032,0.029
2922.78805,8.996,0.033
2924.84641,9.028,0.033
2929.76507,9.036,0.029
2932.81067,9.043,0.026
2934.83805,9.019,0.03
2939.83725,8.984,0.026
2943.78185,9.037,0.028
2946.74633,9.026,0.028
2948.78776,9.031,0.031
2950.77247,9.004,0.033
2956.80313,9.026,0.029
2964.78456,9.01,0.03
2970.69144,9.05,0.026
2973.75515,9.046,0.059
2975.70879,9.005,0.029
2977.71092,9.028,0.048
2979.7261,9.025,0.032
2981.73124,9.027,0.037
2983.78348,8.99,0.035
2986.68083,9.015,0.028
2988.7415,8.987,0.033
2991.66077,8.993,0.029
2993.69672,9.003,0.029
2995.75285,9.052,0.027
2997.80372,9.016,0.03
3000.79338,9.031,0.029
3007.616,8.967,0.029
3010.65602,8.976,0.039
3015.67574,8.996,0.043
3017.66724,9.026,0.031
3019.66305,9.042,0.028
3023.6665,9.011,0.03
3028.64811,9.05,0.026
3030.68848,9.017,0.029
3032.70238,8.992,0.033
3034.72329,9.02,0.033
3042.59236,9.025,0.032
3044.63001,9.045,0.03
3046.6771,9,0.034
3049.65182,8.999,0.03
3052.61869,9.142,0.03
3054.64624,8.987,0.029
3057.56664,9.018,0.028
3059.63279,9.003,0.032
3062.53473,8.958,0.059
3066.53767,9.027,0.031
3068.58404,9.019,0.034
3070.60669,8.992,0.038
3073.572,8.961,0.036
3075.60631,9.024,0.035
3085.53971,9.017,0.034
3087.55334,8.973,0.059
3089.5721,8.975,0.04
3092.51277,8.989,0.031
3096.51598,9.028,0.037
3098.53641,9.008,0.035
3101.51815,9.022,0.034
3103.52693,8.989,0.033
3108.50277,9.01,0.03
3113.49598,9.039,0.032
3116.47622,9.021,0.04
3123.46568,9.022,0.033
3131.45909,9.008,0.054
3131.46156,9.024,0.034
3265.8524,9.023,0.034
3269.84873,9.016,0.025
3272.88119,9.026,0.034
3276.85079,9.018,0.042
3280.84988,8.965,0.038
3294.86581,9.04,0.03
3298.82424,9.019,0.029
3355.67293,9.065,0.035
3358.66731,9.054,0.033
3365.68715,9.015,0.057
3382.63717,9.01,0.051
3386.75114,8.986,0.049
3389.60583,9.024,0.036
3395.65013,9.018,0.041
3397.6895,9.004,0.045
3399.72944,9.081,0.046
3403.58998,9.011,0.04
3405.61738,9.014,0.046
3409.64735,9.009,0.038
3411.68754,8.989,0.035
3414.54476,9.004,0.035
3416.56458,8.974,0.039
3420.53442,9.062,0.05
3424.6014,9.012,0.04
3426.59994,9.047,0.04
3428.60475,9.046,0.041
3430.60722,8.996,0.036
3432.60903,9.009,0.041
3437.59889,9.034,0.031
3440.58795,9.035,0.036
3443.6002,8.99,0.043
3447.51332,9.005,0.044
3456.56968,9.037,0.037
3458.55567,9.051,0.044
3460.56274,9.009,0.03
3463.51977,8.956,0.058
3466.5174,9.01,0.045
3469.5258,9.032,0.031
3471.53572,9.003,0.031
3474.49562,8.979,0.036
3477.50065,9.007,0.045
3481.49597,9.059,0.034
3491.46638,9.026,0.037
3603.92112,9.024,0.041
3626.87729,9.014,0.031
3630.85796,9.046,0.037
3639.86614,8.981,0.033
3647.88831,8.999,0.033
3651.82734,9.033,0.044
3655.79563,9.045,0.037
3658.79935,8.984,0.034
3661.82684,8.974,0.04
3668.81526,9.041,0.03
3671.7995,9.034,0.036
3674.78585,9.06,0.037
3677.77762,9.001,0.04
3699.72284,9.016,0.038
3702.72094,8.993,0.039
3705.71003,9.005,0.043
3708.69952,8.989,0.039
3712.73162,9.143,0.034
3714.72217,9.015,0.043
3717.68354,9.013,0.051
3720.71435,9.038,0.043
3722.77423,8.992,0.042
3725.71918,9.086,0.045
3727.7886,8.967,0.052
3731.6467,9.036,0.045
3734.66841,9.033,0.054
3737.65771,9.028,0.035
3739.69485,9.035,0.036
3741.72278,9.028,0.037
3744.66194,9.052,0.04
3747.63672,9.042,0.043
3749.73301,9.008,0.05
3752.55224,9.031,0.05
3752.55469,9.038,0.047
3752.55797,8.997,0.045
3752.56049,9.005,0.042
3752.56297,9.009,0.04
3752.5654,9.016,0.045
3752.56787,9.001,0.044
3752.57461,9.04,0.049
3752.58088,9.001,0.043
3752.58696,9.061,0.054
3752.59332,9.009,0.043
3752.60879,9.035,0.05
3752.62339,8.995,0.049
3752.6502,8.973,0.04
3752.67937,9,0.039
3752.69362,9.034,0.042
3752.70862,9.029,0.046
3752.73834,9.004,0.049
3752.76775,8.98,0.05
3754.75491,9.024,0.047
3757.61548,9.002,0.044
3759.6787,9.004,0.046
3762.6303,8.967,0.047
3767.60666,9.058,0.058
3769.68267,9.04,0.05
3771.72199,9.104,0.047
3774.64606,9.012,0.043
3776.68291,8.956,0.052
3778.67559,9.085,0.052
3787.65514,9.026,0.044
3790.5707,8.98,0.053
3793.5656,8.982,0.043
3795.6183,8.992,0.036
3798.5608,9.018,0.053
3800.58524,9.013,0.043
3803.56913,9.018,0.052
3805.59104,9.073,0.047
3809.5362,8.997,0.044
3811.56548,9.037,0.05
3813.5887,9.043,0.047
3816.54116,9.057,0.04
3818.56623,9.054,0.041
3821.53729,9.02,0.04
3824.52912,9.047,0.039
3826.54089,9.012,0.04
3829.52209,9.025,0.041
3831.5427,9.016,0.046
3836.50545,8.988,0.047
3849.47282,9.034,0.044
3852.47152,9.009,0.042
3858.45802,9.002,0.062
3862.45914,9.078,0.05
4090.67855,9.043,0.034
4103.71444,8.986,0.045
4105.79443,9.051,0.043
4109.61164,9.024,0.037
4126.70641,9.037,0.048
4128.71594,9,0.034
4131.57816,8.993,0.045
4133.602,8.994,0.044
4135.61115,8.982,0.049
4137.62801,9.037,0.039
4139.6382,9.034,0.031
4141.65866,9.061,0.042
4143.67502,9.052,0.04
4146.58914,9.04,0.048
4150.5891,9.002,0.03
4152.608,9.008,0.031
4157.56562,8.968,0.055
4159.59638,9.041,0.038
4161.59997,9.023,0.057
4163.60831,9.016,0.051
4165.63328,9.032,0.046
4172.55314,8.957,0.05
4174.57236,9.028,0.038
4180.54906,8.992,0.034
4182.58339,9.003,0.036
4185.52949,9.012,0.037
4189.53012,9.044,0.029
4191.54956,9.032,0.047
4193.55605,9.027,0.05
4197.53248,9.027,0.035
4201.49126,9.021,0.028
4204.5128,9.025,0.034
4230.45424,9.03,0.036
4332.9039,9.049,0.052
4339.91356,9.042,0.043
4343.88515,9.019,0.048
4347.89523,9.44,0.04
4354.88755,9.024,0.031
4358.87612,9.035,0.032
4362.86735,9.02,0.031
4365.87723,9.041,0.029
4369.83927,9.016,0.037
4373.84964,9.022,0.032
4377.84363,9.02,0.036
4381.82612,9.012,0.039
4385.82597,9.066,0.031
4392.84844,8.977,0.041
4398.84858,9.05,0.039
4402.81459,9.026,0.035
4406.82663,9.026,0.047
4409.78616,9.022,0.047
4412.80815,9.054,0.032
4423.75863,9.064,0.037
4426.82182,9.059,0.05
4429.72807,9.052,0.036
4432.7159,9.033,0.03
4437.69919,9.053,0.029
4440.7104,9.004,0.031
4443.74952,9.006,0.034
4456.72316,9.019,0.053
4459.6454,9.022,0.04
4461.73503,9.056,0.036
4464.6321,9.033,0.033
4466.7333,9.039,0.04
4469.65819,9.045,0.037
4472.7353,8.991,0.051
4475.61889,9.067,0.031
4478.62588,9.031,0.033
4480.69156,9.058,0.045
4487.67427,9.054,0.042
4489.74133,9.062,0.038
4492.59007,9.043,0.037
4494.61525,9.044,0.037
4498.61638,8.998,0.038
4500.68287,9.031,0.049
4503.59953,9.072,0.039
4505.68244,9.051,0.039
4508.5981,9.03,0.043
4510.61104,9.057,0.043
4516.67592,9.038,0.05
4519.57152,9.009,0.043
4521.60662,9.037,0.033
4523.62983,8.995,0.041
4525.64646,9.05,0.044
4528.57232,9.027,0.045
4530.63683,9.069,0.037
4536.61006,9.068,0.038
4540.52378,9.015,0.044
4542.55677,8.993,0.038
4547.52931,9.715,0.044
4552.53753,9.061,0.04
4554.56694,9.064,0.042
4557.51554,9.032,0.033
4560.50747,9.051,0.036
4563.49775,9.057,0.036
4567.48367,8.987,0.037
4570.49423,9.008,0.033
4573.4959,9.038,0.037
4576.48146,9.061,0.044
4580.48335,9.03,0.034
4585.48178,9.081,0.036
4590.4633,9.04,0.039
4595.45633,9.057,0.041
4686.93132,9.017,0.033
4700.9061,9.015,0.032
4705.90482,8.991,0.03
4709.89202,9.076,0.037
4719.89167,9.013,0.054
4726.8702,9.031,0.031
4730.87328,9.007,0.031
4734.88942,9.028,0.03
4741.85058,9.023,0.03
4749.85456,9.024,0.038
4752.83836,9.031,0.031
4758.8679,9.028,0.033
4761.83617,9.056,0.032
4764.82082,9.041,0.033
4767.79867,9.032,0.03
4770.78863,8.993,0.029
4773.77743,9.004,0.031
4776.77587,8.984,0.03
4779.76557,9.005,0.039
4783.76625,9.057,0.046
4786.79118,9.045,0.034
4792.74557,9.044,0.032
4795.73211,8.995,0.036
4798.7376,8.992,0.032
4801.72309,9.023,0.032
4804.71108,9.028,0.032
4807.68994,9.056,0.036
4809.75784,9.043,0.037
4813.71955,9.041,0.042
4816.67338,9.058,0.041
4819.70539,9.043,0.036
4822.68807,8.974,0.038
4825.67618,8.998,0.038
4827.81633,9.031,0.044
4830.65898,9.025,0.032
4837.67256,8.988,0.044
4843.72973,8.984,0.046
4846.69533,9.086,0.041
4849.61738,9.054,0.043
4851.70723,9.057,0.046
4857.68032,9.06,0.034
4861.57628,9.003,0.05
4863.63547,9.039,0.06
4869.62006,8.935,0.061
4871.67409,9.051,0.045
4877.59498,9.001,0.056
4880.60093,8.991,0.043
4882.66686,9.023,0.041
5148.77402,9.047,0.057
5154.78148,9.016,0.049
5157.73508,9.017,0.049
5160.74525,9.021,0.057
5163.72296,8.962,0.053
5166.74185,8.999,0.061
