1868.70983,11.885,0.028
1869.69981,11.804,0.025
1870.70965,12.099,0.034
1871.72027,11.828,0.029
1872.70502,11.847,0.03
1873.70701,11.843,0.03
1874.70071,12.092,0.031
1875.70527,11.92,0.026
1876.69512,11.803,0.028
1877.69551,11.88,0.026
1878.69648,11.883,0.031
1879.6886,11.866,0.029
1880.67541,11.863,0.028
1881.68156,12.24,0.028
1884.6609,11.851,0.028
1885.6801,11.908,0.032
1886.68596,11.88,0.03
1887.66782,11.853,0.029
1888.66725,11.847,0.029
1889.67292,11.833,0.029
1899.64323,11.935,0.03
1900.66135,11.842,0.029
1902.63014,11.878,0.029
1903.65544,12.318,0.029
1904.63847,11.896,0.027
1905.64068,11.867,0.03
1906.63136,11.86,0.029
1907.6454,11.873,0.031
1908.63539,11.831,0.032
1913.60534,11.872,0.028
1914.62792,12.21,0.029
1915.62935,11.833,0.03
1918.60803,11.862,0.032
1919.62009,11.857,0.033
1920.63103,11.876,0.03
1921.61484,12.183,0.032
1922.61604,11.851,0.035
1923.61215,11.836,0.029
1924.60716,11.848,0.03
1925.60731,12.014,0.031
1926.61094,11.851,0.029
1928.57404,11.844,0.031
1931.60313,11.848,0.038
1933.57184,11.917,0.033
1935.54182,11.866,0.029
1937.66999,11.858,0.034
1939.60024,11.873,0.033
1941.60175,11.825,0.034
1945.55084,11.835,0.035
1947.63812,12.159,0.032
1949.62725,11.944,0.033
1952.55467,11.885,0.041
1954.57195,12.401,0.04
1958.55649,11.902,0.037
1964.55014,11.81,0.036
1966.57263,11.888,0.04
1968.55316,11.843,0.04
1978.59545,11.92,0.053
1982.4967,11.779,0.038
1985.53912,11.921,0.045
1995.48318,11.874,0.044
1998.48309,11.935,0.048
2094.94158,12.4,0.033
2104.9249,11.924,0.037
2106.92345,11.897,0.037
2115.90882,11.836,0.038
2116.92379,12.232,0.032
2128.88366,11.834,0.035
2128.91749,11.934,0.039
2129.90692,11.874,0.036
2130.89633,12.743,0.043
2131.85768,11.851,0.035
2132.92945,11.856,0.037
2134.87092,12.363,0.035
2134.89084,12.109,0.04
2136.89171,11.829,0.039
2144.86221,11.864,0.038
2156.85384,12.342,0.034
2156.87657,12.308,0.035
2166.85967,11.821,0.038
2168.79647,11.897,0.035
2171.79223,11.891,0.038
2172.85692,11.886,0.035
2174.7941,12.322,0.035
2183.78329,11.915,0.034
2186.85533,11.855,0.036
2188.83466,11.884,0.038
2190.74525,11.821,0.037
2191.83958,11.96,0.043
2192.81802,11.865,0.036
2193.8682,11.906,0.038
2194.82372,11.871,0.042
2196.75199,12.297,0.034
2197.83192,11.894,0.043
2198.79803,11.909,0.034
2199.84329,11.796,0.056
2201.72427,11.892,0.036
2202.77185,11.886,0.035
2204.71682,11.927,0.044
2206.71387,11.853,0.035
2208.74785,11.784,0.056
2212.71286,11.806,0.041
2213.72967,11.801,0.043
2214.74136,11.979,0.038
2215.74824,11.866,0.038
2216.7385,11.824,0.041
2219.74124,11.776,0.051
2222.65847,11.859,0.039
2224.7239,11.831,0.038
2225.7703,11.886,0.041
2226.7299,11.927,0.036
2227.73167,11.878,0.036
2228.72244,11.863,0.04
2229.72956,12.092,0.038
2230.71356,11.871,0.039
2232.71114,11.93,0.039
2233.72054,11.94,0.038
2234.70258,11.899,0.04
2235.69902,11.879,0.037
2236.70743,12.171,0.042
2237.69973,11.741,0.04
2239.69276,12.02,0.042
2242.68512,11.791,0.042
2243.6898,11.961,0.043
2244.70144,11.864,0.052
2247.69413,12.261,0.05
2248.68471,11.919,0.051
2249.68399,11.898,0.049
2250.68462,11.802,0.041
2251.68568,11.983,0.047
2252.67341,11.937,0.048
2254.67558,12.092,0.046
2255.67653,11.947,0.048
2257.66473,11.888,0.056
2264.64848,11.769,0.055
2265.64749,12.088,0.055
2266.64967,11.856,0.056
2467.93221,12.001,0.034
2495.89367,12.087,0.052
2497.87796,11.879,0.042
2501.92845,11.77,0.043
2519.85866,11.832,0.036
2521.85111,11.838,0.038
2539.79709,11.923,0.053
2540.89953,11.818,0.029
2544.8927,12.288,0.04
2552.76424,11.903,0.028
2553.81104,11.789,0.049
2553.88982,12.105,0.057
2556.81513,11.936,0.039
2556.82611,11.779,0.044
2558.78358,11.891,0.034
2560.76182,11.825,0.032
2562.74546,12.179,0.029
2565.76178,11.861,0.04
2574.74471,11.954,0.04
2621.69424,11.882,0.033
2621.72844,11.893,0.042
2623.64374,11.897,0.03
2625.6341,11.85,0.031
2625.66609,11.864,0.034
2627.76824,11.82,0.026
2629.77485,11.919,0.03
2634.66784,11.918,0.028
2634.77513,11.918,0.037
2638.69256,11.874,0.027
2640.69056,11.796,0.027
2642.68838,12.043,0.026
2646.66362,12.046,0.027
2649.65308,11.863,0.028
2651.6302,11.851,0.03
2652.8037,11.845,0.028
2654.64098,11.835,0.026
2657.67423,11.974,0.027
2659.68593,11.843,0.026
2661.68304,11.845,0.026
2663.67939,11.871,0.027
2665.67213,11.831,0.026
2667.67155,11.898,0.027
2669.66089,11.893,0.026
2671.65994,11.85,0.026
2673.65435,11.848,0.026
2675.64207,12.326,0.026
2677.62375,11.983,0.026
2679.61387,11.845,0.038
2681.60559,11.86,0.027
2683.60897,11.86,0.025
2685.61244,11.858,0.026
2689.61527,11.905,0.037
2691.60929,11.868,0.028
2693.62165,11.951,0.027
2695.60954,11.854,0.027
2697.61564,12.267,0.03
2699.60596,11.839,0.027
2701.60389,11.849,0.026
2703.59962,11.858,0.026
2705.5917,11.87,0.029
2707.58977,11.926,0.027
2709.5763,11.849,0.025
2711.57808,11.878,0.042
2713.5902,11.803,0.047
2715.58548,12.224,0.031
2719.51806,11.877,0.029
2721.5585,11.865,0.046
2723.56045,11.778,0.04
2725.55717,11.842,0.038
2727.55068,11.866,0.03
2729.54869,11.863,0.031
2733.53638,11.928,0.031
2735.53195,11.856,0.038
2737.52379,12.239,0.041
2739.54636,11.868,0.029
2741.52148,11.912,0.028
2743.51905,11.859,0.032
2750.53593,11.814,0.036
2752.52836,11.867,0.026
2756.47548,11.82,0.038
2758.47338,11.862,0.027
2761.46767,11.844,0.027
2763.47071,11.82,0.026
2766.48736,12.386,0.028
2833.9408,12.084,0.035
2840.92937,11.831,0.032
2854.88859,11.907,0.03
2858.92754,11.825,0.03
2861.89854,11.847,0.033
2867.88742,11.803,0.031
2876.84113,11.862,0.035
2879.90775,11.822,0.038
2884.83008,12.254,0.038
2886.89944,11.86,0.054
2893.80678,11.862,0.036
2895.84509,12.246,0.032
2897.87471,11.89,0.03
2908.86809,11.853,0.033
2910.82937,11.932,0.034
2911.83179,11.859,0.033
2915.85391,11.89,0.039
2916.78078,11.83,0.045
2918.76749,11.956,0.042
2922.74191,11.916,0.044
2922.76029,11.807,0.049
2924.79447,12.038,0.037
2929.77157,11.825,0.033
2931.826,11.87,0.028
2933.81289,11.865,0.029
2935.8139,11.962,0.031
2939.79375,12.219,0.032
2943.73806,11.845,0.032
2945.74465,11.874,0.038
2947.77621,11.833,0.027
2949.77588,11.86,0.026
2957.71385,12.323,0.028
2957.81229,12.012,0.036
2962.70382,11.874,0.027
2964.74868,11.875,0.03
2966.76161,11.897,0.031
2968.79825,12.074,0.03
2971.67896,11.826,0.027
2974.68439,11.87,0.027
2978.71163,11.849,0.028
2980.73166,11.846,0.032
2982.7433,11.746,0.031
2984.79933,11.828,0.028
2987.63759,11.884,0.03
2989.6923,11.805,0.03
2991.71163,11.937,0.025
2996.62363,11.874,0.028
3001.67112,11.9,0.03
3007.66127,11.848,0.026
3009.70168,11.81,0.029
3011.69972,11.906,0.031
3013.73988,11.883,0.028
3016.71983,11.785,0.032
3018.71266,11.799,0.027
3023.60985,11.824,0.026
3025.72737,11.893,0.027
3029.72777,11.865,0.028
3034.61879,12.046,0.029
3036.6729,11.863,0.026
3040.70189,11.86,0.029
3043.63077,11.855,0.029
3045.6602,11.871,0.027
3048.63652,12.094,0.031
3051.60286,11.87,0.031
3053.6535,11.953,0.032
3058.57517,11.823,0.027
3060.64005,11.84,0.028
3068.60709,11.853,0.028
3070.61711,12.165,0.028
3072.64179,11.851,0.032
3075.58418,11.857,0.028
3077.61889,11.879,0.034
3079.62136,11.847,0.029
3081.6237,12.185,0.029
3086.49999,11.884,0.028
3088.548,11.959,0.042
3090.54378,11.842,0.032
3092.55904,12.289,0.03
3096.56023,11.922,0.027
3099.50951,12.273,0.04
3101.54662,11.866,0.029
3103.55323,12.281,0.029
3105.55579,11.852,0.037
3108.50816,11.886,0.028
3110.51791,12.237,0.027
3112.53905,11.832,0.027
3115.49091,11.837,0.027
3122.48625,11.852,0.029
3125.49639,11.883,0.029
3128.47858,12.443,0.037
3131.47324,11.848,0.029
3134.47333,11.821,0.029
3142.45858,11.857,0.029
3265.83555,11.926,0.036
3268.88035,11.938,0.031
3271.83595,11.871,0.034
3273.86246,11.874,0.037
3274.84381,11.847,0.038
3276.88014,11.98,0.039
3277.84258,11.826,0.041
3294.85414,12.38,0.041
3295.79946,11.83,0.037
3298.77773,11.894,0.041
3298.85566,11.877,0.042
3355.66484,11.8,0.047
3355.76834,11.865,0.029
3358.65557,11.85,0.036
3365.688,11.788,0.042
3386.68017,11.93,0.05
3388.71908,11.872,0.029
3390.76019,11.937,0.029
3390.78253,11.883,0.049
3394.66327,11.855,0.026
3396.69947,12.316,0.034
3398.75772,11.849,0.032
3400.76202,12.167,0.033
3404.55924,11.867,0.031
3406.58026,11.92,0.037
3410.64974,11.918,0.037
3412.69959,11.848,0.031
3414.70888,11.874,0.033
3416.70124,11.913,0.031
3419.54935,11.914,0.047
3421.58384,11.891,0.035
3425.62606,12.252,0.028
3427.63622,11.744,0.028
3431.6199,11.89,0.036
3433.61561,11.926,0.029
3436.61839,12.206,0.03
3439.60503,11.816,0.038
3442.59383,11.844,0.027
3444.60979,11.814,0.034
3448.61753,11.825,0.03
3450.61196,11.862,0.034
3453.57965,11.823,0.029
3455.59896,11.929,0.028
3458.50285,11.915,0.027
3462.54472,11.89,0.032
3465.50616,12.333,0.026
3468.54156,11.867,0.03
3470.55709,11.831,0.03
3473.50078,11.908,0.032
3476.492,12.334,0.036
3478.53003,11.835,0.026
3481.52487,11.941,0.039
3490.49193,11.881,0.034
3499.4782,11.911,0.03
3502.46285,11.857,0.03
3573.93619,11.817,0.038
3577.92993,11.867,0.027
3585.92384,11.886,0.026
3590.90416,11.854,0.026
3590.92339,11.799,0.041
3601.89016,11.827,0.028
3601.91165,11.87,0.034
3618.89188,11.835,0.03
3622.86371,11.908,0.03
3624.89168,11.873,0.036
3626.84866,11.772,0.033
3628.88467,11.883,0.034
3630.82613,11.857,0.031
3631.86134,11.879,0.035
3634.85033,12.081,0.036
3638.87549,12.342,0.034
3639.8371,11.865,0.034
3641.85373,11.895,0.034
3643.82092,11.872,0.034
3646.85475,12.005,0.032
3650.83697,11.856,0.035
3652.81424,12,0.038
3655.76899,11.855,0.026
3657.84783,11.868,0.042
3659.82237,11.865,0.035
3660.7975,11.975,0.034
3662.8409,11.82,0.041
3665.82661,11.86,0.034
3666.77318,11.84,0.028
3669.81353,11.851,0.035
3670.72911,11.882,0.028
3672.79009,11.887,0.034
3673.7549,11.916,0.033
3675.78182,11.869,0.033
3680.76396,11.861,0.031
3699.68997,11.933,0.045
3700.70764,11.975,0.042
3702.68706,11.834,0.03
3705.68103,11.922,0.027
3708.66663,11.815,0.057
3711.74375,12.087,0.036
3712.7123,11.906,0.036
3714.70909,11.834,0.044
3716.66972,11.823,0.035
3716.78844,11.817,0.029
3719.70629,11.922,0.042
3720.80822,11.912,0.035
3722.62574,11.875,0.031
3725.66637,12.021,0.047
3727.68518,11.884,0.041
3730.73054,11.921,0.042
3732.68555,11.83,0.037
3733.72474,12.079,0.046
3736.65822,12.078,0.037
3740.79272,12.035,0.032
3743.65038,11.87,0.043
3748.64058,11.848,0.042
3750.6688,11.837,0.046
3752.78792,11.821,0.029
3755.60169,11.952,0.032
3757.66012,11.864,0.033
3759.71186,11.873,0.043
3762.63084,12.02,0.037
3764.69136,11.849,0.028
3767.60823,11.83,0.047
3769.68764,11.974,0.045
3771.73747,11.903,0.034
3774.64686,11.849,0.032
3776.69718,11.846,0.044
3778.67642,11.807,0.033
3787.58732,11.98,0.043
3789.64216,11.847,0.038
3791.6849,12.169,0.033
3794.6135,11.856,0.039
3796.6422,11.886,0.032
3799.57877,11.868,0.032
3801.62917,11.906,0.043
3804.56228,11.855,0.04
3809.60333,12.048,0.03
3811.60743,11.867,0.03
3813.61639,12.322,0.032
3816.55707,11.892,0.038
3818.58885,11.861,0.027
3820.60197,12.121,0.028
3823.54109,11.977,0.028
3825.576,11.779,0.041
3828.49662,11.871,0.031
3830.56762,11.816,0.027
3832.57598,11.89,0.03
3835.50994,11.873,0.036
3837.52515,11.805,0.033
3848.5116,11.94,0.041
3851.4864,11.871,0.031
3853.49763,12.062,0.027
3860.48636,12.078,0.032
3863.48207,11.884,0.031
3866.46188,11.852,0.049
3870.45365,11.815,0.03
3876.45655,11.896,0.033
4090.65637,11.91,0.043
4090.68329,11.84,0.035
4103.68623,11.814,0.04
4103.70769,11.841,0.04
4105.75838,11.878,0.047
4105.78101,11.867,0.044
4107.74049,11.791,0.028
4109.60416,11.986,0.043
4126.70246,11.93,0.039
4128.69457,12.091,0.053
4128.71203,12.218,0.042
4130.68593,11.784,0.043
4130.73112,11.789,0.05
4132.7094,11.846,0.041
4134.72708,11.883,0.03
4137.57843,11.847,0.038
4139.5924,11.903,0.039
4139.59954,11.81,0.051
4145.70829,11.858,0.031
4145.72827,11.815,0.049
4149.6388,11.88,0.035
4149.64794,12.095,0.042
4151.6422,11.907,0.03
4151.65137,11.841,0.042
4153.65021,11.849,0.036
4153.66023,11.864,0.038
4155.64667,11.843,0.031
4160.61777,11.928,0.033
4160.62099,11.863,0.049
4162.61411,11.83,0.039
4162.61735,11.824,0.033
4164.62865,12.118,0.03
4164.63191,12.086,0.036
4167.57936,11.816,0.035
4167.58263,11.879,0.033
4172.63269,11.836,0.031
4172.63591,11.816,0.046
4174.64715,11.817,0.038
4175.51629,12.235,0.041
4180.57513,11.875,0.04
4182.60748,11.789,0.043
4183.56372,11.855,0.038
4184.60539,11.889,0.045
4185.55926,11.853,0.035
4188.60783,11.872,0.035
4189.56039,11.918,0.031
4191.56929,11.799,0.033
4193.50847,12.047,0.035
4193.57295,11.958,0.034
4196.57009,11.884,0.045
4197.54079,12.264,0.043
4200.54573,11.937,0.028
4201.56516,11.79,0.049
4203.55734,11.839,0.05
4204.56384,11.883,0.039
4216.49324,11.932,0.038
4216.49633,11.836,0.036
4227.49622,11.843,0.042
4228.46678,11.83,0.03
4230.46865,11.907,0.037
4230.48477,12.003,0.036
4232.4921,11.945,0.041
4233.47427,11.855,0.032
4235.4618,11.813,0.033
4238.48354,11.866,0.047
4301.93847,11.83,0.037
4306.91728,11.855,0.031
4306.92683,11.863,0.035
4310.93321,11.866,0.039
4330.91087,12.01,0.039
4331.89726,11.836,0.036
4333.90433,11.992,0.039
4336.8831,11.841,0.036
4338.90965,11.857,0.041
4340.86147,11.882,0.04
4341.87192,11.763,0.037
4343.86444,11.833,0.046
4345.8686,11.856,0.038
4346.88507,11.837,0.039
4348.88691,12.289,0.031
4353.86567,11.816,0.036
4354.85131,11.84,0.047
4357.86605,11.813,0.033
4358.84555,11.903,0.04
4361.8786,11.832,0.032
4362.83257,11.833,0.045
4364.8104,11.875,0.032
4365.85172,11.802,0.037
4368.83933,11.819,0.035
4368.86294,11.867,0.038
4371.84643,11.837,0.033
4372.80763,11.879,0.043
4374.83795,11.848,0.045
4376.82186,11.852,0.038
4377.83104,12.353,0.032
4379.84819,11.835,0.04
4380.82595,11.839,0.039
4382.84839,11.871,0.04
4383.85088,11.87,0.044
4386.80887,11.822,0.039
4386.82998,11.846,0.032
4392.76121,11.813,0.034
4392.83773,11.831,0.042
4398.83175,11.827,0.042
4398.85821,11.876,0.037
4402.78661,11.859,0.033
4402.80651,11.829,0.032
4406.80125,11.953,0.041
4406.82765,12.056,0.04
4409.76001,11.793,0.042
4409.77789,11.862,0.045
4412.80033,11.84,0.038
4412.81804,11.832,0.036
4420.77661,11.846,0.039
4420.80661,11.939,0.05
4423.75442,11.852,0.041
4426.80215,11.956,0.038
4426.81747,11.885,0.043
4429.692,11.951,0.033
4429.7182,11.844,0.036
4431.74778,11.849,0.032
4431.77079,11.837,0.037
4437.67711,11.842,0.035
4437.69479,11.84,0.034
4440.6974,11.911,0.037
4443.67618,11.88,0.035
4443.7425,11.937,0.038
4448.76539,11.845,0.041
4453.71097,11.894,0.038
4456.62282,11.806,0.043
4456.71572,11.85,0.045
4458.7003,11.835,0.04
4459.64587,11.796,0.038
4461.66127,11.916,0.031
4461.73561,12.301,0.036
4463.74303,11.878,0.032
4464.61767,12.005,0.036
4466.6564,11.816,0.041
4466.71977,11.845,0.044
4469.65295,11.907,0.038
4471.77025,11.832,0.04
4472.73092,12.295,0.054
4474.73791,11.833,0.043
4475.6145,12.029,0.04
4478.61993,11.831,0.035
4479.77164,11.89,0.035
4480.68654,11.9,0.046
4482.72862,11.932,0.033
4484.62735,11.781,0.033
4485.70117,11.869,0.042
4486.68826,11.975,0.046
4487.72247,11.837,0.039
4488.73125,11.67,0.051
4489.77908,11.843,0.038
4490.77839,11.857,0.037
4492.608,11.835,0.033
4493.61935,11.846,0.04
4498.63567,11.913,0.04
4498.77302,11.902,0.056
4503.61415,11.946,0.04
4503.75124,11.93,0.041
4505.72958,12.069,0.043
4506.64254,11.783,0.052
4508.61079,12.054,0.039
4508.72894,11.829,0.041
4510.62721,11.731,0.04
4511.58004,11.86,0.035
4516.61037,11.988,0.043
4516.68518,11.979,0.048
4518.65909,11.835,0.031
4519.58064,12.278,0.046
4520.68395,11.933,0.031
4521.61472,11.824,0.033
4522.67699,11.772,0.033
4523.63711,12.165,0.034
4525.57421,11.935,0.039
4525.65366,11.848,0.039
4527.61025,11.907,0.049
4527.67092,11.954,0.034
4529.65551,11.918,0.035
4530.60137,12.289,0.038
4532.59885,11.864,0.036
4532.65642,11.791,0.037
4536.50669,11.873,0.03
4536.52479,11.833,0.036
4538.57219,11.906,0.036
4538.5902,11.864,0.035
4540.58726,12.047,0.046
4540.6016,11.892,0.04
4542.60173,11.814,0.034
4542.61268,11.739,0.037
4546.63809,11.847,0.044
4547.54303,11.873,0.046
4551.60279,11.806,0.037
4552.55505,12.365,0.033
4554.55288,11.852,0.039
4554.5778,11.894,0.036
4557.518,11.948,0.033
4558.58417,11.78,0.044
4559.58809,11.87,0.045
4560.60922,11.898,0.042
4562.51643,11.882,0.031
4563.53877,12.132,0.045
4564.56389,11.869,0.037
4565.56794,11.832,0.038
4567.51791,11.866,0.032
4568.52121,11.884,0.04
4569.54155,11.862,0.036
4570.53143,12.195,0.037
4572.52546,11.742,0.048
4572.55819,11.88,0.039
4575.50416,11.943,0.037
4575.52403,11.842,0.037
4579.50507,11.861,0.035
4579.52426,11.782,0.04
4583.50311,11.813,0.049
4583.5096,11.791,0.049
4588.48389,11.969,0.038
4588.48709,11.874,0.036
4590.51859,11.822,0.037
4591.47288,11.922,0.034
4593.48063,11.887,0.038
4594.47218,11.818,0.034
4596.46968,11.887,0.036
4597.46366,11.796,0.032
4599.48073,11.981,0.039
4601.46492,11.837,0.033
4607.46103,11.804,0.042
4666.93694,11.832,0.031
4684.91081,11.913,0.049
4686.91414,11.973,0.041
4690.90355,11.83,0.031
4693.91529,11.868,0.034
4694.9066,11.832,0.031
4698.89157,11.89,0.044
4698.91729,11.873,0.041
4702.87273,11.879,0.029
4702.89981,11.853,0.04
4708.87771,11.84,0.035
4717.8743,11.874,0.042
4721.8064,12.268,0.03
4721.85303,12.442,0.037
4725.85633,11.881,0.029
4726.83295,11.826,0.034
4729.86635,11.86,0.035
4732.87076,12.203,0.042
4733.87024,11.861,0.042
4740.82011,11.842,0.03
4740.87687,11.85,0.036
4750.77597,12.305,0.028
4751.8312,11.856,0.043
4753.81425,11.864,0.031
4754.83074,12.253,0.037
4756.81588,11.927,0.03
4757.85991,11.762,0.044
4759.79305,11.903,0.036
4760.84982,11.84,0.035
4762.78151,11.883,0.03
4763.79759,11.861,0.04
4765.7736,11.962,0.029
4766.78778,11.809,0.038
4768.7614,11.892,0.03
4769.79277,11.859,0.035
4771.76179,11.933,0.039
4772.78762,12.3,0.038
4774.75142,11.871,0.041
4777.73359,11.835,0.03
4778.75371,11.858,0.038
4780.72487,11.816,0.034
4782.76966,11.795,0.034
4783.80934,12.309,0.031
4786.75505,11.795,0.039
4787.71747,11.884,0.037
4792.72494,11.823,0.036
4793.7102,11.873,0.038
4795.74005,11.936,0.043
4796.77076,11.841,0.041
4798.7332,11.847,0.035
4801.71865,12.083,0.036
4801.76336,11.825,0.039
4804.66525,11.788,0.032
4804.69684,11.949,0.038
4806.73997,11.854,0.048
4806.80834,11.873,0.039
4808.80408,11.855,0.032
4809.64403,11.919,0.031
4809.69318,11.858,0.036
4814.77888,11.801,0.04
4815.66007,11.765,0.044
4818.64417,11.876,0.033
4818.71589,11.95,0.039
4821.63942,11.879,0.041
4823.6995,12.317,0.043
4823.75917,11.982,0.043
4826.70952,11.867,0.033
4828.77193,11.927,0.045
4829.64199,11.903,0.034
4831.65577,11.764,0.04
4831.78417,11.853,0.041
4834.62559,12.146,0.041
4836.63516,11.941,0.042
4836.69794,11.873,0.05
4838.69036,11.986,0.031
4838.79856,12.419,0.045
4843.63916,11.825,0.041
4843.77007,12.339,0.037
4846.63675,11.923,0.045
4846.72989,11.798,0.037
4848.70271,11.932,0.03
4849.62967,11.863,0.043
4850.78052,11.839,0.046
4853.70629,11.858,0.04
4856.68172,12.413,0.048
4857.68723,11.9,0.047
4859.68953,11.776,0.046
4862.69443,11.916,0.039
4863.65235,11.908,0.044
4865.59979,11.828,0.043
4865.77071,11.895,0.046
4868.62145,11.799,0.04
4868.64778,12.189,0.05
4870.71927,11.864,0.045
4870.74416,11.851,0.039
4876.5955,11.783,0.046
4876.62084,11.815,0.054
4879.58847,11.828,0.038
4881.60055,11.898,0.04
4881.63655,11.877,0.041
4884.59936,11.937,0.045
4889.64961,12.126,0.04
4892.57992,11.925,0.048
4903.62424,11.825,0.051
4914.5818,11.959,0.044
4914.5851,11.96,0.055
4917.53329,11.944,0.047
4919.57574,11.811,0.053
4920.55292,11.809,0.049
4925.54364,12.206,0.051
4929.55521,12.098,0.051
4936.5098,12.347,0.044
4951.48215,11.816,0.04
4954.48475,12.053,0.045
4954.49186,12.024,0.043
5023.94125,11.856,0.042
5041.92916,11.835,0.039
5049.89777,11.855,0.042
5067.89894,11.888,0.055
5071.90751,11.833,0.036
5084.85702,11.84,0.042
5085.86724,11.819,0.044
5087.88775,12.331,0.042
5088.87961,11.884,0.042
5098.82958,12.154,0.037
5098.87353,12.303,0.042
5111.84149,11.889,0.035
5113.83803,11.78,0.042
5116.81434,12.151,0.04
5118.79466,11.89,0.045
5122.87708,11.845,0.044
5125.79631,11.88,0.049
5129.76961,12.023,0.046
5132.76366,11.876,0.042
5132.78624,11.851,0.049
5147.74787,11.789,0.04
5148.76906,11.912,0.047
5154.76688,11.882,0.046
5154.78904,11.917,0.046
5157.71649,11.759,0.048
5163.67857,11.813,0.038
5163.71356,11.729,0.046
