1868.72813,12.884,0.064
1869.69981,12.611,0.041
1869.72059,12.505,0.058
1870.72825,12.588,0.073
1871.7371,12.681,0.076
1872.72355,12.581,0.067
1873.72534,12.697,0.072
1874.72643,12.561,0.078
1875.70527,12.578,0.05
1875.7148,12.644,0.056
1876.71126,12.81,0.063
1877.71656,12.489,0.047
1878.71997,12.64,0.048
1879.6886,12.858,0.038
1879.70923,12.717,0.045
1880.6961,12.483,0.052
1881.6949,12.642,0.037
1881.70002,12.712,0.049
1884.6609,12.739,0.042
1884.68168,12.815,0.053
1884.69224,12.825,0.049
1885.6801,12.529,0.044
1885.69126,12.473,0.032
1885.69641,12.479,0.04
1886.69329,12.554,0.049
1887.66782,12.732,0.043
1887.68416,12.813,0.05
1888.66725,12.562,0.048
1888.68582,12.464,0.052
1889.68702,12.876,0.054
1899.66191,12.686,0.047
1900.67567,12.879,0.047
1902.63014,12.582,0.043
1902.64662,12.631,0.045
1902.6572,12.612,0.041
1903.65544,12.731,0.046
1903.66236,12.671,0.04
1903.66521,12.566,0.047
1904.63847,12.512,0.043
1904.6521,12.512,0.046
1905.64068,12.876,0.042
1905.6527,12.794,0.044
1905.66559,12.837,0.038
1906.63136,12.791,0.04
1906.64339,12.654,0.042
1906.65635,12.596,0.039
1907.6454,12.505,0.042
1907.65235,12.583,0.034
1907.65519,12.572,0.043
1908.63539,12.732,0.044
1908.64069,12.869,0.045
1908.65362,12.731,0.04
1913.60534,12.675,0.038
1913.63256,12.794,0.036
1914.62792,12.572,0.039
1914.63733,12.533,0.033
1914.64012,12.616,0.041
1915.62935,12.55,0.042
1915.63466,12.746,0.046
1915.64799,12.682,0.04
1918.61788,12.64,0.043
1919.62009,12.701,0.039
1919.62543,12.766,0.045
1919.63612,12.586,0.037
1920.62736,12.545,0.045
1920.63103,12.62,0.041
1920.64265,12.52,0.039
1921.61484,12.797,0.041
1921.62197,12.81,0.033
1921.62476,12.771,0.043
1922.61604,12.626,0.045
1923.61215,12.558,0.039
1923.61753,12.673,0.039
1923.63282,12.606,0.035
1924.60716,12.825,0.042
1924.61482,12.779,0.042
1924.62782,12.757,0.045
1925.60731,12.525,0.042
1925.61677,12.545,0.034
1926.60732,12.757,0.041
1926.61094,12.631,0.042
1926.62044,12.669,0.034
1928.57404,12.368,0.042
1929.58758,12.807,0.037
1931.60313,12.695,0.044
1931.62163,12.614,0.038
1932.57582,12.932,0.041
1932.60059,12.601,0.037
1933.57184,12.57,0.04
1933.5982,12.426,0.049
1933.6045,12.46,0.036
1934.60391,12.716,0.036
1935.54182,12.939,0.039
1935.55958,12.785,0.037
1936.58781,12.507,0.042
1937.59462,12.813,0.033
1937.66999,12.587,0.042
1938.58174,12.516,0.043
1939.5846,12.683,0.034
1939.60024,12.816,0.042
1940.57803,12.771,0.043
1941.58607,12.485,0.035
1941.60175,12.683,0.04
1945.55084,12.842,0.04
1945.5768,12.608,0.035
1947.61565,12.843,0.044
1947.61898,12.882,0.044
1947.63812,12.72,0.044
1949.6003,12.512,0.039
1949.61232,12.581,0.044
1949.62725,12.778,0.043
1952.53753,12.511,0.049
1954.54356,12.736,0.054
1958.53015,12.642,0.037
1958.55649,12.722,0.041
1961.56522,12.742,0.04
1961.56758,12.77,0.05
1964.52584,12.819,0.035
1964.52815,12.814,0.046
1964.55014,12.834,0.042
1966.54336,12.857,0.04
1966.54823,12.769,0.046
1966.57263,12.753,0.049
1968.53296,12.534,0.042
1968.53523,12.356,0.049
1978.58027,12.765,0.048
1981.52837,12.46,0.041
1981.53514,12.533,0.047
1982.4967,12.827,0.044
1985.50382,12.713,0.053
1985.53912,12.428,0.053
1994.56751,12.731,0.062
1994.56949,12.646,0.067
2027.48008,12.538,0.051
2027.48177,12.742,0.05
2032.47426,12.825,0.043
2033.45969,12.478,0.054
2104.9249,12.579,0.069
2104.94122,12.923,0.073
2115.90882,12.877,0.043
2117.91923,12.677,0.06
2128.91749,12.816,0.068
2128.92171,12.835,0.065
2130.89633,12.592,0.068
2130.90055,12.787,0.064
2131.85768,12.879,0.07
2132.89131,12.399,0.074
2132.89829,12.53,0.063
2134.89084,12.552,0.063
2136.89602,12.721,0.06
2144.86221,12.829,0.069
2156.88571,12.581,0.059
2166.87936,12.512,0.061
2171.82128,12.582,0.055
2172.90561,12.742,0.06
2183.8102,12.596,0.051
2184.81644,12.755,0.059
2185.86522,12.715,0.047
2189.82662,12.851,0.052
2190.89011,12.738,0.059
2192.77432,12.778,0.056
2193.8724,12.767,0.054
2197.77342,12.814,0.054
2198.82061,12.555,0.053
2201.76348,12.551,0.052
2202.85984,12.63,0.052
2206.70978,12.684,0.051
2206.75528,12.622,0.049
2212.71116,12.509,0.05
2213.73468,12.662,0.056
2213.7544,12.767,0.05
2214.73961,12.525,0.048
2214.76164,12.593,0.049
2215.75793,12.664,0.05
2215.80513,12.892,0.054
2216.74351,12.758,0.047
2216.75646,12.712,0.048
2217.74553,12.524,0.046
2217.79316,12.743,0.048
2221.77372,12.703,0.049
2222.75321,12.319,0.047
2222.76178,12.648,0.05
2224.72895,12.645,0.047
2224.74657,12.621,0.052
2225.76413,12.621,0.049
2225.78672,12.849,0.053
2226.73516,12.909,0.043
2226.75049,12.797,0.047
2227.74158,12.458,0.046
2227.77835,12.575,0.051
2228.71854,12.719,0.048
2228.74071,12.671,0.049
2229.71648,12.82,0.047
2229.74354,12.664,0.048
2230.71636,12.602,0.047
2230.73428,12.571,0.047
2232.705,12.681,0.044
2232.72942,12.516,0.047
2233.71215,12.571,0.045
2233.72764,12.624,0.048
2234.73254,12.76,0.048
2235.70184,12.594,0.047
2235.72421,12.52,0.047
2237.70256,12.568,0.049
2237.7275,12.624,0.053
2239.68664,12.557,0.051
2239.71115,12.969,0.053
2240.69166,12.601,0.05
2240.70945,12.495,0.053
2241.69731,12.462,0.048
2241.71061,12.6,0.05
2242.70355,12.84,0.055
2243.68368,12.446,0.056
2243.70598,12.46,0.056
2247.70813,12.796,0.063
2248.70365,12.615,0.061
2249.70022,12.746,0.058
2250.69865,12.974,0.06
2251.69523,12.493,0.062
2252.68974,12.846,0.06
2254.68975,12.584,0.061
2255.68389,12.949,0.061
2257.68344,12.944,0.068
2260.67252,12.695,0.067
2462.94395,12.94,0.042
2497.90706,12.727,0.056
2499.90215,12.86,0.051
2502.89058,12.92,0.043
2519.87843,12.525,0.04
2519.88293,12.516,0.047
2521.85323,12.95,0.036
2544.8927,12.658,0.048
2545.78619,12.643,0.046
2552.76424,12.638,0.036
2553.81104,12.682,0.053
2553.81359,12.615,0.064
2556.82611,12.496,0.046
2556.83346,12.64,0.049
2558.79733,12.715,0.053
2560.78992,12.786,0.043
2562.77508,12.589,0.048
2564.77456,12.521,0.034
2574.74471,12.274,0.045
2577.85914,12.603,0.039
2577.87849,12.816,0.047
2621.71307,12.794,0.042
2621.72844,12.607,0.037
2623.66472,12.575,0.035
2623.66989,12.671,0.037
2625.65765,12.637,0.038
2630.80832,12.72,0.035
2630.83575,12.556,0.055
2634.66784,12.907,0.031
2634.76665,12.507,0.033
2634.77513,12.476,0.044
2636.78146,12.731,0.038
2636.78992,12.603,0.043
2638.69256,12.552,0.034
2638.77901,12.799,0.05
2640.69056,12.592,0.036
2642.68838,12.801,0.032
2642.80812,12.641,0.036
2644.75067,12.782,0.036
2645.64756,12.735,0.035
2646.66362,12.523,0.032
2646.7301,12.788,0.034
2649.65308,12.627,0.033
2649.71954,12.903,0.036
2651.6302,12.611,0.036
2651.68931,12.526,0.033
2652.61486,12.629,0.038
2652.8037,12.486,0.036
2653.67798,12.631,0.037
2654.64098,12.623,0.034
2655.71395,12.802,0.036
2657.5904,12.41,0.037
2657.67423,12.727,0.034
2658.69416,12.612,0.035
2659.61809,12.483,0.037
2659.68593,12.667,0.035
2660.67515,12.752,0.056
2661.61505,12.646,0.037
2661.68304,12.489,0.033
2662.68639,12.737,0.04
2663.61384,12.839,0.04
2663.67939,12.647,0.034
2664.67766,12.509,0.038
2665.67213,12.856,0.034
2666.67509,12.632,0.036
2667.60824,12.455,0.034
2667.67155,12.651,0.034
2669.60244,12.656,0.035
2669.66089,12.707,0.034
2670.67387,12.829,0.039
2671.60145,12.864,0.037
2671.65994,12.661,0.032
2673.59593,12.533,0.037
2673.65435,12.762,0.035
2674.6622,12.572,0.051
2675.58364,12.434,0.039
2675.64207,12.548,0.032
2676.6484,12.931,0.038
2677.57001,12.752,0.039
2677.62375,12.589,0.035
2678.63375,12.687,0.035
2679.56533,12.604,0.038
2679.61387,12.81,0.043
2680.63416,12.538,0.039
2681.57136,12.572,0.037
2681.60559,12.637,0.036
2683.57932,12.353,0.038
2683.60897,12.496,0.035
2684.63776,12.854,0.044
2684.72298,12.5,0.036
2685.61244,12.578,0.037
2686.65673,12.834,0.047
2686.66332,12.73,0.046
2688.6447,12.467,0.044
2688.6513,12.675,0.047
2689.61527,12.824,0.05
2690.65015,12.527,0.048
2691.60929,12.602,0.058
2692.63827,12.726,0.062
2693.62165,12.697,0.038
2694.64191,12.747,0.043
2694.64859,13.271,0.041
2695.60954,12.667,0.033
2696.65422,12.738,0.039
2697.61564,12.775,0.036
2698.62964,12.6,0.041
2698.6393,12.709,0.04
2699.60596,12.68,0.037
2700.62796,12.717,0.044
2700.6347,12.571,0.042
2701.60389,12.476,0.034
2702.62003,12.793,0.037
2703.59962,12.691,0.032
2704.60725,12.583,0.046
2704.61402,12.557,0.044
2705.5917,12.806,0.037
2706.58903,12.542,0.037
2706.59585,12.602,0.041
2707.58977,12.734,0.035
2709.5763,12.52,0.033
2710.56274,12.747,0.041
2710.56961,12.716,0.041
2711.57808,12.741,0.037
2711.66717,12.609,0.037
2712.5714,12.693,0.044
2713.5902,12.814,0.036
2713.63978,12.676,0.04
2714.59294,12.557,0.04
2715.58548,12.903,0.044
2715.64945,12.438,0.035
2717.58453,12.598,0.043
2719.51806,12.628,0.04
2720.56865,12.615,0.043
2721.5585,12.817,0.048
2722.56554,12.553,0.038
2723.56045,12.882,0.041
2724.56358,12.808,0.04
2725.55717,12.585,0.037
2726.56187,12.951,0.039
2727.55068,12.686,0.041
2727.5744,12.495,0.034
2728.55303,12.502,0.041
2729.54869,12.875,0.033
2729.57237,12.676,0.04
2730.54894,12.516,0.041
2733.53638,12.691,0.038
2734.53393,12.908,0.046
2735.53195,12.627,0.042
2736.51866,12.554,0.04
2737.52379,12.937,0.036
2738.5455,12.56,0.046
2739.54636,12.858,0.04
2740.5408,12.681,0.046
2741.52148,12.593,0.038
2742.54213,12.751,0.035
2743.51905,12.462,0.041
2744.54062,12.875,0.036
2750.53593,12.816,0.037
2751.51299,12.66,0.042
2752.52836,12.855,0.032
2754.5136,12.607,0.035
2756.47548,12.704,0.04
2756.51529,12.614,0.041
2758.47338,12.923,0.033
2761.46767,12.767,0.035
2761.48412,12.764,0.033
2763.47071,12.82,0.035
2763.48,12.783,0.034
2766.48736,12.803,0.032
2766.48957,12.722,0.04
2840.92937,12.535,0.035
2840.94105,12.548,0.036
2854.88859,12.6,0.033
2854.93009,12.851,0.031
2859.90638,12.623,0.036
2867.88742,12.542,0.034
2867.9054,12.725,0.036
2876.88456,12.646,0.033
2884.83008,12.986,0.035
2884.85694,12.649,0.036
2886.89715,12.768,0.046
2893.80678,12.619,0.037
2893.84015,12.559,0.036
2895.84509,12.573,0.033
2897.87471,12.724,0.032
2906.82428,12.538,0.034
2908.85679,12.547,0.04
2908.86809,12.633,0.041
2910.82735,12.812,0.033
2910.82937,12.918,0.036
2911.83179,12.533,0.034
2912.83772,12.678,0.042
2912.83973,12.65,0.045
2915.85391,12.847,0.037
2916.77882,12.89,0.031
2916.78078,12.855,0.034
2918.85985,12.741,0.053
2922.74191,12.601,0.034
2922.76029,12.501,0.037
2922.76742,12.531,0.036
2924.79447,12.686,0.035
2924.82552,12.471,0.033
2927.76591,12.587,0.034
2927.77485,12.631,0.034
2929.77157,12.823,0.032
2931.826,12.899,0.051
2931.86199,12.744,0.049
2933.81289,12.848,0.033
2934.79398,12.633,0.035
2935.8139,12.461,0.035
2939.79375,12.815,0.032
2939.81392,12.719,0.036
2939.83373,12.732,0.044
2943.73806,12.534,0.032
2943.76976,12.551,0.04
2943.776,12.483,0.034
2945.76674,12.649,0.035
2947.76715,12.922,0.037
2947.77621,12.832,0.036
2949.77588,12.683,0.033
2949.79617,12.778,0.035
2955.75018,12.795,0.045
2957.71385,12.496,0.034
2957.81229,13.132,0.034
2958.73481,12.816,0.035
2961.73094,12.597,0.036
2962.70382,12.671,0.035
2963.78352,12.751,0.037
2964.74868,12.571,0.034
2965.79293,12.763,0.037
2966.76161,12.496,0.043
2968.7084,12.821,0.036
2968.79825,12.554,0.034
2971.67896,12.899,0.037
2971.69927,12.801,0.034
2974.68439,12.85,0.036
2975.702,12.571,0.04
2976.71907,12.843,0.033
2978.71163,12.654,0.035
2978.72449,12.867,0.046
2980.73166,12.513,0.036
2980.7371,12.636,0.032
2981.73887,12.945,0.035
2982.7433,12.533,0.036
2982.74892,12.433,0.036
2983.79168,12.856,0.039
2984.79933,12.579,0.035
2984.8189,12.57,0.034
2986.6655,12.581,0.039
2987.63759,12.693,0.034
2987.66711,12.861,0.036
2989.6923,12.757,0.031
2989.72967,12.831,0.032
2991.71163,12.674,0.033
2991.73954,12.785,0.035
2993.64886,12.62,0.036
2994.63697,12.558,0.032
2996.62363,12.813,0.038
2996.68521,12.557,0.032
3000.74071,12.396,0.037
3001.67112,12.765,0.035
3001.68205,12.5,0.032
3005.66751,12.857,0.036
3007.66127,12.695,0.035
3007.66934,12.708,0.046
3009.70168,12.431,0.035
3009.7098,12.601,0.035
3011.69972,12.482,0.037
3013.73988,12.595,0.035
3013.75341,12.492,0.035
3015.79071,12.494,0.039
3016.71983,12.509,0.042
3016.73062,12.642,0.033
3018.71266,12.744,0.036
3018.72866,12.596,0.036
3023.60985,12.542,0.035
3025.72737,12.787,0.035
3029.72777,12.575,0.037
3031.64001,12.613,0.037
3033.65329,12.654,0.034
3034.61879,12.842,0.034
3035.64283,12.595,0.034
3036.6729,12.819,0.033
3039.66901,12.759,0.036
3040.70189,12.571,0.038
3042.66368,12.804,0.035
3043.63077,12.514,0.034
3045.6602,12.577,0.036
3047.62519,12.814,0.046
3048.63652,12.552,0.037
3050.59539,12.796,0.038
3051.60286,12.672,0.034
3052.69106,12.727,0.039
3053.6535,12.705,0.037
3054.70756,13.015,0.036
3057.57395,12.503,0.039
3058.57517,12.877,0.037
3060.64005,12.998,0.035
3061.67922,12.52,0.031
3064.57215,12.622,0.033
3067.61407,12.54,0.037
3068.60709,12.873,0.033
3069.6405,12.509,0.038
3070.61711,12.668,0.037
3071.65124,12.491,0.035
3072.64179,12.59,0.036
3074.59443,12.601,0.034
3075.58418,12.666,0.034
3076.61884,12.847,0.034
3077.61889,12.579,0.041
3078.62183,12.912,0.036
3079.62136,12.688,0.034
3080.63469,12.449,0.049
3081.6237,12.832,0.033
3085.59696,12.494,0.036
3086.49999,12.529,0.033
3087.59522,12.682,0.039
3088.548,12.657,0.045
3089.6194,12.523,0.038
3090.54378,12.728,0.036
3092.51547,12.725,0.033
3092.55904,12.964,0.034
3096.56023,12.548,0.032
3096.57622,12.561,0.034
3099.50951,12.498,0.042
3099.51501,12.589,0.034
3101.54662,12.524,0.034
3101.55208,12.448,0.035
3103.55323,12.667,0.033
3103.5587,12.503,0.036
3105.55579,12.932,0.036
3107.56146,12.601,0.033
3108.50816,13.152,0.033
3110.4931,12.496,0.043
3110.51791,12.62,0.033
3112.52395,12.568,0.036
3112.53905,12.596,0.033
3114.53688,12.851,0.034
3115.49091,12.569,0.032
3116.50157,12.896,0.034
3122.48625,12.73,0.033
3122.52518,12.479,0.032
3123.48538,12.406,0.038
3125.49639,12.563,0.037
3126.48016,12.643,0.034
3128.47858,12.461,0.041
3129.47146,12.744,0.035
3130.47588,12.511,0.042
3131.47324,12.487,0.036
3132.46929,12.775,0.034
3133.46458,12.533,0.038
3134.47333,12.813,0.034
3142.45858,12.658,0.033
3142.46508,12.809,0.031
3273.86749,12.829,0.041
3280.88047,12.79,0.061
3295.81736,12.588,0.067
3355.65476,12.698,0.069
3365.67802,12.605,0.085
3382.6384,12.594,0.085
3385.57638,12.861,0.046
3389.67032,12.758,0.064
3391.69889,12.858,0.073
3394.74053,12.718,0.082
3397.60058,12.578,0.049
3404.67899,12.624,0.072
3406.68062,12.484,0.048
3413.64681,12.663,0.08
3415.65184,12.893,0.071
3417.6465,12.598,0.088
3419.63756,12.549,0.078
3421.66141,12.71,0.049
3423.65086,12.841,0.058
3425.67497,12.773,0.068
3432.5778,12.881,0.087
3437.57047,12.815,0.065
3440.55966,12.721,0.052
3445.59177,12.694,0.047
3449.6257,12.832,0.061
3452.55568,12.872,0.081
3454.62024,12.682,0.047
3456.59999,12.613,0.053
3458.59187,12.731,0.039
3460.59295,12.895,0.048
3462.59938,12.857,0.047
3465.5263,12.524,0.045
3468.5583,12.848,0.044
3470.568,12.667,0.074
3473.50885,12.547,0.06
3475.55838,12.645,0.051
3478.51986,12.6,0.059
3481.52253,12.58,0.048
3491.48704,12.531,0.04
3495.49317,12.843,0.04
3499.49226,12.523,0.068
3502.47125,12.539,0.048
3513.45378,12.646,0.043
3578.93262,12.831,0.041
3591.91411,12.826,0.05
3619.8687,12.509,0.049
3624.88931,12.574,0.043
3628.88234,12.852,0.043
3631.86889,12.85,0.039
3639.83975,12.809,0.045
3643.82364,12.552,0.043
3647.86568,12.663,0.045
3650.84518,12.549,0.052
3653.85478,12.799,0.051
3659.81755,12.589,0.043
3662.81499,12.822,0.041
3665.81336,12.839,0.041
3669.80813,12.533,0.044
3672.78545,12.58,0.043
3675.789,12.703,0.046
3680.78265,12.535,0.046
3700.72,13.08,0.05
3703.71856,12.778,0.045
3706.6981,12.687,0.053
3711.81284,12.638,0.057
3713.7337,12.748,0.049
3716.65853,12.882,0.04
3718.7198,12.675,0.055
3721.64898,12.539,0.086
3726.77686,12.683,0.088
3730.64313,12.564,0.08
3733.67483,12.705,0.07
3735.78943,12.762,0.078
3740.68152,12.635,0.061
3742.81465,12.794,0.075
3747.74332,12.619,0.048
3750.62612,12.799,0.052
3755.60779,12.946,0.052
3757.67066,12.77,0.059
3759.72926,12.736,0.07
3764.72098,12.647,0.054
3772.57932,12.81,0.06
3774.67426,12.539,0.077
3776.72154,12.481,0.08
3778.69212,12.814,0.046
3788.64173,12.643,0.046
3790.69896,12.545,0.05
3793.61481,12.658,0.044
3795.65737,12.617,0.043
3797.66376,12.793,0.052
3800.57005,12.877,0.07
3803.55731,12.859,0.06
3805.57965,12.839,0.049
3808.60629,12.66,0.049
3810.60691,12.766,0.07
3812.61397,12.648,0.049
3814.61477,12.415,0.05
3817.54764,12.533,0.052
3819.5786,12.675,0.046
3822.54628,12.611,0.044
3824.5781,12.627,0.047
3826.57653,13,0.048
3829.53616,13.019,0.057
3831.5535,12.798,0.067
3833.57381,12.712,0.051
3836.50345,12.58,0.072
3849.51731,12.62,0.05
3852.48778,12.49,0.043
3854.50372,12.425,0.075
3858.48215,12.829,0.064
3861.48355,12.972,0.068
3864.47089,12.578,0.054
3868.46417,12.657,0.052
3871.46078,12.666,0.044
4091.65596,12.561,0.083
4104.66365,12.574,0.047
4106.70471,12.595,0.041
4109.72111,12.677,0.061
4125.63454,12.483,0.075
4127.64446,12.585,0.073
4129.63461,12.881,0.071
4131.66616,12.809,0.071
4133.69121,12.732,0.062
4135.70492,12.555,0.053
4137.70908,12.465,0.062
4139.73231,12.555,0.038
4141.73784,12.793,0.084
4144.57872,12.635,0.082
4146.6413,12.616,0.079
4149.72025,12.827,0.061
4152.53307,12.584,0.037
4160.64906,12.783,0.075
4164.66602,12.553,0.04
4173.53402,12.735,0.067
4175.55794,12.643,0.062
4179.55083,12.661,0.075
4181.59454,12.732,0.047
4183.61058,12.762,0.049
4189.54986,12.666,0.046
4191.56112,12.573,0.04
4193.56765,12.619,0.044
4197.53871,12.763,0.042
4203.54753,12.882,0.063
4228.49026,12.468,0.049
4231.46643,12.548,0.048
4234.46399,12.736,0.061
4307.92795,12.817,0.042
4312.93113,12.679,0.047
4331.89461,12.901,0.043
4336.8854,12.837,0.043
4340.86382,12.585,0.043
4343.8889,12.577,0.066
4346.88748,12.644,0.051
4350.87413,12.614,0.066
4354.86465,12.599,0.039
4358.84819,12.811,0.041
4362.83525,12.623,0.041
4365.85442,12.786,0.041
4368.87175,12.622,0.04
4372.8166,12.513,0.054
4376.83136,12.792,0.045
4382.85124,12.563,0.042
4386.80684,12.717,0.041
4392.79555,12.733,0.067
4399.85263,12.8,0.06
4403.80119,12.53,0.041
4407.80451,12.811,0.05
4410.76883,12.843,0.047
4420.84082,12.737,0.059
4423.76427,12.685,0.044
4427.72869,12.794,0.041
4430.70944,12.485,0.042
4432.76492,12.526,0.045
4435.69536,12.729,0.06
4437.7637,12.632,0.056
4440.69213,12.809,0.049
4443.69957,12.633,0.04
4448.79067,12.696,0.052
4453.73827,12.679,0.063
4456.64723,12.869,0.065
4458.73412,12.483,0.078
4461.67381,12.72,0.041
4466.66918,12.731,0.087
4468.79095,12.582,0.048
4471.7994,12.769,0.086
4474.76128,12.624,0.074
4477.80745,12.777,0.081
4480.59971,12.787,0.066
4484.61875,12.731,0.047
4486.67813,12.58,0.084
4488.7133,12.713,0.064
4490.73167,12.515,0.048
4492.77362,12.519,0.059
4498.74911,12.533,0.067
4501.64567,12.603,0.073
4503.73222,12.583,0.058
4506.63602,12.767,0.058
4508.71933,12.658,0.042
4511.57364,12.703,0.06
4516.6803,12.429,0.072
4519.57754,12.767,0.077
4521.61213,12.789,0.051
4523.63462,12.749,0.062
4525.65121,12.678,0.058
4527.66845,12.654,0.065
4530.59879,12.585,0.067
4532.64916,12.56,0.048
4536.52224,12.641,0.039
4538.58665,12.517,0.063
4540.59899,12.739,0.077
4542.61001,13.156,0.063
4547.54609,12.562,0.06
4552.55808,12.592,0.055
4554.58079,12.634,0.054
4556.59658,12.529,0.047
4559.53058,12.661,0.041
4562.51413,12.456,0.056
4564.55771,12.587,0.045
4567.51569,12.446,0.05
4569.53921,12.618,0.046
4571.55513,12.744,0.046
4574.51345,12.863,0.045
4576.53989,12.687,0.042
4583.47986,12.536,0.051
4588.49509,12.726,0.045
4591.47537,12.67,0.04
4594.47467,12.521,0.042
4596.48219,12.746,0.04
4602.46123,12.637,0.059
4684.91305,13.006,0.063
4698.91464,12.546,0.044
4702.89707,12.887,0.04
4708.88977,12.735,0.069
4717.86916,12.588,0.06
4721.84714,12.836,0.042
4726.84322,12.812,0.054
4729.86899,12.647,0.038
4733.88958,12.691,0.05
4740.87043,12.619,0.041
4744.84527,12.814,0.054
4751.82577,12.47,0.055
4754.82604,12.639,0.04
4757.8175,12.738,0.04
4760.81694,12.822,0.058
4763.80427,12.807,0.039
4766.79854,12.653,0.044
4769.78476,12.563,0.045
4772.77978,12.627,0.045
4775.75985,12.575,0.039
4778.76093,12.575,0.042
4782.76098,12.721,0.048
4786.74238,12.595,0.043
4792.73786,12.915,0.056
4795.7225,13.076,0.043
4798.7206,12.665,0.037
4801.70523,12.613,0.044
4804.6859,12.501,0.04
4806.78055,12.554,0.045
4809.67896,12.719,0.056
4815.65249,12.539,0.043
4818.70835,12.869,0.043
4821.64979,12.797,0.047
4823.77124,12.869,0.047
4826.72075,12.74,0.063
4829.64917,12.8,0.042
4831.80366,12.733,0.07
4834.6165,12.552,0.043
4836.69034,12.592,0.042
4843.76172,12.51,0.077
4846.71512,12.63,0.051
4848.79944,12.849,0.083
4857.67224,12.655,0.081
4861.58558,12.761,0.043
4863.64422,13.012,0.072
4868.74446,12.697,0.069
4871.61657,12.748,0.062
4876.67244,13.068,0.085
4879.62883,12.825,0.061
4881.67604,12.772,0.079
4884.6224,12.728,0.065
4887.62733,12.847,0.084
4892.65778,12.741,0.067
4905.56332,12.795,0.071
4911.57508,12.797,0.054
4916.50953,12.706,0.056
4918.59712,12.806,0.073
4921.52527,12.643,0.061
4932.51701,12.704,0.06
4938.51071,12.624,0.051
4966.47585,12.932,0.061
5069.88239,12.632,0.07
5075.88723,12.736,0.074
5085.8741,12.451,0.047
5093.83619,12.543,0.05
5098.866,12.54,0.044
5113.84094,12.72,0.045
5118.78219,12.859,0.048
5123.77731,12.666,0.06
5143.85237,12.736,0.046
5147.77047,12.853,0.045
5155.77847,12.893,0.06
5162.71853,12.524,0.069
5165.70094,12.568,0.051
5168.7176,12.794,0.047
