2621.73314,8.223,0.035
2623.68761,8.29,0.033
2625.67767,8.337,0.036
2629.70272,8.338,0.037
2634.73381,7.916,0.034
2636.75554,8.51,0.036
2638.74463,7.919,0.037
2640.7426,8.492,0.038
2643.61961,8.227,0.032
2645.64754,8.494,0.032
2650.62257,7.824,0.031
2652.62858,8.462,0.036
2657.62318,8.536,0.044
2659.63717,8.178,0.036
2661.63424,8.545,0.035
2663.63297,8.168,0.033
2665.62795,8.555,0.034
2667.62726,8.164,0.033
2669.61908,8.566,0.035
2671.61803,8.135,0.035
2673.61244,8.568,0.036
2675.6001,8.131,0.036
2677.57894,8.558,0.035
2679.56905,8.08,0.036
2684.54872,8.386,0.04
2686.563,7.834,0.038
2690.56174,7.884,0.035
2692.55893,8.362,0.035
2694.56538,7.906,0.034
2696.5629,8.365,0.032
2698.557,7.97,0.036
2700.56163,8.354,0.035
2702.5533,8.016,0.033
2704.54187,8.348,0.033
2706.53055,8.093,0.032
2712.50443,8.299,0.039
2714.51904,8.217,0.041
2717.51881,8.518,0.038
2720.5122,8.296,0.035
2722.51619,8.3,0.035
2724.51664,8.281,0.033
2726.51458,8.338,0.034
2728.51292,8.279,0.034
2730.50879,8.39,0.035
2740.48382,8.246,0.035
2745.47511,8.491,0.052
2885.9041,8.288,0.033
2897.88573,8.256,0.038
2906.87513,8.474,0.031
2908.88484,7.846,0.032
2910.87414,8.475,0.033
2916.83139,7.806,0.033
2922.8186,8.438,0.041
2924.85108,7.796,0.038
2930.87288,8.435,0.032
2933.8158,8.131,0.034
2935.84456,8.556,0.039
2939.83073,8.563,0.031
2943.79578,8.554,0.033
2948.79519,7.841,0.034
2951.77252,8.546,0.038
2957.80196,8.056,0.04
2963.7472,8.538,0.035
2965.78229,8.014,0.039
2968.72789,8.116,0.034
2974.71885,8.294,0.032
2976.73284,8.221,0.06
2978.73627,8.294,0.036
2984.73062,8.307,0.033
2986.78389,8.293,0.037
2989.67932,7.9,0.034
2991.69939,8.496,0.03
2993.71413,7.883,0.044
2995.76597,8.492,0.035
2998.64838,8.237,0.03
3001.66855,7.854,0.03
3005.66164,7.84,0.03
3012.64983,8.525,0.044
3017.65985,7.787,0.031
3019.65309,8.441,0.034
3025.60679,7.772,0.034
3029.62133,7.791,0.032
3031.66607,8.442,0.041
3034.57128,8.1,0.036
3043.58721,8.365,0.035
3045.6115,7.83,0.031
3048.59423,8.551,0.041
3051.58382,8.336,0.038
3053.63498,7.883,0.036
3056.54547,8.534,0.04
3061.54232,8.097,0.04
3068.58672,8.528,0.042
3071.53505,8.296,0.043
3074.57098,7.966,0.039
3077.51626,8.316,0.041
3079.54631,8.27,0.045
3082.52773,7.999,0.042
3087.50991,8.233,0.031
3098.48918,7.866,0.043
3101.48953,8.488,0.042
3104.48486,8.465,0.038
3107.48539,8.209,0.04
3111.4722,8.161,0.063
3268.88528,8.195,0.043
3271.88582,7.819,0.033
3279.8525,7.81,0.036
3295.81455,7.814,0.029
3355.66154,8.506,0.032
3358.65142,8.469,0.034
3367.7199,8.497,0.043
3374.715,8.408,0.04
3383.67933,8.571,0.054
3385.69171,8.216,0.063
3387.72022,8.557,0.039
3394.64737,8.406,0.042
3396.65218,7.897,0.056
3398.6724,8.38,0.052
3404.63542,7.91,0.042
3406.62982,8.343,0.05
3408.64248,7.976,0.062
3411.59391,8.516,0.047
3413.63682,8.071,0.054
3415.63075,8.523,0.041
3421.56409,8.009,0.059
3425.6135,7.975,0.044
3427.60588,8.522,0.04
3430.54643,8.268,0.058
3434.55771,8.222,0.039
3437.54819,7.934,0.032
3440.54051,8.411,0.045
3443.56453,8.486,0.043
3449.50138,7.847,0.048
3454.53435,8.278,0.054
3456.53865,8.478,0.046
3459.50729,8.478,0.051
3461.50964,7.806,0.049
3464.50207,8.521,0.065
3468.49513,8.533,0.046
3471.48801,8.565,0.041
3476.47641,8.63,0.061
3622.90955,7.835,0.039
3630.88447,7.8,0.043
3640.85162,8.538,0.04
3644.85374,8.423,0.046
3651.83588,8.105,0.05
3654.8337,7.821,0.044
3657.8249,8.549,0.044
3660.81416,8.376,0.05
3668.80677,8.362,0.038
3671.785,8.03,0.04
3674.77792,8.044,0.041
3677.76929,8.518,0.047
3700.70739,8.277,0.046
3703.70767,7.897,0.04
3706.69268,8.481,0.05
3712.69693,8.216,0.041
3714.69101,8.517,0.044
3716.77518,8.287,0.05
3721.7465,8.499,0.049
3724.67144,8.218,0.044
3726.746,8.573,0.05
3730.64245,8.522,0.05
3732.56418,8.116,0.043
3733.62487,8.403,0.045
3733.71656,8.462,0.045
3734.55055,8.563,0.046
3735.54875,7.797,0.043
3735.57792,7.775,0.038
3735.60534,7.778,0.041
3736.53773,8.107,0.047
3736.56597,8.092,0.042
3736.7106,8.122,0.052
3737.55485,8.396,0.038
3737.58403,8.408,0.038
3739.59863,7.789,0.041
3741.69837,8.397,0.045
3745.59955,8.443,0.054
3749.66713,8.431,0.06
3750.72861,8.537,0.057
3750.73108,8.55,0.052
3750.73368,8.555,0.054
3750.73616,8.543,0.051
3750.7387,8.551,0.051
3750.74116,8.561,0.054
3750.74366,8.552,0.052
3750.74621,8.554,0.051
3750.74873,8.56,0.054
3750.75124,8.544,0.052
3750.75379,8.567,0.051
3750.75621,8.555,0.052
3750.75872,8.57,0.054
3750.76124,8.545,0.055
3750.76371,8.558,0.054
3752.66803,8.095,0.057
3754.71128,8.58,0.058
3757.64738,8.426,0.051
3759.70459,7.846,0.058
3762.63945,8.463,0.062
3765.62698,8.375,0.046
3768.61605,8.03,0.046
3776.59482,7.978,0.058
3778.61514,8.542,0.057
3789.55484,8.347,0.06
3791.58737,8.307,0.057
3794.57365,8.54,0.057
3797.54628,8.237,0.054
3803.52283,8.511,0.062
3805.56926,8.284,0.054
3809.52272,8.23,0.048
3811.54814,8.499,0.054
3813.54929,8.276,0.052
3816.52768,7.84,0.056
3819.51665,8.55,0.055
3822.50842,8.491,0.056
3825.49705,8.169,0.067
3831.48468,8.525,0.06
3834.4903,8.361,0.062
3837.47988,8.168,0.058
4091.65262,8.07,0.047
4104.69648,8.381,0.054
4106.73072,7.785,0.039
4126.55586,8.149,0.033
4131.62696,8.006,0.046
4133.6311,8.554,0.052
4135.65554,7.989,0.042
4137.65636,8.529,0.042
4139.66558,7.986,0.036
4142.59571,8.506,0.044
4144.64321,8.337,0.047
4147.57612,7.913,0.033
4151.5678,7.931,0.037
4153.57318,8.527,0.037
4159.54457,7.862,0.045
4161.55439,8.483,0.043
4163.5697,7.853,0.052
4165.59751,8.43,0.052
4172.54805,8.188,0.055
4174.56726,8.499,0.037
4179.52788,7.767,0.036
4186.49011,8.548,0.034
4190.51011,8.597,0.04
4193.49684,8.443,0.045
4197.49429,8.306,0.045
4201.48587,8.393,0.035
4205.47981,8.346,0.038
4342.91607,8.438,0.056
4350.90411,8.419,0.038
4355.89294,8.567,0.034
4363.87265,8.538,0.037
4367.87297,8.533,0.039
4378.83243,8.329,0.05
4381.86651,8.006,0.044
4384.8357,8.007,0.041
4387.82616,8.518,0.041
4399.81844,8.515,0.042
4406.79645,8.274,0.055
4409.77057,7.908,0.035
4412.77753,8.419,0.032
4420.7581,8.466,0.049
4423.74555,8.493,0.041
4426.81709,8.215,0.061
4431.80666,8.461,0.04
4437.69037,7.791,0.034
4440.68354,8.825,0.03
4443.74232,8.428,0.042
4459.69135,8.413,0.05
4462.66889,8.087,0.037
4464.76974,8.581,0.041
4467.65935,8.308,0.037
4469.75129,7.847,0.041
4473.67841,8.001,0.045
4476.67113,8.462,0.04
4478.72478,8.044,0.052
4481.61575,8.111,0.059
4486.64582,7.984,0.061
4488.6682,8.483,0.064
4490.67972,7.989,0.038
4492.70373,8.542,0.033
4499.56745,8.273,0.037
4501.66578,8.27,0.042
4506.66388,7.93,0.041
4509.57489,8.435,0.046
4517.56332,8.462,0.039
4519.60539,8.143,0.048
4522.54275,7.849,0.052
4527.53976,8.252,0.046
4529.59114,8.533,0.045
4532.57017,8.467,0.041
4535.56296,8.178,0.043
4541.5055,8.628,0.043
4543.54778,8.148,0.051
4546.53131,7.802,0.053
4548.53718,8.444,0.045
4554.51565,7.758,0.049
4557.51018,8.498,0.043
4563.49223,8.029,0.042
4569.48441,8.554,0.049
4574.46885,8.027,0.045
4722.89015,8.666,0.033
4728.88396,8.144,0.035
4746.86203,8.516,0.036
4750.85767,8.521,0.033
4753.8526,8.302,0.036
4756.84182,7.964,0.041
4760.82403,7.93,0.035
4763.82848,8.321,0.037
4769.80391,8.251,0.033
4772.80528,7.869,0.033
4775.78867,8.471,0.034
4778.7812,8.46,0.034
4782.78164,8.482,0.041
4787.79387,8.501,0.041
4793.74234,8.179,0.04
4796.78886,7.799,0.035
4802.71143,8.369,0.036
4805.70826,8.131,0.033
4807.73285,8.557,0.035
4809.79559,8.137,0.033
4814.72083,8.397,0.045
4818.6839,8.387,0.04
4820.7658,7.87,0.039
4823.71105,8.536,0.054
4826.68329,8.377,0.043
4829.66001,8.011,0.034
4842.6413,8.31,0.044
4847.71217,8.539,0.036
4850.63,8.282,0.049
4852.71489,8.181,0.047
4855.71008,8.564,0.044
4858.67475,8.288,0.046
4862.58586,8.238,0.051
4869.56841,7.875,0.066
4871.66285,8.44,0.048
4877.58197,7.848,0.074
4880.58795,8.588,0.058
4882.63273,8.194,0.047
4886.53826,8.158,0.046
4892.53176,8.496,0.067
4904.55292,8.567,0.056
4907.53385,8.382,0.064
4916.51777,8.589,0.069
4919.50721,8.427,0.058
4932.4799,8.5,0.071
4935.48283,8.365,0.065
4938.47743,8.015,0.076
5084.90671,8.359,0.054
5089.89241,8.537,0.048
5093.88884,8.544,0.049
5099.89619,8.005,0.05
5106.88083,8.181,0.052
5111.86494,7.951,0.056
5116.86617,8.279,0.049
5146.84312,8.531,0.051
5155.78257,7.809,0.052
5158.76033,8.548,0.062
5162.74001,8.564,0.051
5165.7213,8.383,0.057
