1868.73571,12.139,0.037
1869.72818,12.185,0.037
1870.73595,12.411,0.039
1872.73833,12.22,0.04
1873.73295,12.699,0.041
1874.73405,12.16,0.039
1875.72244,12.118,0.037
1876.72358,12.581,0.037
1877.7242,12.186,0.037
1878.72536,12.155,0.034
1879.71462,12.306,0.037
1880.70151,12.139,0.035
1880.70408,12.147,0.039
1881.70771,12.152,0.036
1884.68938,12.189,0.037
1885.70408,12.144,0.037
1886.69653,12.16,0.038
1887.68965,12.164,0.037
1889.69024,12.156,0.036
1899.66744,12.165,0.035
1902.65435,12.364,0.035
1904.65596,12.156,0.036
1905.65593,12.78,0.037
1906.64661,12.166,0.036
1908.6462,12.583,0.036
1913.62738,12.219,0.034
1918.62343,12.15,0.036
1928.58725,12.159,0.036
1936.56723,12.178,0.038
1949.61973,12.145,0.04
1961.57478,12.245,0.046
1966.5625,12.62,0.045
1968.5453,12.226,0.05
1982.50425,12.229,0.048
1985.54665,12.23,0.053
1995.49043,12.326,0.051
2115.93796,12.198,0.043
2129.90074,12.165,0.043
2131.90698,12.425,0.044
2133.90784,12.136,0.04
2135.9044,12.114,0.055
2140.91094,12.244,0.048
2143.90619,12.41,0.043
2156.88317,12.233,0.037
2166.89983,12.618,0.038
2168.85088,12.196,0.039
2171.84432,12.196,0.038
2173.82454,12.185,0.042
2183.82634,12.208,0.05
2185.88154,12.094,0.055
2189.84053,12.203,0.041
2191.79085,12.249,0.039
2192.85218,12.495,0.041
2194.78233,12.211,0.038
2196.79342,12.176,0.041
2199.7776,12.239,0.041
2201.77547,12.367,0.058
2206.7672,12.257,0.04
2208.80585,12.125,0.052
2212.72083,12.071,0.046
2213.76179,12.291,0.044
2214.76914,12.076,0.045
2215.80802,12.33,0.062
2216.76611,12.239,0.044
2222.77171,12.245,0.045
2224.75629,12.418,0.044
2226.75577,12.092,0.047
2228.74602,12.244,0.044
2229.76965,12.177,0.043
2232.74161,12.283,0.043
2233.7401,12.339,0.044
2234.74265,12.232,0.042
2235.7318,12.27,0.042
2237.7351,12.421,0.047
2239.71876,12.365,0.046
2240.72414,12.171,0.046
2241.72526,12.245,0.046
2242.71119,12.12,0.047
2243.71363,12.7,0.048
2248.71133,12.069,0.051
2249.70793,12.178,0.047
2251.70742,12.244,0.048
2253.69666,12.04,0.047
2255.68711,12.331,0.049
2256.68594,12.335,0.051
2263.66868,12.276,0.057
2499.9086,12.266,0.045
2502.90839,12.186,0.046
2521.87829,12.143,0.04
2553.82736,12.122,0.054
2556.84728,12.214,0.051
2558.80701,12.238,0.048
2560.80418,12.178,0.036
2562.7848,12.157,0.04
2564.7866,12.09,0.04
2621.71181,12.212,0.032
2623.67771,12.186,0.033
2625.66544,12.155,0.034
2628.6555,12.154,0.031
2630.8351,12.251,0.042
2634.77445,12.184,0.032
2636.78923,12.393,0.033
2638.77832,12.175,0.034
2643.60892,12.151,0.032
2645.65136,12.845,0.033
2647.63182,12.291,0.037
2650.61041,12.233,0.035
2651.79312,12.157,0.033
2655.74418,12.201,0.038
2658.70211,12.119,0.034
2662.69425,12.204,0.035
2664.6855,12.13,0.036
2666.68295,12.129,0.035
2668.68853,12.258,0.04
2670.68166,12.173,0.039
2672.68227,12.166,0.047
2674.66993,12.712,0.036
2676.6561,12.197,0.041
2678.64141,12.187,0.035
2680.63954,12.277,0.037
2684.64309,12.15,0.039
2686.65953,12.188,0.035
2688.64747,12.203,0.034
2690.64627,12.173,0.032
2692.64097,12.172,0.037
2694.64459,12.207,0.033
2696.65686,12.158,0.032
2698.63225,12.158,0.033
2700.63054,12.395,0.032
2702.62259,12.13,0.032
2704.60976,12.165,0.033
2706.5915,12.712,0.033
2710.56515,12.129,0.032
2717.58682,12.201,0.033
2720.57089,12.181,0.034
2722.56774,12.112,0.031
2724.56573,12.173,0.03
2726.56399,12.171,0.032
2728.55512,12.145,0.031
2730.55101,12.161,0.032
2734.53591,12.128,0.032
2736.52061,12.159,0.032
2738.54743,12.637,0.035
2740.54268,12.28,0.032
2742.54399,12.138,0.031
2745.49167,12.071,0.038
2750.51241,12.17,0.03
2752.51176,12.145,0.032
2758.47049,12.117,0.059
2761.4647,12.128,0.033
2763.46769,12.175,0.035
2770.46646,12.735,0.036
2776.45671,12.244,0.039
2862.92391,12.167,0.04
2877.88632,12.421,0.047
2884.87745,12.144,0.034
2893.85844,12.137,0.037
2896.84866,12.186,0.034
2899.86964,12.173,0.032
2903.89028,12.778,0.038
2910.85524,12.213,0.032
2912.86319,12.122,0.033
2916.80251,12.169,0.045
2921.85645,12.213,0.046
2923.82896,12.191,0.034
2926.83478,12.15,0.036
2931.7948,12.151,0.033
2934.80141,12.149,0.042
2939.81903,12.144,0.037
2943.7794,12.167,0.034
2946.73444,12.213,0.035
2948.78518,12.189,0.034
2950.74486,12.24,0.032
2952.81117,12.195,0.036
2955.75815,12.14,0.039
2961.73897,12.249,0.033
2963.80214,12.169,0.033
2965.81314,12.168,0.034
2968.7194,12.203,0.033
2971.70742,12.159,0.036
2974.70824,12.137,0.033
2976.72242,12.182,0.036
2976.73426,12.155,0.037
2978.73307,12.207,0.034
2980.74548,12.134,0.047
2982.75752,12.203,0.038
2985.67793,12.111,0.032
2987.72299,12.174,0.035
2989.77832,12.2,0.033
2994.7447,12.238,0.031
2996.69851,12.804,0.037
2998.7291,12.156,0.03
3001.69326,12.162,0.032
3005.67615,12.237,0.033
3007.68282,12.115,0.033
3009.71822,12.139,0.033
3011.71689,12.178,0.034
3013.76182,12.162,0.034
3016.73899,12.196,0.033
3023.6195,12.143,0.035
3025.73421,12.638,0.033
3029.73461,12.123,0.035
3034.62299,12.401,0.032
3036.67699,12.154,0.039
3043.62249,12.227,0.034
3045.65141,12.204,0.034
3048.62766,12.208,0.035
3050.70178,12.142,0.033
3053.60865,12.154,0.032
3055.67329,12.179,0.033
3057.69116,12.614,0.041
3060.57777,12.709,0.032
3064.62985,12.156,0.034
3067.63919,12.136,0.033
3070.56786,12.141,0.033
3072.61423,12.259,0.033
3075.56676,12.162,0.035
3077.58214,12.177,0.033
3081.61647,12.195,0.032
3086.49796,12.165,0.033
3088.5459,12.102,0.033
3090.54163,12.231,0.039
3092.55685,12.627,0.031
3096.55787,12.139,0.042
3101.5441,12.287,0.037
3103.55064,12.131,0.034
3105.55317,12.173,0.037
3108.50545,12.175,0.034
3112.53542,12.124,0.034
3115.48798,12.233,0.034
3122.46807,12.158,0.033
3125.48482,12.131,0.032
3128.47278,12.129,0.034
3131.46723,12.159,0.036
3265.84516,12.224,0.04
3269.84063,12.327,0.045
3272.8731,12.112,0.038
3279.84407,12.185,0.039
3294.87991,12.205,0.041
3298.82941,12.176,0.04
3358.66184,12.178,0.032
3365.68715,12.119,0.058
3365.70169,12.184,0.04
3366.70356,12.154,0.05
3386.75114,12.127,0.047
3388.72703,12.191,0.045
3391.58768,12.374,0.053
3394.6886,12.113,0.047
3396.71939,12.169,0.042
3399.58778,12.138,0.034
3404.65115,12.19,0.049
3406.64684,12.205,0.045
3408.66091,12.454,0.052
3411.58476,12.442,0.041
3415.62249,12.189,0.043
3417.63055,12.492,0.045
3419.62095,12.114,0.055
3421.648,12.125,0.037
3425.66104,12.215,0.049
3434.57058,12.156,0.046
3437.55965,12.18,0.039
3440.55194,12.199,0.049
3445.58408,12.2,0.047
3447.59844,12.115,0.045
3457.5509,12.156,0.036
3459.56674,12.175,0.036
3462.49165,12.21,0.044
3464.55374,12.13,0.049
3468.5033,12.222,0.036
3470.51568,12.166,0.038
3472.5433,12.474,0.042
3475.49296,12.507,0.046
3478.49527,12.699,0.034
3481.49888,12.291,0.038
3490.48015,12.14,0.036
3499.47479,12.183,0.038
3502.45933,12.234,0.037
3591.93032,12.233,0.038
3603.90567,12.2,0.036
3619.89307,12.155,0.037
3625.90087,12.184,0.044
3629.85187,12.112,0.038
3633.84752,12.172,0.036
3636.87984,12.209,0.04
3640.84637,12.491,0.041
3644.84589,12.158,0.041
3648.83585,12.142,0.054
3651.851,12.156,0.036
3654.84145,12.162,0.037
3657.82707,12.14,0.039
3660.82415,12.138,0.036
3663.81893,12.219,0.039
3666.81419,12.153,0.04
3670.76868,12.16,0.035
3673.78483,12.157,0.04
3680.78589,12.161,0.035
3700.72608,12.22,0.036
3703.7278,12.149,0.034
3706.7094,12.217,0.042
3711.74282,12.165,0.036
3713.71596,12.15,0.038
3716.66884,12.159,0.035
3718.71027,12.182,0.039
3720.81315,12.175,0.051
3726.65997,12.218,0.033
3728.73989,12.148,0.045
3732.66884,12.214,0.041
3735.6703,12.254,0.039
3737.79541,12.183,0.044
3740.61518,12.198,0.035
3742.72487,12.209,0.042
3745.64384,12.186,0.04
3747.71151,12.234,0.048
3750.62161,12.106,0.045
3753.63813,12.861,0.052
3755.69886,12.186,0.049
3757.75576,12.102,0.042
3760.6355,12.14,0.044
3762.72057,12.408,0.047
3767.69165,12.103,0.052
3770.57287,12.262,0.043
3772.65098,12.101,0.058
3774.7223,12.248,0.039
3777.57994,12.189,0.049
3779.61412,12.079,0.049
3787.56386,12.129,0.057
3789.62618,12.167,0.04
3791.65165,12.192,0.039
3794.6066,12.27,0.038
3796.63564,12.171,0.036
3799.56879,12.325,0.04
3801.61635,12.223,0.043
3804.55787,12.111,0.041
3806.57162,12.149,0.044
3809.59862,12.193,0.039
3811.60274,12.129,0.04
3813.6111,12.157,0.039
3816.55253,12.235,0.045
3818.58416,12.203,0.035
3820.59981,12.217,0.036
3823.53867,12.118,0.039
3825.56923,12.159,0.044
3828.49349,12.192,0.049
3830.56523,12.099,0.045
3833.50679,12.123,0.044
3835.52828,12.19,0.047
3837.54416,12.345,0.04
3848.47805,12.181,0.038
3850.50727,12.179,0.043
3853.48543,12.154,0.036
3860.48307,12.147,0.042
3864.4609,12.631,0.045
3868.45837,12.154,0.037
3871.45219,12.125,0.044
3983.87541,12.135,0.039
4090.66892,12.556,0.035
4103.71165,12.17,0.043
4105.78499,12.222,0.045
4109.6089,12.125,0.04
4126.59916,12.19,0.035
4130.63175,12.122,0.048
4132.63625,12.137,0.057
4134.65737,12.159,0.045
4140.67372,12.222,0.046
4142.70214,12.151,0.038
4145.59271,12.138,0.044
4147.65499,12.18,0.055
4153.60504,12.156,0.041
4155.61946,12.12,0.039
4157.65753,12.179,0.042
4159.64942,12.137,0.04
4164.55757,12.149,0.042
4166.63202,12.184,0.053
4172.60284,12.286,0.06
4174.61319,12.193,0.051
4177.60999,12.269,0.043
4180.56704,12.391,0.045
4189.49652,12.506,0.035
4191.52921,12.112,0.038
4193.54582,12.211,0.051
4197.52072,12.177,0.048
4216.47679,12.133,0.043
4228.46089,12.071,0.044
4231.45731,12.165,0.047
4236.45546,12.17,0.046
4305.937,12.22,0.039
4331.91687,12.013,0.046
4339.90361,12.065,0.038
4343.877,12.239,0.045
4354.88026,12.508,0.034
4358.866,12.208,0.036
4362.85648,12.176,0.041
4365.86886,12.274,0.037
4369.83133,12.195,0.041
4372.86637,12.06,0.042
4376.85193,12.267,0.038
4379.87178,12.127,0.042
4383.83893,12.842,0.04
4386.84154,12.447,0.037
4398.85257,12.161,0.044
4402.81679,12.231,0.037
4406.83142,12.138,0.049
4412.82614,12.813,0.04
4418.80029,12.348,0.039
4421.779,12.13,0.045
4424.82477,12.098,0.04
4427.81111,12.128,0.044
4430.72548,12.182,0.038
4432.78094,12.219,0.041
4435.71105,12.163,0.055
4438.6989,12.247,0.039
4440.79941,12.069,0.042
4456.71481,12.306,0.053
4459.64175,12.176,0.04
4461.73214,12.139,0.04
4464.62919,12.253,0.046
4466.73034,12.186,0.042
4469.64352,12.194,0.042
4472.72081,12.239,0.052
4475.62186,12.075,0.041
4478.63224,12.164,0.043
4480.74312,12.213,0.05
4484.63111,12.11,0.037
4488.73926,12.27,0.046
4491.58483,12.158,0.043
4493.64024,12.134,0.038
4499.63298,12.266,0.041
4502.60448,12.19,0.052
4504.66606,12.157,0.044
4507.56697,12.33,0.052
4512.563,12.24,0.049
4518.56957,12.138,0.042
4520.60572,12.211,0.037
4522.61195,12.187,0.047
4524.61221,12.17,0.035
4526.64397,12.153,0.046
4529.56952,12.184,0.056
4532.56179,12.312,0.039
4535.55483,12.157,0.041
4537.61766,12.616,0.038
4539.62095,12.237,0.056
4542.55154,12.181,0.044
4546.59647,12.249,0.043
4548.59374,12.212,0.041
4551.58617,12.259,0.039
4554.54452,12.122,0.038
4558.57055,12.104,0.039
4561.55231,12.236,0.042
4564.52166,12.189,0.041
4566.54495,12.413,0.048
4569.50947,12.712,0.045
4571.53302,12.206,0.039
4574.51053,12.175,0.04
4579.46983,12.131,0.037
4583.47134,12.125,0.042
4588.47805,12.18,0.042
4591.46586,12.087,0.044
4594.46605,12.207,0.042
4597.46019,12.152,0.039
4602.45362,12.212,0.047
4684.92746,12.141,0.038
4691.90976,12.236,0.038
4703.90693,12.166,0.036
4708.91545,12.58,0.035
4721.87873,12.216,0.035
4726.86503,12.148,0.036
4730.86431,12.198,0.039
4734.88255,12.481,0.033
4741.84447,12.283,0.034
4749.84251,12.286,0.037
4752.83576,12.156,0.037
4755.82342,12.155,0.037
4758.81677,12.162,0.036
4761.80598,12.218,0.038
4764.79839,12.133,0.036
4767.79588,12.2,0.038
4770.78583,12.163,0.037
4773.77463,12.284,0.035
4776.76655,12.112,0.037
4779.74643,12.2,0.036
4783.75643,12.142,0.04
4792.74845,12.178,0.038
4795.73509,12.228,0.042
4798.72982,12.632,0.043
4801.71193,12.689,0.036
4804.7075,12.405,0.041
4807.6774,12.252,0.037
4809.74307,12.202,0.038
4815.66826,12.358,0.04
4818.7233,12.126,0.04
4826.72994,12.154,0.055
4829.65264,12.206,0.038
4831.80787,12.133,0.047
4834.62072,12.099,0.04
4836.69374,12.271,0.038
4843.76587,12.195,0.048
4846.71931,12.129,0.044
4849.62535,12.163,0.038
4857.68338,12.133,0.048
4861.58959,12.103,0.045
4863.64834,12.272,0.056
4869.62544,12.263,0.056
4871.67936,12.104,0.043
4877.60206,12.215,0.05
4880.60787,12.14,0.046
4888.668,12.494,0.054
4893.64379,12.246,0.044
4903.56666,12.162,0.053
4914.53968,12.162,0.047
4919.55056,12.173,0.059
4924.49618,12.183,0.048
5082.8942,12.042,0.054
5086.86423,12.182,0.049
5098.89518,12.111,0.039
5122.86872,12.193,0.049
5132.79713,12.135,0.045
5148.76462,12.3,0.049
5154.7836,12.299,0.048
5157.73145,12.181,0.041
5160.7482,12.129,0.048
5163.71262,12.105,0.047
5166.72808,12.214,0.047
