2621.73544,10.428,0.033
2623.69232,9.685,0.036
2625.69596,10.203,0.034
2629.70502,9.841,0.04
2634.73847,9.672,0.05
2639.66729,9.482,0.032
2641.66998,10.093,0.031
2643.67951,10.414,0.031
2645.65672,9.643,0.032
2647.64635,10.174,0.037
2650.6272,9.475,0.03
2652.63087,10.064,0.035
2657.62548,9.921,0.042
2659.63945,10.354,0.034
2663.63526,10.046,0.033
2665.63023,10.385,0.031
2667.62954,9.585,0.032
2669.62136,10.144,0.032
2673.61472,9.739,0.032
2675.60238,10.236,0.032
2677.58125,10.269,0.033
2679.57133,9.861,0.033
2684.551,9.716,0.042
2686.56527,10.206,0.04
2688.56531,10.323,0.035
2690.56401,9.859,0.032
2692.56122,10.271,0.032
2694.56767,9.704,0.032
2698.55928,10.362,0.033
2700.56389,9.516,0.031
2702.55557,10.093,0.033
2706.53282,9.643,0.03
2712.50903,9.783,0.037
2714.52365,10.277,0.037
2717.5234,9.61,0.05
2723.49816,9.774,0.031
2725.49956,10.253,0.03
2727.49754,10.065,0.031
2733.48738,9.49,0.04
2911.88296,9.922,0.043
2916.86654,9.726,0.036
2922.84634,9.841,0.042
2930.87524,10.368,0.034
2933.82736,9.874,0.037
2939.84207,9.979,0.036
2943.81866,9.515,0.035
2946.78519,10.285,0.047
2948.80713,9.84,0.038
2951.78477,10.17,0.036
2957.8044,10.284,0.038
2963.75734,10.326,0.035
2965.78719,9.486,0.04
2971.73606,9.6,0.033
2974.72892,10.325,0.037
2978.73881,10.044,0.034
2985.72604,10.324,0.034
2987.74535,9.538,0.033
2992.67798,10.281,0.033
2996.70475,10.293,0.029
3001.70235,10.212,0.027
3005.67189,9.84,0.031
3012.65237,10.166,0.041
3017.66229,10.082,0.035
3019.65811,10.459,0.035
3041.58991,10.421,0.046
3044.56309,9.89,0.037
3049.59901,9.748,0.037
3052.57708,10.357,0.051
3057.55174,10.321,0.047
3060.5366,9.707,0.039
3067.53333,10.111,0.036
3072.53364,9.986,0.06
3268.88243,10.375,0.032
3271.87174,10.056,0.037
3273.88628,10.401,0.044
3274.86275,10.038,0.038
3280.84444,9.467,0.037
3295.80334,10.358,0.034
3298.79484,9.865,0.028
3321.76784,10.101,0.047
3321.79826,10.129,0.05
3321.80459,10.044,0.049
3321.80837,10.1,0.051
3326.78546,9.97,0.056
3326.78823,9.945,0.048
3326.79077,10.05,0.052
3326.79576,9.97,0.051
3326.79855,9.97,0.038
3326.80143,9.98,0.041
3326.80425,9.972,0.042
3326.86461,9.989,0.047
3327.73838,10.345,0.046
3327.75138,10.158,0.051
3327.75401,10.2,0.044
3328.76932,10.304,0.054
3328.77194,10.377,0.049
3328.77458,10.314,0.051
3328.7773,10.395,0.053
3328.78002,10.352,0.036
3328.78257,10.35,0.038
3328.78515,10.403,0.062
3328.78859,10.423,0.059
3329.71678,10.413,0.056
3329.72466,10.396,0.053
3329.73533,10.428,0.048
3329.74643,10.36,0.048
3329.74864,10.387,0.047
3329.75139,10.428,0.067
3329.75979,10.371,0.057
3329.76508,10.421,0.042
3329.76732,10.397,0.052
3329.80002,10.412,0.064
3330.76483,9.484,0.053
3330.7675,9.477,0.045
3330.77015,9.49,0.047
3330.77272,9.483,0.065
3330.77539,9.476,0.05
3330.77807,9.505,0.051
3330.78073,9.51,0.054
3330.78343,9.908,0.038
3330.80203,9.512,0.047
3334.70697,10.379,0.045
3334.74684,10.43,0.037
3334.75024,10.391,0.045
3334.75447,10.422,0.064
3334.75717,10.416,0.043
3334.76212,10.418,0.047
3334.76494,10.434,0.048
3334.76762,10.43,0.037
3334.7703,10.411,0.045
3335.75635,9.941,0.047
3335.75906,9.939,0.049
3336.79653,9.618,0.059
3336.79957,9.669,0.065
3336.80605,9.621,0.055
3336.80924,9.645,0.061
3337.71142,9.959,0.063
3337.7139,9.912,0.063
3338.70894,10.195,0.055
3338.75962,10.156,0.052
3339.68763,10.356,0.05
3339.70082,10.33,0.051
3339.70348,10.348,0.054
3339.70621,10.292,0.043
3339.7549,10.332,0.056
3339.78224,10.315,0.068
3339.78513,10.327,0.052
3339.79778,10.341,0.047
3340.74842,10.441,0.05
3340.75088,10.389,0.052
3340.8165,10.383,0.048
3341.71093,9.491,0.044
3341.71624,9.497,0.065
3341.71894,9.513,0.045
3341.73713,9.503,0.052
3341.77176,9.454,0.053
3341.77454,9.47,0.049
3341.77723,9.449,0.05
3341.77991,9.536,0.064
3341.78264,9.466,0.065
3343.69792,10.048,0.053
3343.70859,10.003,0.061
3343.80652,10.04,0.053
3344.73662,10.201,0.054
3344.75829,10.249,0.059
3344.76099,10.17,0.051
3344.76369,10.317,0.059
3345.6401,10.361,0.035
3345.65321,10.359,0.045
3345.65598,10.758,0.045
3345.66099,10.351,0.044
3347.70946,9.605,0.064
3347.71988,9.562,0.056
3347.78951,9.627,0.053
3347.79481,9.627,0.049
3348.68646,9.938,0.058
3348.72143,9.928,0.059
3348.72409,9.967,0.06
3348.7291,9.874,0.057
3348.73584,9.915,0.056
3348.74085,9.949,0.052
3349.66968,10.126,0.053
3349.67231,10.124,0.057
3349.7429,10.111,0.071
3351.66409,10.457,0.048
3351.66687,10.365,0.05
3351.66965,10.424,0.046
3351.68096,10.443,0.059
3351.6839,10.435,0.05
3351.70057,10.425,0.056
3352.66609,9.5,0.045
3352.66879,9.514,0.044
3352.67661,9.477,0.046
3352.67924,9.478,0.048
3352.68183,9.51,0.046
3352.75034,9.471,0.058
3352.75293,9.494,0.059
3352.77922,9.502,0.057
3353.67639,9.761,0.05
3354.6476,10.083,0.052
3354.65177,10.03,0.048
3354.65452,9.994,0.049
3354.66214,10.027,0.046
3357.63757,10.248,0.041
3363.6532,9.568,0.052
3384.56694,10.391,0.057
3386.58795,10.13,0.042
3387.55699,9.929,0.038
3399.53362,10.119,0.044
3624.90342,9.834,0.036
3628.89239,9.779,0.034
3631.88203,10.202,0.042
3640.86459,9.642,0.037
3643.85444,10.352,0.036
3647.84488,10.077,0.034
3650.8325,10.067,0.035
3653.82503,10.193,0.051
3655.82507,10.436,0.038
3657.81469,9.775,0.041
3660.80481,10.393,0.047
3668.78546,9.735,0.034
3671.7773,10.397,0.039
3677.76585,10.385,0.037
3701.70041,9.626,0.047
3704.68795,10.344,0.044
3707.6783,9.779,0.039
3712.66893,9.615,0.038
3714.66756,10.168,0.039
3717.6623,9.48,0.057
3726.62692,10.335,0.044
3730.61948,10.039,0.059
3734.60733,9.559,0.052
3737.60092,10.309,0.038
3740.58717,9.688,0.039
3743.59256,10.371,0.04
3750.56823,9.742,0.052
3754.55812,10.334,0.052
3757.54851,9.825,0.051
3760.54126,10.444,0.051
4089.64099,9.939,0.032
4092.62889,10.449,0.05
4105.58698,9.747,0.04
4109.57944,10.226,0.03
4354.90011,9.88,0.034
4358.8924,9.492,0.036
4362.88035,10.352,0.033
4362.90186,10.374,0.035
4364.88818,9.555,0.033
4365.89785,9.898,0.034
4367.87545,10.275,0.037
4372.88321,10.251,0.049
4373.85295,10.321,0.039
4378.84712,10.274,0.054
4378.86406,10.296,0.053
4381.8354,9.642,0.044
4381.86081,9.682,0.046
4384.82548,10.331,0.036
4384.84303,10.395,0.041
4387.83408,9.818,0.04
4400.78489,10.27,0.059
4400.80695,10.264,0.066
4409.75551,9.746,0.036
4413.74844,10.128,0.043
4420.73074,9.737,0.049
4427.70664,10.129,0.038
4433.69847,10.211,0.035
4436.68798,9.511,0.033
4439.67692,10.269,0.032
4448.70056,9.85,0.033
4462.67804,10.409,0.037
4465.64832,9.948,0.039
4468.65694,10.415,0.039
4474.69749,9.921,0.057
4477.6472,10.135,0.041
4480.61525,9.453,0.052
4487.6135,9.886,0.048
4489.64177,10.312,0.038
4489.66369,10.345,0.042
4491.70139,9.472,0.053
4492.5972,9.73,0.035
4494.62783,10.239,0.044
4498.62277,9.852,0.047
4501.58771,10.476,0.054
4503.64244,9.716,0.039
4506.59022,10.376,0.047
4509.55848,9.822,0.047
4515.56051,9.974,0.073
4518.54809,10.35,0.042
4520.59242,9.845,0.037
4523.54068,10.42,0.047
4526.54391,9.912,0.048
4529.5307,10.378,0.045
4532.5234,10.074,0.035
4535.51703,9.925,0.04
4541.51053,9.487,0.044
4547.50169,9.589,0.049
4553.50152,9.784,0.044
4557.4913,10.16,0.041
4560.48542,10.139,0.043
4564.47595,9.751,0.041
4752.87148,9.867,0.034
4754.87603,10.273,0.039
4756.8556,9.672,0.039
4760.86442,10.368,0.034
4761.85393,10.388,0.035
4763.84196,9.861,0.036
4765.83518,10.301,0.037
4766.83411,10.453,0.034
4769.82322,9.964,0.031
4772.8149,10.377,0.032
4774.83541,9.829,0.033
4775.79755,10.064,0.03
4778.78747,9.934,0.033
4780.81362,9.937,0.034
4782.78828,10.323,0.042
4784.73955,9.492,0.053
4787.79631,10.27,0.042
4787.82024,10.199,0.042
4793.75154,10.293,0.034
4793.77594,10.335,0.035
4796.79801,9.762,0.034
4796.83035,9.788,0.04
4802.73114,9.886,0.039
4802.74648,9.891,0.037
4805.71748,10.442,0.035
4805.73856,10.383,0.035
4807.73611,9.734,0.035
4808.72831,10.036,0.036
4809.80282,10.248,0.036
4814.72334,10.15,0.048
4815.74315,10.294,0.043
4818.68717,9.69,0.036
4819.70831,9.994,0.036
4822.70745,10.339,0.033
4823.71432,9.519,0.037
4826.68899,10.286,0.042
4829.66909,9.678,0.037
4831.67898,10.185,0.035
4836.7161,10.088,0.046
4837.70442,10.253,0.041
4842.64457,10.278,0.047
4842.67284,10.125,0.059
4845.64979,9.485,0.05
4848.61773,10.256,0.053
4851.61031,9.571,0.055
4857.62446,9.767,0.042
4857.6441,9.792,0.039
4860.64514,10.384,0.043
4863.58988,9.906,0.071
4863.66433,9.96,0.057
4869.57089,9.983,0.067
4872.5644,10.186,0.054
4872.62052,10.199,0.054
4875.57852,10.187,0.047
4875.61949,10.216,0.075
4881.55757,10.199,0.048
4887.56052,10.264,0.068
4890.55051,9.688,0.061
4905.52363,10.368,0.066
4917.49109,9.483,0.062
5092.89881,10.4,0.049
5118.85463,10.196,0.05
5123.84615,9.978,0.052
5125.84433,10.39,0.05
5144.83055,9.688,0.051
5147.78643,10.332,0.046
5148.80591,10.346,0.067
5155.7859,9.62,0.056
5155.79892,9.655,0.054
5158.76563,10.335,0.058
5162.74707,10.047,0.053
5162.76696,10.048,0.05
5165.72643,10.08,0.059
5165.75181,10.04,0.056
