2621.73544,8.813,0.033
2622.68756,8.827,0.039
2623.69232,8.835,0.036
2624.72843,8.871,0.038
2625.69596,8.896,0.034
2629.70502,8.977,0.04
2631.79566,9.01,0.039
2634.73847,9.005,0.05
2635.67722,8.979,0.032
2637.688,8.939,0.03
2639.66729,8.797,0.032
2639.68112,8.788,0.031
2641.66998,8.695,0.031
2641.68607,8.681,0.032
2643.67951,8.684,0.031
2645.65672,8.682,0.032
2645.66828,8.677,0.03
2647.64635,8.705,0.037
2647.66475,8.694,0.031
2650.6272,8.7,0.03
2650.64799,8.698,0.031
2652.63087,8.72,0.035
2652.6588,8.712,0.036
2657.62548,8.803,0.042
2657.64903,8.808,0.046
2659.63945,8.829,0.034
2659.66074,8.839,0.036
2661.65785,8.854,0.034
2663.63526,8.876,0.033
2663.6566,8.882,0.033
2665.63023,8.942,0.031
2665.64934,8.948,0.031
2667.62954,9.02,0.032
2667.64869,9.02,0.032
2669.62136,9.094,0.032
2669.63809,9.122,0.035
2671.63706,9.407,0.033
2673.61472,9.254,0.032
2673.63149,9.263,0.033
2675.60238,9.305,0.032
2675.61917,9.311,0.033
2677.58125,9.351,0.033
2677.60085,9.357,0.033
2679.57133,9.385,0.033
2679.59093,9.376,0.035
2684.551,9.1,0.042
2685.56984,9.011,0.045
2686.56527,8.906,0.04
2688.56531,8.792,0.035
2689.5823,8.758,0.05
2690.56401,8.732,0.032
2691.57634,8.713,0.035
2692.56122,8.937,0.032
2693.58106,8.686,0.031
2694.56767,8.667,0.032
2695.57645,8.649,0.031
2697.57694,8.619,0.032
2698.55928,8.65,0.033
2699.57515,8.616,0.032
2700.56389,8.625,0.031
2701.573,8.639,0.032
2702.55557,8.636,0.033
2703.56598,8.63,0.031
2705.55792,8.633,0.034
2706.53282,8.638,0.03
2707.5559,8.622,0.033
2712.50903,8.688,0.037
2712.51204,8.693,0.04
2714.52365,8.728,0.037
2717.5234,8.783,0.05
2717.52642,8.784,0.04
2720.51982,8.827,0.037
2722.52147,8.849,0.033
2723.49816,8.886,0.031
2724.52189,8.9,0.032
2725.49956,8.915,0.03
2726.51983,8.903,0.048
2727.49754,8.855,0.031
2728.51819,8.84,0.034
2733.48738,8.705,0.04
2734.50114,8.696,0.056
2741.48662,8.802,0.035
2744.47391,8.826,0.045
2897.90641,8.807,0.058
2911.88296,8.747,0.043
2912.87175,8.799,0.035
2916.86654,8.825,0.036
2916.88467,8.808,0.036
2922.84634,8.845,0.042
2922.87576,8.824,0.053
2930.87524,8.928,0.034
2933.82736,8.967,0.037
2934.85404,8.99,0.045
2939.84207,9.353,0.036
2943.81866,9.565,0.035
2944.81582,9.65,0.056
2946.78519,9.631,0.047
2946.85181,9.655,0.037
2948.80713,9.639,0.038
2951.78477,9.35,0.036
2951.82105,9.379,0.04
2957.8044,8.674,0.038
2958.82242,8.62,0.035
2961.78636,8.518,0.034
2963.75734,8.495,0.035
2964.77729,8.489,0.036
2965.78719,8.496,0.04
2967.76706,8.477,0.037
2971.73606,8.536,0.033
2974.72892,8.545,0.037
2975.7392,8.539,0.034
2978.73881,8.593,0.034
2979.7459,8.609,0.034
2985.72604,8.795,0.034
2985.74987,8.793,0.041
2987.74535,8.86,0.033
2987.79007,8.869,0.054
2990.71023,8.954,0.037
2992.67798,8.966,0.033
2992.73213,8.962,0.032
2996.70475,8.862,0.029
2997.71585,8.822,0.029
3000.71967,8.713,0.03
3001.70235,8.669,0.027
3005.67189,8.747,0.031
3006.72214,8.753,0.036
3012.65237,8.783,0.041
3015.70152,8.786,0.056
3017.66229,8.829,0.035
3017.70098,8.828,0.034
3019.65811,8.834,0.035
3019.6993,8.846,0.03
3025.62844,9.023,0.029
3041.58991,9.32,0.046
3044.56309,8.965,0.037
3044.57613,8.972,0.033
3046.63161,8.716,0.049
3049.59901,8.585,0.037
3049.60771,8.594,0.031
3052.57708,8.544,0.051
3052.58805,8.553,0.038
3057.55174,8.517,0.047
3060.5366,8.58,0.039
3067.53333,8.652,0.036
3067.53659,8.627,0.041
3072.53364,8.761,0.06
3075.54386,8.836,0.059
3268.88243,8.709,0.032
3270.89049,8.711,0.035
3271.87174,8.739,0.037
3273.88628,8.776,0.044
3274.86275,8.895,0.038
3276.88259,8.843,0.049
3279.87128,8.868,0.034
3295.80334,9.066,0.034
3295.82684,9.082,0.029
3298.79484,9.234,0.028
3321.76461,8.56,0.045
3321.76784,8.565,0.047
3321.79826,8.546,0.05
3321.80459,8.574,0.049
3321.80837,8.57,0.051
3321.81736,8.552,0.071
3321.82795,8.578,0.052
3326.78546,8.608,0.056
3326.78823,8.552,0.048
3326.79077,8.569,0.052
3326.79576,8.592,0.051
3326.79855,8.573,0.038
3326.80143,8.552,0.041
3326.80425,8.569,0.042
3326.80669,8.589,0.04
3326.80965,8.581,0.039
3326.81256,8.572,0.043
3326.82134,8.541,0.044
3326.84021,8.6,0.044
3326.86461,8.609,0.047
3327.74593,8.596,0.037
3327.75629,8.606,0.046
3328.76932,8.64,0.054
3328.77194,8.594,0.049
3328.77458,8.605,0.051
3328.78515,8.568,0.062
3328.78859,8.583,0.059
3329.72466,8.605,0.053
3329.73533,8.575,0.048
3329.74864,8.594,0.047
3329.75139,8.618,0.067
3329.76732,8.62,0.052
3329.80002,8.58,0.064
3330.77272,8.615,0.065
3330.77539,8.606,0.05
3330.77807,8.631,0.051
3330.78073,8.62,0.054
3330.78343,8.605,0.038
3330.80203,8.613,0.047
3334.70697,8.641,0.045
3334.74684,8.637,0.037
3334.75024,8.654,0.045
3334.75447,8.654,0.064
3334.75717,8.652,0.043
3334.76212,8.628,0.047
3334.76494,8.626,0.048
3334.76762,8.644,0.037
3334.7703,8.641,0.045
3334.7726,8.636,0.042
3335.76413,8.659,0.041
3335.7696,8.676,0.048
3335.7723,8.642,0.054
3335.77504,8.64,0.054
3335.77768,8.634,0.051
3336.79957,8.635,0.065
3336.80605,8.652,0.055
3336.80924,8.705,0.061
3337.71142,8.661,0.063
3337.7139,8.706,0.063
3338.70894,8.662,0.055
3338.72105,8.637,0.062
3338.72646,8.686,0.055
3338.72916,8.64,0.062
3338.75962,8.665,0.052
3338.77897,8.62,0.063
3339.68763,8.695,0.05
3339.70082,8.696,0.051
3339.70348,8.701,0.054
3339.77918,8.673,0.047
3339.78224,8.685,0.068
3339.78513,8.666,0.052
3340.8165,8.678,0.048
3341.71093,8.866,0.044
3341.71624,8.777,0.065
3341.71894,8.734,0.045
3341.73713,8.727,0.052
3341.77176,8.75,0.053
3341.77454,8.769,0.049
3341.77723,8.717,0.05
3341.77991,8.707,0.064
3343.70859,8.741,0.061
3344.75829,8.815,0.059
3344.76099,8.857,0.051
3344.76369,8.813,0.059
3345.6401,8.821,0.035
3345.65321,8.833,0.045
3345.65598,8.822,0.045
3347.70946,8.892,0.064
3347.71988,8.876,0.056
3347.78951,8.877,0.053
3347.79481,8.927,0.049
3348.68646,8.916,0.058
3348.74085,9.068,0.052
3349.66968,8.893,0.053
3349.67231,8.879,0.057
3349.7429,8.875,0.071
3349.75347,8.926,0.067
3350.70322,8.939,0.08
3351.66409,8.915,0.048
3351.66687,8.906,0.05
3351.66965,8.89,0.046
3351.68096,8.943,0.059
3351.70057,8.979,0.056
3352.67924,8.916,0.048
3352.68183,8.937,0.046
3352.75034,8.882,0.058
3352.75293,8.897,0.059
3352.77922,8.881,0.057
3354.6476,8.903,0.052
3354.65177,8.898,0.048
3354.65452,8.894,0.049
3354.66214,8.888,0.046
3354.69425,8.908,0.057
3357.65955,8.844,0.048
3363.6532,8.829,0.052
3384.56694,9.024,0.057
3386.58795,9.125,0.042
3389.58029,9.245,0.038
3396.55814,9.364,0.039
3399.53362,9.264,0.044
3399.54893,9.278,0.04
3403.54249,8.873,0.048
3624.90342,8.832,0.036
3628.89239,8.646,0.034
3631.88203,8.666,0.042
3640.86459,8.936,0.037
3641.88298,8.852,0.041
3646.86393,8.871,0.041
3647.84488,8.876,0.034
3650.8325,8.922,0.035
3652.85252,8.991,0.044
3653.82503,9.125,0.051
3655.82507,9.16,0.038
3655.84329,9.17,0.042
3657.81469,9.276,0.041
3658.83417,9.332,0.044
3660.80481,9.456,0.047
3661.82371,9.469,0.05
3668.78546,9.583,0.034
3668.80341,9.574,0.039
3671.7773,9.307,0.039
3671.7964,9.485,0.041
3674.79505,8.955,0.043
3677.76585,8.646,0.037
3677.78722,8.661,0.043
3699.72632,8.688,0.046
3701.70041,8.69,0.047
3702.71851,8.787,0.045
3704.68795,8.791,0.044
3705.70751,8.829,0.05
3707.6783,8.861,0.039
3708.69713,8.901,0.043
3712.66893,8.829,0.038
3712.6913,8.846,0.042
3714.66756,8.762,0.039
3714.68751,8.766,0.043
3717.6623,8.653,0.057
3717.67757,8.641,0.053
3726.62692,8.768,0.044
3726.64819,8.76,0.049
3730.61948,8.772,0.059
3730.63907,8.771,0.054
3733.64438,8.78,0.05
3734.60733,8.784,0.052
3736.62906,8.819,0.044
3737.60092,8.809,0.038
3739.61694,8.856,0.044
3740.58717,8.894,0.039
3742.60897,8.98,0.043
3743.59256,9.04,0.04
3750.56823,9.462,0.052
3751.59129,9.527,0.057
3754.55812,9.668,0.052
3754.57939,9.648,0.051
3757.54851,9.71,0.051
3757.56835,9.698,0.047
3760.54126,9.448,0.051
3760.56301,9.432,0.049
3764.54588,8.97,0.054
3767.53953,8.731,0.051
4089.65876,8.826,0.035
4092.64679,8.819,0.049
4106.60679,9.374,0.039
4125.55626,8.579,0.049
4128.54887,8.555,0.035
4133.53927,8.611,0.047
4362.90186,8.932,0.035
4365.89785,8.994,0.034
4372.88321,9.283,0.049
4378.86406,9.39,0.053
4381.86081,9.304,0.046
4384.84303,9.062,0.041
4387.83408,8.805,0.04
4400.80695,8.562,0.066
4406.78412,8.694,0.058
4409.77668,8.719,0.039
4412.77953,8.792,0.034
4421.74805,8.961,0.032
4427.73668,9.34,0.041
4433.71599,8.682,0.035
4436.70687,8.71,0.038
4439.69622,8.778,0.035
4465.66841,9.363,0.051
4468.6766,9.437,0.039
4474.70453,9.04,0.046
4477.65682,8.813,0.039
4482.70058,8.656,0.042
4487.64079,8.496,0.049
4489.66369,8.536,0.042
4491.70139,8.487,0.053
4494.59475,8.511,0.036
4498.5993,8.683,0.039
4501.58771,8.73,0.054
4503.59355,8.746,0.036
4506.58249,8.829,0.041
4508.63144,8.962,0.049
4515.57294,9.038,0.075
4517.62681,8.751,0.041
4520.57972,8.621,0.037
4522.59201,8.876,0.048
4524.59752,8.648,0.038
4527.56814,8.825,0.047
4530.55704,8.739,0.048
4533.53932,8.763,0.04
4537.52303,8.852,0.044
4542.50852,8.997,0.052
4547.51633,9.179,0.052
4553.49886,9.464,0.038
4556.50388,9.534,0.079
4562.48166,9.28,0.043
4752.87148,8.615,0.034
4756.8556,8.664,0.039
4761.85393,8.705,0.035
4765.83518,8.77,0.037
4768.85346,8.828,0.038
4774.83541,8.955,0.033
4777.83362,9.026,0.034
4780.81362,9.022,0.034
4784.73955,8.824,0.053
4787.82024,8.753,0.042
4793.77594,8.72,0.035
4802.74648,8.835,0.037
4805.73856,8.907,0.035
4808.72831,9.001,0.036
4815.74315,9.252,0.043
4819.70831,9.393,0.036
4822.70745,9.387,0.033
4825.69384,9.271,0.04
4828.67721,9.078,0.039
4831.67898,8.804,0.035
4834.65632,8.524,0.041
4836.7161,8.571,0.046
4839.63769,8.51,0.046
4842.67284,8.57,0.059
4845.67684,8.537,0.052
4848.63681,8.688,0.044
4851.62649,8.692,0.054
4857.6441,8.823,0.039
4861.60757,8.967,0.064
4863.66433,8.979,0.057
4870.59304,9.016,0.042
4872.62052,8.853,0.054
4875.61949,8.68,0.075
4879.55255,8.615,0.042
4882.55682,8.647,0.054
4885.56834,8.781,0.063
4888.55611,8.831,0.069
4907.54944,9.234,0.069
4911.53385,9.325,0.074
4917.4943,9.035,0.06
4932.48392,8.679,0.075
4937.47104,8.923,0.073
5125.84433,8.727,0.05
5144.83055,8.666,0.051
5148.80591,8.717,0.067
5155.79892,8.804,0.054
5158.78869,8.997,0.066
5162.76696,8.868,0.05
5165.75181,8.898,0.056
