1868.75564,11.679,0.036
1869.74578,11.696,0.038
1870.74914,11.642,0.039
1872.76086,11.672,0.037
1873.75816,11.723,0.038
1874.75424,11.687,0.041
1875.74012,11.707,0.038
1876.73449,11.617,0.036
1878.73884,11.629,0.034
1879.73961,11.618,0.036
1881.7233,11.637,0.035
1884.70486,11.635,0.036
1885.71741,11.632,0.035
1886.71878,11.674,0.035
1887.70521,11.715,0.037
1888.70911,11.593,0.036
1889.70814,11.638,0.037
1899.68323,11.657,0.035
1900.6879,11.723,0.04
1902.66786,11.65,0.035
1903.68209,11.629,0.035
1904.66732,11.62,0.037
1905.67854,11.627,0.035
1906.66706,11.62,0.035
1907.67206,11.629,0.035
1908.66667,11.643,0.036
1913.64331,11.692,0.035
1914.65707,11.764,0.035
1918.63589,11.638,0.037
1982.5657,11.71,0.046
1994.57245,11.729,0.051
1997.50349,11.703,0.058
2027.48403,11.76,0.041
2033.46185,11.753,0.041
2129.92089,12.083,0.043
2131.9224,12.065,0.042
2133.92094,12.078,0.038
2135.91049,11.899,0.057
2143.90619,12.241,0.043
2151.91558,12.004,0.045
2156.90522,11.802,0.036
2167.83632,11.761,0.036
2171.855,11.77,0.04
2173.83539,11.7,0.038
2183.84383,11.705,0.036
2184.87,11.76,0.038
2186.82646,11.667,0.039
2188.84739,11.654,0.044
2190.79248,11.712,0.036
2191.87302,11.711,0.051
2193.80977,11.651,0.039
2199.804,11.724,0.05
2201.80224,11.725,0.037
2206.78471,11.791,0.04
2212.74057,11.818,0.043
2213.78149,11.772,0.044
2215.75057,11.698,0.043
2216.78351,11.74,0.041
2221.74554,11.692,0.053
2222.78741,11.771,0.042
2224.77375,11.798,0.042
2228.78429,11.843,0.044
2229.78995,11.858,0.044
2230.7878,11.815,0.044
2232.76382,11.794,0.044
2234.77039,11.857,0.044
2235.74939,11.843,0.05
2236.76553,11.828,0.044
2237.75979,11.963,0.046
2239.73413,11.89,0.044
2240.73979,11.857,0.044
2241.74117,11.908,0.046
2242.73144,12.015,0.049
2243.72932,11.93,0.05
2247.72948,12.06,0.05
2248.74345,11.983,0.048
2249.72346,11.972,0.046
2251.71846,12.168,0.048
2252.71072,12.032,0.049
2253.70997,11.823,0.046
2254.70853,11.951,0.048
2256.70605,11.919,0.057
2257.70962,11.967,0.052
2258.70388,11.893,0.051
2260.69382,11.848,0.05
2261.69169,11.864,0.057
2262.69136,12.179,0.056
2488.93723,11.679,0.057
2497.91974,11.739,0.049
2499.92244,11.68,0.046
2526.87868,11.713,0.052
2539.83309,11.649,0.056
2545.80155,11.647,0.039
2553.83343,11.61,0.055
2556.85337,11.644,0.059
2558.82693,11.682,0.047
2560.81476,11.673,0.038
2562.81691,11.65,0.037
2564.81562,11.602,0.041
2566.80796,11.719,0.053
2574.76567,11.656,0.054
2578.78554,11.783,0.042
2621.74133,11.62,0.034
2623.70043,11.623,0.033
2625.68592,11.658,0.033
2628.6555,11.62,0.031
2631.81126,11.882,0.047
2635.66494,11.701,0.034
2637.67123,11.705,0.048
2639.67341,11.664,0.034
2641.67384,11.646,0.034
2645.66978,11.727,0.035
2647.64804,11.729,0.037
2650.63581,11.929,0.036
2652.64436,11.809,0.034
2654.63151,11.901,0.046
2657.6625,11.768,0.035
2659.67419,11.717,0.04
2661.67133,11.817,0.035
2665.66043,11.803,0.035
2667.65981,11.909,0.036
2669.64921,11.738,0.047
2671.64821,11.77,0.04
2673.64265,11.715,0.039
2675.63037,11.763,0.037
2677.61205,11.761,0.035
2681.59385,11.774,0.051
2683.60183,11.782,0.035
2684.73449,11.778,0.039
2686.66938,11.749,0.04
2688.65736,11.656,0.049
2690.65614,11.681,0.034
2694.65734,11.782,0.034
2696.66962,11.823,0.038
2698.64802,11.743,0.036
2700.64048,11.698,0.043
2702.63254,11.693,0.035
2704.61971,11.677,0.042
2706.6015,11.716,0.034
2710.57517,11.723,0.04
2712.5815,11.713,0.036
2714.60303,11.74,0.046
2717.60489,11.611,0.035
2720.57862,11.672,0.04
2722.57548,11.73,0.047
2724.57345,11.673,0.038
2726.57171,11.672,0.038
2728.56284,11.662,0.036
2730.55872,11.631,0.038
2734.54363,11.799,0.041
2736.52831,11.709,0.045
2738.55515,11.719,0.039
2740.55037,11.775,0.037
2742.55166,11.801,0.041
2744.54785,11.766,0.045
2750.51541,11.761,0.046
2752.51475,11.72,0.037
2755.51248,11.743,0.035
2757.50925,11.774,0.033
2760.49567,11.807,0.044
2762.49673,11.733,0.047
2764.48568,11.809,0.035
2766.47537,11.926,0.042
2776.45948,11.834,0.039
2784.44988,11.786,0.038
2860.91923,11.719,0.04
2877.90662,11.668,0.04
2884.89773,11.686,0.039
2893.87865,11.687,0.041
2896.86878,11.671,0.039
2899.88502,11.655,0.036
2905.87489,11.727,0.038
2905.87711,11.7,0.032
2908.87615,11.683,0.038
2911.85385,11.699,0.04
2915.87625,11.685,0.035
2922.79705,12.387,0.039
2924.8478,11.611,0.042
2927.8094,11.652,0.033
2929.82358,11.621,0.039
2932.82836,11.607,0.035
2935.80666,11.649,0.037
2939.84544,11.636,0.044
2943.79916,11.608,0.034
2947.77857,11.619,0.041
2948.80836,11.653,0.038
2951.7762,11.627,0.036
2954.76611,11.618,0.039
2957.75429,11.639,0.035
2963.75112,11.604,0.034
2965.7958,11.574,0.037
2968.73698,11.812,0.035
2971.73737,11.617,0.036
2974.73027,11.662,0.035
2976.73426,11.686,0.037
2978.74509,11.657,0.036
2980.75017,11.681,0.039
2982.75988,11.601,0.04
2985.69553,11.798,0.048
2987.73916,11.724,0.036
2989.78345,11.695,0.034
2992.67953,11.75,0.034
2994.7447,11.715,0.031
2996.7243,11.698,0.032
2998.7291,11.736,0.03
3001.71754,11.756,0.033
3005.69432,11.859,0.034
3007.70291,11.772,0.037
3009.73075,11.793,0.037
3011.73852,11.784,0.036
3013.78984,11.805,0.037
3016.76419,11.91,0.034
3018.77193,11.757,0.035
3023.64046,11.825,0.037
3025.76459,11.776,0.036
3029.76548,11.798,0.036
3034.62859,12.056,0.035
3036.68238,11.668,0.035
3043.62551,11.673,0.037
3045.65457,11.703,0.035
3048.63085,11.737,0.035
3050.71384,11.687,0.035
3053.61191,11.782,0.035
3055.67651,11.755,0.038
3058.5694,11.795,0.043
3060.63425,11.686,0.033
3062.63872,11.589,0.048
3068.60371,11.657,0.036
3070.61286,11.631,0.036
3072.63831,11.703,0.037
3074.66161,11.662,0.036
3077.54559,11.728,0.037
3081.604,11.772,0.035
3085.60595,11.686,0.036
3087.60407,11.715,0.036
3090.50485,11.957,0.04
3092.53417,11.787,0.034
3096.53523,11.708,0.035
3098.56029,11.722,0.038
3100.56781,11.608,0.036
3102.57471,11.647,0.038
3107.53023,11.656,0.035
3109.54381,11.725,0.034
3111.53796,11.678,0.034
3113.55753,11.72,0.035
3122.47132,11.869,0.034
3124.52655,11.83,0.035
3127.50177,11.725,0.037
3130.48998,11.808,0.04
3133.47297,11.748,0.036
3146.44885,11.935,0.034
3266.87502,11.776,0.036
3274.85086,11.764,0.037
3277.88042,11.724,0.034
3281.8505,11.755,0.038
3295.86418,12.076,0.041
3355.69854,11.749,0.037
3358.68553,11.806,0.036
3365.70169,11.729,0.04
3366.70356,11.629,0.05
3382.65619,11.833,0.048
3386.71472,11.806,0.033
3388.75852,11.74,0.039
3391.59407,11.873,0.039
3394.69505,11.821,0.041
3396.73702,11.798,0.039
3399.59725,11.836,0.049
3404.65706,11.863,0.038
3406.65359,11.722,0.059
3408.67517,11.741,0.038
3411.59075,11.779,0.036
3415.62848,11.689,0.042
3417.63662,11.8,0.054
3419.62695,11.653,0.05
3421.65401,11.661,0.043
3423.64199,11.746,0.048
3425.66426,11.7,0.038
3427.69591,11.613,0.043
3431.66022,11.597,0.046
3433.68248,11.605,0.039
3436.67049,11.68,0.035
3439.66143,11.743,0.034
3443.50824,11.675,0.059
3445.54382,11.685,0.042
3447.55686,11.719,0.039
3449.57681,11.656,0.049
3450.55537,11.679,0.041
3453.5366,11.664,0.039
3453.61756,11.691,0.036
3456.51095,11.619,0.043
3458.52472,11.657,0.041
3460.53361,11.644,0.035
3462.56189,11.618,0.045
3465.51313,11.728,0.049
3468.54746,11.616,0.035
3470.56046,11.602,0.037
3473.50402,11.596,0.04
3478.51491,11.595,0.044
3480.54332,11.654,0.04
3483.49905,11.582,0.048
3490.48333,11.557,0.034
3497.47638,11.59,0.04
3500.48317,11.489,0.054
3503.47242,11.685,0.047
3511.46489,11.613,0.04
3515.45683,11.633,0.035
3591.93227,12.088,0.037
3620.89974,11.676,0.037
3629.86929,11.666,0.038
3633.86862,11.767,0.036
3639.88138,11.746,0.031
3643.87113,11.746,0.032
3647.89009,11.694,0.036
3651.82898,11.742,0.034
3655.80583,11.782,0.032
3658.80612,11.82,0.034
3661.85282,11.959,0.036
3664.8567,11.902,0.045
3668.83427,11.701,0.033
3671.8179,11.735,0.034
3674.80637,11.745,0.033
3677.80874,11.77,0.037
3699.74058,11.979,0.036
3702.72913,11.849,0.033
3705.72977,11.853,0.038
3708.71827,11.782,0.032
3712.75695,11.771,0.034
3714.78135,12.204,0.04
3717.68813,12.19,0.036
3719.76469,12.175,0.046
3722.68078,12.31,0.035
3725.70813,12.036,0.035
3727.75165,13.239,0.04
3731.70323,11.997,0.053
3734.68954,12.009,0.051
3737.66675,11.936,0.036
3739.71729,11.902,0.046
3741.73138,11.829,0.046
3744.67346,11.814,0.044
3746.78512,11.729,0.04
3749.68379,11.774,0.047
3751.77935,11.753,0.04
3754.6582,11.747,0.047
3759.61453,11.729,0.036
3761.72748,11.722,0.043
3764.63157,11.858,0.041
3766.7366,11.888,0.051
3769.61836,11.67,0.046
3771.673,11.803,0.048
3774.62186,11.765,0.05
3776.64625,11.646,0.05
3778.6502,11.663,0.044
3780.70161,11.72,0.045
3787.567,11.776,0.056
3789.62949,11.752,0.041
3791.66197,11.704,0.051
3793.69188,11.682,0.045
3796.58024,11.754,0.033
3798.62274,11.741,0.047
3800.62795,11.659,0.043
3803.60317,11.715,0.04
3805.62774,11.735,0.046
3808.64123,11.661,0.044
3810.64543,11.849,0.038
3813.5192,11.713,0.049
3815.57392,11.696,0.044
3817.60675,11.747,0.041
3820.53204,11.679,0.036
3822.59319,11.792,0.038
3827.53549,11.806,0.05
3829.56712,11.696,0.041
3831.56929,11.753,0.044
3834.51585,11.675,0.044
3836.52574,11.71,0.04
3848.48129,11.69,0.038
3850.51495,11.701,0.048
3852.52002,11.662,0.044
3854.52733,11.873,0.049
3858.49803,11.577,0.046
3861.49701,11.69,0.044
3864.47733,11.639,0.057
3868.46985,11.636,0.038
3871.46564,11.67,0.034
3876.45071,11.701,0.045
3880.45338,11.605,0.049
4090.69221,12.564,0.043
4103.72075,11.998,0.037
4105.81347,11.901,0.044
4109.62814,11.721,0.036
4121.80135,11.806,0.043
4126.62359,11.749,0.038
4128.63892,11.661,0.034
4130.65426,11.623,0.043
4132.65333,11.621,0.049
4134.70136,11.615,0.042
4136.70226,11.599,0.045
4140.72199,11.666,0.042
4143.5905,11.618,0.042
4145.62882,11.665,0.04
4147.674,11.678,0.037
4150.72064,11.659,0.035
4153.5494,11.714,0.033
4155.59079,11.782,0.054
4157.64669,11.713,0.041
4159.64431,11.66,0.033
4161.64692,11.745,0.041
4163.66083,11.719,0.056
4165.68006,11.777,0.04
4172.55637,11.749,0.037
4174.5756,11.726,0.04
4176.6073,11.718,0.038
4179.62915,11.727,0.049
4188.575,11.744,0.035
4190.58685,11.683,0.036
4192.5888,11.763,0.04
4196.53525,11.772,0.04
4198.53994,11.629,0.045
4201.53776,11.802,0.034
4204.53301,11.686,0.033
4216.47993,11.765,0.037
4227.47771,11.949,0.035
4230.46268,11.87,0.043
4233.46871,11.78,0.035
4236.46482,11.995,0.04
4332.91617,11.641,0.033
4340.89628,11.641,0.034
4344.89784,11.609,0.044
4348.89164,11.638,0.033
4354.89196,11.658,0.031
4358.8814,11.742,0.035
4362.87445,11.709,0.033
4365.88424,11.691,0.033
4373.85453,11.732,0.036
4377.84787,11.653,0.038
4381.84104,11.741,0.04
4385.82765,11.703,0.037
4392.86918,11.688,0.034
4400.79373,11.7,0.038
4404.77653,11.725,0.035
4408.76525,11.74,0.038
4418.82412,11.851,0.038
4421.80383,11.725,0.036
4424.843,11.7,0.037
4427.8266,11.67,0.035
4430.74831,11.698,0.035
4433.73103,11.719,0.034
4436.72728,11.702,0.039
4439.71911,11.633,0.044
4448.69124,11.896,0.034
4453.7522,11.978,0.038
4456.66843,11.899,0.039
4458.7639,12.057,0.037
4461.68692,11.961,0.033
4463.77196,12.301,0.038
4466.68317,12.211,0.033
4469.67069,11.785,0.039
4472.74717,11.789,0.052
4475.63568,11.745,0.034
4478.64866,11.642,0.038
4484.64698,11.716,0.042
4486.70784,11.655,0.044
4488.75204,11.665,0.038
4491.60239,11.701,0.042
4493.65788,11.728,0.041
4499.64882,11.687,0.042
4501.75542,11.649,0.046
4504.64705,11.627,0.038
4506.73833,11.639,0.039
4509.60748,11.67,0.043
4517.62047,11.759,0.037
4519.63481,11.683,0.035
4521.65209,11.687,0.035
4523.66557,11.58,0.037
4526.57019,11.572,0.045
4528.61439,11.629,0.047
4530.67815,11.613,0.041
4533.57874,11.614,0.036
4536.63914,11.641,0.04
4539.5406,11.692,0.048
4541.58034,11.683,0.034
4543.59645,11.639,0.043
4548.51839,11.629,0.039
4551.52463,11.778,0.05
4555.61095,11.69,0.045
4558.51943,11.737,0.044
4560.58393,12.209,0.039
4563.52534,11.762,0.039
4565.55233,11.665,0.039
4568.51315,11.695,0.032
4570.52372,11.756,0.034
4572.54938,11.735,0.037
4575.51467,11.828,0.039
4579.51363,11.938,0.038
4583.50664,11.798,0.035
4588.48117,11.685,0.036
4591.4691,11.718,0.037
4594.46918,11.772,0.036
4596.47938,11.857,0.036
4599.48236,12.015,0.045
4607.45372,11.991,0.045
4684.92951,11.574,0.033
4694.92358,11.542,0.037
4700.91416,11.659,0.032
4704.90263,11.649,0.031
4709.89667,11.634,0.045
4719.90249,11.572,0.038
4726.88463,11.668,0.037
4741.86675,11.627,0.033
4749.86648,11.723,0.036
4752.86062,11.673,0.032
4756.83223,11.711,0.031
4760.81412,11.724,0.034
4764.80021,11.785,0.034
4767.82258,11.846,0.035
4770.80674,11.876,0.032
4773.79833,11.892,0.032
4776.7878,11.818,0.041
4779.78688,11.8,0.032
4783.7938,11.768,0.037
4787.76332,11.865,0.035
4793.75294,12.225,0.041
4796.80023,12.338,0.039
4802.71617,12.115,0.035
4805.71893,11.798,0.035
4808.70674,11.671,0.033
4814.68676,11.964,0.04
4816.78859,11.945,0.035
4819.75523,11.717,0.047
4822.70008,12.009,0.039
4825.6824,11.919,0.037
4828.64852,11.717,0.046
4830.79127,11.681,0.037
4833.6572,11.662,0.039
4835.75511,11.684,0.042
4838.64185,11.708,0.038
4843.64701,11.634,0.044
4846.64875,11.644,0.034
4848.74226,11.614,0.041
4851.65721,11.634,0.04
4853.79217,11.675,0.045
4856.72443,11.75,0.044
4860.56781,11.621,0.031
4865.6078,11.655,0.038
4870.72658,11.678,0.041
4876.60454,11.619,0.049
4881.60938,11.643,0.043
4884.59128,11.607,0.04
5145.78808,12.486,0.05
5154.81459,12.04,0.045
5163.72481,11.793,0.042
5166.7503,11.825,0.048
