2621.77408,8.209,0.036
2625.70731,8.752,0.035
2630.79365,8.531,0.041
2634.75475,8.044,0.037
2636.76958,8.213,0.036
2638.75867,8.579,0.036
2640.75665,8.758,0.039
2642.79351,8.002,0.035
2644.74114,8.207,0.035
2646.72056,8.626,0.045
2649.71002,8.128,0.033
2651.67513,8.216,0.036
2657.64675,7.98,0.046
2659.65847,8.202,0.036
2661.65558,8.621,0.035
2663.65432,8.749,0.036
2665.64706,8.036,0.032
2667.64642,8.258,0.036
2669.63582,8.672,0.037
2671.6348,8.612,0.035
2673.62924,8.117,0.036
2675.61692,8.358,0.035
2677.59859,8.943,0.034
2679.58867,8.371,0.035
2685.5676,8.772,0.047
2689.58006,8.21,0.05
2691.5741,8.56,0.035
2695.57421,7.994,0.034
2697.5747,8.19,0.035
2699.57292,8.61,0.035
2701.57077,8.713,0.034
2705.5557,8.257,0.034
2707.55367,8.674,0.035
2712.50748,8.207,0.04
2714.52209,8.584,0.04
2720.51527,8.223,0.035
2722.51925,8.661,0.036
2726.51763,8.093,0.035
2728.51598,8.336,0.037
2730.51184,8.717,0.034
2734.49892,8.184,0.035
2740.48946,8.147,0.037
2742.49183,8.228,0.037
2744.49256,8.551,0.041
2752.47486,8.591,0.036
2755.47718,8.246,0.038
2885.9129,8.191,0.037
2894.89028,8.302,0.04
2897.89679,8.789,0.039
2906.89695,8.197,0.034
2910.89452,8.552,0.045
2916.86081,8.204,0.036
2922.84069,8.012,0.041
2925.88777,8.537,0.04
2931.8329,8.206,0.036
2934.83529,8.744,0.036
2944.78548,8.143,0.053
2946.82623,8.208,0.033
2948.82077,8.552,0.036
2951.80628,8.486,0.035
2958.81998,8.715,0.039
2961.77841,8.209,0.03
2964.7672,8.7,0.037
2970.76745,8.392,0.064
2973.76983,8.765,0.035
2975.72936,8.01,0.037
2977.72781,8.211,0.052
2979.74095,8.636,0.039
2985.74732,8.317,0.043
2987.7875,8.724,0.031
2990.70779,7.998,0.036
2995.67704,8.772,0.031
2997.70814,8.183,0.036
3000.7061,8.261,0.038
3006.71417,8.135,0.031
3015.69908,8.237,0.041
3019.69181,8.585,0.035
3025.6259,8.722,0.031
3029.62958,8.18,0.033
3033.70041,8.793,0.042
3043.59334,7.994,0.043
3045.61468,8.21,0.038
3048.59742,8.774,0.039
3050.67485,8.181,0.038
3053.59917,8.241,0.036
3055.65047,8.664,0.046
3060.63197,8.204,0.047
3067.52863,8.189,0.042
3069.56832,8.506,0.045
3071.58468,8.778,0.046
3074.58747,8.092,0.052
3077.53255,8.562,0.038
3079.56723,8.763,0.057
3081.58901,7.98,0.05
3086.55358,8.731,0.053
3089.52058,8.039,0.05
3097.53854,8.136,0.039
3100.50833,8.576,0.044
3103.49909,8.283,0.04
3108.48758,8.649,0.033
3110.50109,8.578,0.039
3113.48101,8.206,0.037
3125.46348,8.65,0.066
3269.88671,8.333,0.036
3273.88893,8.515,0.034
3277.87215,8.071,0.047
3295.83868,8.272,0.036
3298.85082,8.783,0.037
3321.78858,8.748,0.043
3355.68324,8.193,0.042
3358.67058,8.721,0.046
3383.61875,8.174,0.062
3385.6895,8.201,0.049
3387.71431,8.538,0.037
3390.59451,8.501,0.043
3395.66575,8.592,0.058
3397.7192,8.674,0.057
3400.64827,8.207,0.057
3403.65743,8.682,0.045
3405.67403,8.492,0.049
3408.55035,8.187,0.051
3410.62335,8.561,0.051
3412.66365,8.707,0.061
3414.65962,8.015,0.043
3416.6573,8.141,0.056
3424.61592,8.248,0.064
3426.61424,8.728,0.048
3428.61924,8.46,0.065
3430.62146,8.164,0.037
3433.55317,8.555,0.043
3436.55667,8.22,0.041
3442.54107,8.837,0.036
3444.56204,7.99,0.059
3449.513,8.761,0.051
3451.53043,8.318,0.062
3454.53768,8.213,0.052
3456.54202,8.672,0.044
3458.5351,8.602,0.057
3460.54427,8.1,0.045
3463.50336,8.591,0.056
3466.50014,8.434,0.044
3469.5098,8.199,0.032
3477.47175,8.247,0.057
3481.48018,8.493,0.05
3631.88659,8.79,0.045
3641.87666,8.051,0.04
3650.87129,8.205,0.052
3653.85732,8.741,0.051
3659.83558,8.527,0.046
3662.8441,8.597,0.053
3668.82335,8.729,0.038
3671.80573,7.998,0.041
3674.79858,8.524,0.052
3677.79931,8.665,0.044
3701.72653,8.012,0.063
3704.71694,8.368,0.046
3707.7075,8.77,0.041
3712.72042,8.494,0.042
3714.71386,8.785,0.041
3716.80318,8.052,0.049
3722.76933,8.76,0.056
3725.77016,8.19,0.047
3728.65728,8.634,0.049
3731.79201,8.095,0.054
3734.73658,8.28,0.059
3737.72927,8.794,0.046
3740.61859,8.1,0.041
3742.73167,8.464,0.048
3745.63079,8.924,0.05
3749.69701,8.251,0.064
3752.68821,8.748,0.052
3755.60174,8.068,0.057
3757.66893,8.389,0.05
3759.72417,8.751,0.055
3762.65761,7.995,0.058
3765.64799,8.531,0.047
3768.63724,8.688,0.049
3779.6452,8.242,0.061
3783.59615,8.746,0.056
3789.58452,8.63,0.061
3791.61786,8.581,0.056
3794.59047,8.233,0.058
3796.62586,8.595,0.05
3799.56107,8.314,0.059
3804.54481,8.656,0.06
3806.5589,8.627,0.057
3809.58207,8.186,0.055
3812.52561,8.782,0.06
3814.5547,8.449,0.054
3817.52812,8.186,0.055
3819.56223,8.66,0.054
3822.52999,8.158,0.048
3825.51438,8.197,0.069
3831.48807,8.196,0.051
3833.51669,8.478,0.063
3836.4958,8.757,0.057
3850.47149,8.685,0.061
3854.46136,8.156,0.05
4091.66893,8.546,0.035
4104.71977,8.225,0.054
4106.77443,8.58,0.043
4111.63514,8.205,0.037
4126.56886,8.141,0.034
4128.58318,8.418,0.033
4132.64637,8.266,0.041
4134.67378,8.222,0.045
4136.69017,8.519,0.037
4140.69323,8.018,0.039
4143.61534,8.356,0.049
4145.63888,8.726,0.038
4149.63616,8.198,0.042
4153.64167,8.79,0.044
4159.56331,8.533,0.043
4161.5656,8.765,0.045
4163.57664,7.993,0.049
4165.60074,8.268,0.046
4172.56483,8.262,0.057
4174.58064,8.532,0.044
4179.53114,8.148,0.04
4186.49336,8,0.036
4190.51696,8.64,0.039
4196.52491,8.326,0.066
4363.89025,8.566,0.039
4368.88485,8.181,0.039
4372.87679,8.768,0.048
4378.87168,8.521,0.056
4382.85357,8,0.035
4385.8795,8.417,0.035
4392.85429,8.214,0.034
4399.83539,8.2,0.044
4406.81641,8.203,0.054
4409.79157,8.625,0.035
4413.78464,8.052,0.041
4421.75737,8.155,0.033
4424.8471,8.612,0.036
4428.72906,8.043,0.05
4432.8267,8.681,0.045
4435.72269,8.011,0.032
4438.70938,8.349,0.037
4441.69771,8.754,0.034
4444.74635,8.19,0.036
4452.72026,8.222,0.047
4455.68631,8.699,0.056
4460.70863,8.192,0.044
4462.77384,8.622,0.038
4465.65907,8.189,0.044
4467.78115,8.196,0.051
4470.66966,8.682,0.036
4473.72251,7.99,0.034
4476.72209,8.448,0.054
4479.64322,8.715,0.037
4489.66123,8.108,0.041
4491.69894,8.377,0.037
4494.59153,8.76,0.041
4498.59675,8.229,0.037
4503.59102,8.135,0.038
4505.66373,8.199,0.045
4508.59296,8.726,0.049
4510.60437,8.443,0.051
4517.59147,8.705,0.037
4519.6116,8.046,0.053
4521.6384,8.243,0.041
4524.54074,8.788,0.041
4526.61238,8.011,0.051
4529.55645,8.407,0.047
4532.54923,8.79,0.041
4535.54251,8.177,0.044
4542.49999,8.045,0.049
4546.56586,8.728,0.059
4548.56695,8.407,0.047
4552.52102,8.514,0.036
4555.49918,8.672,0.042
4557.52777,8.375,0.043
4560.51449,8.565,0.043
4563.50109,8.503,0.047
4569.48764,8.732,0.049
4572.4814,8.024,0.047
4575.47507,8.512,0.041
4729.89334,8.545,0.036
4744.87663,8.623,0.032
4750.86465,8.712,0.036
4754.85292,8.17,0.04
4761.84358,8.061,0.035
4764.85906,8.557,0.038
4767.85497,8.489,0.033
4770.82988,8.212,0.032
4773.81589,8.763,0.035
4779.81717,8.541,0.036
4783.80039,8.032,0.048
4787.81776,8.58,0.042
4793.76678,8.212,0.039
4796.81408,8.811,0.04
4805.73269,8.468,0.034
4808.72323,8.201,0.037
4818.78628,8.69,0.035
4821.6875,8.006,0.049
4824.68076,8.371,0.054
4827.69783,8.732,0.043
4829.77436,8.027,0.037
4837.71485,8.108,0.045
4842.66636,8.783,0.052
4845.67035,8.191,0.041
4847.74276,8.522,0.039
4850.64874,8.701,0.051
4853.62898,8.186,0.038
4856.61714,8.706,0.052
4859.62395,8.006,0.046
4862.63346,8.421,0.052
4865.58603,8.769,0.056
4870.58977,8.55,0.043
4872.61731,8.764,0.051
4875.61617,8.054,0.075
4881.58828,8.383,0.043
4884.58216,8.209,0.038
4887.58896,8.788,0.073
4889.64052,8.04,0.052
4892.57833,8.319,0.055
4902.59759,8.802,0.07
4906.52554,8.162,0.059
4919.51045,8.312,0.054
4933.51213,8.754,0.078
5124.82788,8.007,0.062
5128.85439,8.644,0.054
5131.83351,8.039,0.051
5144.82802,8.783,0.077
5148.79892,8.199,0.061
5155.79629,8.164,0.051
5158.78204,8.592,0.061
5162.76086,8.023,0.052
5165.74168,8.548,0.056
