2501.93057,9.441,0.057
2526.89022,9.554,0.044
2549.84189,9.639,0.036
2557.81848,9.616,0.035
2559.83269,9.642,0.032
2625.69336,10.015,0.035
2634.70772,10.064,0.033
2636.73642,10.077,0.034
2638.72552,10.074,0.034
2640.72354,10.064,0.032
2642.73157,10.071,0.035
2644.71728,10.066,0.034
2646.69672,10.084,0.031
2649.68617,10.081,0.034
2651.66106,10.068,0.035
2657.64437,10.088,0.042
2659.65609,10.053,0.036
2661.65321,10.058,0.033
2663.65196,10.043,0.032
2665.64471,10.042,0.033
2667.64405,10.029,0.033
2669.63347,10.033,0.035
2671.63245,10.016,0.034
2673.62689,10.005,0.034
2675.61458,9.983,0.033
2677.59624,9.984,0.034
2679.58634,9.982,0.035
2686.5846,9.96,0.04
2688.58223,9.952,0.037
2690.58095,9.972,0.035
2694.58002,9.941,0.034
2696.57752,9.936,0.034
2698.5744,9.925,0.035
2700.57625,9.915,0.036
2702.56795,9.915,0.034
2704.55653,9.886,0.034
2706.54044,9.888,0.033
2712.5029,9.872,0.045
2714.51751,9.865,0.041
2717.51731,9.84,0.037
2720.51072,9.828,0.035
2722.5147,9.82,0.035
2724.51516,9.811,0.033
2728.51146,9.787,0.035
2730.50733,9.764,0.035
2734.49675,9.747,0.037
2741.51029,9.686,0.036
2743.50778,9.673,0.041
2745.52016,9.654,0.046
2751.49183,9.594,0.035
2754.49468,9.567,0.051
2756.4963,9.558,0.043
2761.47902,9.52,0.035
2885.89858,9.387,0.034
2894.87141,9.383,0.042
2896.9084,9.393,0.039
2906.86479,9.4,0.034
2908.88637,9.418,0.034
2910.86394,9.424,0.035
2916.83766,9.388,0.034
2921.88091,9.394,0.052
2923.86732,9.404,0.038
2934.81903,9.401,0.035
2939.85026,9.382,0.031
2943.81564,9.368,0.033
2946.7672,9.358,0.035
2948.81586,9.343,0.036
2951.80378,9.341,0.039
2957.82109,9.308,0.043
2960.78618,9.292,0.047
2963.76692,9.277,0.034
2965.80116,9.255,0.04
2968.74749,9.246,0.042
2974.74066,9.242,0.038
2976.73971,9.203,0.051
2978.7481,9.206,0.035
2980.74835,9.189,0.038
2984.83699,9.149,0.045
2987.69727,9.147,0.035
2989.75421,9.105,0.034
2990.58134,9.13,0.051
2990.58754,9.121,0.04
2990.59375,9.122,0.04
2990.61374,9.124,0.037
2990.62726,9.145,0.031
2990.65348,9.131,0.04
2991.76327,9.064,0.029
2994.67726,9.106,0.034
2996.71197,9.088,0.048
2998.71924,9.096,0.037
3001.7073,9.1,0.029
3005.68224,9.083,0.034
3007.68868,9.081,0.036
3012.67459,9.071,0.058
3015.69394,9.072,0.036
3017.69095,9.139,0.036
3019.68431,9.061,0.035
3023.76935,9.046,0.032
3028.74801,9.059,0.03
3031.59122,9.045,0.031
3042.61979,9.081,0.043
3044.6533,9.059,0.032
3047.59753,9.093,0.033
3050.58392,9.083,0.036
3052.68188,9.091,0.037
3055.56122,9.053,0.067
3057.59894,9.108,0.043
3059.66289,9.107,0.039
3062.54089,9.133,0.036
3067.52157,9.155,0.032
3069.56578,9.163,0.036
3070.51847,9.155,0.04
3071.58211,9.166,0.04
3073.62362,9.17,0.043
3074.55042,9.179,0.041
3076.5909,9.191,0.042
3078.59128,9.183,0.036
3085.56625,9.254,0.032
3087.56967,9.203,0.067
3089.59039,9.253,0.056
3096.54023,9.32,0.039
3099.5025,9.298,0.057
3101.54212,9.347,0.042
3103.54865,9.369,0.043
3106.50599,9.386,0.037
3108.52117,9.403,0.037
3110.52647,9.413,0.037
3113.49914,9.452,0.031
3123.47934,9.531,0.032
3127.47817,9.571,0.055
3133.46175,9.597,0.038
3272.86667,9.478,0.043
3276.86752,9.418,0.049
3280.87184,9.369,0.072
3296.83633,9.256,0.037
3355.70207,9.217,0.042
3358.69692,9.161,0.047
3367.70311,9.151,0.06
3387.60657,9.183,0.055
3389.65739,9.189,0.06
3394.63072,9.248,0.046
3396.64165,9.237,0.057
3398.66483,9.242,0.051
3400.70861,9.247,0.047
3403.69889,9.243,0.058
3405.6999,9.263,0.034
3408.56396,9.234,0.057
3410.60397,9.286,0.062
3412.66024,9.316,0.045
3414.65708,9.329,0.037
3416.65477,9.312,0.053
3421.55072,9.353,0.064
3425.60892,9.404,0.053
3427.60135,9.408,0.051
3431.60932,9.444,0.049
3433.60858,9.472,0.05
3436.60822,9.473,0.047
3439.59858,9.537,0.043
3442.59009,9.529,0.036
3444.60604,9.587,0.057
3449.49965,9.563,0.07
3454.53272,9.66,0.058
3456.53697,9.61,0.05
3458.53006,9.598,0.034
3460.53907,9.576,0.042
3462.56417,9.611,0.051
3465.5154,9.573,0.041
3469.49777,9.587,0.043
3471.52587,9.624,0.042
3476.47468,9.593,0.048
3478.52488,9.578,0.04
3482.49644,9.593,0.072
3491.47806,9.542,0.055
3499.4608,9.501,0.053
3504.4527,9.463,0.05
3622.89749,9.126,0.038
3630.8899,9.17,0.043
3640.87169,9.243,0.04
3644.87329,9.261,0.048
3648.87505,9.276,0.056
3652.86384,9.32,0.045
3659.88128,9.379,0.042
3663.82544,9.396,0.049
3668.84758,9.452,0.039
3671.82476,9.588,0.04
3674.82233,9.509,0.041
3677.82042,9.531,0.043
3700.74872,9.718,0.052
3703.6357,9.704,0.043
3703.66294,9.724,0.041
3703.69355,9.744,0.041
3703.72231,9.722,0.04
3703.74495,9.716,0.038
3703.75139,9.695,0.045
3703.78271,9.699,0.043
3703.80928,9.713,0.042
3703.83755,9.69,0.042
3704.63934,9.717,0.048
3704.66757,9.725,0.043
3704.69694,9.701,0.055
3704.72599,9.718,0.042
3704.75526,9.718,0.043
3704.78223,9.744,0.045
3704.81428,9.711,0.042
3704.84732,9.721,0.046
3705.62286,9.704,0.047
3705.65375,9.728,0.045
3705.6853,9.711,0.046
3705.71625,9.732,0.049
3705.7454,9.767,0.056
3705.77395,9.716,0.048
3705.80433,9.734,0.049
3705.83872,9.718,0.05
3706.61764,9.736,0.049
3706.64652,9.723,0.05
3706.67759,9.735,0.047
3706.70721,9.713,0.046
3706.73668,9.754,0.048
3706.76624,9.699,0.048
3706.79683,9.748,0.052
3706.82477,9.701,0.052
3706.85283,9.724,0.051
3707.6248,9.74,0.044
3707.65373,9.751,0.041
3707.68066,9.734,0.045
3707.70994,9.765,0.042
3707.74128,9.764,0.039
3707.77404,9.739,0.041
3707.80344,9.741,0.044
3707.83492,9.746,0.039
3707.86414,9.736,0.042
3708.63761,9.755,0.041
3708.66596,9.742,0.043
3708.69449,9.733,0.04
3708.72151,9.755,0.041
3708.75051,9.752,0.039
3708.78044,9.751,0.048
3708.80989,9.753,0.044
3708.83962,9.74,0.041
3711.6234,9.769,0.04
3711.65119,9.771,0.041
3711.67859,9.742,0.042
3711.70747,9.783,0.042
3711.73824,9.802,0.046
3711.76681,9.772,0.043
3711.78978,9.77,0.04
3711.79518,9.798,0.046
3711.82257,9.782,0.044
3711.85171,9.767,0.044
3713.74623,9.746,0.045
3716.70949,9.777,0.046
3722.73011,9.859,0.059
3727.75474,9.87,0.05
3731.70931,9.773,0.054
3734.68761,9.854,0.056
3737.67329,9.835,0.048
3739.72051,9.859,0.042
3741.73476,9.807,0.044
3744.67919,9.818,0.047
3749.65404,9.827,0.052
3751.75117,9.861,0.062
3754.63651,9.794,0.055
3756.70419,9.875,0.062
3758.7265,9.852,0.044
3761.64757,9.866,0.057
3763.73902,9.776,0.07
3766.61253,9.763,0.065
3768.71522,9.757,0.053
3771.57899,9.752,0.052
3776.58124,9.764,0.059
3778.60615,9.754,0.054
3780.66273,9.799,0.057
3783.68988,9.774,0.067
3788.58962,9.715,0.048
3790.64303,9.66,0.06
3793.5995,9.645,0.062
3795.64163,9.627,0.043
3798.57772,9.604,0.051
3804.50318,9.566,0.047
3806.54297,9.54,0.048
3809.56675,9.552,0.053
3811.58094,9.443,0.057
3813.60085,9.479,0.056
3816.54738,9.378,0.051
3818.57972,9.413,0.047
3820.58793,9.372,0.057
3823.53385,9.341,0.059
3825.56482,9.316,0.055
3831.48295,9.254,0.053
3833.51437,9.246,0.06
3835.53131,9.183,0.06
3849.48979,9.032,0.05
3852.48071,9.043,0.053
3858.46104,9.006,0.052
3862.46522,8.94,0.05
3865.46143,9.02,0.054
4091.68126,8.867,0.05
4104.68241,8.802,0.053
4106.72571,8.852,0.04
4109.78193,8.887,0.039
4125.66183,8.85,0.035
4127.67725,8.884,0.038
4131.64654,8.899,0.047
4133.65924,8.916,0.042
4135.6818,8.941,0.038
4137.68421,8.967,0.033
4139.71669,8.949,0.036
4142.57157,9.038,0.039
4144.62981,8.947,0.049
4146.67122,9.007,0.037
4150.61274,9.009,0.042
4152.62677,9.052,0.036
4154.65341,9.032,0.04
4159.53124,9.083,0.038
4161.54278,9.101,0.036
4163.56715,9.113,0.048
4165.59574,9.076,0.048
4168.6244,9.16,0.041
4173.60074,9.196,0.05
4175.6038,9.179,0.048
4179.58465,9.207,0.042
4182.55045,9.278,0.037
4186.49582,9.289,0.034
4190.5004,9.31,0.035
4192.5243,9.306,0.041
4196.52254,9.37,0.059
4201.53166,9.374,0.033
4204.53032,9.379,0.036
4229.46302,9.599,0.038
4234.45401,9.582,0.042
4342.91293,9.782,0.043
4346.91217,9.775,0.038
4355.89992,9.68,0.033
4363.87726,9.597,0.037
4367.88159,9.535,0.038
4382.84258,9.321,0.034
4386.83842,9.286,0.034
4400.81677,9.147,0.072
4408.78719,9.156,0.036
4411.80777,9.164,0.06
4420.81718,9.137,0.05
4423.78351,9.152,0.039
4427.76578,9.167,0.039
4432.78374,9.161,0.038
4435.73798,9.394,0.033
4438.72615,9.163,0.038
4441.71676,9.182,0.035
4444.73695,9.179,0.032
4453.68213,9.213,0.036
4455.77638,9.201,0.044
4459.7117,9.26,0.047
4461.79997,9.253,0.042
4464.65943,9.255,0.035
4466.76031,9.266,0.044
4469.67636,9.292,0.038
4472.75361,9.278,0.059
4475.64808,9.334,0.032
4478.65253,9.333,0.041
4480.77402,9.341,0.065
4487.6358,9.387,0.046
4489.6536,9.432,0.038
4491.69127,9.459,0.036
4493.7195,9.438,0.036
4497.60889,9.488,0.033
4499.69143,9.522,0.042
4502.64238,9.524,0.044
4504.69529,9.536,0.05
4507.59459,9.596,0.042
4509.67822,9.554,0.046
4516.67423,9.607,0.054
4519.56906,9.667,0.044
4521.60482,9.695,0.038
4523.62796,9.7,0.047
4525.64384,9.689,0.048
4528.56978,9.716,0.046
4530.6351,9.714,0.044
4533.56862,9.751,0.039
4536.60838,9.719,0.041
4541.58282,9.735,0.041
4543.59981,9.749,0.049
4546.55206,9.714,0.051
4548.55636,9.7,0.044
4554.53423,9.695,0.042
4556.55256,9.688,0.048
4558.56082,9.657,0.034
4561.54416,9.628,0.039
4564.51373,9.631,0.041
4569.48003,10.051,0.058
4571.52492,9.536,0.042
4574.50161,9.503,0.047
4579.50752,9.451,0.044
4585.497,9.414,0.042
4589.48113,9.36,0.045
4592.47213,9.335,0.044
4596.46066,9.319,0.043
4728.88845,9.25,0.035
4743.86633,9.347,0.033
4746.86774,9.381,0.036
4750.85942,9.423,0.034
4754.83646,9.461,0.038
4761.82651,9.508,0.033
4764.83939,9.53,0.037
4767.84087,9.574,0.034
4770.82714,9.601,0.033
4773.80942,9.645,0.033
4776.80652,9.659,0.035
4783.79683,9.766,0.047
4787.81518,9.765,0.039
4793.76336,9.845,0.033
4796.81073,9.865,0.034
4802.72817,9.926,0.035
4805.73011,9.944,0.034
4808.7164,10.195,0.035
4815.73973,10.083,0.048
4818.79551,10.068,0.04
4821.68071,10.056,0.05
4823.81593,10.059,0.033
4826.74542,10.12,0.035
4829.67876,10.097,0.036
4837.69494,10.151,0.048
4842.6638,10.158,0.043
4845.66352,10.182,0.036
4847.73676,10.195,0.039
4850.64613,10.157,0.051
4853.62277,10.176,0.038
4856.6236,10.163,0.045
4859.62988,10.068,0.043
4862.63937,10.104,0.048
4865.59562,10.094,0.052
4870.58642,10.142,0.043
4872.61479,10.064,0.048
4877.65487,10.018,0.045
4880.65989,10.022,0.039
4886.59717,9.914,0.062
4892.56014,9.894,0.048
4901.58854,9.714,0.07
4905.55537,9.757,0.062
4911.56984,9.565,0.059
4915.57033,9.499,0.067
4917.58965,9.452,0.056
4932.50516,9.399,0.069
4935.50653,9.299,0.065
4938.49785,9.308,0.069
4947.48041,9.277,0.07
5084.90344,9.572,0.054
5106.87119,9.549,0.05
5111.87034,9.531,0.056
5118.87219,9.486,0.052
5123.84278,9.443,0.052
5131.7967,9.428,0.051
5135.86135,9.417,0.071
5143.84359,9.375,0.053
5147.79515,9.339,0.047
5155.80492,9.274,0.054
5155.81614,9.266,0.055
5158.78436,9.25,0.058
5162.75727,9.212,0.053
5165.73902,9.169,0.055
