2621.77408,11.315,0.026
2625.70731,11.176,0.023
2630.79365,11.245,0.029
2634.75475,11.352,0.025
2636.76958,11.2,0.026
2638.75867,11.226,0.025
2640.75665,11.281,0.026
2642.79351,11.303,0.024
2644.74114,11.422,0.024
2646.72056,11.251,0.035
2649.71002,11.196,0.024
2651.67513,11.207,0.029
2657.64675,11.22,0.03
2659.65847,11.24,0.024
2661.65558,11.258,0.024
2663.65432,11.257,0.026
2665.64706,11.292,0.023
2667.64642,11.539,0.025
2669.63582,11.31,0.026
2671.6348,11.231,0.023
2673.62924,11.204,0.024
2675.61692,11.19,0.024
2677.59859,11.224,0.024
2679.58867,11.253,0.025
2685.5676,11.253,0.032
2689.58006,11.319,0.039
2691.5741,11.41,0.025
2695.57421,11.236,0.024
2697.5747,11.234,0.029
2699.57292,11.188,0.023
2701.57077,11.217,0.023
2705.5557,11.26,0.025
2707.55367,11.211,0.025
2712.50748,11.287,0.029
2714.52209,11.251,0.029
2720.51527,11.226,0.025
2722.51925,11.287,0.026
2726.51763,11.243,0.025
2728.51598,11.247,0.025
2730.51184,11.223,0.024
2734.49892,11.23,0.025
2740.48946,11.374,0.025
2742.49183,11.378,0.027
2744.49256,11.222,0.027
2752.47486,11.242,0.025
2755.47718,11.191,0.032
2885.9129,11.196,0.026
2894.89028,11.249,0.028
2897.89679,11.182,0.029
2906.89695,11.35,0.024
2910.89452,11.229,0.03
2916.86081,11.303,0.026
2922.84069,11.196,0.028
2925.88777,11.218,0.028
2931.8329,11.287,0.026
2934.83529,11.228,0.029
2944.78548,11.243,0.036
2946.82623,11.216,0.025
2948.82077,11.219,0.025
2951.80628,11.237,0.027
2954.83869,11.403,0.049
2958.81998,11.36,0.028
2961.77841,11.202,0.025
2964.7672,11.233,0.03
2970.76745,11.282,0.045
2973.76983,11.24,0.024
2975.72936,11.303,0.025
2977.72781,11.386,0.034
2979.74095,11.356,0.026
2985.74732,11.236,0.027
2987.7875,11.203,0.024
2990.58134,11.179,0.039
2990.58754,11.213,0.029
2990.59375,11.219,0.028
2990.61374,11.277,0.026
2990.62726,11.189,0.025
2990.65348,11.284,0.028
2990.70779,11.275,0.025
2994.70783,11.219,0.027
2995.67704,11.197,0.025
2997.70814,11.217,0.025
2998.73226,11.198,0.027
3000.7061,11.236,0.025
3006.71417,11.253,0.025
3015.69908,11.289,0.031
3019.69181,11.21,0.025
3025.6259,11.308,0.026
3029.62958,11.316,0.026
3033.70041,11.208,0.028
3043.59334,11.197,0.028
3045.61468,11.211,0.026
3048.59742,11.486,0.029
3050.67485,11.255,0.026
3053.59917,11.392,0.024
3055.65047,11.361,0.032
3060.63197,11.183,0.032
3067.52863,11.198,0.028
3069.56832,11.188,0.03
3071.58468,11.293,0.03
3074.58747,11.295,0.033
3077.53255,11.396,0.026
3079.56723,11.293,0.042
3081.58901,11.294,0.032
3086.55358,11.29,0.036
3089.52058,11.252,0.032
3097.53854,11.219,0.029
3100.50833,11.312,0.028
3103.49909,11.268,0.027
3108.48758,11.191,0.025
3110.50109,11.223,0.026
3113.48101,11.327,0.03
3125.46348,11.519,0.042
3269.88671,11.268,0.031
3273.88893,11.235,0.028
3277.87215,11.245,0.032
3295.83868,11.245,0.029
3298.85082,11.209,0.026
3321.78858,11.194,0.031
3355.68324,11.199,0.028
3358.67058,11.456,0.031
3383.61875,11.294,0.047
3385.6895,11.277,0.037
3387.70885,11.249,0.035
3387.71431,11.296,0.032
3390.59451,11.257,0.036
3395.66575,11.212,0.044
3397.7192,11.196,0.044
3400.64827,11.29,0.044
3403.65743,11.266,0.033
3405.67403,11.261,0.037
3408.55035,11.313,0.037
3410.62335,11.289,0.036
3412.66365,11.329,0.043
3414.65962,11.443,0.03
3416.6573,11.311,0.041
3424.61592,11.353,0.05
3426.61424,11.271,0.034
3428.61924,11.174,0.053
3430.62146,11.222,0.028
3433.55317,11.218,0.041
3436.55667,11.398,0.032
3442.54107,11.221,0.033
3444.56204,11.165,0.042
3449.513,11.261,0.043
3451.53043,11.245,0.05
3454.53768,11.259,0.045
3456.54202,11.154,0.036
3458.5351,11.314,0.044
3460.54427,11.238,0.031
3463.50336,11.327,0.039
3466.50014,11.178,0.033
3469.5098,11.208,0.028
3477.47175,11.206,0.04
3481.48018,11.236,0.037
3631.88659,11.189,0.03
3641.87666,11.231,0.028
3650.87129,11.491,0.033
3653.85732,11.303,0.036
3659.83558,11.251,0.03
3662.8441,11.195,0.035
3668.82335,11.217,0.026
3671.80573,11.273,0.028
3674.79858,11.4,0.038
3677.79931,11.284,0.028
3701.72653,11.316,0.042
3704.71694,11.213,0.032
3707.7075,11.205,0.028
3712.72042,11.299,0.029
3714.71386,11.274,0.03
3716.80318,11.184,0.034
3722.76933,11.334,0.038
3725.77016,11.435,0.031
3728.65728,11.196,0.034
3731.79201,11.286,0.041
3734.73658,11.198,0.038
3737.72927,11.244,0.033
3740.61859,11.208,0.028
3742.73167,11.242,0.035
3745.63079,11.268,0.036
3749.69701,11.472,0.045
3752.68821,11.313,0.037
3755.60174,11.268,0.038
3757.66893,11.226,0.036
3759.72417,11.219,0.04
3762.65761,11.732,0.042
3765.64799,11.243,0.033
3768.63724,11.259,0.036
3779.6452,11.271,0.044
3783.59615,11.228,0.039
3789.58452,11.168,0.045
3791.61786,11.212,0.041
3794.59047,11.279,0.042
3796.62586,11.382,0.037
3799.56107,11.349,0.043
3804.54481,11.213,0.043
3806.5589,11.238,0.042
3809.58207,11.255,0.038
3812.52561,11.25,0.047
3814.5547,11.206,0.041
3817.52812,11.253,0.043
3819.56223,11.295,0.038
3822.52999,11.378,0.034
3825.51438,11.246,0.049
3831.48807,11.236,0.036
3833.51669,11.212,0.045
3836.4958,11.245,0.039
3850.47149,11.255,0.047
3854.46136,11.173,0.035
4091.66893,11.216,0.03
4104.71977,11.211,0.038
4106.77443,11.284,0.033
4111.63514,11.271,0.033
4126.56886,11.163,0.028
4128.58318,11.231,0.026
4132.64637,11.273,0.032
4134.67378,11.435,0.037
4136.69017,11.427,0.03
4140.69323,11.242,0.034
4143.61534,11.236,0.045
4145.63888,11.23,0.032
4149.63616,11.205,0.032
4151.6312,11.206,0.035
4153.64167,11.237,0.039
4159.56331,11.382,0.038
4161.5656,11.27,0.038
4163.57664,11.232,0.041
4165.60074,11.266,0.04
4172.56483,11.172,0.044
4174.58064,11.262,0.038
4179.53114,11.298,0.034
4186.49336,11.246,0.028
4190.51696,11.243,0.03
4196.52491,11.183,0.048
4363.89025,11.184,0.031
4368.88485,11.276,0.032
4372.87679,11.432,0.034
4378.87168,11.225,0.041
4382.85357,11.266,0.03
4385.8795,11.281,0.029
4392.85429,11.228,0.028
4399.83539,11.261,0.034
4406.81641,11.189,0.041
4409.79157,11.264,0.029
4413.78464,11.186,0.034
4421.75737,11.396,0.028
4424.8471,11.276,0.03
4428.72906,11.216,0.037
4432.8267,11.176,0.036
4435.72269,11.225,0.026
4438.70938,11.227,0.035
4441.69771,11.282,0.029
4444.74635,11.38,0.032
4452.72026,11.191,0.035
4455.68631,11.207,0.045
4460.70863,11.21,0.035
4462.77384,11.26,0.03
4465.65907,11.275,0.037
4467.78115,11.181,0.04
4470.66966,11.373,0.03
4473.72251,11.278,0.029
4476.72209,11.192,0.042
4479.64322,11.307,0.031
4489.66123,11.224,0.031
4491.69894,11.265,0.029
4494.59153,11.427,0.031
4498.59675,11.187,0.03
4503.59102,11.213,0.033
4505.66373,11.241,0.037
4510.60437,11.224,0.042
4517.59147,11.382,0.03
4519.6116,11.483,0.038
4521.6384,11.43,0.033
4524.54074,11.209,0.033
4526.61238,11.209,0.04
4529.55645,11.25,0.036
4532.54923,11.268,0.034
4535.54251,11.199,0.036
4542.49999,11.43,0.039
4546.56586,11.277,0.044
4548.56695,11.238,0.036
4552.52102,11.26,0.03
4555.49918,11.233,0.033
4557.52777,11.223,0.034
4560.51449,11.219,0.037
4563.50109,11.211,0.038
4569.48764,11.392,0.038
4572.4814,11.195,0.038
4575.47507,11.223,0.034
4729.89334,11.288,0.029
4744.87663,11.295,0.028
4750.86465,11.251,0.03
4754.85292,11.232,0.031
4761.84358,11.261,0.029
4764.85906,11.217,0.031
4767.85497,11.215,0.027
4770.82988,11.289,0.027
4773.81589,11.216,0.029
4779.81717,11.306,0.029
4783.80039,11.344,0.035
4787.81776,11.26,0.032
4793.76678,11.292,0.033
4796.81408,11.195,0.033
4805.73269,11.449,0.028
4808.72323,11.269,0.028
4818.78628,11.234,0.029
4821.6875,11.296,0.036
4824.68076,11.237,0.039
4827.69783,11.254,0.035
4829.77436,11.256,0.03
4837.71485,11.347,0.035
4842.66636,11.322,0.038
4845.67035,11.258,0.032
4847.74276,11.206,0.031
4850.64874,11.205,0.04
4853.62898,11.348,0.032
4859.62395,11.261,0.036
4862.63346,11.23,0.041
4865.58603,11.269,0.043
4870.58977,11.181,0.034
4872.61731,11.178,0.04
4875.61617,11.268,0.054
4881.58828,11.312,0.034
4884.58216,11.224,0.031
4887.58896,11.19,0.056
4889.64052,11.206,0.039
4892.57833,11.237,0.042
4902.59759,11.808,0.052
4906.52554,11.2,0.049
4919.51045,11.196,0.041
4933.51213,11.256,0.055
5124.82788,11.199,0.046
5128.85439,11.223,0.043
5131.83351,11.22,0.039
5144.82802,11.28,0.054
5148.79892,11.186,0.048
5155.79629,11.272,0.039
5158.78204,11.217,0.044
5162.76086,11.252,0.039
5165.74168,11.389,0.04
