2622.70679,10.012,0.037
2624.72843,9.912,0.038
2624.73051,9.884,0.039
2630.79812,9.523,0.044
2631.79566,9.761,0.039
2634.75928,9.482,0.038
2636.77414,10.02,0.038
2638.76325,9.535,0.036
2640.76124,10.068,0.041
2643.67737,9.881,0.034
2645.69802,9.808,0.035
2650.66631,9.737,0.034
2652.6588,10.131,0.036
2652.67719,10.129,0.036
2658.66621,9.853,0.04
2662.66293,9.912,0.033
2664.65423,9.781,0.035
2666.65169,9.959,0.034
2668.65736,9.547,0.032
2670.65047,9.99,0.035
2672.65109,9.494,0.034
2674.63883,10.028,0.034
2676.62498,9.537,0.034
2678.61035,10.069,0.035
2680.61299,9.612,0.035
2685.56984,9.952,0.045
2685.59183,9.935,0.046
2689.5823,9.949,0.05
2689.59932,9.979,0.046
2695.57645,9.537,0.031
2695.59343,9.546,0.033
2699.57515,9.639,0.032
2699.58979,9.616,0.033
2701.573,10.082,0.032
2701.58766,10.099,0.033
2703.56598,9.709,0.031
2703.58334,9.687,0.033
2705.55792,10.114,0.034
2705.57532,10.114,0.035
2707.5559,9.798,0.033
2707.57333,9.763,0.034
2712.51204,10.048,0.04
2713.51431,10.108,0.051
2715.51886,9.857,0.039
2717.52642,9.971,0.04
2720.51982,10.073,0.037
2721.51173,9.708,0.054
2722.52147,9.707,0.033
2723.51825,9.959,0.034
2724.52189,10.13,0.032
2725.51734,9.523,0.034
2726.51983,9.785,0.048
2727.51305,9.982,0.035
2728.51819,10.153,0.034
2729.51322,9.512,0.033
2733.50064,9.563,0.037
2734.50114,9.873,0.056
2735.50087,10.116,0.034
2740.49466,9.683,0.039
2741.48662,9.693,0.035
2742.50405,9.967,0.037
2744.47391,9.514,0.045
2745.47881,9.756,0.047
2754.46703,10.042,0.052
2757.46237,9.925,0.046
2761.45833,9.992,0.054
2897.90641,10.006,0.058
2912.87175,9.978,0.035
2916.88467,9.975,0.036
2923.86444,9.892,0.049
2926.87493,9.624,0.043
2932.86006,10.096,0.046
2934.85404,9.794,0.045
2939.8647,10.043,0.043
2940.86318,10.079,0.043
2944.82431,9.948,0.06
2946.85181,9.96,0.037
2947.82646,10.096,0.04
2948.82565,9.691,0.035
2951.82105,10.125,0.04
2951.82541,10.128,0.041
2954.79622,10.043,0.066
2958.82242,10.021,0.035
2958.84524,10.035,0.042
2961.78636,9.868,0.034
2961.81256,9.882,0.04
2964.7961,9.674,0.037
2967.76706,9.726,0.037
2967.78647,9.667,0.037
2970.78209,10.123,0.034
2971.76706,9.493,0.035
2973.77941,10,0.036
2974.78098,10.096,0.033
2975.7392,9.518,0.034
2976.76638,9.833,0.063
2977.74705,10.024,0.051
2979.7459,9.582,0.034
2980.76806,9.895,0.037
2986.76803,9.627,0.04
2989.726,10.101,0.036
2990.71023,9.525,0.037
2991.75332,9.782,0.032
2994.71834,9.502,0.036
2995.70008,9.838,0.035
2996.73985,10.051,0.031
2997.71585,10.024,0.029
2998.74215,9.599,0.038
3000.71967,10.078,0.03
3001.73114,9.833,0.03
3006.72214,9.739,0.036
3007.73075,10.034,0.041
3013.69432,9.499,0.051
3015.70152,10.014,0.056
3016.70008,10.033,0.038
3017.70098,9.6,0.034
3018.69058,9.878,0.037
3019.6993,10.075,0.03
3025.62844,9.742,0.029
3025.65256,9.73,0.036
3029.65239,9.767,0.041
3034.60644,10.055,0.032
3042.59628,10.123,0.047
3044.57613,9.738,0.033
3044.63612,9.738,0.044
3046.63161,10.108,0.049
3049.60771,9.989,0.031
3052.58805,9.845,0.038
3052.62271,9.846,0.036
3057.5708,10.051,0.052
3059.57394,9.672,0.05
3062.5491,9.59,0.053
3067.53659,9.801,0.041
3068.54171,10.02,0.042
3070.57466,9.528,0.04
3073.55444,9.978,0.041
3075.54386,9.912,0.059
3078.53626,9.935,0.043
3089.52382,9.528,0.069
3098.50073,9.977,0.057
3295.85295,10.019,0.035
3321.79111,10.481,0.045
3321.81139,10.034,0.058
3321.83543,9.938,0.056
3321.83843,9.943,0.04
3321.841,9.93,0.053
3321.84682,9.916,0.042
3321.84911,9.936,0.051
3321.85177,9.9,0.048
3326.81521,10.152,0.058
3326.81825,10.09,0.06
3326.82403,10.122,0.043
3326.82757,10.113,0.053
3326.83158,10.122,0.038
3326.83435,10.078,0.055
3326.83697,10.105,0.054
3326.84234,10.168,0.061
3327.76116,9.551,0.052
3327.76611,9.535,0.046
3327.76873,9.613,0.047
3327.77124,9.55,0.036
3329.72165,9.995,0.042
3329.72719,10.012,0.051
3329.72977,9.982,0.04
3329.73748,10.008,0.048
3329.75626,10.022,0.052
3329.76153,10.006,0.046
3329.76945,10.016,0.048
3329.77466,9.964,0.044
3329.78241,9.967,0.052
3329.78532,9.988,0.041
3329.81169,10.02,0.057
3329.81441,9.99,0.055
3335.76103,9.51,0.058
3335.78515,9.619,0.047
3335.79043,9.583,0.058
3335.79298,9.565,0.055
3335.7981,9.612,0.055
3335.80095,9.557,0.053
3335.80372,9.621,0.054
3335.80646,9.564,0.042
3335.80923,9.579,0.051
3335.81195,9.585,0.049
3336.73714,9.845,0.059
3338.72354,9.958,0.062
3338.73182,10.018,0.063
3338.73935,9.974,0.068
3338.74192,10.028,0.055
3338.74471,9.974,0.059
3338.75025,9.991,0.061
3338.75315,9.99,0.058
3338.75604,9.917,0.057
3340.78554,9.91,0.058
3341.72164,10.082,0.058
3341.72432,10.092,0.053
3341.72929,10.11,0.043
3341.73251,10.1,0.045
3341.73944,10.111,0.052
3341.74215,10.121,0.052
3341.74778,10.107,0.066
3341.75009,10.054,0.06
3341.8419,10.087,0.058
3344.74676,10.007,0.055
3344.77441,9.963,0.059
3344.80401,9.95,0.054
3345.67932,10.102,0.055
3345.68181,10.116,0.045
3345.70129,10.098,0.049
3345.70411,10.123,0.051
3347.7683,9.799,0.063
3347.77891,9.797,0.051
3347.80551,9.835,0.062
3348.74333,10.029,0.064
3348.74589,10.083,0.069
3348.74862,9.997,0.062
3348.75129,9.99,0.062
3348.75389,9.943,0.059
3350.70589,9.514,0.063
3350.70835,9.494,0.073
3350.71111,9.499,0.06
3351.69777,9.865,0.054
3351.70318,9.85,0.04
3351.70626,9.897,0.061
3351.71849,9.834,0.062
3351.72167,9.847,0.058
3351.72476,9.869,0.061
3351.72788,9.836,0.059
3351.73748,9.846,0.051
3351.76858,9.844,0.054
3352.64185,10.017,0.05
3352.67351,10.1,0.07
3352.73038,10.03,0.055
3352.75808,10.031,0.052
3352.76086,10.069,0.065
3352.76366,10.05,0.064
3352.79151,10.071,0.056
3353.63597,10.11,0.05
3353.71928,10.1,0.061
3353.74877,10.073,0.052
3353.80769,10.095,0.054
3354.62753,9.525,0.057
3354.65705,9.552,0.047
3354.69143,9.565,0.054
3354.69676,9.539,0.038
3354.69944,9.578,0.048
3354.71255,9.495,0.052
3354.71525,9.604,0.049
3354.72065,9.565,0.042
3354.74534,9.574,0.055
3354.81196,9.562,0.068
3354.81469,9.655,0.069
3354.81749,9.655,0.073
3356.68841,10.067,0.043
3362.66926,9.656,0.057
3386.60989,10.028,0.04
3389.59779,9.831,0.041
3396.55814,9.636,0.039
3396.57694,9.663,0.045
3399.54893,9.877,0.04
3399.56986,9.731,0.043
3403.54249,9.528,0.048
3403.55929,9.555,0.034
3406.54602,10.126,0.033
3409.54719,10.035,0.068
3412.53846,9.89,0.049
3416.53001,9.924,0.045
3647.88434,9.981,0.038
3651.87382,10.018,0.054
3655.86349,10.062,0.042
3658.85311,9.925,0.042
3661.84298,9.641,0.049
3669.82386,9.799,0.039
3672.81364,9.546,0.044
3675.81322,10.017,0.042
3680.79468,9.689,0.04
3700.74593,9.947,0.039
3703.73632,9.733,0.04
3706.72761,9.497,0.047
3712.72271,10.038,0.04
3715.67038,9.945,0.051
3715.67757,9.889,0.054
3715.68417,9.907,0.055
3715.69051,9.903,0.05
3715.70767,9.913,0.051
3715.72063,9.925,0.052
3715.75165,9.962,0.064
3715.78254,9.918,0.05
3715.81205,9.925,0.054
3715.84266,9.972,0.051
3716.68108,10.09,0.047
3716.71282,10.066,0.048
3716.74088,10.082,0.047
3716.7696,10.091,0.05
3716.79713,10.104,0.045
3716.82777,10.097,0.047
3716.85851,10.086,0.059
3717.67757,9.87,0.053
3717.67997,9.824,0.052
3717.7103,9.787,0.052
3717.74114,9.767,0.05
3717.76848,9.746,0.049
3717.80225,9.658,0.05
3718.7,9.698,0.053
3724.67765,10.114,0.044
3727.66818,10.047,0.051
3732.65666,9.949,0.045
3733.64438,9.608,0.05
3735.65635,10.067,0.044
3739.61694,10.115,0.044
3741.63718,9.725,0.043
3742.60897,9.986,0.043
3744.628,9.497,0.045
3751.6095,9.976,0.056
3754.59931,10.114,0.053
3757.56835,9.956,0.047
3757.58696,9.951,0.047
3760.56301,9.715,0.049
3760.58134,9.759,0.044
3763.57656,9.447,0.055
3764.54588,9.79,0.054
3766.56718,10.099,0.048
3769.55765,10.089,0.052
3773.54771,10.114,0.054
3779.52577,9.755,0.059
4089.67696,9.58,0.036
4092.66753,9.829,0.039
4106.63842,10.045,0.038
4125.57856,10.013,0.038
4128.57822,9.874,0.034
4134.55954,9.637,0.039
4137.55057,10.111,0.034
4140.54147,10.006,0.034
4143.53578,9.927,0.036
4146.5292,9.591,0.035
4379.88159,10.141,0.04
4383.87116,10.109,0.039
4386.86523,10.072,0.036
4392.84471,9.647,0.036
4399.82888,9.514,0.047
4406.80389,10.088,0.058
4409.80553,10.083,0.036
4413.79414,10.089,0.04
4421.76522,10.124,0.035
4426.75666,9.571,0.056
4429.74584,9.91,0.044
4437.7281,9.533,0.035
4440.71691,10.138,0.034
4443.75636,10.036,0.035
4460.73723,9.539,0.047
4463.69784,10.042,0.034
4465.74585,9.903,0.05
4474.71746,10.126,0.04
4477.72618,9.982,0.041
4480.64935,9.898,0.057
4484.65607,9.942,0.039
4488.65564,9.958,0.072
4490.67182,9.593,0.039
4492.70116,10.018,0.037
4498.68161,9.558,0.047
4501.63128,9.952,0.04
4506.67409,9.695,0.055
4509.58977,9.53,0.05
4515.58713,10.071,0.071
4517.63668,9.553,0.042
4519.64392,10.031,0.052
4522.55984,9.894,0.045
4524.58644,9.768,0.045
4527.55774,10.195,0.047
4529.61765,9.8,0.05
4532.58214,9.561,0.043
4535.57942,10.051,0.043
4542.5162,10.077,0.052
4547.51954,9.611,0.053
4552.53201,9.83,0.039
4555.51088,9.599,0.04
4557.53477,10.057,0.043
4560.5206,9.946,0.044
4563.50829,9.702,0.048
4570.48054,9.55,0.039
4573.48894,10.051,0.051
4576.47409,10.132,0.052
4753.87531,9.945,0.039
4762.86592,10.102,0.035
4766.87196,9.938,0.041
4773.8675,10.13,0.035
4776.84606,10.001,0.042
4779.84494,9.831,0.04
4783.82459,9.859,0.051
4794.78838,9.766,0.041
4798.76883,9.83,0.036
4804.77504,9.895,0.036
4807.75948,10.098,0.034
4810.74566,9.976,0.056
4815.75999,10.131,0.051
4818.8168,10.069,0.039
4821.72213,9.91,0.034
4824.71073,9.658,0.036
4827.72241,9.635,0.039
4830.69445,10.134,0.038
4838.6699,9.995,0.042
4843.68625,9.659,0.046
4846.67142,9.674,0.036
4849.654,10.13,0.043
4852.64978,10.058,0.043
4855.66205,9.842,0.045
4858.65816,9.603,0.039
4864.59714,10.089,0.046
4870.60686,9.806,0.05
4872.63163,10.105,0.054
4881.59136,9.674,0.044
4884.58691,9.603,0.043
4890.58086,10.022,0.066
4893.56416,9.867,0.068
4904.57192,9.766,0.063
4911.53708,9.531,0.071
4919.51867,9.786,0.062
5131.86434,9.764,0.051
5137.85515,10.098,0.067
5145.82668,10.074,0.052
5155.83764,10.056,0.053
5158.8123,9.929,0.054
5162.80156,9.955,0.053
5165.78539,9.728,0.057
