1868.77089,11.563,0.024
1869.76568,11.567,0.032
1871.79463,11.63,0.031
1873.78803,11.625,0.03
1875.77412,11.54,0.031
1877.77025,11.536,0.026
1879.76884,11.728,0.025
1881.75019,11.566,0.023
1884.72215,11.606,0.034
1885.73285,11.586,0.025
1887.73021,12.3,0.027
1888.7246,11.595,0.027
1889.73303,11.527,0.039
1899.69658,11.596,0.029
1900.70584,11.751,0.025
1902.68306,11.596,0.028
1902.6903,11.574,0.024
1903.70499,11.53,0.025
1904.68488,11.559,0.039
1904.68756,11.498,0.027
1905.69157,11.659,0.031
1905.69425,11.582,0.026
1906.68266,11.627,0.031
1906.68534,11.608,0.026
1907.69015,11.755,0.024
1908.6824,11.609,0.025
1913.65864,11.633,0.034
1913.66586,11.657,0.027
1914.67515,11.775,0.026
1914.67696,11.802,0.032
1915.67468,11.615,0.025
1915.67647,11.646,0.031
1918.65406,11.499,0.027
1919.66277,11.669,0.027
1920.66436,11.686,0.03
1921.65803,11.727,0.026
1922.65737,11.625,0.024
1923.65679,11.601,0.031
1924.65186,11.491,0.046
1926.64722,11.617,0.025
1928.65304,11.771,0.034
1929.64365,11.627,0.037
1930.64167,11.597,0.029
1931.63669,11.584,0.032
1933.63315,11.658,0.029
1934.63257,11.666,0.034
1936.61628,11.532,0.025
1937.6123,11.601,0.032
1938.61191,11.575,0.025
1938.63563,11.568,0.029
1940.60659,11.636,0.025
1940.61699,11.673,0.033
1945.61099,11.564,0.034
1950.59812,11.628,0.039
1953.59122,11.594,0.035
1955.55855,11.642,0.03
1958.57238,11.639,0.036
1961.55772,11.775,0.036
1963.55901,11.75,0.038
1965.54995,11.617,0.033
1967.55139,11.637,0.036
1978.56145,11.588,0.04
1980.57237,11.594,0.038
1980.58599,11.544,0.04
1982.55003,11.806,0.036
1982.55235,11.71,0.034
1985.52176,11.719,0.046
1994.52971,11.596,0.044
2027.47113,11.549,0.028
2032.46069,11.603,0.03
2128.92724,11.625,0.04
2130.92962,11.586,0.038
2132.92477,11.68,0.034
2132.92911,11.633,0.033
2134.92151,11.646,0.046
2134.93267,11.599,0.038
2140.92171,11.764,0.037
2143.92141,11.521,0.052
2144.91176,11.535,0.04
2151.91946,11.575,0.049
2167.85154,11.613,0.032
2171.87813,11.535,0.032
2173.8576,11.613,0.03
2183.86361,11.577,0.031
2185.8221,11.529,0.033
2189.86201,11.734,0.03
2191.822,11.6,0.034
2193.82481,11.567,0.029
2196.80582,11.684,0.035
2197.88906,11.582,0.036
2199.82379,11.52,0.036
2201.82673,11.636,0.028
2208.80676,11.683,0.05
2212.77201,11.557,0.031
2213.81175,11.56,0.032
2215.78631,11.621,0.031
2217.76503,11.746,0.04
2221.76815,11.628,0.039
2225.72445,11.56,0.032
2227.74549,11.572,0.037
2229.81039,11.604,0.039
2232.74516,11.55,0.035
2234.79264,11.497,0.034
2235.76954,11.591,0.043
2236.79719,11.652,0.043
2237.78475,11.698,0.039
2239.75647,11.62,0.041
2241.77776,11.515,0.039
2243.77079,11.73,0.046
2247.74486,11.674,0.048
2248.75943,11.641,0.044
2249.74645,11.575,0.039
2250.73996,11.669,0.042
2251.73615,11.706,0.041
2252.7307,11.69,0.042
2253.72771,11.55,0.04
2254.72181,11.558,0.04
2255.72427,11.579,0.04
2257.73216,11.788,0.045
2260.7161,11.635,0.048
2498.92766,11.689,0.043
2520.88577,11.654,0.028
2540.85234,11.71,0.03
2545.81507,11.641,0.041
2549.85345,11.617,0.049
2557.80378,11.537,0.032
2559.82256,11.594,0.024
2561.82361,11.663,0.028
2565.8213,11.619,0.031
2577.78108,11.526,0.032
2621.76351,11.606,0.03
2621.7662,11.603,0.025
2623.72068,11.797,0.025
2625.71546,11.608,0.026
2628.67098,11.699,0.04
2628.6852,11.686,0.028
2631.82209,11.721,0.027
2631.8248,11.675,0.026
2639.68943,11.589,0.024
2639.69122,11.62,0.024
2641.68757,11.557,0.023
2641.69397,11.588,0.023
2643.69943,11.641,0.027
2645.68128,11.579,0.038
2645.68768,11.667,0.023
2647.67323,11.58,0.028
2650.64966,11.705,0.03
2652.66051,11.672,0.025
2652.66691,11.597,0.023
2654.66182,11.558,0.026
2654.6659,11.57,0.023
2657.69513,11.769,0.029
2657.69926,11.717,0.025
2659.7179,11.593,0.025
2661.71095,11.544,0.025
2661.71505,11.707,0.024
2663.70729,11.596,0.025
2663.7114,11.667,0.023
2665.70008,11.806,0.023
2667.69954,11.629,0.024
2667.70368,11.612,0.023
2669.6889,11.55,0.026
2671.68794,11.617,0.026
2671.69208,11.599,0.023
2673.68242,11.591,0.024
2673.68656,11.63,0.024
2675.67014,11.554,0.026
2677.65372,11.625,0.024
2679.6281,11.736,0.049
2681.61982,11.538,0.03
2681.62401,11.645,0.024
2683.62322,11.573,0.027
2685.62395,11.657,0.028
2685.62927,11.649,0.038
2689.62483,11.598,0.033
2689.6268,11.612,0.05
2691.61883,11.679,0.033
2691.62082,11.634,0.026
2693.63116,11.783,0.029
2693.63316,11.784,0.025
2695.61905,11.547,0.027
2695.62107,11.632,0.024
2697.62511,11.595,0.026
2697.62716,11.599,0.023
2699.61542,11.897,0.025
2699.61746,11.652,0.024
2701.61332,11.59,0.025
2701.61538,11.602,0.024
2703.60903,11.631,0.026
2703.6111,11.545,0.023
2705.60318,11.664,0.027
2707.59914,11.728,0.026
2707.60126,11.75,0.024
2709.58561,11.549,0.026
2709.58773,11.558,0.024
2711.58737,11.596,0.024
2711.58951,11.58,0.025
2713.59946,11.708,0.027
2713.60161,11.641,0.024
2715.6041,11.643,0.027
2715.60628,11.549,0.025
2719.52715,11.689,0.024
2719.52935,11.746,0.025
2721.56755,11.776,0.044
2721.56977,11.869,0.046
2723.56943,11.555,0.031
2723.57166,11.577,0.026
2725.56608,11.572,0.028
2725.56833,11.611,0.026
2727.55955,11.662,0.025
2727.56181,11.67,0.025
2729.55748,11.597,0.026
2729.55976,11.598,0.025
2733.54507,11.682,0.027
2733.54739,11.635,0.024
2735.54057,11.75,0.031
2735.54291,11.712,0.024
2737.53231,11.546,0.034
2737.53465,11.608,0.028
2739.55481,11.572,0.025
2739.55717,11.596,0.027
2741.52986,11.7,0.026
2741.53224,11.708,0.024
2743.52736,11.565,0.029
2743.52974,11.56,0.028
2745.53739,11.647,0.037
2745.5398,11.599,0.036
2750.51844,11.559,0.035
2752.49478,11.547,0.024
2752.51778,11.68,0.022
2755.4948,11.643,0.024
2755.51549,10.618,0.024
2757.49394,11.595,0.023
2757.51225,11.6,0.023
2759.53783,11.588,0.038
2760.49865,11.778,0.024
2761.52215,11.731,0.025
2762.49969,11.657,0.024
2763.51563,11.89,0.024
2764.48863,11.604,0.023
2766.51356,11.551,0.024
2770.46996,11.646,0.024
2775.45966,11.691,0.026
2776.46234,11.719,0.028
2782.4876,11.889,0.031
2783.46216,11.665,0.025
2785.45728,11.548,0.023
2785.46843,11.553,0.024
2789.45374,11.739,0.031
2792.4511,11.581,0.027
2794.45311,11.6,0.027
2885.88847,11.651,0.025
2886.89935,11.6,0.03
2892.91184,11.57,0.031
2893.90364,11.551,0.03
2896.89386,11.71,0.033
2903.90266,11.771,0.032
2906.86878,11.601,0.024
2910.86781,11.648,0.024
2912.86619,11.778,0.025
2915.88683,11.571,0.024
2916.82268,11.593,0.027
2921.87073,11.705,0.037
2923.8456,11.56,0.03
2927.80413,11.584,0.027
2930.83925,11.568,0.023
2930.84176,11.56,0.024
2933.835,11.812,0.028
2939.87714,11.665,0.026
2940.77649,11.746,0.027
2942.82288,11.564,0.027
2944.7648,11.649,0.05
2944.8123,11.512,0.034
2947.80373,11.707,0.024
2947.80632,11.743,0.031
2951.76587,11.568,0.026
2954.7931,11.91,0.038
2957.79024,11.588,0.027
2960.79737,11.682,0.026
2962.77446,11.597,0.026
2963.77602,11.57,0.026
2965.75446,11.574,0.027
2966.75939,11.645,0.031
2968.75582,11.742,0.033
2971.75847,11.59,0.024
2973.7855,11.706,0.025
2974.74665,11.71,0.026
2975.73067,11.685,0.025
2976.75048,11.57,0.027
2977.73146,11.491,0.035
2978.75678,11.578,0.024
2979.74721,11.625,0.028
2980.75922,11.782,0.026
2981.75914,11.675,0.033
2982.76934,11.717,0.03
2984.7164,11.609,0.025
2985.71651,11.646,0.024
2986.77753,11.573,0.024
2987.76226,11.669,0.026
2989.70909,11.648,0.023
2991.74761,11.618,0.025
2992.75174,11.525,0.031
2994.69712,11.746,0.026
2995.68604,11.694,0.028
2996.72907,11.706,0.025
2997.73456,11.579,0.024
2998.73391,11.595,0.028
2998.75309,11.529,0.03
3001.72519,11.78,0.024
3005.74333,11.569,0.024
3006.81842,11.542,0.038
3007.7177,11.55,0.026
3008.73746,11.745,0.026
3009.75317,11.689,0.029
3010.74211,11.621,0.027
3011.77306,11.534,0.028
3012.84197,11.687,0.032
3015.64961,11.777,0.034
3016.6368,11.699,0.023
3017.67517,11.644,0.025
3018.67664,11.56,0.025
3019.67603,11.556,0.025
3023.66381,11.667,0.023
3023.67732,11.632,0.025
3025.7922,11.692,0.025
3030.68345,11.711,0.024
3032.70019,11.558,0.025
3034.63879,11.649,0.027
3034.72127,10.047,0.028
3036.71284,11.705,0.024
3036.79043,11.655,0.027
3041.61579,11.727,0.031
3043.71014,11.858,0.031
3045.67335,11.911,0.023
3048.64658,11.585,0.027
3048.70613,11.53,0.028
3050.74341,11.814,0.036
3051.63659,11.676,0.024
3053.62506,11.574,0.025
3053.69102,11.574,0.025
3055.68974,11.653,0.035
3056.56465,11.66,0.026
3057.73146,11.8,0.046
3058.65927,11.712,0.039
3060.58675,11.502,0.039
3060.67928,11.513,0.024
3062.60331,11.729,0.046
3064.64104,11.781,0.037
3067.66757,11.606,0.026
3068.61224,11.552,0.027
3069.68355,11.63,0.028
3070.63646,11.626,0.029
3071.50461,11.812,0.029
3072.60277,11.649,0.026
3073.57898,11.708,0.026
3074.64916,11.578,0.03
3075.6104,11.566,0.027
3076.67398,11.549,0.025
3077.637,11.583,0.037
3078.67261,11.754,0.027
3079.63796,11.651,0.034
3081.54526,11.563,0.025
3081.63649,11.602,0.024
3085.5465,11.774,0.026
3085.63994,11.81,0.028
3087.56015,11.659,0.027
3087.6365,11.728,0.037
3089.5812,11.557,0.031
3090.5082,11.615,0.036
3091.58614,11.7,0.046
3092.53747,11.803,0.026
3093.58477,11.66,0.025
3096.53858,11.588,0.026
3097.58603,11.615,0.026
3098.56365,11.588,0.034
3100.51198,11.622,0.027
3100.57116,11.702,0.029
3102.53205,11.529,0.026
3102.57805,11.524,0.028
3104.5518,11.604,0.025
3104.59025,11.587,0.027
3106.56,11.802,0.025
3106.58845,11.764,0.026
3108.56435,11.645,0.025
3109.51135,11.545,0.026
3111.5177,11.602,0.027
3112.58171,11.601,0.025
3113.54255,11.805,0.025
3115.50259,11.65,0.027
3116.51218,11.58,0.027
3116.51715,11.526,0.025
3121.46538,11.67,0.024
3121.53236,11.65,0.024
3123.49886,11.566,0.024
3124.49828,11.581,0.026
3125.52989,11.631,0.024
3127.49983,11.731,0.027
3128.50953,11.663,0.027
3129.51931,11.581,0.031
3130.52649,11.49,0.029
3132.48575,11.649,0.026
3133.48531,11.676,0.025
3134.51759,11.77,0.027
3142.48097,11.628,0.025
3142.49437,11.601,0.025
3146.47542,11.699,0.036
3146.48608,11.571,0.039
3154.45612,11.632,0.025
3156.45772,11.681,0.03
3163.44683,11.692,0.026
3268.87254,11.675,0.029
3272.86328,11.909,0.043
3276.86026,11.732,0.03
3280.85959,11.467,0.038
3296.82478,11.616,0.028
3357.69996,11.584,0.028
3363.71178,11.518,0.039
3367.63918,11.683,0.037
3373.85093,11.575,0.048
3383.75434,11.545,0.033
3386.61881,11.704,0.045
3388.6747,11.774,0.035
3390.65737,11.537,0.05
3395.72787,11.735,0.037
3397.77115,11.589,0.044
3400.61589,11.666,0.028
3403.63814,11.632,0.029
3405.66328,11.562,0.037
3409.70077,11.814,0.035
3411.76347,11.564,0.051
3414.55347,11.742,0.031
3416.58509,11.645,0.04
3424.64344,11.618,0.04
3426.64095,11.556,0.037
3430.64983,11.794,0.037
3432.64884,11.654,0.043
3434.64366,11.494,0.045
3437.63894,11.809,0.054
3440.62677,11.531,0.038
3446.55314,11.488,0.051
3448.58875,11.57,0.04
3450.58115,11.65,0.034
3453.56261,11.608,0.041
3455.57776,11.566,0.031
3459.5927,11.601,0.027
3461.60948,11.487,0.037
3464.52227,11.75,0.05
3466.54993,11.541,0.038
3469.5574,11.539,0.029
3473.55495,11.566,0.042
3476.5047,11.603,0.045
3478.53715,11.64,0.03
3480.56218,11.882,0.042
3483.51486,11.513,0.034
3490.48661,11.548,0.031
3492.50347,11.642,0.034
3497.48039,11.586,0.031
3500.48633,11.624,0.041
3503.47551,11.544,0.03
3511.46791,11.595,0.028
3517.45274,11.563,0.038
3522.45236,11.523,0.054
3592.92727,11.616,0.033
3622.89436,11.623,0.027
3630.8749,11.538,0.029
3640.86822,11.668,0.027
3644.86963,11.522,0.033
3648.86882,11.685,0.051
3652.84882,11.54,0.029
3659.84927,11.558,0.028
3663.82094,11.714,0.032
3666.84927,11.443,0.032
3670.80944,11.695,0.026
3673.84108,11.577,0.026
3680.84882,11.52,0.026
3701.75628,11.485,0.045
3704.74584,11.696,0.03
3707.73683,11.552,0.026
3711.77748,11.66,0.026
3713.77975,11.57,0.03
3716.7186,11.601,0.028
3719.72576,11.628,0.034
3722.69878,11.603,0.032
3725.73169,11.628,0.032
3727.80201,11.566,0.037
3731.7264,11.74,0.034
3737.68607,11.62,0.033
3739.73904,11.697,0.045
3742.66002,11.546,0.036
3744.73505,11.614,0.036
3747.64198,11.659,0.031
3749.73844,11.436,0.044
3752.69984,11.832,0.036
3754.76046,11.639,0.039
3756.81194,11.606,0.039
3759.62925,11.787,0.043
3761.78048,11.705,0.038
3764.64458,11.59,0.038
3769.63067,11.585,0.035
3771.70438,11.569,0.039
3774.6282,11.692,0.041
3776.66184,11.578,0.038
3778.65852,11.659,0.035
3780.71143,11.761,0.036
3783.73396,11.627,0.037
3788.5688,11.541,0.052
3790.63466,11.496,0.048
3793.592,11.589,0.042
3795.63046,11.63,0.029
3797.65218,11.726,0.03
3800.55969,11.638,0.046
3802.66958,11.681,0.037
3805.54898,11.516,0.046
3808.57959,11.794,0.048
3810.57022,11.648,0.038
3812.58071,11.538,0.037
3814.58675,11.559,0.035
3816.6302,11.627,0.033
3818.64499,11.548,0.035
3821.55635,11.597,0.042
3823.59691,10.736,0.041
3825.61284,11.567,0.034
3828.50444,11.579,0.041
3830.57201,11.62,0.034
3832.58019,11.524,0.031
3834.58102,11.628,0.036
3836.59816,11.676,0.039
3848.48536,11.668,0.033
3852.52407,11.541,0.038
3854.5306,11.485,0.031
3858.5012,11.603,0.036
3861.50022,11.537,0.028
3863.51435,11.574,0.036
3865.51796,11.601,0.033
3868.49881,11.495,0.036
3871.47819,11.761,0.031
3875.47973,11.569,0.043
3877.4807,11.684,0.031
3887.44867,11.58,0.051
4090.70383,11.738,0.027
4104.70579,11.668,0.043
4106.73597,11.552,0.03
4109.78984,11.585,0.034
4126.67702,11.611,0.031
4128.70048,11.546,0.029
4130.69105,11.659,0.038
4132.69183,11.795,0.033
4134.73227,11.584,0.034
4136.76285,11.627,0.033
4141.57459,11.511,0.033
4143.61789,11.549,0.03
4145.64148,11.649,0.033
4147.67707,11.582,0.027
4150.72372,11.559,0.026
4153.55251,11.69,0.028
4155.59469,11.563,0.04
4157.6498,11.574,0.03
4159.64747,11.647,0.032
4161.65011,11.626,0.031
4163.66402,11.52,0.033
4165.68323,11.609,0.03
4168.68943,11.649,0.028
4173.67079,11.638,0.033
4176.53495,11.503,0.041
4179.61357,11.708,0.034
4181.63715,11.68,0.035
4184.51353,11.58,0.042
4190.55074,11.53,0.03
4192.56004,11.552,0.028
4194.60902,11.601,0.031
4197.59303,11.54,0.033
4200.58051,11.643,0.027
4203.58225,11.606,0.029
4213.56597,11.559,0.032
4229.50466,11.654,0.031
4231.51274,11.538,0.031
4234.47581,11.597,0.028
4236.48656,11.703,0.052
4346.8948,11.546,0.028
4350.90029,11.647,0.031
4355.88398,11.607,0.026
4362.89328,11.585,0.026
4375.88741,11.516,0.03
4379.842,11.751,0.029
4383.85198,11.575,0.031
4387.82694,11.516,0.04
4402.84395,11.529,0.027
4406.84039,11.644,0.039
4409.81419,11.517,0.026
4413.8139,11.702,0.033
4418.84623,11.575,0.034
4422.76797,11.558,0.025
4426.77551,11.761,0.038
4429.76871,11.56,0.029
4432.7557,11.559,0.025
4435.74978,11.643,0.027
4438.73796,11.595,0.03
4453.69894,11.549,0.027
4456.69137,11.59,0.043
4458.77884,11.554,0.044
4461.6945,11.776,0.028
4463.79456,11.693,0.032
4466.69422,11.605,0.036
4469.68856,11.651,0.032
4472.76648,11.391,0.048
4475.66354,11.723,0.027
4478.66798,11.52,0.028
4480.83394,11.566,0.041
4484.66438,11.611,0.028
4486.72192,11.522,0.034
4488.78131,11.539,0.043
4491.61244,11.595,0.027
4493.66641,11.541,0.028
4499.65871,11.561,0.033
4501.76509,11.559,0.031
4504.6561,11.648,0.033
4506.75445,11.569,0.028
4509.6179,11.537,0.044
4511.6426,11.669,0.04
4516.72391,11.501,0.049
4519.59884,11.591,0.035
4521.63272,11.551,0.031
4523.66071,11.599,0.029
4525.69221,11.586,0.036
4530.61748,11.643,0.033
4532.68317,11.676,0.026
4536.5442,11.559,0.029
4538.60786,11.788,0.029
4540.61744,11.636,0.041
4542.62706,11.579,0.042
4547.55262,11.588,0.033
4552.56469,11.774,0.032
4554.58725,11.637,0.032
4556.603,11.554,0.033
4558.60463,11.574,0.029
4561.56907,11.621,0.033
4563.58938,11.539,0.029
4565.59895,11.621,0.029
4568.52725,11.571,0.031
4570.5371,11.536,0.03
4572.56385,11.642,0.031
4575.52947,11.567,0.035
4579.5296,11.536,0.037
4582.55062,11.607,0.032
4586.4995,11.671,0.028
4589.51023,11.534,0.035
4592.49533,11.664,0.034
4595.47476,11.595,0.03
4597.48585,11.5,0.029
4600.50193,11.633,0.033
4606.47012,11.681,0.038
4610.45687,11.584,0.031
4694.92567,11.714,0.034
4703.91821,11.562,0.029
4722.88598,11.787,0.027
4727.88721,11.588,0.032
4731.88647,11.763,0.039
4741.88952,11.618,0.031
4750.84523,11.736,0.025
4753.8608,11.586,0.026
4757.84142,11.788,0.031
4761.82206,11.548,0.027
4765.81368,11.585,0.028
4768.84063,11.569,0.026
4771.84987,11.83,0.031
4774.84597,11.514,0.03
4777.83485,11.583,0.028
4780.8149,11.541,0.028
4784.75696,11.555,0.033
4793.77801,11.629,0.029
4796.83162,11.542,0.038
4802.74777,11.562,0.033
4805.73988,11.654,0.026
4808.72967,11.612,0.029
4812.72826,11.569,0.051
4815.70962,11.528,0.033
4818.75616,11.583,0.033
4821.69893,11.587,0.027
4827.7102,11.807,0.031
4830.67555,11.546,0.029
4831.53679,11.765,0.049
4835.66668,11.473,0.05
4840.64339,11.617,0.032
4842.74582,11.626,0.038
4845.73588,11.648,0.04
4847.79482,11.682,0.029
4850.66561,11.593,0.037
4853.65226,11.661,0.031
4856.64816,11.579,0.042
4859.65588,11.536,0.036
4862.66285,11.725,0.04
4867.64247,11.608,0.045
4869.67133,11.852,0.048
4871.71947,11.624,0.038
4877.64898,11.601,0.041
4880.65317,11.526,0.037
4882.7118,11.518,0.039
4885.71996,11.607,0.041
4888.60236,11.625,0.049
4893.58889,11.582,0.04
4903.58164,11.656,0.047
4906.55801,11.468,0.053
4914.55007,11.594,0.043
4916.60644,11.674,0.043
4919.56013,11.605,0.041
4924.50354,11.782,0.053
4928.50421,11.538,0.055
4931.56154,11.599,0.049
4934.52833,11.642,0.049
4936.58529,11.661,0.049
4939.52309,11.619,0.054
4947.54156,11.607,0.048
4950.5131,11.58,0.05
4960.48046,11.648,0.045
4966.49664,11.615,0.043
4969.48791,11.702,0.058
5084.89339,11.518,0.04
5088.89029,11.684,0.035
5092.88115,11.538,0.036
5099.88687,11.602,0.038
5106.85756,11.625,0.038
5111.85136,11.623,0.035
5118.86229,11.577,0.039
5123.87663,11.696,0.035
5129.81542,11.642,0.037
5137.80561,11.649,0.04
5140.85831,11.475,0.043
5144.85863,11.733,0.036
5148.81381,11.588,0.052
5154.82996,11.561,0.046
5158.76663,11.799,0.049
5162.77867,11.533,0.038
5165.7573,11.573,0.039
5168.74581,11.616,0.044
