2621.84448,8.442,0.03
2623.7329,8.396,0.034
2623.76442,8.401,0.028
2625.74785,8.382,0.031
2630.79581,8.323,0.04
2631.79062,8.344,0.033
2636.77184,8.321,0.034
2637.72071,8.326,0.027
2639.71733,8.321,0.027
2640.75895,8.313,0.035
2641.72037,8.321,0.027
2644.74349,8.316,0.034
2645.71392,8.319,0.029
2651.67984,8.311,0.033
2652.69316,8.321,0.028
2653.67079,8.312,0.031
2654.6876,8.332,0.03
2658.66394,8.337,0.038
2658.68731,8.364,0.04
2660.6638,8.356,0.06
2662.66068,8.368,0.031
2662.68188,8.359,0.029
2664.65197,8.361,0.031
2664.67318,8.367,0.03
2666.64942,8.398,0.03
2668.65511,8.388,0.031
2668.67633,8.396,0.029
2670.64823,8.402,0.031
2670.66949,8.425,0.029
2672.67015,8.436,0.029
2674.63659,8.421,0.031
2674.65788,8.442,0.029
2676.62275,8.421,0.031
2676.64409,8.437,0.028
2678.60812,8.436,0.033
2678.62946,8.436,0.029
2680.61077,8.424,0.033
2680.63215,8.435,0.029
2685.58962,8.429,0.044
2686.6098,8.458,0.047
2688.60506,8.441,0.034
2689.59711,8.427,0.042
2690.60387,8.456,0.029
2691.59107,8.448,0.033
2692.6011,8.493,0.031
2693.5958,8.458,0.031
2694.60062,8.457,0.029
2695.59122,8.47,0.031
2697.59174,8.481,0.03
2698.59264,8.486,0.03
2699.5876,8.478,0.03
2700.5945,8.5,0.028
2701.58547,8.495,0.031
2702.58624,8.514,0.028
2703.58115,8.508,0.031
2704.57483,8.524,0.028
2705.57312,8.524,0.031
2706.55657,8.551,0.031
2707.57113,8.543,0.031
2713.51214,8.586,0.05
2713.53641,8.591,0.043
2715.51667,8.624,0.037
2715.53402,8.626,0.032
2718.51424,8.668,0.034
2718.52909,8.664,0.03
2721.50955,8.696,0.034
2721.52194,8.756,0.039
2723.51609,8.719,0.03
2725.51518,8.747,0.03
2725.52522,8.765,0.027
2727.51089,8.768,0.031
2727.52092,8.787,0.029
2729.51106,8.804,0.031
2729.52111,8.832,0.027
2733.49848,8.872,0.034
2733.50857,8.866,0.029
2735.4987,8.9,0.032
2740.49251,8.955,0.039
2741.48353,8.994,0.03
2742.50189,9.008,0.034
2743.49721,9.033,0.032
2744.51766,9.034,0.039
2745.51225,9.092,0.064
2751.52563,9.17,0.036
2752.47787,9.184,0.031
2754.52611,9.234,0.03
2755.48017,9.228,0.031
2757.47297,9.289,0.028
2757.47927,9.271,0.031
2760.46629,9.338,0.029
2760.47262,9.338,0.031
2896.90067,10.21,0.041
2911.88859,9.955,0.033
2912.88679,9.96,0.055
2916.87447,9.859,0.036
2918.87827,9.849,0.063
2923.8567,9.744,0.038
2926.85557,9.662,0.035
2927.85069,9.667,0.037
2932.85293,9.569,0.032
2935.87088,9.499,0.038
2940.82601,9.445,0.034
2940.85755,9.429,0.032
2943.82888,9.378,0.032
2943.86043,9.402,0.029
2946.81382,9.353,0.033
2946.84809,9.373,0.028
2948.84214,9.329,0.032
2949.85734,9.31,0.027
2954.83562,9.236,0.067
2958.84275,9.181,0.037
2960.81228,9.205,0.068
2964.78646,9.079,0.034
2967.77632,9.035,0.03
2970.81342,8.965,0.037
2975.75374,8.795,0.033
2975.77577,8.79,0.028
2977.74906,8.719,0.047
2979.75773,8.64,0.039
2981.76468,8.541,0.04
2981.79581,8.54,0.04
2986.76544,8.338,0.036
2986.79091,8.349,0.034
2989.72078,8.24,0.033
2989.7385,8.224,0.043
2991.75083,8.166,0.034
2991.78543,8.172,0.031
2994.73279,8.108,0.032
2996.72741,8.073,0.033
2996.77175,8.077,0.035
2998.76922,8.058,0.033
3001.72083,8.016,0.028
3001.74376,8.037,0.027
3005.75215,8,0.029
3007.7209,8.003,0.038
3013.69191,7.992,0.042
3013.74775,7.996,0.049
3016.69767,8.001,0.047
3016.7278,8.006,0.032
3018.68815,7.997,0.034
3025.64736,8.047,0.033
3025.65778,8.053,0.029
3029.64984,8.097,0.033
3031.70312,8.119,0.035
3033.71097,8.132,0.035
3035.66345,8.162,0.037
3035.73382,8.165,0.034
3044.60201,8.29,0.036
3044.61222,8.283,0.036
3046.65433,8.318,0.037
3046.67072,8.339,0.035
3049.64552,8.366,0.034
3052.60203,8.383,0.044
3054.63181,8.437,0.029
3056.64428,8.461,0.036
3056.69218,8.491,0.032
3059.58543,8.491,0.066
3061.6288,8.551,0.043
3061.64272,8.541,0.044
3068.53925,8.665,0.043
3070.57214,8.713,0.034
3070.60219,8.705,0.038
3072.61852,8.717,0.037
3075.57101,8.773,0.038
3075.58201,8.78,0.033
3077.58636,8.802,0.032
3077.60311,8.806,0.033
3081.62145,8.846,0.033
3082.58725,8.861,0.032
3086.5885,8.918,0.036
3089.52642,8.953,0.041
3090.58177,8.939,0.043
3096.59146,9.052,0.034
3098.49336,9.065,0.042
3100.53461,9.084,0.04
3103.5024,9.1,0.031
3108.49086,9.153,0.03
3110.50438,9.199,0.036
3112.54587,9.233,0.029
3113.4843,9.229,0.038
3116.48595,9.299,0.032
3124.47634,9.362,0.037
3128.46307,9.401,0.036
3132.45897,9.452,0.037
3356.7169,8.395,0.037
3362.70449,8.25,0.043
3383.638,8.041,0.059
3383.66737,8.034,0.046
3385.74513,8.056,0.045
3387.73273,8.062,0.035
3389.7867,8.025,0.063
3395.69755,8.012,0.066
3396.70651,8.006,0.049
3397.73933,8.021,0.053
3398.76403,8.042,0.051
3400.66705,8.057,0.037
3403.66895,8.039,0.045
3404.68676,8.085,0.032
3405.68249,8.023,0.061
3406.69253,8.06,0.05
3408.70539,8.069,0.052
3410.64718,8.066,0.05
3411.66719,8.101,0.035
3413.71372,8.116,0.05
3415.54363,8.108,0.062
3416.55625,8.153,0.045
3417.62677,8.144,0.059
3425.65026,8.237,0.049
3427.64419,8.289,0.053
3427.66047,8.314,0.042
3431.64829,8.403,0.052
3433.63998,8.358,0.029
3436.64944,8.395,0.042
3439.64025,8.455,0.034
3442.60146,8.501,0.033
3442.64141,8.518,0.035
3444.63093,8.522,0.045
3450.5342,8.624,0.062
3453.52971,8.653,0.055
3453.61116,8.662,0.058
3455.55057,8.658,0.048
3456.53294,8.701,0.04
3457.5601,8.743,0.045
3458.53409,8.784,0.043
3460.50189,8.768,0.048
3460.54314,8.792,0.034
3462.56909,8.758,0.055
3465.49621,8.843,0.056
3465.5196,8.851,0.048
3468.53759,8.908,0.054
3468.55474,8.907,0.039
3470.5643,8.944,0.041
3471.5001,8.959,0.035
3477.47513,9.008,0.052
3478.48061,9.082,0.043
3480.50794,9.096,0.058
3480.53889,9.082,0.05
3483.49137,9.138,0.059
3483.49461,9.171,0.045
3491.49386,9.233,0.04
3499.47248,9.29,0.04
3651.87622,10.903,0.05
3653.8802,10.881,0.046
3655.86878,10.897,0.045
3657.87037,10.822,0.037
3661.8766,10.74,0.045
3671.84218,10.513,0.038
3675.83331,10.42,0.036
3680.82172,10.269,0.044
3680.83981,10.313,0.035
3700.77593,9.928,0.04
3703.76589,9.871,0.036
3705.7364,9.815,0.049
3708.72699,9.789,0.047
3712.74131,9.721,0.044
3712.75977,9.747,0.036
3714.74262,9.69,0.043
3715.73795,9.917,0.047
3717.70679,9.637,0.052
3718.72786,9.627,0.045
3724.70627,9.478,0.039
3726.67669,9.407,0.053
3726.80535,9.433,0.044
3730.70932,9.241,0.053
3733.77813,9.145,0.034
3735.68514,9.076,0.048
3736.77781,9.031,0.04
3739.6676,8.936,0.037
3740.74294,8.83,0.06
3741.76123,8.818,0.039
3743.65589,8.692,0.049
3744.68213,8.677,0.046
3745.73006,8.618,0.055
3750.71712,8.344,0.058
3751.73764,8.32,0.05
3753.7085,8.213,0.052
3754.64639,8.185,0.044
3756.71954,8.111,0.049
3758.61758,8.05,0.046
3759.63783,8.04,0.042
3760.69566,7.993,0.05
3762.62906,7.99,0.044
3764.70395,7.961,0.043
3766.66594,7.924,0.049
3767.61513,7.921,0.048
3769.65865,7.957,0.053
3769.69465,7.901,0.061
3771.74377,7.889,0.057
3778.65686,8.038,0.061
3780.70904,7.972,0.053
3783.62939,7.99,0.062
3788.68874,8.064,0.044
3789.60584,8.031,0.053
3791.62739,8.127,0.058
3793.67264,8.139,0.046
3794.60226,8.068,0.053
3796.60505,8.165,0.038
3796.6321,8.124,0.053
3798.6743,8.13,0.055
3799.57587,8.121,0.055
3800.65931,8.182,0.055
3805.56525,8.216,0.058
3805.5849,8.291,0.053
3808.61151,8.267,0.051
3810.59064,8.277,0.06
3810.61202,8.255,0.051
3812.60141,8.3,0.058
3812.61902,8.318,0.048
3814.62135,8.325,0.053
3815.54256,8.356,0.055
3817.55254,8.385,0.052
3817.57599,8.361,0.05
3819.58798,8.407,0.058
3820.52701,8.402,0.054
3822.55128,8.454,0.052
3823.51862,8.419,0.062
3824.58622,8.524,0.049
3825.55177,8.475,0.065
3826.58458,8.494,0.046
3832.48468,8.596,0.058
3833.50345,8.59,0.057
3834.52143,8.61,0.058
3835.52216,8.662,0.054
3850.47465,8.886,0.052
3850.47796,8.898,0.051
3852.4966,8.896,0.06
3852.50073,8.907,0.045
3860.47511,9.074,0.064
3860.47828,9.073,0.052
3862.48513,9.15,0.043
3865.45586,9.141,0.063
3865.47705,9.152,0.049
3869.46311,9.245,0.053
4106.75921,9.537,0.044
4109.81549,9.41,0.04
4125.77478,8.668,0.051
4128.60623,8.57,0.032
4133.68861,8.402,0.058
4135.70237,8.374,0.054
4137.70326,8.406,0.046
4139.73233,8.324,0.039
4142.58312,8.32,0.033
4144.66274,8.354,0.038
4146.69521,8.346,0.037
4150.63645,8.284,0.033
4152.64579,8.272,0.032
4154.68086,8.247,0.036
4160.61464,8.234,0.062
4162.61476,8.282,0.041
4164.62927,8.313,0.045
4172.63232,8.286,0.04
4175.56549,8.346,0.033
4179.5583,8.407,0.041
4181.59939,8.744,0.055
4189.56796,8.426,0.039
4191.57435,8.481,0.05
4193.57792,8.514,0.047
4197.5456,8.569,0.037
4200.5504,8.629,0.04
4204.50905,8.687,0.039
4229.4694,8.963,0.041
4231.47525,9.018,0.037
4235.45795,9.088,0.043
4380.88609,10.974,0.04
4384.87883,10.947,0.042
4402.85306,10.706,0.038
4407.84831,10.572,0.039
4410.82578,10.498,0.037
4421.79815,10.19,0.042
4425.79512,10.136,0.039
4428.77673,10.014,0.043
4437.75873,9.929,0.031
4440.74695,9.9,0.031
4443.76771,9.862,0.034
4457.72401,9.645,0.041
4461.75191,9.592,0.037
4464.70991,9.542,0.036
4467.6992,9.514,0.04
4470.6996,9.437,0.037
4473.74917,9.37,0.044
4476.75578,9.302,0.057
4479.65977,9.289,0.034
4482.69239,9.24,0.034
4488.68237,9.119,0.067
4490.69955,8.99,0.037
4492.71747,8.94,0.034
4494.73674,8.939,0.036
4498.69304,8.673,0.05
4501.62802,8.596,0.034
4501.63421,8.577,0.037
4503.71138,8.499,0.042
4506.6241,8.392,0.045
4508.71003,8.295,0.043
4510.66599,8.266,0.053
4516.59966,8.107,0.047
4518.64994,8.081,0.037
4520.67856,8.008,0.037
4522.67164,8.004,0.047
4525.57236,7.945,0.041
4527.6075,7.934,0.043
4529.65343,7.962,0.045
4532.59677,7.942,0.042
4536.53397,8.029,0.035
4538.59768,7.993,0.033
4543.52295,8.052,0.049
4547.57659,8.094,0.044
4552.56789,8.208,0.039
4554.59041,8.155,0.042
4557.52401,8.185,0.039
4560.51333,8.294,0.04
4562.55933,8.236,0.046
4565.49238,8.299,0.042
4570.47867,8.344,0.036
4572.53893,8.417,0.047
4575.50833,8.436,0.041
4580.50022,8.544,0.035
4586.47762,8.642,0.038
4589.48866,8.75,0.041
4592.47872,8.773,0.041
4602.46647,8.886,0.044
4753.86284,10.997,0.035
4757.86169,10.958,0.053
4762.85807,10.99,0.032
4766.86846,10.962,0.039
4770.83916,11.007,0.038
4774.83915,10.88,0.037
4778.83051,10.921,0.031
4782.84188,10.841,0.04
4792.80987,10.722,0.031
4795.80333,10.731,0.036
4798.80514,10.623,0.035
4801.78768,10.544,0.031
4804.77975,10.495,0.032
4807.77727,10.425,0.032
4810.76533,10.354,0.049
4816.78024,10.233,0.04
4819.76415,10.152,0.034
4822.73885,10.082,0.033
4825.72766,10.02,0.039
4828.71993,9.901,0.038
4831.70723,9.864,0.033
4836.80277,9.753,0.033
4839.69034,9.716,0.042
4843.71109,9.616,0.045
4846.68972,9.549,0.038
4848.79339,9.476,0.044
4851.67996,9.472,0.047
4857.67115,9.263,0.038
4861.63782,9.195,0.054
4863.69541,9.137,0.034
4866.67735,9.06,0.071
4871.63212,8.941,0.049
4877.60686,8.771,0.039
4880.61276,8.664,0.043
4882.68329,8.584,0.047
4886.55999,8.508,0.048
4888.67633,8.483,0.054
4891.58967,8.506,0.072
4893.65218,8.325,0.053
4901.64467,8.214,0.066
4905.57547,8.211,0.062
4907.61904,8.223,0.055
4911.58515,8.291,0.059
4916.52828,8.25,0.06
4919.51697,8.27,0.053
4929.57152,8.417,0.068
4936.51513,8.441,0.064
4939.49998,8.524,0.066
4967.46083,8.824,0.071
5125.87065,11.096,0.047
5131.85372,11.023,0.047
5146.85116,11.064,0.049
5155.8344,10.915,0.048
5159.7806,10.893,0.051
5166.77892,10.789,0.073
