1869.77854,9.673,0.056
1874.71396,9.695,0.049
1876.81904,9.71,0.045
1877.79002,9.708,0.046
1880.70928,9.686,0.051
1884.74195,9.7,0.047
1884.74467,9.736,0.042
1885.75747,9.68,0.044
1886.76202,9.718,0.044
1887.75029,9.727,0.045
1888.73784,9.718,0.047
1889.76435,9.706,0.048
1899.71161,9.734,0.05
1900.72089,9.755,0.043
1902.70088,9.707,0.042
1903.7328,9.746,0.046
1905.70961,9.709,0.046
1906.69552,9.728,0.046
1907.70527,9.764,0.043
1908.69755,9.785,0.041
1913.67162,9.754,0.048
1914.68544,9.787,0.047
1914.69271,9.75,0.044
1915.68496,9.775,0.05
1915.69227,9.766,0.045
1918.67159,10.043,0.048
1919.67823,9.823,0.05
1919.68549,9.838,0.047
1920.67517,9.79,0.043
1920.68246,9.827,0.045
1921.67067,9.813,0.043
1921.67573,9.793,0.044
1922.67075,9.832,0.041
1922.67803,9.835,0.04
1923.66538,9.854,0.043
1923.67267,9.826,0.05
1924.66275,9.926,0.064
1924.66775,10.728,0.045
1925.66353,9.873,0.045
1925.66851,9.855,0.045
1926.66493,9.846,0.043
1928.66625,9.885,0.044
1928.66898,9.874,0.041
1929.65458,9.87,0.042
1930.65264,9.878,0.043
1930.65762,9.896,0.04
1931.6477,9.85,0.045
1931.65494,9.873,0.041
1932.64476,9.886,0.04
1932.64748,9.869,0.04
1933.64417,9.878,0.04
1933.64912,9.876,0.039
1934.64204,9.872,0.042
1934.64701,9.887,0.041
1935.58786,9.881,0.04
1936.62341,9.891,0.04
1937.62575,9.873,0.038
1938.61828,9.878,0.039
1938.64974,9.887,0.037
1940.63282,9.879,0.039
1940.6371,9.878,0.038
1945.62472,9.904,0.042
1945.62814,9.888,0.041
1946.6311,9.892,0.043
1946.63458,9.927,0.045
1948.58576,9.909,0.045
1948.59214,9.96,0.047
1949.63424,9.933,0.045
1949.6506,9.931,0.044
1950.60508,9.902,0.042
1950.61001,9.906,0.042
1952.60517,9.941,0.042
1953.60495,9.947,0.038
1953.60756,9.945,0.038
1954.60863,9.952,0.036
1955.60273,9.964,0.039
1958.58383,9.942,0.037
1959.59583,9.974,0.04
1961.5897,9.953,0.039
1961.59226,9.988,0.038
1963.57052,9.914,0.041
1963.57307,9.965,0.04
1964.58949,9.961,0.038
1964.59428,9.983,0.039
1965.57809,9.996,0.039
1965.58062,10.01,0.038
1967.56069,9.989,0.041
1967.5632,9.984,0.039
1968.57412,9.981,0.042
1968.57891,9.991,0.042
1977.54488,9.981,0.049
1977.54922,10.015,0.049
1979.54359,10.007,0.048
1981.58023,9.964,0.047
1981.58262,9.96,0.049
1984.52303,9.98,0.048
2026.50889,9.963,0.047
2026.52234,9.968,0.046
2031.45776,9.953,0.046
2031.50583,9.966,0.055
2040.48668,9.904,0.073
2058.45537,9.867,0.046
2133.92753,9.648,0.054
2135.93091,9.644,0.065
2136.928,9.652,0.052
2143.92399,9.666,0.061
2166.90226,9.75,0.05
2168.87439,9.745,0.045
2172.84941,9.752,0.047
2185.83969,9.779,0.037
2189.87475,9.799,0.038
2193.83522,9.829,0.046
2196.82309,9.837,0.047
2200.82424,9.869,0.045
2202.80708,9.851,0.044
2208.81711,9.885,0.054
2212.78231,9.907,0.047
2213.82921,9.898,0.039
2215.79664,9.908,0.039
2217.78013,9.909,0.046
2221.79302,9.929,0.054
2222.85788,9.909,0.054
2225.74417,9.941,0.046
2227.77016,9.945,0.049
2229.75397,9.958,0.047
2232.73574,9.955,0.042
2232.79655,9.992,0.045
2233.81793,9.951,0.045
2234.79004,9.96,0.046
2235.76207,9.993,0.046
2235.81693,10.032,0.048
2236.79906,9.988,0.05
2237.73794,10.022,0.048
2237.79379,9.983,0.047
2239.75386,10.009,0.05
2240.78983,10.018,0.053
2240.81254,10.03,0.054
2241.77958,10.021,0.047
2242.75336,9.987,0.05
2243.76333,10.021,0.055
2520.90202,9.913,0.045
2540.8609,9.933,0.046
2544.90349,9.895,0.06
2549.85345,9.93,0.052
2552.83478,9.906,0.04
2557.82573,9.887,0.04
2559.83784,9.877,0.038
2561.84387,9.881,0.039
2565.83891,9.865,0.043
2574.79426,9.934,0.046
2577.78916,9.898,0.039
2621.78596,9.72,0.04
2621.80372,9.706,0.045
2623.74267,9.718,0.037
2625.73071,9.7,0.039
2628.69091,9.683,0.045
2628.696,9.715,0.046
2631.83509,9.677,0.048
2631.83786,9.67,0.042
2635.69158,9.684,0.039
2637.70357,9.681,0.036
2639.70193,9.674,0.042
2639.70925,9.67,0.037
2641.70243,9.677,0.039
2641.70748,9.679,0.037
2643.72862,9.649,0.038
2645.70079,9.659,0.045
2645.70587,9.661,0.038
2652.68289,9.623,0.038
2654.6814,9.638,0.048
2654.68418,9.638,0.043
2657.71481,9.613,0.043
2657.71757,9.624,0.041
2659.74268,9.616,0.041
2661.73983,9.63,0.045
2661.74259,9.646,0.039
2663.73901,9.617,0.039
2665.72792,9.595,0.042
2665.73066,9.611,0.039
2667.72857,9.62,0.045
2667.7313,9.627,0.039
2669.71798,9.61,0.043
2669.72071,9.615,0.039
2671.7198,9.639,0.039
2673.71287,9.642,0.04
2673.71558,9.637,0.04
2675.69933,10.074,0.042
2675.70202,9.649,0.037
2677.68135,9.631,0.043
2677.68404,9.636,0.039
2679.62963,9.613,0.074
2679.63228,9.622,0.067
2681.63455,9.66,0.043
2683.63468,9.658,0.038
2684.77986,9.629,0.046
2684.78248,9.626,0.047
2686.68852,9.654,0.043
2686.69115,9.656,0.045
2688.67392,9.646,0.042
2688.67653,9.652,0.042
2690.67273,9.654,0.042
2690.67533,9.665,0.042
2692.66977,9.648,0.036
2692.67235,9.661,0.044
2694.67407,9.61,0.04
2694.67663,9.599,0.041
2696.68912,9.63,0.045
2696.69166,9.641,0.039
2698.66761,9.637,0.038
2698.67016,9.659,0.039
2700.66013,9.648,0.037
2700.66264,9.665,0.041
2702.65219,9.656,0.044
2702.65469,9.661,0.038
2704.6394,9.653,0.039
2704.64188,9.671,0.038
2706.61863,9.661,0.037
2706.62109,9.652,0.038
2710.5924,9.671,0.036
2710.59483,9.679,0.038
2711.68712,9.698,0.043
2711.68953,9.659,0.039
2713.65334,9.631,0.046
2713.65574,9.633,0.042
2715.66299,9.669,0.043
2715.66539,9.665,0.044
2719.58125,9.688,0.043
2721.60446,9.688,0.042
2723.60247,9.721,0.043
2723.60479,9.741,0.04
2725.59907,9.697,0.045
2725.60137,9.722,0.041
2727.5926,9.708,0.048
2727.59487,9.714,0.041
2729.59037,9.695,0.05
2729.59263,9.719,0.043
2733.57845,9.742,0.048
2733.58067,9.767,0.039
2735.57384,9.755,0.042
2735.57604,9.766,0.04
2737.56554,9.77,0.05
2737.56774,9.762,0.043
2739.58547,9.794,0.042
2741.55839,9.799,0.043
2743.57755,9.799,0.041
2743.57967,9.794,0.042
2745.58512,9.798,0.053
2750.47606,9.867,0.044
2751.5219,9.858,0.039
2751.60027,9.877,0.045
2754.52247,9.89,0.039
2754.56854,9.892,0.039
2756.52412,9.908,0.044
2756.5679,9.899,0.039
2758.51723,9.8,0.06
2760.53711,9.885,0.036
2760.5767,9.871,0.038
2763.46515,9.871,0.039
2764.52037,9.898,0.044
2766.48635,9.884,0.04
2770.48728,9.931,0.042
2775.46256,9.921,0.041
2776.52993,9.918,0.048
2784.47499,9.978,0.04
2784.50004,9.972,0.04
2786.4752,9.962,0.037
2787.45747,10.019,0.038
2789.4739,9.907,0.043
2791.45463,9.987,0.047
2792.46165,9.985,0.046
2794.45127,9.966,0.043
2795.46115,10.001,0.044
2804.45066,9.979,0.058
2884.91547,9.69,0.048
2893.89843,9.658,0.047
2893.9077,9.699,0.049
2896.88858,9.727,0.044
2896.89787,9.737,0.042
2905.9008,9.742,0.04
2908.8777,9.693,0.047
2910.87648,9.7,0.037
2915.89081,9.672,0.042
2918.84285,9.731,0.06
2922.82059,9.696,0.044
2924.86893,9.684,0.04
2927.83802,9.687,0.04
2930.8431,9.672,0.039
2930.8527,9.697,0.037
2933.84656,9.689,0.038
2940.78457,9.658,0.043
2942.81942,9.679,0.05
2944.80882,9.648,0.07
2947.7915,9.664,0.05
2947.80373,9.654,0.035
2954.83924,9.68,0.054
2954.85201,9.673,0.069
2957.80636,9.69,0.047
2957.81414,9.723,0.045
2961.77378,9.717,0.029
2964.78682,9.818,0.034
2964.78958,9.733,0.042
2967.77669,9.782,0.033
2967.78718,9.748,0.031
2970.83832,9.709,0.04
2971.74819,9.756,0.039
2973.80358,9.75,0.038
2975.74921,9.75,0.04
2977.7421,9.708,0.055
2979.76296,9.752,0.034
2980.76894,9.781,0.049
2981.78201,9.752,0.038
2984.7333,9.781,0.04
2986.72693,9.776,0.04
2986.79736,9.775,0.041
2988.78169,9.789,0.044
2989.72646,9.786,0.04
2991.71484,9.787,0.039
2991.77118,9.767,0.039
2994.70828,9.77,0.036
2996.70565,9.813,0.04
2996.76016,9.799,0.032
2998.75309,9.835,0.042
2998.76256,9.802,0.066
3001.74963,9.844,0.039
3005.80318,9.887,0.034
3006.67626,9.887,0.042
3007.7338,9.889,0.037
3008.72221,9.866,0.041
3009.76635,9.882,0.042
3010.73185,9.901,0.043
3011.79603,9.907,0.039
3015.66697,10.129,0.046
3016.66558,9.877,0.035
3017.69455,9.905,0.038
3018.69953,9.895,0.041
3019.6954,9.903,0.039
3023.68763,9.876,0.037
3027.82659,9.861,0.044
3029.67385,9.901,0.036
3030.61594,9.897,0.04
3031.72303,9.876,0.046
3033.7221,9.894,0.039
3034.67321,9.912,0.044
3035.75771,9.9,0.044
3036.75444,9.918,0.039
3043.64982,9.923,0.043
3043.65748,9.923,0.049
3045.67846,9.931,0.044
3045.68405,9.932,0.041
3048.65177,9.965,0.046
3048.65734,9.939,0.045
3051.61055,9.934,0.041
3051.61347,9.929,0.043
3053.66111,9.933,0.062
3055.70799,9.928,0.043
3055.71087,9.943,0.035
3057.74221,9.91,0.052
3057.74512,9.906,0.058
3060.59222,9.87,0.066
3062.61101,9.968,0.074
3064.64939,9.889,0.058
3064.65219,9.935,0.043
3067.67302,9.953,0.045
3067.67581,9.946,0.033
3069.69143,9.904,0.051
3069.69427,10.411,0.043
3071.71523,9.917,0.054
3071.71798,9.971,0.053
3074.57005,9.908,0.04
3074.61474,9.898,0.042
3076.64145,9.93,0.034
3076.64739,9.942,0.044
3078.64746,9.939,0.048
3078.65016,9.962,0.046
3080.65802,9.926,0.044
3080.66617,9.919,0.065
3082.68703,9.893,0.042
3082.68966,9.918,0.042
3086.67575,9.856,0.049
3086.67841,9.837,0.072
3088.67884,9.855,0.047
3088.68146,9.877,0.045
3091.52084,9.832,0.044
3091.52342,9.885,0.043
3093.55455,9.831,0.035
3093.5572,9.831,0.04
3097.55579,9.853,0.045
3099.56782,9.818,0.045
3101.57793,9.768,0.044
3101.58041,9.766,0.038
3103.58459,9.795,0.043
3103.58707,9.793,0.035
3105.57649,9.746,0.066
3105.57893,9.72,0.055
3107.58015,9.762,0.044
3107.58405,9.783,0.041
3109.58695,9.757,0.035
3109.58935,9.774,0.041
3111.58235,9.787,0.035
3111.58473,9.792,0.042
3113.6017,9.741,0.042
3113.60409,9.77,0.041
3121.47171,9.731,0.031
3122.53485,9.709,0.043
3123.50218,9.7,0.042
3125.53318,9.724,0.034
3128.51274,9.705,0.05
3129.5364,9.659,0.043
3130.52975,9.687,0.048
3131.54219,9.68,0.038
3132.54647,9.681,0.046
3133.54573,9.669,0.035
3142.48977,9.671,0.032
3144.48921,9.629,0.053
3146.48144,9.627,0.033
3152.45743,9.644,0.061
3156.46304,9.64,0.044
3156.47476,9.636,0.036
3160.47633,9.62,0.051
3164.45694,9.607,0.055
3164.46255,9.649,0.041
3168.46525,9.614,0.035
3273.8681,9.834,0.033
3277.85418,9.853,0.051
3296.83708,9.835,0.032
3333.80878,9.926,0.054
3356.7285,9.821,0.056
3362.71215,9.816,0.053
3365.7752,9.851,0.06
3373.78698,10.079,0.044
3382.83348,9.789,0.052
3389.63716,9.755,0.049
3391.67964,9.75,0.037
3396.81161,9.736,0.058
3399.60864,9.684,0.037
3404.66771,9.68,0.061
3406.6712,9.709,0.068
3408.69151,9.699,0.058
3410.78052,9.663,0.049
3413.57713,9.658,0.055
3415.60885,9.677,0.03
3417.6206,9.653,0.05
3419.61269,9.698,0.034
3421.64253,9.738,0.064
3423.63206,9.679,0.068
3425.66011,9.694,0.044
3427.69435,9.734,0.069
3431.65881,9.673,0.045
3433.68027,9.705,0.055
3436.66914,9.699,0.038
3439.66009,9.685,0.041
3443.52613,9.716,0.045
3445.55803,9.708,0.07
3447.57195,9.72,0.052
3449.59527,9.729,0.046
3452.52008,9.747,0.04
3454.5812,9.762,0.058
3456.57722,9.733,0.045
3458.56644,9.722,0.04
3460.57118,9.758,0.035
3462.57788,9.758,0.037
3464.61223,9.777,0.051
3466.62706,9.779,0.034
3469.6191,9.78,0.043
3471.62772,9.8,0.043
3474.50089,9.789,0.029
3477.50589,9.79,0.035
3479.54886,9.807,0.035
3481.5614,9.789,0.047
3495.53096,9.788,0.053
3499.50829,9.774,0.04
3501.51287,9.816,0.035
3503.53131,9.825,0.047
3509.46469,10.26,0.031
3512.49117,9.898,0.046
3516.49508,9.861,0.066
3521.45082,9.869,0.059
3526.45187,9.913,0.051
3529.45259,9.942,0.058
3603.92253,9.911,0.054
3618.90945,9.846,0.05
3622.91036,9.804,0.048
3633.90117,9.809,0.054
3640.87635,9.787,0.044
3644.87695,9.769,0.052
3653.84246,9.712,0.06
3660.83118,9.729,0.052
3664.8216,9.748,0.049
3668.8482,9.735,0.045
3671.83887,9.706,0.045
3675.79423,9.703,0.044
3700.7774,9.591,0.055
3703.78331,9.597,0.051
3706.76689,9.601,0.055
3711.79605,9.57,0.05
3714.73846,9.595,0.049
3717.73673,9.604,0.049
3719.79704,9.642,0.055
3722.71986,9.601,0.054
3725.76003,9.593,0.047
3728.70861,9.587,0.055
3732.69194,9.635,0.062
3735.71194,9.634,0.063
3740.72207,9.608,0.053
3743.66768,9.591,0.05
3745.73146,9.645,0.058
3748.64793,9.647,0.059
3750.69576,9.693,0.058
3752.80728,9.645,0.056
3757.68555,9.627,0.054
3759.74536,9.659,0.054
3762.66401,9.719,0.066
3764.77855,9.667,0.058
3767.64565,9.681,0.051
3772.6016,9.683,0.048
3774.69618,9.703,0.064
3776.74926,9.714,0.061
3778.72289,9.751,0.059
3780.75998,9.771,0.058
3787.59289,9.701,0.059
3789.64798,9.73,0.051
3791.69069,9.738,0.057
3793.69568,9.754,0.053
3796.58394,9.787,0.047
3800.63175,9.847,0.052
3803.60709,9.929,0.059
3805.63163,9.793,0.053
3808.64523,9.834,0.057
3810.64959,9.856,0.053
3812.65301,9.855,0.059
3814.64897,9.853,0.054
3816.68308,9.893,0.052
3821.59563,9.865,0.067
3823.63182,9.822,0.064
3825.645,9.902,0.064
3828.51725,9.897,0.053
3830.58127,9.852,0.058
3832.59312,9.925,0.06
3834.59037,9.889,0.06
3847.47741,9.912,0.058
3849.55899,9.883,0.063
3851.56495,9.912,0.045
3853.5751,9.884,0.044
3856.51418,9.87,0.062
3861.53187,9.894,0.047
3863.5355,9.875,0.049
3865.54695,9.838,0.055
3868.50756,9.862,0.055
3870.51007,9.865,0.049
3872.52573,9.876,0.045
3877.45215,9.845,0.048
3881.45385,9.849,0.047
3886.44999,9.838,0.046
3891.47139,9.791,0.047
3894.46313,9.811,0.05
4083.85786,10.041,0.04
4089.71483,10.023,0.05
4106.66583,10.052,0.034
4109.70761,10.109,0.053
4126.73365,9.956,0.032
4128.76704,9.961,0.033
4133.59681,9.966,0.041
4135.63657,9.918,0.043
4137.64377,9.931,0.037
4139.6585,9.993,0.042
4141.6754,9.902,0.044
4143.69432,9.95,0.039
4145.76429,9.887,0.054
4149.66155,9.914,0.046
4151.67274,9.944,0.034
4153.6731,9.907,0.038
4157.74172,9.936,0.051
4160.54769,9.933,0.036
4162.5657,9.893,0.043
4164.5904,9.909,0.046
4166.64058,9.931,0.052
4172.61,9.855,0.043
4174.62039,9.836,0.034
4176.63021,9.829,0.039
4179.65477,9.795,0.038
4181.66766,9.819,0.056
4183.6806,9.841,0.042
4190.53278,9.799,0.033
4192.5392,9.802,0.037
4194.59468,9.727,0.037
4197.57378,9.749,0.037
4202.56606,9.768,0.044
4205.53838,9.75,0.041
4213.49953,9.772,0.034
4216.5649,9.711,0.037
4228.52802,9.683,0.033
4230.53152,9.667,0.039
4232.54447,9.693,0.039
4235.47075,9.674,0.042
4238.49562,9.7,0.058
4248.46707,9.676,0.064
4253.45524,9.652,0.034
4257.45585,9.65,0.049
4331.91882,9.84,0.036
4339.91956,9.905,0.039
4343.91216,9.901,0.04
4347.90663,9.95,0.039
4355.90545,9.961,0.035
4361.89841,9.95,0.038
4364.87412,9.961,0.036
4368.86686,10.001,0.04
4372.85554,10.021,0.042
4376.86252,10.039,0.04
4380.84496,10.036,0.043
4384.83843,10.04,0.044
4387.87577,10.054,0.044
4399.87628,10.031,0.044
4403.8242,10.017,0.035
4407.84135,10.037,0.038
4410.83699,10.016,0.038
4418.8672,9.927,0.035
4422.77337,10.345,0.035
4426.80422,9.963,0.053
4432.77421,9.872,0.033
4435.7642,9.839,0.034
4441.74594,9.837,0.036
4453.71705,9.762,0.035
4456.70732,9.775,0.067
4459.70777,9.747,0.047
4461.79596,9.713,0.042
4464.68792,9.717,0.035
4467.68464,9.676,0.042
4470.68677,9.699,0.036
4473.73679,9.664,0.036
4476.73755,9.694,0.057
4479.65095,9.706,0.033
4482.68797,9.717,0.039
4485.67802,9.684,0.055
4487.71384,9.724,0.044
4489.76088,9.661,0.042
4492.61951,9.629,0.035
4494.65881,9.636,0.035
4497.78105,9.655,0.036
4502.75335,9.589,0.044
4505.60685,9.583,0.044
4507.66479,9.635,0.049
4509.74338,9.611,0.042
4512.59262,9.602,0.05
4515.73046,9.564,0.057
4518.58068,9.663,0.04
4520.61552,9.64,0.035
4522.62276,9.64,0.044
4524.62225,9.62,0.035
4526.65396,9.645,0.043
4528.70352,9.641,0.05
4531.60075,9.651,0.043
4534.55399,9.669,0.041
4537.57038,9.669,0.043
4539.58354,9.677,0.054
4541.60021,9.648,0.038
4543.61706,9.631,0.044
4547.6577,9.676,0.047
4550.55312,9.711,0.045
4552.64393,9.685,0.035
4555.52647,9.703,0.04
4557.55004,9.715,0.038
4559.59849,9.694,0.04
4562.52454,9.696,0.038
4564.57176,9.714,0.039
4566.57703,9.7,0.043
4568.60496,9.743,0.038
4570.58984,9.746,0.036
4572.6006,9.762,0.042
4575.53778,9.765,0.039
4579.53794,9.949,0.043
4582.55917,9.786,0.037
4585.57816,9.761,0.037
4588.53766,9.8,0.045
4591.49574,9.845,0.039
4593.52677,9.84,0.04
4595.52901,9.824,0.039
4597.5333,9.815,0.041
4600.52475,9.87,0.037
4603.52372,9.778,0.051
4608.45244,9.794,0.049
4611.45826,10.087,0.053
4616.45691,9.912,0.034
4620.4578,9.888,0.055
4623.46493,9.924,0.04
4626.46296,9.957,0.043
4691.92826,9.926,0.04
4697.9243,9.928,0.041
4702.92039,9.877,0.037
4707.91698,9.878,0.035
4722.89098,9.84,0.035
4726.9017,9.807,0.038
4730.89635,9.808,0.035
4734.89711,9.788,0.037
4740.89436,9.765,0.036
4744.87216,9.758,0.033
4749.88096,9.693,0.036
4753.83973,9.723,0.036
4757.84982,9.736,0.035
4761.83627,9.757,0.034
4765.82222,9.713,0.035
4769.81413,9.682,0.033
4772.85711,9.681,0.035
4776.81041,9.668,0.034
4780.79592,9.677,0.034
4784.78816,9.643,0.036
4787.83751,9.688,0.037
4793.79975,9.657,0.039
4797.78793,9.672,0.038
4800.76487,9.633,0.048
4803.78905,9.62,0.035
4806.7555,9.639,0.038
4809.7444,9.677,0.038
4812.79308,9.701,0.046
4815.73155,9.735,0.045
4818.78127,9.717,0.036
4821.71394,9.713,0.033
4824.71177,9.706,0.039
4827.73816,9.681,0.041
4830.69876,9.69,0.039
4835.69,9.713,0.071
4837.78371,9.71,0.044
4840.66326,9.726,0.042
4842.77344,9.72,0.054
4845.75222,9.75,0.059
4847.81447,9.803,0.037
4850.68431,9.805,0.05
4853.68042,9.807,0.039
4856.67376,9.818,0.039
4859.68155,9.794,0.045
4862.6874,9.858,0.037
4867.81389,9.84,0.048
4870.64533,9.928,0.041
4872.69939,9.883,0.052
4875.65279,9.878,0.065
4877.68346,9.886,0.051
4880.68345,9.872,0.046
4882.74049,9.882,0.043
5147.8235,9.894,0.051
5154.84554,9.878,0.06
5158.78908,9.803,0.064
5162.80922,9.897,0.053
5165.79032,9.891,0.057
5168.7839,9.923,0.064
