1869.76642,11.562,0.03
1870.82125,11.55,0.026
1872.82168,11.594,0.026
1872.8283,11.585,0.038
1873.80241,11.59,0.027
1874.82169,11.582,0.028
1875.77703,11.554,0.029
1875.85206,11.599,0.039
1876.79246,11.57,0.025
1877.77541,11.593,0.025
1878.79834,11.601,0.027
1878.81655,11.578,0.037
1879.76947,11.59,0.026
1880.77253,11.626,0.029
1881.75079,11.561,0.025
1881.76612,11.549,0.036
1884.7303,11.568,0.025
1884.75236,11.554,0.035
1885.73343,11.583,0.028
1886.74033,11.592,0.024
1886.78139,11.57,0.037
1887.73301,11.549,0.026
1887.7557,11.574,0.037
1888.72798,11.579,0.027
1888.75291,11.572,0.036
1889.73361,11.567,0.028
1889.77006,11.594,0.038
1899.70162,11.691,0.029
1900.71092,11.733,0.026
1902.69309,11.707,0.027
1902.70865,11.675,0.037
1903.73649,11.692,0.036
1904.68815,11.676,0.026
1905.69713,11.704,0.026
1906.69047,11.705,0.025
1906.70373,11.693,0.037
1907.69525,11.735,0.028
1907.70854,11.701,0.038
1908.68751,11.69,0.028
1913.66652,11.671,0.026
1914.68034,11.668,0.025
1915.6799,11.65,0.026
1915.69791,11.633,0.036
1918.65925,11.569,0.029
1919.67056,11.627,0.029
1919.70291,11.635,0.037
1920.67005,11.629,0.027
1921.66554,11.617,0.028
1921.6791,11.6,0.038
1923.66027,11.599,0.027
1924.65761,11.575,0.048
1925.65614,11.613,0.027
1929.64945,11.561,0.028
1930.64528,11.564,0.028
1931.64255,11.521,0.037
1932.63735,11.51,0.03
1933.63679,11.489,0.033
1935.58365,11.476,0.025
1937.61857,11.489,0.032
1938.6378,11.465,0.034
1940.62309,11.489,0.034
1945.6133,11.49,0.034
1946.62349,11.487,0.031
1948.57608,11.462,0.03
1950.57466,11.543,0.044
1952.59283,11.468,0.04
1953.59518,11.486,0.037
1954.59635,11.403,0.043
1955.59014,11.544,0.042
1958.57645,11.56,0.038
1959.59068,11.543,0.043
1961.58232,11.497,0.044
1963.56314,11.581,0.045
1965.55416,11.6,0.039
1967.55334,11.542,0.042
1981.5887,11.662,0.047
1984.51789,11.463,0.05
1994.4906,11.587,0.057
2026.51337,11.668,0.027
2031.50805,11.749,0.028
2054.47778,11.663,0.049
2058.45389,11.732,0.046
2129.91924,11.81,0.035
2131.92068,11.798,0.037
2131.9294,11.769,0.044
2133.91914,11.838,0.034
2134.93096,11.8,0.042
2135.92026,11.77,0.037
2136.93094,11.744,0.042
2140.91528,11.752,0.058
2144.91642,11.678,0.045
2156.90037,11.624,0.034
2167.83107,11.946,0.034
2167.86731,11.914,0.041
2171.86106,12.05,0.037
2171.8797,12.007,0.044
2173.83683,11.986,0.033
2173.86135,11.979,0.041
2183.85183,11.807,0.035
2183.86477,11.922,0.043
2184.88764,11.772,0.036
2186.82976,11.813,0.035
2188.85063,11.752,0.051
2190.8072,11.686,0.032
2193.81733,11.818,0.034
2197.81099,11.745,0.045
2199.81141,11.772,0.04
2201.81435,11.856,0.036
2206.80391,11.909,0.036
2213.79093,11.773,0.04
2215.76915,11.62,0.04
2221.75524,11.612,0.051
2227.73713,11.551,0.049
2228.83803,11.207,0.056
2232.73236,11.608,0.042
2239.75936,11.168,0.051
2240.79318,11.166,0.057
2242.76225,11.175,0.056
2250.76305,11.688,0.059
2255.74459,11.585,0.058
2496.9238,11.495,0.047
2498.92416,11.543,0.05
2502.91963,11.633,0.045
2520.89241,11.644,0.04
2545.8277,11.362,0.036
2558.83229,11.698,0.051
2559.82567,11.661,0.04
2560.82008,11.693,0.031
2561.83161,11.803,0.037
2564.82082,11.751,0.038
2565.82912,11.696,0.036
2566.8181,11.691,0.047
2574.77743,11.681,0.049
2577.76625,11.59,0.036
2621.77819,11.673,0.024
2621.79605,11.669,0.034
2623.72812,11.643,0.031
2623.7505,11.66,0.036
2625.71831,11.594,0.026
2625.7362,11.593,0.043
2628.70224,11.506,0.041
2635.68148,11.54,0.032
2635.69708,11.499,0.034
2637.7091,11.599,0.033
2639.6946,11.668,0.033
2639.71257,11.673,0.038
2641.69506,11.678,0.031
2641.72022,11.748,0.035
2643.7046,11.765,0.03
2643.73197,11.774,0.037
2645.6888,11.781,0.03
2645.71383,11.771,0.036
2647.67848,11.837,0.043
2647.69891,11.754,0.034
2650.65494,11.834,0.032
2650.67308,11.749,0.032
2652.6681,11.797,0.026
2654.66711,11.774,0.026
2657.70051,11.784,0.028
2657.72106,11.744,0.032
2659.71917,11.725,0.027
2659.74895,11.796,0.033
2661.71636,11.765,0.032
2661.74613,11.825,0.04
2663.71273,11.794,0.026
2663.74257,11.885,0.034
2665.73425,11.77,0.034
2667.70506,11.786,0.037
2669.69446,11.784,0.025
2669.72438,11.88,0.041
2671.69353,11.746,0.029
2671.72347,11.768,0.041
2673.68805,11.704,0.029
2673.71929,11.717,0.034
2675.67582,11.666,0.033
2675.70578,11.695,0.035
2677.65768,11.603,0.026
2677.68781,11.7,0.041
2679.63388,11.537,0.042
2680.80218,11.584,0.026
2683.76907,11.527,0.027
2685.68334,11.535,0.035
2689.64485,11.532,0.029
2690.76825,11.598,0.032
2690.79458,11.632,0.035
2693.52583,11.663,0.032
2694.78687,11.743,0.036
2695.56673,11.633,0.031
2697.56729,11.69,0.024
2699.56823,11.662,0.025
2701.5662,11.742,0.025
2703.55926,11.728,0.023
2705.55131,11.721,0.025
2707.54937,11.745,0.023
2709.54986,11.751,0.024
2711.55659,11.779,0.023
2713.56871,11.805,0.024
2715.56401,11.835,0.026
2718.55451,11.789,0.026
2720.65025,11.924,0.025
2722.60879,11.803,0.025
2724.60673,11.793,0.024
2726.60505,11.698,0.025
2728.59625,11.664,0.026
2730.59217,11.649,0.026
2733.63851,11.659,0.025
2735.63417,11.638,0.026
2737.62132,11.677,0.024
2739.61107,11.674,0.027
2741.58117,11.662,0.026
2743.58872,11.693,0.026
2745.59631,11.716,0.034
2752.53727,11.75,0.03
2755.53281,11.747,0.036
2757.52962,11.736,0.031
2761.53968,11.722,0.032
2763.53608,11.781,0.029
2766.52848,11.792,0.027
2770.52957,11.762,0.031
2776.47541,11.758,0.034
2783.47769,11.751,0.025
2785.48397,11.785,0.027
2787.48379,11.757,0.028
2791.47636,11.815,0.035
2794.47053,11.849,0.041
2797.47023,11.895,0.034
2860.92218,11.745,0.027
2877.91624,11.535,0.031
2885.90522,11.7,0.036
2893.87129,11.772,0.031
2896.8613,11.861,0.029
2905.86926,11.807,0.039
2905.89394,11.83,0.033
2905.89617,11.894,0.031
2905.89839,11.828,0.03
2908.87282,11.768,0.043
2910.85729,11.936,0.043
2911.84802,11.752,0.027
2915.88419,11.862,0.034
2918.82825,11.83,0.039
2922.80464,11.683,0.029
2924.85765,11.726,0.032
2927.82409,11.706,0.029
2927.83514,11.703,0.033
2929.8384,11.682,0.035
2930.84967,11.725,0.032
2932.84257,11.793,0.029
2935.82794,11.797,0.033
2940.75401,11.808,0.029
2940.77697,11.782,0.034
2942.80373,11.854,0.036
2944.793,11.719,0.055
2944.81502,11.792,0.039
2947.79317,11.975,0.029
2950.75213,11.844,0.029
2954.84094,12.082,0.04
2957.81545,11.919,0.033
2962.77574,11.894,0.03
2964.7908,11.974,0.033
2965.77363,11.931,0.028
2968.76499,11.857,0.028
2974.74785,11.839,0.027
2976.7659,11.819,0.05
2980.76307,11.783,0.029
2982.77064,11.744,0.032
2985.71779,11.697,0.028
2986.73077,11.721,0.037
2987.77139,11.654,0.034
2990.71239,11.735,0.027
2992.7554,11.68,0.028
2994.71801,11.753,0.031
2995.68722,11.712,0.027
2998.76918,11.769,0.033
3000.74833,11.8,0.028
3007.65416,11.777,0.028
3009.71192,11.699,0.031
3011.71045,11.7,0.034
3013.75566,11.631,0.026
3016.73296,11.591,0.026
3018.73109,11.619,0.027
3023.67343,11.647,0.03
3025.79374,11.62,0.025
3034.64584,11.647,0.027
3036.71976,11.586,0.025
3040.72264,11.628,0.03
3043.64672,11.583,0.031
3045.67524,11.577,0.026
3048.64856,11.633,0.03
3051.60735,11.611,0.027
3053.65796,11.719,0.042
3055.70483,11.741,0.027
3057.73901,11.818,0.033
3060.58901,11.807,0.029
3064.64628,11.741,0.026
3069.68598,11.641,0.03
3071.71214,11.544,0.03
3074.61159,11.426,0.028
3076.63835,11.397,0.027
3078.6444,11.38,0.029
3080.65178,11.349,0.034
3082.68397,11.362,0.027
3086.67275,11.424,0.034
3088.67588,11.549,0.037
3090.68077,11.66,0.046
3093.53641,11.611,0.028
3097.53746,11.664,0.027
3099.55439,11.645,0.051
3101.56714,11.732,0.028
3105.56849,11.653,0.04
3107.5713,11.668,0.026
3109.57669,11.635,0.027
3111.57712,11.63,0.025
3113.58846,11.571,0.025
3115.59961,11.614,0.028
3121.57115,11.551,0.028
3126.52779,11.516,0.027
3128.55806,11.47,0.029
3130.56885,11.532,0.03
3133.49861,11.478,0.026
3142.50549,11.51,0.026
3146.49496,11.551,0.031
3154.47114,11.646,0.026
3158.46695,11.673,0.027
3162.46815,11.681,0.027
3165.46543,11.58,0.035
3169.45126,11.461,0.028
3266.86909,11.749,0.03
3270.84271,11.789,0.04
3273.87616,11.683,0.035
3277.86198,11.616,0.045
3278.84136,11.646,0.041
3295.86536,11.678,0.041
3296.8309,11.704,0.046
3356.70249,11.695,0.031
3356.73674,11.68,0.052
3362.72326,11.598,0.058
3365.80062,11.584,0.044
3372.75761,11.449,0.051
3374.73539,11.386,0.052
3384.7427,11.572,0.056
3387.64968,11.666,0.052
3389.62479,11.665,0.042
3389.69549,11.679,0.039
3391.73898,11.818,0.051
3394.72608,11.854,0.027
3394.77865,11.92,0.046
3396.80789,11.868,0.035
3397.62813,12.004,0.047
3399.60491,11.926,0.028
3404.66405,11.915,0.033
3404.71036,11.886,0.039
3406.66764,11.964,0.043
3406.75259,11.844,0.043
3408.68232,11.813,0.043
3410.77142,11.72,0.031
3411.62281,11.713,0.041
3413.57109,11.68,0.029
3413.66812,11.714,0.041
3415.58584,11.681,0.033
3415.68242,11.659,0.043
3417.59947,11.558,0.046
3417.67208,11.612,0.044
3419.66056,11.546,0.04
3421.6805,11.48,0.044
3423.66841,11.549,0.044
3425.64624,11.486,0.043
3425.69509,11.501,0.039
3427.65657,11.542,0.041
3431.64379,11.555,0.048
3431.67733,11.575,0.043
3433.6362,11.507,0.051
3436.64242,11.506,0.03
3436.68747,11.563,0.036
3439.63247,11.494,0.03
3439.6786,11.61,0.035
3442.63803,11.653,0.033
3444.6276,11.693,0.039
3446.6371,11.655,0.034
3450.63076,11.768,0.039
3453.60303,11.805,0.039
3455.6224,11.851,0.04
3457.63741,11.881,0.028
3459.63213,11.902,0.029
3461.64617,11.943,0.033
3464.53314,11.796,0.049
3466.56091,11.875,0.026
3469.56856,11.789,0.025
3471.57701,11.776,0.027
3473.57206,11.878,0.036
3476.51406,11.671,0.033
3478.54648,11.733,0.026
3480.56858,11.752,0.025
3484.59753,11.77,0.03
3489.56765,11.817,0.038
3492.48484,11.864,0.054
3497.49729,11.917,0.025
3500.50598,11.853,0.043
3502.53744,11.763,0.04
3511.4831,11.52,0.025
3517.49954,11.557,0.028
3518.45207,11.599,0.057
3518.4579,11.607,0.038
3518.46028,11.575,0.039
3518.46282,11.604,0.037
3518.46538,11.663,0.043
3518.46789,11.568,0.04
3518.47128,11.552,0.038
3518.4737,11.557,0.038
3518.47622,11.578,0.042
3518.47874,11.551,0.04
3518.4838,11.578,0.048
3518.49663,11.604,0.037
3522.45648,11.667,0.035
3526.46048,11.763,0.03
3529.46126,11.845,0.033
3619.90504,11.805,0.038
3622.89147,11.827,0.037
3629.88762,11.646,0.035
3630.89115,11.692,0.041
3633.88457,11.589,0.029
3639.89032,11.559,0.03
3640.8593,11.537,0.036
3643.8796,11.581,0.028
3644.86321,11.61,0.039
3648.87022,11.528,0.05
3652.82331,11.626,0.025
3652.85879,11.655,0.043
3655.83024,11.629,0.025
3658.81625,11.617,0.024
3659.86729,11.644,0.038
3662.81835,11.598,0.029
3663.82783,11.642,0.043
3665.84531,11.629,0.031
3666.86779,11.676,0.039
3670.81266,11.592,0.039
3673.7977,11.599,0.025
3673.84434,11.671,0.041
3677.81453,11.639,0.044
3699.77049,11.591,0.029
3701.82775,11.539,0.043
3702.78297,11.596,0.03
3704.78581,11.584,0.037
3705.75453,11.59,0.042
3707.77604,11.566,0.039
3708.74511,11.601,0.034
3711.81398,11.556,0.043
3712.77193,11.576,0.032
3714.74695,11.551,0.041
3714.79281,11.553,0.033
3717.72312,11.609,0.03
3717.74605,11.565,0.048
3719.7832,11.58,0.029
3720.72828,11.643,0.042
3722.70623,11.579,0.041
3722.78862,11.528,0.039
3725.75031,11.576,0.027
3725.77552,11.539,0.04
3731.80849,11.466,0.041
3732.70289,11.551,0.045
3734.73767,11.58,0.037
3735.71979,11.621,0.049
3737.70065,11.639,0.035
3739.7511,11.703,0.038
3740.74921,11.729,0.05
3742.66361,11.72,0.035
3743.67712,11.81,0.044
3744.7493,11.75,0.031
3745.74175,11.78,0.04
3747.6586,11.856,0.036
3748.6612,11.757,0.05
3749.76653,11.857,0.045
3750.70552,11.829,0.048
3752.71548,11.85,0.048
3755.75412,11.789,0.045
3757.62121,11.778,0.036
3757.77912,11.731,0.041
3760.64847,11.87,0.052
3761.80168,11.749,0.038
3762.74346,11.702,0.036
3764.65599,11.741,0.043
3765.63138,11.791,0.055
3766.76067,11.738,0.04
3767.76198,11.682,0.039
3769.64219,11.699,0.029
3770.59731,11.799,0.051
3771.71364,11.732,0.045
3774.64002,11.71,0.04
3776.67761,11.785,0.04
3777.58642,11.75,0.052
3778.67026,11.772,0.047
3780.72777,11.811,0.036
3783.75632,11.8,0.041
3787.63239,11.871,0.056
3787.7735,11.818,0.028
3789.69302,11.847,0.044
3790.58899,11.81,0.03
3791.78047,11.764,0.047
3792.70059,11.78,0.04
3794.7473,11.75,0.032
3797.57932,11.746,0.034
3798.64385,11.773,0.042
3801.6722,11.734,0.05
3804.58171,11.751,0.048
3806.59898,11.782,0.047
3808.5893,11.863,0.047
3809.62453,11.818,0.039
3810.57888,11.896,0.045
3811.62802,11.849,0.044
3813.641,11.89,0.047
3814.59983,11.94,0.044
3815.66449,11.871,0.046
3816.63629,12.078,0.039
3817.68576,11.903,0.026
3818.64843,11.934,0.039
3820.54405,11.991,0.051
3820.67623,12.048,0.056
3822.60293,11.924,0.039
3824.63025,11.832,0.033
3825.59715,11.866,0.036
3826.64043,11.934,0.031
3827.61105,11.855,0.04
3828.65806,12.296,0.03
3831.53081,11.876,0.033
3833.56261,11.819,0.038
3835.57702,11.801,0.039
3837.60085,11.862,0.038
3848.52204,11.889,0.037
3850.55991,11.813,0.027
3854.55645,11.875,0.037
3860.51286,11.713,0.027
3860.51883,11.878,0.042
3862.51113,11.701,0.028
3864.53958,11.691,0.028
3866.541,11.705,0.033
3869.50618,11.719,0.03
3871.51091,11.734,0.027
3875.51065,11.811,0.026
3877.51631,11.776,0.036
3881.50152,11.819,0.035
3886.47951,11.832,0.03
3889.47744,11.85,0.056
3892.47788,11.815,0.03
3897.45983,11.765,0.035
3900.45669,11.761,0.039
3903.4527,11.827,0.033
3983.89075,11.67,0.032
4090.71463,11.835,0.038
4090.72195,11.852,0.043
4104.72398,11.723,0.031
4104.7906,11.731,0.044
4106.80021,11.705,0.04
4111.71002,11.61,0.035
4111.71558,11.629,0.045
4126.75059,11.646,0.035
4128.77342,11.622,0.035
4131.60709,11.685,0.05
4133.58123,11.596,0.04
4133.64902,11.885,0.043
4135.62985,11.664,0.028
4135.67172,11.62,0.045
4137.64024,11.628,0.033
4137.67425,11.699,0.04
4139.65422,11.674,0.04
4139.71023,11.685,0.045
4141.70824,11.769,0.041
4143.69085,11.707,0.036
4143.71539,11.755,0.043
4149.65811,11.862,0.033
4149.6726,11.682,0.041
4151.66932,11.725,0.035
4153.66968,11.752,0.036
4153.68967,11.806,0.04
4155.70683,11.778,0.053
4158.5896,11.731,0.047
4159.72307,11.725,0.033
4160.63182,11.705,0.038
4161.70083,11.68,0.03
4162.62437,11.688,0.036
4163.71149,11.701,0.056
4164.63897,11.736,0.038
4166.62474,11.594,0.047
4167.58974,11.677,0.05
4172.59895,11.702,0.043
4172.6431,11.692,0.037
4174.60937,11.735,0.033
4174.65509,11.694,0.036
4176.62462,11.666,0.032
4176.68257,11.672,0.036
4179.65175,11.745,0.03
4179.67347,11.725,0.039
4181.66468,11.656,0.036
4181.68932,11.671,0.044
4183.67767,11.859,0.044
4184.52436,11.666,0.042
4188.57367,11.65,0.03
4188.57949,11.745,0.035
4190.57572,11.731,0.039
4190.59139,11.731,0.037
4192.58207,11.73,0.037
4192.59347,11.71,0.037
4194.62602,11.725,0.03
4194.63459,11.691,0.039
4197.61571,11.604,0.028
4197.6276,11.741,0.046
4200.58872,11.577,0.027
4200.59556,11.631,0.042
4203.59133,11.558,0.028
4203.59458,11.575,0.038
4205.60212,11.495,0.031
4205.60538,11.551,0.038
4213.60027,11.158,0.036
4213.61012,11.597,0.049
4227.50243,11.767,0.032
4227.50835,11.707,0.039
4229.522,11.679,0.027
4229.5279,11.595,0.042
4231.53012,11.644,0.034
4231.53329,11.687,0.039
4233.52925,11.672,0.029
4233.5324,11.645,0.037
4235.53642,11.647,0.03
4235.53958,11.676,0.035
4237.56659,11.635,0.045
4238.52149,11.691,0.035
4246.49042,11.743,0.03
4249.47651,11.589,0.045
4254.48178,11.534,0.046
4257.48411,11.451,0.036
4269.46451,11.413,0.049
4277.45284,11.581,0.038
4333.92381,11.67,0.04
4341.908,11.686,0.042
4346.90642,11.611,0.04
4350.90522,11.622,0.041
4355.88602,11.637,0.037
4362.89772,11.653,0.038
4366.87139,11.617,0.042
4373.8593,11.671,0.027
4376.8596,11.734,0.041
4380.842,11.754,0.039
4384.83542,11.794,0.041
4387.85976,11.818,0.045
4404.84478,11.874,0.031
4404.84993,11.818,0.037
4408.78738,11.873,0.033
4408.80373,11.842,0.037
4411.8325,11.839,0.03
4411.84871,11.858,0.038
4420.84431,11.815,0.041
4421.81135,11.925,0.039
4423.80094,11.81,0.034
4425.80764,11.753,0.042
4427.7756,11.778,0.034
4428.7971,11.667,0.045
4430.76485,11.843,0.032
4431.78412,11.938,0.04
4437.76456,11.931,0.036
4439.74145,11.918,0.032
4440.7543,11.935,0.042
4443.75598,11.949,0.038
4448.71429,11.837,0.031
4452.72412,11.787,0.039
4457.79367,11.83,0.036
4459.69702,11.793,0.035
4460.71529,11.876,0.039
4461.79236,11.78,0.031
4463.70276,11.834,0.035
4464.66997,11.822,0.029
4465.78969,11.814,0.039
4467.68105,11.799,0.039
4468.71687,11.817,0.036
4470.67417,11.821,0.027
4473.72714,11.783,0.027
4474.72579,11.869,0.046
4476.7279,11.888,0.036
4477.74005,11.832,0.041
4480.65313,11.89,0.049
4481.64183,11.923,0.045
4484.66873,12.002,0.042
4484.80595,11.842,0.036
4486.72397,11.834,0.052
4487.61466,11.824,0.043
4488.78263,11.798,0.042
4489.65458,11.91,0.03
4491.61777,11.934,0.038
4491.69234,11.906,0.028
4493.6745,11.944,0.034
4493.72063,11.997,0.026
4497.62417,11.924,0.03
4499.6639,11.926,0.04
4499.73783,11.809,0.037
4502.65925,11.85,0.036
4504.65799,11.774,0.041
4504.71127,11.771,0.035
4506.76996,11.769,0.036
4506.77825,11.776,0.039
4509.62678,11.674,0.041
4509.62886,11.754,0.034
4511.67104,11.798,0.041
4511.6732,11.739,0.034
4515.60866,11.778,0.032
4515.61405,11.73,0.039
4517.65638,11.861,0.043
4517.67675,11.895,0.043
4519.66132,11.807,0.041
4519.68091,11.754,0.039
4521.67656,11.851,0.037
4521.69939,11.824,0.036
4523.69908,11.896,0.029
4523.72504,11.862,0.036
4525.73182,11.782,0.039
4525.78016,11.897,0.043
4527.75297,11.818,0.033
4528.58409,11.839,0.043
4530.62853,11.787,0.034
4530.64885,11.814,0.049
4532.71145,11.725,0.032
4532.71711,11.774,0.038
4536.55067,11.596,0.03
4536.56232,11.72,0.041
4538.61524,11.677,0.036
4538.62999,11.693,0.04
4540.62252,11.819,0.041
4540.62851,11.635,0.043
4542.63223,11.698,0.039
4542.63801,11.618,0.042
4546.66229,11.665,0.032
4546.67281,11.725,0.04
4548.65602,11.672,0.033
4548.6699,11.612,0.039
4551.61705,11.641,0.038
4551.62305,11.652,0.04
4553.6516,11.753,0.042
4555.64101,11.779,0.032
4555.65066,11.738,0.036
4557.64924,11.784,0.037
4557.67033,11.804,0.038
4560.5561,11.857,0.038
4560.56189,11.884,0.042
4562.58226,11.854,0.037
4562.58826,11.868,0.044
4564.63569,11.801,0.035
4564.64561,11.816,0.04
4566.65048,11.851,0.038
4567.5256,11.799,0.032
4569.5259,11.829,0.042
4569.54912,11.814,0.03
4571.549,11.711,0.039
4571.566,11.732,0.03
4573.58591,11.665,0.039
4573.59134,11.635,0.036
4575.62239,11.722,0.036
4576.50715,11.708,0.032
4579.622,11.758,0.042
4580.50897,11.965,0.035
4582.62116,11.764,0.042
4583.56072,11.793,0.034
4586.51851,11.796,0.039
4586.58546,11.743,0.035
4588.59306,11.786,0.042
4589.54186,11.899,0.038
4591.50224,11.836,0.04
4592.50514,11.835,0.036
4593.5393,11.805,0.039
4595.48126,11.768,0.03
4595.53351,11.807,0.036
4597.4942,11.77,0.03
4597.53705,11.774,0.037
4599.54266,11.84,0.04
4599.57253,11.852,0.042
4602.49885,11.778,0.035
4602.52806,11.817,0.04
4606.50173,11.592,0.046
4608.52882,11.608,0.037
4609.49729,11.662,0.038
4611.51439,11.621,0.037
4618.46083,11.612,0.033
4618.46734,11.665,0.042
4622.46277,11.731,0.043
4622.46862,11.841,0.041
4624.46634,11.83,0.043
4628.46608,11.696,0.047
4633.45304,11.773,0.034
4642.45551,11.581,0.045
4704.91904,11.612,0.041
4719.90707,11.727,0.036
4722.89626,11.692,0.036
4727.89584,11.673,0.037
4730.87716,11.634,0.03
4732.88723,11.806,0.047
4743.86158,11.608,0.042
4746.85536,11.608,0.035
4749.85481,11.652,0.036
4750.85156,11.637,0.036
4758.82647,11.608,0.036
4760.81857,11.636,0.035
4762.8117,11.611,0.038
4765.84864,11.694,0.039
4768.79636,11.61,0.029
4769.8063,11.672,0.035
4772.84128,11.685,0.035
4776.80613,11.664,0.038
4780.79142,11.658,0.035
4784.78125,11.705,0.036
4787.83886,11.588,0.038
4793.80773,11.628,0.035
4797.79407,11.754,0.037
4800.77493,11.662,0.042
4804.73353,11.751,0.04
4807.72402,11.754,0.031
4807.75072,11.683,0.035
4810.74775,11.661,0.041
4813.75362,11.673,0.042
4816.72362,11.64,0.039
4818.76121,11.621,0.027
4819.7682,11.666,0.035
4821.6997,11.632,0.029
4822.72647,11.713,0.038
4825.71203,11.656,0.036
4827.72649,11.758,0.031
4828.70429,11.734,0.038
4830.67712,11.691,0.032
4831.69245,11.729,0.036
4834.68003,11.667,0.039
4836.77419,11.684,0.045
4837.74928,11.737,0.034
4839.66974,11.695,0.048
4840.64503,11.648,0.03
4842.74976,11.519,0.04
4843.81212,11.554,0.042
4845.74113,11.841,0.048
4846.75852,11.663,0.042
4849.65771,11.764,0.038
4850.67327,11.618,0.032
4851.76244,11.747,0.045
4853.6566,11.744,0.032
4856.65929,11.794,0.04
4857.70693,11.743,0.036
4859.66778,11.769,0.029
4861.6394,11.796,0.052
4863.69614,11.755,0.039
4865.61654,11.886,0.032
4867.79814,11.763,0.048
4868.76427,11.792,0.05
4869.68448,11.817,0.042
4870.80618,11.806,0.046
4871.72896,11.848,0.041
4876.64345,11.979,0.043
4876.77715,11.758,0.04
4879.61529,11.788,0.043
4879.68021,11.883,0.036
4881.66279,11.785,0.043
4881.74212,11.859,0.04
4883.79368,11.766,0.052
4884.66793,11.739,0.046
4889.61473,11.641,0.05
4890.62611,11.708,0.048
4892.68235,11.638,0.035
4903.66838,11.626,0.051
4905.68647,11.549,0.048
4908.58285,11.877,0.05
4914.5917,11.661,0.038
4916.63749,11.652,0.039
4916.65398,11.742,0.053
4919.58234,11.766,0.04
4919.59551,11.745,0.052
4926.50168,11.885,0.044
4926.51131,11.809,0.045
4929.62882,11.911,0.05
4929.6321,11.776,0.046
4932.61248,11.698,0.049
4932.61589,11.679,0.048
4937.61526,11.686,0.035
4946.52322,11.609,0.049
4947.60094,11.667,0.051
4948.55842,11.662,0.039
4953.53686,11.504,0.045
4960.49816,11.656,0.038
4960.50411,11.695,0.045
4963.51045,11.754,0.042
4963.51741,11.714,0.049
4972.51617,11.87,0.044
4988.47099,11.65,0.041
4988.47401,11.737,0.048
5007.45487,11.902,0.051
5084.89558,11.572,0.049
5088.8923,11.655,0.045
5092.88302,11.723,0.044
5099.85557,11.941,0.039
5099.89093,11.917,0.046
5106.83169,11.859,0.037
5106.87528,11.963,0.044
5111.85347,11.843,0.044
5118.87323,11.831,0.048
5124.82239,11.793,0.043
5129.82371,11.809,0.044
5137.80704,11.763,0.051
5155.85358,11.885,0.05
5158.77092,11.808,0.043
5159.75322,11.845,0.046
5163.74456,11.916,0.046
5166.76452,12.026,0.05
