1868.78842,12.127,0.032
1869.78576,11.984,0.033
1872.74151,12.34,0.034
1873.81304,12.103,0.034
1881.76103,11.954,0.031
1885.76011,12.164,0.032
1886.76468,12.4,0.032
1887.75294,12.439,0.033
1888.7476,12.007,0.033
1899.71663,12.472,0.033
1899.71923,12.362,0.033
1902.70591,12.447,0.032
1903.73103,12.279,0.032
1904.70084,11.968,0.031
1905.71229,12.119,0.032
1906.70097,12.37,0.032
1907.70797,12.388,0.032
1908.70023,11.911,0.033
1914.69093,12.424,0.031
1915.6882,12.295,0.033
1918.6698,12.553,0.035
1919.68371,12.199,0.034
1920.67838,11.895,0.033
1921.67841,12.273,0.034
1922.67625,12.323,0.034
1923.6686,12.197,0.032
1924.66596,12.056,0.043
1925.66671,12.211,0.034
1926.66083,12.409,0.032
1929.65774,12.216,0.033
1930.65581,12.469,0.033
1931.65085,12.191,0.039
1932.65241,12.029,0.033
1933.64731,12.305,0.039
1934.64518,12.46,0.032
1936.62728,11.953,0.034
1938.62215,12.495,0.035
1940.63065,11.991,0.036
1948.58942,11.926,0.034
1949.65552,12.452,0.035
1981.58727,12.504,0.053
2026.52902,12.188,0.029
2055.45607,12.433,0.038
2144.92247,12.223,0.043
2167.87858,12.022,0.034
2171.89793,12.306,0.037
2173.88676,12.231,0.035
2184.84044,12.421,0.039
2186.8504,11.991,0.049
2188.867,12.49,0.042
2190.83704,12.012,0.034
2194.8146,12.038,0.039
2198.83951,12.087,0.036
2200.84504,12.423,0.038
2202.83032,12.138,0.037
2212.80568,12.35,0.048
2214.79784,12.103,0.041
2216.78465,12.334,0.048
2221.81635,12.053,0.051
2224.7978,12.088,0.039
2226.77037,12.172,0.044
2229.78001,11.972,0.045
2232.77659,11.984,0.047
2236.75098,12.105,0.044
2244.73656,12.051,0.059
2253.74593,12.162,0.056
2255.74442,12.333,0.056
2520.89956,12.336,0.038
2526.89877,12.123,0.058
2545.83255,12.295,0.044
2557.82125,11.974,0.046
2559.84281,12.445,0.035
2561.85798,11.973,0.027
2578.82035,12.324,0.046
2621.78864,12.421,0.029
2623.74087,12.005,0.028
2625.7334,12.302,0.028
2631.84056,13.029,0.029
2635.69428,12.138,0.029
2637.70628,12.305,0.025
2639.7052,12.002,0.027
2641.70568,12.388,0.027
2643.71523,11.927,0.028
2645.6995,12.349,0.032
2652.67882,12.212,0.035
2654.68009,12.273,0.029
2659.74134,12.15,0.029
2661.73849,12.318,0.031
2663.7349,12.203,0.035
2667.72719,12.212,0.029
2669.71656,12.188,0.028
2671.71565,12.246,0.029
2673.71143,12.771,0.028
2675.69785,12.147,0.028
2677.67521,12.311,0.028
2679.64444,12.024,0.051
2683.63049,12.051,0.036
2685.62927,12.479,0.039
2689.63216,12.353,0.041
2691.62617,12.101,0.031
2693.63852,12.127,0.033
2697.63252,12.121,0.029
2699.62283,12.243,0.028
2701.62077,12.043,0.032
2703.61647,12.24,0.027
2705.60856,12.06,0.031
2707.60665,12.301,0.028
2709.59084,12.097,0.037
2711.59262,12.331,0.033
2713.60472,11.96,0.033
2715.60937,12.426,0.041
2719.53244,12.18,0.043
2721.57286,11.966,0.039
2723.57475,12.347,0.033
2727.56486,12.422,0.034
2729.5628,11.964,0.031
2733.55043,11.961,0.037
2735.5459,12.404,0.03
2737.53764,11.928,0.033
2739.56014,12.426,0.037
2741.53519,12.029,0.041
2743.53268,12.477,0.033
2745.54271,11.968,0.041
2750.52151,12.191,0.049
2752.52083,12.061,0.036
2755.51854,12.564,0.039
2757.51529,11.987,0.032
2761.52947,12.161,0.028
2763.52582,12.382,0.028
2766.52081,12.406,0.037
2770.5218,12.437,0.032
2775.52158,12.125,0.033
2783.465,12.355,0.031
2785.47127,12.204,0.029
2787.47105,12.13,0.029
2791.46589,11.999,0.049
2794.46,12.427,0.036
2797.46189,12.281,0.041
2886.89935,12.004,0.033
2894.88429,11.934,0.04
2897.89072,11.958,0.036
2900.88645,12.339,0.047
2906.88822,12.148,0.031
2910.88578,12.184,0.033
2916.84069,12.448,0.03
2922.82519,12.135,0.034
2925.86726,12.015,0.036
2927.85948,12.42,0.034
2930.85791,12.367,0.033
2933.84895,12.092,0.028
2940.79964,12.053,0.028
2942.83802,12.463,0.029
2944.84163,12.023,0.047
2951.80687,12.402,0.031
2955.78397,12.399,0.028
2958.80313,12.527,0.031
2961.8212,12.365,0.033
2964.79716,12.2,0.028
2971.75342,12.24,0.028
2974.76732,12.441,0.032
2976.76267,11.966,0.032
2978.76528,12.481,0.029
2980.77182,12.075,0.032
2982.7798,12.335,0.039
2985.73516,12.429,0.034
2987.78358,11.958,0.031
2990.72664,12.423,0.03
2992.76712,12.261,0.03
2995.71632,11.933,0.03
2997.76489,12.513,0.032
3007.67539,11.991,0.032
3009.72587,12.434,0.033
3011.73048,12.051,0.033
3013.7851,11.999,0.03
3016.75441,12.462,0.03
3018.75936,11.95,0.03
3023.6981,12.081,0.03
3030.71358,11.956,0.032
3032.77511,12.152,0.032
3035.60566,11.962,0.031
3042.6362,11.956,0.035
3044.66633,12.468,0.029
3046.77122,12.3,0.033
3049.67949,11.996,0.029
3052.64872,12.472,0.031
3054.67882,12.085,0.03
3056.71571,12.054,0.028
3059.60166,12.204,0.038
3061.65039,12.073,0.043
3066.72691,12.449,0.034
3068.65238,12.192,0.03
3070.68019,12.425,0.029
3073.60044,12.061,0.029
3075.63179,12.354,0.029
3077.65956,12.07,0.03
3079.67332,12.324,0.031
3081.68889,12.337,0.032
3086.51343,11.973,0.032
3088.55605,12.584,0.037
3090.55177,12.221,0.041
3092.56441,12.291,0.029
3096.56552,12.013,0.035
3098.59808,12.334,0.031
3100.60297,11.944,0.032
3102.60969,12.471,0.032
3104.62083,12.074,0.033
3106.61511,12.473,0.031
3109.51473,11.978,0.03
3111.52107,12.455,0.03
3113.54591,12.076,0.029
3115.56236,12.304,0.029
3121.53567,12.111,0.03
3123.55783,12.092,0.03
3126.52468,12.5,0.03
3128.55268,12.013,0.033
3131.49489,12.4,0.03
3133.51342,12.309,0.028
3144.4646,11.95,0.031
3154.45915,12.411,0.03
3158.45786,12.429,0.032
3273.88187,11.977,0.033
3277.86765,12.066,0.041
3296.84536,11.978,0.046
3356.73558,12.211,0.048
3362.72212,12.184,0.037
3372.73743,12.385,0.05
3380.84512,12.059,0.04
3386.79516,12.357,0.052
3389.64051,12.447,0.027
3391.67307,12.022,0.034
3397.72211,11.943,0.035
3399.75086,12.577,0.036
3403.64956,12.212,0.036
3404.76338,12.126,0.038
3405.66614,11.986,0.052
3407.68355,12.434,0.036
3409.70366,11.954,0.045
3411.77003,12.296,0.039
3413.77727,12.472,0.043
3415.7308,12.512,0.032
3416.5583,12.31,0.05
3418.60064,11.908,0.045
3422.61944,11.998,0.043
3424.65248,12.243,0.04
3426.64911,12.216,0.043
3430.65883,12.399,0.034
3438.54618,11.989,0.032
3440.65279,12.019,0.046
3443.68945,12.029,0.042
3445.67789,12.212,0.051
3447.67688,12.091,0.043
3450.51561,12.08,0.05
3452.65912,11.936,0.043
3455.52645,12.398,0.041
3457.54295,11.897,0.042
3459.5431,12.561,0.044
3459.54845,12.537,0.04
3461.54518,12.003,0.037
3463.55759,12.427,0.045
3463.57969,12.843,0.035
3465.59002,12.185,0.035
3465.62056,12.297,0.041
3468.61152,11.995,0.037
3471.50726,12.487,0.033
3471.51336,12.511,0.04
3473.51867,12.034,0.033
3473.52398,12.019,0.041
3475.56545,12.17,0.044
3477.48324,12.033,0.037
3477.58702,12.307,0.035
3479.54602,12.232,0.032
3480.52546,11.927,0.044
3481.55862,12.341,0.028
3489.55351,12.338,0.037
3491.56931,11.957,0.046
3492.52045,12.153,0.034
3497.48356,12.204,0.038
3497.50585,12.189,0.03
3500.48958,11.936,0.036
3500.511,12.047,0.04
3502.51616,12.442,0.041
3504.45947,12.134,0.045
3511.48702,12.011,0.039
3513.48882,12.518,0.034
3520.45226,12.106,0.055
3523.44831,11.896,0.047
3523.45577,11.933,0.045
3528.4502,12.165,0.054
3641.89031,12.136,0.03
3651.82193,12.53,0.035
3651.8802,12.187,0.035
3652.79905,12.131,0.038
3652.8284,12.032,0.033
3652.85641,11.99,0.038
3652.8837,12.004,0.031
3653.82525,12.149,0.044
3653.85883,12.144,0.038
3654.85526,12.483,0.027
3658.8357,12.449,0.03
3662.84506,12.603,0.033
3666.83155,12.62,0.033
3670.8217,12.571,0.029
3673.85493,12.395,0.033
3677.8273,12.46,0.032
3701.8104,12.529,0.039
3707.77548,11.96,0.037
3711.80224,12.109,0.03
3714.74655,12.104,0.026
3717.74554,12.414,0.028
3719.80013,12.21,0.041
3720.72784,12.239,0.028
3722.72285,11.938,0.036
3722.78823,11.989,0.037
3725.77501,12.171,0.029
3728.71157,12.363,0.036
3728.71534,12.417,0.035
3732.70156,12.236,0.032
3740.72497,12.46,0.037
3740.74499,12.406,0.038
3743.67067,11.975,0.041
3743.67362,12.031,0.03
3745.73447,12.036,0.049
3745.7412,11.958,0.029
3748.6517,12.272,0.037
3750.70161,11.963,0.038
3753.69286,12.147,0.043
3755.74413,12.457,0.035
3757.77495,12.019,0.043
3760.64499,12.499,0.053
3760.64724,12.468,0.047
3762.73845,12.251,0.032
3762.74234,12.326,0.039
3765.62437,12.319,0.026
3765.63017,12.383,0.054
3767.72511,12.381,0.042
3770.58887,12.012,0.05
3772.66683,12.355,0.038
3772.66971,12.41,0.045
3774.77286,12.449,0.045
3775.57805,12.129,0.029
3777.58417,12.362,0.039
3779.61839,12.287,0.051
3779.67491,12.417,0.04
3787.5988,12.448,0.052
3787.6716,12.551,0.032
3789.66149,12.093,0.043
3789.71923,12.122,0.047
3791.69344,12.502,0.047
3792.58903,12.393,0.049
3793.69852,12.246,0.043
3794.6491,12.359,0.031
3796.58659,12.354,0.043
3796.66503,12.007,0.032
3798.63087,12.389,0.05
3799.59245,12.555,0.039
3800.63534,11.999,0.053
3801.64077,12.125,0.044
3803.60979,12.376,0.049
3804.57325,12.301,0.048
3805.63425,12.045,0.05
3806.59042,12.394,0.047
3808.64875,11.909,0.044
3809.61751,12.184,0.036
3810.65222,12.371,0.035
3811.62107,12.331,0.034
3812.65562,12.053,0.042
3813.63,12.307,0.045
3814.65146,12.522,0.038
3815.6537,12.082,0.039
3817.56052,12.037,0.041
3818.54115,12.243,0.038
3819.59602,12.249,0.054
3820.5809,11.97,0.048
3821.63623,12.333,0.053
3825.56389,12.225,0.035
3826.50476,12.234,0.034
3827.58907,12.318,0.05
3828.56152,11.923,0.036
3829.59948,12.494,0.037
3830.61315,12.384,0.043
3832.62933,12.138,0.04
3834.54739,12.388,0.035
3834.62193,12.345,0.044
3836.55146,12.198,0.033
3837.49631,11.973,0.047
3848.4886,11.883,0.035
3848.54184,12.064,0.041
3850.52151,12.484,0.036
3852.52728,11.995,0.046
3853.51194,12.385,0.028
3854.53386,12.403,0.037
3859.49673,11.927,0.046
3860.50449,12.078,0.04
3861.51099,12.491,0.035
3862.50274,12.463,0.039
3863.52249,11.919,0.036
3864.53039,12.202,0.036
3865.52341,12.531,0.043
3867.51992,11.908,0.038
3868.50166,12.271,0.034
3870.47083,12.336,0.039
3871.48103,11.932,0.038
3872.49545,12.19,0.047
3875.48794,12.004,0.04
3876.4998,12.322,0.042
3883.47387,11.944,0.037
3887.47499,11.848,0.05
3890.44936,12.154,0.032
3891.46593,12.055,0.036
3896.45415,12.438,0.039
4090.72152,12,0.044
4105.72516,11.932,0.036
4107.71063,12.298,0.025
4111.72001,12.376,0.036
4126.74979,12.414,0.03
4128.77257,11.944,0.036
4132.64939,12.4,0.054
4133.5996,12.326,0.044
4134.68638,12.268,0.039
4136.69329,12.008,0.032
4137.64654,12.009,0.036
4140.70445,11.945,0.036
4142.73218,12.51,0.033
4147.66441,12.407,0.031
4150.70465,12.435,0.037
4152.72244,12.018,0.032
4155.57636,12.435,0.031
4158.58773,12.208,0.041
4160.57386,12.199,0.034
4162.57795,12.235,0.032
4162.62237,12.386,0.038
4164.59729,12.027,0.033
4164.63692,11.961,0.053
4166.6467,12.641,0.037
4172.61682,11.987,0.044
4174.62719,12.493,0.036
4176.64071,12.069,0.045
4180.55901,11.967,0.031
4182.59566,12.401,0.032
4184.52171,12.092,0.041
4184.59815,11.964,0.032
4188.56538,12.002,0.037
4188.60015,12.028,0.031
4190.60397,12.42,0.038
4192.60672,12.112,0.035
4196.54602,12.022,0.043
4198.54746,12.644,0.048
4201.54448,12.198,0.033
4203.58552,12.064,0.039
4204.5397,12.104,0.037
4216.51041,12.045,0.033
4227.48401,12.004,0.036
4227.51177,11.963,0.032
4230.47145,12.459,0.037
4232.49481,12.174,0.035
4234.50317,12.081,0.035
4235.5201,12.106,0.04
4236.50753,12.388,0.045
4246.48434,12.052,0.038
4248.46135,12.424,0.05
4249.47214,12.241,0.043
4256.45411,12.358,0.035
4258.46391,12.026,0.034
4363.89655,12.077,0.034
4368.8894,12.037,0.037
4372.88488,12.127,0.033
4376.88321,12.015,0.033
4380.87138,12.176,0.033
4384.86335,12.144,0.037
4388.88121,12.272,0.036
4392.86111,12.241,0.029
4403.84645,12.028,0.033
4407.86296,12.184,0.033
4410.85184,11.95,0.03
4420.85565,12.438,0.04
4423.8154,12.175,0.031
4427.80388,12.234,0.03
4430.78882,11.981,0.033
4433.82396,11.996,0.029
4436.77604,12.484,0.028
4439.76871,12.109,0.034
4457.71739,12.514,0.042
4457.72018,12.116,0.031
4460.76011,12.514,0.032
4463.70736,12.201,0.029
4465.6912,12.306,0.037
4465.79436,12.133,0.039
4468.70892,12.468,0.034
4474.7196,12.133,0.039
4477.73946,11.915,0.033
4480.6516,12.336,0.046
4484.6681,12.386,0.041
4488.67717,12.185,0.044
4490.6914,12.215,0.029
4492.62235,12.473,0.034
4492.71228,11.988,0.035
4494.66163,12.165,0.039
4494.73156,12.465,0.036
4497.78387,12.388,0.034
4498.68425,12.441,0.036
4500.59402,12.43,0.04
4503.6234,12.545,0.036
4505.60465,11.958,0.037
4505.73825,12.32,0.041
4507.66181,12.552,0.046
4508.62092,12.254,0.034
4512.58789,12.311,0.045
4512.68637,11.945,0.042
4516.62711,11.899,0.039
4518.67501,12.637,0.032
4520.58573,12.07,0.041
4520.69774,12.059,0.03
4522.69169,12.452,0.029
4524.70236,12.136,0.031
4527.59345,12.441,0.045
4529.64001,12.439,0.034
4531.59305,12.605,0.04
4531.70064,12.013,0.036
4534.57308,12.33,0.038
4537.59037,12.22,0.039
4539.56917,12.2,0.049
4539.60197,12.162,0.05
4541.59468,12.135,0.04
4542.55034,12.384,0.042
4543.61461,12.043,0.04
4546.59623,12.499,0.045
4548.59346,12.033,0.037
4551.58508,11.997,0.035
4553.61716,12.437,0.029
4555.52404,12.356,0.041
4555.62441,11.932,0.042
4557.54752,12.348,0.037
4558.52352,12.507,0.041
4559.59599,11.89,0.036
4560.58802,12.146,0.035
4562.5218,12.577,0.034
4563.52954,11.921,0.039
4565.55646,12.44,0.036
4570.4734,12.452,0.032
4570.58716,11.978,0.038
4572.53586,12.063,0.033
4574.56323,11.927,0.04
4575.53519,12.026,0.036
4579.53532,11.968,0.038
4582.52382,12.19,0.046
4582.55644,12.064,0.032
4586.4835,12.432,0.034
4589.49481,12.502,0.032
4589.51686,12.371,0.038
4591.52721,12.104,0.031
4594.48177,12.165,0.034
4594.4907,12.192,0.035
4596.49358,12.28,0.038
4597.46706,12.431,0.037
4600.49884,12.467,0.033
4606.47582,11.971,0.044
4607.46572,11.988,0.036
4609.4788,12.424,0.036
4610.46762,12.005,0.043
4618.45183,11.985,0.036
4729.899,12.385,0.031
4743.88945,11.94,0.032
4747.87148,11.901,0.031
4755.85771,11.948,0.03
4762.83185,12.16,0.029
4766.84712,12.009,0.028
4769.85141,12.421,0.03
4773.82193,12.448,0.03
4777.8284,12.39,0.029
4782.86083,11.957,0.029
4786.81575,11.97,0.031
4792.79508,12.41,0.029
4795.78523,12.174,0.03
4798.77947,12.019,0.029
4801.76986,12.178,0.033
4804.78178,12.412,0.031
4807.76107,12.289,0.031
4810.7473,12.038,0.041
4813.75245,12.001,0.033
4816.76734,12.423,0.03
4819.76046,12.452,0.028
4822.7261,12.009,0.028
4825.70749,12.007,0.04
4828.69977,12.491,0.038
4831.68789,12.233,0.033
4834.67958,11.959,0.03
4836.77368,11.992,0.028
4839.66841,12.374,0.029
4843.70588,12.415,0.039
4846.68688,12.156,0.039
4848.79062,12.095,0.035
4851.6763,12.441,0.047
4853.66796,11.992,0.036
4853.81252,12.588,0.041
4856.66752,12.117,0.039
4857.62782,11.976,0.043
4859.67617,12.41,0.033
4860.64861,12.184,0.042
4862.68202,12.469,0.035
4862.74048,12.501,0.041
4865.64077,11.949,0.041
4865.64435,11.906,0.038
4868.64318,11.995,0.032
4870.73726,12.509,0.042
4870.74301,12.448,0.047
4876.61679,12.031,0.041
4881.6193,12.06,0.033
4884.59526,12,0.038
4884.59831,11.985,0.043
4887.60138,12.505,0.049
4887.60369,12.386,0.054
4892.59205,11.871,0.047
4892.5952,11.939,0.053
4899.67237,12.057,0.05
4902.70245,11.936,0.048
4903.67579,12.12,0.045
4906.58724,12.395,0.05
4908.67149,12.409,0.049
4914.55417,12.506,0.049
4914.62718,12.118,0.045
4917.54193,12.299,0.045
4919.56342,11.946,0.049
4919.63316,11.99,0.045
4924.50687,12.113,0.053
4931.56571,12.042,0.051
4936.54337,12.21,0.048
4938.53708,12.24,0.049
4947.5135,12.234,0.049
4952.49907,12.406,0.048
4954.51715,11.995,0.052
4960.48368,12.212,0.046
4960.51473,12.344,0.043
5124.8502,12.368,0.046
5129.86546,12.296,0.038
5137.83214,12.308,0.041
5145.82293,12.225,0.04
5158.79553,12.093,0.044
5162.8201,12.143,0.036
5165.81981,12.013,0.038
5168.80388,12.215,0.041
