1868.78842,10.104,0.046
1869.78576,10.086,0.05
1872.74151,10.079,0.055
1873.81304,10.112,0.051
1880.71662,10.103,0.052
1881.76103,10.151,0.048
1885.76011,10.092,0.045
1886.76468,10.104,0.046
1887.75294,10.151,0.046
1888.7476,10.192,0.049
1889.76948,10.152,0.071
1899.71663,10.116,0.043
1900.72356,10.122,0.044
1902.70591,10.17,0.046
1903.73103,10.149,0.045
1904.70084,10.088,0.046
1905.71229,10.131,0.045
1906.70097,10.111,0.047
1907.70797,10.125,0.047
1908.70023,10.155,0.046
1914.69093,10.076,0.046
1915.6882,10.13,0.049
1918.6698,10.425,0.048
1919.68371,10.144,0.051
1920.67838,10.133,0.048
1921.67841,10.089,0.048
1922.67625,10.097,0.044
1923.6686,10.134,0.045
1924.66596,10.167,0.05
1925.66671,10.203,0.048
1926.66083,10.153,0.046
1929.65774,10.089,0.044
1930.65581,10.097,0.042
1931.65085,10.178,0.048
1932.65241,10.186,0.041
1933.64731,10.137,0.042
1934.64518,10.123,0.043
1936.62728,10.094,0.042
1938.62215,10.17,0.04
1940.63065,10.2,0.04
1948.58942,10.095,0.048
1949.65552,10.118,0.047
1959.5984,10.109,0.04
1981.58727,10.187,0.049
2026.52902,10.098,0.044
2055.45607,10.073,0.058
2167.87174,10.15,0.051
2171.88886,10.2,0.056
2173.87312,10.098,0.051
2183.88107,10.076,0.046
2185.84428,10.16,0.054
2189.87702,10.167,0.047
2191.84175,10.128,0.047
2196.82542,10.091,0.051
2198.82107,10.135,0.049
2200.8266,10.145,0.048
2202.81182,10.131,0.046
2208.82184,10.125,0.061
2212.78708,10.091,0.049
2214.7768,10.196,0.052
2215.85464,10.151,0.048
2217.78728,10.183,0.048
2221.80237,10.114,0.054
2224.77928,10.201,0.054
2226.76081,10.08,0.048
2227.82127,10.118,0.05
2229.76335,10.124,0.046
2232.79914,10.111,0.046
2236.73454,10.208,0.063
2237.81219,10.139,0.051
2239.79043,10.074,0.049
2240.80847,10.104,0.051
2241.80301,10.108,0.048
2520.89956,10.099,0.046
2526.89877,10.145,0.048
2545.83255,10.188,0.052
2557.82125,10.085,0.041
2559.84281,10.096,0.039
2561.85798,10.089,0.036
2578.82035,10.154,0.045
2621.78864,10.516,0.041
2623.74087,10.118,0.042
2625.7334,10.163,0.041
2628.71495,10.122,0.038
2631.84056,10.103,0.044
2635.69428,10.089,0.04
2637.70628,10.087,0.037
2639.7052,10.158,0.04
2641.70568,10.174,0.037
2643.71523,10.18,0.04
2645.6995,10.079,0.039
2652.67882,10.095,0.04
2654.68009,10.132,0.043
2659.74134,10.094,0.043
2661.73849,10.137,0.043
2663.7349,10.187,0.039
2667.72719,10.099,0.042
2669.71656,10.151,0.042
2671.71565,10.16,0.042
2673.71143,10.104,0.042
2675.69785,10.138,0.039
2677.67521,10.121,0.043
2679.64444,10.149,0.064
2683.63049,10.078,0.042
2685.62927,10.097,0.052
2689.63216,10.161,0.056
2691.62617,10.117,0.044
2693.63852,10.094,0.039
2697.63252,10.182,0.041
2699.62283,10.141,0.041
2701.62077,10.106,0.041
2703.61647,10.119,0.04
2705.60856,10.167,0.044
2707.60665,10.121,0.04
2709.59084,10.105,0.04
2711.59262,10.161,0.04
2713.60472,10.162,0.041
2715.60937,10.143,0.043
2719.53244,10.076,0.038
2721.57286,10.104,0.048
2723.57475,10.083,0.039
2727.56486,10.148,0.039
2729.5628,10.135,0.04
2733.55043,10.148,0.039
2735.5459,10.158,0.041
2737.53764,10.097,0.041
2739.56014,10.115,0.042
2741.53519,10.164,0.041
2743.53268,10.166,0.046
2745.54271,10.117,0.056
2750.52151,10.175,0.043
2752.52083,10.137,0.039
2755.51854,10.075,0.039
2757.51529,10.135,0.04
2761.52947,10.155,0.039
2763.52582,10.115,0.04
2766.52081,10.115,0.04
2770.5218,10.142,0.043
2775.52158,10.103,0.049
2783.465,10.132,0.039
2785.47127,10.143,0.039
2787.47105,10.085,0.038
2791.46589,10.157,0.062
2794.46,10.093,0.042
2797.46189,10.082,0.057
2886.89935,10.158,0.043
2894.88429,10.123,0.045
2897.89072,10.08,0.042
2900.88645,10.172,0.056
2906.88822,10.086,0.037
2910.88578,10.18,0.039
2916.84069,10.173,0.037
2922.82519,10.177,0.047
2925.86726,10.133,0.039
2927.85948,10.152,0.042
2930.85791,10.097,0.039
2933.84895,10.146,0.039
2940.79964,10.118,0.04
2942.83802,10.149,0.04
2944.84163,10.149,0.06
2951.80687,10.122,0.044
2955.78397,10.133,0.034
2958.80313,10.146,0.042
2961.8212,10.152,0.041
2964.79716,10.137,0.034
2971.75342,10.146,0.031
2974.76732,10.127,0.043
2976.76267,10.089,0.035
2978.76528,10.136,0.032
2980.77182,10.129,0.042
2982.7798,10.215,0.048
2985.73516,10.137,0.044
2987.78358,10.066,0.041
2990.72664,10.08,0.038
2992.76712,10.162,0.032
2994.74145,10.098,0.034
2995.71632,10.141,0.04
2997.76489,10.148,0.034
3007.67539,10.152,0.042
3009.72587,10.066,0.043
3011.73048,10.148,0.039
3013.7851,10.157,0.04
3016.75441,10.16,0.04
3018.75936,10.142,0.044
3023.6981,10.105,0.04
3030.71358,10.14,0.042
3032.77511,10.075,0.05
3035.60566,10.118,0.043
3042.6362,10.14,0.047
3044.66633,10.18,0.036
3046.77122,10.167,0.049
3049.67949,10.09,0.041
3052.64872,10.149,0.04
3054.67882,10.156,0.043
3056.71571,10.149,0.034
3059.60166,10.079,0.053
3061.65039,10.14,0.058
3066.72691,10.138,0.043
3068.65238,10.171,0.047
3070.68019,10.111,0.039
3073.60044,10.14,0.044
3075.63179,10.152,0.038
3077.65956,10.113,0.044
3079.67332,10.084,0.042
3081.68889,10.14,0.034
3086.51343,10.095,0.037
3088.55605,10.148,0.053
3090.55177,10.046,0.061
3092.56441,10.106,0.032
3096.56552,10.119,0.055
3098.59808,10.216,0.05
3100.60297,10.144,0.047
3102.60969,10.174,0.048
3104.62083,10.207,0.045
3106.61511,10.121,0.037
3109.51473,10.143,0.042
3111.52107,10.141,0.042
3113.54591,10.151,0.041
3115.56236,10.192,0.041
3121.53567,10.197,0.043
3123.55783,10.101,0.043
3126.52468,10.105,0.035
3128.55268,10.059,0.049
3131.49489,10.097,0.045
3133.51342,10.064,0.041
3144.4646,10.138,0.034
3154.45915,10.082,0.034
3158.45786,10.179,0.048
3273.88187,10.154,0.035
3277.86765,10.177,0.051
3296.84536,10.15,0.047
3356.73209,10.157,0.037
3362.71866,10.127,0.056
3365.79919,10.18,0.064
3373.85093,10.114,0.058
3380.84512,10.145,0.06
3383.77538,10.071,0.063
3386.63683,10.101,0.061
3390.68047,10.134,0.053
3392.75954,10.11,0.048
3395.74849,10.133,0.056
3397.78246,10.141,0.057
3400.62175,10.198,0.05
3403.64956,10.178,0.047
3405.66614,10.193,0.074
3407.68355,10.169,0.048
3409.70366,10.233,0.056
3411.77003,10.1,0.051
3413.77727,10.103,0.049
3416.5583,10.137,0.064
3418.60064,10.11,0.055
3422.61944,10.085,0.07
3424.65248,10.159,0.045
3426.64911,10.135,0.055
3430.65883,10.145,0.038
3438.54618,10.166,0.034
3440.65279,10.157,0.06
3443.68945,10.097,0.056
3445.67789,10.08,0.068
3447.67688,10.114,0.052
3452.66786,10.172,0.051
3455.52645,10.193,0.042
3457.54295,10.162,0.053
3459.54845,10.137,0.04
3463.57969,10.109,0.05
3465.62056,10.168,0.053
3468.61152,10.132,0.047
3471.51336,10.149,0.047
3473.52398,10.151,0.062
3475.56545,10.201,0.056
3477.58702,10.109,0.039
3480.52546,10.188,0.055
3489.55351,10.126,0.036
3491.56931,10.053,0.059
3497.48356,10.15,0.041
3500.48958,10.085,0.048
3502.51616,10.178,0.052
3513.48882,10.158,0.039
3520.45226,10.174,0.059
3523.45577,10.062,0.06
3528.4502,10.227,0.065
3630.90236,10.092,0.05
3636.88379,10.069,0.053
3640.88498,10.129,0.047
3644.88491,10.116,0.055
3650.84991,10.13,0.044
3653.86457,10.091,0.058
3656.87125,10.132,0.051
3660.83634,10.129,0.052
3664.82707,10.196,0.052
3668.86375,10.165,0.045
3672.82168,10.161,0.047
3700.78033,10.107,0.049
3703.78616,10.116,0.049
3706.76975,10.115,0.05
3711.79921,10.086,0.048
3717.74255,10.15,0.056
3719.80013,10.112,0.057
3722.72285,10.136,0.054
3725.76637,10.12,0.05
3728.71157,10.09,0.059
3732.69509,10.246,0.064
3735.70984,10.157,0.057
3740.72497,10.111,0.055
3743.67067,10.143,0.053
3745.73447,10.197,0.06
3748.6517,10.091,0.058
3750.69869,10.165,0.058
3753.68996,10.151,0.061
3755.73533,10.185,0.054
3757.77209,10.176,0.056
3760.64724,10.108,0.057
3762.74234,10.107,0.059
3765.63017,10.187,0.064
3767.76074,10.137,0.061
3770.58887,10.094,0.074
3772.66683,10.115,0.051
3774.77286,10.144,0.061
3777.58417,10.166,0.056
3779.61839,10.177,0.07
3787.5988,10.149,0.062
3789.66149,10.065,0.058
3791.69344,10.104,0.059
3793.69852,10.055,0.059
3796.58659,10.112,0.05
3798.63087,10.186,0.06
3800.63534,10.138,0.061
3803.60979,10.155,0.064
3805.63425,10.102,0.061
3808.64875,10.15,0.066
3810.65222,10.189,0.055
3812.65562,10.17,0.055
3814.65146,10.105,0.053
3817.56052,10.141,0.057
3819.59602,10.127,0.065
3821.63623,10.149,0.064
3823.66072,10.071,0.059
3826.50476,10.097,0.049
3828.56152,10.176,0.051
3830.61315,10.119,0.053
3832.62933,10.087,0.054
3834.62193,10.203,0.058
3837.49631,10.186,0.065
3848.4886,10.184,0.056
3850.52151,10.176,0.052
3852.52728,10.208,0.056
3854.53386,10.148,0.052
3860.50449,10.199,0.051
3862.50274,10.112,0.053
3864.53039,10.19,0.053
3867.51992,10.172,0.06
3870.47083,10.113,0.055
3872.49545,10.104,0.057
3876.4998,10.294,0.05
3883.47387,10.199,0.05
3887.47499,10.083,0.063
3891.46593,10.15,0.049
3896.45415,10.083,0.055
4090.71866,10.092,0.036
4104.78329,10.132,0.052
4106.7994,10.129,0.046
4111.70915,10.185,0.041
4126.74296,10.155,0.034
4128.76985,10.17,0.037
4133.5996,10.128,0.044
4135.63934,10.135,0.04
4137.64654,10.1,0.038
4139.66124,10.12,0.039
4141.67815,10.079,0.046
4143.69707,10.106,0.055
4145.77312,10.154,0.044
4149.66425,10.097,0.044
4151.70023,10.139,0.035
4153.67579,10.146,0.04
4155.6924,10.158,0.04
4158.58773,10.128,0.043
4160.62911,10.144,0.037
4162.62237,10.104,0.044
4164.63692,10.123,0.053
4167.58759,10.143,0.046
4172.64081,10.16,0.04
4174.65276,10.113,0.036
4176.68018,10.16,0.043
4179.67019,10.11,0.046
4181.68152,10.126,0.058
4184.52171,10.182,0.043
4188.56538,10.159,0.042
4190.5608,10.189,0.042
4192.57006,10.43,0.04
4194.61754,10.186,0.04
4197.60639,10.101,0.046
4200.58378,10.158,0.038
4203.58552,10.15,0.04
4205.59631,10.069,0.044
4213.56921,10.468,0.045
4227.48401,10.174,0.035
4229.50783,10.157,0.033
4231.51587,10.165,0.038
4233.51726,10.091,0.036
4235.5201,10.16,0.039
4238.51193,10.139,0.05
4246.48434,10.188,0.039
4249.47214,10.079,0.056
4256.45411,10.088,0.036
4258.46391,10.107,0.037
4343.91787,10.138,0.052
4348.91342,10.167,0.04
4358.90694,10.116,0.038
4363.88085,10.197,0.041
4367.89599,10.13,0.04
4371.88286,10.181,0.042
4376.87023,10.101,0.043
4380.85346,10.149,0.044
4384.84882,10.117,0.045
4388.86594,10.17,0.038
4391.86804,10.116,0.063
4402.86016,10.13,0.038
4406.85799,10.2,0.058
4409.83673,10.1,0.039
4413.8359,10.179,0.045
4420.85283,10.097,0.057
4423.81182,10.151,0.046
4427.79462,10.185,0.044
4430.78605,10.124,0.043
4433.77627,10.178,0.036
4436.7733,10.137,0.035
4439.7601,10.146,0.035
4457.71739,10.15,0.065
4460.69536,10.103,0.043
4462.77016,10.145,0.038
4465.6912,10.103,0.042
4467.79447,10.1,0.048
4470.69222,10.151,0.036
4473.74234,10.087,0.045
4476.74299,10.113,0.063
4479.65393,10.145,0.037
4482.6799,10.223,0.048
4485.68427,10.091,0.063
4487.71744,10.104,0.047
4489.76449,10.134,0.043
4492.62235,10.488,0.039
4494.66163,10.146,0.038
4497.78387,10.136,0.037
4500.59402,10.149,0.052
4502.76503,10.11,0.048
4505.60465,10.154,0.045
4507.66181,10.182,0.052
4509.74116,10.107,0.048
4512.58789,10.108,0.05
4515.70203,10.123,0.052
4517.75244,10.073,0.051
4520.58573,10.169,0.04
4522.59889,10.092,0.048
4524.6037,10.139,0.038
4526.64002,10.086,0.047
4528.69863,10.16,0.049
4531.59305,10.066,0.042
4537.54266,10.194,0.043
4539.56917,10.14,0.062
4541.59468,10.123,0.041
4543.61461,10.095,0.048
4547.65533,10.095,0.055
4552.64145,10.08,0.043
4555.52404,10.155,0.041
4557.54752,10.13,0.039
4559.59599,10.135,0.043
4562.5218,10.167,0.04
4564.56908,10.102,0.043
4566.57428,10.112,0.048
4568.60224,10.088,0.042
4570.58716,10.163,0.04
4572.59795,10.201,0.047
4575.53519,10.321,0.041
4579.53532,10.158,0.046
4582.55644,10.116,0.039
4589.51686,10.139,0.046
4591.54359,10.116,0.042
4594.4907,10.133,0.04
4596.49358,10.178,0.04
4601.50551,10.113,0.04
4606.47582,10.137,0.061
4609.4788,10.088,0.04
4618.45183,10.098,0.039
4622.45547,10.183,0.052
4703.92024,10.112,0.042
4722.90423,10.118,0.038
4728.89229,10.105,0.038
4732.8967,10.11,0.073
4743.87994,10.147,0.037
4747.85896,10.185,0.037
4751.84984,10.068,0.07
4755.84644,10.143,0.043
4759.82412,10.12,0.037
4763.82297,10.188,0.039
4767.81327,10.101,0.037
4770.84114,10.096,0.042
4773.84817,10.14,0.037
4777.80074,10.139,0.036
4780.84318,10.123,0.036
4784.79093,10.152,0.04
4787.83542,10.075,0.04
4793.79685,10.095,0.037
4797.785,10.198,0.042
4800.76768,10.126,0.05
4803.787,10.172,0.049
4806.76393,10.127,0.036
4809.74731,10.168,0.038
4815.72952,10.146,0.042
4818.7724,10.115,0.04
4821.7236,10.105,0.04
4824.71545,10.16,0.043
4827.73371,10.165,0.043
4830.69678,10.104,0.042
4837.78092,10.146,0.043
4840.66691,10.17,0.045
4842.78108,10.254,0.056
4845.7551,10.151,0.067
4847.82214,10.157,0.041
4850.67983,10.16,0.057
4853.66796,10.139,0.042
4856.66752,10.124,0.043
4859.67617,10.175,0.041
4862.68202,10.105,0.039
4865.64077,10.136,0.052
4868.64318,10.128,0.04
4870.74301,10.067,0.049
4881.62159,10.13,0.041
4884.59831,10.121,0.045
4887.60369,10.173,0.07
4889.73867,10.117,0.064
4892.5952,10.102,0.069
4902.70245,10.141,0.068
4905.67796,10.218,0.07
4914.55417,10.128,0.059
4919.56342,10.22,0.061
4924.50687,10.164,0.072
4931.56571,10.115,0.073
4936.54337,10.199,0.062
4952.49907,10.131,0.074
4954.51715,10.157,0.07
4960.48368,10.088,0.066
5085.8991,10.155,0.055
5089.90189,10.11,0.056
5093.89249,10.142,0.054
5106.88103,10.115,0.06
5111.87544,10.19,0.053
5124.83552,10.115,0.063
5129.8334,10.094,0.053
5158.79191,10.153,0.053
5162.80625,10.111,0.054
5165.78741,10.158,0.059
5168.80606,10.136,0.071
