2032.47689,11.196,0.032
2552.8776,11.212,0.028
2557.85669,11.182,0.036
2559.87294,11.144,0.029
2562.84779,11.086,0.029
2577.80395,11.087,0.03
2621.79154,11.187,0.028
2623.74603,11.19,0.027
2625.74543,11.214,0.028
2635.70854,11.216,0.026
2637.71831,11.211,0.029
2639.71259,11.642,0.025
2641.71082,11.148,0.026
2643.72264,11.139,0.03
2645.70466,11.138,0.027
2650.67756,11.137,0.026
2652.68851,11.126,0.026
2654.69199,11.142,0.027
2658.69169,11.19,0.028
2660.68931,11.23,0.029
2662.68628,11.263,0.027
2664.67759,11.292,0.027
2666.67505,11.323,0.028
2668.68075,11.32,0.027
2670.67393,11.32,0.027
2672.67458,11.29,0.027
2674.66232,11.304,0.026
2676.64854,11.283,0.026
2678.6339,11.255,0.028
2679.75507,11.226,0.03
2681.6881,11.207,0.028
2685.62737,11.159,0.03
2689.63019,11.079,0.049
2691.62421,11.211,0.03
2693.63654,11.231,0.029
2695.62443,11.287,0.054
2697.63049,11.276,0.028
2699.62079,11.274,0.031
2701.61871,11.277,0.026
2703.61439,11.316,0.028
2705.60645,11.254,0.029
2707.60452,11.242,0.029
2713.53421,11.312,0.036
2715.53183,11.273,0.033
2718.52691,11.27,0.03
2720.64399,11.277,0.03
2722.60247,11.241,0.033
2724.60034,11.335,0.029
2726.5986,11.231,0.032
2728.58971,11.256,0.028
2730.58556,11.254,0.028
2734.55187,11.255,0.029
2736.53655,11.29,0.028
2740.5074,11.244,0.031
2744.52344,11.25,0.031
2746.55602,11.232,0.032
2751.50035,11.314,0.031
2754.50317,11.366,0.033
2756.50477,11.352,0.041
2758.49784,11.356,0.039
2760.52001,11.341,0.029
2762.51874,11.56,0.048
2784.45973,11.415,0.031
2786.4622,11.381,0.028
2790.45446,11.413,0.034
2900.89557,11.293,0.042
2911.89006,11.23,0.027
2916.88065,11.214,0.028
2922.85789,11.261,0.029
2926.85926,11.26,0.027
2932.84977,11.207,0.027
2935.8561,11.197,0.036
2940.8298,11.074,0.028
2943.83267,11.074,0.027
2949.82861,11.051,0.028
2952.82923,11.105,0.031
2955.83119,11.158,0.029
2960.79482,11.246,0.033
2963.80617,11.258,0.028
2970.78586,11.279,0.028
2973.80979,11.228,0.027
2975.77319,11.262,0.028
2977.75331,11.201,0.037
2979.77684,11.149,0.027
2981.78595,11.118,0.035
2986.78821,11.097,0.029
2989.73584,11.036,0.029
2991.77522,11.047,0.028
2994.72769,11.086,0.027
2996.76916,11.129,0.027
2998.76663,11.122,0.03
3001.75378,11.163,0.025
3006.69578,11.188,0.028
3008.72084,11.191,0.028
3013.7146,11.191,0.032
3016.70753,11.181,0.028
3018.70296,11.224,0.029
3028.76439,11.114,0.027
3031.62628,11.072,0.028
3035.65323,11.093,0.028
3043.74443,11.182,0.036
3046.60321,11.171,0.027
3049.61666,11.193,0.027
3051.72281,11.338,0.052
3054.59262,11.291,0.029
3056.60928,11.274,0.03
3058.67316,11.216,0.03
3060.69886,11.156,0.028
3068.56354,11.004,0.032
3069.50723,11.052,0.035
3070.59626,11.025,0.031
3072.62723,11.129,0.032
3074.66053,11.159,0.03
3077.54455,11.324,0.027
3079.57945,11.267,0.033
3081.60294,11.299,0.046
3085.61763,11.278,0.032
3087.618,11.295,0.048
3089.63966,11.224,0.033
3096.54966,11.164,0.03
3098.58729,11.114,0.032
3100.59218,11.098,0.033
3102.59891,11.142,0.032
3107.535,11.119,0.028
3109.54771,11.144,0.028
3111.54755,11.139,0.028
3113.56714,11.15,0.029
3115.56721,11.143,0.028
3123.48344,11.145,0.028
3125.52731,11.156,0.03
3128.50543,11.217,0.033
3131.49181,11.225,0.03
3133.51042,11.258,0.029
3144.47478,11.247,0.028
3155.4533,11.126,0.047
3272.88996,11.212,0.033
3276.88372,11.154,0.04
3280.8812,11.174,0.035
3291.87288,11.247,0.033
3298.86665,11.299,0.03
3333.81256,11.226,0.033
3357.72881,11.163,0.032
3363.71651,11.127,0.044
3373.73476,11.316,0.045
3382.70182,11.239,0.049
3387.64888,11.289,0.032
3389.69188,11.204,0.048
3391.71431,11.22,0.039
3396.66803,11.238,0.037
3398.68236,11.211,0.04
3400.7154,11.208,0.036
3403.7048,11.193,0.034
3405.70861,11.168,0.033
3407.77582,11.175,0.036
3409.75235,11.181,0.037
3412.60525,11.134,0.033
3414.62007,11.129,0.035
3416.62032,11.126,0.043
3418.63311,11.175,0.038
3425.62681,11.173,0.042
3431.62057,11.239,0.048
3433.61618,11.277,0.054
3436.61815,11.168,0.032
3439.60548,11.144,0.031
3442.5942,11.092,0.035
3444.61018,11.116,0.035
3450.51801,11.123,0.039
3455.54021,11.157,0.043
3457.55049,11.215,0.042
3459.56621,11.209,0.032
3461.59866,11.25,0.041
3464.51757,11.231,0.041
3466.5452,11.282,0.031
3469.55264,11.295,0.032
3471.5579,11.247,0.03
3478.47402,11.197,0.047
3480.53402,11.103,0.036
3490.5215,11.135,0.041
3492.52912,11.12,0.044
3499.4647,11.139,0.036
3512.46054,11.162,0.039
3650.80994,11.149,0.031
3650.8382,11.163,0.029
3650.86721,11.149,0.034
3652.87015,11.159,0.034
3660.84931,11.23,0.035
3664.85006,11.199,0.042
3670.85099,11.147,0.031
3674.83473,11.129,0.032
3699.79634,11.215,0.035
3702.79303,11.241,0.032
3705.79121,11.269,0.034
3708.76738,11.29,0.036
3712.78868,11.229,0.037
3714.81103,11.213,0.041
3717.75733,11.147,0.036
3726.71803,11.236,0.035
3728.77599,11.238,0.043
3732.71438,11.327,0.04
3735.71554,11.407,0.042
3740.76388,11.407,0.036
3743.68791,11.26,0.033
3745.78199,11.237,0.031
3750.82898,11.239,0.047
3753.72078,11.224,0.034
3755.77664,11.26,0.036
3758.63925,11.251,0.036
3760.71508,11.274,0.037
3763.64063,11.281,0.043
3765.73368,11.34,0.042
3768.62946,11.46,0.045
3773.60714,11.363,0.051
3778.61929,11.379,0.043
3780.67263,11.292,0.044
3783.71359,11.303,0.044
3788.59903,11.215,0.051
3790.65638,11.282,0.05
3793.60864,11.223,0.046
3795.65452,11.16,0.035
3797.66096,11.195,0.035
3800.56903,11.182,0.048
3805.54473,11.138,0.045
3808.57424,11.126,0.035
3810.55946,11.165,0.041
3812.56994,11.163,0.036
3814.57615,11.202,0.04
3816.6205,11.21,0.036
3818.62311,11.234,0.038
3823.58739,11.222,0.041
3825.61101,11.17,0.041
3828.50169,11.243,0.048
3833.4834,11.108,0.042
3835.51473,11.262,0.044
3837.52983,11.225,0.038
3849.50062,11.273,0.039
3851.52288,11.256,0.036
3853.53326,11.286,0.03
3860.46778,11.222,0.042
3862.48275,11.198,0.038
3865.47479,11.154,0.04
3868.47836,11.128,0.036
3870.49627,11.122,0.038
3876.46231,11.157,0.036
3880.45884,11.163,0.05
3883.45577,11.206,0.036
4091.71873,11.138,0.035
4105.74868,11.024,0.035
4107.71964,11.112,0.03
4111.7656,11.132,0.042
4125.75363,11.19,0.04
4127.71447,11.135,0.032
4133.64823,11.128,0.048
4135.67087,11.034,0.047
4137.67334,11.089,0.036
4139.68512,11.138,0.04
4141.70075,11.079,0.031
4143.71428,11.067,0.04
4146.60208,11.128,0.032
4149.70775,11.149,0.045
4152.55911,11.258,0.031
4154.59391,11.246,0.032
4156.63326,11.263,0.039
4160.57635,11.242,0.034
4162.58044,11.212,0.037
4164.60057,11.088,0.043
4172.62,11.115,0.04
4174.62959,11.143,0.035
4180.57199,11.209,0.034
4182.60087,11.244,0.036
4188.60631,11.196,0.033
4190.60632,11.245,0.036
4192.60905,11.294,0.034
4196.54834,11.306,0.051
4198.55058,11.256,0.05
4201.54677,11.357,0.03
4204.54538,11.395,0.033
4216.53151,11.202,0.032
4228.48256,11.186,0.034
4230.49561,11.216,0.034
4233.48248,11.264,0.031
4235.4863,11.283,0.033
4247.45383,11.253,0.033
4365.89361,11.202,0.031
4373.8871,11.24,0.033
4379.87535,11.187,0.033
4383.86496,11.168,0.031
4387.85547,11.166,0.035
4391.84479,11.187,0.046
4408.81981,11.231,0.032
4412.85473,11.143,0.031
4420.85833,11.173,0.043
4423.81891,11.2,0.039
4427.79788,11.157,0.034
4430.79528,11.146,0.034
4433.82666,11.159,0.037
4436.77882,11.165,0.032
4439.7665,11.231,0.033
4452.73661,11.279,0.041
4455.72967,11.348,0.032
4461.74924,11.26,0.032
4464.69754,11.188,0.037
4467.69654,11.161,0.046
4470.69695,11.106,0.033
4473.74559,11.052,0.038
4476.75234,11.075,0.045
4479.65708,11.082,0.035
4482.67716,11.118,0.034
4490.69402,11.2,0.033
4492.71492,11.206,0.034
4494.73421,11.178,0.034
4498.69051,11.185,0.041
4503.6269,11.158,0.032
4505.74092,11.16,0.037
4508.62352,11.136,0.042
4510.64005,11.164,0.041
4515.66584,11.093,0.042
4517.72679,11.089,0.041
4520.58349,11.056,0.036
4522.59659,11.088,0.037
4526.63772,11.119,0.04
4528.68357,11.123,0.045
4531.59068,11.129,0.038
4537.53938,11.179,0.034
4543.52627,11.142,0.041
4547.57989,11.157,0.042
4554.59318,11.106,0.036
4556.60621,11.091,0.041
4558.60778,11.074,0.034
4561.5723,11.126,0.034
4563.59263,11.081,0.035
4566.53073,11.089,0.041
4570.49124,11.136,0.033
4572.54235,11.225,0.035
4574.56568,11.2,0.04
4577.55765,11.194,0.044
4582.52946,11.172,0.034
4586.48922,11.137,0.033
4589.49982,11.407,0.035
4592.48729,11.126,0.034
4597.45862,11.104,0.034
4601.46849,11.078,0.032
4608.46665,11.191,0.042
4755.86379,11.195,0.034
4762.84821,11.126,0.031
4766.86199,11.095,0.032
4770.83351,11.133,0.033
4774.82836,11.137,0.03
4778.81816,11.152,0.031
4782.83558,11.323,0.035
4794.79686,11.298,0.034
4801.77766,11.297,0.031
4804.77185,11.217,0.031
4807.75632,11.157,0.03
4810.75931,11.152,0.044
4816.77764,11.066,0.033
4819.77383,11.043,0.034
4822.71713,11.066,0.033
4825.72428,11.134,0.033
4828.71654,11.083,0.033
4831.70387,11.138,0.03
4834.69142,11.194,0.031
4836.78567,11.206,0.031
4843.70853,11.254,0.04
4846.70041,11.262,0.037
4848.79574,11.22,0.044
4851.68309,11.289,0.044
4853.81677,11.262,0.043
4857.63742,11.241,0.035
4860.66436,11.166,0.034
4862.74929,11.174,0.036
4865.6487,11.161,0.045
4871.62957,11.17,0.036
4876.69463,11.248,0.039
4879.64181,11.236,0.036
4881.68743,11.212,0.036
4884.63298,11.223,0.039
4887.63872,11.1,0.054
4892.67065,11.137,0.048
4904.62094,11.139,0.049
4906.64474,11.235,0.047
4915.54489,11.299,0.056
4917.57095,11.263,0.047
4920.57333,11.327,0.05
4931.50171,11.199,0.054
4936.53315,11.188,0.056
4947.53581,11.159,0.055
4962.49267,11.205,0.054
4965.47194,11.253,0.055
5113.86419,11.154,0.046
5125.83746,11.19,0.045
5145.85277,11.192,0.055
5155.84649,11.235,0.044
5158.81739,11.188,0.046
5162.81358,11.176,0.043
5165.79811,11.153,0.044
5168.80923,11.141,0.053
