1869.77351,11.264,0.035
1873.80038,11.179,0.035
1876.71467,11.803,0.034
1877.77794,11.087,0.034
1880.70928,11.779,0.032
1881.76467,11.088,0.032
1884.74195,11.723,0.031
1885.74306,11.414,0.031
1886.75223,11.24,0.03
1887.74755,11.455,0.033
1888.73512,11.694,0.035
1889.76435,11.751,0.03
1899.71161,11.219,0.032
1900.72089,11.473,0.026
1902.69813,11.662,0.029
1903.72061,11.143,0.029
1905.70685,11.618,0.033
1906.69552,11.746,0.03
1907.70251,11.048,0.03
1908.69478,11.348,0.03
1913.67162,11.55,0.031
1914.68544,11.716,0.029
1915.68496,11.525,0.033
1918.66659,11.617,0.03
1918.67159,11.63,0.03
1919.67823,11.786,0.033
1920.67517,11.093,0.029
1921.67067,11.374,0.029
1922.67075,11.6,0.028
1923.66538,11.779,0.029
1924.66275,11.071,0.056
1925.66353,11.285,0.037
1926.65766,11.552,0.029
1928.66625,11.359,0.029
1929.65458,11.224,0.028
1930.65264,11.492,0.028
1931.6477,11.674,0.031
1932.64476,11.68,0.027
1933.64417,11.09,0.029
1934.64204,11.423,0.029
1936.62341,11.804,0.028
1938.61828,11.358,0.028
1940.63282,11.79,0.029
1945.62472,11.559,0.03
1946.6311,11.146,0.029
1948.58576,11.578,0.03
1949.63424,11.806,0.03
1950.60508,11.062,0.034
1952.60517,11.846,0.034
1953.60495,11.798,0.031
1954.60863,11.097,0.033
1955.60273,11.289,0.034
1958.58383,11.371,0.032
1959.59583,11.198,0.035
1961.5897,11.66,0.036
1963.57052,11.111,0.038
1964.58949,11.384,0.035
1965.57809,11.605,0.035
1967.56069,11.053,0.037
1968.57412,11.304,0.042
1977.54922,11.448,0.043
1979.54563,11.916,0.044
1981.58023,11.333,0.043
1984.52067,11.2,0.045
2026.50889,11.818,0.032
2031.50583,11.317,0.035
2040.48668,11.02,0.056
2058.45136,11.312,0.038
2133.92753,11.867,0.037
2135.93091,11.348,0.046
2136.928,11.626,0.034
2166.90226,11.615,0.032
2168.87439,11.109,0.03
2172.84941,11.429,0.031
2185.83969,11.272,0.032
2189.87475,11.539,0.033
2193.83522,11.836,0.031
2196.82309,11.54,0.032
2200.82424,11.542,0.035
2202.80708,11.49,0.031
2208.81711,11.391,0.044
2212.78231,11.343,0.034
2213.82921,11.587,0.036
2215.79664,11.291,0.034
2217.78013,11.496,0.035
2221.79302,11.413,0.042
2222.85788,11.685,0.046
2225.74417,11.35,0.035
2227.77016,11.778,0.04
2229.75397,11.261,0.037
2232.79655,11.489,0.04
2235.81693,11.656,0.043
2237.73794,11.036,0.042
2240.81254,11.837,0.046
2520.88788,11.181,0.03
2521.91529,11.444,0.032
2545.81206,11.269,0.027
2557.80514,11.785,0.035
2561.82489,11.733,0.029
2577.78216,11.522,0.029
2621.80372,11.743,0.029
2625.72794,11.716,0.028
2628.69091,11.408,0.035
2628.70948,11.383,0.031
2631.83509,11.003,0.032
2637.70079,11.525,0.028
2639.70193,11.712,0.029
2641.70243,11.427,0.027
2643.72333,11.81,0.028
2645.70079,11.367,0.031
2650.66232,11.516,0.027
2652.68012,11.601,0.031
2654.6814,11.457,0.032
2657.71481,11.083,0.029
2657.80285,11.091,0.032
2659.74268,11.613,0.028
2661.73983,11.051,0.029
2665.72792,11.359,0.029
2667.72857,11.505,0.03
2669.71798,11.705,0.029
2673.71287,11.804,0.027
2675.69933,11.336,0.028
2677.68135,11.71,0.029
2679.65276,11.25,0.048
2683.63204,11.201,0.027
2684.77986,11.425,0.031
2685.63349,11.629,0.03
2686.68852,11.806,0.031
2688.67392,11.389,0.03
2690.67273,11.886,0.03
2692.66977,11.289,0.037
2694.67407,11.741,0.037
2696.68912,11.181,0.031
2698.66761,11.685,0.028
2700.66013,11.067,0.028
2702.65219,11.65,0.031
2704.6394,11.02,0.037
2706.61863,11.577,0.029
2710.5924,11.473,0.027
2711.68712,11.678,0.03
2713.65334,11.211,0.036
2715.66299,11.714,0.029
2719.58125,11.599,0.028
2721.60212,11.173,0.032
2723.60247,11.512,0.028
2725.59907,11.496,0.03
2727.5926,11.461,0.032
2729.59037,11.741,0.032
2733.57845,11.811,0.031
2735.57384,11.33,0.029
2737.56554,11.779,0.033
2741.55839,11.713,0.029
2743.57755,11.097,0.03
2745.58512,11.727,0.038
2751.5219,11.27,0.028
2754.52247,11.721,0.027
2756.52412,11.119,0.033
2758.51723,11.623,0.046
2760.53711,11.035,0.026
2764.52037,11.103,0.031
2776.52993,11.811,0.033
2784.47499,11.671,0.027
2786.4752,11.136,0.029
2789.4739,11.775,0.031
2792.46165,11.569,0.031
2795.46115,11.308,0.03
2885.89062,11.411,0.027
2886.90159,11.554,0.028
2893.89843,11.229,0.032
2896.88858,11.674,0.031
2906.87051,11.271,0.028
2910.86941,11.163,0.029
2912.86775,11.601,0.028
2916.82416,11.608,0.027
2922.81123,11.391,0.033
2924.86435,11.488,0.027
2927.82834,11.12,0.03
2930.8431,11.784,0.027
2940.77305,11.169,0.035
2942.81942,11.705,0.036
2944.80882,11.061,0.048
2951.77918,11.852,0.029
2954.83924,11.49,0.037
2957.80636,11.106,0.032
2964.78682,11.846,0.027
2967.77669,11.531,0.027
2970.83832,11.203,0.03
2973.80358,11.854,0.027
2975.74921,11.334,0.028
2976.77344,11.6,0.029
2977.7421,11.746,0.037
2979.76296,11.312,0.027
2981.78201,11.736,0.03
2984.7333,11.437,0.028
2986.79736,11.755,0.03
2989.72646,11.585,0.027
2991.77118,11.075,0.028
2994.70828,11.829,0.028
2996.76016,11.272,0.025
2998.76256,11.755,0.05
3001.74963,11.425,0.027
3005.80318,11.404,0.027
3007.7338,11.851,0.029
3009.76635,11.294,0.029
3011.79603,11.747,0.031
3015.66697,11.742,0.034
3017.69455,11.071,0.027
3019.6954,11.607,0.028
3029.67385,11.696,0.027
3031.72303,11.388,0.03
3033.7221,11.789,0.027
3035.75771,11.363,0.03
3043.64982,11.162,0.031
3045.67846,11.656,0.03
3048.65177,11.402,0.032
3051.61055,11.114,0.028
3053.66111,11.585,0.045
3055.70799,11.325,0.029
3057.74221,11.556,0.037
3060.59222,11.136,0.049
3062.61101,11.617,0.05
3064.64939,11.06,0.039
3067.67302,11.755,0.031
3069.69143,11.274,0.033
3071.71523,11.614,0.035
3074.57005,11.45,0.029
3074.61474,11.456,0.029
3076.64145,11.812,0.028
3078.64746,11.402,0.033
3080.65802,11.868,0.035
3082.68703,11.301,0.029
3086.67575,11.224,0.035
3088.67884,11.675,0.035
3091.52084,11.387,0.03
3093.55455,11.765,0.029
3097.55579,11.715,0.03
3099.56782,11.271,0.03
3101.57793,11.768,0.029
3103.58459,11.107,0.029
3105.57649,11.694,0.049
3107.58015,11.04,0.031
3109.58695,11.79,0.028
3111.58235,11.153,0.027
3113.6017,11.541,0.028
3122.53485,11.604,0.029
3129.5364,11.189,0.031
3131.54219,11.673,0.029
3133.54573,11.112,0.028
3144.48921,11.734,0.037
3156.47476,11.554,0.027
3160.47633,11.455,0.034
3164.46255,11.404,0.028
3168.46525,11.365,0.027
3273.8681,11.717,0.027
3276.86229,11.656,0.044
3277.85418,11.745,0.035
3296.83708,11.276,0.026
3333.79558,11.756,0.034
3333.80878,11.786,0.035
3356.7285,11.249,0.043
3362.71215,11.62,0.036
3365.7752,11.403,0.044
3382.83348,11.326,0.036
3389.63716,11.681,0.032
3391.67964,11.433,0.031
3396.81161,11.63,0.041
3399.60864,11.245,0.03
3404.66771,11.434,0.042
3406.6712,11.801,0.05
3408.69151,11.423,0.04
3410.78052,11.795,0.033
3411.62062,11.05,0.034
3413.57713,11.463,0.038
3413.66592,11.541,0.037
3415.60885,11.405,0.026
3417.6206,11.473,0.034
3417.66979,11.517,0.037
3419.61269,11.696,0.031
3419.6583,11.717,0.033
3421.64253,11.395,0.049
3421.67821,11.377,0.044
3423.63206,11.786,0.052
3423.66602,11.747,0.046
3425.66011,11.325,0.037
3427.69435,11.942,0.048
3427.72383,11.814,0.044
3431.65881,11.727,0.038
3431.67409,11.724,0.036
3433.68027,11.156,0.038
3433.69672,11.225,0.038
3436.66914,11.719,0.029
3439.66009,11.602,0.026
3443.52613,11.474,0.029
3443.5284,11.529,0.036
3445.55803,11.402,0.052
3445.56035,11.515,0.047
3447.57195,11.464,0.039
3447.57428,11.469,0.031
3449.59527,11.7,0.04
3452.52008,11.531,0.035
3454.5812,11.067,0.042
3456.57722,11.53,0.029
3458.56644,11.255,0.032
3460.57118,11.477,0.029
3462.57788,11.673,0.028
3464.61223,11.451,0.033
3466.62706,11.792,0.028
3469.6191,11.564,0.028
3471.62772,11.074,0.028
3474.50089,11.63,0.024
3477.50589,11.461,0.031
3479.54886,11.698,0.03
3481.5614,11.359,0.031
3495.53096,11.615,0.035
3499.50829,11.525,0.033
3501.51287,11.178,0.031
3503.53131,11.517,0.032
3509.46469,11.811,0.024
3512.49117,11.568,0.031
3516.49508,11.594,0.05
3521.45082,11.658,0.042
3526.45187,11.842,0.033
3529.45259,11.557,0.041
3603.92253,11.75,0.035
3618.90945,11.441,0.033
3622.91036,11.322,0.031
3633.90117,11.718,0.035
3640.87635,11.601,0.03
3644.87695,11.547,0.033
3653.84246,11.6,0.038
3660.83118,11.198,0.032
3664.8216,11.082,0.032
3668.8482,11.051,0.029
3671.83887,11.769,0.03
3675.79423,11.638,0.03
3700.7774,11.599,0.037
3703.78331,11.202,0.034
3706.76689,11.655,0.038
3711.79605,11.008,0.032
3714.73846,11.724,0.035
3717.73673,11.464,0.032
3719.79704,11.492,0.036
3722.71986,11.681,0.034
3725.76003,11.408,0.031
3728.70861,11.109,0.035
3732.69194,11.423,0.04
3735.71194,11.656,0.045
3740.72207,11.799,0.035
3743.66768,11.574,0.032
3745.73146,11.228,0.04
3748.64793,11.569,0.039
3750.69576,11.107,0.043
3752.80728,11.67,0.037
3757.68555,11.811,0.036
3759.74536,11.272,0.032
3762.66401,11.454,0.052
3764.77855,11.507,0.041
3767.64565,11.095,0.034
3772.6016,11.307,0.031
3774.69618,11.793,0.045
3776.74926,11.256,0.042
3778.72289,11.74,0.04
3780.75998,11.132,0.04
3787.59289,11.742,0.04
3789.64798,11.295,0.035
3791.69069,11.68,0.037
3793.69568,11.192,0.033
3796.58394,11.765,0.032
3800.63175,11.739,0.034
3803.60709,11.537,0.036
3805.63163,11.384,0.034
3808.64523,11.74,0.037
3810.64959,11.155,0.033
3812.65301,11.618,0.041
3814.64897,11.047,0.037
3816.68308,11.558,0.033
3821.59563,11.738,0.049
3823.63182,11.225,0.044
3825.645,11.896,0.04
3828.51725,11.343,0.036
3830.58127,11.836,0.039
3832.59312,11.271,0.04
3834.59037,12.104,0.042
3847.47741,11.733,0.035
3849.55899,11.202,0.045
3851.56495,11.708,0.03
3853.5751,11.142,0.028
3856.51418,11.819,0.049
3861.53187,11.084,0.029
3863.5355,11.519,0.031
3865.54695,11.456,0.04
3868.50756,11.672,0.039
3870.51007,11.032,0.031
3872.52573,11.595,0.029
3877.45215,11.846,0.03
3881.45385,11.687,0.03
3886.44999,11.807,0.029
3891.47139,11.19,0.03
3894.46313,11.74,0.033
4083.85786,11.712,0.035
4089.71483,11.306,0.039
4106.66583,11.179,0.027
4109.70761,11.528,0.047
4126.73365,11.71,0.027
4128.76704,11.427,0.028
4133.59681,11.543,0.032
4135.63657,11.254,0.036
4137.64377,11.492,0.033
4139.6585,11.553,0.037
4141.6754,11.404,0.04
4143.69432,11.738,0.033
4149.66155,11.276,0.034
4151.67274,11.708,0.029
4153.6731,11.211,0.035
4157.74172,11.148,0.039
4160.54769,11.753,0.029
4162.5657,11.286,0.035
4164.5904,11.692,0.038
4166.64058,11.245,0.04
4172.61,11.546,0.034
4174.62039,11.025,0.029
4176.63021,11.63,0.032
4179.65477,11.31,0.032
4181.66766,11.878,0.041
4183.6806,11.241,0.035
4190.53278,11.782,0.027
4192.5392,11.306,0.028
4194.59468,11.788,0.029
4197.57378,11.483,0.029
4202.56606,11.561,0.038
4205.53838,11.337,0.033
4213.49953,11.131,0.03
4216.5649,11.764,0.029
4228.52802,11.624,0.028
4230.53152,11.097,0.033
4232.54447,11.638,0.03
4235.47075,11.314,0.037
4238.49562,11.355,0.042
4248.46707,11.332,0.047
4253.45524,11.582,0.029
4257.45585,11.413,0.035
4331.91882,11.758,0.03
4339.91956,11.661,0.031
4343.91216,11.601,0.031
4347.90663,11.486,0.032
4355.90545,11.444,0.028
4361.89841,11.827,0.031
4364.87412,11.695,0.029
4368.86686,11.492,0.032
4372.85554,11.381,0.032
4376.86252,11.333,0.032
4380.84496,11.192,0.034
4384.83843,11.127,0.037
4387.87577,11.743,0.034
4399.87628,11.679,0.035
4403.8242,11.573,0.029
4407.84135,11.525,0.031
4410.83699,11.242,0.03
4418.8672,11.041,0.029
4422.77337,11.22,0.028
4426.80422,11.533,0.038
4432.77421,11.38,0.027
4435.7642,11.109,0.028
4441.74594,11.499,0.03
4453.71705,11.193,0.027
4456.70732,11.789,0.051
4459.70777,11.598,0.036
4461.79596,11.063,0.032
4464.68792,11.818,0.03
4467.68464,11.528,0.034
4470.68677,11.164,0.03
4473.73679,11.69,0.031
4476.73755,11.563,0.043
4479.65095,11.266,0.027
4482.68797,11.328,0.031
4485.67802,11.65,0.042
4487.71384,11.16,0.036
4489.76088,11.624,0.033
4492.61951,11.348,0.028
4494.65881,11.807,0.028
4497.78105,11.554,0.029
4502.75335,11.736,0.037
4505.60685,11.339,0.036
4507.66479,11.807,0.036
4509.74338,11.346,0.033
4512.59262,11.419,0.039
4515.73046,11.57,0.045
4518.58068,11.395,0.031
4520.61552,11.773,0.028
4522.62276,11.368,0.034
4524.62225,11.731,0.029
4526.65396,11.183,0.033
4528.70352,11.812,0.039
4531.60075,11.506,0.037
4534.55399,11.002,0.034
4537.57038,11.79,0.035
4539.58354,11.291,0.041
4541.60021,11.649,0.031
4543.61706,11.246,0.033
4547.6577,11.064,0.035
4550.55312,11.828,0.037
4552.64393,11.257,0.027
4555.52647,11.354,0.034
4557.55004,11.457,0.03
4559.59849,11.742,0.031
4562.52454,11.579,0.03
4564.57176,11.019,0.03
4566.57703,11.632,0.033
4568.60496,11.117,0.03
4570.58984,11.49,0.029
4572.6006,11.359,0.033
4575.53778,11.61,0.03
4579.53794,11.579,0.032
4582.55917,11.311,0.029
4585.57816,11.311,0.03
4588.53766,11.718,0.036
4591.49574,11.414,0.03
4593.52677,11.868,0.031
4595.52901,11.314,0.031
4597.5333,11.747,0.032
4600.52475,11.552,0.03
4603.52372,11.157,0.038
4608.45244,11.42,0.041
4611.45826,11.06,0.043
4616.45691,11.164,0.029
4620.4578,11.13,0.041
4623.46493,11.759,0.032
4626.46296,11.581,0.033
4691.92826,11.872,0.032
4697.9243,11.206,0.032
4702.92039,11.397,0.029
4707.91698,11.579,0.029
4722.89098,11.109,0.028
4726.9017,11.421,0.031
4730.89635,11.72,0.028
4734.89711,11.817,0.029
4740.89436,11.228,0.03
4744.87216,11.098,0.027
4749.88096,11.333,0.029
4753.83973,11.256,0.029
4757.84982,11.15,0.028
4761.83627,11.06,0.029
4765.82222,11.07,0.028
4769.81413,11.314,0.027
4772.85711,11.667,0.029
4776.81041,11.594,0.028
4780.79592,11.579,0.027
4784.78816,11.556,0.029
4787.83751,11.187,0.031
4793.79975,11.562,0.032
4797.78793,11.525,0.033
4800.76487,11.169,0.036
4803.78905,11.741,0.029
4806.7555,11.658,0.031
4809.7444,11.339,0.03
4812.79308,11.2,0.035
4815.73155,11.708,0.037
4818.78127,11.424,0.029
4821.71394,11.06,0.027
4824.71177,11.739,0.032
4827.73816,11.609,0.034
4830.69876,11.147,0.033
4835.69,11.514,0.052
4837.78371,11.787,0.039
4840.66326,11.581,0.034
4842.77344,11.211,0.04
4845.75222,11.842,0.046
4847.81447,11.214,0.031
4850.68431,11.738,0.038
4853.68042,11.551,0.032
4856.67376,11.276,0.034
4859.68155,11.515,0.035
4862.6874,11.635,0.033
4867.81389,11.753,0.04
4870.64533,11.574,0.033
4872.69939,11.337,0.04
4875.65279,11.582,0.047
4877.68346,11.152,0.043
4880.68345,11.779,0.04
4882.74049,11.356,0.038
5147.8235,11.168,0.038
5154.84554,11.86,0.049
5158.78908,11.737,0.05
5162.80922,11.673,0.041
5165.79032,11.407,0.042
5168.7839,11.007,0.047
