2032.47689,12.045,0.042
2552.8776,11.168,0.034
2557.85669,11.202,0.047
2559.87294,11.259,0.039
2562.84779,11.277,0.036
2577.80395,11.609,0.039
2621.79154,12.053,0.031
2623.74603,12.117,0.028
2625.74543,12.121,0.035
2635.70854,12.048,0.031
2637.71831,12.026,0.038
2639.71259,12.052,0.029
2641.71082,11.977,0.031
2643.72264,11.997,0.034
2645.70466,11.999,0.03
2650.67756,12.002,0.032
2652.68851,11.97,0.031
2654.69199,11.98,0.031
2658.69169,12.033,0.031
2660.68931,12.065,0.039
2662.68628,12.012,0.03
2664.67759,11.995,0.031
2666.67505,12.033,0.031
2668.68075,12.036,0.03
2670.67393,12.066,0.031
2672.67458,12.051,0.031
2674.66232,12.113,0.031
2676.64854,12.082,0.03
2678.6339,12.099,0.032
2679.75507,12.142,0.033
2681.6881,12.127,0.032
2689.63019,12.183,0.048
2691.62421,12.198,0.032
2693.63654,12.209,0.033
2695.64823,12.179,0.057
2697.63049,12.205,0.033
2699.62079,12.25,0.037
2701.61871,12.204,0.031
2703.61439,12.233,0.038
2705.60645,12.181,0.032
2707.60452,12.157,0.039
2713.53421,12.114,0.04
2715.53183,12.138,0.04
2718.52691,12.108,0.04
2719.6513,12.109,0.032
2720.64399,12.099,0.035
2722.60247,12.056,0.034
2724.60034,12.121,0.032
2726.5986,12.039,0.033
2728.58971,12.035,0.031
2730.58556,11.999,0.032
2734.55187,11.944,0.041
2736.53655,11.912,0.032
2740.5074,11.836,0.044
2744.52344,11.838,0.036
2746.55602,11.749,0.034
2751.50035,11.704,0.043
2754.50317,11.686,0.043
2756.50477,11.643,0.041
2758.49784,11.596,0.043
2760.52001,11.594,0.039
2762.51874,11.555,0.055
2784.45973,11.261,0.04
2786.4622,11.299,0.034
2790.45446,11.254,0.037
2900.89557,12.486,0.043
2911.89006,12.323,0.031
2916.88065,12.23,0.031
2922.85789,12.116,0.032
2926.85926,12.045,0.033
2932.84977,12,0.034
2935.8561,12.03,0.042
2940.8298,11.983,0.031
2943.83267,11.917,0.03
2949.82861,11.924,0.037
2952.82923,11.987,0.036
2954.82964,11.93,0.048
2955.83119,11.927,0.035
2960.79482,11.996,0.036
2963.80617,12.007,0.033
2970.78586,11.991,0.035
2973.80979,11.885,0.031
2975.77319,11.941,0.032
2976.78967,11.894,0.036
2977.75331,11.881,0.037
2979.77684,11.91,0.033
2981.78595,11.865,0.042
2986.78821,11.897,0.038
2989.73584,11.925,0.035
2991.77522,11.899,0.035
2996.76916,11.849,0.031
3001.75378,11.802,0.029
3006.69578,11.775,0.033
3008.72084,11.73,0.033
3013.7146,11.798,0.037
3016.70753,11.695,0.034
3018.70296,11.698,0.033
3028.76439,11.64,0.032
3031.62628,11.629,0.031
3035.65323,11.597,0.033
3043.74443,11.673,0.038
3046.60321,11.64,0.032
3049.61666,11.701,0.035
3051.72281,11.728,0.053
3054.59262,11.763,0.035
3056.60928,11.745,0.033
3058.67316,11.689,0.036
3060.69886,11.815,0.034
3068.56354,11.909,0.037
3069.50723,11.95,0.041
3070.59626,11.827,0.035
3072.62723,11.986,0.035
3074.66053,11.997,0.034
3077.54455,12.048,0.032
3079.57945,12.042,0.037
3081.60294,12.265,0.046
3085.61763,12.05,0.036
3087.618,12.26,0.047
3089.63966,12.197,0.037
3096.54966,12.28,0.035
3098.58729,12.4,0.035
3100.59218,12.568,0.046
3102.59891,12.364,0.037
3107.535,12.37,0.032
3109.54771,12.434,0.033
3111.54755,12.343,0.034
3113.56714,12.52,0.036
3115.56721,12.465,0.034
3123.48344,12.521,0.033
3125.52731,12.508,0.036
3128.50543,12.379,0.038
3131.49181,12.501,0.036
3133.51042,12.596,0.035
3144.47478,12.515,0.034
3155.4533,12.135,0.05
3272.88996,11.981,0.036
3276.88372,11.878,0.047
3280.8812,11.882,0.043
3291.87288,12.021,0.047
3298.86665,12.013,0.04
3333.81256,12.064,0.037
3356.7169,12.171,0.03
3362.70449,12.225,0.033
3362.72874,12.22,0.031
3383.66737,12.554,0.036
3385.74513,12.597,0.037
3387.73273,12.589,0.032
3387.77409,12.674,0.032
3389.7867,12.634,0.057
3396.70651,12.808,0.038
3398.76403,12.671,0.046
3403.7048,12.931,0.039
3405.70861,12.726,0.036
3407.77582,12.91,0.038
3409.75235,12.833,0.039
3412.60525,12.587,0.035
3414.62007,12.792,0.041
3416.62032,12.582,0.05
3418.63311,12.469,0.04
3425.62681,12.239,0.048
3431.62057,12.04,0.054
3433.61618,12.137,0.058
3436.61815,12.042,0.034
3439.60548,11.993,0.036
3442.5942,11.919,0.04
3444.61018,12.052,0.039
3453.61116,11.702,0.047
3455.54021,11.741,0.049
3457.55049,11.589,0.047
3459.56621,11.599,0.037
3461.59866,11.616,0.044
3464.51757,11.542,0.045
3466.5452,11.457,0.035
3468.55474,11.449,0.04
3469.55264,11.421,0.04
3471.5579,11.38,0.037
3478.47402,11.476,0.053
3480.53402,11.443,0.038
3490.5215,11.551,0.044
3492.52912,11.498,0.05
3499.4647,11.552,0.046
3512.46054,11.762,0.045
3650.80994,12.246,0.036
3650.8382,12.218,0.036
3650.86721,12.259,0.038
3653.8802,12.139,0.036
3657.87037,12.382,0.03
3661.8766,12.273,0.036
3671.84218,12.245,0.034
3674.83473,12.22,0.035
3675.83331,12.234,0.029
3680.83981,12.123,0.03
3699.79634,11.455,0.037
3700.77593,11.441,0.034
3702.79303,11.39,0.039
3703.76589,11.363,0.03
3705.79121,11.259,0.035
3712.75977,11.147,0.03
3714.81103,11.141,0.046
3715.73795,11.2,0.034
3717.75733,11.161,0.037
3718.72786,11.146,0.032
3724.70627,11.223,0.03
3726.71803,11.194,0.038
3726.80535,11.206,0.034
3728.77599,11.308,0.045
3730.70932,11.196,0.05
3732.71438,11.248,0.043
3733.77813,11.275,0.031
3735.71554,11.292,0.044
3736.77781,11.312,0.036
3739.6676,11.375,0.031
3740.76388,11.394,0.04
3741.76123,11.35,0.034
3743.68791,11.407,0.037
3744.68213,11.379,0.038
3745.78199,11.443,0.035
3750.82898,11.525,0.051
3751.73764,11.553,0.037
3753.72078,11.577,0.035
3754.64639,11.531,0.031
3755.77664,11.689,0.041
3756.71954,11.647,0.032
3758.63925,11.678,0.041
3759.63783,11.711,0.032
3760.71508,11.743,0.041
3763.64063,11.865,0.044
3764.70395,11.911,0.038
3765.73368,11.86,0.046
3767.61513,11.947,0.038
3768.62946,12.082,0.051
3769.69465,11.991,0.057
3771.74377,12.167,0.044
3773.60714,12.018,0.054
3778.61929,12.279,0.045
3780.67263,12.332,0.051
3780.70904,12.074,0.037
3783.71359,12.215,0.044
3788.59903,12.334,0.056
3788.68874,12.351,0.041
3790.65638,12.226,0.055
3793.60864,12.309,0.05
3793.67264,12.376,0.042
3795.65452,12.371,0.04
3796.60505,12.35,0.034
3797.66096,12.32,0.04
3798.6743,12.361,0.047
3800.56903,12.234,0.052
3800.65931,12.148,0.051
3805.54473,12.249,0.047
3808.57424,12.152,0.036
3810.55946,12.175,0.048
3812.56994,12.079,0.04
3814.57615,12.307,0.045
3816.6205,12.205,0.039
3818.62311,11.967,0.044
3823.58739,11.798,0.042
3824.58622,11.835,0.044
3825.61101,11.79,0.043
3826.58458,11.729,0.039
3828.50169,11.762,0.054
3833.4834,11.649,0.046
3835.51473,11.811,0.047
3837.52983,11.56,0.042
3849.50062,11.668,0.041
3851.52288,11.688,0.042
3853.53326,11.683,0.034
3860.46778,11.658,0.048
3862.48275,11.623,0.044
3865.47479,11.683,0.044
3868.47836,11.611,0.037
3870.49627,11.653,0.042
3876.46231,11.599,0.044
3880.45884,11.582,0.053
3883.45577,11.565,0.037
4091.71873,11.598,0.04
4106.75921,11.242,0.033
4109.80189,11.298,0.033
4109.81549,11.198,0.036
4125.77478,11.224,0.045
4127.71447,11.293,0.038
4128.60623,11.266,0.03
4133.64823,11.381,0.053
4133.68861,11.414,0.054
4135.67087,11.354,0.053
4135.70237,11.429,0.049
4137.67334,11.371,0.042
4137.70326,11.356,0.044
4139.68512,11.397,0.047
4139.73233,11.412,0.037
4141.70075,11.407,0.035
4142.58312,11.504,0.028
4144.66274,11.513,0.032
4146.60208,11.679,0.036
4146.69521,11.554,0.036
4150.63645,11.615,0.039
4152.55911,11.568,0.035
4152.64579,11.596,0.031
4154.59391,11.583,0.035
4154.68086,11.632,0.033
4156.63326,11.707,0.042
4160.57635,11.691,0.039
4160.61464,11.73,0.056
4162.58044,11.799,0.041
4162.61476,11.721,0.049
4164.60057,11.802,0.049
4164.62927,11.707,0.04
4172.63232,11.88,0.038
4175.56549,11.868,0.034
4179.5583,11.913,0.041
4180.57199,11.911,0.041
4181.59939,11.881,0.043
4182.60087,12.116,0.043
4188.60631,11.946,0.039
4189.56796,11.939,0.038
4190.60632,11.866,0.048
4191.57435,12.006,0.041
4192.60905,11.922,0.043
4193.57792,11.87,0.043
4197.5456,11.824,0.036
4200.5504,11.846,0.041
4201.54677,11.822,0.036
4204.50905,11.749,0.04
4204.54538,11.777,0.041
4216.53151,11.544,0.04
4228.48256,11.622,0.04
4229.4694,11.61,0.041
4230.49561,11.641,0.042
4231.47525,11.589,0.039
4233.48248,11.676,0.039
4235.4863,11.633,0.041
4247.45383,11.677,0.039
4380.88609,11.404,0.035
4384.87883,11.444,0.04
4402.85306,11.613,0.033
4407.84831,11.742,0.035
4408.81981,11.776,0.036
4410.82578,11.816,0.037
4412.85473,11.79,0.036
4420.85833,11.881,0.045
4421.79815,11.992,0.039
4423.81891,11.969,0.04
4425.79512,11.989,0.035
4428.77673,12.009,0.04
4437.75873,12.011,0.031
4440.74695,11.96,0.034
4443.76771,12.017,0.035
4455.72967,11.865,0.036
4457.72401,11.939,0.033
4461.75191,11.974,0.032
4464.69754,11.923,0.04
4464.70991,12.087,0.032
4467.69654,11.909,0.051
4467.6992,12.069,0.038
4470.69695,11.968,0.039
4470.6996,12.038,0.041
4473.74559,11.946,0.044
4473.74917,11.998,0.043
4476.75234,12.197,0.047
4476.75578,12.018,0.051
4479.65708,12.003,0.04
4479.65977,12.014,0.035
4482.67716,11.934,0.04
4482.69239,12.074,0.035
4488.68237,12.031,0.051
4490.69402,11.94,0.039
4490.69955,11.866,0.035
4492.71492,11.809,0.04
4492.71747,11.896,0.038
4494.73421,11.788,0.042
4494.73674,11.831,0.04
4498.69051,11.858,0.049
4498.69304,11.772,0.057
4501.63421,11.879,0.04
4503.6269,11.832,0.037
4503.71138,11.795,0.042
4505.74092,11.707,0.043
4506.6241,11.795,0.043
4508.62352,11.88,0.044
4508.71003,11.824,0.044
4510.64005,11.739,0.045
4510.66599,11.776,0.05
4515.66584,11.736,0.048
4516.59966,11.807,0.038
4517.72679,11.675,0.047
4518.64994,11.763,0.034
4520.58349,11.744,0.043
4520.67856,11.756,0.038
4522.59659,11.603,0.041
4522.67164,11.708,0.038
4525.57236,11.692,0.037
4526.63772,11.64,0.045
4527.6075,11.609,0.04
4528.68357,11.839,0.05
4529.65343,11.868,0.038
4531.59068,11.705,0.045
4532.59677,11.83,0.04
4537.53938,11.824,0.04
4538.59768,11.809,0.034
4543.52627,11.967,0.045
4547.57659,11.829,0.04
4547.57989,11.868,0.047
4552.56789,11.879,0.04
4554.59041,11.887,0.037
4554.59318,11.918,0.039
4556.60621,11.864,0.048
4557.52401,11.954,0.039
4558.60778,11.856,0.042
4560.51333,11.916,0.041
4561.5723,11.914,0.041
4562.55933,11.868,0.044
4563.59263,11.909,0.04
4566.53073,11.946,0.046
4570.49124,12.024,0.039
4572.53893,12.044,0.037
4574.56568,11.944,0.046
4577.55765,11.853,0.048
4582.52946,11.947,0.037
4586.47762,12.003,0.035
4586.48922,12.002,0.04
4589.48866,11.87,0.038
4589.49982,11.923,0.041
4592.47872,11.993,0.04
4592.48729,12.061,0.036
4597.45862,11.986,0.04
4601.46849,12.027,0.038
4602.46647,12.093,0.037
4608.46665,12.229,0.047
4753.86284,12.045,0.033
4757.86169,12.083,0.04
4762.85807,11.968,0.032
4766.86846,11.932,0.032
4770.83916,11.973,0.034
4774.83915,11.907,0.032
4778.83051,11.855,0.031
4782.84188,11.8,0.034
4792.80987,11.851,0.03
4795.80333,11.726,0.032
4798.80514,11.854,0.032
4801.78768,11.836,0.03
4804.77975,11.868,0.032
4807.77727,11.85,0.03
4810.75931,11.899,0.043
4810.76533,11.789,0.039
4816.78024,11.926,0.037
4819.76415,11.928,0.03
4822.73885,11.948,0.029
4825.72766,11.857,0.033
4828.71993,11.978,0.034
4831.70723,12.026,0.034
4834.69142,11.972,0.033
4836.80277,11.973,0.034
4839.69034,11.96,0.035
4843.70853,11.965,0.045
4843.71109,11.988,0.035
4846.68972,11.965,0.04
4846.70041,11.883,0.042
4848.79339,11.873,0.042
4848.79574,11.966,0.047
4851.67996,11.857,0.038
4851.68309,11.871,0.047
4853.81677,11.819,0.051
4857.63742,11.818,0.041
4857.67115,11.913,0.037
4860.66436,11.832,0.035
4861.63782,11.861,0.038
4862.74929,11.84,0.041
4863.69541,11.742,0.03
4865.6487,11.837,0.048
4866.67735,11.657,0.043
4871.62957,11.824,0.036
4871.63212,11.774,0.038
4876.69463,11.794,0.045
4877.60686,11.708,0.034
4879.64181,11.803,0.041
4880.61276,11.827,0.04
4882.68329,11.828,0.048
4884.63298,11.779,0.044
4886.55999,11.89,0.037
4887.63872,11.826,0.056
4888.67633,11.842,0.05
4892.67065,11.867,0.051
4893.65218,11.904,0.04
4901.64467,11.928,0.046
4904.62094,11.926,0.052
4906.64474,11.92,0.049
4907.61904,11.893,0.041
4915.54489,11.909,0.059
4917.57095,11.824,0.05
4920.57333,11.862,0.055
4931.50171,11.706,0.053
4936.53315,11.87,0.056
4947.53581,11.968,0.054
4962.49267,11.905,0.053
4965.47194,11.972,0.056
5125.87065,11.902,0.041
5131.85372,11.926,0.039
5146.85116,11.994,0.039
5155.8344,11.92,0.038
5159.7806,11.981,0.039
5166.77892,11.921,0.047
5168.80923,11.782,0.051
