2032.47689,9.785,0.039
2552.8776,9.842,0.034
2557.85669,9.801,0.036
2559.87294,9.79,0.035
2562.84779,9.775,0.041
2577.80395,9.828,0.036
2621.79154,9.729,0.039
2623.74603,9.765,0.038
2625.74543,9.772,0.036
2635.70854,9.826,0.035
2637.71831,9.82,0.036
2639.71259,9.824,0.035
2641.71082,9.801,0.036
2643.72264,9.79,0.042
2645.70466,9.788,0.038
2650.67756,9.816,0.036
2652.68851,9.831,0.036
2654.69199,9.834,0.039
2658.69169,9.823,0.041
2660.68931,9.78,0.035
2662.68628,9.798,0.039
2664.67759,9.777,0.037
2666.67505,9.789,0.04
2668.68075,9.804,0.037
2670.67393,9.802,0.038
2672.67458,9.797,0.039
2674.66232,9.767,0.036
2676.64854,9.751,0.037
2678.6339,9.768,0.039
2679.75507,9.795,0.034
2681.6881,9.801,0.04
2689.63019,9.859,0.06
2691.62421,9.857,0.039
2693.63654,9.869,0.038
2695.64823,9.872,0.063
2697.63049,9.853,0.036
2699.62079,9.834,0.039
2701.61871,9.814,0.036
2703.61439,9.775,0.038
2705.60645,9.757,0.041
2707.60452,9.736,0.037
2713.53421,9.746,0.051
2715.53183,9.753,0.043
2718.52691,9.799,0.039
2719.6513,9.836,0.033
2720.64399,9.817,0.042
2722.60247,9.825,0.054
2724.60034,9.823,0.041
2726.5986,9.789,0.05
2728.58971,9.783,0.039
2730.58556,9.791,0.043
2734.55187,9.713,0.039
2736.53655,9.731,0.039
2740.5074,9.697,0.039
2744.52344,9.744,0.042
2746.55602,9.744,0.047
2751.50035,9.77,0.04
2754.50317,9.809,0.042
2756.50477,9.823,0.052
2758.49784,9.85,0.049
2760.52001,9.816,0.037
2762.51874,9.786,0.055
2784.45973,9.714,0.042
2786.4622,9.72,0.038
2790.45446,9.758,0.044
2900.89557,9.706,0.05
2911.89006,9.787,0.037
2916.88065,9.804,0.037
2922.85789,9.847,0.041
2926.85926,9.809,0.037
2932.84977,9.76,0.034
2935.8561,9.749,0.047
2940.8298,9.741,0.037
2943.83267,9.765,0.039
2949.82861,9.77,0.038
2952.82923,9.795,0.04
2954.82964,9.751,0.057
2955.83119,9.782,0.036
2960.79482,9.79,0.041
2963.80617,9.757,0.037
2970.78586,9.795,0.037
2973.80979,9.762,0.032
2975.77319,9.747,0.038
2976.78967,9.712,0.032
2977.75331,9.738,0.054
2979.77684,9.713,0.033
2981.78595,9.726,0.049
2986.78821,9.718,0.039
2989.73584,9.765,0.037
2991.77522,9.791,0.038
2996.76916,9.827,0.036
3001.75378,9.799,0.031
3006.69578,9.758,0.034
3008.72084,9.739,0.039
3013.7146,9.693,0.047
3016.70753,9.68,0.039
3018.70296,9.668,0.04
3028.76439,9.75,0.04
3031.62628,9.818,0.034
3035.65323,9.81,0.04
3043.74443,9.74,0.053
3046.60321,9.744,0.036
3049.61666,9.863,0.038
3051.72281,9.717,0.064
3054.59262,9.736,0.035
3056.60928,9.728,0.042
3058.67316,9.721,0.038
3060.69886,9.729,0.039
3068.56354,9.773,0.04
3069.50723,9.768,0.042
3070.59626,9.782,0.043
3072.62723,9.789,0.046
3074.66053,9.803,0.042
3077.54455,9.776,0.034
3079.57945,9.805,0.041
3081.60294,9.796,0.061
3085.61763,9.826,0.046
3087.618,9.808,0.066
3089.63966,9.819,0.047
3096.54966,9.756,0.042
3098.58729,9.738,0.048
3100.59218,9.743,0.041
3102.59891,9.745,0.04
3107.535,9.753,0.04
3109.54771,9.783,0.039
3111.54755,9.787,0.04
3113.56714,9.832,0.04
3115.56721,9.845,0.035
3123.48344,9.795,0.04
3125.52731,9.745,0.038
3128.50543,9.735,0.048
3131.49181,9.74,0.042
3133.51042,9.742,0.038
3144.47478,9.834,0.034
3155.4533,9.795,0.058
3272.88996,9.897,0.048
3276.88372,9.831,0.054
3280.8812,9.815,0.049
3291.87288,9.756,0.04
3298.86665,9.739,0.039
3333.81256,9.819,0.04
3357.72881,9.837,0.038
3362.70449,9.845,0.043
3362.72874,9.854,0.04
3385.74513,9.777,0.045
3387.73273,9.757,0.035
3387.77409,9.718,0.037
3389.7867,9.795,0.063
3396.66803,9.788,0.054
3398.68236,9.794,0.056
3403.7048,9.834,0.047
3405.70861,9.801,0.046
3407.77582,9.77,0.051
3409.75235,9.731,0.051
3412.60525,9.759,0.046
3414.62007,9.756,0.047
3416.62032,9.738,0.049
3418.63311,9.806,0.053
3425.62681,9.77,0.056
3431.62057,9.795,0.054
3433.61618,9.699,0.067
3436.61815,9.751,0.041
3439.60548,9.781,0.043
3442.5942,9.797,0.049
3444.61018,9.818,0.044
3453.61116,9.822,0.058
3455.54021,9.78,0.059
3457.55049,9.765,0.056
3459.56621,9.826,0.038
3461.59866,9.764,0.057
3464.51757,9.743,0.059
3466.5452,9.727,0.039
3469.55264,9.711,0.038
3471.5579,9.739,0.043
3478.47402,9.883,0.053
3480.53402,9.913,0.051
3490.5215,9.785,0.057
3492.52912,9.791,0.057
3499.4647,9.781,0.045
3512.46054,9.718,0.052
3650.80994,9.867,0.043
3650.8382,9.867,0.04
3650.86721,9.899,0.052
3652.87015,9.866,0.049
3660.84931,9.725,0.051
3664.85006,9.704,0.051
3670.85099,9.754,0.044
3674.83473,9.842,0.045
3699.79634,9.88,0.051
3702.79303,9.825,0.045
3705.79121,9.794,0.049
3708.76738,9.831,0.051
3712.78868,9.667,0.051
3714.81103,9.648,0.055
3717.75733,9.658,0.052
3726.71803,9.889,0.052
3728.77599,9.942,0.061
3732.71438,9.899,0.054
3735.71554,9.865,0.062
3740.76388,9.718,0.049
3743.68791,9.687,0.048
3745.78199,9.693,0.046
3750.82898,9.694,0.067
3753.72078,9.756,0.05
3755.77664,9.778,0.051
3758.63925,9.843,0.05
3760.71508,9.825,0.051
3763.64063,9.804,0.059
3765.73368,9.876,0.055
3768.62946,9.815,0.059
3773.60714,9.856,0.071
3778.61929,9.81,0.062
3780.67263,9.842,0.06
3783.71359,9.793,0.064
3788.59903,9.767,0.064
3790.65638,9.748,0.067
3793.60864,9.674,0.06
3795.65452,9.625,0.049
3797.66096,9.626,0.052
3800.56903,9.705,0.064
3805.54473,9.779,0.058
3808.57424,9.848,0.055
3810.55946,9.918,0.056
3812.56994,9.948,0.052
3814.57615,9.877,0.056
3816.6205,9.871,0.052
3818.62311,9.871,0.05
3823.58739,9.705,0.061
3825.61101,9.692,0.06
3828.50169,9.722,0.062
3833.4834,9.703,0.059
3835.51473,9.681,0.064
3837.52983,9.751,0.057
3849.50062,9.873,0.053
3851.52288,9.894,0.051
3853.53326,9.864,0.042
3860.46778,9.822,0.059
3862.48275,9.8,0.051
3865.47479,9.735,0.055
3868.47836,9.731,0.054
3870.49627,9.735,0.054
3876.46231,9.758,0.049
3880.45884,9.766,0.061
3883.45577,9.785,0.052
4091.71873,9.867,0.04
4105.74868,9.762,0.044
4107.71964,9.745,0.037
4111.7656,9.739,0.049
4125.75363,9.848,0.047
4127.71447,9.838,0.037
4133.64823,9.828,0.056
4135.67087,9.779,0.054
4137.67334,9.768,0.041
4139.68512,9.718,0.046
4141.70075,9.763,0.038
4143.71428,9.768,0.045
4146.60208,9.763,0.038
4149.70775,9.774,0.055
4152.55911,9.734,0.037
4154.59391,9.733,0.037
4156.63326,9.735,0.042
4160.57635,9.794,0.041
4162.58044,9.773,0.046
4164.60057,9.755,0.05
4172.62,9.862,0.049
4174.62959,9.818,0.04
4180.57199,9.837,0.042
4182.60087,9.808,0.042
4188.60631,9.704,0.039
4190.60632,9.655,0.045
4192.60905,9.68,0.043
4196.54834,9.654,0.064
4198.55058,9.672,0.064
4201.54677,9.771,0.038
4204.54538,9.797,0.039
4216.53151,9.816,0.039
4228.48256,9.717,0.039
4230.49561,9.743,0.04
4233.48248,9.821,0.037
4235.4863,9.82,0.039
4247.45383,9.768,0.039
4365.89361,9.766,0.036
4373.8871,9.827,0.042
4379.87535,9.845,0.041
4383.86496,9.821,0.038
4387.85547,9.798,0.041
4391.84479,9.814,0.063
4408.81981,9.849,0.042
4412.85473,9.741,0.038
4420.85833,9.737,0.055
4423.81891,9.742,0.049
4427.79788,9.78,0.045
4430.79528,9.749,0.045
4433.82666,9.742,0.042
4436.77882,9.789,0.039
4439.7665,9.711,0.041
4452.73661,9.776,0.054
4455.72967,9.825,0.039
4461.74924,9.879,0.041
4464.69754,9.838,0.041
4467.69654,9.819,0.053
4470.69695,9.75,0.039
4473.74559,9.669,0.047
4476.75234,9.594,0.059
4479.65708,9.647,0.04
4482.67716,9.695,0.042
4490.69402,9.855,0.041
4492.71492,9.907,0.039
4494.73421,9.842,0.04
4498.69051,9.818,0.047
4503.6269,9.79,0.041
4508.62352,9.779,0.048
4510.64005,9.803,0.048
4515.66584,9.839,0.05
4517.72679,9.829,0.049
4520.58349,9.846,0.041
4522.59659,9.83,0.047
4526.63772,9.821,0.05
4528.68357,9.771,0.055
4531.59068,9.721,0.044
4537.53938,9.792,0.04
4543.52627,9.848,0.052
4547.57989,9.866,0.05
4554.59318,9.789,0.044
4556.60621,9.759,0.051
4558.60778,9.759,0.039
4563.59263,9.765,0.043
4566.53073,9.825,0.049
4570.49124,9.922,0.04
4572.54235,9.958,0.044
4574.56568,10.011,0.049
4577.55765,9.921,0.054
4582.52946,9.783,0.041
4586.48922,9.641,0.041
4589.49982,9.62,0.045
4592.48729,9.655,0.042
4597.45862,9.765,0.044
4601.46849,9.86,0.039
4608.46665,9.838,0.05
4755.86379,9.635,0.043
4762.84821,9.758,0.037
4766.86199,9.836,0.042
4770.83351,9.851,0.043
4774.82836,9.868,0.038
4778.81816,9.778,0.038
4782.83558,9.746,0.046
4794.79686,9.79,0.043
4801.77766,9.801,0.037
4804.77185,9.8,0.037
4810.75931,9.732,0.058
4816.77764,9.727,0.04
4819.77383,9.781,0.039
4822.71713,9.832,0.039
4825.72428,9.853,0.04
4828.71654,9.822,0.041
4831.70387,9.837,0.037
4834.69142,9.787,0.036
4836.78567,9.746,0.038
4843.70853,9.727,0.048
4846.70041,9.785,0.044
4848.79574,9.855,0.053
4851.68309,9.895,0.055
4853.81677,9.894,0.05
4857.63742,9.902,0.041
4860.66436,9.876,0.041
4862.74929,9.814,0.041
4865.6487,9.782,0.056
4871.62957,9.717,0.048
4876.69463,9.725,0.049
4879.64181,9.723,0.043
4881.68743,9.791,0.042
4884.63298,9.779,0.047
4887.63872,9.828,0.067
4892.67065,9.803,0.06
4904.62094,9.789,0.062
4906.64474,9.819,0.061
4915.54489,9.74,0.066
4917.57095,9.704,0.06
4920.57333,9.65,0.061
4931.50171,9.778,0.071
4936.53315,9.832,0.071
4947.53581,9.752,0.074
4962.49267,9.744,0.072
4965.47194,9.7,0.069
5113.86419,9.815,0.061
5125.83746,9.713,0.056
5145.85277,9.766,0.075
5155.84649,9.703,0.054
5158.81739,9.699,0.058
5162.81358,9.808,0.055
5165.79811,9.835,0.059
5168.80923,9.841,0.072
