1868.77718,11.535,0.041
1869.76975,11.531,0.042
1870.83446,11.525,0.04
1872.71392,11.516,0.043
1873.79192,11.491,0.04
1874.82263,11.48,0.046
1875.78923,11.473,0.042
1876.81927,11.482,0.04
1877.7808,11.462,0.038
1878.81347,11.474,0.034
1879.78161,11.449,0.037
1881.76071,11.473,0.038
1884.73343,11.422,0.038
1885.73905,11.435,0.037
1886.7482,11.429,0.036
1887.74105,11.449,0.038
1888.73106,11.46,0.039
1889.75038,11.446,0.037
1899.70467,11.416,0.035
1900.71393,11.415,0.035
1902.69388,11.415,0.036
1903.72088,11.384,0.038
1904.69118,11.408,0.038
1905.70015,11.385,0.037
1906.69125,11.367,0.037
1907.69826,11.385,0.036
1908.69053,11.413,0.036
1913.66733,11.378,0.035
1914.68567,11.407,0.036
1915.68746,11.406,0.038
1918.66231,11.435,0.037
1919.67847,11.468,0.04
1920.67768,11.493,0.036
1922.671,11.504,0.035
1923.66792,11.514,0.037
1924.65853,11.524,0.04
1925.66828,11.497,0.041
1926.6602,11.58,0.035
1928.66201,11.613,0.035
1929.65935,11.586,0.036
1930.65748,11.617,0.035
1931.65028,11.62,0.038
1932.64733,11.692,0.035
1933.64901,11.646,0.037
1934.64693,11.704,0.035
1936.62759,11.712,0.035
1937.69352,11.713,0.036
1940.64678,11.76,0.036
1945.62904,11.737,0.036
1946.62554,11.789,0.037
1948.58121,11.782,0.037
1952.60094,11.704,0.04
1953.60789,11.796,0.036
1954.60899,11.713,0.033
1955.60311,11.697,0.033
1958.58689,11.654,0.037
1959.5989,11.678,0.037
1961.58385,11.651,0.037
1963.57374,11.656,0.036
1964.58598,11.712,0.036
1965.57462,11.675,0.036
1966.58777,11.651,0.037
1967.57541,11.607,0.039
1968.57071,11.666,0.039
1977.5461,11.634,0.044
1979.53809,11.676,0.043
1984.5245,11.677,0.041
1994.49298,11.67,0.044
2026.49843,11.643,0.039
2031.48849,11.7,0.041
2033.51383,11.747,0.043
2057.45123,11.752,0.04
2069.47479,11.876,0.041
2131.92854,11.603,0.045
2133.92696,11.618,0.041
2135.92574,11.61,0.047
2144.92261,11.594,0.035
2156.90311,11.477,0.038
2171.86342,11.499,0.038
2183.8448,11.509,0.038
2184.87804,11.562,0.04
2186.82725,11.587,0.035
2188.84808,11.636,0.037
2190.80457,11.682,0.038
2191.88504,11.669,0.035
2193.81466,11.746,0.038
2195.80083,11.771,0.045
2197.80822,11.817,0.046
2199.80859,11.832,0.045
2201.81149,11.779,0.037
2206.79856,11.794,0.035
2208.85052,11.958,0.045
2212.76084,11.85,0.035
2212.77828,11.927,0.035
2213.78781,11.811,0.037
2215.76598,11.857,0.037
2216.85043,11.809,0.039
2221.76806,11.759,0.04
2222.81673,11.793,0.04
2225.71738,11.749,0.039
2227.73139,11.78,0.036
2228.8488,11.787,0.041
2230.72907,11.673,0.037
2232.78797,11.71,0.037
2234.71364,11.673,0.04
2235.77125,11.69,0.043
2237.71084,11.603,0.04
2239.76722,11.656,0.042
2240.80381,11.676,0.039
2241.78881,11.601,0.038
2242.78165,11.598,0.041
2247.75326,11.61,0.043
2248.77018,11.62,0.042
2249.76167,11.567,0.042
2250.74835,11.641,0.042
2251.73981,11.578,0.044
2252.73659,11.541,0.042
2253.73391,11.583,0.046
2257.73805,11.563,0.044
2258.76627,11.435,0.046
2444.45494,11.301,0.038
2496.92714,11.557,0.045
2498.92742,11.61,0.045
2502.9228,11.627,0.039
2526.88794,11.644,0.045
2539.839,11.652,0.045
2545.81642,11.638,0.043
2553.83413,11.544,0.047
2558.8274,11.49,0.037
2560.81513,11.416,0.035
2562.81718,11.478,0.038
2566.81303,11.399,0.044
2574.7744,11.371,0.046
2577.76315,11.388,0.035
2621.79044,11.486,0.039
2623.73352,11.472,0.036
2625.72146,11.387,0.04
2628.70528,11.42,0.031
2635.68454,11.465,0.035
2639.69766,11.448,0.033
2641.70951,11.472,0.035
2643.72836,11.523,0.035
2645.70562,11.577,0.033
2650.65805,11.734,0.034
2652.68266,11.823,0.034
2657.71737,11.915,0.036
2657.76141,11.944,0.031
2659.74526,12.05,0.037
2661.74245,12.005,0.035
2663.7389,12.012,0.036
2665.73058,12.066,0.033
2667.73125,12.057,0.037
2669.72071,12.098,0.036
2671.71982,12.121,0.035
2673.71565,12.075,0.035
2675.70213,12.1,0.033
2677.68419,12.052,0.035
2679.65564,12.119,0.045
2680.8113,12.065,0.038
2683.77265,12.044,0.037
2689.64858,12.116,0.038
2690.77199,12.164,0.039
2693.53515,12.159,0.039
2694.78343,12.086,0.037
2695.66676,12.123,0.031
2696.74207,12.044,0.037
2698.77141,12.05,0.037
2700.71052,11.996,0.043
2706.64753,11.954,0.038
2710.60078,11.888,0.034
2711.69883,11.882,0.037
2713.66181,11.859,0.038
2719.5899,11.728,0.035
2720.71835,11.681,0.038
2722.6321,11.66,0.036
2724.62999,11.597,0.035
2726.62837,11.608,0.037
2728.61965,11.584,0.037
2730.6156,11.615,0.037
2733.66201,11.555,0.037
2735.6578,11.556,0.037
2737.64494,11.532,0.038
2739.63515,11.545,0.038
2741.60255,11.537,0.037
2743.61014,11.497,0.037
2750.64047,11.534,0.037
2752.59466,11.54,0.036
2755.58263,11.541,0.036
2759.60684,11.548,0.04
2761.58758,11.566,0.037
2763.58402,11.633,0.039
2766.56459,11.752,0.037
2770.57791,11.742,0.037
2776.5197,11.842,0.038
2783.52861,11.994,0.035
2785.53036,11.87,0.036
2787.5251,11.934,0.036
2791.49416,11.891,0.044
2794.47882,11.84,0.037
2797.47854,11.792,0.043
2811.4587,11.696,0.035
2813.46571,11.596,0.036
2860.92553,11.889,0.035
2877.90973,12.08,0.036
2884.89578,12.158,0.035
2893.87392,11.817,0.038
2896.86387,11.733,0.036
2899.87993,11.672,0.034
2903.90036,11.593,0.039
2911.84094,11.307,0.034
2915.88167,11.276,0.035
2922.802,11.266,0.035
2924.85496,11.264,0.035
2927.82133,11.267,0.034
2929.83559,11.333,0.039
2932.83969,11.287,0.033
2940.75548,11.342,0.033
2942.80514,11.408,0.037
2944.79446,11.364,0.044
2947.79941,11.403,0.03
2950.74624,11.463,0.036
2954.84739,11.545,0.038
2963.78324,11.678,0.033
2970.77548,11.771,0.033
2973.79953,11.83,0.034
2975.74005,11.89,0.035
2976.76932,11.907,0.03
2977.73801,11.981,0.04
2979.75879,11.904,0.045
2981.78509,11.988,0.035
2984.72894,11.901,0.034
2986.78223,11.947,0.034
2989.71942,12.015,0.034
2991.76684,11.99,0.034
2996.75579,11.929,0.033
3001.74509,11.867,0.034
3006.66522,11.778,0.035
3010.73175,11.706,0.034
3012.79076,11.66,0.036
3018.69457,11.533,0.034
3028.8008,11.372,0.044
3031.60722,11.286,0.034
3033.66251,11.335,0.034
3035.64481,11.301,0.035
3039.64577,11.404,0.034
3042.64202,11.48,0.035
3044.66637,11.473,0.035
3047.61983,11.51,0.035
3052.65188,11.631,0.036
3054.68209,11.673,0.036
3056.71904,11.633,0.034
3061.56555,11.801,0.035
3063.59049,11.863,0.046
3066.67394,11.86,0.036
3068.63787,11.961,0.036
3070.66563,11.799,0.036
3072.7392,11.898,0.037
3074.70892,11.91,0.038
3076.73407,11.947,0.034
3078.72765,11.941,0.039
3081.55308,11.923,0.035
3085.5934,11.904,0.044
3087.58944,12.058,0.04
3089.6186,11.787,0.045
3091.62625,11.933,0.038
3093.60753,11.858,0.033
3097.61115,11.795,0.037
3099.64935,11.741,0.037
3101.65474,11.656,0.038
3103.65173,11.649,0.035
3105.64507,11.583,0.036
3107.6496,11.571,0.035
3109.65219,11.513,0.035
3112.49958,11.426,0.036
3116.55812,11.34,0.039
3122.52525,11.309,0.034
3124.55398,11.331,0.035
3126.58265,11.351,0.035
3128.60804,11.377,0.037
3131.50181,11.28,0.036
3133.52042,11.314,0.036
3145.53386,11.596,0.033
3154.51521,11.82,0.04
3158.5048,12.135,0.036
3162.48544,12.052,0.037
3164.50698,12.018,0.035
3168.47994,12.106,0.033
3175.47432,12.059,0.035
3333.79853,11.735,0.038
3356.70666,11.655,0.042
3363.73069,11.627,0.032
3365.76088,11.689,0.033
3385.62367,11.699,0.033
3385.66879,11.751,0.034
3387.69088,11.726,0.036
3387.71423,11.72,0.054
3391.77241,11.687,0.034
3394.79356,11.671,0.036
3397.62152,11.691,0.035
3399.68862,11.625,0.037
3404.70145,11.578,0.038
3406.74369,12.155,0.04
3408.74241,11.524,0.045
3410.79054,11.461,0.042
3413.57265,11.347,0.049
3415.60451,11.308,0.041
3417.61631,11.271,0.038
3419.60847,11.279,0.037
3423.6279,11.251,0.049
3425.65606,11.27,0.04
3431.65422,11.314,0.041
3433.67645,11.36,0.041
3436.66193,11.414,0.037
3439.65302,11.438,0.036
3443.53024,11.545,0.037
3447.57618,11.772,0.041
3454.5858,11.673,0.04
3456.58264,11.697,0.036
3458.57118,11.732,0.038
3460.5761,11.728,0.036
3462.58282,11.807,0.04
3464.6173,11.834,0.036
3466.63218,11.836,0.037
3469.62462,11.872,0.034
3471.63755,11.912,0.035
3476.54272,11.858,0.039
3478.56667,11.831,0.036
3480.58883,11.857,0.037
3484.61732,11.845,0.044
3490.54009,11.801,0.04
3492.54726,11.81,0.043
3496.59818,11.698,0.035
3499.5871,11.717,0.036
3502.48536,11.657,0.037
3504.52718,11.614,0.039
3511.53394,11.59,0.035
3520.47304,11.727,0.044
3525.49872,11.842,0.043
3528.47612,11.862,0.04
3530.47286,11.91,0.041
3540.47217,12.017,0.038
3544.46506,11.985,0.041
3619.90797,11.861,0.042
3629.88534,11.999,0.036
3633.87574,11.9,0.037
3639.87442,12.078,0.034
3643.86337,12.169,0.034
3651.85721,12.124,0.041
3655.80901,12.225,0.038
3658.81076,12.258,0.038
3661.85785,12.306,0.039
3665.81943,12.36,0.039
3669.86784,12.375,0.034
3673.79929,12.32,0.036
3699.77168,12.155,0.04
3702.78666,12.09,0.036
3705.76452,12.073,0.039
3708.7517,12.015,0.036
3712.78893,12.001,0.036
3714.81103,11.983,0.043
3717.72847,12.042,0.04
3719.78712,12.059,0.044
3722.70984,11.927,0.041
3725.75504,12.191,0.037
3728.68974,12.164,0.041
3731.80971,12.26,0.044
3734.73981,12.159,0.043
3737.7137,12.332,0.037
3739.7954,12.315,0.042
3742.67087,12.279,0.038
3744.75564,12.416,0.04
3747.66054,12.464,0.043
3749.76779,12.377,0.044
3752.7176,12.345,0.04
3754.79124,12.314,0.041
3757.62522,12.331,0.039
3759.69122,12.401,0.043
3761.80906,12.384,0.042
3764.65981,12.464,0.042
3767.64094,12.226,0.04
3769.73857,12.294,0.042
3772.59366,12.257,0.038
3774.68904,12.153,0.048
3776.73859,12.136,0.04
3778.71284,12.114,0.04
3780.75295,12.025,0.039
3783.79841,11.82,0.048
3788.60591,11.891,0.046
3790.66628,11.781,0.046
3792.73833,11.834,0.043
3795.56532,11.822,0.041
3797.61422,11.854,0.046
3799.68118,11.85,0.037
3802.57165,11.879,0.042
3804.64056,11.921,0.04
3806.63883,11.892,0.04
3811.65791,11.983,0.039
3815.69042,11.988,0.039
3817.70255,11.992,0.04
3820.55034,11.963,0.042
3822.60923,12.118,0.038
3824.63552,12.347,0.038
3826.65016,12.152,0.039
3828.66359,12.209,0.038
3831.53627,12.26,0.04
3833.5681,12.224,0.043
3835.58629,12.207,0.042
3837.62609,12.369,0.042
3851.5072,12.217,0.041
3853.52522,12.191,0.033
3858.52075,12.12,0.043
3860.54908,12.059,0.043
3862.53988,12.04,0.037
3864.56792,12.073,0.038
3866.58822,12.01,0.038
3869.51245,12.083,0.038
3871.51726,12.126,0.038
3875.51979,12.028,0.036
3877.52982,11.963,0.038
3881.50873,11.877,0.036
3886.52711,11.797,0.047
3891.49583,11.844,0.037
3894.48193,11.828,0.036
3898.48193,11.855,0.039
3901.47473,11.879,0.038
3904.46813,11.905,0.037
3907.46642,11.869,0.038
3983.90427,11.325,0.045
4091.69613,11.333,0.038
4105.65403,11.277,0.041
4106.68925,11.287,0.03
4107.71275,11.288,0.033
4125.74706,11.308,0.035
4127.70873,11.264,0.043
4129.71012,11.337,0.036
4133.77992,11.388,0.047
4135.83149,11.46,0.047
4137.79029,11.411,0.038
4140.58597,11.482,0.037
4142.63081,11.491,0.04
4144.68066,11.478,0.04
4146.71795,11.582,0.043
4152.63578,11.553,0.037
4154.67016,11.454,0.04
4162.71021,11.38,0.04
4164.73836,11.309,0.044
4172.73898,11.203,0.045
4175.52186,11.208,0.036
4180.73033,11.196,0.041
4183.54161,11.166,0.037
4185.55896,11.156,0.038
4190.69504,11.149,0.037
4193.51778,11.236,0.036
4196.57945,11.298,0.045
4201.57817,11.408,0.035
4204.57414,11.423,0.034
4207.63126,11.535,0.04
4216.54581,11.582,0.036
4227.58009,11.608,0.034
4230.48202,11.566,0.038
4232.5047,11.608,0.035
4234.5139,11.614,0.034
4238.55521,11.5,0.042
4256.47568,11.161,0.036
4258.4858,11.175,0.033
4269.47147,11.2,0.036
4278.45597,11.181,0.037
4332.91228,11.683,0.038
4340.90595,11.643,0.041
4342.90787,11.696,0.036
4344.90737,11.579,0.039
4346.90949,11.631,0.033
4348.90087,11.646,0.035
4354.90274,11.611,0.034
4355.9026,11.517,0.029
4358.88859,11.514,0.035
4362.88411,11.469,0.032
4366.85052,11.538,0.034
4373.86515,11.395,0.04
4376.86458,11.361,0.032
4377.8574,11.435,0.04
4380.84684,11.506,0.037
4381.84954,11.467,0.038
4384.84279,11.502,0.034
4385.83612,11.536,0.033
4402.84733,11.826,0.032
4408.78893,11.775,0.037
4411.83405,11.84,0.041
4420.8593,11.683,0.044
4423.80646,11.648,0.038
4427.78625,11.592,0.036
4429.77123,11.666,0.032
4430.76947,11.604,0.036
4433.7589,11.597,0.034
4436.76426,11.597,0.039
4439.74349,11.544,0.033
4460.68669,11.242,0.037
4462.75044,11.298,0.033
4465.6752,11.279,0.037
4467.78639,11.244,0.038
4470.68097,11.287,0.038
4473.7317,11.372,0.039
4478.81161,11.508,0.041
4484.80711,11.52,0.041
4487.62607,11.632,0.038
4489.66767,11.698,0.036
4491.70193,11.639,0.033
4493.72435,11.659,0.033
4497.65227,11.703,0.039
4499.7462,11.663,0.037
4502.66319,11.614,0.035
4504.72105,11.703,0.04
4506.80265,11.608,0.037
4509.63746,11.609,0.038
4511.70829,11.601,0.035
4515.61608,11.538,0.04
4517.67804,11.522,0.043
4519.68219,11.51,0.042
4521.70077,11.539,0.035
4523.72648,11.482,0.034
4525.7816,11.492,0.036
4528.58718,11.486,0.041
4530.65109,11.477,0.045
4532.71863,11.481,0.034
4536.56398,11.452,0.037
4538.63169,11.481,0.038
4540.63025,11.528,0.043
4542.64061,11.408,0.044
4546.67455,11.337,0.038
4548.67166,11.265,0.039
4551.62497,11.256,0.037
4555.65268,11.222,0.036
4557.67894,11.183,0.038
4559.6895,11.174,0.037
4562.5481,11.175,0.041
4564.60827,11.129,0.036
4566.61613,11.127,0.035
4568.63859,11.202,0.037
4570.62073,11.212,0.035
4574.62412,11.179,0.044
4579.51876,11.24,0.039
4582.54315,11.317,0.037
4585.57676,11.337,0.035
4588.53636,11.304,0.038
4590.56063,11.375,0.041
4592.58628,11.35,0.036
4595.49558,11.367,0.038
4597.5086,11.327,0.038
4599.55592,11.473,0.039
4602.51137,11.393,0.04
4607.50652,11.38,0.041
4609.54719,11.409,0.038
4618.49128,11.554,0.038
4622.49236,11.565,0.041
4627.48926,11.587,0.035
4631.4748,11.484,0.039
4643.45817,11.285,0.044
4700.91778,11.396,0.03
4704.90683,11.361,0.034
4709.90046,11.383,0.036
4721.8943,11.452,0.045
4722.89392,11.459,0.03
4730.88069,11.47,0.04
4734.89434,11.485,0.036
4741.85657,11.397,0.035
4743.87075,11.364,0.029
4749.87064,11.324,0.039
4753.82657,11.285,0.034
4756.84453,11.321,0.034
4758.85775,11.304,0.034
4760.82753,11.281,0.033
4764.80537,11.28,0.033
4768.80068,11.325,0.034
4771.81905,11.309,0.04
4775.77853,11.304,0.032
4778.82493,11.433,0.043
4782.82319,11.379,0.039
4784.78259,11.314,0.033
4786.80736,11.37,0.035
4792.78525,11.378,0.036
4795.77541,11.383,0.038
4798.77338,11.424,0.033
4801.75559,11.411,0.037
4804.74417,11.433,0.037
4807.73514,11.483,0.034
4810.71287,11.432,0.047
4813.74599,11.477,0.036
4816.71334,11.415,0.034
4819.76379,11.417,0.034
4822.70671,11.37,0.035
4825.6939,11.349,0.042
4831.67845,11.285,0.035
4834.66523,11.274,0.036
4836.76146,11.251,0.035
4839.6443,11.234,0.037
4843.77853,11.256,0.039
4846.73965,11.319,0.039
4849.65385,11.297,0.037
4857.70294,11.436,0.037
4861.6311,11.446,0.047
4863.68894,11.483,0.039
4868.7604,11.453,0.043
4870.80232,11.412,0.045
4879.59495,11.524,0.04
4881.64299,11.46,0.036
4882.77129,11.48,0.033
4906.67535,11.338,0.049
4945.61733,11.52,0.049
5086.8972,11.578,0.043
5099.85889,11.653,0.047
5140.83345,11.519,0.045
5145.80395,11.561,0.044
5155.84637,11.617,0.044
5162.81402,11.667,0.048
5164.78701,11.721,0.046
5165.7791,11.719,0.046
