1899.74133,9.246,0.046
2026.52494,9.245,0.035
2031.5173,9.48,0.036
2057.44671,9.484,0.044
2519.91884,9.312,0.053
2540.8791,9.526,0.036
2545.85917,9.287,0.035
2552.88599,9.365,0.033
2556.86016,9.549,0.046
2561.85019,9.313,0.03
2565.85013,9.406,0.032
2621.79998,9.457,0.031
2623.77272,9.395,0.03
2625.76069,9.22,0.033
2628.7176,9.21,0.04
2632.78943,9.253,0.034
2637.73613,9.374,0.031
2639.74658,9.497,0.03
2641.73811,9.293,0.029
2643.74068,9.266,0.03
2645.73631,9.417,0.031
2647.71682,9.472,0.032
2652.71107,9.236,0.03
2658.71019,9.27,0.034
2663.84634,9.488,0.04
2665.78322,9.421,0.03
2667.78281,9.494,0.031
2669.79509,9.205,0.032
2671.77128,9.24,0.032
2673.77481,9.398,0.033
2675.74522,9.421,0.031
2677.72396,9.487,0.031
2681.68601,9.447,0.031
2686.63149,9.234,0.042
2689.69392,9.331,0.036
2691.6432,9.504,0.031
2695.64348,9.285,0.032
2697.64957,9.488,0.03
2699.63989,9.476,0.034
2701.63782,9.21,0.03
2703.63353,9.284,0.03
2705.62567,9.402,0.034
2707.62375,9.504,0.029
2709.60795,9.41,0.031
2713.55833,9.256,0.034
2715.55594,9.222,0.039
2718.54634,9.47,0.037
2720.64702,9.501,0.036
2722.60553,9.454,0.031
2724.60342,9.473,0.031
2726.60169,9.217,0.031
2728.59282,9.284,0.031
2730.58869,9.406,0.033
2733.63493,9.261,0.034
2735.63051,9.401,0.031
2737.61762,9.483,0.032
2741.50799,9.278,0.032
2742.61077,9.257,0.034
2744.57594,9.237,0.037
2746.58695,9.47,0.039
2750.58731,9.222,0.033
2752.55869,9.227,0.031
2755.55413,9.415,0.031
2757.55087,9.502,0.03
2759.57814,9.235,0.034
2761.55384,9.266,0.031
2763.55017,9.436,0.032
2770.5316,9.28,0.034
2785.49023,9.335,0.03
2787.48996,9.228,0.03
2791.4777,9.476,0.033
2795.44888,9.363,0.044
2912.87167,9.469,0.034
2922.86615,9.239,0.036
2926.8675,9.453,0.032
2929.85849,9.368,0.043
2932.86729,9.321,0.03
2940.82189,9.222,0.032
2943.82476,9.388,0.031
2947.81083,9.408,0.038
2949.83287,9.321,0.028
2952.8404,9.474,0.037
2956.82033,9.22,0.064
2960.83084,9.508,0.037
2963.84758,9.287,0.032
2970.81677,9.299,0.032
2973.84093,9.451,0.033
2975.79221,9.375,0.027
2977.76962,9.417,0.049
2979.78838,9.35,0.032
2981.80455,9.276,0.038
2984.76605,9.364,0.037
2987.75717,9.498,0.028
2990.74722,9.221,0.031
2992.78784,9.489,0.037
2995.74173,9.495,0.03
2997.78308,9.26,0.032
3000.77999,9.474,0.031
3005.70992,9.52,0.028
3007.74723,9.277,0.035
3009.78253,9.443,0.035
3013.73727,9.275,0.041
3016.71979,9.263,0.028
3018.7204,9.438,0.031
3023.70344,9.233,0.031
3028.69094,9.464,0.031
3030.73045,9.226,0.035
3033.63824,9.452,0.029
3035.67225,9.316,0.032
3043.74706,9.246,0.043
3046.60598,9.258,0.033
3049.62788,9.434,0.027
3051.73378,9.285,0.034
3054.59554,9.255,0.027
3056.61222,9.464,0.043
3060.70191,9.381,0.035
3068.61626,9.293,0.038
3070.6405,9.496,0.036
3071.51404,9.469,0.038
3073.5853,9.501,0.034
3075.61447,9.221,0.033
3077.64108,9.484,0.032
3079.64745,9.304,0.043
3081.6488,9.249,0.029
3085.64952,9.501,0.035
3087.64985,9.178,0.064
3090.51489,9.278,0.047
3092.5441,9.501,0.043
3096.54533,9.324,0.03
3098.58071,9.346,0.04
3100.59051,9.264,0.039
3102.59725,9.468,0.035
3104.60729,9.351,0.035
3106.60773,9.22,0.035
3108.61117,9.392,0.033
3110.60414,9.52,0.031
3113.51741,9.327,0.028
3115.53654,9.474,0.033
3123.47129,9.387,0.032
3125.5257,9.234,0.036
3128.50312,9.267,0.034
3130.52476,9.488,0.043
3132.54411,9.203,0.035
3142.49238,9.276,0.028
3146.48399,9.364,0.037
3154.47555,9.379,0.032
3158.47078,9.34,0.039
3163.45469,9.372,0.033
3167.45265,9.295,0.035
3280.88597,9.329,0.044
3298.8593,9.442,0.033
3357.75015,9.398,0.053
3362.75444,9.221,0.036
3387.66629,9.464,0.04
3389.70601,9.256,0.033
3389.71152,9.289,0.061
3391.75289,9.324,0.05
3398.74352,9.49,0.039
3400.75211,9.213,0.037
3403.74426,9.365,0.041
3408.60747,9.255,0.048
3410.66142,9.515,0.044
3412.71428,9.308,0.041
3414.72364,9.497,0.037
3416.74045,9.21,0.047
3418.75383,9.409,0.065
3425.64046,9.579,0.048
3427.65071,9.466,0.052
3431.63433,9.239,0.057
3433.63022,9.349,0.057
3436.63638,9.367,0.04
3439.62638,9.235,0.039
3442.62259,9.493,0.055
3446.62944,9.239,0.044
3451.53544,9.231,0.057
3453.60679,9.412,0.065
3455.59138,9.224,0.048
3457.60884,9.386,0.039
3459.60584,9.489,0.031
3461.6188,9.226,0.045
3466.554,9.223,0.036
3469.56146,9.49,0.032
3471.56902,9.297,0.039
3473.55898,9.482,0.039
3478.47143,9.183,0.044
3480.52859,9.453,0.042
3484.58168,9.463,0.057
3489.57289,9.308,0.046
3492.48741,9.2,0.05
3497.50906,9.397,0.043
3500.51422,9.316,0.034
3511.49017,9.496,0.033
3513.501,9.319,0.055
3520.46196,9.424,0.057
3523.46456,9.324,0.054
3526.46998,9.339,0.045
3651.82193,9.475,0.054
3651.8802,9.249,0.049
3652.79905,9.523,0.051
3652.8284,9.355,0.043
3652.85641,9.226,0.049
3652.87188,9.27,0.045
3652.8837,9.337,0.045
3653.82525,9.224,0.068
3653.85883,9.269,0.054
3656.85767,9.488,0.048
3660.85093,9.231,0.048
3664.85183,9.518,0.044
3670.85256,9.428,0.04
3674.83661,9.382,0.042
3700.81817,9.216,0.04
3703.80471,9.385,0.039
3706.80313,9.606,0.044
3711.81817,9.499,0.041
3717.76447,9.895,0.045
3720.75769,9.296,0.051
3724.71951,9.475,0.047
3727.74022,9.196,0.046
3730.8341,9.252,0.061
3733.80009,9.308,0.052
3736.7437,9.28,0.049
3739.70016,9.338,0.044
3741.7837,9.283,0.043
3744.70276,9.214,0.046
3747.69456,9.303,0.048
3751.7159,9.536,0.061
3753.81577,9.22,0.05
3756.66016,9.294,0.056
3758.69493,9.487,0.048
3760.77252,9.491,0.049
3763.64981,9.219,0.055
3765.74999,9.244,0.056
3768.63523,9.491,0.048
3770.70171,9.331,0.067
3773.61324,9.215,0.05
3776.56704,9.201,0.052
3780.69373,9.517,0.062
3783.72998,9.343,0.06
3787.73263,9.315,0.049
3790.59587,9.229,0.045
3792.70772,9.315,0.056
3795.58057,9.494,0.05
3797.6234,9.291,0.052
3799.69009,9.23,0.046
3802.57965,9.496,0.052
3805.56923,9.269,0.053
3808.6012,9.509,0.049
3810.59734,9.444,0.053
3812.6083,9.232,0.051
3814.60978,9.421,0.055
3816.65499,9.24,0.055
3818.66282,9.411,0.052
3821.56064,9.206,0.056
3823.60117,9.46,0.054
3825.61698,9.232,0.052
3828.50848,9.42,0.052
3835.51812,9.436,0.052
3837.53401,9.377,0.049
3848.5451,9.708,0.059
3850.5767,9.262,0.047
3852.56721,9.247,0.053
3854.57933,9.424,0.049
3860.46304,9.308,0.054
3862.48121,9.496,0.039
3864.50671,9.251,0.048
3866.51663,9.491,0.049
3869.4972,9.455,0.05
3871.5051,9.239,0.043
3875.50744,9.496,0.042
3882.47504,9.3,0.043
3891.46856,9.407,0.043
3894.46033,9.462,0.043
4090.73914,9.317,0.048
4106.74696,9.225,0.04
4109.80407,9.312,0.043
4127.64161,9.259,0.032
4129.68034,9.458,0.033
4133.67257,9.232,0.048
4135.696,9.413,0.058
4137.69773,9.511,0.041
4139.72995,9.282,0.037
4141.73453,9.461,0.038
4143.73923,9.387,0.043
4146.60564,9.235,0.035
4149.71055,9.387,0.042
4151.76188,9.212,0.034
4153.7546,9.329,0.04
4156.57786,9.266,0.034
4161.59226,9.259,0.04
4163.60064,9.362,0.046
4165.63017,9.353,0.053
4168.64269,9.36,0.044
4173.641,9.237,0.039
4175.64961,9.363,0.046
4178.68777,9.236,0.072
4181.57482,9.469,0.044
4183.58248,9.386,0.039
4188.58563,9.468,0.033
4190.59929,9.329,0.038
4192.60131,9.53,0.036
4194.64313,9.47,0.049
4197.63527,9.253,0.046
4200.60072,9.283,0.034
4203.60042,9.507,0.035
4205.61038,9.238,0.04
4216.51367,9.519,0.035
4227.51575,9.215,0.033
4229.53196,9.445,0.036
4231.5373,9.419,0.047
4233.53634,9.213,0.035
4236.47742,9.229,0.057
4256.46198,9.467,0.037
4366.89971,9.463,0.037
4380.87744,9.258,0.042
4384.87012,9.525,0.039
4408.82993,9.446,0.04
4412.86407,9.322,0.038
4422.79323,9.198,0.045
4426.8265,9.409,0.034
4429.80566,9.224,0.039
4436.79955,9.279,0.035
4439.78571,9.258,0.039
4455.7466,9.216,0.036
4458.74013,9.328,0.046
4461.78035,9.217,0.04
4464.72449,9.202,0.036
4467.7174,9.356,0.04
4470.71256,9.495,0.035
4473.75983,9.447,0.04
4479.6855,9.498,0.038
4482.70877,9.298,0.043
4485.69643,9.475,0.045
4490.72116,9.417,0.036
4492.74285,9.382,0.034
4494.74593,9.234,0.035
4498.69962,9.318,0.04
4503.62955,9.361,0.04
4505.74454,9.489,0.039
4508.62633,9.218,0.043
4510.6429,9.386,0.049
4512.6895,9.224,0.057
4516.63008,9.249,0.051
4518.67877,9.491,0.039
4520.70087,9.269,0.035
4522.69485,9.402,0.033
4524.70878,9.442,0.038
4526.74096,9.325,0.037
4529.58135,9.401,0.046
4531.6596,9.356,0.037
4534.56865,9.221,0.038
4537.58518,9.444,0.04
4539.59766,9.356,0.059
4543.54722,9.221,0.048
4547.59103,9.379,0.043
4552.57486,9.38,0.034
4554.59654,9.435,0.042
4556.60961,9.253,0.039
4558.61469,9.454,0.039
4560.62956,9.326,0.038
4563.54406,9.49,0.044
4565.57988,9.23,0.037
4567.59789,9.472,0.042
4571.49692,9.299,0.042
4573.54481,9.309,0.04
4575.57102,9.374,0.04
4579.57344,9.266,0.045
4583.52443,9.219,0.044
4586.56097,9.478,0.038
4589.52621,9.355,0.04
4591.55495,9.369,0.037
4594.49677,9.305,0.04
4601.49179,9.242,0.035
4609.49096,9.294,0.04
4618.4683,9.255,0.034
4629.45539,9.495,0.046
4746.87466,9.378,0.035
4751.87949,9.199,0.072
4755.87499,9.491,0.041
4759.86535,9.229,0.04
4763.85564,9.447,0.036
4767.84978,9.243,0.032
4771.83803,9.336,0.039
4775.82743,9.39,0.033
4779.81743,9.29,0.043
4783.84459,9.252,0.046
4793.82615,9.269,0.034
4797.81646,9.517,0.038
4800.81126,9.245,0.044
4804.76856,9.263,0.035
4807.78387,9.511,0.035
4810.77766,9.219,0.051
4813.77723,9.421,0.042
4816.80381,9.213,0.045
4820.71576,9.363,0.04
4823.74297,9.435,0.042
4826.75233,9.267,0.043
4829.72045,9.225,0.046
4835.70179,9.478,0.067
4838.70122,9.231,0.043
4844.82693,9.303,0.071
4847.69045,9.276,0.034
4849.80521,9.387,0.042
4852.67148,9.495,0.044
4855.70457,9.233,0.044
4857.80366,9.419,0.042
4861.65793,9.443,0.056
4863.71836,9.504,0.039
4866.69709,9.519,0.072
4871.64995,9.211,0.047
4876.74591,9.438,0.048
4879.65589,9.255,0.039
4881.69901,9.503,0.037
4884.64288,9.512,0.045
4887.64537,9.237,0.063
4889.74192,9.203,0.06
4892.59856,9.368,0.064
4899.67957,9.231,0.064
4903.68282,9.451,0.061
4906.59053,9.253,0.059
4908.67849,9.229,0.058
4914.63119,9.474,0.058
4916.66898,9.219,0.058
4919.6009,9.253,0.054
4926.54789,9.251,0.064
4931.4921,9.496,0.069
4938.54041,9.226,0.066
4941.5374,9.303,0.071
4946.57244,9.321,0.071
4949.49472,9.238,0.069
4955.51426,9.38,0.072
4963.52229,9.239,0.074
4966.50785,9.378,0.07
4969.49746,9.466,0.067
4973.49905,9.286,0.067
5092.90133,9.272,0.053
5113.86877,9.514,0.058
5145.84932,9.484,0.057
5164.76835,9.521,0.054
5168.77733,9.272,0.063
