2622.71851,11.379,0.027
2624.75818,11.582,0.028
2627.76218,11.569,0.029
2631.79262,11.644,0.028
2635.71095,11.138,0.027
2637.74793,11.317,0.022
2639.74225,11.317,0.02
2641.74998,11.309,0.02
2643.74573,11.281,0.023
2645.73897,11.186,0.023
2647.72629,11.076,0.023
2654.71077,11.085,0.026
2659.71011,11.486,0.023
2660.68491,12.156,0.038
2661.70726,11.831,0.022
2663.70369,12.087,0.022
2665.69649,12.202,0.02
2667.69598,12.245,0.023
2669.68538,12.224,0.021
2671.68446,12.229,0.023
2673.67896,12.127,0.021
2675.6667,12.05,0.023
2677.64841,12.493,0.025
2681.63795,12.231,0.023
2686.63613,12.116,0.028
2688.6269,12.136,0.026
2690.62573,12.167,0.022
2696.60029,12.083,0.024
2698.61424,12.126,0.025
2702.60693,12.192,0.024
2704.59413,12.098,0.021
2706.57132,12.107,0.027
2710.55881,12.006,0.028
2720.54307,11.856,0.021
2722.54229,11.82,0.021
2724.54036,11.78,0.021
2726.53861,11.782,0.022
2728.53668,11.773,0.021
2730.53256,11.717,0.021
2734.51737,11.633,0.021
2736.50208,11.544,0.022
2741.48658,11.365,0.024
2742.58173,11.783,0.024
2744.56813,11.802,0.024
2751.52867,11.54,0.023
2754.52915,11.507,0.021
2756.52845,11.408,0.039
2763.48384,11.001,0.023
2785.45026,12.055,0.024
2924.87315,11.245,0.023
2933.86235,11.011,0.022
2940.87101,10.994,0.024
2944.83216,12.184,0.035
2951.84153,12.249,0.024
2955.83311,12.19,0.025
2961.82616,12.155,0.025
2964.83982,12.226,0.024
2967.83695,12.172,0.024
2971.80606,12.153,0.023
2974.81257,12.101,0.024
2976.80479,12.116,0.05
2978.80399,12.076,0.022
2980.81802,12.036,0.026
2987.81055,12.152,0.022
2990.75785,12.204,0.023
2992.7907,12.163,0.027
2995.75002,12.063,0.023
2997.80096,12.073,0.023
3005.72327,11.935,0.022
3007.75005,12.052,0.023
3009.78536,12.059,0.025
3025.66814,11.617,0.024
3031.74328,11.875,0.025
3033.74151,11.864,0.022
3036.63762,11.303,0.03
3043.75996,11.673,0.036
3046.61125,10.959,0.026
3049.63287,11.079,0.023
3052.61566,11.015,0.023
3054.64328,11.046,0.022
3056.69518,11.399,0.023
3059.6073,11.811,0.029
3061.6537,11.06,0.043
3063.69652,11.27,0.05
3069.58633,12.137,0.028
3071.59704,12.243,0.026
3073.63571,11.847,0.025
3075.66142,11.124,0.026
3078.54822,12.154,0.028
3082.62056,12.158,0.023
3086.62164,12.165,0.024
3088.62727,12.091,0.024
3091.51889,12.08,0.034
3096.59479,12.19,0.026
3099.52283,12.115,0.027
3101.55982,12.016,0.025
3103.56636,12.178,0.024
3105.56377,12.088,0.031
3107.56646,12.16,0.024
3109.57181,12.15,0.023
3114.50404,12.035,0.023
3124.48039,11.872,0.023
3127.48779,11.899,0.029
3132.48125,11.938,0.027
3142.471,11.731,0.023
3321.83144,11.635,0.033
3321.85316,11.694,0.044
3327.77797,11.177,0.033
3327.78054,11.196,0.029
3327.78318,11.227,0.029
3327.79357,11.268,0.032
3327.79625,11.274,0.036
3327.80405,11.324,0.034
3327.80672,11.375,0.033
3327.81449,11.392,0.03
3327.8198,11.423,0.034
3327.85118,11.605,0.038
3329.80739,11.365,0.03
3330.78676,11.183,0.029
3330.78968,11.22,0.036
3330.79212,11.241,0.027
3330.79477,11.213,0.029
3330.79763,11.258,0.032
3330.80285,11.292,0.03
3330.80589,11.298,0.029
3330.8086,11.344,0.028
3330.81403,11.407,0.034
3330.81667,11.353,0.031
3330.82213,11.477,0.034
3334.7738,10.988,0.029
3334.77637,11.03,0.029
3334.77924,11.076,0.034
3334.78166,11.055,0.03
3334.78432,11.07,0.029
3334.78705,11.115,0.029
3334.7923,11.134,0.031
3334.79506,11.163,0.031
3334.79826,11.16,0.032
3334.80119,11.211,0.029
3334.80696,11.237,0.035
3335.78669,11.1,0.035
3336.7856,11.071,0.033
3337.78166,10.995,0.033
3337.78439,10.972,0.042
3337.78714,11.082,0.036
3337.78989,11.032,0.04
3337.79267,11.102,0.035
3337.79848,11.144,0.041
3337.80812,11.246,0.046
3337.81077,11.242,0.038
3337.81594,11.301,0.05
3344.76817,11.157,0.034
3344.77065,11.1,0.035
3344.77603,11.026,0.038
3344.77874,10.948,0.043
3344.78138,10.961,0.034
3344.784,11.01,0.043
3344.78922,10.924,0.044
3344.79192,11.029,0.05
3344.79451,11.012,0.033
3344.79692,11.021,0.03
3347.75669,11.868,0.036
3347.77584,11.221,0.051
3347.81283,11.087,0.048
3347.81535,11.148,0.048
3347.81801,11.145,0.046
3347.82144,11.107,0.052
3347.82836,11.244,0.04
3347.84118,11.323,0.053
3348.75845,11.867,0.039
3348.76088,11.76,0.039
3348.7908,10.983,0.04
3351.75846,12.09,0.052
3353.73712,12.166,0.032
3353.7427,12.285,0.032
3353.74526,12.225,0.032
3353.75082,12.191,0.033
3353.75362,12.155,0.043
3353.75636,12.465,0.036
3353.75902,12.141,0.032
3353.76181,12.011,0.036
3353.76448,12.059,0.031
3353.76727,11.974,0.033
3353.77221,11.712,0.034
3354.7473,12.202,0.034
3354.75828,12.132,0.03
3356.72636,12.096,0.029
3362.71622,12.096,0.036
3383.65869,12.104,0.03
3385.66348,12.226,0.03
3388.64818,12.205,0.034
3390.63818,12.124,0.045
3398.61696,11.906,0.029
3404.70734,12.182,0.028
3405.5976,11.886,0.042
3406.74947,12.255,0.044
3408.58611,11.824,0.034
3409.5962,11.903,0.026
3411.57636,11.757,0.028
3411.68698,12.087,0.037
3413.7333,12.187,0.036
3414.57723,11.984,0.029
3416.57776,11.688,0.036
3417.5665,11.645,0.026
3424.64736,11.952,0.04
3425.54675,11.455,0.029
3426.64737,11.808,0.028
3430.65709,11.87,0.03
3431.53122,11.221,0.052
3432.65533,11.886,0.029
3434.65028,11.811,0.035
3436.51818,11.031,0.049
3438.53636,11.254,0.024
3439.50987,11.056,0.051
3440.64297,11.765,0.033
3444.59425,11.467,0.041
3446.60007,11.546,0.038
3456.56468,11.139,0.036
3458.5533,11.024,0.039
3460.5602,11.056,0.027
3462.5723,11.151,0.033
3465.53244,11.435,0.035
3468.56355,10.996,0.027
3470.57659,10.749,0.031
3472.57858,11.025,0.035
3479.53721,12.166,0.036
3481.55314,11.982,0.034
3491.49721,12.133,0.046
3495.51113,12.116,0.024
3499.5001,12.064,0.035
3513.4577,12.108,0.031
3670.86339,12.209,0.028
3673.86632,12.144,0.026
3678.84487,12.196,0.027
3701.78585,11.998,0.035
3704.77585,11.846,0.024
3707.76643,11.8,0.025
3712.76284,11.725,0.025
3715.7475,11.684,0.03
3718.73644,11.541,0.031
3724.82794,11.965,0.027
3725.71623,11.45,0.027
3728.71804,11.424,0.037
3732.69912,11.209,0.029
3735.69689,11.152,0.029
3741.67747,10.997,0.026
3744.66894,11.213,0.034
3747.65729,11.993,0.031
3753.6486,12.274,0.029
3756.74279,11.117,0.043
3759.62764,12.095,0.028
3759.64402,12.271,0.029
3762.61754,12.157,0.033
3765.60737,12.102,0.026
3767.63839,12.174,0.029
3768.60901,12.232,0.028
3771.59793,12.185,0.031
3774.58816,12.056,0.034
3779.67798,12.081,0.046
3780.56709,12.2,0.033
3788.69177,12.056,0.041
3789.54838,12.097,0.035
3791.64645,12.039,0.032
3792.53953,12.12,0.03
3793.68844,12.056,0.036
3795.53245,12.132,0.025
3796.62508,12.247,0.031
3798.68066,12.11,0.035
3799.51723,11.959,0.035
3800.66326,12.111,0.035
3806.60559,12.063,0.034
3809.63133,12.112,0.035
3811.63787,12.131,0.036
3814.58466,12.007,0.042
3816.62893,12.215,0.038
3818.63323,12.049,0.034
3821.56734,12.054,0.049
3823.60822,12.078,0.039
3825.62017,12.094,0.035
3828.54333,11.852,0.038
3833.52171,11.712,0.039
3835.53627,11.654,0.035
3837.5496,11.732,0.039
3849.53532,11.663,0.037
3852.49298,11.406,0.048
3854.50805,11.429,0.045
3861.4744,10.762,0.034
3863.49889,11.258,0.034
3866.46555,11.008,0.045
3869.47098,10.962,0.04
3872.46275,11.156,0.047
3883.45275,12.074,0.046
4089.7266,12.147,0.032
4107.67733,11.838,0.027
4125.62674,11.528,0.039
4128.6174,11.342,0.026
4135.59865,11.12,0.028
4141.58816,10.98,0.029
4144.5762,11.195,0.03
4147.56794,11.727,0.038
4152.55704,12.168,0.026
4153.5564,12.249,0.032
4155.54641,12.156,0.027
4155.64704,11.171,0.031
4161.63596,11,0.052
4162.52715,12.052,0.03
4165.51608,12.15,0.026
4197.54965,12.14,0.033
4203.56267,12.156,0.034
4231.47013,11.847,0.028
4236.47455,12.113,0.044
4247.45672,11.727,0.036
4402.86344,11.872,0.029
4407.85446,11.878,0.031
4410.84406,11.763,0.027
4421.81632,11.563,0.03
4425.80609,11.526,0.029
4428.79538,11.411,0.03
4435.77711,11.126,0.024
4438.76525,10.977,0.03
4441.75612,10.997,0.029
4453.76778,11.472,0.028
4456.75856,12.08,0.031
4461.77577,11.818,0.031
4464.73886,12.11,0.028
4467.73062,12.176,0.03
4470.7271,12.055,0.028
4473.77216,12.199,0.041
4477.7173,12.147,0.042
4484.69845,12.012,0.048
4489.69733,12.008,0.03
4491.71804,12.142,0.029
4493.74127,12.039,0.048
4497.6794,12.153,0.031
4500.63626,12.015,0.037
4500.63949,12.2,0.039
4503.63557,12.012,0.032
4506.64921,12.078,0.033
4509.63706,11.93,0.032
4511.59855,11.805,0.031
4516.62274,11.86,0.036
4516.6251,11.778,0.039
4518.67303,12.006,0.03
4521.58633,11.713,0.027
4523.60311,11.845,0.034
4525.63143,11.808,0.039
4527.64949,11.928,0.038
4530.5876,11.589,0.038
4532.63277,11.81,0.032
4536.55477,11.433,0.026
4536.55712,11.411,0.028
4538.62165,11.778,0.042
4543.60461,11.586,0.042
4546.55673,11.382,0.038
4546.5788,11.511,0.044
4548.56103,11.414,0.035
4551.56031,11.188,0.04
4551.57728,11.323,0.031
4553.60917,11.495,0.036
4554.53892,11.104,0.037
4556.52671,10.986,0.035
4556.55739,11.166,0.035
4558.56706,11.168,0.04
4561.53427,10.971,0.032
4561.54904,11.013,0.035
4563.56964,11.123,0.032
4564.51857,11.443,0.035
4566.51581,11.691,0.035
4571.48269,12.265,0.033
4571.48512,12.347,0.031
4573.5239,11.94,0.036
4573.53667,11.431,0.031
4575.55562,11.127,0.033
4576.49693,12.27,0.034
4580.53407,12.094,0.037
4583.49155,12.139,0.047
4588.51584,12.107,0.037
4589.4723,12.176,0.033
4591.48761,12.062,0.029
4592.46595,12.086,0.037
4602.46971,12.099,0.031
4610.45179,12.258,0.031
4771.86725,12.021,0.028
4775.86449,12.079,0.026
4779.86041,12.245,0.03
4794.82547,12.119,0.026
4798.82504,12.221,0.027
4801.83586,12.429,0.026
4805.79805,12,0.029
4808.79608,11.922,0.026
4812.79733,12.121,0.032
4816.80108,11.928,0.034
4820.75919,11.736,0.029
4823.75838,11.695,0.025
4826.76263,11.65,0.032
4829.74032,11.691,0.028
4835.72147,11.448,0.032
4838.71796,11.367,0.028
4845.6975,11.072,0.035
4847.76277,11.457,0.029
4850.7027,10.994,0.03
4853.70107,10.96,0.029
4856.69998,10.978,0.032
4860.66811,12.059,0.031
4865.65909,12.119,0.038
4868.64737,12.124,0.028
4871.65599,11.9,0.042
4877.62787,12.242,0.037
4880.63172,12.139,0.033
4880.63523,12.18,0.035
4883.60826,12.154,0.029
4885.70765,12.297,0.044
4886.61345,12.128,0.04
4888.59774,12.162,0.046
4892.5873,12.21,0.042
4893.58495,12.192,0.035
4901.64781,12.148,0.053
4904.58475,12.06,0.05
4905.57865,12.01,0.042
4906.62074,12.157,0.038
4907.62235,12.214,0.046
4911.58916,12.18,0.05
4916.54326,12.019,0.048
4918.60506,12.071,0.04
4919.52592,11.899,0.045
4921.53422,11.917,0.037
4929.58764,11.866,0.05
4932.57941,11.921,0.042
4936.52606,11.854,0.048
4966.47932,11.146,0.051
4969.46901,11.091,0.048
5161.83744,12.08,0.045
5165.8224,12.244,0.039
5168.82754,12.299,0.048
