2622.71851,12.31,0.031
2624.75818,12.284,0.035
2627.76218,12.257,0.028
2631.79262,12.283,0.041
2635.71095,12.277,0.031
2637.74793,12.414,0.027
2639.74225,12.275,0.026
2641.74998,12.28,0.025
2643.74573,12.44,0.029
2645.73897,12.293,0.026
2647.72629,12.451,0.029
2654.71077,12.428,0.035
2659.71011,12.403,0.024
2660.68491,12.354,0.045
2661.70726,12.351,0.027
2663.70369,12.341,0.029
2665.69649,12.519,0.027
2667.69598,12.351,0.028
2669.68538,12.541,0.026
2671.68446,12.293,0.026
2673.67896,12.625,0.027
2675.6667,12.223,0.028
2677.64841,12.567,0.03
2681.63795,12.524,0.028
2686.63613,12.201,0.03
2688.6269,12.452,0.03
2690.62573,12.536,0.026
2696.60029,12.3,0.029
2698.61424,12.52,0.029
2702.60693,12.513,0.03
2704.59413,12.265,0.024
2706.57132,12.628,0.029
2710.55881,12.528,0.032
2720.54307,12.424,0.028
2722.54229,12.297,0.031
2724.54036,12.465,0.029
2726.53861,12.299,0.026
2728.53668,12.653,0.032
2730.53256,12.287,0.031
2734.51737,12.257,0.031
2736.50208,12.47,0.029
2741.48658,12.337,0.032
2742.58173,12.348,0.027
2744.56813,12.325,0.029
2751.52867,12.285,0.032
2754.52915,12.309,0.036
2756.52845,12.597,0.044
2763.48384,12.39,0.037
2785.45026,12.373,0.034
2924.87315,12.552,0.026
2933.86235,12.264,0.027
2940.87101,12.258,0.032
2951.84153,12.246,0.029
2955.83311,12.427,0.029
2961.82616,12.4,0.03
2964.83982,12.345,0.034
2967.83695,12.556,0.034
2971.80606,12.654,0.03
2974.81257,12.525,0.03
2976.80479,12.239,0.06
2978.80399,12.464,0.036
2980.81802,12.417,0.04
2987.81055,12.269,0.024
2990.75785,12.499,0.036
2992.7907,12.534,0.031
2995.75002,12.203,0.029
2997.80096,12.284,0.032
3005.72327,12.322,0.028
3007.75005,12.656,0.029
3009.78536,12.302,0.03
3025.66814,12.338,0.035
3031.74328,12.45,0.029
3033.74151,12.171,0.028
3036.63762,12.233,0.033
3043.75996,12.355,0.035
3046.61125,12.2,0.038
3049.63287,12.245,0.029
3052.61566,12.29,0.029
3054.64328,12.51,0.028
3056.69518,12.353,0.037
3059.6073,12.589,0.035
3061.6537,12.614,0.048
3063.69652,12.448,0.056
3069.58633,12.521,0.035
3071.59704,12.32,0.029
3073.63571,12.36,0.037
3075.66142,12.657,0.038
3082.62056,12.44,0.03
3086.62164,12.464,0.035
3088.62727,12.141,0.032
3091.51889,12.366,0.039
3096.59479,12.302,0.037
3099.52283,12.407,0.036
3101.55982,12.579,0.028
3103.56636,12.319,0.034
3105.56377,12.568,0.039
3107.56646,12.258,0.034
3109.57181,12.324,0.035
3114.50404,12.36,0.037
3124.48039,12.617,0.044
3127.48779,12.542,0.039
3132.48125,12.193,0.042
3142.471,12.527,0.029
3356.74898,12.375,0.044
3362.72874,12.322,0.047
3383.68813,12.244,0.078
3385.77576,12.368,0.059
3387.77409,12.292,0.047
3390.64725,12.666,0.048
3396.78869,12.282,0.059
3399.61868,12.248,0.045
3404.70734,12.339,0.043
3406.74947,12.39,0.064
3409.5962,12.502,0.044
3411.68698,12.255,0.091
3413.7333,12.58,0.063
3416.57776,12.502,0.065
3424.64736,12.448,0.076
3426.64737,12.274,0.042
3430.65709,12.256,0.056
3432.65533,12.788,0.045
3434.65028,12.331,0.056
3438.53636,12.441,0.036
3440.64297,12.362,0.043
3444.59425,12.468,0.093
3446.60007,12.412,0.097
3453.61698,12.429,0.088
3456.56468,12.267,0.077
3458.5533,12.565,0.089
3460.5602,12.297,0.065
3462.5723,12.386,0.045
3465.53244,12.457,0.079
3468.56355,12.468,0.066
3470.57659,12.322,0.071
3472.57858,12.622,0.066
3479.53721,12.547,0.066
3481.55314,12.212,0.071
3491.49721,12.445,0.094
3495.51113,12.247,0.033
3499.5001,12.106,0.086
3513.4577,12.355,0.054
3658.87453,12.599,0.036
3665.86923,12.36,0.043
3672.85426,12.435,0.037
3701.8077,12.378,0.054
3704.79354,12.317,0.043
3707.78736,12.33,0.038
3712.78573,12.438,0.042
3715.76081,12.29,0.043
3718.74723,12.349,0.045
3724.82794,12.275,0.043
3727.72877,12.508,0.04
3730.8255,12.45,0.059
3736.72252,12.287,0.035
3739.68645,12.466,0.054
3741.7816,12.531,0.041
3744.68814,12.17,0.038
3751.75908,12.406,0.054
3754.66734,12.366,0.032
3756.74279,12.314,0.089
3759.64402,12.191,0.052
3761.79219,12.612,0.051
3767.63839,12.37,0.042
3769.73679,12.549,0.093
3779.67798,12.54,0.095
3788.69177,12.529,0.091
3791.64645,12.347,0.057
3793.68844,12.351,0.068
3796.62508,12.592,0.069
3798.68066,12.456,0.074
3800.66326,12.222,0.075
3806.60559,12.338,0.049
3809.63133,12.232,0.058
3811.63787,12.413,0.072
3814.58466,12.373,0.077
3816.62893,12.42,0.078
3818.63323,12.226,0.079
3821.56734,12.743,0.102
3823.60822,12.355,0.075
3825.62017,12.221,0.057
3828.54333,12.3,0.064
3833.52171,12.558,0.071
3835.53627,12.417,0.064
3837.5496,12.446,0.075
3849.53532,12.429,0.061
3852.49298,12.492,0.103
3854.50805,12.732,0.09
3861.4744,12.336,0.06
3863.49889,12.25,0.072
3866.46555,12.246,0.1
3869.47098,12.393,0.061
3872.46275,12.364,0.101
3883.45275,12.45,0.095
4091.73042,12.782,0.038
4106.7884,12.324,0.043
4111.79807,12.878,0.045
4126.62757,12.292,0.038
4128.64886,12.403,0.05
4134.70803,12.402,0.062
4136.70896,12.324,0.05
4140.7331,12.575,0.072
4143.59572,12.475,0.064
4145.6804,12.338,0.057
4150.73102,12.442,0.077
4153.5564,12.478,0.047
4155.64704,12.494,0.082
4161.63596,12.205,0.088
4163.64118,12.795,0.099
4165.66039,12.263,0.05
4168.66105,12.277,0.052
4173.65475,12.536,0.069
4179.62514,12.321,0.052
4182.5759,12.436,0.067
4189.57396,12.481,0.034
4191.58036,12.496,0.048
4193.58471,12.477,0.066
4197.54965,12.424,0.066
4203.56267,12.644,0.071
4228.50635,12.627,0.051
4231.47013,12.347,0.061
4233.49578,12.329,0.042
4236.47455,12.439,0.066
4247.45672,12.344,0.055
4392.86987,12.527,0.04
4409.84936,12.246,0.038
4420.85035,12.365,0.044
4423.82091,12.248,0.035
4427.80619,12.245,0.036
4430.79838,12.327,0.036
4435.77944,12.266,0.058
4438.77757,12.263,0.042
4441.76594,12.453,0.04
4453.75826,12.35,0.051
4456.74936,12.154,0.043
4461.77324,12.644,0.036
4464.7324,12.293,0.041
4467.72546,12.313,0.048
4470.72302,12.346,0.051
4476.81378,12.205,0.067
4479.69095,12.299,0.043
4482.71242,12.344,0.063
4485.69922,12.228,0.053
4489.69978,12.239,0.046
4491.72049,12.283,0.054
4493.74448,12.605,0.059
4497.68267,12.307,0.055
4500.63626,12.346,0.047
4503.63231,12.3,0.052
4506.63619,12.286,0.043
4508.71962,12.558,0.069
4511.59855,12.229,0.059
4516.62274,12.568,0.059
4518.67067,12.288,0.037
4520.69573,12.317,0.064
4522.68977,12.664,0.055
4524.70043,12.32,0.064
4529.63387,12.281,0.053
4532.59162,12.117,0.062
4536.55477,12.294,0.033
4538.61926,12.412,0.046
4546.5788,12.388,0.074
4548.57909,12.495,0.069
4551.57728,12.264,0.059
4553.60917,12.21,0.074
4556.52671,12.58,0.062
4558.54952,12.16,0.061
4561.53427,12.191,0.043
4563.56964,12.456,0.049
4566.51581,12.308,0.066
4571.48269,12.558,0.055
4573.5239,12.327,0.063
4575.55562,12.201,0.059
4580.53407,12.384,0.054
4585.51887,12.457,0.053
4588.51584,12.686,0.062
4591.48761,12.344,0.048
4602.46971,12.483,0.05
4610.45179,12.741,0.065
4758.86789,12.26,0.041
4763.86727,12.476,0.037
4767.86626,12.638,0.036
4771.85719,12.4,0.041
4775.85353,13.133,0.038
4779.85037,12.358,0.046
4784.84664,12.512,0.039
4793.84244,12.24,0.037
4797.82526,12.295,0.059
4800.82628,12.393,0.037
4804.78849,12.287,0.034
4807.79512,12.437,0.036
4810.79222,12.532,0.037
4813.79438,12.389,0.045
4816.80999,12.292,0.047
4820.73923,12.294,0.042
4823.7467,12.257,0.043
4826.75935,12.215,0.043
4829.72921,12.507,0.041
4835.71464,12.349,0.037
4838.70409,12.263,0.035
4845.69025,12.359,0.061
4847.75567,12.343,0.042
4850.69943,12.608,0.034
4853.6929,12.37,0.053
4856.6791,12.21,0.062
4859.68684,12.245,0.044
4862.69195,12.18,0.101
4868.64737,12.394,0.044
4871.66195,12.489,0.062
4877.63192,12.305,0.04
4880.63523,12.664,0.074
4882.70154,12.551,0.07
4885.70765,12.584,0.072
4888.59774,12.335,0.068
4890.68234,12.344,0.056
4893.58495,12.248,0.044
4901.64781,12.24,0.08
4905.57865,12.63,0.069
4907.62235,12.574,0.073
4911.58916,12.254,0.085
4918.60506,12.478,0.066
4921.53422,12.472,0.067
4929.58764,12.54,0.061
4932.57941,12.38,0.049
4966.47932,12.549,0.075
4969.46901,12.418,0.053
5147.8593,12.246,0.042
5164.78679,12.489,0.055
5168.79754,12.324,0.046
