1877.83984,10.892,0.048
1879.72353,10.393,0.052
1881.84335,10.823,0.045
1884.77093,10.343,0.046
1885.805,10.589,0.045
1886.7932,10.742,0.046
1887.7719,10.901,0.052
1888.80656,10.48,0.056
1889.78391,10.283,0.048
1899.73333,10.186,0.05
1900.73585,10.405,0.044
1902.72036,10.779,0.045
1905.72924,10.359,0.051
1906.71775,10.569,0.048
1908.7126,10.9,0.046
1913.69618,10.896,0.045
1915.70523,10.216,0.05
1918.68465,10.858,0.049
1919.72204,10.885,0.049
1920.69763,10.192,0.048
1921.69399,10.401,0.046
1923.68794,10.791,0.042
1924.68304,10.93,0.049
1925.68608,10.39,0.044
1926.67804,10.344,0.044
1928.68435,10.726,0.045
1929.67044,10.876,0.046
1930.67298,10.645,0.044
1931.6703,10.256,0.056
1932.66807,10.521,0.042
1934.66467,10.837,0.043
1936.6434,10.188,0.042
1937.68144,10.475,0.041
1939.62136,10.807,0.04
1940.65855,10.909,0.039
1945.65089,10.943,0.043
1946.65748,10.429,0.044
1948.60126,10.551,0.049
1949.64135,10.718,0.046
1950.62809,10.904,0.044
1952.6186,10.239,0.043
1953.61884,10.5,0.042
1954.6267,10.66,0.045
1955.61624,10.874,0.042
1958.60448,10.43,0.041
1959.6143,10.644,0.043
1961.60821,10.932,0.042
1963.58895,10.343,0.043
1964.60794,10.593,0.043
1965.59663,10.783,0.042
1966.59398,10.955,0.045
1967.59332,10.517,0.045
1977.71767,10.838,0.052
1979.56871,10.463,0.055
1981.56053,10.848,0.05
1984.53253,10.355,0.051
2026.49153,10.338,0.043
2033.50437,10.677,0.052
2070.44847,10.699,0.05
2167.87368,10.264,0.052
2171.8907,10.882,0.051
2173.87491,10.445,0.048
2183.88267,10.313,0.048
2185.84582,10.727,0.05
2189.87849,10.483,0.048
2191.8432,10.809,0.065
2193.8417,10.163,0.046
2196.82676,10.778,0.063
2198.82239,10.26,0.047
2200.82788,10.608,0.048
2202.81305,10.893,0.046
2208.82301,10.771,0.059
2212.78819,10.881,0.048
2214.7779,10.176,0.05
2215.85571,10.383,0.049
2217.79304,10.773,0.048
2221.80339,10.533,0.056
2224.78026,10.554,0.047
2226.76419,10.517,0.047
2227.8615,10.696,0.054
2229.76905,10.863,0.046
2232.77268,10.682,0.044
2234.75396,10.915,0.046
2236.73774,10.415,0.048
2237.8273,10.632,0.053
2241.7343,10.294,0.049
2520.90403,10.543,0.048
2545.84102,10.215,0.044
2557.82268,10.595,0.043
2559.84421,10.905,0.042
2561.85933,10.301,0.042
2565.84256,10.842,0.044
2621.82171,10.753,0.043
2623.76001,10.708,0.044
2625.75489,10.513,0.05
2628.70948,10.975,0.046
2632.81363,10.818,0.042
2639.73145,10.482,0.046
2641.7413,10.565,0.042
2643.75313,10.915,0.047
2645.72128,10.246,0.042
2647.71777,10.7,0.04
2650.69185,10.201,0.049
2652.71427,10.655,0.041
2655.65924,10.309,0.041
2657.80285,10.627,0.047
2661.76494,10.346,0.043
2663.7614,10.745,0.042
2665.75307,10.715,0.043
2667.75376,10.513,0.043
2669.7439,10.851,0.043
2671.74231,10.18,0.042
2675.72463,10.932,0.042
2677.70668,10.366,0.041
2679.65276,10.756,0.067
2679.68725,10.745,0.063
2681.66879,10.515,0.043
2683.65288,10.522,0.042
2685.63349,10.833,0.047
2686.78359,10.65,0.049
2688.68336,10.484,0.044
2689.79558,10.714,0.057
2691.70962,10.921,0.044
2693.72388,10.467,0.051
2697.69037,10.313,0.05
2699.68554,10.596,0.051
2701.68348,11.004,0.048
2703.67923,10.314,0.043
2707.66768,10.826,0.046
2711.61145,10.852,0.041
2713.61891,10.175,0.043
2715.63319,10.604,0.048
2719.54447,10.304,0.039
2720.68679,10.703,0.063
2722.61222,10.885,0.042
2724.61013,10.265,0.038
2726.60845,10.72,0.041
2728.59965,10.839,0.046
2730.59556,10.45,0.04
2733.64187,10.924,0.044
2735.6375,10.419,0.042
2737.62465,10.81,0.043
2739.61714,10.37,0.046
2741.58446,10.579,0.042
2743.59198,10.925,0.044
2745.60456,10.301,0.06
2754.52548,10.945,0.041
2756.52713,10.403,0.046
2758.52022,10.766,0.055
2760.5401,10.433,0.041
2762.53888,10.523,0.056
2764.52335,10.884,0.045
2766.58958,10.297,0.042
2776.53285,10.235,0.044
2784.47785,10.735,0.043
2786.47804,10.752,0.041
2789.47671,10.684,0.046
2791.50975,10.896,0.052
2794.48216,10.619,0.047
2797.4818,10.239,0.06
2811.4593,10.831,0.041
2814.45225,10.409,0.049
2886.90159,10.202,0.042
2894.88634,10.735,0.043
2900.89755,10.826,0.057
2906.88298,10.951,0.039
2910.8805,10.803,0.039
2916.84226,10.921,0.039
2922.83344,10.881,0.046
2925.87553,10.688,0.041
2928.84141,10.213,0.06
2931.84451,10.812,0.044
2934.82765,10.309,0.043
2940.79624,10.501,0.041
2942.83459,10.862,0.04
2946.772,10.66,0.04
2948.84207,10.975,0.04
2955.8097,10.304,0.044
2958.81178,10.906,0.043
2961.83707,10.534,0.035
2964.806,10.95,0.043
2971.7619,10.367,0.042
2976.77344,10.315,0.043
2978.77374,10.709,0.042
2983.75422,10.661,0.045
2986.74443,10.195,0.041
2989.7415,10.811,0.042
2991.80088,10.235,0.04
2996.78443,10.476,0.044
3000.72557,10.873,0.044
3005.69574,10.832,0.034
3007.73855,10.178,0.045
3009.77115,10.64,0.047
3011.7985,10.92,0.046
3015.68516,10.759,0.046
3019.7333,10.52,0.041
3025.65882,10.672,0.034
3031.73923,10.83,0.039
3033.73251,10.289,0.041
3035.76047,10.634,0.045
3043.65261,10.86,0.046
3045.68137,10.447,0.043
3048.65472,10.941,0.041
3051.62644,10.596,0.048
3053.67565,10.935,0.05
3055.74152,10.357,0.075
3057.76188,10.734,0.051
3060.63016,10.252,0.043
3062.63733,10.692,0.068
3064.69459,10.841,0.049
3067.69419,10.675,0.035
3069.70758,10.941,0.05
3071.72611,10.449,0.042
3074.63047,10.952,0.043
3076.65878,10.332,0.034
3078.66063,10.745,0.052
3082.7082,10.542,0.05
3086.70003,10.207,0.055
3091.52666,10.271,0.043
3093.56046,10.628,0.042
3097.5666,10.326,0.043
3099.57636,10.675,0.046
3101.58646,10.718,0.037
3103.59315,10.686,0.033
3105.58794,10.864,0.063
3109.59549,10.655,0.043
3111.59318,10.958,0.045
3113.61024,10.395,0.033
3115.62532,10.779,0.043
3116.52171,10.937,0.05
3122.53814,10.731,0.043
3124.56385,10.494,0.034
3126.58644,10.88,0.035
3129.51337,10.423,0.053
3131.53756,10.787,0.036
3133.54382,10.234,0.044
3142.5262,10.881,0.033
3159.46908,10.575,0.043
3163.46877,10.869,0.032
3165.48409,10.205,0.043
3169.4645,10.969,0.041
3176.4568,10.345,0.047
3296.8498,10.236,0.043
3356.76585,10.713,0.037
3362.74681,10.826,0.056
3366.72745,10.616,0.044
3385.66813,10.188,0.041
3387.71025,10.611,0.058
3389.76231,10.928,0.061
3391.8186,10.349,0.06
3392.72606,10.588,0.053
3395.64741,10.726,0.065
3397.68692,10.468,0.046
3399.72698,10.83,0.053
3404.74175,10.832,0.048
3406.78237,10.172,0.053
3409.59742,11.085,0.052
3411.65014,10.44,0.05
3413.70008,10.589,0.055
3415.71061,10.89,0.049
3417.70231,10.275,0.057
3419.68823,10.679,0.06
3425.71649,10.775,0.058
3427.74575,10.218,0.065
3431.6959,10.969,0.043
3433.72242,10.35,0.062
3436.71664,10.89,0.053
3439.6985,10.496,0.046
3443.54429,10.159,0.039
3445.57632,10.611,0.065
3447.59078,10.893,0.071
3449.61343,10.345,0.06
3449.69562,10.396,0.049
3452.53911,10.929,0.042
3454.59602,10.25,0.059
3456.58866,10.685,0.054
3458.57715,10.779,0.039
3460.58208,10.46,0.05
3462.58872,10.89,0.069
3464.62308,10.18,0.037
3466.63797,10.827,0.057
3469.63028,10.256,0.049
3471.64686,10.619,0.035
3473.63379,10.962,0.052
3476.5481,10.528,0.053
3478.57201,10.821,0.052
3480.59793,10.182,0.043
3482.60633,10.718,0.046
3490.56509,10.266,0.059
3492.56689,10.6,0.052
3497.55422,10.529,0.047
3500.53506,10.806,0.042
3502.55679,10.441,0.061
3504.5631,10.838,0.038
3511.53555,10.306,0.042
3520.49626,10.901,0.057
3523.47085,10.437,0.06
3526.4763,10.958,0.054
3528.49745,10.413,0.074
3530.49478,10.758,0.035
3542.45093,10.912,0.069
3631.88208,10.729,0.05
3636.88577,10.92,0.055
3640.88703,10.764,0.047
3644.88679,10.58,0.058
3650.85158,10.706,0.046
3653.86644,10.235,0.059
3656.87293,10.86,0.053
3660.83792,10.646,0.054
3664.82866,10.341,0.052
3668.85993,10.528,0.045
3672.81802,10.885,0.048
3699.80948,10.903,0.056
3705.82892,10.28,0.055
3708.77498,10.734,0.051
3715.75576,10.818,0.057
3718.74799,10.696,0.063
3721.74118,10.19,0.051
3724.73497,10.767,0.054
3727.71791,10.316,0.055
3730.77994,10.887,0.054
3733.78123,10.511,0.051
3736.74814,10.869,0.05
3739.68805,10.634,0.059
3741.76633,10.902,0.055
3744.69647,10.59,0.054
3749.79315,10.544,0.064
3752.73208,10.711,0.063
3755.64766,10.669,0.055
3757.70471,10.87,0.053
3759.75125,10.475,0.06
3762.67903,10.862,0.068
3764.79734,10.409,0.06
3770.60127,10.55,0.055
3772.67427,10.869,0.064
3774.77758,10.224,0.059
3779.64007,10.183,0.065
3790.7704,10.4,0.063
3795.69264,10.249,0.051
3797.68331,10.691,0.054
3799.72784,10.875,0.051
3802.59646,10.648,0.062
3804.66141,10.898,0.058
3806.66674,10.338,0.064
3811.67954,10.295,0.055
3813.69799,10.716,0.059
3815.72315,10.705,0.062
3818.54732,10.632,0.055
3820.58722,10.899,0.069
3822.66907,10.432,0.067
3825.53156,10.94,0.072
3827.54675,10.352,0.06
3829.57465,10.725,0.056
3831.57687,10.548,0.054
3833.58508,11.07,0.06
3835.5974,10.93,0.062
3837.63512,10.241,0.062
3849.53102,10.547,0.059
3851.5499,10.859,0.052
3853.56237,10.263,0.043
3855.57495,10.721,0.046
3858.53849,10.179,0.057
3860.56177,10.633,0.05
3862.54984,10.92,0.047
3864.57569,10.435,0.054
3867.53379,10.902,0.058
3869.54079,10.307,0.058
3871.53968,10.72,0.058
3875.54202,10.493,0.05
3887.48881,10.758,0.062
3892.48062,10.709,0.051
3902.45891,10.624,0.051
3905.45048,10.206,0.06
3908.45612,10.803,0.051
4091.73916,10.691,0.036
4103.79181,10.57,0.043
4106.6856,10.541,0.036
4109.74379,10.749,0.057
4125.7621,10.428,0.046
4127.80397,10.571,0.036
4130.6263,10.815,0.039
4132.67005,10.44,0.046
4134.71177,10.819,0.042
4136.71274,10.177,0.042
4140.73434,10.938,0.037
4142.75962,10.363,0.037
4145.60402,10.922,0.04
4147.66639,10.278,0.036
4150.70671,10.89,0.036
4152.72766,10.218,0.037
4154.76244,10.695,0.047
4159.61347,10.67,0.046
4161.62153,10.877,0.046
4165.65408,10.717,0.046
4168.65785,10.254,0.045
4173.65193,10.217,0.039
4175.66422,10.701,0.045
4178.6907,10.036,0.069
4181.57705,10.717,0.047
4183.59115,10.379,0.043
4185.61355,10.59,0.039
4189.58444,10.256,0.036
4191.59319,10.677,0.038
4193.59908,10.841,0.04
4196.61476,10.625,0.055
4201.60369,10.607,0.039
4204.60338,10.36,0.037
4216.55579,10.44,0.042
4228.50261,10.717,0.036
4230.51323,10.737,0.036
4232.5276,10.511,0.041
4234.52592,10.846,0.037
4236.52539,10.19,0.053
4246.51613,10.493,0.038
4256.48186,10.953,0.04
4258.49386,10.433,0.036
4269.47479,10.526,0.039
4347.91206,10.467,0.044
4363.88562,10.487,0.041
4367.89216,10.225,0.041
4371.87978,10.952,0.041
4376.86691,10.938,0.042
4380.8502,10.752,0.044
4384.84542,10.533,0.044
4388.86252,10.185,0.051
4391.86455,10.821,0.059
4402.85649,10.861,0.04
4406.85356,10.714,0.059
4409.83304,10.192,0.039
4413.83217,10.955,0.045
4421.82964,10.545,0.039
4425.83635,10.249,0.035
4428.80394,10.819,0.043
4431.80061,10.432,0.041
4437.78468,10.596,0.035
4440.77337,10.508,0.038
4443.77894,10.731,0.037
4452.74138,10.457,0.05
4455.73444,10.952,0.038
4458.7156,10.562,0.047
4461.7122,10.559,0.04
4463.82432,10.55,0.039
4466.70555,10.826,0.042
4469.70672,10.662,0.041
4472.78527,10.144,0.066
4478.68812,10.345,0.037
4484.81657,10.547,0.044
4487.64966,10.847,0.041
4489.7111,10.515,0.041
4491.73464,10.828,0.041
4493.75861,10.175,0.037
4499.75669,10.37,0.057
4502.67371,10.844,0.039
4504.74207,10.28,0.039
4507.62406,10.837,0.044
4509.70751,10.236,0.054
4511.77718,10.674,0.04
4517.707,10.781,0.047
4519.71991,10.273,0.048
4521.73564,10.586,0.039
4523.76279,10.884,0.039
4526.58476,10.445,0.045
4528.63869,10.895,0.049
4530.7052,10.209,0.037
4533.59441,10.819,0.041
4536.65133,10.389,0.043
4538.68874,10.786,0.038
4541.54208,10.312,0.039
4543.56601,10.701,0.043
4547.6187,10.477,0.053
4552.59471,10.437,0.035
4554.61641,10.87,0.045
4558.64824,10.632,0.035
4560.65038,10.965,0.041
4563.54982,10.573,0.041
4565.58623,10.915,0.039
4567.60973,10.259,0.041
4571.61494,10.862,0.042
4574.52545,10.653,0.043
4576.5515,10.962,0.054
4580.54932,10.74,0.043
4583.60826,10.341,0.039
4587.57337,10.781,0.045
4589.58965,10.508,0.04
4592.5116,10.904,0.045
4594.56327,10.441,0.04
4596.56647,10.78,0.041
4599.49836,10.526,0.045
4601.54601,10.745,0.041
4607.51758,10.851,0.052
4610.48264,10.461,0.043
4618.49577,10.991,0.044
4622.49428,10.775,0.048
4627.49032,10.698,0.039
4631.48701,10.517,0.045
4728.8893,10.946,0.038
4743.87665,10.838,0.036
4747.85484,10.633,0.037
4751.84562,10.381,0.064
4755.8421,10.444,0.042
4759.83251,10.836,0.041
4763.82787,10.711,0.04
4767.81467,10.44,0.037
4770.8452,11.016,0.04
4774.8017,10.781,0.038
4778.79286,10.548,0.036
4782.83643,10.243,0.046
4786.82409,10.92,0.037
4792.84051,10.263,0.036
4795.8168,10.801,0.044
4798.82089,10.289,0.037
4801.78803,10.915,0.037
4804.79957,10.467,0.036
4807.76608,10.961,0.035
4810.77064,10.593,0.05
4813.7727,10.296,0.044
4816.74521,10.754,0.039
4819.80724,10.3,0.035
4822.73927,10.89,0.04
4825.73545,10.413,0.041
4828.7278,10.928,0.041
4831.71515,10.614,0.037
4834.7053,10.39,0.035
4837.68143,10.694,0.042
4839.78429,10.521,0.041
4842.6804,10.737,0.046
4845.71857,10.172,0.05
4847.78062,10.663,0.041
4850.69449,10.208,0.048
4853.69706,10.803,0.048
4860.63572,10.721,0.046
4865.6652,10.889,0.053
4867.8239,10.624,0.05
4870.65184,11.124,0.04
4872.70587,10.409,0.051
4877.69274,10.323,0.048
4880.69035,10.856,0.05
5164.75467,10.909,0.064
5168.76368,10.862,0.067
