1877.83984,12.564,0.044
1879.72353,12.506,0.047
1880.81709,12.423,0.043
1881.84335,12.609,0.04
1884.77093,12.535,0.04
1885.805,12.541,0.039
1886.7932,12.601,0.04
1887.7719,12.566,0.047
1888.80656,12.582,0.045
1889.78391,12.464,0.043
1899.73333,12.484,0.041
1900.73585,12.739,0.037
1902.72036,12.55,0.039
1905.72924,12.537,0.044
1906.71775,12.528,0.041
1908.7126,12.544,0.04
1913.69618,12.547,0.035
1915.70523,12.572,0.042
1918.68465,12.598,0.039
1919.72204,12.564,0.041
1920.69763,12.463,0.038
1921.69399,12.733,0.039
1923.68794,12.531,0.042
1924.68304,12.602,0.04
1925.68608,12.505,0.036
1926.67804,12.588,0.038
1928.68435,12.595,0.039
1929.67044,12.595,0.039
1930.67298,12.571,0.039
1931.6703,12.822,0.047
1932.66807,12.545,0.039
1934.66467,12.611,0.037
1936.6434,12.593,0.039
1937.68144,12.537,0.043
1939.62136,12.495,0.038
1940.65855,12.53,0.041
1945.65089,12.821,0.039
1946.65748,12.563,0.038
1948.60126,12.575,0.038
1949.64135,12.68,0.039
1950.62809,12.516,0.056
1952.6186,12.897,0.051
1953.61884,12.595,0.048
1954.62933,12.52,0.055
1955.61624,12.872,0.054
1958.60448,12.566,0.051
1959.6143,12.642,0.052
1961.60821,12.509,0.054
1963.58895,12.638,0.055
1964.60794,12.759,0.054
1965.59663,12.538,0.054
1966.59398,12.731,0.059
1967.59332,12.519,0.058
1979.56871,12.598,0.069
1981.56053,12.505,0.063
1984.53253,12.569,0.066
2026.49153,12.508,0.04
2033.50437,12.522,0.05
2070.44847,12.454,0.041
2168.88096,12.537,0.047
2172.87005,12.588,0.054
2183.88722,12.548,0.046
2185.85757,12.492,0.049
2190.82013,12.603,0.045
2192.8308,12.689,0.047
2194.83414,12.508,0.05
2196.85224,12.817,0.061
2198.8317,12.504,0.049
2200.83721,12.485,0.054
2202.82467,12.503,0.048
2214.79205,12.385,0.05
2217.80245,12.852,0.047
2221.80828,12.483,0.052
2224.79424,12.615,0.048
2226.76419,12.598,0.059
2226.77601,12.523,0.049
2227.8615,12.587,0.071
2228.76609,12.593,0.051
2230.76231,12.603,0.05
2232.81178,12.474,0.052
2234.76138,12.995,0.046
2236.74506,12.59,0.052
2237.82993,12.743,0.06
2240.71498,12.492,0.062
2241.7343,13.301,0.061
2241.84132,12.48,0.058
2254.75099,12.51,0.065
2520.90403,12.699,0.054
2545.84102,12.571,0.035
2557.82268,12.572,0.055
2559.84421,12.527,0.041
2561.85933,12.923,0.038
2565.84256,12.523,0.044
2621.82171,12.617,0.032
2623.76001,12.709,0.032
2625.75489,12.597,0.032
2628.70948,12.519,0.031
2628.73186,12.497,0.039
2632.81363,12.606,0.034
2639.73145,12.58,0.034
2641.7413,12.575,0.033
2643.75313,12.827,0.035
2645.72128,12.566,0.029
2647.71777,12.719,0.03
2650.69185,12.707,0.032
2652.71427,12.525,0.034
2655.65924,12.556,0.032
2657.80285,12.511,0.034
2657.80958,12.565,0.041
2661.76494,12.621,0.031
2663.7614,12.537,0.03
2665.75307,12.555,0.03
2667.75376,13.173,0.03
2669.7439,12.567,0.032
2671.74231,12.588,0.03
2675.72463,12.602,0.03
2677.70668,12.567,0.035
2679.68725,12.48,0.051
2681.66879,13.099,0.033
2683.65288,12.562,0.035
2685.63349,12.49,0.038
2686.78359,12.542,0.039
2688.68336,12.722,0.034
2689.79558,12.541,0.035
2691.70962,13.005,0.034
2693.72388,12.547,0.04
2697.69037,12.505,0.043
2699.68554,12.602,0.044
2701.68348,12.674,0.044
2703.67923,12.49,0.038
2705.72789,12.629,0.039
2707.66768,12.554,0.039
2711.61145,12.522,0.031
2713.61891,12.561,0.03
2715.63319,12.695,0.041
2719.54447,12.982,0.036
2720.68679,12.529,0.042
2722.61222,12.654,0.045
2724.61013,12.466,0.038
2726.60845,12.564,0.035
2728.59965,12.61,0.036
2730.59556,12.515,0.038
2733.64187,12.589,0.041
2735.6375,12.571,0.041
2737.62465,12.516,0.043
2739.61714,12.759,0.035
2741.58446,12.467,0.045
2743.59198,12.617,0.04
2745.60456,12.536,0.037
2754.52548,12.534,0.041
2756.52713,12.538,0.039
2758.52022,12.487,0.044
2760.5401,13.128,0.034
2762.53888,12.533,0.044
2764.52335,12.576,0.037
2766.58958,12.535,0.032
2776.53285,12.619,0.045
2784.47785,12.842,0.042
2786.47804,12.532,0.037
2789.47671,12.556,0.042
2791.50975,12.799,0.038
2794.48216,12.6,0.043
2797.4818,12.438,0.039
2811.4593,12.55,0.035
2814.45225,12.601,0.035
2886.90159,12.542,0.031
2894.88634,12.612,0.032
2900.89755,12.562,0.04
2906.88298,12.537,0.031
2910.8805,12.553,0.031
2916.84226,12.548,0.031
2922.83344,12.464,0.031
2925.87553,12.64,0.031
2928.84141,12.583,0.045
2931.84451,12.55,0.032
2934.82765,12.614,0.034
2940.79624,12.58,0.031
2942.83459,12.558,0.032
2946.772,12.538,0.032
2948.84207,12.553,0.031
2955.8097,12.543,0.032
2958.81178,12.454,0.031
2961.83707,12.557,0.031
2964.806,12.558,0.034
2971.7619,12.501,0.031
2976.77344,12.481,0.038
2978.77374,12.497,0.033
2983.75422,12.511,0.034
2986.74443,12.507,0.03
2989.7415,12.482,0.034
2991.80088,12.568,0.041
2996.78443,12.614,0.032
3000.72557,12.601,0.033
3005.69574,12.568,0.029
3007.73855,12.517,0.033
3009.77115,12.58,0.04
3011.7985,13.06,0.032
3015.68516,13.281,0.034
3019.7333,12.545,0.033
3025.65882,12.665,0.038
3031.73923,12.593,0.034
3033.73251,12.544,0.033
3035.76047,12.936,0.033
3043.65261,12.583,0.034
3045.68137,12.57,0.034
3048.65472,12.528,0.035
3051.62644,12.519,0.035
3053.67565,12.601,0.035
3055.74152,12.653,0.047
3057.76188,12.599,0.042
3060.63016,12.528,0.035
3062.63733,12.696,0.047
3064.69459,12.552,0.033
3067.69419,12.551,0.031
3069.70758,12.63,0.037
3071.72611,12.517,0.035
3074.63047,12.568,0.034
3076.65878,12.573,0.032
3078.66063,12.693,0.035
3082.7082,12.587,0.035
3086.70003,12.619,0.048
3091.52666,12.57,0.032
3093.56046,12.614,0.032
3097.5666,12.591,0.034
3099.57636,12.545,0.033
3101.58646,12.574,0.032
3103.59315,12.613,0.033
3105.58794,12.421,0.047
3109.59549,12.562,0.032
3111.59318,12.815,0.031
3113.61024,12.587,0.034
3115.62532,12.478,0.03
3116.52171,12.608,0.038
3122.53814,12.558,0.031
3124.56385,12.531,0.035
3126.58644,12.612,0.032
3129.51337,12.55,0.034
3131.53756,12.519,0.039
3133.54382,12.59,0.033
3142.5262,12.711,0.03
3159.46908,13.088,0.035
3163.46877,12.578,0.034
3165.48409,12.504,0.031
3169.4645,12.564,0.031
3176.4568,12.856,0.031
3296.8498,12.603,0.057
3356.76585,12.599,0.043
3363.72563,12.511,0.041
3385.66813,12.52,0.066
3385.75518,12.537,0.087
3387.7407,12.604,0.082
3389.76231,12.469,0.089
3392.72606,12.675,0.092
3395.64741,12.583,0.085
3397.68692,12.603,0.077
3399.72698,12.498,0.047
3404.74175,12.573,0.052
3406.78237,12.486,0.05
3409.59742,12.541,0.064
3411.65014,12.526,0.043
3413.70008,12.467,0.055
3415.71061,12.591,0.047
3417.70231,12.874,0.051
3419.68823,12.498,0.084
3425.71649,12.559,0.057
3427.74575,13.058,0.084
3431.6959,12.683,0.065
3433.72242,12.505,0.084
3436.71664,12.483,0.039
3439.6985,12.566,0.036
3443.54429,12.509,0.045
3445.57632,13.147,0.085
3447.59078,12.618,0.089
3449.69562,12.559,0.074
3452.58551,12.608,0.079
3454.59602,12.557,0.072
3456.58866,12.485,0.07
3458.57715,12.716,0.066
3460.58208,12.454,0.055
3462.58872,13.202,0.07
3464.62308,12.625,0.061
3466.63797,12.626,0.077
3469.63028,12.493,0.051
3471.64686,12.53,0.045
3473.63379,12.684,0.038
3476.5481,12.669,0.091
3478.57201,12.517,0.053
3480.59793,12.52,0.061
3482.60633,12.606,0.049
3490.56509,12.499,0.073
3492.56689,12.547,0.045
3497.55422,12.627,0.036
3500.53506,12.497,0.039
3502.55679,12.546,0.077
3504.5631,12.638,0.061
3511.53555,12.529,0.057
3520.49626,12.658,0.061
3523.47085,12.652,0.044
3526.4763,12.669,0.04
3528.49745,12.613,0.088
3530.49478,12.527,0.043
3542.45093,12.637,0.064
3631.88208,12.931,0.037
3636.88577,12.492,0.043
3640.88703,12.626,0.045
3644.88679,12.445,0.059
3650.85158,12.564,0.042
3653.86644,12.534,0.041
3656.87293,12.639,0.039
3659.77542,12.738,0.04
3659.783,12.624,0.048
3659.79053,12.556,0.04
3659.8077,12.481,0.045
3659.82244,12.486,0.042
3659.85323,12.612,0.048
3659.88098,12.437,0.042
3660.83792,12.468,0.041
3664.82866,12.652,0.05
3668.85993,12.499,0.039
3672.81802,12.668,0.043
3699.80948,12.504,0.068
3705.82892,12.527,0.036
3708.77498,12.64,0.041
3715.75576,12.513,0.045
3718.74799,12.497,0.072
3721.74118,12.623,0.036
3724.73497,12.643,0.05
3727.71791,12.781,0.043
3730.77994,12.591,0.045
3733.78123,12.519,0.06
3736.74814,12.568,0.051
3739.68805,12.498,0.077
3741.76633,12.524,0.068
3744.69647,12.528,0.04
3749.79315,12.572,0.076
3752.73208,12.51,0.089
3755.64766,12.674,0.065
3757.70471,12.556,0.062
3759.75125,12.655,0.067
3762.67903,12.533,0.072
3764.79734,12.554,0.047
3770.60127,12.757,0.05
3772.67427,12.734,0.089
3774.77758,12.563,0.061
3779.64007,12.644,0.085
3790.7704,12.469,0.074
3795.69264,12.592,0.04
3797.68331,12.567,0.041
3799.72784,12.692,0.036
3802.59646,12.62,0.055
3804.66141,12.532,0.051
3806.66674,12.705,0.074
3811.67954,12.509,0.041
3813.69799,12.499,0.039
3815.72315,12.516,0.042
3818.54732,12.564,0.063
3820.58722,12.688,0.087
3822.66907,12.584,0.075
3825.53156,12.647,0.046
3827.54675,12.746,0.079
3829.57465,12.672,0.05
3831.57687,12.493,0.053
3833.58508,12.613,0.063
3835.5974,12.664,0.061
3837.63512,12.46,0.049
3849.53102,12.669,0.06
3851.5499,12.603,0.039
3853.56237,12.542,0.033
3855.57495,12.607,0.039
3858.53849,12.554,0.059
3860.56177,12.531,0.042
3862.54984,12.495,0.038
3864.57569,12.946,0.043
3867.53379,12.571,0.059
3869.54079,12.478,0.043
3871.53968,12.954,0.073
3875.54202,12.474,0.042
3887.48881,12.618,0.047
3892.48062,12.81,0.039
3902.45891,12.871,0.046
3905.45048,12.615,0.078
3908.45612,12.57,0.052
4091.73916,12.576,0.04
4103.79181,12.461,0.055
4106.6856,12.601,0.037
4109.74379,13.012,0.07
4125.7621,12.599,0.067
4127.80397,12.608,0.045
4130.6263,12.836,0.04
4132.67005,12.404,0.083
4134.71177,12.652,0.052
4136.71274,12.667,0.044
4140.73434,12.603,0.046
4142.75962,12.581,0.051
4145.60402,12.542,0.06
4147.66639,12.632,0.042
4150.70671,12.962,0.038
4152.72766,12.626,0.048
4154.76244,12.493,0.084
4159.61347,12.596,0.086
4161.62153,12.516,0.081
4165.65408,12.557,0.068
4168.65785,12.567,0.071
4173.65193,12.471,0.046
4175.66422,12.46,0.051
4178.6907,12.654,0.044
4181.57705,12.814,0.039
4183.59115,12.54,0.074
4185.61355,12.584,0.047
4189.58444,12.6,0.039
4191.59319,12.655,0.046
4193.59908,12.487,0.055
4196.61476,12.482,0.047
4201.60369,12.602,0.049
4204.60338,12.617,0.045
4216.55579,12.578,0.057
4228.50261,12.572,0.047
4230.51323,12.706,0.046
4232.5276,12.513,0.047
4234.52592,12.538,0.039
4236.52539,13.05,0.046
4246.51613,12.786,0.044
4256.48186,12.686,0.038
4258.49386,12.497,0.039
4269.47479,12.523,0.055
4347.91206,12.598,0.046
4363.88562,12.501,0.044
4367.89216,12.769,0.043
4371.87978,12.548,0.04
4376.86691,12.611,0.041
4380.8502,12.57,0.041
4384.84542,12.677,0.046
4388.86252,12.71,0.052
4391.86455,13.008,0.047
4402.85649,12.615,0.049
4406.85356,12.642,0.052
4409.83304,12.577,0.045
4413.83217,12.732,0.046
4421.82964,12.484,0.041
4425.83635,12.546,0.039
4428.80394,12.677,0.041
4431.80061,12.661,0.041
4437.78468,12.61,0.042
4440.77337,12.549,0.039
4443.77894,12.625,0.041
4452.74138,12.747,0.041
4455.73444,12.498,0.041
4458.7156,12.464,0.044
4461.7122,12.535,0.039
4463.82432,12.918,0.056
4466.70555,12.617,0.051
4469.70672,12.598,0.04
4472.78527,12.634,0.082
4478.68812,12.499,0.042
4484.81657,12.519,0.068
4487.64966,12.499,0.04
4489.7111,12.506,0.044
4491.73464,12.606,0.06
4493.75861,12.543,0.051
4499.75669,12.534,0.074
4502.67371,12.626,0.056
4504.74207,12.726,0.058
4507.62406,12.477,0.041
4509.70751,12.633,0.075
4511.77718,12.975,0.051
4517.707,12.438,0.06
4519.71991,12.608,0.058
4521.73564,12.671,0.058
4523.76279,12.451,0.055
4526.58476,12.534,0.04
4528.63869,12.528,0.064
4530.7052,12.537,0.041
4533.59441,12.635,0.04
4536.65133,12.575,0.054
4538.68874,12.667,0.04
4541.54208,12.586,0.049
4543.56601,12.646,0.045
4547.6187,12.391,0.045
4552.59471,12.565,0.039
4554.61641,12.627,0.046
4558.64824,12.483,0.042
4560.65038,12.542,0.057
4563.54982,12.999,0.041
4565.58623,12.532,0.037
4567.60973,12.639,0.052
4571.61494,12.6,0.044
4574.52545,12.63,0.041
4576.5515,12.426,0.044
4580.54932,12.89,0.043
4583.60826,12.766,0.045
4587.57337,12.663,0.047
4589.58965,12.601,0.053
4592.5116,12.645,0.056
4594.56327,12.557,0.046
4596.56647,12.54,0.047
4599.49836,12.574,0.054
4601.54601,12.585,0.06
4607.51758,12.451,0.072
4610.48264,12.519,0.066
4618.49577,12.807,0.046
4627.49032,12.489,0.055
4631.48701,12.55,0.051
4728.8893,12.511,0.047
4743.87665,12.572,0.043
4747.85484,12.702,0.038
4751.84562,12.547,0.049
4755.8421,12.644,0.041
4759.83251,12.651,0.042
4763.82787,12.976,0.042
4767.81467,12.508,0.055
4770.8452,12.695,0.041
4774.8017,12.467,0.056
4778.79286,12.558,0.039
4782.83643,12.491,0.061
4786.82409,12.58,0.043
4792.84051,12.589,0.039
4795.8168,12.501,0.051
4798.82089,12.613,0.044
4801.78803,12.621,0.044
4804.79957,12.916,0.05
4807.76608,12.577,0.037
4810.77064,12.664,0.04
4813.7727,12.624,0.044
4816.74521,12.471,0.04
4819.80724,12.424,0.038
4822.73927,12.562,0.062
4825.73545,12.515,0.037
4828.7278,13.013,0.044
4831.71515,12.667,0.038
4834.7053,12.479,0.037
4837.68143,12.58,0.038
4839.78429,12.597,0.045
4842.6804,13.093,0.041
4845.71857,12.858,0.038
4847.78062,12.498,0.06
4850.69449,12.445,0.058
4853.69706,12.646,0.064
4860.63572,12.598,0.07
4867.8239,12.631,0.049
4870.65184,12.594,0.041
4872.70587,12.457,0.053
4877.69274,12.55,0.062
4880.69035,12.544,0.074
5164.75467,12.49,0.074
5168.76368,12.442,0.049
