1868.78915,9.124,0.052
1869.78652,9.132,0.052
1871.74405,9.173,0.056
1872.8283,9.182,0.048
1874.73348,9.21,0.053
1875.85206,9.226,0.051
1877.7237,9.239,0.047
1878.81655,9.228,0.044
1880.70333,9.272,0.048
1881.76612,9.272,0.046
1884.75236,9.297,0.043
1886.78139,9.291,0.042
1887.7557,9.295,0.046
1888.75291,9.267,0.049
1889.77006,9.276,0.046
1899.71938,9.156,0.044
1900.72639,9.118,0.038
1902.70865,9.078,0.044
1903.73649,9.065,0.046
1904.71313,9.048,0.047
1905.71283,9.036,0.048
1906.70373,9.013,0.046
1907.70854,9,0.045
1908.70536,8.967,0.041
1913.68437,8.87,0.039
1914.69378,8.864,0.042
1915.69791,8.843,0.045
1918.67266,8.792,0.045
1919.70291,8.765,0.043
1920.6836,8.763,0.043
1921.6791,8.736,0.041
1922.67919,8.724,0.039
1923.67382,8.713,0.052
1924.66892,8.704,0.056
1925.67195,8.702,0.045
1926.67067,8.724,0.036
1928.67021,8.706,0.041
1929.66303,8.713,0.04
1930.66562,8.726,0.038
1931.65622,8.717,0.045
1932.65329,8.729,0.037
1933.65267,8.743,0.035
1934.65056,8.756,0.038
1935.59705,8.766,0.039
1937.6348,8.791,0.032
1938.65187,8.796,0.035
1939.69798,8.815,0.036
1941.60968,8.85,0.037
1945.63344,8.917,0.037
1946.63689,8.926,0.04
1947.64637,8.955,0.042
1949.60652,8.997,0.042
1950.60705,9.005,0.039
1952.60676,9.022,0.039
1953.61144,9.042,0.035
1954.61256,9.024,0.037
1955.60667,9.062,0.035
1958.59042,9.11,0.036
1959.60692,9.114,0.037
1961.59403,9.128,0.036
1963.57717,9.133,0.037
1964.58486,9.154,0.035
1965.58252,9.148,0.035
1966.58439,9.148,0.039
1967.57878,9.153,0.038
1968.57635,9.123,0.038
1977.71941,9.076,0.045
1979.56148,8.978,0.043
1981.54879,8.949,0.044
2026.49371,8.974,0.044
2031.48365,9.003,0.052
2033.50895,8.999,0.049
2054.46006,9.189,0.065
2070.4511,9.16,0.052
2131.9294,8.91,0.054
2134.93096,8.856,0.051
2136.93094,8.858,0.053
2144.91642,8.782,0.057
2167.86731,8.73,0.047
2171.8797,8.755,0.04
2173.86135,8.771,0.046
2183.86477,8.88,0.035
2185.83007,8.911,0.038
2189.86521,8.977,0.035
2191.82516,8.985,0.039
2193.82792,9,0.038
2198.8042,8.989,0.044
2200.8145,8.974,0.044
2212.79678,8.836,0.047
2213.82155,8.808,0.042
2215.78892,8.81,0.044
2217.77236,8.802,0.046
2221.79652,8.747,0.049
2225.74759,8.691,0.042
2227.76681,8.676,0.043
2229.75736,8.635,0.041
2232.80447,8.623,0.042
2234.73722,8.603,0.041
2235.81799,8.601,0.044
2237.73448,8.583,0.045
2239.79585,8.51,0.049
2241.71998,8.506,0.045
2250.76305,8.505,0.049
2255.74459,8.486,0.048
2498.93061,9.158,0.055
2520.89241,9.002,0.048
2545.83397,9.027,0.045
2557.80925,9.171,0.036
2559.82567,9.231,0.036
2561.83161,9.251,0.036
2565.82912,9.325,0.035
2621.79605,8.985,0.041
2623.7505,9.03,0.037
2625.7362,9.06,0.035
2628.71779,9.135,0.046
2631.84337,9.155,0.047
2635.69708,9.229,0.033
2637.7091,9.249,0.035
2639.71257,9.268,0.035
2641.72022,9.296,0.036
2643.73197,9.338,0.037
2645.71383,9.353,0.035
2647.69891,9.356,0.034
2650.67308,9.407,0.031
2652.69317,9.417,0.037
2657.72106,9.369,0.037
2659.74895,9.329,0.041
2661.74613,9.256,0.037
2663.74257,9.189,0.036
2665.73425,9.124,0.034
2669.72438,8.975,0.036
2671.72347,8.93,0.035
2673.71929,8.891,0.039
2675.70578,8.842,0.032
2677.68781,8.809,0.036
2679.65925,8.789,0.063
2680.83219,8.777,0.042
2683.80455,8.734,0.039
2685.6471,8.709,0.047
2689.6521,8.672,0.04
2690.79458,8.671,0.047
2693.55528,8.672,0.034
2694.78687,8.686,0.037
2696.75288,8.721,0.037
2699.52635,8.765,0.033
2703.57631,8.851,0.036
2705.56838,8.909,0.034
2707.56649,8.94,0.033
2709.56018,8.973,0.034
2711.56455,8.999,0.034
2713.57669,9.026,0.038
2715.57203,9.04,0.038
2717.72906,9.099,0.054
2720.58712,9.026,0.049
2722.58409,9.068,0.044
2724.5821,9.045,0.045
2726.58044,9.002,0.038
2728.57162,8.953,0.038
2730.56756,8.886,0.042
2733.61625,8.827,0.042
2735.60937,8.748,0.045
2737.5966,8.665,0.044
2739.59794,8.602,0.042
2741.57037,8.535,0.038
2742.65805,8.515,0.04
2744.59232,8.461,0.045
2746.60341,8.394,0.041
2750.6068,8.397,0.041
2752.57125,8.413,0.042
2755.56145,8.44,0.035
2757.55825,8.477,0.037
2759.58558,8.53,0.042
2761.56135,8.568,0.038
2763.55774,8.637,0.042
2766.54766,8.722,0.04
2770.5487,8.785,0.039
2783.48302,9.054,0.037
2785.48928,9.085,0.035
2787.48907,9.079,0.034
2790.52474,9.081,0.052
2793.45545,9.101,0.045
2796.46407,9.057,0.048
2810.45733,8.748,0.04
2812.46653,8.709,0.036
2885.90522,8.896,0.035
2886.90626,8.852,0.04
2893.90555,8.69,0.046
2896.89567,8.692,0.038
2905.89394,8.861,0.035
2905.89617,8.874,0.038
2905.89839,8.867,0.036
2910.85729,8.942,0.036
2912.87918,8.993,0.04
2924.86612,9.177,0.036
2927.83514,9.218,0.036
2930.84967,9.22,0.035
2933.84359,9.209,0.036
2940.77697,9.113,0.035
2942.82333,9.086,0.036
2944.81502,9.026,0.049
2951.79081,8.94,0.039
2957.81545,8.916,0.035
2961.76505,8.934,0.036
2964.7908,8.954,0.037
2974.78049,9,0.04
2976.80754,8.986,0.035
2978.77099,9.029,0.034
2980.77266,9.023,0.031
2983.74371,9.034,0.034
2986.73077,9.062,0.051
2988.81189,9.083,0.041
2991.72594,9.115,0.037
2996.77169,9.151,0.038
3001.754,9.218,0.03
3006.68832,9.227,0.038
3008.72586,9.192,0.037
3012.79992,9.174,0.044
3016.67462,9.084,0.039
3018.70599,9.047,0.037
3023.69909,8.978,0.032
3028.68655,8.904,0.036
3030.72317,8.873,0.031
3035.65674,8.787,0.037
3039.65967,8.721,0.039
3042.65403,8.686,0.044
3044.6779,8.673,0.037
3047.63391,8.668,0.043
3050.61077,8.697,0.036
3052.72226,8.733,0.047
3054.73039,8.798,0.038
3057.58847,8.835,0.047
3059.65225,8.896,0.038
3063.73608,8.945,0.062
3067.58177,8.994,0.037
3069.6165,8.997,0.041
3071.6275,9.026,0.046
3073.66326,9.029,0.046
3075.68112,9.004,0.035
3077.6992,8.976,0.044
3079.70534,8.966,0.045
3081.73189,8.928,0.038
3086.52415,9.094,0.056
3088.5588,8.817,0.044
3090.55458,8.804,0.042
3096.57079,8.794,0.038
3098.60117,8.797,0.043
3100.60608,8.81,0.035
3102.61284,8.808,0.04
3104.62406,8.84,0.039
3106.61839,8.84,0.045
3108.61936,8.867,0.038
3110.6124,8.896,0.031
3112.62289,8.921,0.039
3114.62876,8.954,0.032
3116.64106,8.966,0.036
3121.57444,9.006,0.033
3125.60101,8.998,0.042
3128.52891,9.031,0.035
3130.54627,8.989,0.037
3132.55789,8.98,0.033
3134.5752,8.956,0.038
3144.54238,8.938,0.032
3153.52562,8.897,0.049
3158.45697,8.84,0.044
3160.50653,8.778,0.049
3164.47924,8.774,0.033
3167.49109,8.772,0.04
3171.47911,8.764,0.038
3176.45203,8.831,0.045
3180.45523,8.88,0.034
3273.87616,9.057,0.032
3277.86198,8.867,0.045
3296.8309,8.7,0.038
3296.86555,8.714,0.044
3356.73674,8.957,0.058
3357.75097,8.948,0.047
3363.74077,8.76,0.046
3367.69693,8.663,0.06
3384.7427,8.763,0.066
3389.69549,8.768,0.05
3391.73898,8.782,0.053
3391.77128,8.764,0.069
3394.77865,8.796,0.053
3397.62813,8.822,0.043
3399.69832,8.837,0.054
3404.71036,8.896,0.046
3406.75259,8.923,0.052
3408.81284,8.939,0.054
3411.62281,8.966,0.049
3413.66812,8.946,0.05
3415.68242,8.956,0.047
3417.67208,8.956,0.052
3419.66056,8.985,0.047
3421.6805,8.961,0.057
3423.66841,8.992,0.046
3425.69509,8.984,0.051
3427.72623,8.978,0.041
3431.67733,8.983,0.045
3433.69928,8.993,0.04
3436.68747,8.973,0.039
3439.6786,8.933,0.043
3443.53366,8.929,0.033
3445.56569,8.879,0.048
3447.57948,8.868,0.061
3449.60292,8.864,0.046
3452.52862,8.847,0.052
3454.59051,9.144,0.065
3456.58576,8.851,0.04
3458.57428,8.888,0.053
3460.57921,8.883,0.048
3462.58587,8.887,0.052
3464.62023,8.94,0.051
3469.6275,8.954,0.044
3471.64026,8.971,0.043
3473.63108,8.981,0.046
3476.54541,9.019,0.06
3478.56932,9.087,0.037
3480.59534,9.099,0.057
3492.56444,9.084,0.047
3496.57925,9.025,0.044
3502.47643,8.982,0.036
3504.52328,8.923,0.052
3509.51772,8.862,0.033
3512.53089,8.935,0.037
3516.53238,8.754,0.068
3520.52616,8.748,0.036
3523.47991,8.706,0.053
3526.48948,8.745,0.048
3528.50299,8.785,0.049
3539.46399,9.072,0.037
3544.45586,9.249,0.05
3622.89147,8.831,0.043
3630.89115,8.997,0.049
3640.8593,9.015,0.042
3644.86321,8.995,0.052
3648.87022,8.951,0.054
3652.85879,8.869,0.052
3659.86729,8.787,0.047
3663.82783,8.761,0.056
3666.86779,8.764,0.052
3670.81266,8.789,0.042
3673.84434,8.834,0.045
3677.81453,8.957,0.051
3701.82775,8.86,0.057
3704.78581,8.82,0.046
3707.77604,8.771,0.045
3711.81398,8.734,0.049
3714.74695,8.715,0.049
3717.74605,8.7,0.057
3720.72828,8.741,0.052
3722.78862,8.772,0.05
3725.77552,8.838,0.049
3732.70289,9.009,0.054
3735.71979,9.049,0.059
3740.74921,9.102,0.053
3743.67712,9.112,0.051
3745.74175,9.073,0.051
3748.6612,9.076,0.061
3750.70552,9.041,0.057
3753.69683,9.124,0.055
3755.75412,9.002,0.053
3757.77912,9.015,0.053
3760.64847,8.999,0.061
3762.74346,8.999,0.053
3765.63138,9.007,0.063
3767.76198,8.969,0.055
3770.59731,8.961,0.058
3772.67099,9,0.055
3774.77437,8.986,0.055
3777.58642,9.05,0.06
3779.62554,9.011,0.059
3787.63239,9.005,0.063
3789.69302,8.963,0.055
3791.78047,8.936,0.053
3793.74059,8.906,0.053
3796.59316,8.87,0.044
3798.64385,8.807,0.055
3800.64103,8.809,0.063
3802.72722,8.741,0.06
3805.55749,8.715,0.059
3808.5893,8.698,0.056
3810.57888,8.642,0.055
3812.59018,8.597,0.054
3814.59983,8.606,0.055
3816.63629,8.618,0.049
3818.64843,8.669,0.048
3820.67623,8.711,0.063
3823.56371,8.724,0.056
3825.59715,8.754,0.052
3827.61105,8.782,0.047
3829.65069,8.787,0.053
3831.64201,8.825,0.057
3833.61866,8.823,0.061
3835.64632,9.232,0.067
3848.52892,8.802,0.065
3850.56591,8.804,0.051
3852.55721,8.768,0.052
3854.56612,8.765,0.058
3860.51883,8.801,0.047
3862.51788,8.83,0.048
3864.54282,8.827,0.049
3866.54416,8.831,0.052
3868.5666,8.848,0.054
3871.49038,8.903,0.045
3875.49228,8.98,0.045
3877.49327,9.037,0.045
3881.48497,9.123,0.047
3883.53221,9.181,0.048
3890.49727,9.209,0.044
3894.45644,9.151,0.051
3898.45639,9.033,0.052
3901.4525,8.928,0.048
3904.45298,8.853,0.049
3907.4572,8.791,0.048
4090.72195,9.185,0.037
4104.7906,9.074,0.05
4105.69752,9.057,0.045
4106.80021,9.152,0.044
4107.74598,9.024,0.042
4111.71558,8.954,0.038
4126.75059,8.886,0.031
4128.77342,8.902,0.032
4131.60709,8.957,0.045
4133.64902,9.005,0.043
4133.7325,9.017,0.056
4135.67172,8.994,0.04
4135.75284,8.995,0.043
4137.67425,9.022,0.039
4137.75309,9.039,0.045
4139.71023,9.046,0.04
4139.78175,9.049,0.041
4141.70824,9.074,0.038
4141.82061,9.065,0.041
4143.71539,9.049,0.037
4149.6726,8.973,0.045
4151.78169,8.916,0.042
4153.68967,8.855,0.036
4155.70683,8.872,0.049
4158.5896,8.77,0.046
4160.63182,8.723,0.036
4160.66842,8.723,0.042
4162.62437,8.718,0.037
4164.63897,8.723,0.041
4167.58974,8.723,0.045
4172.6431,8.821,0.037
4174.65509,8.835,0.033
4176.68257,8.867,0.038
4179.67347,8.872,0.038
4181.68932,8.859,0.05
4184.52436,8.889,0.042
4188.57949,8.89,0.032
4190.59139,8.892,0.036
4192.59347,8.891,0.035
4194.63459,8.903,0.037
4197.6276,8.882,0.045
4200.59556,8.855,0.038
4203.59458,8.821,0.037
4205.60538,8.806,0.04
4213.61012,8.84,0.048
4227.50835,8.992,0.033
4229.5279,9.02,0.037
4231.53329,9.032,0.044
4233.5324,9.063,0.033
4235.53958,9.067,0.034
4237.56659,9.084,0.054
4247.51433,9,0.035
4254.51785,8.832,0.066
4257.50578,8.721,0.045
4269.46451,8.614,0.067
4277.45284,8.79,0.035
4333.92381,8.587,0.041
4341.908,8.708,0.039
4346.90642,8.781,0.038
4346.91613,8.823,0.068
4350.90522,8.831,0.041
4355.88602,8.891,0.034
4362.89772,8.952,0.032
4363.89859,8.958,0.042
4366.87139,8.919,0.036
4368.87729,8.916,0.041
4372.86828,8.927,0.047
4376.8596,8.85,0.039
4376.87429,8.868,0.043
4380.842,8.812,0.042
4380.8617,8.827,0.044
4384.83542,8.79,0.039
4384.85257,8.813,0.043
4387.85976,8.785,0.047
4403.84099,8.6,0.039
4404.84993,8.572,0.034
4407.85498,8.526,0.041
4408.80373,8.518,0.037
4411.84871,8.489,0.039
4421.81135,8.662,0.04
4425.80764,8.767,0.038
4428.7971,8.836,0.044
4429.78049,8.879,0.043
4431.78412,8.901,0.038
4432.80465,8.985,0.045
4435.79764,9.027,0.039
4437.76456,9.054,0.033
4438.78741,9.113,0.045
4440.7543,9.094,0.035
4443.75598,9.133,0.036
4452.72412,9.047,0.044
4455.71392,8.931,0.042
4456.73391,8.934,0.053
4457.79367,8.867,0.037
4460.71529,8.751,0.041
4463.70276,8.667,0.035
4464.72487,8.627,0.043
4465.78969,8.624,0.047
4467.71782,8.551,0.048
4468.71687,8.536,0.04
4474.72579,8.477,0.044
4477.74005,8.476,0.037
4480.65313,8.53,0.049
4484.66873,8.601,0.039
4486.72397,8.669,0.054
4488.78263,8.708,0.049
4491.61777,8.795,0.034
4493.6745,8.831,0.032
4499.6639,8.933,0.037
4501.84452,8.998,0.04
4504.65799,9.059,0.046
4506.76996,9.102,0.035
4509.62678,9.134,0.042
4511.67104,9.15,0.037
4515.61405,9.158,0.048
4517.67675,9.138,0.05
4519.68091,9.155,0.043
4521.69939,9.135,0.033
4523.72504,9.119,0.033
4525.78016,9.08,0.039
4528.58409,9.039,0.046
4530.64885,9.005,0.046
4532.71711,8.952,0.037
4536.56232,8.896,0.042
4538.62999,8.884,0.041
4540.62851,8.844,0.047
4542.63801,8.866,0.049
4546.67281,8.862,0.043
4548.6699,8.847,0.042
4551.62305,8.876,0.038
4555.65066,8.886,0.036
4557.67033,8.913,0.038
4560.56189,8.918,0.039
4562.58826,8.927,0.042
4564.64561,8.954,0.036
4566.65048,8.94,0.038
4569.5259,9.019,0.039
4571.549,9.06,0.04
4573.58591,9.088,0.042
4575.62239,9.131,0.039
4579.622,9.195,0.045
4582.62116,9.179,0.045
4586.51851,9.163,0.036
4588.59306,9.135,0.045
4591.50224,9.111,0.038
4593.5393,9.082,0.041
4595.53351,9.053,0.036
4597.53705,9.004,0.037
4599.57253,8.942,0.045
4602.52806,8.964,0.044
4606.52803,8.874,0.047
4609.49729,8.779,0.037
4618.46734,8.631,0.038
4622.46862,8.592,0.04
4624.46634,8.599,0.048
4641.46384,8.756,0.042
4642.45551,8.793,0.044
4704.91904,8.748,0.038
4704.92195,8.766,0.045
4722.89626,9.019,0.034
4727.89584,8.951,0.04
4728.89822,8.958,0.04
4732.88723,8.929,0.061
4743.86158,8.878,0.037
4743.88486,8.883,0.037
4746.85536,8.841,0.035
4747.86676,8.832,0.041
4750.85156,8.776,0.034
4755.8526,8.773,0.043
4758.82647,8.714,0.036
4759.84794,8.692,0.048
4762.8117,8.721,0.034
4763.8346,8.745,0.042
4765.84864,8.715,0.039
4767.82653,8.759,0.037
4769.8063,8.759,0.033
4770.8575,8.778,0.043
4772.84128,8.779,0.033
4774.81062,8.785,0.037
4776.80613,8.799,0.034
4778.79915,8.82,0.039
4780.79142,8.802,0.035
4782.84999,8.839,0.042
4784.78125,8.818,0.036
4786.83492,8.847,0.04
4787.83886,8.853,0.036
4793.78354,8.856,0.045
4793.80773,8.9,0.036
4797.79407,8.968,0.038
4797.81706,8.997,0.04
4800.77493,9.026,0.046
4800.82135,9.068,0.052
4804.73353,9.119,0.037
4804.75495,9.138,0.04
4807.75072,9.129,0.034
4807.7868,9.147,0.039
4810.74775,9.186,0.05
4810.78635,9.159,0.048
4813.75362,9.129,0.044
4813.79685,9.12,0.047
4816.72362,9.056,0.036
4819.7682,8.99,0.035
4820.7169,8.952,0.042
4822.72647,8.885,0.035
4823.74663,8.907,0.042
4825.71203,8.792,0.038
4826.75269,8.759,0.043
4828.70429,8.623,0.037
4829.72082,8.602,0.041
4831.69245,8.546,0.034
4834.68003,8.464,0.04
4835.7088,8.451,0.069
4836.77419,8.428,0.042
4838.70419,8.426,0.045
4839.66974,8.403,0.046
4843.81212,8.406,0.043
4846.72758,8.509,0.04
4846.75852,8.504,0.04
4848.84339,8.565,0.039
4849.65771,8.599,0.039
4851.69391,8.641,0.04
4851.76244,8.64,0.049
4857.69462,8.797,0.044
4857.70693,8.8,0.036
4861.6394,8.864,0.061
4863.69614,8.866,0.038
4863.72263,8.898,0.047
4868.76427,8.951,0.046
4870.80618,8.923,0.046
4876.64345,8.94,0.05
4879.61529,8.894,0.041
4879.65137,8.913,0.043
4881.66279,8.903,0.04
4881.69539,8.899,0.039
4883.79368,8.868,0.048
4889.61473,8.823,0.055
4903.66838,8.873,0.063
4916.65398,8.974,0.062
4916.65718,8.953,0.064
4919.59551,8.951,0.056
4926.51131,8.878,0.059
4929.6321,8.854,0.062
4932.61589,8.858,0.06
4947.60094,9.091,0.065
4960.50411,9.113,0.061
4963.51741,9.067,0.068
4988.47401,8.904,0.064
5007.45487,9.077,0.062
5084.89558,8.781,0.051
5087.90209,8.766,0.055
5088.8923,8.778,0.05
5092.88302,8.805,0.049
5099.89093,8.883,0.051
5106.87528,8.974,0.052
5111.85347,9.047,0.05
5118.87323,9.026,0.049
5124.82239,9.035,0.048
5124.84161,9.009,0.07
5129.82371,8.988,0.049
5129.84427,8.988,0.056
5137.80704,8.993,0.058
5137.83918,9.044,0.062
5155.85358,8.898,0.052
5159.75322,8.875,0.052
5163.74456,8.861,0.058
5166.76452,8.894,0.063
5168.76532,8.896,0.07
