1869.79281,9.771,0.05
1871.74818,9.819,0.052
1872.83704,9.831,0.046
1874.73731,9.901,0.058
1875.84916,9.905,0.052
1877.72528,9.933,0.044
1878.81818,9.982,0.042
1880.73482,10,0.056
1881.76997,10.028,0.042
1884.76305,10.078,0.041
1885.80618,10.1,0.041
1886.8015,10.136,0.042
1887.76857,10.152,0.042
1888.77762,10.178,0.049
1889.78055,10.18,0.048
1900.73688,10.414,0.041
1902.71689,10.44,0.038
1903.74472,10.461,0.042
1905.7211,10.486,0.043
1906.71199,10.487,0.038
1907.72152,10.524,0.04
1908.71359,10.52,0.042
1913.69041,10.621,0.038
1915.70845,10.67,0.045
1918.68562,10.715,0.042
1919.73005,10.744,0.042
1920.69411,10.748,0.038
1921.68822,10.775,0.04
1923.67994,10.791,0.038
1925.68034,10.849,0.049
1926.68127,10.855,0.041
1928.67635,10.854,0.038
1929.67374,10.893,0.04
1930.67848,10.92,0.04
1931.66457,10.951,0.048
1932.66234,10.929,0.034
1933.66682,10.952,0.037
1934.65448,10.96,0.037
1937.63722,11.024,0.036
1939.6944,11.037,0.037
1940.67879,11.085,0.035
1945.63593,11.112,0.039
1946.63943,11.128,0.041
1947.64888,11.128,0.042
1949.6083,11.142,0.042
1950.61575,11.162,0.039
1952.62434,11.138,0.039
1953.61552,11.186,0.035
1954.61256,11.111,0.037
1954.63313,11.195,0.039
1955.61969,11.188,0.037
1958.59901,11.194,0.036
1959.61784,11.163,0.038
1961.60044,11.23,0.037
1963.59485,11.239,0.04
1964.60255,11.204,0.036
1965.58896,11.213,0.036
1966.59763,11.208,0.038
1967.58569,11.2,0.037
1968.58058,11.254,0.04
1977.71479,11.168,0.051
1979.55911,11.212,0.05
1981.5622,11.155,0.046
1984.53874,11.123,0.046
1993.51504,11.037,0.052
1995.52345,11.02,0.054
2026.47818,10.093,0.042
2030.49065,9.99,0.047
2032.54073,9.898,0.044
2039.4774,9.744,0.062
2053.51921,9.46,0.045
2054.46006,9.361,0.065
2056.47424,9.381,0.049
2059.4754,9.297,0.046
2069.44929,9.064,0.043
2135.92938,8.235,0.051
2144.92592,8.446,0.055
2167.88278,8.939,0.052
2171.90193,9.036,0.052
2173.88149,9.104,0.052
2184.82925,9.363,0.058
2185.83007,9.37,0.038
2185.89448,9.379,0.051
2189.86521,9.491,0.035
2190.82419,9.56,0.049
2191.82516,9.514,0.039
2192.83257,9.595,0.052
2193.82792,9.598,0.038
2194.83587,9.654,0.047
2196.85391,9.695,0.047
2198.8042,10.152,0.044
2198.83332,9.726,0.048
2200.8145,9.756,0.044
2200.83879,9.785,0.048
2202.82172,9.837,0.043
2212.79678,10.061,0.047
2213.82155,10.046,0.042
2214.78886,10.122,0.041
2215.78892,10.088,0.044
2215.86894,10.114,0.049
2217.77236,10.136,0.046
2221.79652,10.216,0.049
2221.81177,10.315,0.051
2224.78626,10.315,0.043
2225.74759,10.312,0.042
2227.76681,10.341,0.043
2228.7627,10.399,0.044
2229.75736,10.372,0.041
2230.75646,10.468,0.043
2232.80447,10.455,0.042
2232.84053,10.484,0.046
2234.73722,10.466,0.041
2234.76475,10.514,0.044
2235.81799,10.493,0.044
2236.7599,10.571,0.045
2237.73448,10.533,0.045
2239.79585,10.591,0.049
2241.71998,10.633,0.045
2444.44715,7.637,0.043
2520.89043,9.666,0.042
2521.91115,9.709,0.05
2539.86363,10.23,0.057
2545.8362,10.377,0.047
2557.81129,10.642,0.037
2559.82768,10.776,0.037
2561.8336,10.739,0.038
2565.83108,10.787,0.04
2577.78335,11.056,0.035
2621.79307,11.347,0.036
2623.75662,11.348,0.047
2625.74919,11.324,0.041
2628.72387,11.309,0.047
2631.84946,11.3,0.042
2637.72209,11.205,0.04
2639.721,11.18,0.041
2641.72869,11.171,0.042
2643.7358,11.145,0.042
2645.72686,11.089,0.036
2650.68378,10.97,0.041
2652.70165,10.881,0.046
2657.72495,10.768,0.043
2657.8134,10.828,0.047
2661.75004,10.695,0.037
2663.7465,10.59,0.037
2665.73819,10.759,0.036
2667.73887,10.539,0.035
2671.72747,10.48,0.037
2675.70982,10.423,0.035
2677.69186,10.361,0.04
2679.66332,10.335,0.057
2683.63815,10.295,0.041
2684.78907,10.312,0.034
2685.65819,10.253,0.044
2686.69473,10.228,0.04
2689.71799,10.19,0.043
2691.65286,10.157,0.037
2693.6653,10.121,0.035
2697.65957,10.035,0.037
2699.65232,10.021,0.037
2701.64797,9.989,0.038
2701.7295,9.989,0.049
2703.64376,9.946,0.036
2703.72531,9.946,0.046
2705.63599,9.895,0.04
2705.71773,9.914,0.047
2707.63416,9.881,0.036
2709.61842,9.86,0.037
2711.60632,9.839,0.035
2713.61609,9.798,0.04
2714.7512,9.769,0.04
2721.64167,9.667,0.053
2723.63894,9.657,0.041
2725.63413,9.632,0.038
2727.6277,9.604,0.039
2729.62554,9.568,0.042
2735.60462,9.451,0.04
2737.59187,9.403,0.039
2739.59323,9.366,0.041
2741.56836,9.537,0.038
2742.65063,9.27,0.039
2744.57865,9.215,0.04
2750.5903,8.986,0.036
2752.56177,8.916,0.036
2755.55733,8.771,0.036
2757.55415,8.697,0.037
2761.5573,8.539,0.037
2763.5537,8.474,0.038
2766.54364,8.396,0.038
2775.48524,8.307,0.043
2784.52069,8.271,0.038
2786.51878,8.271,0.036
2789.51482,8.239,0.045
2792.47707,8.253,0.038
2795.46724,8.274,0.041
2804.46896,8.407,0.044
2809.46936,8.536,0.037
2812.45552,8.609,0.039
2814.46293,8.672,0.043
2819.45248,8.828,0.049
2877.92066,10.548,0.044
2885.89588,10.687,0.035
2894.87517,10.865,0.04
2900.87421,10.937,0.039
2906.86556,11.064,0.035
2910.86442,11.215,0.035
2916.83076,11.164,0.035
2921.87607,11.178,0.049
2923.84854,11.252,0.038
2927.81403,11.355,0.037
2930.84702,11.321,0.036
2942.82513,11.384,0.036
2944.81681,11.438,0.051
2951.79518,11.367,0.039
2954.84555,11.4,0.044
2956.7958,11.335,0.045
2957.8199,11.309,0.035
2961.76686,11.341,0.037
2964.7974,11.356,0.039
2967.80489,11.295,0.038
2971.75359,11.238,0.03
2976.81411,11.176,0.043
2978.77514,11.18,0.03
2980.78467,11.11,0.031
2983.7506,11.125,0.034
2986.73517,10.945,0.037
2989.73784,10.924,0.037
2991.79217,10.934,0.033
2996.7808,10.772,0.054
2998.79564,10.713,0.036
3000.72685,10.702,0.032
3007.68311,10.512,0.039
3009.73338,10.499,0.041
3011.74144,10.459,0.04
3013.79262,10.381,0.042
3016.78787,10.342,0.038
3018.79247,10.281,0.043
3023.69344,10.151,0.037
3030.62487,9.946,0.044
3034.68811,9.819,0.036
3036.76855,9.754,0.038
3040.76907,9.604,0.037
3043.66114,9.492,0.042
3045.69905,9.434,0.04
3048.6614,9.339,0.044
3051.62799,9.26,0.04
3053.67722,9.226,0.047
3055.74312,9.144,0.049
3058.58519,9.113,0.04
3060.65015,9.095,0.04
3062.66822,9.035,0.056
3064.76735,8.998,0.046
3067.70118,8.989,0.04
3069.71466,8.952,0.039
3071.73549,8.879,0.048
3073.76317,8.832,0.049
3076.60773,8.706,0.04
3078.60583,8.63,0.03
3080.62223,8.52,0.063
3082.66176,8.438,0.04
3086.65058,8.254,0.04
3088.65857,8.146,0.05
3090.66345,8.07,0.046
3092.65561,8.052,0.032
3096.64204,7.968,0.033
3098.65697,7.937,0.038
3100.68611,7.884,0.048
3102.68018,7.87,0.045
3107.54032,7.848,0.04
3109.55166,7.836,0.039
3111.55157,7.837,0.039
3113.57127,7.852,0.032
3115.57682,7.861,0.039
3123.52688,7.961,0.031
3125.55566,7.993,0.033
3127.59003,8.039,0.036
3129.60955,8.077,0.047
3131.60558,8.13,0.045
3134.50221,8.219,0.04
3146.53489,8.621,0.038
3156.49895,8.976,0.032
3159.52741,9.055,0.05
3163.48549,9.211,0.04
3165.50292,9.267,0.04
3177.45257,9.591,0.043
3273.87335,11.047,0.033
3296.82015,10.972,0.038
3356.7552,9.097,0.045
3363.74077,8.938,0.046
3367.69693,8.857,0.06
3388.64837,8.258,0.043
3389.72314,8.248,0.047
3391.77128,8.23,0.069
3395.76308,8.148,0.047
3397.79165,8.135,0.038
3400.62554,8.121,0.043
3402.84052,8.075,0.034
3409.66027,7.935,0.045
3411.69521,7.887,0.034
3413.73364,7.84,0.048
3415.75129,7.795,0.034
3417.78288,7.719,0.035
3419.81256,7.645,0.053
3421.76189,7.595,0.059
3425.75932,7.527,0.044
3428.54945,7.446,0.048
3430.58422,7.42,0.047
3434.59514,7.424,0.052
3437.58622,7.418,0.04
3440.57555,7.473,0.038
3447.61899,7.565,0.048
3449.61945,7.601,0.066
3454.63044,7.666,0.046
3456.62814,7.721,0.044
3458.61395,7.76,0.033
3460.61634,7.81,0.039
3462.62062,7.816,0.052
3464.66658,7.927,0.043
3466.66519,7.965,0.034
3469.65807,8.083,0.031
3471.67186,8.138,0.041
3474.50511,8.225,0.04
3476.61491,8.277,0.066
3478.59176,8.379,0.033
3480.61382,8.432,0.037
3482.62725,8.508,0.04
3490.568,8.737,0.049
3492.56997,8.835,0.047
3496.57735,9.011,0.041
3499.56623,9.109,0.057
3501.57045,9.176,0.036
3504.49044,9.282,0.037
3509.49096,9.455,0.039
3512.51185,9.561,0.044
3520.51364,9.823,0.036
3522.53899,9.9,0.055
3525.50963,10.005,0.042
3528.481,10.083,0.05
3530.47769,10.162,0.034
3538.48801,10.356,0.036
3547.45436,10.605,0.031
3600.92587,11.421,0.047
3619.91229,11.242,0.043
3629.899,11.127,0.042
3633.8976,11.067,0.052
3640.87259,10.878,0.043
3644.874,10.701,0.055
3652.86402,10.425,0.048
3660.8243,10.146,0.049
3663.85566,10.115,0.048
3668.85333,10.003,0.041
3672.80735,9.958,0.043
3702.76388,9.45,0.042
3705.83197,9.419,0.052
3708.78012,9.354,0.05
3712.81003,9.322,0.041
3715.7613,9.291,0.051
3718.74022,9.229,0.048
3721.73423,9.16,0.045
3724.72389,9.104,0.042
3727.71332,9.043,0.054
3730.77616,8.951,0.051
3733.76094,8.856,0.049
3736.72624,8.784,0.04
3739.67828,8.651,0.042
3741.75251,8.567,0.044
3744.68855,8.449,0.05
3747.66704,8.315,0.051
3749.78377,8.241,0.054
3752.7241,8.107,0.055
3754.85696,7.989,0.055
3757.63685,7.9,0.046
3759.70005,7.811,0.055
3762.66847,7.725,0.054
3764.78223,7.681,0.054
3767.6646,7.693,0.051
3770.60354,7.687,0.057
3772.67571,7.717,0.045
3774.77904,7.719,0.049
3777.59528,7.782,0.048
3779.62763,7.822,0.052
3787.60656,8.013,0.046
3791.74169,8.12,0.057
3793.71199,8.18,0.054
3795.77699,8.247,0.046
3798.58771,8.302,0.055
3800.59498,8.348,0.058
3802.69245,8.432,0.058
3804.75109,8.453,0.056
3806.74103,8.518,0.055
3809.74611,8.589,0.057
3812.53338,8.691,0.046
3814.5626,8.762,0.054
3816.6091,8.822,0.063
3818.61827,8.897,0.049
3820.65043,8.941,0.056
3822.69997,8.985,0.054
3825.53645,9.263,0.059
3827.55165,9.157,0.06
3829.58034,9.218,0.05
3831.58187,9.32,0.044
3833.59015,9.393,0.051
3835.60242,9.452,0.056
3837.64024,9.499,0.052
3847.53842,9.814,0.058
3849.58957,9.827,0.052
3851.59125,9.916,0.044
3853.60187,9.964,0.04
3853.64253,9.968,0.047
3853.64493,9.974,0.045
3853.64741,9.958,0.045
3853.64994,9.955,0.046
3853.65492,9.978,0.06
3853.65995,9.968,0.051
3854.4679,9.977,0.057
3854.4966,9.983,0.055
3854.52277,9.991,0.046
3854.54913,10.028,0.048
3854.5773,9.978,0.052
3854.60579,9.969,0.046
3854.63311,9.996,0.052
3855.561,10.043,0.051
3855.59027,10.009,0.055
3856.49773,10.056,0.053
3856.52064,10.022,0.046
3856.52592,10.041,0.061
3856.55372,10.036,0.054
3856.58098,10.035,0.049
3856.61028,10.068,0.048
3856.6407,10.043,0.052
3861.51058,10.174,0.041
3863.52217,10.235,0.042
3865.52311,10.272,0.045
3867.567,10.348,0.047
3869.56814,10.356,0.053
3871.56179,10.426,0.044
3875.56395,10.533,0.045
3882.4969,10.711,0.044
3886.49695,10.815,0.041
3890.5274,10.832,0.044
3893.51303,10.976,0.057
3897.496,10.961,0.047
3900.47551,11.03,0.047
3903.46674,11.095,0.042
3906.45917,11.146,0.047
4090.72374,7.35,0.035
4105.67987,7.562,0.037
4107.73506,7.585,0.034
4111.73729,7.649,0.034
4127.61553,8.02,0.037
4129.66591,8.102,0.036
4131.69934,8.16,0.046
4137.73487,8.379,0.035
4139.76507,8.45,0.033
4141.80186,8.529,0.038
4144.58787,8.645,0.042
4146.64978,8.693,0.041
4149.72887,8.808,0.039
4151.77355,8.898,0.037
4156.56895,9.074,0.038
4158.60345,9.152,0.038
4160.6367,9.219,0.035
4162.62657,9.3,0.04
4164.64121,9.368,0.038
4172.64543,9.62,0.036
4174.65744,9.664,0.034
4176.68861,9.73,0.04
4179.67586,9.803,0.035
4181.69171,9.854,0.049
4184.52762,9.965,0.046
4188.55141,10.109,0.032
4190.54085,10.144,0.037
4192.54733,10.223,0.036
4194.6029,10.266,0.035
4197.58706,10.328,0.042
4199.62903,10.454,0.06
4202.56942,10.503,0.033
4204.66213,10.572,0.048
4208.63319,10.637,0.058
4213.52955,10.743,0.035
4216.58641,10.851,0.034
4228.56551,10.986,0.034
4230.56759,11.077,0.036
4232.57258,11.072,0.046
4234.57359,11.116,0.038
4246.52445,11.252,0.033
4253.46998,11.302,0.034
4256.50625,11.309,0.036
4258.51714,11.282,0.035
4267.47464,11.268,0.037
4271.46412,11.197,0.052
4276.46263,11.246,0.036
4331.92236,10.011,0.038
4341.91404,9.85,0.043
4345.91397,9.798,0.041
4349.90342,9.682,0.036
4355.89394,9.46,0.034
4362.90308,9.224,0.048
4366.87392,9.103,0.035
4375.89397,8.953,0.041
4379.84845,8.889,0.034
4383.85296,8.801,0.038
4387.83387,8.724,0.053
4404.85192,8.257,0.036
4408.80567,8.099,0.038
4412.82585,7.97,0.035
4421.82307,7.746,0.039
4425.81898,7.763,0.032
4428.80551,7.761,0.04
4431.80844,7.773,0.037
4440.76644,7.924,0.033
4443.7679,7.977,0.036
4452.73006,8.326,0.052
4455.72317,8.428,0.04
4458.70463,8.56,0.044
4461.70763,8.664,0.038
4463.81982,8.715,0.034
4466.69766,8.814,0.038
4469.69789,8.866,0.039
4472.77665,8.992,0.06
4475.67642,9.03,0.048
4478.6809,9.139,0.037
4481.6471,9.19,0.063
4484.81035,9.305,0.038
4487.64195,9.399,0.036
4489.68623,9.479,0.035
4493.73024,9.606,0.033
4497.66785,9.68,0.036
4499.76312,9.747,0.039
4502.67937,9.825,0.037
4504.7535,9.898,0.033
4517.69846,10.23,0.045
4519.71324,10.313,0.041
4521.72964,10.312,0.034
4523.75682,10.385,0.032
4526.58641,10.467,0.042
4528.6412,10.516,0.047
4530.70776,10.567,0.033
4533.59618,10.595,0.038
4536.65639,10.715,0.038
4538.69394,10.757,0.036
4540.7424,10.787,0.055
4542.66204,10.797,0.049
4546.69574,10.89,0.047
4548.70456,10.907,0.043
4551.6381,11.021,0.038
4555.67926,11.124,0.035
4558.5295,11.167,0.035
4560.59433,11.175,0.034
4562.63436,11.153,0.044
4565.50451,11.189,0.039
4567.54241,11.173,0.039
4569.56314,11.266,0.039
4571.57942,11.29,0.041
4573.59853,11.293,0.04
4575.62523,11.373,0.036
4579.62485,11.399,0.043
4582.62403,11.511,0.044
4586.5215,11.451,0.039
4588.59615,11.371,0.042
4593.5504,11.41,0.037
4595.53658,11.35,0.035
4599.57577,11.485,0.044
4602.5311,11.281,0.042
4606.53123,11.404,0.044
4608.55747,11.393,0.039
4611.52937,11.284,0.036
4616.47429,11.275,0.04
4620.47543,11.239,0.038
4623.47452,11.122,0.037
4626.47275,11.065,0.034
4628.49018,11.146,0.042
4631.49364,11.021,0.04
4639.47667,10.853,0.042
4643.46319,10.78,0.045
4696.92355,9.413,0.042
4700.92471,9.251,0.038
4709.91661,8.932,0.037
4727.89261,8.306,0.042
4743.85816,7.991,0.033
4743.88486,8.011,0.037
4746.85266,7.964,0.033
4750.84886,7.951,0.034
4753.86727,7.985,0.036
4757.84551,8.035,0.04
4761.82873,8.073,0.038
4765.81757,8.096,0.035
4769.80337,8.158,0.032
4772.82851,8.19,0.034
4776.79945,8.232,0.038
4780.78833,8.316,0.038
4784.77822,8.385,0.037
4792.77094,8.571,0.034
4795.79368,8.648,0.037
4798.78868,8.722,0.037
4801.77804,8.8,0.036
4804.80676,8.887,0.034
4807.77073,8.93,0.033
4810.75957,9.021,0.049
4813.76508,9.129,0.044
4816.7351,9.155,0.036
4819.79151,9.237,0.034
4822.74135,9.293,0.036
4825.7277,9.365,0.038
4828.72,9.423,0.038
4831.70735,9.533,0.036
4834.6917,9.578,0.034
4836.79324,9.634,0.034
4839.69055,9.699,0.037
4844.70346,9.839,0.054
4847.68208,9.894,0.034
4849.79772,9.975,0.044
4852.659,10.047,0.041
4855.68848,10.097,0.039
4857.77056,10.191,0.035
4861.64553,10.251,0.051
4863.70263,10.278,0.037
4866.68465,10.331,0.069
4868.77064,10.404,0.047
4870.81158,10.48,0.042
4876.64985,10.566,0.044
4879.61758,10.664,0.039
4881.66487,10.72,0.036
4883.80358,10.795,0.038
4886.69816,10.793,0.067
4889.61722,10.893,0.048
4903.60339,11.106,0.055
4905.73646,11.11,0.064
4908.58611,11.185,0.065
4914.52302,11.222,0.053
4918.66692,11.261,0.057
4921.54895,11.368,0.052
4929.55154,11.321,0.064
4932.55901,11.302,0.064
4936.64323,11.291,0.059
4946.61958,11.182,0.066
4949.51384,11.165,0.065
4952.50335,11.003,0.068
4954.5214,11.078,0.06
4959.53542,10.889,0.066
4961.59165,10.898,0.067
4972.4596,10.648,0.067
5010.45674,9.749,0.064
5085.89068,7.852,0.052
5089.89404,7.813,0.053
5093.88388,7.747,0.048
5106.86553,8.041,0.051
5111.86529,8.211,0.051
5118.86317,8.367,0.053
5123.87129,8.471,0.051
5129.82084,8.599,0.05
5137.79913,8.779,0.057
5159.79095,9.206,0.054
5163.7504,9.354,0.051
5166.78489,9.437,0.065
