1868.81013,12.725,0.027
1868.82754,12.94,0.034
1869.80547,12.839,0.028
1870.77431,12.757,0.036
1872.7629,12.585,0.036
1874.76311,12.456,0.035
1876.75734,12.269,0.035
1878.75457,12.033,0.033
1878.76629,12.006,0.025
1880.75429,11.658,0.029
1881.83816,11.598,0.032
1884.82131,11.304,0.033
1885.83029,11.239,0.032
1886.82134,11.124,0.031
1887.81535,11.077,0.031
1889.73591,10.87,0.032
1889.74312,10.901,0.028
1899.73608,9.945,0.025
1899.75137,9.944,0.031
1900.74084,9.852,0.026
1900.75626,9.847,0.03
1902.74309,9.688,0.031
1904.75991,9.546,0.033
1905.74971,9.475,0.033
1906.74323,9.412,0.031
1907.75059,9.354,0.033
1908.73559,9.295,0.031
1913.71665,9.115,0.031
1914.71284,9.083,0.024
1914.72613,9.094,0.032
1915.72589,9.076,0.032
1918.68968,9.066,0.027
1918.70301,9.07,0.033
1919.75245,9.084,0.034
1920.70261,9.091,0.026
1920.7115,9.093,0.033
1921.71013,9.117,0.033
1922.70946,9.138,0.032
1924.68804,9.63,0.028
1924.69919,9.213,0.032
1925.70231,9.235,0.038
1926.68529,9.277,0.024
1926.6965,9.268,0.032
1928.68712,9.35,0.024
1928.69832,9.353,0.032
1929.67776,9.388,0.024
1929.69579,9.386,0.031
1930.67797,9.454,0.024
1930.68957,9.428,0.031
1931.6888,9.486,0.031
1932.67537,9.501,0.023
1932.68664,9.487,0.032
1933.6663,9.508,0.025
1933.68666,9.509,0.031
1934.66963,9.538,0.024
1934.68096,9.548,0.03
1935.6043,9.574,0.024
1935.61442,9.567,0.031
1935.70505,9.582,0.03
1937.64194,9.62,0.024
1937.65191,9.626,0.03
1939.64097,9.743,0.03
1939.70211,9.696,0.025
1940.6963,9.752,0.03
1941.62332,9.795,0.023
1941.70383,9.814,0.032
1945.65433,9.913,0.025
1945.67217,9.94,0.031
1946.66096,9.93,0.026
1946.67503,9.965,0.032
1948.60475,10.01,0.028
1948.61112,10.013,0.034
1949.64401,10.023,0.026
1949.64886,10.049,0.033
1950.63075,10.081,0.035
1950.63776,10.078,0.038
1952.62354,10.123,0.034
1952.63503,10.12,0.037
1953.62147,10.115,0.028
1953.63759,10.135,0.032
1954.6367,10.172,0.033
1955.61886,10.205,0.032
1955.63492,10.208,0.036
1958.60709,10.317,0.029
1958.61867,10.327,0.033
1959.62143,10.371,0.032
1961.61079,10.432,0.031
1961.62238,10.45,0.034
1963.59384,10.531,0.033
1963.60544,10.554,0.037
1964.61051,10.59,0.031
1964.61994,10.583,0.034
1965.59919,10.632,0.031
1965.61085,10.679,0.034
1966.60339,10.671,0.034
1966.61505,10.702,0.037
1967.59817,10.742,0.033
1967.6076,10.742,0.036
1968.59519,10.791,0.036
1977.57054,11.262,0.04
1977.58913,11.296,0.044
1979.55771,11.415,0.04
1979.57399,11.467,0.043
1981.55851,11.52,0.038
1982.57734,11.652,0.038
1984.53493,11.689,0.042
1984.56911,11.744,0.043
1985.5708,11.826,0.044
1993.5245,12.203,0.044
1994.51523,12.407,0.042
1996.5152,12.493,0.047
1998.51475,12.537,0.046
2026.48062,12.559,0.033
2026.5004,12.472,0.028
2030.49549,12.433,0.036
2031.49935,12.402,0.027
2033.47198,12.393,0.036
2033.51782,12.344,0.028
2054.46198,11.191,0.039
2056.47575,11.15,0.037
2057.46554,11.081,0.027
2059.47685,10.991,0.037
2062.44618,10.778,0.048
2064.44632,10.589,0.042
2067.44553,10.5,0.053
2078.4471,9.944,0.043
2168.89917,12.106,0.031
2172.89465,12.393,0.028
2184.84195,13.05,0.035
2184.85986,12.637,0.031
2186.86575,12.714,0.029
2188.87534,12.801,0.05
2190.84768,12.791,0.029
2190.84923,12.844,0.028
2192.8422,12.913,0.03
2192.86027,12.942,0.028
2194.84555,12.859,0.029
2194.85645,12.884,0.028
2196.86832,12.888,0.027
2197.84425,12.922,0.035
2198.84782,12.737,0.027
2200.85336,12.624,0.029
2201.84524,12.709,0.05
2202.83854,12.758,0.028
2206.80565,12.475,0.03
2214.80602,11.752,0.033
2224.80831,10.908,0.033
2226.788,10.736,0.032
2228.7755,10.578,0.033
2230.77426,10.401,0.032
2233.74259,10.195,0.033
2236.77531,9.988,0.033
2237.8325,9.909,0.037
2240.72462,9.711,0.038
2247.78645,9.134,0.042
2248.82988,9.057,0.044
2250.81258,8.92,0.041
2252.81248,8.803,0.042
2257.80005,8.666,0.04
2260.74911,8.629,0.047
2260.76895,8.617,0.042
2263.71571,8.616,0.047
2269.75607,8.721,0.049
2545.85391,13.617,0.031
2552.85985,13.157,0.031
2557.83723,12.515,0.033
2557.85728,12.663,0.038
2559.87347,12.205,0.033
2562.84826,11.666,0.033
2564.85427,11.413,0.034
2577.79297,9.981,0.031
2621.824,9.613,0.033
2623.78511,9.71,0.031
2625.77764,9.798,0.032
2628.73461,9.976,0.031
2632.78413,10.234,0.045
2632.79548,10.18,0.032
2635.72093,10.367,0.031
2637.75998,10.498,0.031
2639.78736,10.622,0.033
2642.71069,10.872,0.033
2644.75573,11.012,0.033
2646.73526,11.196,0.03
2649.72491,11.491,0.032
2652.72386,11.607,0.024
2655.74901,11.93,0.031
2658.71392,12.136,0.032
2662.70632,12.561,0.031
2664.69546,12.657,0.031
2665.76162,12.65,0.04
2666.6953,12.631,0.031
2670.69426,12.897,0.031
2674.68281,13.203,0.031
2676.66912,13.214,0.03
2678.65456,13.23,0.031
2681.67147,13.502,0.024
2683.66238,13.451,0.024
2685.66416,13.466,0.032
2694.69403,13.926,0.032
2696.70912,13.765,0.031
2698.6924,13.791,0.032
2702.67472,13.752,0.03
2704.57962,14.113,0.026
2704.65949,13.923,0.032
2705.77449,13.414,0.033
2706.57559,13.493,0.022
2707.7319,13.445,0.032
2709.65205,13.332,0.032
2709.71471,13.05,0.025
2711.62147,13.239,0.031
2713.62661,13.192,0.033
2713.63074,13.082,0.027
2715.63864,13.141,0.036
2715.64275,12.979,0.03
2719.55152,12.787,0.027
2719.5567,12.88,0.032
2720.69382,12.866,0.03
2720.70202,12.844,0.043
2722.61924,12.56,0.023
2722.62443,12.675,0.031
2724.61713,12.594,0.025
2724.62233,12.549,0.031
2726.62063,12.492,0.033
2728.60661,12.192,0.026
2728.61184,12.248,0.032
2730.60249,12.063,0.029
2730.60773,12.009,0.032
2733.64878,11.756,0.024
2733.65402,11.75,0.034
2735.64444,11.495,0.025
2735.64971,11.525,0.03
2737.63151,11.307,0.024
2737.63679,11.241,0.035
2739.62398,11.052,0.027
2739.62925,11.001,0.033
2741.59129,10.789,0.024
2741.59658,10.778,0.033
2743.59879,10.593,0.028
2743.60408,10.592,0.034
2745.61135,10.437,0.037
2745.61663,10.469,0.039
2750.47911,10.272,0.024
2750.48494,10.268,0.036
2751.60871,10.246,0.026
2751.61174,10.239,0.03
2754.57891,10.208,0.028
2754.58194,10.205,0.031
2756.5813,10.136,0.052
2760.58704,10.067,0.024
2760.59008,10.065,0.03
2762.58029,9.99,0.05
2762.58332,10.036,0.04
2764.56472,9.921,0.028
2764.56775,9.93,0.031
2770.45999,9.849,0.032
2770.46301,9.839,0.032
2775.46552,9.888,0.026
2775.46851,9.888,0.031
2782.49336,10.011,0.025
2782.4963,10.004,0.032
2784.50294,10.028,0.026
2784.50594,10.04,0.031
2786.50114,10.087,0.027
2786.50407,10.077,0.031
2789.49949,10.132,0.029
2789.5024,10.198,0.034
2791.52688,10.254,0.033
2792.47333,10.296,0.026
2794.49182,10.387,0.047
2795.46345,10.415,0.03
2797.48658,10.509,0.041
2804.45337,10.777,0.03
2804.45615,10.862,0.038
2809.4514,11.033,0.033
2809.45413,10.995,0.031
2811.47089,11.078,0.032
2812.45149,11.079,0.027
2884.91722,12.364,0.032
2893.90936,11.455,0.033
2894.90651,11.426,0.037
2896.90186,11.304,0.029
2899.89906,11.041,0.037
2900.88817,10.967,0.045
2906.89879,10.531,0.036
2911.87023,9.931,0.029
2911.89097,9.912,0.032
2915.89237,9.528,0.033
2916.87672,9.446,0.032
2918.85949,9.251,0.042
2921.88001,9.07,0.038
2923.86864,9.37,0.033
2926.84192,8.829,0.029
2927.83882,8.838,0.037
2933.85876,8.829,0.035
2934.84394,8.819,0.023
2940.82544,8.855,0.038
2942.84868,8.863,0.025
2946.78644,8.964,0.026
2946.8132,8.994,0.032
2948.85435,9.07,0.024
2949.82386,9.101,0.032
2956.81417,9.586,0.035
2960.82458,9.928,0.031
2963.81456,10.172,0.025
2963.83619,10.192,0.031
2967.79082,10.499,0.031
2970.80632,10.816,0.025
2974.75339,11.114,0.026
2974.83366,11.137,0.032
2976.83026,11.299,0.031
2978.77908,11.427,0.032
2978.7971,11.403,0.032
2980.82709,11.57,0.026
2981.77903,11.622,0.033
2983.7678,11.741,0.027
2984.78314,11.89,0.033
2987.77404,12.015,0.031
2989.7445,12.082,0.026
2990.76592,12.242,0.029
2991.80382,12.265,0.024
2996.75016,12.693,0.031
2996.78735,12.479,0.027
2998.79987,12.663,0.03
3000.73369,12.644,0.025
3001.77285,12.828,0.03
3005.70658,12.949,0.022
3006.72825,12.941,0.032
3007.74148,12.932,0.025
3008.74443,13.188,0.031
3009.7741,13.081,0.027
3010.75182,13.206,0.033
3011.80158,13.031,0.028
3013.70029,13.043,0.034
3016.7488,13.694,0.032
3017.72784,13.48,0.025
3018.7512,13.183,0.03
3019.73624,13.523,0.024
3023.72582,13.366,0.032
3023.73778,13.346,0.027
3027.82926,13.556,0.028
3030.63757,13.524,0.024
3030.66209,13.408,0.029
3032.71069,13.563,0.031
3034.69462,13.053,0.031
3034.72939,13.209,0.031
3036.77263,13.534,0.024
3036.80115,13.665,0.033
3043.66513,13.114,0.029
3043.67523,13.109,0.034
3045.7031,13.228,0.025
3048.66542,12.785,0.029
3048.68342,12.881,0.034
3051.63199,12.542,0.047
3051.64277,12.68,0.03
3053.68195,12.576,0.028
3053.70276,12.334,0.031
3055.74704,12.224,0.032
3058.58387,11.848,0.026
3058.59199,11.825,0.031
3060.64881,11.752,0.024
3060.65696,11.662,0.031
3064.71359,11.271,0.036
3064.77404,11.247,0.036
3067.6997,10.976,0.026
3067.73108,10.995,0.032
3069.71307,10.777,0.034
3069.73469,10.758,0.034
3071.73237,10.593,0.035
3074.63743,10.326,0.025
3074.6406,10.332,0.031
3076.66741,10.156,0.024
3076.67058,10.175,0.031
3078.66609,9.979,0.033
3078.66925,10.01,0.036
3080.67974,9.895,0.036
3080.6829,9.894,0.055
3082.71358,9.782,0.028
3082.71679,9.759,0.039
3086.70606,9.588,0.039
3087.52407,9.583,0.026
3088.70957,9.533,0.04
3089.54966,9.512,0.028
3090.72287,9.457,0.053
3091.56666,9.473,0.027
3092.70018,9.49,0.038
3093.57573,9.46,0.025
3097.577,9.463,0.025
3098.68897,9.491,0.037
3099.59943,9.501,0.028
3101.54275,9.558,0.03
3101.60489,9.577,0.034
3103.54931,9.571,0.034
3103.61162,9.554,0.026
3105.55436,9.503,0.04
3105.60866,9.517,0.03
3107.56223,9.483,0.031
3107.60889,9.479,0.024
3109.57052,9.402,0.031
3109.61387,9.401,0.025
3111.56784,9.352,0.032
3111.60897,9.336,0.025
3113.58481,9.287,0.034
3113.62905,9.313,0.025
3115.59044,9.256,0.03
3116.53,9.246,0.032
3121.475,9.247,0.029
3121.4814,9.214,0.031
3123.50779,9.226,0.025
3123.51113,9.231,0.03
3125.53655,9.293,0.025
3125.54521,9.306,0.031
3127.571,9.366,0.028
3127.57993,9.358,0.033
3129.58373,9.459,0.031
3132.51029,9.616,0.024
3133.5991,9.668,0.033
3134.53721,9.733,0.026
3142.54748,10.342,0.029
3144.50273,10.496,0.023
3146.52879,10.689,0.03
3152.46061,11.226,0.029
3156.46615,11.645,0.025
3160.47381,11.886,0.029
3164.45991,12.162,0.024
3168.4603,12.368,0.025
3175.44837,12.784,0.03
3296.87893,9.299,0.035
3356.77927,13.001,0.045
3363.76007,13.296,0.033
3367.72519,13.477,0.036
3380.79322,13.321,0.038
3383.74486,13.269,0.033
3386.68833,13.255,0.034
3388.67989,12.996,0.036
3393.82229,12.828,0.038
3395.71919,12.943,0.042
3396.66142,12.76,0.036
3398.73123,12.484,0.044
3400.74407,12.406,0.027
3402.79075,12.191,0.03
3403.73351,12.072,0.04
3405.60783,11.807,0.031
3407.80506,11.557,0.038
3410.61871,11.139,0.037
3412.67319,10.807,0.037
3414.67367,10.585,0.031
3416.67405,10.418,0.039
3418.57756,10.24,0.032
3418.67807,10.236,0.047
3422.6337,9.973,0.047
3422.67372,9.964,0.041
3424.66168,9.845,0.039
3424.68036,9.854,0.041
3426.65913,9.722,0.033
3426.68301,9.717,0.04
3430.66801,9.593,0.035
3430.69472,9.575,0.035
3432.69119,9.57,0.045
3434.68405,9.566,0.043
3438.55167,9.558,0.035
3438.55993,9.581,0.032
3440.66729,9.557,0.029
3443.70304,9.509,0.031
3445.69182,9.451,0.035
3447.69415,9.43,0.037
3447.70222,9.408,0.048
3449.72266,9.43,0.039
3452.58312,9.355,0.043
3452.59897,9.414,0.04
3454.6667,9.358,0.045
3458.64726,9.35,0.033
3460.65036,9.338,0.03
3462.6574,9.364,0.04
3465.5681,9.387,0.028
3465.5715,9.369,0.033
3468.58182,9.419,0.037
3470.6055,9.475,0.03
3472.60146,9.578,0.033
3474.62241,9.635,0.024
3474.62577,9.648,0.031
3477.52493,9.786,0.029
3477.52817,9.768,0.038
3479.56432,9.875,0.032
3479.56771,9.897,0.034
3481.57395,9.986,0.034
3483.58849,10.075,0.037
3483.59175,10.056,0.033
3487.5957,10.283,0.036
3487.60322,10.311,0.048
3490.61514,10.452,0.047
3491.50436,10.492,0.028
3492.61743,10.551,0.038
3495.50436,10.736,0.028
3497.46365,10.841,0.036
3497.57637,10.85,0.027
3500.4739,11.077,0.035
3500.56337,11.08,0.05
3502.51456,11.237,0.041
3503.49011,11.293,0.044
3504.54774,11.301,0.038
3511.45327,11.645,0.027
3512.49503,11.65,0.035
3513.47947,11.67,0.032
3517.48106,11.937,0.028
3520.49896,12.151,0.05
3521.48307,12.042,0.03
3525.50358,12.287,0.034
3527.49249,12.336,0.033
3528.47739,12.462,0.038
3530.45533,12.562,0.035
3530.47404,12.587,0.045
3539.4492,12.777,0.039
3547.45031,13.217,0.036
3621.90664,9.785,0.036
3628.90458,9.909,0.032
3640.89578,9.514,0.033
3646.88938,9.319,0.037
3651.88154,9.333,0.037
3655.87132,9.445,0.032
3659.85791,9.66,0.033
3668.87274,10.302,0.032
3672.83998,10.612,0.03
3701.79399,12.019,0.037
3705.78637,12.098,0.034
3708.84543,12.219,0.032
3712.81681,12.262,0.032
3715.79056,12.583,0.035
3718.77773,12.555,0.035
3721.76589,12.605,0.037
3727.74746,12.596,0.035
3731.75658,12.593,0.04
3734.75056,12.486,0.041
3737.73799,12.344,0.039
3743.70698,11.911,0.042
3745.78929,11.708,0.036
3748.69682,11.474,0.038
3751.68597,11.288,0.043
3753.76454,11.057,0.041
3755.80072,10.905,0.033
3758.66708,10.682,0.036
3760.74916,10.512,0.04
3763.65935,10.36,0.047
3765.75592,10.231,0.043
3768.6476,9.981,0.034
3770.7513,9.784,0.051
3772.78494,9.562,0.033
3773.63195,9.491,0.039
3775.59714,9.34,0.04
3775.66735,9.316,0.039
3787.63627,8.802,0.038
3789.69704,8.852,0.045
3791.78438,8.843,0.04
3793.74448,8.881,0.036
3794.65721,8.893,0.032
3796.59956,8.915,0.039
3798.6627,8.908,0.04
3800.65296,8.917,0.04
3802.73103,8.935,0.04
3804.755,8.988,0.042
3806.74876,9.012,0.039
3809.74993,9.014,0.043
3812.53719,9.019,0.037
3814.56631,9.052,0.037
3816.61273,9.053,0.046
3818.62185,9.105,0.041
3820.65902,9.197,0.041
3822.70349,9.275,0.036
3825.54076,9.408,0.04
3827.56151,9.524,0.037
3829.5866,9.724,0.048
3831.58805,9.844,0.037
3833.59635,9.983,0.042
3835.60855,10.183,0.044
3837.50598,10.331,0.038
3837.64623,10.315,0.04
3847.48066,11.044,0.035
3847.48731,11.087,0.039
3849.56552,11.228,0.039
3851.57151,11.361,0.032
3853.5816,11.441,0.031
3858.54407,11.753,0.048
3860.56734,11.838,0.037
3862.55536,12.137,0.035
3864.5849,12.146,0.039
3867.53668,12.343,0.04
3868.51075,12.332,0.032
3869.54445,12.407,0.04
3871.54252,12.581,0.041
3876.53058,13.001,0.043
3882.48765,13.161,0.034
3883.48682,13.025,0.03
3890.52136,13.433,0.035
3893.47263,13.536,0.038
3897.47341,13.723,0.033
3900.46507,13.433,0.036
3903.45728,13.491,0.035
3903.46297,13.267,0.031
3908.45857,13.315,0.033
4083.85358,12.835,0.035
4090.76282,12.327,0.032
4105.71906,10.614,0.033
4107.75759,10.218,0.03
4111.76016,9.596,0.042
4127.66161,9.118,0.03
4129.69847,9.122,0.029
4131.74527,9.11,0.036
4133.76266,9.107,0.039
4135.82342,9.086,0.052
4137.78237,9.48,0.032
4142.61889,9.061,0.033
4144.66601,9.063,0.047
4149.80042,9.164,0.037
4151.80252,9.2,0.027
4152.58962,9.22,0.029
4156.65287,9.274,0.038
4158.66514,9.364,0.041
4160.68415,9.417,0.036
4162.68783,9.454,0.041
4164.71422,9.512,0.036
4167.65201,9.638,0.04
4167.76412,9.656,0.033
4172.69587,9.948,0.033
4174.70806,10.118,0.031
4177.69081,10.368,0.044
4180.59985,10.638,0.036
4182.63245,10.821,0.032
4184.62802,11.048,0.03
4188.62816,11.436,0.03
4190.65308,11.593,0.033
4192.65567,11.789,0.032
4194.69227,12.066,0.034
4197.68668,12.258,0.035
4203.61142,12.637,0.036
4205.62067,12.667,0.033
4213.6357,13.091,0.035
4228.54123,13.835,0.032
4230.54398,13.838,0.029
4232.5538,13.626,0.031
4234.54971,14.057,0.031
4253.45889,13.951,0.032
4253.50062,13.478,0.03
4256.50027,13.458,0.033
4258.50745,13.177,0.031
4267.45479,11.951,0.049
4269.48632,11.715,0.031
4274.45005,11.342,0.032
4349.90821,10.881,0.033
4357.90157,11.584,0.033
4361.90225,11.839,0.033
4365.89759,12.246,0.027
4366.889,12.278,0.034
4375.88778,12.662,0.032
4379.87634,13.006,0.033
4383.86579,13.236,0.034
4386.8651,13.163,0.026
4387.8563,13.433,0.032
4391.85031,12.895,0.047
4403.8629,13.505,0.033
4408.82024,13.71,0.031
4412.85513,13.288,0.031
4413.84643,13.177,0.029
4421.86422,13.232,0.032
4426.84031,13.104,0.043
4429.82551,12.863,0.033
4432.84764,12.728,0.034
4435.83766,12.353,0.032
4438.81852,12.128,0.038
4441.81586,11.601,0.035
4453.76859,10.353,0.037
4456.75932,10.212,0.041
4459.74843,10.108,0.037
4462.73684,9.967,0.031
4464.82592,9.832,0.033
4467.73833,9.671,0.038
4470.73919,9.407,0.04
4473.80558,9.206,0.04
4477.71939,9.031,0.037
4479.82176,8.916,0.036
4485.74836,9.088,0.039
4487.76193,8.818,0.033
4490.6686,8.841,0.035
4492.70924,8.893,0.029
4494.72857,8.965,0.032
4497.84333,9.101,0.035
4500.64793,9.267,0.039
4502.79338,9.465,0.039
4505.62828,9.676,0.035
4507.68483,10.082,0.037
4509.76237,9.963,0.042
4512.61026,10.218,0.037
4518.59302,10.622,0.033
4520.63122,10.742,0.03
4522.63416,10.826,0.037
4524.65343,10.994,0.032
4526.67075,11.085,0.038
4528.72124,11.222,0.04
4531.60947,11.431,0.036
4534.57664,11.555,0.037
4536.75489,11.681,0.03
4539.54907,11.829,0.043
4543.6105,12.112,0.035
4547.64295,12.351,0.039
4550.54951,12.589,0.043
4552.64024,12.787,0.033
4554.67919,12.835,0.036
4559.53945,12.642,0.039
4561.60002,13.606,0.034
4563.6184,13.191,0.036
4565.63121,13.534,0.032
4567.64492,13.31,0.038
4573.6587,13.577,0.039
4580.51657,14.029,0.035
4583.57461,13.737,0.032
4586.60405,13.675,0.033
4591.59199,14.038,0.036
4595.56373,13.589,0.034
4597.55379,13.434,0.031
4600.52869,13.75,0.031
4606.56847,12.705,0.045
4609.49984,12.613,0.036
4616.49593,11.41,0.034
4620.48261,10.939,0.035
4623.47861,10.668,0.034
4626.47688,10.51,0.032
4628.49166,10.371,0.044
4631.49502,10.188,0.036
4639.45386,9.732,0.033
4643.45358,9.555,0.038
4646.45258,9.558,0.04
4720.90884,11.964,0.032
4725.90086,11.949,0.035
4730.89757,11.952,0.032
4746.87052,12.256,0.029
4747.8732,12.201,0.033
4751.87516,12.444,0.049
4752.86018,12.199,0.026
4755.87064,12.209,0.032
4759.86175,12.234,0.032
4763.85188,12.418,0.035
4764.84583,12.42,0.028
4767.84611,12.489,0.03
4771.83433,12.321,0.035
4775.81926,12.06,0.03
4776.82133,11.973,0.037
4778.84637,11.72,0.029
4782.86149,11.341,0.033
4786.84406,10.832,0.035
4793.80105,10.004,0.031
4797.82602,9.569,0.04
4800.83942,9.319,0.037
4804.77493,9.032,0.034
4807.79988,8.854,0.03
4810.80051,8.721,0.033
4813.80788,8.622,0.039
4816.77242,8.566,0.033
4820.73347,8.551,0.036
4823.7534,8.614,0.033
4826.76422,8.688,0.034
4829.74197,8.78,0.036
4835.7225,8.936,0.039
4838.71103,9.085,0.031
4843.70163,9.275,0.033
4846.73951,9.44,0.032
4849.67558,9.613,0.033
4851.77392,9.762,0.04
4857.71486,10.273,0.034
4861.66731,10.629,0.042
4867.65157,11.241,0.038
4869.67991,11.501,0.051
4871.72547,11.685,0.042
4876.77289,11.914,0.046
4879.67672,12.209,0.041
4881.73864,12.261,0.039
4884.66294,12.599,0.046
4889.77167,12.859,0.047
4902.61103,13.503,0.045
4905.62399,13.085,0.046
4907.66848,13.482,0.052
4919.7079,13.602,0.049
4929.51352,13.392,0.051
4936.60039,13.16,0.048
4962.53757,10.142,0.049
4967.56688,9.475,0.052
5106.89175,12.319,0.044
5111.87899,11.613,0.043
5124.87159,9.275,0.049
5125.85568,9.091,0.042
5129.87579,8.745,0.046
5144.8631,8.233,0.043
5148.84155,8.206,0.053
5161.84489,8.373,0.049
5165.80527,8.476,0.046
