1868.81342,11.735,0.042
1871.76686,11.853,0.041
1873.75966,11.867,0.042
1875.74156,11.941,0.043
1877.7324,11.947,0.041
1878.82056,11.948,0.039
1881.81212,12.015,0.039
1884.79986,12.116,0.039
1885.82043,12.145,0.039
1886.80882,12.181,0.039
1887.78006,12.15,0.039
1888.81243,12.213,0.042
1889.79203,12.142,0.04
1899.74144,12.382,0.04
1900.7463,12.423,0.039
1902.73075,12.537,0.039
1903.75863,12.619,0.038
1905.73977,12.547,0.039
1906.72599,12.589,0.04
1907.74047,12.482,0.04
1908.72306,12.579,0.038
1913.70666,12.772,0.034
1914.71609,12.805,0.037
1915.71577,12.848,0.04
1918.69747,12.842,0.04
1920.70597,12.874,0.038
1921.70234,12.802,0.04
1922.70163,12.971,0.041
1924.6914,13.064,0.043
1925.69449,12.913,0.041
1926.68867,13.102,0.037
1928.69054,13.14,0.038
1929.68573,13.267,0.039
1933.67662,13.105,0.042
1934.67314,13.243,0.039
1935.60722,13.39,0.038
1935.70087,13.209,0.039
1937.64397,13.279,0.039
1941.68739,13.205,0.039
1946.66708,13.293,0.04
1950.63452,13.496,0.053
2032.52714,13.566,0.038
2039.46627,13.742,0.054
2053.51459,13.14,0.04
2056.4719,13.382,0.042
2059.47079,13.256,0.043
2069.46277,13.075,0.04
2167.88278,10.595,0.04
2171.90193,10.667,0.042
2173.88149,10.702,0.041
2184.82925,10.97,0.044
2185.89448,10.969,0.046
2190.82419,11.125,0.043
2192.83257,11.212,0.043
2194.83587,11.225,0.041
2196.85391,11.263,0.044
2198.83332,11.309,0.043
2200.83879,11.391,0.046
2202.82172,11.39,0.042
2212.79678,11.679,0.044
2214.78886,11.836,0.047
2215.86894,11.901,0.052
2221.81177,11.923,0.051
2224.78626,12.072,0.045
2228.7627,12.068,0.049
2230.75646,12.181,0.048
2232.84053,12.167,0.051
2234.76475,12.273,0.046
2236.7599,12.303,0.049
2239.76052,12.555,0.05
2242.74198,12.34,0.056
2520.90637,10.745,0.045
2526.90764,10.678,0.057
2545.83397,10.877,0.035
2552.83915,10.99,0.034
2557.83447,11.042,0.047
2559.85053,11.124,0.038
2566.83308,11.348,0.053
2578.82757,11.515,0.041
2621.82999,12.504,0.039
2623.77743,12.49,0.04
2625.76769,12.633,0.038
2632.8014,12.664,0.037
2637.74308,12.753,0.041
2639.75151,12.895,0.036
2641.76121,12.808,0.038
2643.76375,12.878,0.035
2645.75261,12.884,0.039
2647.73068,12.809,0.034
2650.70933,12.915,0.036
2652.72719,13.014,0.034
2655.66831,12.96,0.039
2661.76888,13.108,0.036
2663.76537,13.001,0.041
2667.75777,13.142,0.036
2669.76024,13.328,0.036
2671.74637,13.119,0.043
2673.74205,13.29,0.042
2681.673,13.211,0.037
2691.71171,13.177,0.045
2810.46288,12.804,0.035
2812.47208,12.661,0.033
2814.47458,12.561,0.038
2819.46824,12.421,0.041
2886.90626,10.169,0.034
2894.89561,10.016,0.036
2899.89743,9.991,0.036
2911.86052,10.091,0.041
2916.84874,10.104,0.037
2922.83071,10.242,0.038
2925.87274,10.363,0.038
2928.84545,10.371,0.053
2931.85373,10.464,0.034
2940.7909,10.627,0.038
2946.77829,10.803,0.039
2948.84611,10.834,0.036
2952.79505,10.893,0.035
2955.81867,10.986,0.033
2958.82096,11.068,0.035
2961.84639,11.161,0.034
2964.81781,11.262,0.034
2967.81217,11.341,0.032
2971.77401,11.435,0.033
2974.79195,11.547,0.033
2976.80754,11.652,0.034
2978.78637,11.639,0.035
2980.8386,11.699,0.038
2983.77735,11.756,0.035
2986.76729,11.869,0.036
2989.75611,11.922,0.034
2992.74727,11.974,0.032
2995.73715,12.082,0.033
2997.79588,12.144,0.034
3000.78555,12.241,0.034
3005.71818,12.408,0.045
3007.75245,12.434,0.034
3009.79039,12.449,0.033
3012.69628,12.526,0.035
3015.74616,12.54,0.037
3017.74997,12.595,0.034
3019.77319,12.578,0.033
3023.78862,12.799,0.034
3028.70519,13.05,0.036
3030.74735,13.045,0.033
3033.64128,12.862,0.033
3035.68213,13.309,0.034
3039.68744,13.194,0.036
3047.66227,13.401,0.036
3052.77362,13.095,0.035
3187.46392,13.32,0.036
3296.86555,11.227,0.049
3357.75097,12.709,0.049
3363.74077,12.779,0.048
3367.71045,12.909,0.04
3387.73395,13.311,0.041
3389.72314,13.393,0.05
3391.77128,13.262,0.051
3391.83246,13.401,0.046
3394.79247,13.317,0.04
3397.64242,13.438,0.043
3399.70927,13.46,0.036
3404.72683,13.675,0.041
3406.77418,13.626,0.045
3411.66334,13.751,0.042
3415.72495,13.788,0.039
3419.70877,13.859,0.044
3547.4723,13.535,0.037
3631.89708,10.817,0.04
3636.88817,10.518,0.042
3641.88312,10.321,0.04
3646.88462,10.069,0.042
3650.87347,10.017,0.043
3654.86517,9.978,0.045
3658.83667,10.018,0.044
3662.84877,10.167,0.044
3666.8347,10.328,0.042
3670.82484,10.467,0.039
3673.85835,10.565,0.042
3677.83537,10.732,0.042
3699.81402,11.374,0.045
3703.773,11.43,0.038
3711.83407,11.572,0.038
3714.77241,11.73,0.048
3717.77221,11.74,0.049
3720.75812,11.722,0.049
3726.7398,11.899,0.047
3730.73589,12.072,0.055
3736.7499,12.088,0.046
3739.70642,12.135,0.045
3742.69826,12.152,0.043
3745.68691,12.26,0.046
3747.74592,12.396,0.048
3750.67494,12.411,0.047
3752.79415,12.414,0.041
3755.65854,12.462,0.048
3757.71636,12.634,0.054
3759.76354,12.618,0.045
3762.6819,12.74,0.059
3764.79981,12.697,0.041
3767.66802,12.819,0.043
3770.62011,12.982,0.051
3772.6908,12.837,0.045
3774.81122,12.953,0.04
3787.65942,13.269,0.042
3789.70719,13.607,0.053
3792.61354,13.424,0.043
3794.66634,13.424,0.046
3796.682,13.562,0.048
3798.7471,13.427,0.052
3803.65957,13.617,0.053
3812.72115,13.428,0.042
3817.56823,13.975,0.048
3830.58769,13.805,0.055
4090.74586,11.755,0.05
4105.69752,12.042,0.044
4107.74598,12.203,0.037
4111.74844,12.334,0.043
4127.64237,12.587,0.048
4129.68738,12.703,0.048
4133.7325,12.686,0.055
4135.75284,12.634,0.042
4137.75309,12.704,0.043
4139.78175,12.82,0.038
4141.82061,12.88,0.039
4146.65946,12.931,0.05
4149.74113,12.863,0.041
4151.78169,13.025,0.038
4154.57482,13.124,0.045
4156.62117,13.215,0.055
4158.63868,13.28,0.049
4160.66842,13.133,0.038
4164.69753,13.086,0.045
4167.63178,13.514,0.045
4172.67212,13.418,0.04
4179.719,13.634,0.039
4190.59718,13.955,0.038
4346.91613,12.892,0.049
4363.89859,12.579,0.042
4368.87729,12.317,0.042
4372.86828,12.168,0.042
4376.87429,11.871,0.04
4380.8617,11.627,0.041
4384.85257,11.268,0.042
4388.87374,11.026,0.039
4392.8535,10.938,0.046
4403.84099,10.626,0.038
4407.85498,10.575,0.041
4421.84368,10.613,0.042
4425.84726,10.65,0.041
4429.78049,10.693,0.039
4432.80465,10.723,0.042
4435.79764,10.79,0.039
4438.78741,10.815,0.048
4441.77312,10.9,0.043
4453.74608,11.154,0.044
4456.73391,11.221,0.043
4459.73439,11.294,0.046
4461.81042,11.41,0.039
4464.72487,11.505,0.043
4467.71782,11.567,0.042
4470.72711,11.61,0.038
4473.77222,11.643,0.043
4476.82826,11.727,0.052
4479.68603,11.822,0.043
4482.72257,11.918,0.042
4485.72145,12.187,0.038
4487.74162,12.027,0.038
4492.64791,12.214,0.043
4494.69412,12.186,0.042
4497.81074,12.211,0.039
4500.63105,12.349,0.045
4502.77864,12.408,0.048
4505.61813,12.366,0.04
4507.67622,12.594,0.043
4509.75388,12.63,0.042
4511.81365,12.62,0.042
4515.65358,12.602,0.045
4517.71485,12.68,0.045
4519.74014,12.93,0.041
4521.75434,12.841,0.04
4523.78915,12.811,0.039
4526.59374,12.946,0.043
4528.65257,12.921,0.045
4530.73757,13.026,0.041
4533.60204,12.974,0.041
4536.66228,13.048,0.045
4538.70062,13.087,0.045
4542.66792,13.216,0.046
4546.70128,13.542,0.042
4548.71352,13.029,0.046
4551.64463,13.382,0.046
4555.68952,13.496,0.039
4560.60002,13.211,0.045
4704.92195,12.894,0.04
4728.89822,12.799,0.04
4743.88486,12.138,0.038
4747.86676,11.75,0.038
4755.8526,11.123,0.039
4759.84794,10.859,0.044
4763.8346,10.674,0.038
4767.82653,10.475,0.037
4770.8575,10.394,0.038
4774.81062,10.281,0.036
4778.79915,10.208,0.038
4782.84999,10.138,0.037
4786.83492,10.078,0.038
4793.78354,10.039,0.043
4797.81706,10.081,0.039
4800.82135,10.238,0.045
4804.75495,10.123,0.038
4807.7868,10.176,0.038
4810.78635,10.295,0.042
4813.79685,10.298,0.041
4816.75525,10.383,0.039
4820.7169,10.479,0.038
4823.74663,10.563,0.04
4826.75269,10.614,0.042
4829.72082,10.705,0.04
4835.7088,10.869,0.05
4838.70419,10.966,0.042
4843.67808,11.089,0.043
4846.72758,11.196,0.038
4848.84339,11.222,0.038
4851.69391,11.291,0.039
4857.69462,11.406,0.041
4861.66292,11.497,0.043
4863.72263,11.595,0.047
4866.7007,11.65,0.05
4868.80248,11.709,0.057
4871.643,11.789,0.041
4876.74134,11.868,0.053
4879.65137,12.027,0.037
4881.69539,12.06,0.037
4884.63858,12.182,0.051
4889.62985,12.179,0.045
4891.70244,12.27,0.054
4903.73729,12.625,0.057
4906.60001,12.609,0.058
4914.61206,12.907,0.052
4916.65718,12.856,0.05
4919.59873,13.001,0.05
4926.52885,13.382,0.052
5124.84161,11.929,0.054
5129.84427,11.644,0.048
5137.83918,11.127,0.049
5161.81894,10.547,0.05
5168.76532,10.602,0.058
