1868.79678,12.337,0.033
1868.80525,12.326,0.039
1869.78965,12.336,0.037
1869.79828,12.37,0.04
1871.72881,12.279,0.036
1871.76311,12.277,0.038
1872.83835,12.327,0.034
1873.74876,12.297,0.039
1874.7341,12.225,0.038
1875.7422,12.229,0.039
1875.7861,12.213,0.035
1876.82999,12.246,0.03
1877.74037,12.177,0.036
1878.70248,12.136,0.032
1879.72794,12.186,0.036
1879.77622,12.118,0.032
1884.7235,11.988,0.03
1884.7546,11.926,0.033
1885.80053,11.959,0.032
1885.82084,11.924,0.033
1886.78868,11.94,0.032
1887.71184,11.852,0.035
1887.76514,11.883,0.033
1888.77864,11.855,0.031
1888.84961,12.689,0.036
1889.77036,11.874,0.032
1889.81535,11.867,0.035
1899.72629,11.792,0.033
1899.74608,11.808,0.035
1900.72205,11.735,0.031
1902.71327,11.73,0.034
1902.73088,11.757,0.035
1903.74557,11.828,0.031
1903.76773,11.789,0.035
1904.70872,11.777,0.033
1904.75905,11.825,0.034
1905.71746,11.795,0.032
1905.74884,11.814,0.035
1906.71284,11.798,0.033
1906.73781,11.788,0.037
1907.72706,12.198,0.033
1907.74968,11.807,0.034
1908.70543,11.82,0.032
1913.69119,11.879,0.029
1913.71115,11.876,0.031
1914.70284,11.876,0.03
1914.7206,11.858,0.033
1915.69798,11.89,0.032
1915.72037,11.89,0.034
1918.68868,11.94,0.034
1918.71888,11.862,0.037
1919.70773,11.982,0.033
1919.75845,11.991,0.036
1920.6904,12.018,0.031
1920.71271,11.959,0.034
1921.68899,12.042,0.035
1921.70914,11.976,0.036
1922.67929,12.013,0.034
1922.71068,11.989,0.035
1923.6807,12.021,0.038
1924.67806,12.06,0.043
1924.7004,12.069,0.035
1925.6811,12.086,0.045
1925.70355,12.184,0.042
1926.67078,12.151,0.032
1926.69775,12.179,0.034
1928.69954,12.168,0.034
1929.6768,12.189,0.031
1929.69482,12.291,0.034
1930.69311,12.266,0.034
1931.66535,12.203,0.045
1931.68783,12.228,0.037
1932.66312,12.26,0.035
1932.68568,12.242,0.034
1933.65287,12.326,0.036
1934.65527,12.323,0.032
1934.68223,12.338,0.034
1936.63471,12.315,0.035
1936.65128,12.345,0.034
1937.67275,12.286,0.035
1937.69606,12.301,0.034
1939.60914,12.298,0.037
1939.63183,12.361,0.037
1940.66203,12.316,0.038
1940.70259,12.305,0.035
1941.69771,12.289,0.037
1945.64535,12.341,0.036
1946.65193,12.296,0.036
1946.67823,12.295,0.035
1948.59574,12.334,0.038
1948.61128,12.262,0.038
1949.63666,12.364,0.037
1949.6552,12.345,0.052
1950.62341,12.28,0.053
1950.6439,12.382,0.052
1952.61177,12.327,0.048
1952.63901,12.303,0.047
1953.62783,12.306,0.04
1953.64837,12.389,0.041
1954.62964,12.297,0.04
1955.6095,12.235,0.038
1955.63672,12.306,0.041
1958.60004,12.273,0.044
1958.62052,12.292,0.042
1959.60989,12.151,0.041
1959.63275,12.277,0.039
1961.60387,12.194,0.041
1963.58244,12.024,0.044
1963.60979,12.16,0.041
1964.60368,12.156,0.038
1964.62204,12.242,0.039
1965.59236,12.129,0.04
1965.61298,12.206,0.042
1966.58981,12.136,0.041
1966.61503,12.178,0.043
1967.58915,12.124,0.041
1967.60983,12.159,0.043
1968.58856,12.116,0.042
1968.60727,12.254,0.045
1977.57105,11.957,0.051
1977.58956,11.978,0.05
1979.5538,12.014,0.049
1979.57679,12.056,0.05
1980.59547,12.096,0.047
1981.55016,11.972,0.047
1982.54575,12.006,0.046
1984.52906,11.859,0.043
1984.5721,11.889,0.047
1985.57614,12.038,0.05
1993.52584,11.851,0.047
1993.55604,11.91,0.054
1994.60248,11.927,0.052
2025.46593,12.306,0.037
2027.52372,12.343,0.04
2030.47007,12.3,0.036
2032.52515,12.347,0.031
2033.49473,12.381,0.04
2053.47975,12.487,0.037
2053.51334,12.509,0.034
2055.50532,12.423,0.042
2056.46629,12.409,0.034
2057.50588,12.523,0.039
2059.46752,12.5,0.037
2064.52085,12.442,0.039
2068.49916,12.462,0.035
2069.462,12.319,0.031
2081.4886,12.074,0.052
2144.92261,12.352,0.04
2167.86289,12.516,0.04
2171.88213,12.434,0.044
2183.87601,12.034,0.04
2185.8414,11.9,0.041
2189.8694,11.801,0.043
2191.82928,11.74,0.042
2191.84512,11.828,0.036
2193.83198,11.721,0.042
2196.81973,12.298,0.054
2198.80815,11.721,0.044
2200.81839,11.794,0.048
2202.80345,11.823,0.042
2212.77828,11.927,0.044
2213.82514,12.08,0.044
2215.79248,12.03,0.046
2217.77592,12.12,0.046
2221.79772,12.197,0.05
2222.86536,12.146,0.054
2225.74875,12.287,0.043
2227.7702,12.305,0.045
2229.75842,12.266,0.045
2232.769,12.451,0.046
2234.74779,12.419,0.045
2236.73399,12.457,0.046
2239.74394,12.487,0.047
2240.84776,12.513,0.05
2242.71847,12.496,0.057
2243.83773,12.381,0.056
2244.75086,12.521,0.055
2247.74822,12.527,0.057
2248.82333,12.49,0.052
2249.72779,12.524,0.05
2250.70693,12.472,0.055
2251.77831,12.586,0.053
2252.7893,12.609,0.053
2253.77014,12.42,0.058
2255.77044,12.542,0.059
2257.69195,12.382,0.054
2440.4648,12.09,0.039
2441.4688,12.039,0.044
2443.47179,12.14,0.041
2456.45755,12.253,0.045
2466.45802,12.204,0.047
2545.82985,12.405,0.033
2552.83151,12.414,0.033
2557.83001,12.448,0.041
2559.81386,12.449,0.037
2561.86799,12.471,0.032
2565.81706,12.471,0.041
2565.84404,12.543,0.041
2577.77615,12.48,0.04
2578.82008,12.359,0.047
2621.80556,12.163,0.034
2621.83263,12.188,0.036
2625.77703,12.07,0.035
2628.72481,12.04,0.035
2631.85036,12.122,0.031
2632.80157,12.059,0.035
2635.70176,11.991,0.034
2637.72531,12.095,0.034
2637.75912,12.016,0.035
2639.72185,11.997,0.028
2641.7318,12.034,0.033
2642.71234,12.013,0.039
2643.74586,12.015,0.032
2644.7548,12.019,0.037
2645.71627,12.065,0.038
2646.7343,11.987,0.041
2647.71047,11.983,0.031
2649.72392,12.058,0.038
2650.68457,12.031,0.027
2651.69155,11.942,0.037
2652.70473,11.985,0.032
2654.71322,11.982,0.043
2655.74804,12.124,0.041
2657.73261,12.007,0.033
2658.71296,12.153,0.04
2659.76155,12.038,0.031
2661.7577,12.022,0.031
2662.70537,12.015,0.038
2663.75417,11.984,0.032
2664.6968,11.96,0.042
2665.74586,11.981,0.031
2666.6944,11.909,0.04
2667.74658,11.982,0.032
2669.73675,11.944,0.029
2670.69344,11.948,0.036
2671.73518,12.04,0.03
2672.69424,11.982,0.039
2673.73206,11.941,0.03
2674.68207,11.993,0.038
2675.71758,11.948,0.031
2676.66841,11.931,0.042
2677.69967,11.965,0.032
2678.6539,12.013,0.037
2679.68028,12.008,0.037
2681.6527,11.993,0.039
2681.69672,12.06,0.037
2683.68289,12.049,0.039
2684.8001,12.022,0.03
2685.66369,11.925,0.042
2686.70263,11.986,0.03
2688.78127,11.993,0.046
2689.72626,11.989,0.032
2690.71836,11.956,0.034
2691.67014,11.888,0.042
2693.68264,11.909,0.038
2694.69863,11.948,0.033
2696.71377,11.942,0.033
2697.66994,11.91,0.033
2698.709,12.051,0.034
2699.66273,11.892,0.032
2700.69223,11.91,0.036
2701.66075,11.873,0.032
2703.65659,11.855,0.031
2704.65976,11.911,0.034
2705.6489,11.887,0.039
2706.63874,11.994,0.037
2707.64724,11.821,0.039
2707.80873,11.86,0.036
2709.62906,11.861,0.034
2709.68013,11.907,0.034
2711.60779,12.002,0.028
2711.62444,11.94,0.043
2712.76818,11.965,0.03
2712.77324,11.98,0.033
2714.61298,12.008,0.031
2714.61805,12.116,0.036
2715.71597,12.542,0.039
2719.59935,12.009,0.029
2719.60686,12.093,0.035
2720.7317,11.961,0.037
2722.63698,12.103,0.029
2722.64211,12.062,0.032
2724.6349,12.151,0.031
2724.64003,12.202,0.033
2726.63844,12.262,0.034
2728.62461,12.248,0.029
2728.62975,12.222,0.034
2730.6206,12.354,0.03
2730.62575,12.399,0.034
2733.66705,12.412,0.029
2733.67221,12.518,0.032
2735.66807,12.506,0.032
2737.65004,12.577,0.029
2737.65522,12.912,0.035
2739.64028,12.502,0.031
2739.64547,12.461,0.038
2741.6077,12.617,0.029
2741.61289,12.76,0.051
2742.70271,12.664,0.037
2744.60188,12.61,0.036
2750.61434,12.735,0.033
2751.55135,12.755,0.031
2752.57886,12.726,0.036
2755.56919,12.785,0.037
2756.5515,12.624,0.032
2757.56606,12.751,0.037
2759.59346,12.732,0.033
2760.55771,12.739,0.035
2761.5693,12.647,0.036
2763.56575,12.681,0.035
2764.54113,12.727,0.035
2766.55577,12.683,0.038
2766.59874,12.839,0.035
2770.55953,12.709,0.029
2770.59576,12.873,0.034
2775.50788,12.604,0.031
2775.5108,12.629,0.034
2776.61213,12.8,0.035
2782.53545,12.6,0.032
2784.5358,12.603,0.031
2786.53145,12.53,0.032
2789.52752,12.511,0.034
2792.48045,12.483,0.03
2795.47067,12.346,0.034
2804.48192,12.173,0.034
2809.48577,11.854,0.03
2811.49686,11.811,0.029
2814.46209,11.729,0.033
2860.9307,12.043,0.031
2877.9241,12.007,0.032
2885.88734,11.82,0.03
2885.91795,11.924,0.034
2893.88544,11.821,0.032
2894.89446,11.815,0.035
2896.88712,11.839,0.034
2897.90805,11.843,0.034
2905.88534,11.907,0.033
2906.88575,11.918,0.033
2910.88304,11.958,0.036
2912.82157,12.054,0.042
2916.81703,12.009,0.029
2916.84677,12.074,0.032
2921.8671,12.083,0.038
2922.82629,12.051,0.033
2923.83952,12.125,0.033
2925.86818,12.177,0.038
2927.7955,12.202,0.029
2928.83842,12.241,0.039
2930.83266,12.234,0.029
2931.84126,12.296,0.033
2933.82812,12.327,0.034
2934.83606,12.922,0.032
2940.76945,12.53,0.033
2942.81573,12.589,0.03
2942.83782,12.457,0.034
2944.80504,12.46,0.037
2946.77276,12.58,0.033
2948.84284,12.538,0.035
2950.76542,12.668,0.031
2952.79154,12.586,0.034
2953.7824,12.586,0.039
2958.81219,12.724,0.033
2961.83738,12.666,0.034
2963.79247,12.703,0.03
2964.81137,12.742,0.034
2967.80825,12.748,0.031
2970.78943,12.69,0.028
2971.77481,12.522,0.033
2973.84027,12.748,0.031
2975.76674,12.555,0.028
2976.81793,12.622,0.031
2977.75653,12.538,0.034
2978.80983,12.51,0.031
2981.76676,12.492,0.033
2984.7465,12.468,0.029
2984.77785,12.313,0.033
2987.76595,12.428,0.031
2990.76055,12.316,0.032
2992.71177,12.347,0.032
2993.7587,12.398,0.037
2996.74209,12.271,0.031
2996.80938,12.228,0.029
2998.80678,12.194,0.036
3000.71215,12.136,0.029
3001.7902,12.087,0.032
3006.71447,11.985,0.032
3007.67647,11.971,0.031
3008.74611,11.996,0.035
3009.74189,11.896,0.033
3010.76585,11.875,0.034
3011.75878,11.948,0.031
3013.69457,11.756,0.034
3013.80639,11.784,0.029
3016.74799,11.735,0.033
3017.62264,11.737,0.035
3023.70441,11.577,0.029
3023.74484,11.553,0.039
3028.69214,11.528,0.03
3030.7317,11.478,0.031
3030.75605,11.634,0.033
3033.60575,11.466,0.028
3033.6443,11.48,0.034
3035.67258,11.473,0.032
3035.7045,11.461,0.032
3039.673,11.486,0.031
3042.66892,11.557,0.031
3042.70155,11.574,0.034
3044.6959,11.551,0.03
3047.6421,11.699,0.029
3047.67075,11.659,0.033
3050.62078,11.838,0.03
3050.6464,11.759,0.032
3052.76163,12.062,0.03
3054.742,11.864,0.033
3056.81544,11.959,0.029
3057.64398,11.999,0.032
3059.62706,12.118,0.028
3059.6887,12.124,0.031
3061.67131,12.14,0.03
3061.7166,12.2,0.033
3066.74951,12.354,0.039
3068.67951,12.284,0.031
3070.7105,12.46,0.031
3073.60177,12.443,0.028
3075.59453,12.415,0.033
3075.63626,12.48,0.031
3077.63454,12.602,0.037
3079.67504,12.661,0.031
3081.69074,12.565,0.032
3085.69115,12.527,0.03
3087.69363,12.598,0.031
3091.71016,12.601,0.031
3093.70512,12.465,0.034
3097.67167,12.394,0.03
3100.52172,12.423,0.032
3102.54107,12.41,0.031
3104.5587,12.452,0.032
3106.56701,12.424,0.031
3108.57148,12.331,0.029
3110.5764,12.395,0.029
3112.58624,12.348,0.029
3114.59559,12.402,0.03
3116.61802,12.374,0.035
3121.5244,12.41,0.029
3123.54929,12.501,0.03
3125.58052,12.521,0.029
3127.60926,12.36,0.035
3130.50547,12.499,0.031
3132.5328,12.463,0.029
3134.55483,12.608,0.029
3142.59072,12.717,0.03
3146.54111,12.749,0.028
3153.49029,12.81,0.04
3156.50789,12.65,0.03
3159.53369,12.593,0.031
3163.49187,12.612,0.029
3165.51165,12.56,0.03
3168.51512,12.569,0.032
3176.48928,12.447,0.029
3184.4711,12.32,0.031
3187.46335,12.285,0.029
3356.75904,12.346,0.044
3357.76974,12.304,0.046
3363.73069,12.284,0.035
3365.76297,12.26,0.037
3374.78651,12.123,0.047
3380.82696,12.165,0.04
3383.73883,12.296,0.031
3383.76021,12.125,0.035
3385.66879,12.084,0.04
3385.8209,12.186,0.031
3387.71423,12.148,0.057
3388.64948,12.194,0.032
3388.7324,12.147,0.041
3389.76302,12.165,0.037
3395.76784,12.141,0.029
3396.66108,12.229,0.037
3397.79588,12.118,0.03
3398.73093,12.182,0.044
3400.62671,12.274,0.036
3400.73762,12.204,0.042
3402.84166,12.227,0.027
3403.73297,12.275,0.036
3405.73697,12.249,0.037
3407.65375,12.351,0.037
3407.83205,12.424,0.038
3409.67848,12.241,0.031
3411.69902,12.273,0.027
3412.67287,12.324,0.037
3413.73744,12.331,0.028
3414.68209,12.285,0.034
3415.75505,12.317,0.03
3416.67889,12.245,0.039
3420.55553,12.193,0.034
3420.65704,12.353,0.045
3422.67624,12.107,0.036
3424.68452,12.166,0.035
3426.64209,12.008,0.033
3426.6858,12.048,0.033
3430.65127,11.944,0.027
3430.69825,11.941,0.037
3432.65041,11.903,0.042
3434.64542,11.787,0.032
3434.6879,11.846,0.041
3440.62894,11.608,0.032
3440.67065,11.639,0.032
3443.67811,11.682,0.03
3445.66587,11.727,0.031
3447.66579,11.703,0.037
3447.71706,11.68,0.037
3449.61623,11.716,0.035
3452.54116,11.749,0.038
3454.64151,11.814,0.032
3454.67075,11.75,0.033
3456.63595,11.854,0.033
3456.66584,11.816,0.04
3458.6194,11.824,0.029
3458.65147,11.879,0.04
3460.62119,11.894,0.03
3460.65478,11.858,0.034
3462.6619,12.072,0.043
3464.67144,12.031,0.027
3464.69452,11.982,0.033
3466.6701,12.066,0.031
3469.66314,12.132,0.028
3469.67683,12.076,0.033
3471.67842,12.168,0.031
3471.68779,12.11,0.033
3473.68758,12.131,0.031
3473.70043,12.173,0.031
3476.57863,12.325,0.042
3476.59649,12.149,0.033
3478.581,12.148,0.029
3478.58692,12.222,0.036
3480.60346,12.228,0.033
3480.60921,12.349,0.033
3482.61339,12.178,0.03
3484.65406,12.187,0.037
3484.65989,12.228,0.039
3489.54497,12.181,0.042
3489.54813,12.183,0.036
3491.56406,12.264,0.04
3495.5591,12.233,0.033
3495.56229,12.313,0.037
3497.61647,12.271,0.031
3497.61966,12.271,0.034
3501.47514,12.281,0.027
3506.5695,12.318,0.033
3509.50064,12.312,0.044
3511.46644,12.251,0.032
3513.48947,12.333,0.03
3516.48335,12.27,0.033
3517.49138,12.348,0.032
3521.49348,12.307,0.029
3522.5174,12.365,0.038
3523.51912,12.409,0.034
3526.5092,12.382,0.032
3528.51612,12.375,0.034
3530.51783,12.26,0.032
3538.51018,12.326,0.033
3538.51316,12.345,0.035
3542.47911,12.448,0.034
3547.4611,12.312,0.029
3556.45606,12.485,0.031
3591.92922,12.045,0.046
3603.92814,12.133,0.039
3621.90305,12.175,0.031
3621.91198,12.133,0.047
3630.87247,12.114,0.034
3630.89749,12.041,0.039
3636.88022,12.085,0.037
3640.85556,12.034,0.033
3640.89084,11.986,0.036
3644.86005,11.963,0.046
3644.89236,12.066,0.049
3652.84227,11.973,0.035
3654.8408,11.887,0.045
3655.84853,11.949,0.028
3657.85043,11.969,0.034
3658.84312,11.829,0.037
3660.8594,12.104,0.042
3662.83306,12.326,0.031
3664.83117,12.057,0.047
3666.81573,12.204,0.035
3670.80351,12.063,0.033
3670.81396,12.207,0.034
3673.8359,12.237,0.033
3673.84659,12.227,0.04
3677.79903,12.138,0.044
3677.81882,12.154,0.034
3699.77976,12.482,0.041
3702.75958,12.414,0.033
3703.76469,12.508,0.038
3705.8164,12.428,0.035
3706.82831,12.543,0.037
3708.76689,12.461,0.033
3711.85272,12.58,0.033
3712.79054,12.556,0.031
3714.77389,12.564,0.039
3715.73689,12.647,0.036
3717.77446,12.474,0.042
3718.73557,12.453,0.039
3720.76284,12.614,0.049
3721.73536,12.604,0.038
3726.7443,12.484,0.036
3727.70345,12.46,0.032
3730.75257,12.484,0.037
3730.7687,12.324,0.036
3733.77098,12.347,0.033
3733.79066,12.477,0.038
3736.7281,12.313,0.032
3736.7511,12.415,0.034
3739.67926,12.235,0.036
3739.70775,12.374,0.034
3741.76026,12.316,0.031
3742.70037,12.33,0.036
3744.69042,12.225,0.034
3745.694,12.294,0.042
3747.66909,12.355,0.037
3747.75864,12.233,0.036
3749.78788,12.21,0.035
3750.68124,12.162,0.035
3752.72599,12.198,0.031
3752.80141,12.145,0.035
3755.6361,12.234,0.036
3755.68395,12.238,0.035
3757.69864,12.16,0.031
3757.73189,12.148,0.036
3759.74604,12.104,0.031
3759.78921,12.147,0.037
3762.69126,12.244,0.043
3764.78963,12.098,0.037
3765.65097,12.08,0.044
3767.64981,12.073,0.032
3768.64036,12.04,0.038
3770.70953,12.067,0.036
3772.60595,11.985,0.029
3774.69793,11.948,0.039
3776.74934,11.942,0.033
3778.76053,11.966,0.041
3779.73261,11.975,0.042
3780.77392,11.932,0.036
3783.81035,12.025,0.041
3787.64599,11.957,0.036
3788.61249,11.939,0.032
3789.70319,11.93,0.035
3791.84048,11.996,0.041
3792.74063,12.002,0.034
3794.61903,12.014,0.037
3795.5815,11.985,0.034
3796.64773,12.035,0.033
3797.63132,12.036,0.037
3799.69833,12.015,0.028
3800.68881,12.007,0.04
3802.58101,12.09,0.038
3803.61901,12.148,0.038
3804.64967,11.988,0.035
3805.64258,11.933,0.035
3808.65404,12.046,0.035
3809.65619,12.126,0.033
3810.6576,12.055,0.036
3811.66055,12.037,0.032
3812.66114,12.166,0.037
3813.67914,12.071,0.036
3815.70701,12.042,0.034
3817.71573,12.119,0.041
3818.7189,12.105,0.035
3820.55416,12.054,0.032
3822.62124,12.113,0.032
3823.57897,12.038,0.038
3824.64178,11.994,0.031
3825.60933,11.97,0.037
3826.65673,11.958,0.035
3827.65052,12.048,0.037
3828.6667,11.958,0.029
3830.70247,11.951,0.04
3831.69614,12.081,0.038
3832.69138,11.997,0.038
3834.67005,11.97,0.034
3836.68689,11.922,0.038
3847.56391,12.212,0.037
3847.56799,12.383,0.041
3849.61494,12.179,0.031
3849.61822,12.255,0.034
3851.61772,12.238,0.03
3851.62092,12.236,0.033
3853.62738,12.221,0.032
3853.63137,12.237,0.033
3856.53499,12.35,0.038
3856.53818,12.246,0.036
3860.6499,12.431,0.038
3861.53904,12.476,0.03
3862.58855,12.404,0.04
3863.54359,12.58,0.032
3864.61406,12.384,0.041
3865.55771,12.459,0.03
3866.62617,12.783,0.035
3867.60478,12.616,0.035
3869.53419,12.567,0.036
3870.48479,12.644,0.033
3871.53646,12.567,0.033
3872.50945,12.584,0.032
3875.5382,12.611,0.033
3877.57023,12.558,0.035
3881.53072,12.553,0.036
3882.50417,12.566,0.031
3886.46825,12.535,0.032
3886.5072,12.42,0.033
3890.51009,12.438,0.034
3891.47717,12.393,0.03
3893.52903,12.347,0.035
3897.50772,12.318,0.032
3900.48958,12.173,0.031
3903.47449,12.276,0.045
3905.49333,12.2,0.03
3908.4639,12.226,0.028
3983.9155,12.2,0.035
4090.7565,12.176,0.037
4105.68083,12.032,0.039
4105.71257,12.082,0.037
4107.72712,12.066,0.031
4107.77127,12.083,0.034
4111.72792,12.098,0.029
4111.77283,12.098,0.035
4127.61733,11.995,0.033
4127.6552,12.002,0.036
4129.66848,12.023,0.031
4131.70577,11.995,0.028
4131.74544,11.965,0.035
4133.71178,12.002,0.035
4133.76287,12.047,0.039
4135.73796,12.016,0.03
4135.82286,12.005,0.04
4137.73751,11.979,0.046
4139.76617,12.017,0.031
4139.83976,12.069,0.043
4141.8136,12.121,0.04
4142.6128,12.081,0.034
4144.59061,12.102,0.043
4144.66646,12.084,0.035
4146.65253,12.073,0.031
4146.70933,12.128,0.038
4149.7301,12.027,0.032
4149.80024,12.087,0.036
4151.7748,12.112,0.029
4152.58386,12.132,0.033
4153.81037,12.175,0.039
4154.64341,12.18,0.033
4156.57187,12.166,0.035
4156.65377,12.307,0.04
4158.60562,12.271,0.033
4158.66611,12.171,0.036
4160.63968,12.268,0.033
4160.68518,12.253,0.031
4162.62883,12.338,0.032
4162.68897,12.254,0.037
4164.6435,12.288,0.036
4167.59733,12.294,0.031
4167.65415,12.474,0.033
4172.6471,12.365,0.031
4172.69666,12.423,0.044
4174.66068,12.437,0.033
4174.70975,12.497,0.035
4176.69115,12.451,0.033
4176.79218,12.417,0.04
4179.67768,12.502,0.032
4179.73594,12.484,0.037
4181.69359,12.44,0.043
4181.74978,13.368,0.046
4183.7376,12.487,0.037
4183.77044,12.458,0.037
4185.71158,12.643,0.037
4188.55807,12.566,0.031
4189.62776,12.501,0.034
4190.54682,12.469,0.035
4191.64934,12.446,0.038
4192.55628,12.573,0.035
4193.68199,12.482,0.04
4194.6082,12.559,0.033
4197.59241,12.42,0.035
4202.56178,12.374,0.034
4202.7058,12.213,0.044
4204.6597,12.318,0.033
4205.54341,12.224,0.034
4208.62856,12.263,0.04
4208.66,12.289,0.045
4213.55799,12.01,0.039
4213.56116,12.076,0.035
4216.60605,12.086,0.038
4216.60923,12.069,0.043
4228.607,11.999,0.051
4230.602,12.032,0.04
4230.60899,12.003,0.039
4232.60255,11.944,0.04
4232.60571,12.029,0.049
4234.60794,12.052,0.039
4235.47574,12,0.032
4237.54129,12.026,0.042
4245.5774,12.111,0.045
4246.53046,12.174,0.031
4247.58136,12.62,0.037
4253.50569,12.34,0.034
4256.52459,12.343,0.03
4258.52931,12.357,0.032
4267.49543,12.421,0.044
4267.49838,12.361,0.042
4269.5294,12.348,0.036
4271.46794,12.338,0.043
4274.4691,12.367,0.035
4277.5058,12.236,0.043
4281.46378,12.235,0.036
4281.50864,12.168,0.037
4284.49593,12.213,0.036
4286.45526,12.104,0.04
4289.47804,12.158,0.035
4292.47524,12.217,0.039
4295.46365,12.235,0.034
4300.45831,12.285,0.036
4331.92867,12.374,0.03
4340.91203,12.26,0.036
4343.91689,12.209,0.037
4344.91655,12.269,0.044
4348.91133,12.095,0.043
4349.89266,12.068,0.031
4355.88118,11.796,0.033
4358.90135,11.751,0.035
4362.88661,11.622,0.054
4363.88372,11.569,0.036
4366.85945,11.61,0.036
4367.88837,11.579,0.037
4371.87662,11.608,0.036
4373.87067,11.597,0.032
4376.87216,11.688,0.036
4377.86295,11.789,0.034
4380.8578,11.737,0.038
4381.85498,11.89,0.037
4384.85013,11.829,0.038
4385.84074,11.834,0.034
4388.87021,11.945,0.038
4392.8382,12.02,0.047
4403.82538,12.053,0.035
4404.84576,12.189,0.033
4407.84837,12.058,0.033
4408.79938,12.044,0.032
4410.83775,11.985,0.037
4411.84428,12.059,0.035
4421.8166,11.909,0.032
4421.83413,11.91,0.036
4425.82477,11.84,0.032
4425.83998,11.826,0.035
4428.78851,11.719,0.034
4429.7729,11.877,0.037
4431.77688,11.849,0.034
4432.79776,11.724,0.035
4435.81481,11.76,0.035
4437.77919,11.784,0.035
4438.79774,11.794,0.035
4440.76781,11.878,0.036
4441.79732,11.712,0.036
4443.77079,11.758,0.037
4448.73219,11.826,0.036
4452.73559,11.743,0.037
4455.72861,11.972,0.038
4457.74374,11.938,0.035
4458.7066,12.032,0.034
4460.74184,12.087,0.047
4461.70362,11.935,0.034
4463.72406,12.149,0.033
4463.81507,12.127,0.033
4466.69957,12.182,0.034
4466.72346,12.146,0.037
4469.70058,12.127,0.033
4472.78568,12.129,0.041
4475.66914,12.388,0.039
4476.70441,12.263,0.049
4478.68198,12.137,0.037
4478.76389,12.584,0.038
4484.81133,12.294,0.03
4484.82206,12.211,0.038
4487.64371,12.276,0.036
4487.66518,12.263,0.036
4489.70164,12.304,0.033
4489.73287,12.422,0.034
4491.72041,12.234,0.031
4491.77173,12.337,0.034
4493.74442,12.303,0.031
4493.80738,12.289,0.033
4497.6542,12.399,0.033
4497.69191,12.395,0.037
4499.74827,12.292,0.031
4499.79907,12.265,0.034
4502.66531,12.437,0.037
4502.7009,12.45,0.048
4504.73057,12.37,0.033
4504.82788,12.363,0.036
4507.63278,12.303,0.038
4509.63965,12.229,0.033
4509.72516,12.355,0.037
4511.7104,12.494,0.031
4511.8005,12.441,0.043
4517.68409,12.453,0.039
4517.71662,12.45,0.035
4519.68865,12.532,0.032
4519.74107,12.557,0.035
4521.7059,12.47,0.032
4521.7555,12.536,0.038
4523.72881,12.588,0.033
4523.79021,12.485,0.033
4525.78402,12.764,0.043
4526.59824,12.822,0.042
4528.59045,12.698,0.033
4528.66136,12.687,0.036
4530.65357,12.617,0.03
4530.74188,12.612,0.035
4532.7211,12.541,0.031
4533.60688,12.428,0.038
4536.5665,12.283,0.033
4536.66731,12.348,0.034
4538.63438,12.319,0.031
4540.63878,12.245,0.038
4540.76256,12.737,0.048
4542.66973,12.061,0.041
4546.678,12.044,0.033
4546.70384,12.015,0.038
4548.67435,12.005,0.033
4548.71538,11.941,0.036
4550.73692,11.917,0.038
4551.64666,11.897,0.035
4553.56473,11.936,0.045
4555.58978,11.932,0.031
4555.69326,11.989,0.032
4557.60516,11.911,0.035
4557.73918,12.041,0.035
4559.651,12.066,0.032
4560.56855,12.015,0.038
4561.68116,12.163,0.033
4562.61602,11.983,0.034
4564.53391,12.253,0.033
4564.69356,12.1,0.042
4566.55979,12.193,0.034
4566.68018,12.173,0.041
4568.58613,12.19,0.042
4568.69097,12.148,0.035
4570.57968,12.24,0.03
4572.58504,12.325,0.033
4572.61851,12.356,0.036
4574.60919,12.283,0.036
4574.63044,12.191,0.036
4576.62227,12.392,0.041
4576.65187,12.508,0.042
4580.62103,12.419,0.035
4585.47206,12.38,0.033
4585.47523,12.574,0.036
4587.59766,12.49,0.048
4589.60462,12.298,0.033
4589.60791,12.44,0.035
4591.63853,12.518,0.036
4592.52139,12.472,0.036
4594.52731,12.466,0.039
4594.57238,12.354,0.033
4596.53376,12.432,0.04
4596.57034,12.536,0.033
4600.55033,12.458,0.038
4602.58197,12.337,0.036
4603.53156,12.244,0.036
4606.58657,12.334,0.045
4607.53329,12.369,0.034
4608.58853,12.276,0.045
4609.57842,12.649,0.038
4611.54805,12.313,0.037
4616.52584,12.08,0.034
4618.54921,12.023,0.036
4620.49474,11.947,0.034
4622.54839,11.802,0.039
4623.49163,11.778,0.032
4627.51422,11.754,0.034
4628.49924,11.739,0.03
4629.52295,11.667,0.041
4631.50705,11.628,0.033
4632.53377,11.678,0.036
4639.50909,11.619,0.037
4641.45777,11.625,0.037
4642.49878,11.546,0.036
4644.50717,11.656,0.038
4649.46613,11.729,0.048
4653.46884,11.784,0.038
4655.47291,11.759,0.047
4661.45866,12.017,0.038
4683.93516,12.317,0.031
4693.92647,12.188,0.032
4701.92404,12.129,0.035
4702.92567,12.036,0.035
4722.87777,12.545,0.03
4722.89944,12.5,0.033
4727.8744,12.474,0.034
4727.90381,12.609,0.039
4743.84963,12.736,0.032
4743.87311,12.635,0.035
4746.84952,12.483,0.032
4747.85111,12.625,0.034
4750.83812,12.509,0.038
4753.85501,12.437,0.033
4755.83782,12.319,0.043
4757.83327,12.299,0.032
4758.85987,12.317,0.036
4761.81643,12.179,0.031
4762.82324,12.211,0.033
4765.80435,12.188,0.034
4766.83534,12.285,0.033
4768.83467,12.104,0.032
4769.84522,12.137,0.033
4772.80756,12.157,0.033
4773.80844,12.12,0.036
4776.79301,12.2,0.032
4777.79428,12.089,0.031
4780.83647,12.192,0.033
4784.79097,12.154,0.033
4792.76349,12.253,0.031
4792.78123,12.225,0.037
4795.79607,12.158,0.038
4796.81881,12.205,0.037
4798.81291,12.328,0.031
4801.78021,12.204,0.034
4802.79242,12.199,0.036
4804.78131,12.152,0.029
4805.78572,12.162,0.034
4807.76712,12.218,0.03
4808.78129,12.17,0.033
4810.76507,12.329,0.034
4813.76703,12.056,0.038
4815.77547,12.188,0.037
4816.73703,12.186,0.033
4819.77492,12.055,0.033
4819.79616,12.129,0.041
4822.7186,12.129,0.035
4822.75424,12.066,0.036
4825.72957,11.996,0.033
4825.74791,12.035,0.036
4828.73555,12.067,0.036
4831.70914,12.078,0.033
4831.72448,12.118,0.034
4834.69608,12.172,0.031
4834.71544,12.07,0.032
4836.80153,12.117,0.031
4837.70346,12.109,0.037
4839.69235,12.06,0.039
4842.78931,12.085,0.037
4844.6949,12.064,0.039
4845.75725,12.02,0.043
4847.68304,12.137,0.036
4848.68471,12.182,0.038
4849.7987,12.086,0.035
4852.6542,12.212,0.033
4853.71153,12.155,0.036
4855.6837,12.143,0.037
4856.7147,12.108,0.036
4857.76587,12.219,0.034
4860.65725,12.127,0.035
4861.65077,12.268,0.044
4862.74309,12.21,0.035
4865.67975,12.171,0.038
4867.83826,12.124,0.046
4868.78032,12.085,0.046
4870.6629,12.128,0.037
4871.63758,12.261,0.033
4872.71592,12.213,0.038
4875.70045,12.096,0.039
4876.73364,12.055,0.037
4877.7255,12.562,0.035
4879.64529,12.12,0.033
4881.69092,12.012,0.031
4883.60905,12.075,0.034
4885.79041,11.981,0.05
4888.63451,12.055,0.04
4889.62468,11.975,0.04
4893.61598,12.043,0.041
4902.65195,11.883,0.042
4905.65069,11.886,0.045
4914.52781,12.091,0.039
4914.56271,12.238,0.041
4916.61928,12.121,0.043
4918.69181,12.15,0.044
4921.55191,12.243,0.038
4921.55514,12.397,0.042
4926.52549,12.635,0.044
4936.61177,12.756,0.046
4940.69944,12.694,0.045
4948.61738,12.771,0.046
4962.54636,12.297,0.039
4969.5927,11.949,0.045
5021.47789,12.021,0.047
5084.88896,11.698,0.048
5088.88474,11.637,0.041
5092.87222,11.78,0.045
5099.88304,11.65,0.042
5106.86338,12.008,0.041
5106.88917,11.983,0.042
5111.84401,12.141,0.038
5129.83793,12.537,0.042
5137.79209,12.725,0.044
5137.82081,12.514,0.044
5145.81006,12.463,0.044
5159.79257,12.506,0.047
5161.82146,12.388,0.048
5168.78726,12.33,0.047
