1868.82264,12.476,0.055
1870.76242,12.261,0.065
1871.87134,12.55,0.061
1875.75332,12.395,0.067
1877.75867,12.367,0.05
1879.74601,12.496,0.042
1881.74096,12.617,0.043
1884.80242,12.477,0.044
1885.8253,12.382,0.042
1886.81142,12.778,0.04
1887.78264,12.364,0.047
1889.724,12.346,0.053
1899.74416,12.625,0.043
1900.74903,12.459,0.041
1902.73809,12.61,0.042
1903.76135,12.39,0.047
1904.75245,12.845,0.048
1905.74475,12.427,0.046
1906.73124,12.785,0.045
1907.74321,12.519,0.041
1908.73059,12.483,0.044
1913.70941,12.842,0.037
1914.71887,12.397,0.042
1915.72082,12.576,0.042
1918.70026,12.655,0.041
1920.70874,12.904,0.039
1921.70512,12.409,0.042
1922.70445,12.597,0.041
1923.69906,12.303,0.057
1924.69419,12.602,0.043
1925.69732,12.633,0.042
1926.69374,12.355,0.039
1928.69334,12.341,0.041
1929.68855,12.794,0.04
1930.68683,12.443,0.041
1932.67941,12.48,0.043
1933.67943,12.467,0.043
1934.676,12.762,0.041
1937.69086,12.375,0.042
1939.63749,12.383,0.039
1940.692,12.42,0.042
1941.69262,12.966,0.042
1945.6687,12.625,0.04
1946.67153,12.449,0.04
1947.67607,12.391,0.041
1948.69179,12.856,0.042
1949.66215,12.28,0.062
1950.63956,12.736,0.063
1952.63238,12.87,0.059
1953.63269,12.381,0.048
1954.63819,12.557,0.054
1955.63006,12.515,0.05
1958.6138,12.328,0.046
1959.63265,12.81,0.048
1961.61978,12.653,0.048
1964.61736,12.621,0.047
1965.60825,12.449,0.048
1966.61249,12.848,0.052
1967.60502,12.278,0.05
1968.60204,12.831,0.053
1977.58663,12.476,0.056
1979.57153,12.552,0.059
1981.57002,12.494,0.054
1982.5749,12.896,0.052
1984.56669,12.754,0.062
1985.56838,12.472,0.062
1993.53858,12.839,0.067
2026.47165,12.588,0.048
2030.48387,12.76,0.058
2032.52932,12.251,0.047
2056.4694,12.82,0.063
2059.47272,12.351,0.068
2069.46692,12.377,0.05
2167.88691,12.735,0.06
2184.8436,12.355,0.063
2186.86737,12.472,0.049
2189.85026,12.375,0.057
2191.84932,12.419,0.053
2193.85053,12.402,0.052
2196.84235,12.455,0.063
2198.84238,12.367,0.05
2202.83532,12.613,0.049
2206.80002,12.873,0.051
2212.81048,12.513,0.055
2212.82365,12.303,0.057
2214.80262,12.426,0.053
2221.8256,12.243,0.056
2224.80932,12.521,0.053
2228.77647,12.444,0.053
2230.77522,12.474,0.052
2233.7481,12.765,0.052
2234.85593,12.616,0.058
2236.78093,12.77,0.055
2239.78151,12.457,0.055
2241.7567,12.586,0.058
2442.45331,12.511,0.05
2545.84717,12.789,0.058
2545.865,12.931,0.047
2552.85067,12.866,0.038
2557.85267,12.566,0.052
2559.86883,12.843,0.044
2562.84361,12.836,0.062
2578.84134,12.519,0.044
2623.78011,12.389,0.033
2625.77036,12.344,0.034
2628.73186,12.802,0.039
2628.7474,12.778,0.037
2635.74064,12.757,0.031
2637.75041,12.515,0.036
2639.76362,12.369,0.033
2641.77999,12.392,0.036
2643.82203,12.691,0.039
2645.77172,12.679,0.034
2650.71214,12.371,0.035
2652.73453,12.469,0.033
2655.67646,12.502,0.031
2657.80958,12.737,0.041
2661.77172,12.902,0.042
2663.7682,12.623,0.033
2667.76061,12.466,0.039
2669.76307,12.375,0.036
2671.74921,12.427,0.039
2677.71365,12.889,0.036
2679.69425,12.848,0.046
2681.67582,12.715,0.035
2685.65695,12.496,0.037
2685.67524,12.421,0.035
2686.80186,12.41,0.048
2688.70742,12.569,0.041
2689.81551,12.486,0.039
2691.74,12.948,0.049
2693.75902,12.491,0.046
2695.72647,12.488,0.038
2698.56629,12.347,0.035
2699.78389,12.551,0.035
2701.7397,12.528,0.045
2703.73549,12.737,0.042
2705.72789,12.757,0.039
2707.72435,12.694,0.041
2709.64955,12.857,0.035
2711.61898,12.821,0.037
2713.62414,12.519,0.034
2714.75459,12.586,0.038
2717.62608,12.417,0.041
2719.68783,12.743,0.041
2721.64496,12.729,0.059
2725.63737,12.693,0.041
2727.6309,12.544,0.04
2729.62871,12.416,0.039
2732.70942,12.369,0.037
2734.56755,12.842,0.035
2736.54059,12.794,0.036
2738.56524,12.39,0.046
2740.56048,12.422,0.041
2742.56182,12.428,0.046
2744.55803,12.582,0.049
2746.57429,12.838,0.037
2750.64823,12.4,0.037
2755.5879,12.702,0.036
2757.58467,12.423,0.039
2759.61501,12.433,0.038
2763.59186,12.456,0.035
2766.56947,12.378,0.035
2776.5358,12.783,0.05
2783.54944,12.837,0.035
2785.55117,12.6,0.034
2787.53153,12.541,0.031
2791.49586,12.442,0.041
2794.48043,12.778,0.049
2797.48004,12.517,0.043
2810.48827,12.535,0.034
2813.45941,12.562,0.036
2821.45176,12.415,0.04
2911.88171,12.307,0.033
2916.86973,12.604,0.037
2922.85848,12.329,0.036
2926.85972,12.755,0.033
2929.84129,12.26,0.036
2932.86165,12.429,0.033
2940.81614,12.581,0.034
2943.81895,12.356,0.032
2949.81857,12.667,0.034
2954.81452,12.4,0.05
2956.81149,12.672,0.035
2960.8194,12.586,0.033
2963.82579,12.802,0.035
2967.78063,12.787,0.033
2971.77913,12.482,0.035
2974.80799,12.637,0.036
2976.8224,12.477,0.04
2978.79163,12.43,0.039
2981.77374,12.893,0.036
2984.77508,12.547,0.035
2987.76325,12.33,0.034
2990.75814,12.75,0.036
2992.82062,12.256,0.047
2994.76822,12.364,0.032
2995.75306,12.803,0.034
2997.81165,12.398,0.035
3000.80182,12.971,0.038
3005.72381,12.357,0.032
3007.75783,12.742,0.036
3009.80095,12.756,0.037
3012.69924,12.34,0.036
3015.74911,12.314,0.037
3017.75291,12.396,0.036
3019.77899,12.547,0.034
3025.66397,12.566,0.033
3029.74021,12.439,0.041
3031.8102,12.419,0.033
3033.79336,12.706,0.035
3036.64674,12.767,0.037
3041.68037,13.018,0.035
3043.75395,12.231,0.037
3046.61589,12.479,0.034
3049.65596,12.355,0.033
3052.64616,12.737,0.035
3054.67633,12.3,0.037
3056.7133,12.468,0.034
3061.57622,12.798,0.045
3063.65568,12.316,0.043
3066.67859,12.461,0.034
3068.64258,12.449,0.034
3070.67033,12.457,0.034
3072.74376,12.853,0.037
3074.71349,12.82,0.035
3076.73861,12.511,0.036
3078.73216,12.495,0.034
3081.55752,12.284,0.034
3087.6298,12.776,0.039
3089.65943,12.447,0.036
3091.64597,12.366,0.033
3093.63066,12.331,0.034
3097.63103,12.744,0.032
3102.52644,12.353,0.034
3104.54239,12.377,0.033
3106.55442,12.478,0.034
3108.55878,12.804,0.033
3110.56644,12.822,0.035
3112.57619,12.444,0.034
3114.58815,12.417,0.041
3122.54142,12.511,0.034
3124.56716,12.723,0.039
3126.58977,12.385,0.037
3128.61098,12.282,0.035
3131.50472,12.677,0.035
3133.52325,12.804,0.037
3144.56152,12.388,0.033
3154.53028,12.7,0.033
3158.51184,12.497,0.035
3164.50866,12.486,0.039
3168.48147,12.922,0.035
3175.47566,12.79,0.035
3186.45661,12.619,0.036
3265.85669,12.499,0.055
3265.85906,12.554,0.048
3265.86141,12.462,0.049
3265.86612,12.497,0.05
3265.86847,12.523,0.05
3265.8708,13.132,0.051
3265.87533,12.642,0.05
3265.87783,12.692,0.048
3265.8802,12.718,0.049
3265.88254,12.672,0.05
3265.88489,12.613,0.049
3265.88724,12.667,0.048
3265.8896,12.698,0.052
3265.89666,12.741,0.048
3265.89902,12.773,0.05
3265.90137,12.676,0.051
3265.90373,12.754,0.049
3296.87623,12.363,0.042
3357.76437,12.87,0.048
3363.75067,12.438,0.08
3363.76805,12.268,0.049
3367.71045,12.324,0.047
3367.727,12.381,0.049
3385.68524,12.5,0.078
3387.73395,12.832,0.055
3391.83246,12.549,0.072
3395.67025,12.342,0.084
3397.72696,12.483,0.075
3404.76524,12.74,0.05
3407.62638,12.674,0.061
3409.6733,12.443,0.083
3411.69902,12.348,0.066
3413.7375,12.847,0.077
3415.75508,12.749,0.071
3417.79273,12.336,0.059
3424.66418,12.648,0.081
3426.66167,12.64,0.074
3430.67064,12.424,0.072
3432.66901,12.359,0.046
3434.66179,12.612,0.061
3438.55716,12.392,0.04
3440.66447,12.687,0.036
3443.70034,12.797,0.043
3445.69724,13.854,0.046
3447.69953,12.475,0.09
3452.59115,12.519,0.071
3454.66408,12.667,0.066
3456.65902,12.43,0.079
3458.64183,12.343,0.043
3460.64484,12.315,0.052
3462.64875,12.561,0.061
3464.68956,12.924,0.055
3466.69144,12.7,0.051
3469.67444,12.498,0.062
3472.52837,12.789,0.079
3476.64058,12.329,0.047
3478.6293,12.507,0.066
3480.62836,13.045,0.091
3482.63885,12.792,0.045
3490.57088,12.281,0.076
3492.57282,12.372,0.082
3497.55754,12.444,0.055
3500.5383,12.813,0.042
3502.56004,12.507,0.067
3504.56627,12.368,0.085
3511.53872,12.506,0.037
3521.53394,12.851,0.048
3524.50384,12.264,0.052
3526.5287,12.741,0.043
3540.47595,12.355,0.061
3544.46946,12.697,0.069
3651.8686,12.391,0.039
3655.85544,12.573,0.041
3659.84337,12.827,0.038
3663.84258,12.427,0.042
3670.83407,12.459,0.047
3674.82389,12.387,0.057
3678.8541,12.807,0.041
3701.77718,12.562,0.04
3705.77569,12.783,0.075
3708.83909,12.8,0.054
3712.81389,12.455,0.043
3715.78506,12.83,0.072
3718.77125,12.366,0.062
3721.75438,12.614,0.039
3724.75554,12.736,0.075
3727.74196,12.381,0.072
3731.74849,12.771,0.069
3734.74736,12.334,0.056
3737.72983,12.464,0.062
3739.79977,12.453,0.045
3745.69001,12.397,0.037
3747.75256,12.835,0.043
3750.67805,12.356,0.038
3752.79723,12.853,0.064
3755.67721,12.406,0.058
3757.72295,12.454,0.081
3759.77254,12.685,0.081
3762.68771,12.485,0.073
3765.64489,12.72,0.052
3767.77376,12.374,0.074
3770.63773,12.527,0.086
3772.71263,12.579,0.058
3775.6058,12.233,0.058
3779.69109,12.663,0.065
3788.67118,12.521,0.086
3790.77332,12.501,0.054
3793.63365,12.655,0.089
3795.72124,12.407,0.058
3797.68641,12.317,0.045
3799.73091,12.439,0.045
3802.5995,12.862,0.071
3804.66779,12.346,0.068
3806.66989,12.42,0.055
3809.68193,12.492,0.038
3811.68864,12.221,0.068
3813.70414,12.307,0.042
3815.7322,12.538,0.052
3817.73062,12.811,0.042
3820.56099,12.683,0.054
3822.64463,12.431,0.071
3824.64803,12.361,0.036
3828.67909,12.828,0.074
3831.54102,12.483,0.045
3833.57198,12.322,0.079
3835.59006,12.555,0.048
3837.62983,12.617,0.057
3849.53433,12.289,0.051
3851.55319,12.489,0.042
3853.56566,12.827,0.035
3855.57826,12.561,0.051
3858.54177,12.54,0.055
3862.55312,12.783,0.039
3864.57888,12.352,0.039
3866.59991,12.379,0.051
3869.51761,12.945,0.07
3871.52313,12.724,0.042
3875.52471,12.388,0.038
3877.53897,12.413,0.064
3881.51699,12.691,0.062
3890.49999,12.76,0.038
3892.5127,12.749,0.042
3896.51332,12.349,0.05
3899.48878,12.796,0.043
3902.46975,12.453,0.038
3905.45886,12.378,0.039
3907.48143,12.29,0.043
4089.71626,12.316,0.052
4103.80329,12.559,0.075
4106.71059,12.518,0.04
4109.77106,12.667,0.08
4123.7184,12.8,0.061
4125.77927,12.458,0.044
4127.81403,12.452,0.043
4130.64684,12.421,0.048
4132.69429,12.967,0.085
4134.73559,12.381,0.083
4136.77075,12.307,0.048
4143.66488,12.513,0.082
4145.74389,12.452,0.046
4151.62357,12.329,0.058
4153.64007,12.669,0.071
4155.63746,12.741,0.085
4157.6927,12.601,0.079
4159.68401,12.395,0.049
4161.67903,12.327,0.053
4163.69222,12.502,0.05
4165.73313,12.813,0.084
4168.72526,12.473,0.057
4173.69851,12.39,0.063
4175.73326,12.563,0.067
4178.72421,12.39,0.065
4181.58689,12.443,0.052
4183.60018,12.575,0.066
4185.6226,12.779,0.061
4188.72243,12.666,0.039
4193.54399,12.299,0.069
4196.59469,12.514,0.044
4198.59191,12.264,0.054
4201.58788,12.777,0.044
4204.58641,12.616,0.055
4207.63724,12.473,0.04
4228.50579,12.537,0.044
4230.51641,12.397,0.04
4232.53431,12.44,0.055
4234.52909,12.5,0.037
4236.52855,12.76,0.063
4238.56382,12.643,0.053
4245.53581,12.602,0.048
4247.55504,12.384,0.047
4257.51089,12.695,0.045
4269.47771,12.355,0.039
4278.45703,12.357,0.041
4364.89021,12.53,0.042
4373.88048,12.389,0.041
4377.87564,12.724,0.046
4381.87516,13.138,0.042
4385.86808,12.401,0.047
4403.85599,12.428,0.056
4407.86764,12.66,0.041
4411.82204,12.838,0.051
4425.85749,12.547,0.041
4429.79143,12.533,0.04
4432.8074,12.806,0.041
4435.82751,12.61,0.039
4438.8032,12.373,0.043
4441.79258,12.778,0.046
4453.7595,12.714,0.064
4456.74971,12.332,0.062
4459.73744,12.613,0.041
4461.81341,12.447,0.041
4464.73932,12.918,0.059
4467.72599,12.551,0.064
4470.73012,12.311,0.047
4473.78233,12.378,0.052
4477.70685,12.288,0.038
4479.80419,12.598,0.045
4482.74132,12.29,0.061
4485.73233,12.705,0.059
4487.75357,12.462,0.049
4492.65694,12.485,0.047
4494.69715,12.848,0.064
4497.81376,12.609,0.052
4502.78174,13.067,0.069
4505.62124,12.757,0.042
4507.67925,12.432,0.061
4509.75692,12.582,0.07
4511.82331,12.536,0.057
4515.66311,12.897,0.045
4517.7239,12.487,0.053
4519.75439,12.435,0.069
4521.78893,12.587,0.043
4524.56634,12.505,0.056
4526.63532,12.703,0.049
4528.67965,12.429,0.041
4530.75139,12.514,0.045
4536.67378,12.805,0.048
4538.71154,12.461,0.064
4541.54835,12.464,0.042
4543.57176,12.367,0.06
4547.62427,12.686,0.065
4552.59797,12.708,0.064
4554.61967,12.742,0.047
4558.65224,12.331,0.04
4560.65698,12.307,0.056
4562.67863,12.681,0.064
4565.52106,12.807,0.051
4567.55784,12.402,0.067
4569.5817,12.31,0.054
4571.59959,12.486,0.047
4573.62911,12.796,0.058
4575.65127,12.697,0.052
4579.64721,12.296,0.051
4583.53416,12.448,0.049
4586.57061,12.63,0.045
4589.53695,12.627,0.04
4591.58957,12.66,0.043
4593.5888,12.512,0.051
4595.55798,12.427,0.04
4597.54824,12.285,0.051
4599.5857,12.466,0.066
4602.53352,12.579,0.047
4607.54359,12.728,0.045
4610.49112,12.505,0.058
4618.49883,12.513,0.039
4622.4973,12.422,0.046
4627.49493,12.322,0.043
4630.49618,12.78,0.04
4633.46803,12.443,0.046
4642.46397,12.587,0.047
4645.45607,12.29,0.048
4649.45296,12.524,0.061
4750.87783,12.722,0.041
4754.86622,12.386,0.04
4758.84921,12.366,0.043
4762.84265,12.595,0.045
4766.85451,12.672,0.042
4770.8207,12.434,0.041
4774.82264,12.388,0.044
4778.81311,12.7,0.046
4783.83797,12.591,0.042
4787.80145,12.843,0.044
4794.78773,12.736,0.061
4798.7798,12.62,0.049
4801.80918,12.85,0.043
4805.75456,12.73,0.045
4808.77493,12.665,0.052
4815.76864,12.521,0.067
4819.75585,12.694,0.062
4822.75348,12.611,0.064
4825.74719,12.31,0.047
4828.73494,12.649,0.061
4831.72384,12.728,0.051
4834.71491,12.319,0.055
4837.69582,12.56,0.057
4839.82226,12.426,0.059
4842.69526,12.822,0.056
4845.73907,12.755,0.073
4847.79659,12.35,0.06
4850.71023,12.424,0.067
4853.71097,12.475,0.076
4856.70904,12.677,0.064
4860.65652,12.566,0.064
4862.74229,12.348,0.06
4865.67535,12.861,0.042
4867.83238,12.847,0.076
4870.66201,12.886,0.044
4872.71502,12.503,0.041
4877.70078,12.706,0.043
4880.69986,12.535,0.063
4882.78492,12.467,0.079
4885.75012,12.677,0.065
4888.63316,12.507,0.047
4893.61446,12.764,0.046
4906.7096,12.377,0.068
4920.63166,12.334,0.066
4936.65821,12.35,0.068
5093.89837,12.463,0.052
5113.85988,12.467,0.049
5124.86462,12.934,0.055
5129.86608,12.538,0.061
5145.84449,12.724,0.048
5161.84208,12.83,0.051
5165.80241,12.523,0.048
