1868.80525,10.561,0.036
1869.79828,10.539,0.037
1871.76311,10.504,0.035
1873.74876,10.445,0.036
1875.7422,10.438,0.035
1877.74037,10.422,0.032
1879.72794,10.407,0.032
1880.85783,10.394,0.031
1884.7546,10.38,0.029
1885.82084,10.404,0.028
1887.71184,10.405,0.031
1888.84961,10.416,0.032
1889.81535,10.429,0.031
1899.74608,10.567,0.027
1902.73088,10.616,0.027
1903.76773,10.646,0.029
1904.75905,10.667,0.029
1905.74884,10.691,0.029
1906.73781,10.721,0.03
1907.74968,10.721,0.028
1913.71115,10.858,0.026
1914.7206,10.885,0.029
1915.72037,10.906,0.029
1918.71888,10.968,0.03
1919.75845,10.996,0.03
1920.71271,11.016,0.029
1921.70914,11.032,0.03
1922.71068,11.033,0.027
1924.7004,11.076,0.03
1925.70355,11.07,0.036
1926.69775,11.062,0.027
1928.69954,11.099,0.028
1929.69482,11.12,0.028
1930.69311,11.101,0.027
1931.68783,11.077,0.031
1932.68568,11.135,0.026
1934.68223,11.106,0.026
1936.65128,11.131,0.026
1937.69606,11.123,0.026
1939.63183,11.116,0.028
1940.70259,11.107,0.027
1941.69771,11.107,0.028
1946.67823,11.019,0.028
1948.61128,10.986,0.03
1949.6552,10.998,0.037
1950.6439,10.978,0.037
1952.63901,10.969,0.034
1953.64837,10.925,0.031
1954.6426,10.922,0.03
1955.63672,10.957,0.031
1958.62052,10.889,0.032
1959.63275,10.888,0.03
1963.60979,10.886,0.032
1964.62204,10.856,0.031
1965.61298,10.885,0.033
1966.61503,10.893,0.033
1967.60983,10.896,0.034
1968.60727,10.841,0.036
1977.58956,10.766,0.041
1979.57679,10.735,0.041
1980.59547,10.725,0.038
1982.54575,10.716,0.036
1984.5721,10.709,0.038
1985.57614,10.704,0.04
1993.55604,10.7,0.044
1994.60248,10.736,0.043
2025.46593,11.006,0.034
2027.52372,11.024,0.038
2033.49473,10.951,0.036
2053.47975,10.795,0.034
2055.50532,10.814,0.041
2057.50588,10.787,0.036
2064.52085,10.854,0.037
2068.49916,10.896,0.032
2081.4886,11.197,0.041
2171.89365,11.18,0.037
2173.87776,11.203,0.034
2183.87812,11.237,0.032
2185.85063,11.248,0.032
2189.88514,11.223,0.034
2191.84512,11.202,0.03
2193.84351,11.198,0.033
2196.83088,11.121,0.039
2198.82396,11.144,0.035
2200.82934,11.128,0.037
2202.81442,11.12,0.034
2212.78908,10.838,0.032
2214.78113,10.776,0.038
2215.85646,10.771,0.036
2217.7938,10.712,0.035
2221.8085,10.634,0.038
2224.7829,10.569,0.034
2226.76449,10.592,0.039
2232.77742,10.486,0.036
2234.75398,10.475,0.033
2236.7539,10.482,0.038
2239.7612,10.485,0.037
2241.74102,10.505,0.042
2244.75086,10.463,0.046
2249.72779,10.532,0.041
2440.4648,11.248,0.03
2443.47179,11.234,0.031
2456.45755,11.163,0.034
2466.45802,11.144,0.035
2545.82985,10.662,0.031
2545.84989,10.678,0.034
2552.83151,10.555,0.026
2557.83001,10.524,0.031
2561.86799,10.542,0.027
2565.84404,10.532,0.034
2578.82008,10.586,0.038
2621.83263,10.855,0.034
2625.77703,10.869,0.032
2628.72481,10.874,0.033
2628.74944,10.863,0.037
2632.80157,10.791,0.031
2635.74256,10.826,0.041
2637.75912,10.781,0.031
2642.71234,10.717,0.035
2644.7548,10.739,0.037
2646.7343,10.705,0.039
2649.72392,10.745,0.034
2651.69155,10.716,0.033
2655.74804,10.658,0.039
2658.71296,10.781,0.035
2662.70537,10.809,0.034
2664.6968,10.818,0.037
2666.6944,10.783,0.034
2670.69344,10.765,0.031
2672.69424,10.781,0.036
2674.68207,10.769,0.035
2676.66841,10.756,0.039
2678.6539,10.78,0.033
2679.78177,10.815,0.031
2681.69672,10.857,0.035
2683.68289,10.836,0.034
2685.66369,10.86,0.039
2688.78127,10.833,0.035
2690.71836,10.868,0.03
2692.77506,10.861,0.03
2694.69863,10.863,0.027
2696.71377,10.835,0.029
2698.709,10.814,0.029
2700.69223,10.806,0.031
2704.65976,10.815,0.032
2706.63874,10.779,0.033
2707.80873,10.759,0.036
2709.68013,10.76,0.029
2711.62444,10.733,0.032
2712.77324,10.691,0.03
2714.61805,10.681,0.03
2715.71597,10.689,0.031
2719.60686,10.661,0.031
2720.7317,10.671,0.027
2722.64211,10.684,0.028
2724.64003,10.652,0.027
2726.63844,10.676,0.026
2728.62975,10.689,0.027
2730.62575,10.757,0.028
2733.67221,10.738,0.027
2735.66807,10.77,0.028
2737.65522,10.761,0.029
2739.64547,10.782,0.03
2741.61289,10.752,0.039
2742.70271,10.783,0.037
2747.64959,10.861,0.033
2751.55135,10.906,0.027
2756.5515,10.952,0.028
2760.55771,10.978,0.032
2764.54113,11.024,0.034
2766.59874,11.021,0.032
2770.59576,11.024,0.03
2775.5108,11.104,0.029
2776.61213,11.105,0.032
2782.53835,11.17,0.028
2784.53871,11.146,0.027
2786.53432,11.115,0.027
2789.53039,11.12,0.032
2791.5586,11.128,0.042
2794.51527,11.06,0.032
2797.50781,11.062,0.039
2804.48468,10.866,0.032
2809.48849,10.76,0.029
2811.49955,10.696,0.027
2813.49767,10.682,0.03
2821.48704,10.618,0.031
2826.47874,10.695,0.027
2830.48022,10.736,0.029
2885.91795,11.082,0.028
2894.89446,11.206,0.03
2897.90805,11.312,0.03
2906.88575,11.384,0.027
2910.88304,11.367,0.027
2916.84677,11.26,0.027
2922.82629,11.116,0.029
2925.86818,11.108,0.032
2928.83842,11.088,0.032
2931.84126,11.1,0.028
2934.83606,11.069,0.027
2942.83782,11.065,0.03
2946.77276,11.05,0.026
2948.84284,11.054,0.033
2952.79154,11.066,0.031
2958.81219,11.208,0.028
2961.83738,11.125,0.03
2964.81137,11.117,0.029
2967.80825,11.055,0.028
2971.77481,11.015,0.028
2976.81793,10.96,0.028
2978.80983,10.969,0.027
2981.76676,10.968,0.03
2984.77785,10.942,0.03
2987.76595,10.896,0.026
2990.76055,10.862,0.027
2993.7587,10.888,0.031
2996.74209,10.891,0.026
2998.80678,10.864,0.029
3001.7902,10.912,0.026
3006.71447,10.945,0.028
3008.74611,10.977,0.031
3010.76585,10.969,0.028
3013.69457,10.987,0.029
3016.74799,10.979,0.027
3023.74484,11.082,0.034
3030.75605,11.094,0.028
3033.6443,11.111,0.03
3035.7045,11.131,0.027
3039.71027,11.086,0.031
3042.70155,11.071,0.031
3044.72548,11.113,0.029
3047.67075,11.125,0.03
3050.6464,11.112,0.026
3052.78528,11.135,0.027
3057.64398,11.173,0.027
3059.6887,11.168,0.027
3061.7166,11.151,0.028
3066.80435,11.055,0.03
3066.84984,11.055,0.032
3068.7088,11.012,0.031
3070.73447,10.935,0.031
3072.81985,10.8,0.038
3075.59453,10.717,0.028
3077.63454,10.652,0.036
3081.63432,10.534,0.026
3085.63809,10.435,0.031
3089.67202,10.377,0.031
3091.6533,10.387,0.029
3093.63521,10.417,0.031
3097.63572,10.43,0.03
3101.70929,10.532,0.031
3103.70777,10.564,0.031
3105.69308,10.593,0.032
3107.6969,10.642,0.03
3109.69301,10.712,0.029
3112.50346,10.74,0.027
3114.53257,10.796,0.026
3116.5663,11.126,0.032
3116.61802,10.8,0.036
3121.52764,10.861,0.027
3123.55252,10.883,0.03
3125.58381,10.939,0.03
3127.6125,10.935,0.037
3129.65431,10.988,0.033
3131.644,11.034,0.034
3133.64734,11.051,0.031
3145.58213,11.146,0.027
3153.49342,11.084,0.039
3159.48511,10.931,0.033
3162.52832,10.866,0.029
3164.5476,10.801,0.029
3167.55111,10.768,0.029
3171.50032,10.757,0.029
3175.50108,10.756,0.027
3177.51423,10.742,0.032
3182.49651,10.772,0.032
3186.47971,10.793,0.03
3357.76974,10.703,0.036
3363.7595,10.832,0.031
3372.78531,11.064,0.038
3380.82696,11.231,0.039
3383.76021,11.219,0.03
3386.6757,11.233,0.035
3388.7324,11.226,0.041
3393.81195,11.164,0.03
3396.66108,11.101,0.033
3398.73093,11.091,0.037
3400.73762,11.048,0.038
3403.73297,11.018,0.035
3405.73697,10.992,0.034
3407.83205,10.987,0.037
3412.67287,10.9,0.035
3414.68209,10.88,0.032
3416.67889,10.849,0.038
3420.65704,10.716,0.046
3422.67624,10.736,0.034
3424.68452,10.745,0.032
3426.6858,10.739,0.029
3430.69825,10.671,0.031
3434.6879,10.753,0.038
3440.67065,10.815,0.027
3447.71706,10.986,0.034
3452.60036,11.121,0.036
3454.67075,11.141,0.031
3456.66584,11.265,0.036
3458.65147,11.264,0.034
3460.65478,11.316,0.03
3462.6619,11.371,0.04
3464.69452,11.28,0.031
3466.7026,11.249,0.034
3469.67683,11.177,0.031
3471.68779,11.152,0.029
3473.70043,11.102,0.026
3476.59649,11.001,0.03
3478.58692,11.035,0.03
3480.60921,10.922,0.029
3484.65989,10.777,0.04
3489.54813,10.634,0.031
3491.56406,10.535,0.037
3495.56229,10.469,0.032
3497.61966,10.41,0.03
3504.60707,10.331,0.035
3509.50064,10.322,0.04
3511.61961,10.353,0.029
3516.48335,10.431,0.031
3522.5174,10.713,0.034
3529.50793,10.957,0.039
3538.51316,11.261,0.032
3542.47911,11.378,0.031
3544.52992,11.323,0.037
3554.47962,11.407,0.029
3558.46973,11.405,0.029
3621.91198,11.55,0.042
3630.85283,11.689,0.039
3630.87936,11.691,0.045
3630.89749,11.623,0.033
3636.88022,11.637,0.033
3640.89084,11.63,0.031
3644.89236,11.566,0.039
3654.8408,11.363,0.04
3657.85043,11.355,0.031
3660.8594,11.313,0.037
3664.83117,11.28,0.04
3670.81396,11.362,0.029
3673.84659,11.434,0.033
3677.81882,11.476,0.033
3699.77976,11.692,0.038
3703.76469,11.663,0.033
3706.82831,11.721,0.033
3711.85272,11.657,0.029
3714.77389,11.662,0.035
3717.77446,11.661,0.037
3720.76284,11.697,0.041
3726.7443,11.581,0.034
3730.75257,11.57,0.036
3733.79066,11.456,0.031
3736.7511,11.694,0.03
3739.70775,11.352,0.031
3742.70037,11.286,0.033
3745.694,11.262,0.037
3747.75864,11.227,0.033
3750.68124,11.193,0.032
3752.80141,11.206,0.032
3755.68395,11.219,0.034
3757.73189,11.202,0.032
3759.78921,11.261,0.033
3762.69126,11.316,0.041
3765.65097,11.335,0.038
3768.64036,11.455,0.034
3770.70953,11.459,0.034
3779.73261,11.647,0.041
3787.64599,11.612,0.034
3789.70319,11.652,0.035
3791.84048,11.654,0.038
3794.61903,11.622,0.033
3796.64773,11.599,0.029
3800.68881,11.638,0.04
3803.61901,11.563,0.038
3805.64258,11.572,0.034
3808.65404,11.453,0.035
3810.6576,11.398,0.032
3812.66114,11.358,0.037
3818.7189,11.18,0.034
3823.57897,10.99,0.038
3825.60933,10.89,0.039
3827.65052,10.841,0.034
3829.72686,10.752,0.034
3831.69614,10.738,0.038
3833.69128,10.736,0.04
3835.68074,10.703,0.042
3837.71818,10.622,0.037
3847.56799,10.684,0.04
3849.61822,10.736,0.032
3851.62092,10.769,0.032
3853.63137,10.863,0.029
3856.53818,10.953,0.033
3860.6499,11.121,0.035
3862.58855,11.184,0.035
3864.61406,11.158,0.037
3866.62617,11.221,0.034
3869.53419,11.257,0.037
3871.53646,11.269,0.031
3875.5382,11.297,0.032
3877.57023,11.246,0.033
3881.53072,11.201,0.033
3886.46825,11.188,0.029
3890.51009,11.129,0.031
3892.52635,11.084,0.032
3896.52657,11.003,0.032
3898.55648,11.002,0.036
3901.50418,10.903,0.034
3903.52731,10.848,0.032
3905.52792,10.854,0.035
3908.47577,10.796,0.033
4090.7565,10.941,0.032
4105.71257,11.059,0.033
4107.77127,11.09,0.028
4111.77283,11.088,0.032
4127.6552,11.042,0.032
4131.74544,11.021,0.032
4133.76287,10.939,0.034
4135.82286,10.968,0.039
4142.6128,10.891,0.031
4144.66646,10.94,0.033
4149.80024,10.925,0.035
4152.58386,10.952,0.029
4154.64341,10.97,0.029
4156.65377,11.051,0.034
4158.66611,11.01,0.03
4160.68518,11.024,0.027
4162.68897,11.058,0.032
4167.65415,11.11,0.03
4172.69666,11.22,0.041
4174.70975,11.228,0.03
4176.79218,11.254,0.034
4179.73594,11.295,0.032
4181.74978,11.358,0.043
4183.77044,11.374,0.036
4188.55807,11.362,0.027
4190.54682,11.412,0.03
4192.55628,11.433,0.03
4194.6082,11.583,0.03
4197.59241,11.425,0.032
4202.7058,11.479,0.04
4205.54341,11.511,0.032
4208.66,11.427,0.046
4213.56116,11.53,0.032
4216.60923,11.568,0.033
4228.607,11.657,0.036
4230.60899,11.713,0.032
4232.60571,11.728,0.047
4234.60794,11.694,0.031
4245.5774,11.74,0.046
4247.58136,11.735,0.031
4253.48213,11.707,0.029
4255.5805,11.678,0.032
4257.56632,11.613,0.037
4267.49838,11.548,0.041
4269.5294,11.569,0.03
4274.4691,11.464,0.028
4277.5058,11.394,0.032
4281.50864,11.395,0.036
4284.49593,11.274,0.031
4289.47804,11.239,0.029
4292.47524,11.24,0.03
4295.46365,11.18,0.028
4300.45831,11.216,0.034
4343.91689,11.772,0.032
4348.91133,11.773,0.04
4358.90135,11.628,0.028
4363.88372,11.56,0.032
4367.88837,11.473,0.032
4371.87662,11.457,0.031
4376.87216,11.383,0.032
4380.8578,11.442,0.035
4384.85013,11.422,0.034
4388.87021,11.407,0.033
4392.8382,11.442,0.041
4403.82538,11.492,0.029
4407.84837,11.414,0.03
4410.83775,11.405,0.032
4421.83413,11.325,0.032
4425.83998,11.297,0.031
4429.7729,11.211,0.031
4432.79776,11.151,0.03
4435.81481,11.045,0.029
4438.79774,10.965,0.032
4441.79732,10.878,0.031
4448.73219,10.733,0.029
4457.74374,10.782,0.032
4460.74184,10.9,0.047
4463.72406,10.963,0.028
4466.72346,11.107,0.032
4472.78568,11.309,0.04
4476.70441,11.332,0.045
4478.76389,11.37,0.036
4487.66518,11.535,0.032
4489.73287,11.645,0.03
4491.77173,11.576,0.029
4493.80738,11.587,0.028
4497.69191,11.649,0.034
4502.7009,11.616,0.036
4504.82788,11.588,0.028
4507.63278,11.517,0.036
4509.72516,11.53,0.034
4511.8005,11.471,0.039
4517.71662,11.263,0.03
4519.74107,11.132,0.033
4521.7555,11.118,0.031
4523.79021,11.022,0.028
4526.59824,10.947,0.036
4528.66136,10.92,0.034
4530.74188,10.883,0.031
4533.60688,10.847,0.033
4536.66731,10.817,0.028
4540.76256,10.843,0.043
4542.66973,10.832,0.038
4546.70384,10.802,0.035
4548.71538,10.835,0.033
4551.64666,10.849,0.032
4555.69326,10.902,0.028
4557.73918,10.928,0.03
4560.56855,10.982,0.031
4562.61602,10.98,0.03
4564.69356,11.034,0.035
4566.68018,11.004,0.034
4568.69097,11.042,0.031
4570.68065,11.071,0.029
4572.61851,11.059,0.032
4574.63044,11.095,0.032
4576.65187,11.161,0.042
4580.62103,11.098,0.032
4585.47523,11.041,0.032
4587.59766,11.048,0.038
4589.60791,11.045,0.031
4591.63853,11.005,0.03
4594.52731,10.976,0.033
4596.53376,10.969,0.033
4600.55033,10.887,0.033
4602.58197,10.91,0.034
4606.58657,10.834,0.042
4608.58853,10.92,0.039
4611.54805,10.876,0.031
4616.50163,10.923,0.03
4618.54921,10.934,0.031
4622.54839,11.025,0.034
4627.51422,11.103,0.028
4629.52295,11.173,0.038
4632.53377,11.14,0.034
4639.50909,11.303,0.032
4642.49878,11.267,0.032
4644.50717,11.346,0.031
4653.46884,11.42,0.032
4655.47291,11.368,0.039
4661.45866,11.453,0.036
4702.92567,11.017,0.031
4722.89944,11.233,0.029
4727.90381,11.275,0.035
4743.87311,11.579,0.029
4747.85111,11.589,0.03
4755.83782,11.726,0.036
4758.85987,11.637,0.03
4762.82324,11.711,0.028
4766.83534,11.677,0.029
4769.84522,11.751,0.028
4773.80844,11.887,0.03
4777.79428,11.884,0.027
4780.83647,11.888,0.03
4784.79097,11.984,0.029
4792.78123,11.91,0.032
4796.81881,12.031,0.031
4802.79242,11.878,0.031
4805.78572,11.779,0.028
4808.78129,11.76,0.028
4815.77547,11.731,0.032
4819.77492,11.668,0.029
4822.75424,11.698,0.03
4825.74791,11.718,0.031
4828.73555,11.718,0.032
4831.72448,11.701,0.029
4834.71544,11.667,0.029
4837.70346,11.583,0.034
4842.78931,11.587,0.035
4845.75725,11.572,0.044
4848.68471,11.492,0.033
4850.75088,11.425,0.028
4853.71153,11.425,0.031
4856.7147,11.47,0.031
4860.65725,11.448,0.031
4862.74309,11.527,0.032
4865.67975,11.507,0.038
4867.83826,11.485,0.042
4870.6629,11.564,0.033
4872.71592,11.599,0.036
4875.70045,11.71,0.04
4877.7255,11.7,0.033
4883.60905,11.629,0.029
4885.79041,11.679,0.047
4888.63451,11.669,0.039
4893.61598,11.745,0.043
4902.65195,11.751,0.042
4905.65069,11.682,0.045
4907.70222,11.808,0.042
4914.56271,11.773,0.04
4916.61928,11.786,0.043
4921.55514,11.775,0.04
4926.52549,11.749,0.045
4936.61177,11.625,0.046
4940.69944,11.526,0.045
4948.61738,11.245,0.047
4969.5927,11.279,0.046
5021.47789,11.144,0.046
5106.88917,11.125,0.04
5129.83793,10.865,0.04
5137.82081,10.746,0.044
5145.81006,10.752,0.042
5161.82146,10.857,0.046
5168.78726,11.363,0.046
