1900.78451,13.422,0.046
2027.53454,13.068,0.046
2054.45094,13.34,0.083
2059.4472,13.012,0.057
2069.4709,13.281,0.053
2185.88883,13.505,0.051
2189.87946,13.149,0.054
2191.8807,13.099,0.053
2196.86922,13.064,0.054
2198.87653,12.948,0.051
2200.8819,13.165,0.055
2202.87217,13.37,0.053
2206.85033,13.09,0.081
2212.86088,13.43,0.078
2215.83871,13.004,0.053
2224.82524,13.04,0.054
2235.79067,12.95,0.079
2235.80866,13.11,0.087
2240.76323,13.034,0.056
2240.77858,13.223,0.056
2242.77171,12.866,0.064
2244.79504,13.068,0.061
2247.7248,13.066,0.069
2252.76813,13.269,0.065
2256.77627,12.922,0.061
2258.76334,13.261,0.063
2260.78909,13.439,0.062
2262.74489,13.167,0.064
2264.74582,13.065,0.068
2442.45714,13.063,0.06
2545.89234,13.214,0.034
2557.88414,12.816,0.048
2561.8743,13.236,0.032
2621.84943,12.992,0.029
2623.80582,13.009,0.03
2625.80999,13.108,0.03
2628.76722,13.16,0.031
2632.82785,13.036,0.032
2635.75103,13.029,0.03
2637.80451,13.284,0.029
2639.80827,13.001,0.031
2642.75237,12.949,0.028
2644.77212,13.108,0.028
2646.75188,13.123,0.028
2649.73676,13.23,0.029
2651.71587,12.883,0.028
2655.77046,13.12,0.028
2664.71199,13.13,0.036
2670.71765,12.915,0.031
2672.7139,13.149,0.028
2674.69488,13.258,0.032
2678.66888,13.099,0.031
2683.8191,13.265,0.034
2689.66122,12.942,0.03
2690.81576,13.33,0.031
2693.61161,13.157,0.03
2695.64657,13.31,0.054
2697.65272,13.025,0.034
2699.64308,12.945,0.035
2701.64106,13.044,0.036
2703.63681,13.419,0.034
2705.62899,13.335,0.031
2707.6271,13.028,0.035
2709.61135,12.941,0.035
2711.60613,12.985,0.032
2720.59139,13.047,0.036
2722.58831,13.425,0.034
2724.58629,13.33,0.032
2726.58458,13.012,0.03
2728.57573,12.845,0.034
2730.57164,12.975,0.032
2733.62025,13.258,0.043
2735.61332,13.001,0.036
2737.60053,12.917,0.039
2742.52213,13.319,0.036
2746.56087,12.886,0.031
2750.56769,13.363,0.029
2752.54627,13.427,0.031
2755.5417,12.997,0.031
2757.53845,12.982,0.03
2761.54368,13.344,0.037
2763.54,13.1,0.037
2770.54003,13.367,0.034
2783.49228,13.056,0.041
2785.49621,13.007,0.037
2787.49591,13.217,0.038
2790.52696,13.018,0.042
2797.45622,13.186,0.039
2810.46396,13.204,0.035
2813.45393,13.157,0.035
2923.88171,13.362,0.03
2927.87116,12.972,0.029
2947.84525,12.92,0.041
2951.85445,13.258,0.031
2955.84359,12.959,0.031
2965.81493,12.991,0.032
2973.8224,12.967,0.034
2976.78568,13.105,0.03
2979.79214,13.149,0.034
2985.74998,12.849,0.034
2989.76554,13.262,0.031
3001.80157,12.947,0.033
3006.76967,13.208,0.035
3008.7718,12.946,0.033
3010.77959,12.754,0.041
3017.77422,13.137,0.032
3023.82156,13.359,0.036
3028.74308,13.083,0.039
3030.77304,12.934,0.031
3033.68084,13.048,0.034
3035.72276,13.112,0.03
3047.67693,12.944,0.032
3050.65754,12.862,0.036
3052.79865,13.183,0.033
3055.61943,13.313,0.041
3057.65766,12.799,0.064
3059.70988,13.049,0.031
3061.77215,13.207,0.029
3064.59988,13.305,0.05
3067.63143,12.982,0.031
3074.68852,12.764,0.034
3076.71598,13.02,0.033
3078.7039,12.959,0.04
3081.56104,13.1,0.035
3085.57759,13.027,0.035
3089.6027,13.292,0.036
3091.60771,13.396,0.043
3093.60152,13.215,0.029
3097.60265,12.942,0.039
3103.63979,13.09,0.032
3107.64061,13.216,0.03
3109.64558,13.245,0.03
3111.65007,13.04,0.029
3114.51133,13.375,0.031
3127.52589,13.255,0.033
3131.5463,12.943,0.036
3133.55207,12.841,0.038
3145.53603,13.122,0.028
3154.48206,12.936,0.031
3158.47722,13.276,0.033
3164.48141,13.063,0.036
3357.7951,13.163,0.046
3363.7826,13.071,0.055
3380.85253,13.222,0.053
3385.71769,13.369,0.093
3387.74693,12.997,0.054
3390.69812,13.181,0.093
3392.77437,13.297,0.068
3398.72663,12.972,0.042
3400.73339,13.089,0.053
3403.72915,13.238,0.046
3405.73307,13.07,0.061
3407.8007,13.149,0.038
3410.65088,13.089,0.056
3412.70081,13.407,0.04
3414.71022,13.168,0.058
3416.70268,13.237,0.085
3418.7309,13.264,0.073
3425.65416,13.075,0.083
3427.66444,12.927,0.074
3431.65234,13.2,0.079
3433.64497,13.501,0.075
3436.65372,13.009,0.036
3439.64467,13.123,0.047
3442.65156,13.29,0.048
3444.64061,13.139,0.1
3446.64914,13.194,0.085
3448.64731,13.131,0.081
3452.57891,13.279,0.069
3454.64635,12.972,0.076
3456.64068,13.093,0.035
3458.62404,13.182,0.055
3460.62582,13.338,0.037
3462.63348,13.124,0.041
3464.67924,13.05,0.068
3466.6787,13.197,0.071
3469.66713,13.163,0.073
3472.5264,13.247,0.075
3474.55283,13.147,0.038
3480.49897,13.173,0.087
3484.57209,12.901,0.068
3489.57967,13.241,0.044
3491.58714,12.911,0.055
3495.58418,13.284,0.05
3499.53001,13.197,0.064
3501.53929,13.056,0.081
3509.52969,13.229,0.039
3520.53376,13.136,0.092
3523.4855,13.05,0.059
3526.49508,13.308,0.059
3529.47946,13.082,0.052
3540.4594,12.83,0.056
3544.45761,13.25,0.074
3655.88257,12.936,0.038
3660.87109,13.097,0.04
3665.87271,13.168,0.038
3671.86303,13.115,0.039
3675.85342,13.106,0.04
3699.81176,13.589,0.041
3703.80891,12.912,0.069
3707.80584,13.142,0.048
3711.85894,13.205,0.048
3714.81834,13.015,0.047
3722.75803,12.95,0.036
3725.84255,13.273,0.042
3728.77724,13.084,0.075
3732.75293,13.05,0.062
3735.75977,13.285,0.043
3740.80273,13.036,0.043
3743.74762,13.164,0.047
3746.73685,13.392,0.037
3749.71646,13.017,0.043
3753.75385,13.161,0.091
3755.79578,13.037,0.068
3758.69993,13.008,0.06
3760.77857,13.122,0.092
3763.68129,13.416,0.091
3765.80363,12.985,0.072
3768.67123,13.025,0.039
3773.66502,13.295,0.04
3775.69877,12.956,0.085
3783.72532,13.197,0.061
3787.73592,13.16,0.078
3789.78486,13.218,0.082
3792.6383,13.196,0.056
3794.69245,12.987,0.045
3796.7157,13.095,0.05
3799.59676,13.044,0.072
3801.64504,13.203,0.078
3803.74493,12.933,0.084
3808.57068,12.929,0.06
3810.58651,13.16,0.074
3812.59847,13.161,0.068
3814.60436,12.909,0.093
3816.64476,12.992,0.05
3818.65291,13.336,0.088
3820.68065,13.122,0.077
3823.56838,13.518,0.075
3825.60148,13.09,0.069
3827.64105,13.285,0.051
3829.68203,12.996,0.059
3835.52742,13.173,0.056
3837.54332,13.027,0.044
3848.55449,13.347,0.074
3850.58602,13.261,0.082
3852.57985,12.928,0.048
3854.59205,13.126,0.055
3862.46629,12.984,0.087
3864.50233,12.997,0.059
3866.50989,13.141,0.047
3870.55253,12.873,0.035
3872.56421,13.146,0.038
3877.46157,13.154,0.068
3881.46309,13.16,0.037
3883.52954,13.185,0.074
3891.48599,13.05,0.058
3894.4727,13.261,0.047
3898.4726,13.093,0.039
3901.4651,13.013,0.05
3904.46095,13.249,0.039
3907.46164,13.149,0.053
4091.78312,13.028,0.041
4109.74965,13.376,0.068
4125.69214,13.24,0.039
4127.73444,12.97,0.044
4129.72246,12.974,0.043
4135.71061,13.197,0.066
4137.71487,13.012,0.082
4139.73822,13.151,0.073
4141.7634,13.146,0.059
4143.79424,12.989,0.062
4146.63352,13.013,0.076
4149.71856,13.255,0.062
4151.76752,12.891,0.057
4153.77601,12.893,0.055
4155.80421,13.422,0.079
4162.63467,13.339,0.085
4164.64927,12.893,0.078
4167.61645,13.064,0.06
4172.65868,12.976,0.066
4174.67215,12.968,0.059
4176.70251,13.307,0.077
4179.69203,13.159,0.069
4184.5449,13.053,0.08
4190.55633,13.217,0.058
4192.56642,13.084,0.041
4194.61466,12.94,0.073
4197.59869,13.132,0.049
4199.64695,13.182,0.059
4203.49534,13.21,0.048
4205.55166,13.081,0.052
4227.52227,13.268,0.048
4229.53846,13.034,0.058
4231.54382,12.849,0.053
4233.54604,13.186,0.046
4238.5275,13.052,0.049
4246.50868,13.34,0.035
4253.50619,13.014,0.045
4257.47803,13.261,0.038
4277.45437,12.945,0.067
4382.8855,13.043,0.041
4392.87348,13.098,0.039
4409.84332,13.172,0.049
4423.83434,13.233,0.035
4428.81526,13.358,0.043
4431.83369,12.982,0.038
4436.80157,13.391,0.037
4440.79407,13.096,0.037
4443.83648,13.43,0.042
4453.79688,13.338,0.038
4456.79192,12.997,0.04
4459.78196,13.086,0.043
4462.83785,13.243,0.037
4465.76659,13.266,0.048
4468.75688,12.963,0.068
4474.77865,13.336,0.062
4477.82736,13.116,0.067
4480.72834,13.141,0.07
4484.72888,13.23,0.062
4490.73676,13.221,0.049
4492.7796,13.165,0.037
4494.79226,12.862,0.058
4498.7115,13.112,0.069
4500.79303,13.208,0.069
4503.66398,13.233,0.046
4505.77188,12.983,0.057
4508.64265,12.945,0.049
4512.71119,13.106,0.077
4517.66768,13.006,0.07
4519.6715,13.295,0.07
4521.68712,13.054,0.075
4523.71679,12.919,0.055
4525.77524,13.128,0.07
4528.61161,13.151,0.048
4530.67753,13.075,0.075
4536.66638,12.985,0.058
4538.70477,13.298,0.071
4541.55185,13.317,0.042
4547.6112,12.874,0.068
4552.58686,13.099,0.066
4554.60858,12.935,0.065
4558.6306,13.468,0.071
4560.63639,13.06,0.055
4562.66787,13.121,0.066
4565.52694,12.915,0.056
4567.56743,13.31,0.074
4572.51363,12.978,0.043
4574.53416,13.096,0.073
4576.56237,13.18,0.055
4580.55795,13.007,0.064
4587.57942,13.077,0.042
4589.59905,13.138,0.057
4592.51833,13.283,0.066
4594.56918,14.139,0.039
4599.46328,13.217,0.081
4606.52272,13.218,0.053
4608.54766,12.817,0.076
4618.47457,13.043,0.066
4622.47647,13.112,0.048
4627.45612,13.309,0.051
4632.48155,13.185,0.044
4643.45075,13.282,0.052
4747.88561,13.205,0.04
4765.86156,13.103,0.042
4769.85861,13.123,0.036
4773.84961,13.009,0.042
4777.85376,13.312,0.04
4784.85452,13.282,0.038
4795.82229,13.229,0.045
4804.83694,13.384,0.037
4807.82621,13.136,0.042
4812.81631,13.147,0.038
4818.83733,13.001,0.039
4821.80032,13.333,0.051
4824.78414,13.374,0.055
4827.77143,13.068,0.059
4830.76525,13.183,0.055
4833.75611,13.244,0.097
4836.74834,13.026,0.039
4839.74317,12.904,0.072
4842.72706,13.027,0.042
4845.7839,13.001,0.046
4848.71618,12.875,0.071
4850.81504,13.265,0.047
4853.73908,13.078,0.039
4856.74428,13.067,0.06
4860.69821,13.23,0.058
4862.78581,12.971,0.075
4865.71287,13.125,0.055
4868.69126,13.274,0.06
4876.67868,13.204,0.081
4879.66864,13.366,0.055
4881.71167,13.254,0.077
4884.65206,12.905,0.06
4887.65541,13.278,0.066
4889.75907,13.023,0.061
4904.61063,12.937,0.058
4906.63664,13.35,0.082
4908.73951,12.976,0.079
4914.64872,13.242,0.083
4916.68875,13.338,0.075
4919.61417,13.533,0.079
4931.59275,13.049,0.084
4948.59086,12.94,0.089
4960.5288,12.917,0.072
4972.52532,13.163,0.055
4988.47885,12.886,0.043
5010.45228,13.133,0.046
5159.833,13.063,0.082
5163.84964,13.353,0.042
5167.84514,13.035,0.045
