2059.45373,7.676,0.039
2070.46423,7.634,0.035
2621.85882,7.676,0.026
2623.8129,7.687,0.022
2625.79864,7.681,0.026
2634.78993,7.654,0.027
2635.75819,7.658,0.029
2636.81051,7.646,0.027
2638.79176,7.654,0.025
2641.74684,7.65,0.024
2643.79299,7.656,0.024
2645.78443,7.661,0.024
2647.75533,7.665,0.029
2652.74951,7.718,0.023
2655.71829,7.745,0.026
2662.72539,7.742,0.025
2664.71897,7.753,0.024
2666.71434,7.762,0.026
2670.71105,7.771,0.024
2672.71861,7.771,0.025
2674.69957,7.772,0.026
2676.69043,7.763,0.024
2678.67816,7.762,0.023
2679.6749,7.757,0.067
2680.67189,7.751,0.024
2684.653,7.712,0.03
2689.66358,7.666,0.03
2691.64854,7.637,0.027
2693.66093,7.606,0.024
2695.65131,7.574,0.048
2697.65744,7.56,0.024
2699.65015,7.555,0.027
2701.64576,7.54,0.025
2703.64152,7.53,0.024
2705.6337,7.531,0.029
2707.6318,7.52,0.024
2709.61602,7.517,0.025
2715.59753,7.535,0.033
2719.58098,7.549,0.026
2720.71298,7.563,0.028
2722.6322,7.559,0.024
2724.63005,7.567,0.023
2726.62833,7.572,0.026
2728.61951,7.586,0.024
2733.66163,7.673,0.025
2742.52422,7.731,0.029
2744.53303,7.718,0.03
2746.56296,7.707,0.032
2750.62473,7.673,0.025
2752.58402,7.657,0.024
2755.57414,7.675,0.024
2757.57085,7.611,0.024
2759.59812,7.592,0.038
2761.57874,7.57,0.023
2763.57505,7.537,0.026
2770.56817,7.522,0.029
2776.50209,7.482,0.028
2783.51097,7.485,0.025
2785.51263,7.482,0.024
2787.51235,7.503,0.024
2791.4881,7.53,0.04
2797.45143,7.602,0.031
2811.45397,7.792,0.028
2814.44918,7.82,0.038
2925.87911,7.573,0.032
2927.87894,7.583,0.045
2934.87111,7.602,0.029
2942.85482,7.592,0.028
2946.85968,7.559,0.027
2956.84638,7.58,0.032
2970.84279,7.591,0.026
2974.81358,7.589,0.03
2977.79014,7.575,0.041
2980.81413,7.556,0.028
2983.8148,7.535,0.035
2988.84692,7.484,0.031
2991.79643,7.462,0.028
2994.78583,7.458,0.031
2997.78,7.464,0.027
3001.77094,7.447,0.022
3006.76225,7.429,0.029
3008.77692,7.445,0.029
3010.80948,7.47,0.028
3015.77782,7.521,0.033
3017.77698,7.529,0.031
3019.81411,7.527,0.045
3028.77497,7.541,0.024
3031.68857,7.513,0.053
3033.71875,7.499,0.028
3035.7434,7.472,0.032
3043.69907,7.481,0.04
3045.73443,7.49,0.032
3048.7,7.524,0.054
3051.65879,7.519,0.027
3055.78779,7.521,0.029
3058.6323,7.564,0.06
3060.67342,7.567,0.028
3070.62625,7.57,0.034
3072.64951,7.572,0.049
3074.67034,7.563,0.026
3076.68472,7.563,0.033
3078.6884,7.569,0.033
3080.70198,7.584,0.039
3085.58815,7.611,0.038
3087.58929,7.707,0.04
3089.61834,7.635,0.051
3091.62087,7.65,0.033
3097.61053,7.689,0.033
3099.64861,7.703,0.034
3101.65164,7.703,0.033
3103.65082,7.733,0.031
3105.64408,7.739,0.033
3107.64848,7.862,0.028
3110.5023,7.762,0.031
3112.53536,7.777,0.026
3114.55891,7.781,0.027
3125.47256,7.813,0.03
3127.52821,7.813,0.033
3129.54291,7.832,0.035
3131.5486,7.854,0.032
3133.55436,7.855,0.031
3142.52901,7.931,0.024
3146.5261,7.941,0.026
3154.50096,7.911,0.027
3158.48789,7.864,0.042
3162.4811,7.814,0.028
3165.47573,7.785,0.043
3169.46136,7.786,0.049
3355.80602,7.762,0.038
3357.78568,7.765,0.031
3363.77452,7.708,0.034
3383.70843,7.481,0.038
3385.80387,7.462,0.037
3388.69887,7.344,0.036
3390.79109,7.308,0.04
3398.76692,7.123,0.054
3400.7687,7.121,0.049
3403.73181,7.083,0.032
3405.73574,7.051,0.034
3407.80338,7.061,0.049
3410.65681,7.059,0.039
3412.70969,7.053,0.04
3414.71906,7.084,0.031
3416.71387,7.089,0.04
3418.73887,7.064,0.048
3425.65666,7.171,0.049
3431.65483,7.26,0.041
3436.65962,7.304,0.037
3439.65058,7.364,0.026
3442.66466,7.43,0.025
3444.6534,7.476,0.043
3446.66299,7.545,0.04
3452.65572,7.678,0.037
3455.53704,7.71,0.034
3457.56575,7.71,0.034
3459.57961,7.745,0.033
3463.62237,7.67,0.053
3465.65458,7.705,0.036
3468.64666,7.742,0.045
3471.5241,7.688,0.029
3473.53468,7.65,0.032
3480.50534,7.592,0.042
3484.57777,7.549,0.045
3490.53533,7.482,0.044
3492.54229,7.994,0.04
3496.58488,7.496,0.029
3499.57366,7.509,0.035
3502.4793,7.518,0.035
3511.51337,7.614,0.032
3517.52441,7.705,0.032
3522.4592,7.758,0.044
3524.50557,7.724,0.054
3528.46318,7.719,0.037
3540.46452,7.676,0.048
3660.87778,7.651,0.045
3661.86896,7.625,0.046
3662.8695,7.602,0.052
3663.87303,7.595,0.058
3664.84538,7.575,0.045
3664.87491,7.558,0.043
3684.85171,7.417,0.044
3699.82129,7.516,0.033
3699.83968,7.488,0.046
3703.81165,7.504,0.029
3703.8256,7.498,0.038
3707.80381,7.491,0.035
3707.81017,7.502,0.029
3712.8235,7.487,0.036
3712.85387,7.508,0.03
3715.80405,7.463,0.045
3718.79652,7.515,0.042
3718.81722,7.536,0.037
3721.80073,7.563,0.043
3725.83269,7.6,0.036
3726.75679,7.584,0.041
3728.78707,7.611,0.037
3732.75073,7.648,0.035
3733.77132,7.61,0.035
3735.76696,7.66,0.031
3736.75767,7.639,0.035
3739.73628,7.646,0.038
3741.74679,7.616,0.03
3742.72833,7.574,0.037
3744.73797,7.576,0.04
3747.72765,7.515,0.042
3753.75657,7.431,0.044
3753.79607,7.456,0.048
3755.79859,7.415,0.043
3758.69765,7.376,0.034
3758.78217,7.363,0.038
3760.77541,7.377,0.049
3763.6909,7.351,0.056
3765.81297,7.379,0.045
3768.67819,7.406,0.039
3770.78383,7.422,0.057
3773.6591,7.465,0.041
3775.69639,7.501,0.038
3780.68618,7.543,0.047
3783.728,7.57,0.049
3783.75106,7.594,0.049
3788.65832,7.574,0.049
3790.71456,7.635,0.051
3792.77377,7.596,0.055
3795.59939,7.644,0.032
3797.64319,7.631,0.031
3799.70937,7.632,0.037
3802.60311,7.657,0.045
3808.60504,7.702,0.046
3810.60111,7.743,0.048
3812.61303,7.769,0.041
3814.61371,7.786,0.047
3816.6596,7.821,0.041
3818.67755,7.848,0.037
3820.70137,7.874,0.045
3823.57392,7.923,0.044
3825.60384,7.935,0.046
3827.6434,7.941,0.038
3835.52974,7.863,0.046
3848.60705,7.517,0.059
3851.50456,7.553,0.035
3853.52013,7.428,0.028
3855.54908,7.444,0.056
3862.47159,7.467,0.036
3864.50548,7.47,0.047
3866.51535,7.475,0.047
3870.55476,7.52,0.035
3875.5027,7.557,0.032
3877.50676,7.572,0.03
3881.49675,7.568,0.033
3890.45957,7.531,0.038
3892.48928,7.569,0.042
3899.47527,7.528,0.04
3902.46096,7.524,0.038
3905.45245,7.478,0.04
4089.77982,7.589,0.053
4103.74591,7.45,0.042
4109.72874,7.468,0.041
4109.74744,7.441,0.053
4123.71214,7.504,0.035
4125.77828,7.521,0.037
4126.69744,7.525,0.031
4127.813,7.519,0.044
4128.73448,7.534,0.027
4135.71402,7.505,0.036
4135.74712,7.552,0.042
4137.71746,7.537,0.036
4137.74659,7.485,0.04
4139.74079,7.558,0.032
4139.77526,7.544,0.037
4141.76599,7.564,0.04
4142.62809,7.497,0.045
4144.72655,7.496,0.043
4149.7211,7.56,0.039
4150.63133,7.552,0.038
4152.69788,7.551,0.034
4156.61046,7.573,0.046
4156.73185,7.589,0.049
4162.63715,7.616,0.036
4162.67705,7.629,0.05
4164.65256,7.608,0.041
4164.70502,7.585,0.051
4167.61886,7.563,0.051
4167.6619,7.646,0.056
4172.6619,7.578,0.037
4174.67456,7.551,0.031
4176.72139,7.531,0.035
4182.57127,7.43,0.032
4183.635,7.422,0.04
4190.55947,7.29,0.033
4192.59749,7.215,0.052
4197.60258,7.211,0.039
4205.55844,7.172,0.05
4205.609,7.144,0.039
4227.55487,7.218,0.048
4229.57004,7.214,0.057
4230.52087,7.242,0.038
4231.57417,7.242,0.038
4234.49032,7.326,0.044
4238.54949,7.381,0.037
4246.50572,7.478,0.036
4249.4825,7.503,0.033
4254.50714,7.503,0.051
4257.49498,7.513,0.04
4423.84718,7.724,0.038
4424.85875,7.74,0.032
4429.8425,7.744,0.038
4436.82005,7.802,0.036
4439.82476,7.82,0.043
4440.80364,7.868,0.031
4442.84883,7.827,0.037
4443.85977,7.883,0.026
4453.80224,7.828,0.031
4455.80522,7.814,0.034
4456.78551,7.813,0.036
4458.79355,7.799,0.041
4459.69525,7.799,0.043
4462.81385,7.761,0.036
4463.80881,7.765,0.029
4465.77473,7.734,0.046
4466.75575,7.741,0.034
4468.76392,7.752,0.057
4469.75653,7.69,0.036
4472.8036,7.695,0.055
4474.76906,7.592,0.045
4476.74579,7.641,0.049
4477.81462,7.585,0.043
4479.72705,7.581,0.037
4482.74782,7.563,0.029
4484.73484,7.497,0.04
4485.74592,7.526,0.034
4490.74019,7.482,0.034
4490.74271,7.454,0.037
4492.78225,7.467,0.031
4492.7848,7.48,0.037
4494.7949,7.474,0.034
4494.79744,7.437,0.036
4498.71432,7.478,0.04
4498.71775,7.482,0.043
4503.65751,7.557,0.033
4503.6675,7.564,0.038
4505.76119,7.605,0.035
4505.77457,7.55,0.042
4508.64873,7.651,0.04
4510.68592,7.696,0.043
4510.68923,7.695,0.045
4512.71373,7.706,0.043
4517.67027,7.78,0.05
4519.6748,7.83,0.043
4521.69134,7.866,0.038
4523.7194,7.884,0.03
4523.72188,7.907,0.034
4526.60729,7.908,0.039
4526.6097,7.892,0.045
4528.66942,7.917,0.036
4530.74988,7.954,0.034
4535.58762,7.997,0.042
4536.68134,7.983,0.029
4537.63603,8.008,0.041
4538.71832,7.99,0.038
4541.55934,7.963,0.035
4547.61516,7.925,0.052
4552.58934,7.848,0.031
4554.61099,7.801,0.039
4558.63309,7.739,0.033
4558.64672,7.763,0.032
4560.63882,7.726,0.034
4560.64121,7.752,0.036
4562.67049,7.692,0.034
4565.53031,7.657,0.036
4572.51603,7.545,0.036
4574.53657,7.494,0.044
4576.56541,7.474,0.046
4580.56033,7.408,0.05
4585.50896,7.395,0.034
4588.51212,7.371,0.036
4590.53929,7.36,0.034
4592.57274,7.369,0.035
4599.49074,7.44,0.04
4601.5301,7.475,0.038
4601.53279,7.487,0.03
4607.49131,7.579,0.034
4609.53542,7.607,0.036
4618.48463,7.6,0.036
4622.48567,7.535,0.036
4631.45923,7.473,0.037
4777.86247,7.335,0.027
4780.85982,7.24,0.035
4795.8469,7.605,0.036
4805.84216,7.741,0.036
4808.8463,7.741,0.036
4812.82589,7.691,0.042
4818.84083,7.621,0.04
4818.84424,7.644,0.04
4821.79677,7.552,0.035
4824.77939,7.562,0.029
4824.79409,7.553,0.034
4827.77794,7.503,0.037
4827.7875,7.495,0.04
4830.7724,7.525,0.029
4830.77582,7.523,0.036
4833.76119,7.515,0.045
4836.7518,7.499,0.031
4836.75526,7.474,0.037
4839.73832,7.526,0.035
4839.74684,7.501,0.036
4845.76466,7.484,0.055
4845.76803,7.458,0.064
4848.71964,7.443,0.035
4850.81934,7.437,0.033
4850.82608,7.418,0.039
4853.74333,7.397,0.035
4853.74669,7.38,0.046
4856.74781,7.391,0.032
4856.75123,7.357,0.039
4860.70175,7.389,0.034
4860.70531,7.379,0.041
4862.78923,7.353,0.044
4862.79254,7.298,0.047
4865.69982,7.383,0.05
4865.70303,7.363,0.046
4868.68134,7.4,0.037
4876.68213,7.416,0.037
4877.71362,7.551,0.047
4879.65922,7.769,0.033
4881.70234,7.428,0.032
4884.65774,7.414,0.038
4887.66176,7.411,0.057
4889.76251,7.706,0.054
4892.61726,7.468,0.065
4904.63428,7.53,0.051
4906.6644,7.561,0.046
4917.59939,7.604,0.048
4919.67339,7.569,0.052
4931.59929,7.499,0.059
4933.65122,7.505,0.051
4936.55834,7.419,0.056
4938.60613,7.409,0.056
4949.49247,7.297,0.063
4960.56129,7.324,0.059
4966.52187,7.415,0.052
4969.51156,7.464,0.062
4973.51314,7.544,0.059
4985.50443,7.685,0.051
5164.82573,7.688,0.053
5165.83396,7.678,0.051
5168.83248,7.714,0.052
