1868.81609,10.87,0.036
1870.75092,10.863,0.035
1871.85978,10.873,0.037
1873.75537,10.861,0.035
1875.74394,10.847,0.036
1877.74209,10.826,0.033
1879.73896,10.827,0.032
1880.85783,10.798,0.031
1884.75625,10.826,0.031
1885.82479,10.825,0.03
1887.72049,10.848,0.032
1889.71187,10.861,0.035
1899.7499,10.85,0.027
1900.75994,10.841,0.028
1902.74617,10.811,0.028
1903.76925,10.812,0.027
1904.76054,10.837,0.033
1905.75288,10.811,0.031
1906.74859,10.808,0.028
1907.7535,10.812,0.028
1908.74547,10.814,0.029
1913.71783,10.832,0.028
1915.72926,10.834,0.03
1918.72973,10.817,0.029
1919.76469,10.784,0.031
1920.71643,10.802,0.029
1921.71288,10.779,0.031
1922.71214,10.785,0.029
1924.70188,10.729,0.032
1925.70501,10.705,0.05
1926.69917,10.716,0.028
1928.70099,10.711,0.029
1929.69627,10.71,0.029
1930.69683,10.72,0.028
1931.69157,10.735,0.032
1932.68713,10.77,0.028
1933.68718,10.749,0.028
1934.68598,10.771,0.028
1936.66001,10.792,0.028
1937.69829,10.819,0.029
1939.64014,10.835,0.027
1946.68053,10.854,0.03
1948.61359,10.813,0.032
1949.66808,10.793,0.039
1950.64542,10.803,0.039
1952.64282,10.782,0.036
1953.65218,10.753,0.031
1954.6426,10.796,0.03
1955.63826,10.783,0.033
1958.62211,10.794,0.036
1959.63431,10.765,0.033
1961.62838,10.779,0.033
1964.63042,10.793,0.033
1965.6146,10.809,0.035
1966.61665,10.785,0.035
1967.61375,10.828,0.037
1968.60891,10.797,0.039
1977.59129,10.811,0.043
1978.60425,10.771,0.042
1979.62076,10.789,0.041
1980.6085,10.847,0.043
1981.60229,10.896,0.04
1982.59345,10.851,0.036
1984.57614,10.837,0.04
1985.57796,10.832,0.042
1993.56694,10.801,0.047
1994.59543,10.811,0.045
2027.5126,10.938,0.035
2031.46965,10.882,0.035
2033.4882,10.895,0.033
2053.47117,10.813,0.037
2057.49736,10.851,0.034
2059.50505,10.881,0.04
2064.50504,10.959,0.041
2068.48832,10.939,0.032
2085.47849,10.73,0.033
2171.89365,10.805,0.037
2173.87776,10.8,0.034
2183.87812,10.946,0.032
2185.85063,10.962,0.032
2189.88514,11.041,0.034
2191.84512,11.02,0.03
2193.84351,11.04,0.033
2196.83088,10.942,0.039
2198.82396,10.88,0.035
2200.82934,10.862,0.037
2202.81442,10.813,0.034
2212.78908,10.895,0.032
2212.82532,10.911,0.036
2214.78113,10.936,0.038
2215.85646,10.924,0.036
2217.7938,10.926,0.035
2221.8085,10.961,0.038
2224.7829,11.427,0.034
2226.76449,10.907,0.039
2232.77742,10.886,0.036
2234.75398,10.88,0.033
2236.7539,10.909,0.038
2239.7612,10.903,0.037
2241.74102,10.919,0.042
2241.74981,10.898,0.043
2244.75086,10.93,0.046
2249.72779,10.886,0.041
2249.75503,10.94,0.046
2440.45644,10.85,0.03
2443.46342,10.828,0.029
2454.47414,10.863,0.039
2466.45419,10.836,0.036
2470.45759,10.788,0.039
2557.8324,10.763,0.035
2559.84835,10.748,0.028
2562.82298,10.773,0.029
2566.83053,10.766,0.048
2578.82218,10.88,0.034
2609.62455,10.859,0.05
2609.62678,10.849,0.048
2609.62899,10.905,0.047
2609.63123,10.887,0.047
2609.63344,10.871,0.047
2609.63566,10.909,0.046
2609.63788,10.877,0.049
2609.64011,10.873,0.046
2609.64232,10.868,0.046
2609.64454,10.876,0.046
2609.64676,10.878,0.049
2609.64898,10.895,0.047
2609.65119,10.893,0.047
2609.65342,10.863,0.046
2609.65564,10.897,0.045
2609.65786,10.91,0.046
2609.66009,10.867,0.045
2609.66232,10.855,0.045
2609.66455,10.854,0.045
2609.66677,10.833,0.046
2609.66899,10.912,0.045
2609.67122,10.838,0.045
2609.67345,10.862,0.044
2609.67566,10.883,0.044
2609.68011,10.837,0.045
2609.68233,10.856,0.051
2609.68455,10.829,0.051
2609.68677,10.817,0.05
2609.689,10.802,0.05
2609.69122,10.775,0.051
2609.69344,10.815,0.05
2609.69565,10.823,0.05
2609.69787,10.886,0.049
2609.70011,10.811,0.048
2609.70232,10.82,0.049
2609.70454,10.845,0.048
2609.70675,10.82,0.048
2609.70897,10.835,0.048
2609.71119,10.825,0.048
2609.71342,10.815,0.048
2609.71564,10.801,0.048
2609.71786,10.853,0.047
2609.72007,10.851,0.049
2609.72229,10.841,0.048
2609.72452,10.826,0.047
2609.72674,10.825,0.046
2609.72896,10.868,0.046
2609.73562,10.825,0.046
2609.73783,10.859,0.047
2609.74005,10.863,0.047
2609.74227,10.848,0.045
2609.7467,10.926,0.051
2609.74894,10.845,0.047
2609.75116,10.901,0.051
2609.75339,10.851,0.044
2609.75563,10.899,0.046
2609.75785,10.893,0.05
2609.7623,10.834,0.044
2609.76452,10.873,0.047
2609.76674,10.841,0.044
2609.76895,10.862,0.048
2609.77117,10.825,0.047
2609.7734,10.867,0.047
2609.77563,10.921,0.046
2609.77785,10.875,0.046
2609.78009,10.886,0.044
2609.78231,10.923,0.043
2609.78453,10.859,0.046
2609.78675,10.903,0.046
2609.78897,10.873,0.043
2609.7912,10.897,0.046
2609.79345,10.868,0.046
2609.79569,10.85,0.042
2609.7979,10.879,0.046
2609.80012,10.908,0.043
2609.80234,10.882,0.043
2609.80456,10.898,0.044
2609.80679,10.863,0.042
2609.809,10.843,0.045
2609.81122,10.855,0.047
2609.81344,10.857,0.043
2609.81565,10.86,0.042
2609.81788,10.88,0.045
2609.8201,10.881,0.042
2609.82232,10.854,0.045
2609.82454,10.864,0.045
2609.82675,10.86,0.045
2609.82897,10.833,0.043
2609.8312,10.838,0.046
2609.83342,10.855,0.046
2609.83563,10.862,0.042
2609.83785,10.855,0.046
2609.84007,10.892,0.045
2609.8423,10.865,0.045
2609.84452,10.884,0.044
2609.84898,10.845,0.045
2609.8512,10.902,0.042
2609.85342,10.844,0.042
2609.85564,10.849,0.045
2609.85786,10.84,0.047
2610.62158,10.854,0.045
2610.62381,10.878,0.048
2610.62603,10.91,0.047
2610.62825,10.879,0.045
2610.63047,10.91,0.048
2610.63268,10.927,0.045
2610.63491,10.956,0.047
2610.63713,10.887,0.044
2610.63935,10.852,0.044
2610.64157,10.845,0.045
2610.6438,10.852,0.044
2610.64601,10.859,0.044
2610.64823,10.854,0.044
2610.65045,10.848,0.046
2610.65266,10.856,0.045
2610.65488,10.844,0.045
2610.65711,10.832,0.044
2610.65933,10.871,0.043
2610.66155,10.84,0.045
2610.66377,10.864,0.041
2610.666,10.894,0.041
2610.66822,10.882,0.046
2610.67044,10.897,0.04
2610.67266,10.817,0.041
2610.67489,10.878,0.042
2610.67932,10.863,0.048
2610.68154,10.843,0.047
2610.68376,10.868,0.045
2610.686,10.836,0.046
2610.68822,10.884,0.046
2610.69044,10.856,0.045
2610.69266,10.847,0.046
2610.69491,10.853,0.045
2610.69712,10.889,0.045
2610.69935,10.815,0.046
2610.70156,10.843,0.044
2610.70379,10.834,0.044
2610.70602,10.865,0.045
2610.70824,10.884,0.044
2610.71048,10.921,0.043
2610.71269,10.873,0.044
2610.71491,10.927,0.044
2610.71935,10.854,0.044
2610.72158,10.843,0.043
2610.72379,10.878,0.043
2610.72823,10.879,0.044
2610.73045,10.855,0.043
2610.73268,10.935,0.043
2610.73491,10.923,0.044
2610.73712,10.879,0.043
2610.73935,10.876,0.042
2610.74156,10.867,0.043
2610.7438,10.849,0.043
2610.74601,10.855,0.043
2610.74823,10.845,0.043
2610.75045,10.863,0.042
2610.75268,10.838,0.043
2610.7549,10.876,0.043
2610.75934,10.855,0.042
2610.76157,10.841,0.043
2610.76379,10.839,0.042
2610.76601,10.897,0.041
2610.76823,10.918,0.042
2610.77044,10.894,0.042
2610.77266,10.896,0.041
2610.77489,10.88,0.042
2610.7771,10.92,0.041
2610.77932,10.836,0.041
2610.78154,10.837,0.042
2610.78376,10.892,0.042
2610.78599,10.85,0.042
2610.78821,10.896,0.043
2610.79043,10.939,0.041
2610.79264,10.867,0.042
2610.79489,10.904,0.041
2610.79712,10.862,0.042
2610.79933,10.881,0.042
2610.80157,10.858,0.043
2610.80379,10.845,0.042
2611.6236,10.899,0.041
2611.62581,10.89,0.041
2611.62803,10.914,0.042
2611.63025,10.916,0.042
2611.63246,10.912,0.042
2611.6347,10.916,0.041
2611.63691,10.835,0.042
2611.64135,10.847,0.041
2611.64356,10.829,0.04
2611.64579,10.888,0.041
2611.64801,10.875,0.041
2611.65022,10.905,0.041
2611.65244,10.85,0.04
2611.65465,10.851,0.04
2611.76347,10.888,0.038
2611.76569,10.857,0.037
2611.76791,10.887,0.037
2611.77013,10.829,0.042
2611.77234,10.868,0.042
2611.77456,10.894,0.043
2611.77679,10.836,0.042
2611.77901,10.868,0.042
2611.78123,10.842,0.041
2611.78345,10.884,0.042
2611.78567,10.856,0.042
2611.78788,10.873,0.041
2611.79011,10.871,0.041
2611.79233,10.868,0.04
2611.79455,10.88,0.041
2611.79677,10.839,0.041
2611.79898,10.876,0.041
2611.80122,10.86,0.04
2611.80343,10.815,0.04
2611.80565,10.865,0.041
2611.80787,10.838,0.041
2611.8101,10.886,0.041
2611.81231,10.833,0.041
2611.81453,10.877,0.04
2611.81675,10.843,0.04
2611.81897,10.862,0.04
2611.82121,10.87,0.04
2611.82342,10.844,0.04
2611.82564,10.862,0.04
2611.84877,10.909,0.036
2611.85098,10.948,0.038
2611.85321,11.033,0.039
2611.8555,10.861,0.037
2611.85771,10.858,0.037
2611.85994,10.875,0.038
2611.86216,10.886,0.039
2611.86438,10.854,0.041
2611.86659,10.879,0.043
2613.6135,10.842,0.041
2613.61573,10.85,0.04
2613.61795,10.89,0.041
2613.62016,10.909,0.041
2613.62238,10.87,0.041
2613.62459,10.9,0.041
2613.62683,10.876,0.04
2613.62906,10.881,0.041
2613.6313,10.842,0.041
2613.63351,10.845,0.041
2613.63573,10.841,0.04
2613.63794,10.864,0.04
2613.64016,10.855,0.039
2613.64238,10.837,0.039
2613.64461,10.847,0.039
2613.64682,10.836,0.04
2613.64904,10.853,0.04
2613.65126,10.849,0.04
2613.65348,10.882,0.039
2613.65569,10.868,0.039
2613.65792,10.909,0.039
2613.66014,10.907,0.039
2613.66236,10.882,0.038
2613.66461,10.87,0.039
2613.66683,10.887,0.039
2613.66905,10.841,0.039
2613.67127,10.831,0.038
2613.6735,10.839,0.038
2613.67573,10.854,0.038
2613.67794,10.861,0.038
2613.68016,10.854,0.038
2613.68238,10.843,0.038
2613.6846,10.855,0.039
2613.68905,10.882,0.038
2613.6913,10.869,0.039
2613.69352,10.888,0.038
2613.69573,10.848,0.039
2613.69795,10.858,0.039
2613.70017,10.877,0.039
2613.7024,10.859,0.039
2613.70462,10.875,0.038
2613.70684,10.877,0.039
2613.70906,10.83,0.038
2613.71127,10.867,0.038
2613.7135,10.887,0.038
2613.71572,10.867,0.038
2613.71794,10.862,0.039
2613.72016,10.877,0.039
2613.72239,10.866,0.039
2613.72461,10.882,0.039
2613.72682,10.878,0.039
2613.72904,10.887,0.039
2613.73126,10.869,0.039
2613.73349,10.892,0.039
2613.73571,10.913,0.038
2613.73792,10.881,0.038
2613.74014,10.877,0.038
2613.74236,10.896,0.039
2613.74459,10.887,0.039
2613.74681,10.852,0.04
2613.74904,10.907,0.04
2613.75128,10.881,0.039
2613.7535,10.885,0.039
2613.75573,10.881,0.04
2613.75795,10.887,0.042
2613.76018,10.893,0.04
2614.75469,10.852,0.035
2614.75691,10.846,0.035
2614.75916,10.858,0.035
2614.76138,10.869,0.035
2614.7636,10.861,0.035
2614.76584,10.842,0.035
2614.76806,10.838,0.035
2614.77028,10.843,0.035
2614.7725,10.835,0.035
2614.77473,10.84,0.035
2614.77695,10.854,0.036
2614.77917,10.82,0.035
2614.78138,10.819,0.034
2614.7836,10.851,0.035
2614.78583,10.837,0.036
2614.78805,10.832,0.035
2614.79027,10.833,0.035
2614.79249,10.858,0.034
2614.79474,10.843,0.036
2614.79697,10.847,0.035
2614.79919,10.862,0.035
2614.80365,10.843,0.035
2614.80586,10.824,0.035
2614.80808,10.836,0.035
2614.8103,10.843,0.035
2614.81252,10.843,0.035
2614.81475,10.816,0.035
2614.81697,10.809,0.035
2614.81918,10.822,0.035
2614.82142,10.87,0.035
2614.82364,10.83,0.035
2614.82585,10.831,0.035
2614.82807,10.829,0.035
2614.83029,10.847,0.035
2614.83252,10.863,0.035
2614.83473,10.827,0.035
2614.83695,10.838,0.035
2614.83918,10.826,0.035
2614.84139,10.839,0.035
2614.84362,10.813,0.035
2614.84584,10.842,0.035
2614.84805,10.843,0.035
2614.85028,10.851,0.035
2614.8525,10.858,0.035
2614.85473,10.871,0.035
2614.85695,10.842,0.035
2614.86142,10.849,0.037
2614.86364,10.843,0.038
2615.60868,10.872,0.037
2615.6109,10.895,0.037
2615.61311,10.89,0.037
2615.61534,10.871,0.037
2615.61755,10.867,0.037
2615.61977,10.866,0.037
2615.62199,10.877,0.037
2615.6242,10.894,0.037
2615.62642,10.889,0.038
2615.62865,10.892,0.037
2615.63086,10.912,0.037
2615.63309,10.884,0.037
2615.6353,10.891,0.038
2615.63752,10.889,0.037
2615.63975,10.887,0.037
2615.64197,10.9,0.038
2615.64866,10.905,0.037
2615.65088,10.871,0.037
2615.6531,10.845,0.037
2615.65532,10.869,0.037
2615.65755,10.881,0.037
2615.65977,10.866,0.036
2615.662,10.889,0.037
2615.66423,10.891,0.036
2615.66645,10.884,0.036
2615.66866,10.886,0.036
2615.67088,10.865,0.036
2615.6731,10.879,0.036
2615.67531,10.879,0.036
2615.67755,10.9,0.036
2615.67977,10.893,0.036
2615.68199,10.878,0.035
2615.6842,10.875,0.04
2615.68643,10.855,0.039
2615.68865,10.881,0.039
2615.69308,10.897,0.036
2615.6953,10.869,0.035
2615.69751,10.898,0.036
2615.69974,10.906,0.034
2615.70196,10.891,0.035
2615.70417,10.883,0.035
2615.70639,10.896,0.036
2615.70861,10.883,0.035
2615.71082,10.901,0.035
2615.71305,10.867,0.036
2615.73526,10.899,0.041
2615.73749,10.876,0.035
2615.7397,10.883,0.034
2615.74192,10.845,0.037
2615.74415,10.903,0.035
2615.74637,10.886,0.037
2615.74859,10.885,0.035
2615.75081,10.896,0.035
2615.75302,10.906,0.034
2615.75526,10.887,0.035
2615.75748,10.888,0.035
2615.7597,10.879,0.039
2615.76193,10.882,0.038
2615.76416,10.886,0.04
2615.76638,10.874,0.043
2615.76861,10.892,0.042
2615.77307,10.905,0.042
2615.77529,10.903,0.04
2615.77752,10.893,0.051
2615.77974,10.941,0.04
2615.78196,10.875,0.036
2615.78418,10.866,0.035
2615.78639,10.889,0.037
2615.78862,10.912,0.039
2615.79084,10.88,0.038
2615.79306,10.918,0.04
2615.79529,10.841,0.048
2615.79752,10.876,0.041
2615.79974,10.89,0.04
2615.80196,10.837,0.04
2615.80418,10.908,0.04
2615.80641,10.888,0.037
2615.80863,10.868,0.036
2615.81084,10.876,0.045
2615.81306,10.839,0.044
2615.81528,10.861,0.043
2615.81749,10.85,0.047
2615.81972,10.874,0.042
2615.82194,10.858,0.04
2615.82415,10.861,0.037
2615.82637,10.863,0.035
2615.82859,10.871,0.035
2615.83082,10.883,0.034
2615.83304,10.872,0.035
2615.83527,10.875,0.035
2615.83749,10.871,0.034
2615.83972,10.88,0.035
2615.84194,10.884,0.034
2615.84652,10.889,0.04
2615.84873,10.87,0.036
2615.85095,10.847,0.036
2617.60339,10.887,0.039
2617.60562,10.894,0.038
2617.60783,10.915,0.038
2617.61005,10.891,0.04
2617.61227,10.889,0.041
2617.6167,10.913,0.037
2617.61893,10.924,0.037
2617.62115,10.907,0.037
2617.62337,10.91,0.037
2617.62559,10.911,0.038
2617.62782,10.896,0.037
2617.63005,10.862,0.037
2617.63229,10.895,0.037
2617.63452,10.892,0.037
2617.63674,10.888,0.037
2617.63896,10.895,0.037
2617.6412,10.9,0.037
2617.64342,10.887,0.036
2617.64564,10.904,0.036
2617.64786,10.892,0.036
2617.6501,10.914,0.036
2617.65232,10.889,0.036
2617.65454,10.9,0.036
2617.65675,10.901,0.035
2617.65897,10.9,0.036
2617.66121,10.925,0.036
2617.66342,10.898,0.035
2617.66565,10.861,0.036
2617.66787,10.884,0.036
2617.6701,10.877,0.035
2617.67232,10.903,0.035
2617.67454,10.89,0.035
2617.67676,10.91,0.035
2617.6812,10.907,0.034
2617.68343,10.932,0.035
2617.68564,10.88,0.034
2617.68786,10.894,0.035
2617.69009,10.888,0.035
2617.6923,10.901,0.034
2617.69452,10.889,0.034
2617.69675,10.898,0.034
2617.69897,10.882,0.035
2617.7012,10.897,0.034
2617.70342,10.872,0.035
2617.70564,10.92,0.035
2617.70786,10.899,0.035
2617.71009,10.921,0.035
2617.72785,10.888,0.034
2617.73006,10.911,0.035
2617.73229,10.91,0.034
2617.73451,10.897,0.034
2617.73673,10.874,0.034
2617.73894,10.905,0.034
2617.74116,10.899,0.034
2617.74339,10.888,0.034
2617.74561,10.895,0.034
2617.74782,10.894,0.033
2617.75004,10.894,0.035
2617.75452,10.905,0.034
2617.75674,10.912,0.034
2617.75895,10.897,0.035
2617.76119,10.897,0.035
2617.76341,10.909,0.035
2617.76563,10.875,0.035
2617.76787,10.889,0.035
2617.77009,10.889,0.035
2617.77232,10.895,0.035
2617.77454,10.897,0.035
2617.77677,10.888,0.035
2617.77898,10.906,0.035
2617.78121,10.901,0.035
2617.78342,10.902,0.036
2617.78565,10.889,0.036
2617.78788,10.914,0.035
2617.7901,10.866,0.035
2617.79232,10.874,0.036
2617.79454,10.877,0.035
2617.79677,10.858,0.034
2617.79899,10.884,0.035
2617.80121,10.895,0.035
2617.80342,10.874,0.035
2617.80788,10.859,0.035
2617.8101,10.869,0.035
2617.81232,10.867,0.035
2617.81454,10.879,0.035
2617.81677,10.86,0.034
2617.8212,10.868,0.034
2617.82342,10.889,0.034
2617.82564,10.886,0.034
2617.83008,10.883,0.034
2617.8323,10.906,0.034
2617.83452,10.877,0.033
2617.83673,10.899,0.034
2617.83895,10.88,0.034
2617.84118,10.878,0.034
2617.8434,10.882,0.034
2617.84562,10.876,0.035
2617.84784,10.882,0.036
2617.85007,10.903,0.036
2617.85229,10.875,0.037
2617.85451,10.915,0.038
2617.85672,10.877,0.037
2617.85894,10.9,0.037
2617.86118,10.882,0.038
2618.59908,10.929,0.041
2618.60131,10.911,0.041
2618.60353,10.902,0.042
2618.60576,10.888,0.041
2618.60797,10.893,0.041
2618.61019,10.895,0.041
2618.61241,10.877,0.041
2618.61463,10.893,0.041
2618.61684,10.888,0.041
2618.61907,10.889,0.04
2618.62129,10.915,0.041
2618.6235,10.904,0.04
2618.62573,10.888,0.04
2618.62794,10.896,0.04
2618.63017,10.901,0.04
2618.63239,10.877,0.04
2618.63461,10.915,0.039
2618.63682,10.908,0.04
2618.63904,10.897,0.04
2618.64127,10.906,0.039
2618.64348,10.875,0.039
2618.6457,10.927,0.038
2618.64794,10.906,0.038
2618.65017,10.902,0.039
2618.65239,10.891,0.038
2618.65461,10.916,0.039
2618.65683,10.865,0.038
2618.65906,10.889,0.038
2618.66128,10.888,0.037
2618.66349,10.878,0.038
2618.66571,10.888,0.037
2618.66793,10.892,0.038
2618.67014,10.927,0.037
2618.67238,10.886,0.037
2618.67685,10.914,0.037
2618.68128,10.908,0.037
2618.6835,10.908,0.037
2618.68572,10.914,0.037
2618.68795,10.892,0.037
2618.69017,10.915,0.037
2618.69239,10.868,0.037
2618.6946,10.889,0.037
2618.69684,10.855,0.038
2618.69905,10.886,0.037
2618.70127,10.897,0.037
2618.70349,10.872,0.036
2618.70793,10.883,0.036
2618.71015,10.899,0.037
2618.71237,10.904,0.038
2618.71459,10.879,0.038
2618.71682,10.887,0.037
2618.71903,10.885,0.036
2618.72126,10.891,0.036
2618.72348,10.889,0.037
2618.7257,10.873,0.037
2618.72792,10.886,0.037
2618.73015,10.892,0.037
2618.73236,10.86,0.036
2618.73459,10.893,0.037
2618.7368,10.858,0.037
2618.73902,10.869,0.038
2618.74125,10.82,0.037
2618.74569,10.839,0.037
2618.7479,10.875,0.037
2618.75012,10.88,0.038
2618.75235,10.874,0.038
2618.75457,10.875,0.038
2618.75679,10.859,0.04
2618.75901,10.875,0.04
2618.76126,10.871,0.04
2618.76348,10.865,0.04
2618.76571,10.896,0.039
2618.76795,10.877,0.039
2618.77017,10.879,0.04
2618.77239,10.884,0.039
2618.7746,10.93,0.039
2618.77684,10.903,0.039
2618.77905,10.885,0.04
2618.78127,10.886,0.04
2618.78349,10.851,0.039
2618.78571,10.875,0.04
2618.79017,10.862,0.039
2618.79239,10.919,0.039
2618.79463,10.914,0.039
2618.79685,10.869,0.039
2618.79907,10.902,0.039
2618.80129,10.877,0.039
2618.80352,10.865,0.04
2618.80573,10.872,0.039
2618.80795,10.867,0.04
2618.81017,10.881,0.039
2618.81239,10.873,0.038
2618.81462,10.899,0.039
2618.81684,10.855,0.04
2618.81906,10.857,0.038
2618.82128,10.868,0.038
2618.82349,10.884,0.038
2618.82573,10.906,0.039
2618.82794,10.887,0.038
2618.83016,10.917,0.037
2618.83238,10.934,0.037
2618.83691,10.867,0.04
2618.83912,10.893,0.037
2618.84135,10.888,0.037
2618.84357,10.89,0.037
2618.8458,10.888,0.038
2618.84802,10.869,0.039
2618.85024,10.882,0.039
2618.85467,10.912,0.038
2618.85691,10.853,0.039
2619.59644,10.901,0.045
2619.59866,10.914,0.046
2619.60089,10.898,0.045
2619.60311,10.897,0.046
2619.60532,10.885,0.045
2619.60754,10.929,0.046
2619.60976,10.885,0.044
2619.61197,10.901,0.045
2619.6142,10.903,0.045
2619.61642,10.887,0.044
2619.61863,10.889,0.044
2619.62085,10.911,0.044
2619.62307,10.894,0.044
2619.6253,10.917,0.044
2619.62753,10.904,0.044
2619.63199,10.877,0.043
2619.63421,10.897,0.042
2619.63642,10.885,0.043
2619.63864,10.916,0.042
2619.64085,10.856,0.042
2619.64309,10.883,0.042
2619.64531,10.881,0.042
2619.64752,10.88,0.042
2619.64974,10.891,0.042
2619.65196,10.929,0.041
2619.65419,10.909,0.041
2619.65864,10.892,0.041
2619.66085,10.906,0.039
2619.66307,10.91,0.041
2619.6653,10.884,0.04
2619.66752,10.914,0.041
2619.66974,10.905,0.04
2619.67196,10.918,0.04
2619.67419,10.92,0.04
2619.67641,10.882,0.04
2619.67863,10.938,0.04
2619.6831,10.896,0.04
2619.68532,10.883,0.04
2619.68757,10.897,0.039
2619.68979,10.899,0.039
2619.692,10.893,0.039
2619.69422,10.915,0.039
2619.69645,10.872,0.039
2619.69867,10.892,0.038
2619.70089,10.905,0.038
2619.70311,10.893,0.038
2619.70532,10.903,0.04
2619.70754,10.89,0.039
2619.70978,10.901,0.04
2619.712,10.9,0.04
2619.71422,10.897,0.039
2619.71644,10.903,0.039
2619.71865,10.877,0.039
2619.72088,10.897,0.038
2619.7231,10.892,0.038
2619.72531,10.931,0.039
2619.72753,10.91,0.039
2619.72975,10.891,0.039
2619.73198,10.882,0.039
2619.7342,10.905,0.039
2619.73642,10.861,0.04
2619.73863,10.848,0.039
2619.74087,10.833,0.04
2619.74533,10.862,0.04
2619.74756,10.861,0.041
2619.74978,10.851,0.04
2619.752,10.845,0.042
2619.75422,10.849,0.042
2619.75644,10.875,0.041
2619.75867,10.853,0.041
2619.76088,10.879,0.041
2619.76311,10.857,0.042
2619.76532,10.903,0.041
2619.76754,10.854,0.043
2619.76978,10.847,0.044
2619.772,10.886,0.044
2619.77423,10.89,0.043
2619.77647,10.881,0.044
2619.77868,10.888,0.043
2619.78312,10.898,0.044
2619.78535,10.871,0.042
2619.78758,10.888,0.042
2619.7898,10.884,0.043
2619.79201,10.846,0.042
2619.79425,10.865,0.043
2619.79647,10.872,0.046
2619.79869,10.838,0.043
2619.80091,10.863,0.043
2619.80314,10.859,0.043
2619.80535,10.846,0.044
2619.80757,10.886,0.045
2619.80979,10.855,0.042
2619.812,10.871,0.043
2619.81422,10.862,0.044
2619.81645,10.843,0.043
2619.81868,10.841,0.043
2619.8209,10.882,0.043
2619.82312,10.853,0.044
2619.82536,10.878,0.041
2619.82758,10.884,0.041
2619.8298,10.914,0.042
2619.83203,10.874,0.042
2619.83425,10.894,0.041
2619.83646,10.921,0.042
2619.83869,10.882,0.041
2619.84091,10.881,0.042
2619.84314,10.873,0.041
2619.84536,10.875,0.042
2619.84758,10.893,0.043
2619.8498,10.851,0.041
2619.85203,10.882,0.041
2619.85425,10.866,0.041
2619.85647,10.878,0.042
2619.85868,10.895,0.042
2619.86092,10.856,0.044
2619.86313,10.863,0.047
2619.86535,10.875,0.047
2621.85038,10.882,0.04
2623.79302,10.861,0.031
2625.7855,10.859,0.033
2632.81688,10.793,0.037
2635.74869,10.855,0.04
2637.76755,10.784,0.032
2639.7926,10.849,0.041
2642.72134,10.826,0.041
2644.7563,10.855,0.033
2646.73809,10.888,0.031
2649.7254,10.863,0.026
2651.69533,10.845,0.035
2655.7495,10.885,0.031
2658.71898,10.887,0.034
2660.70983,10.864,0.035
2662.70685,10.855,0.032
2664.69828,10.872,0.032
2666.69587,10.892,0.03
2670.69494,10.863,0.029
2672.70253,10.896,0.035
2674.68357,10.808,0.028
2676.67447,10.852,0.036
2678.65541,10.829,0.029
2680.65601,10.843,0.031
2681.7791,10.816,0.028
2683.69607,10.863,0.033
2688.79741,10.89,0.034
2690.72248,10.913,0.032
2692.77919,10.9,0.03
2694.70026,10.94,0.037
2696.71541,10.927,0.033
2698.71067,10.883,0.03
2700.6939,10.891,0.032
2704.66149,10.864,0.037
2706.64048,10.862,0.037
2707.83216,10.888,0.04
2709.68191,10.875,0.034
2710.82199,10.822,0.031
2712.59802,10.87,0.039
2713.7093,10.852,0.033
2715.68335,10.84,0.037
2717.77021,10.831,0.031
2720.6109,10.842,0.036
2723.66215,11.044,0.028
2725.6526,10.884,0.027
2727.64627,10.887,0.027
2732.72267,10.913,0.029
2734.58091,10.88,0.027
2736.55158,10.887,0.027
2739.671,10.874,0.032
2741.62674,10.881,0.03
2742.73197,10.885,0.032
2744.62137,10.891,0.029
2747.66664,10.857,0.031
2751.56072,10.859,0.027
2754.56146,10.863,0.028
2756.56095,10.848,0.027
2760.57001,10.836,0.028
2762.5661,10.839,0.031
2764.55068,10.828,0.029
2766.6083,10.816,0.029
2770.60289,10.809,0.03
2783.50664,10.893,0.029
2785.51069,10.89,0.031
2787.51054,10.946,0.033
2790.54229,10.884,0.032
2793.46805,10.853,0.038
2796.46944,10.854,0.042
2809.53656,10.863,0.029
2811.53501,10.866,0.028
2813.53352,10.838,0.027
2831.48213,10.792,0.031
2834.46589,10.8,0.029
2836.47061,10.801,0.028
2886.90594,10.779,0.036
2894.90428,10.795,0.033
2899.89174,10.856,0.027
2906.89088,10.861,0.029
2910.88809,10.893,0.033
2916.84473,10.853,0.027
2922.82867,10.851,0.03
2925.87054,10.826,0.027
2931.8487,10.835,0.031
2934.83828,10.823,0.026
2940.79947,10.811,0.031
2942.84468,10.828,0.033
2946.78218,10.85,0.03
2948.84739,10.851,0.04
2952.79622,10.891,0.04
2960.80041,10.837,0.03
2963.80908,10.853,0.028
2970.81763,10.746,0.03
2974.76539,10.769,0.036
2976.80766,10.78,0.03
2978.80684,10.833,0.029
2981.77336,10.867,0.037
2984.78236,10.896,0.03
2987.77315,10.912,0.032
2990.77509,10.86,0.032
2993.77076,10.873,0.03
2996.74885,10.872,0.029
2998.8085,10.821,0.029
3006.73191,10.808,0.027
3008.7576,10.779,0.032
3010.77018,10.76,0.028
3013.7016,10.764,0.029
3016.76535,10.824,0.026
3018.77017,10.807,0.032
3023.75953,10.887,0.032
3030.75783,10.845,0.027
3033.65866,10.871,0.03
3035.70777,10.868,0.036
3039.82449,10.89,0.029
3042.72837,10.904,0.03
3045.62259,10.96,0.03
3048.67329,10.874,0.031
3053.70202,10.819,0.031
3055.77057,10.788,0.038
3058.59146,10.741,0.029
3060.65656,10.747,0.026
3064.77647,10.766,0.043
3067.73099,10.828,0.029
3069.73471,10.864,0.03
3071.75074,10.897,0.031
3073.80179,10.938,0.031
3076.6096,10.92,0.027
3078.60779,10.877,0.03
3086.65284,10.832,0.028
3088.66322,10.824,0.038
3090.66592,10.842,0.038
3092.65808,10.853,0.027
3096.64473,10.868,0.029
3098.65975,10.993,0.03
3100.68895,10.902,0.031
3102.68312,10.878,0.03
3104.69452,10.878,0.029
3106.68889,10.895,0.029
3110.70321,10.899,0.029
3112.7014,10.854,0.029
3115.51323,10.823,0.028
3118.65353,10.812,0.03
3122.55255,10.818,0.026
3124.5836,10.783,0.028
3126.60356,10.779,0.03
3128.62526,10.822,0.03
3130.64572,10.806,0.033
3132.64619,10.805,0.029
3134.65206,10.784,0.029
3144.5292,10.842,0.026
3146.57944,10.844,0.029
3153.57982,10.932,0.045
3156.55921,10.959,0.03
3163.5056,10.943,0.029
3165.52542,10.907,0.03
3168.52719,10.873,0.028
3171.55817,10.846,0.033
3176.45791,10.807,0.028
3179.49458,10.79,0.03
3184.49918,10.826,0.028
3187.47744,10.787,0.031
3357.77794,10.77,0.029
3363.7595,10.839,0.031
3363.78182,10.794,0.04
3367.72986,10.907,0.052
3372.78531,10.887,0.038
3386.6757,10.798,0.035
3386.70816,10.761,0.034
3389.73216,11.121,0.032
3391.694,10.802,0.038
3393.81195,10.852,0.03
3394.79485,10.882,0.032
3397.65215,10.921,0.031
3399.71252,10.952,0.034
3400.73762,10.935,0.038
3404.72734,10.974,0.037
3406.77396,10.929,0.038
3411.67384,10.894,0.03
3415.74057,10.889,0.029
3419.80842,10.888,0.042
3427.80712,10.919,0.04
3431.77069,10.922,0.035
3437.56329,10.904,0.03
3440.59434,10.848,0.029
3443.63222,10.838,0.034
3445.6189,10.83,0.039
3447.62357,10.826,0.038
3452.60036,10.871,0.036
3455.68569,10.948,0.039
3457.68791,10.923,0.033
3459.67002,10.979,0.031
3463.74117,10.983,0.032
3466.5412,10.962,0.031
3471.55437,10.929,0.033
3473.54947,10.918,0.032
3477.65206,10.876,0.037
3481.62895,10.92,0.032
3483.65,10.901,0.039
3487.65012,10.898,0.031
3490.65282,10.863,0.034
3492.64983,10.838,0.034
3499.65496,10.801,0.028
3502.49996,10.794,0.028
3509.56176,10.844,0.027
3512.56105,10.879,0.032
3516.56575,10.886,0.035
3520.55212,10.881,0.031
3526.58697,10.936,0.034
3529.49618,10.932,0.035
3539.50453,10.814,0.035
3543.49101,10.798,0.033
3547.49099,10.798,0.026
3554.49616,10.832,0.028
3558.47846,10.839,0.031
3561.46397,10.876,0.031
3564.4714,10.875,0.03
3631.88863,10.793,0.032
3636.89269,10.881,0.034
3641.87206,10.806,0.03
3654.85114,10.792,0.034
3657.8539,10.785,0.031
3660.8619,10.793,0.036
3664.83367,10.804,0.036
3668.86514,10.821,0.03
3672.82285,10.794,0.03
3699.78184,10.862,0.036
3703.76739,10.817,0.034
3707.76515,11.149,0.03
3712.8287,10.822,0.028
3715.79669,10.791,0.037
3718.7803,10.776,0.035
3721.76824,10.766,0.033
3731.76433,10.78,0.039
3734.76498,10.78,0.039
3737.73993,10.759,0.03
3740.70912,10.772,0.029
3743.70887,10.78,0.033
3745.79131,10.795,0.031
3748.69875,10.794,0.036
3751.68881,10.757,0.036
3753.78581,10.802,0.035
3755.82697,10.759,0.034
3758.67332,10.758,0.032
3760.75196,10.769,0.031
3763.66219,10.742,0.037
3765.78095,10.74,0.031
3768.65222,10.804,0.032
3773.63407,10.803,0.036
3775.68359,10.825,0.034
3787.73754,10.763,0.034
3789.78641,10.786,0.034
3792.63205,10.757,0.035
3794.68625,10.759,0.032
3796.7097,11.144,0.029
3798.78185,10.795,0.037
3801.58858,10.732,0.033
3803.70205,10.74,0.04
3805.7017,10.749,0.036
3808.69759,10.767,0.039
3810.74903,10.766,0.037
3812.80251,10.815,0.035
3817.59556,10.824,0.034
3819.62386,10.812,0.033
3821.67892,10.864,0.037
3823.6886,10.873,0.035
3825.70114,10.876,0.037
3828.52999,10.914,0.038
3830.59629,10.913,0.031
3832.6111,10.93,0.032
3834.60262,10.908,0.032
3836.63656,10.903,0.039
3850.61642,10.848,0.031
3852.61163,10.837,0.031
3854.62266,10.825,0.038
3859.65694,10.836,0.042
3861.62267,10.85,0.033
3865.62994,10.861,0.036
3868.52716,10.83,0.033
3870.52979,10.822,0.03
3872.5469,10.785,0.032
3876.55157,10.798,0.031
3882.5078,10.817,0.033
3886.51675,10.84,0.03
3890.54265,10.844,0.032
3892.54916,10.87,0.037
3896.55003,10.892,0.034
3899.49954,10.829,0.037
3901.53079,10.852,0.03
3903.55095,10.85,0.029
3905.54435,10.879,0.032
3908.47897,10.903,0.03
4089.72457,10.792,0.037
4103.80309,10.856,0.031
4106.71444,10.848,0.031
4109.77082,10.824,0.031
4125.6665,10.893,0.029
4127.71325,10.896,0.028
4129.71218,10.887,0.028
4131.75215,10.854,0.031
4133.78209,10.845,0.037
4140.68355,10.797,0.032
4142.71142,10.774,0.031
4144.7508,10.766,0.031
4147.608,10.757,0.03
4150.68128,10.745,0.036
4152.69135,10.81,0.029
4154.71031,10.781,0.035
4156.71193,10.814,0.031
4160.73279,10.789,0.029
4162.7296,10.774,0.032
4164.74757,10.847,0.039
4167.6983,10.828,0.05
4172.75331,10.854,0.03
4174.81041,10.852,0.033
4177.72019,10.807,0.034
4180.60152,10.775,0.034
4182.63425,10.789,0.029
4184.62996,10.803,0.035
4188.63115,10.808,0.028
4190.6554,10.796,0.03
4192.65815,10.768,0.029
4194.69409,10.768,0.04
4197.6887,10.784,0.031
4200.61901,10.794,0.031
4203.62693,10.771,0.029
4205.6295,10.801,0.033
4208.69404,10.793,0.039
4213.66371,10.841,0.036
4216.65505,10.864,0.031
4227.53814,10.706,0.027
4229.55524,10.69,0.028
4231.56427,10.698,0.033
4235.5664,10.755,0.029
4237.59133,10.781,0.038
4246.54163,10.878,0.028
4249.52208,10.864,0.029
4253.54482,10.832,0.029
4256.53943,10.856,0.028
4258.55017,10.865,0.029
4274.51409,10.745,0.031
4278.48895,10.794,0.03
4283.48703,10.874,0.036
4285.50515,10.84,0.035
4290.47151,10.858,0.03
4293.46594,10.852,0.027
4295.47217,10.836,0.029
4297.4748,10.867,0.032
4300.46571,10.846,0.033
4350.90908,10.8,0.038
4364.87113,10.839,0.032
4368.88618,10.876,0.035
4372.87779,10.876,0.034
4376.87749,10.842,0.032
4380.86532,10.82,0.037
4384.85535,10.86,0.037
4388.86787,10.902,0.031
4392.84784,10.877,0.035
4403.83437,10.802,0.031
4407.86328,10.785,0.033
4411.81469,10.809,0.035
4421.83618,10.975,0.033
4425.84887,10.951,0.03
4429.78268,10.947,0.033
4432.80847,10.902,0.032
4435.81752,10.848,0.029
4438.80971,10.813,0.036
4441.82621,10.801,0.029
4448.7739,10.916,0.03
4457.75071,10.946,0.033
4463.73414,10.956,0.029
4466.73187,10.946,0.032
4472.78831,10.893,0.043
4476.71399,10.877,0.044
4478.76961,10.916,0.036
4485.68326,10.854,0.036
4487.73536,10.838,0.034
4489.79186,10.843,0.031
4492.65753,10.823,0.028
4497.82104,10.829,0.029
4500.6475,10.831,0.043
4502.79316,10.91,0.034
4505.628,10.935,0.033
4507.68476,10.962,0.032
4509.76221,10.962,0.033
4512.61022,10.898,0.036
4515.76197,10.881,0.038
4518.59313,10.819,0.03
4520.64526,10.821,0.029
4522.63796,10.774,0.033
4524.6577,10.737,0.03
4526.67133,10.77,0.032
4528.72204,10.786,0.033
4530.81834,10.769,0.028
4536.68832,10.827,0.028
4538.73093,10.822,0.036
4540.78772,10.847,0.035
4546.70915,10.833,0.033
4548.71994,10.84,0.033
4551.65241,10.892,0.03
4555.69818,10.873,0.032
4557.75024,10.881,0.03
4560.57419,10.852,0.029
4562.62207,10.853,0.031
4564.70732,10.822,0.032
4566.69121,10.822,0.033
4568.70225,10.78,0.031
4570.72258,10.754,0.028
4572.63859,10.799,0.034
4574.65461,10.785,0.034
4580.63019,10.785,0.031
4583.68695,10.781,0.032
4587.58379,10.831,0.035
4589.60272,10.838,0.03
4591.63175,10.822,0.031
4594.52512,10.844,0.03
4596.53147,10.841,0.03
4600.54826,10.835,0.029
4602.57885,10.81,0.035
4607.48216,10.808,0.031
4609.53234,10.767,0.032
4611.59537,10.802,0.034
4616.59909,10.773,0.036
4620.51351,10.834,0.031
4623.51191,10.827,0.031
4626.49834,10.832,0.029
4630.54424,10.859,0.032
4633.50833,10.872,0.035
4641.48352,10.878,0.033
4643.49346,10.911,0.038
4645.50273,10.858,0.031
4647.51924,10.858,0.041
4653.47475,10.807,0.032
4655.47906,10.838,0.036
4666.46142,10.805,0.031
4729.88278,10.942,0.039
4743.88282,10.933,0.031
4747.86362,10.871,0.03
4755.84902,10.925,0.033
4759.83497,10.954,0.033
4763.83039,10.978,0.033
4767.82227,10.98,0.03
4770.84781,11.069,0.031
4774.80612,10.95,0.032
4778.79444,10.874,0.031
4782.84111,10.812,0.033
4786.82511,10.792,0.031
4792.84797,10.847,0.029
4796.82076,10.858,0.031
4802.79432,10.955,0.033
4805.81669,10.958,0.027
4808.82657,10.984,0.029
4812.80357,10.99,0.033
4815.78137,10.932,0.031
4819.78081,10.877,0.029
4822.76014,10.871,0.032
4825.75379,10.85,0.031
4831.73508,10.856,0.029
4834.72127,10.848,0.031
4837.71544,10.89,0.038
4842.80043,10.892,0.033
4848.68716,10.875,0.029
4850.75251,10.913,0.029
4853.72873,10.893,0.031
4856.72448,10.911,0.03
4860.66934,10.938,0.03
4862.75998,10.905,0.033
4865.68506,10.863,0.038
4868.66009,10.841,0.031
4870.75261,10.839,0.03
4872.81004,10.843,0.036
4877.78478,10.845,0.03
4883.61091,10.867,0.031
4885.80087,10.931,0.043
4888.64145,10.926,0.041
4893.62208,10.923,0.042
4908.69959,10.742,0.043
4917.54807,10.81,0.041
4919.63949,10.82,0.04
5021.48115,10.842,0.044
5087.89361,10.83,0.042
5129.84032,10.77,0.046
