1868.81609,13.514,0.064
1870.75092,13.292,0.07
1871.85978,13.372,0.071
1873.75537,13.186,0.068
1875.74394,13.182,0.07
1877.74209,13.026,0.06
1879.73896,13.124,0.057
1880.85954,12.901,0.063
1884.75625,13.002,0.051
1885.82479,13.013,0.047
1887.72049,13.021,0.051
1889.71187,12.978,0.062
1899.7499,12.852,0.044
1900.75994,12.85,0.046
1902.74617,12.701,0.047
1903.76925,12.76,0.048
1904.76054,12.704,0.056
1905.75288,12.778,0.054
1906.74859,12.793,0.048
1907.7535,12.713,0.047
1908.74547,12.751,0.048
1913.71783,12.656,0.04
1915.72926,12.569,0.049
1918.72973,12.667,0.046
1919.76469,12.625,0.047
1920.71643,12.775,0.043
1921.71288,12.592,0.048
1922.71214,12.759,0.049
1924.70188,12.709,0.051
1925.70501,12.548,0.057
1926.69917,12.718,0.045
1928.70099,12.706,0.047
1929.69627,12.703,0.047
1930.69683,12.789,0.045
1931.69157,12.804,0.046
1932.68713,12.824,0.046
1933.68718,12.759,0.049
1934.68598,12.774,0.045
1936.66001,12.915,0.045
1937.69829,12.897,0.046
1939.64014,12.964,0.045
1946.68053,13.209,0.049
1948.61359,13.298,0.053
1949.66808,13.448,0.065
1950.64542,13.3,0.068
1952.64282,13.449,0.06
1953.65218,13.592,0.05
1955.63826,13.73,0.051
1961.62838,13.786,0.054
1964.63042,13.831,0.051
1984.57614,13.45,0.063
2027.5126,13.085,0.054
2031.46965,12.964,0.051
2033.4882,13.092,0.052
2053.47117,12.459,0.066
2057.49736,12.494,0.061
2059.50505,12.56,0.07
2064.50504,12.678,0.049
2068.48832,12.827,0.041
2085.47849,13.529,0.052
2171.8963,12.996,0.063
2173.88039,12.975,0.067
2183.88528,12.958,0.051
2185.8531,12.715,0.056
2189.88756,12.73,0.055
2191.84755,12.851,0.058
2193.84588,12.726,0.062
2198.82626,12.784,0.064
2200.83162,12.889,0.066
2202.81667,12.8,0.058
2212.79118,13.559,0.057
2214.7832,13.752,0.059
2217.79586,13.468,0.057
2226.76887,13.593,0.056
2232.83647,13.518,0.057
2236.7557,13.517,0.06
2440.45644,13.39,0.051
2443.46342,13.503,0.046
2454.47414,13.344,0.057
2466.45419,13.189,0.055
2470.45759,13.144,0.059
2559.84835,14.347,0.048
2562.82298,13.917,0.05
2609.84452,13.324,0.056
2610.69044,13.36,0.065
2610.70156,13.216,0.064
2611.61915,12.999,0.055
2611.62803,13.35,0.056
2611.67242,13.259,0.051
2611.69685,13.379,0.049
2611.71021,13.321,0.046
2611.71686,13.489,0.045
2611.71909,13.449,0.047
2611.74351,13.637,0.047
2611.75237,13.456,0.046
2611.7546,13.375,0.046
2611.76791,13.375,0.047
2611.77234,13.622,0.059
2611.77679,13.61,0.059
2611.77901,13.597,0.059
2611.78345,13.529,0.058
2611.78567,13.501,0.059
2611.78788,13.566,0.057
2611.79011,13.53,0.058
2611.79233,13.582,0.059
2611.79455,13.566,0.06
2611.79677,13.692,0.059
2611.79898,13.612,0.058
2611.80122,13.642,0.057
2611.80343,13.804,0.059
2611.81231,13.524,0.057
2611.81453,13.674,0.057
2611.81675,13.499,0.056
2611.81897,13.527,0.056
2611.82121,13.566,0.058
2611.82342,13.333,0.057
2611.82564,13.263,0.059
2611.84877,13.53,0.05
2611.85321,13.378,0.052
2611.8555,13.536,0.051
2611.85771,13.396,0.051
2611.85994,13.339,0.052
2611.86216,13.219,0.051
2611.86438,13.299,0.053
2611.86659,13.265,0.056
2613.64461,13.524,0.052
2613.65792,13.517,0.051
2613.66014,13.507,0.052
2613.66236,13.28,0.051
2613.66461,13.554,0.05
2613.66683,13.442,0.05
2613.66905,13.362,0.049
2613.6735,13.496,0.049
2613.67573,13.484,0.051
2613.68016,13.36,0.048
2613.68238,13.545,0.048
2613.6846,13.214,0.049
2613.68905,13.376,0.047
2613.6913,13.504,0.048
2613.69352,13.336,0.049
2613.69573,13.287,0.049
2613.69795,13.335,0.047
2613.70017,13.286,0.049
2613.7024,13.422,0.049
2613.70462,13.625,0.049
2613.70684,13.339,0.048
2613.70906,13.49,0.048
2613.71127,13.356,0.048
2613.7135,13.501,0.049
2613.71572,13.527,0.048
2613.72016,13.555,0.048
2613.72239,13.561,0.049
2613.72461,13.616,0.05
2613.72682,13.379,0.05
2613.72904,13.5,0.049
2613.73126,13.489,0.053
2613.73349,13.537,0.051
2613.73571,13.328,0.051
2613.73792,13.667,0.05
2613.74014,13.481,0.05
2613.74236,13.671,0.049
2613.74681,13.418,0.049
2613.74904,13.509,0.05
2613.75128,13.507,0.05
2613.7535,13.179,0.051
2613.75573,13.251,0.051
2613.76018,13.469,0.05
2614.65473,13.277,0.05
2614.65696,13.361,0.05
2614.66139,13.184,0.049
2614.66361,13.263,0.049
2614.66583,13.309,0.048
2614.66806,13.237,0.048
2614.67028,13.129,0.046
2614.6725,13.225,0.046
2614.67695,13.276,0.047
2614.67917,13.262,0.046
2614.6814,13.357,0.046
2614.68361,13.394,0.046
2614.68585,13.332,0.046
2614.68808,13.343,0.046
2614.6903,13.438,0.047
2614.69251,13.34,0.046
2614.69473,13.39,0.046
2614.69696,13.352,0.046
2614.69917,13.382,0.046
2614.70139,13.442,0.047
2614.70361,13.449,0.048
2614.70582,13.338,0.046
2614.70806,13.459,0.047
2614.71027,13.487,0.048
2614.71249,13.468,0.046
2614.71471,13.48,0.046
2614.71915,13.359,0.047
2614.72137,13.445,0.045
2614.72359,13.536,0.045
2614.72581,13.475,0.045
2614.72803,13.412,0.045
2614.73026,13.248,0.047
2614.73247,13.235,0.045
2614.73691,13.327,0.045
2614.73912,13.368,0.047
2614.74134,13.376,0.046
2614.74357,13.484,0.045
2614.74579,13.414,0.046
2614.74801,13.422,0.046
2614.75023,13.398,0.045
2614.75246,13.502,0.047
2614.75469,13.368,0.047
2614.75691,13.323,0.049
2614.75916,13.36,0.05
2614.76138,13.233,0.05
2614.7636,13.45,0.049
2614.76584,13.442,0.05
2614.76806,13.356,0.048
2614.77028,13.252,0.05
2614.7725,13.367,0.05
2614.77473,13.349,0.05
2614.77695,13.319,0.051
2614.77917,13.356,0.051
2614.78138,13.395,0.051
2614.7836,13.484,0.051
2614.78583,13.384,0.051
2614.78805,13.345,0.05
2614.79027,13.55,0.051
2614.79249,13.385,0.05
2614.79474,13.421,0.051
2614.79697,13.404,0.051
2614.80365,13.224,0.051
2614.80586,13.27,0.052
2614.80808,13.195,0.051
2614.8103,13.288,0.051
2614.81252,13.204,0.051
2614.81475,13.258,0.051
2614.81697,13.352,0.052
2614.81918,13.23,0.051
2614.82142,13.277,0.052
2614.82364,13.336,0.052
2614.82585,13.214,0.052
2614.82807,13.27,0.05
2614.83029,13.35,0.051
2614.83252,13.463,0.052
2614.83473,13.464,0.05
2614.83695,13.365,0.051
2614.83918,13.374,0.051
2614.84139,13.358,0.052
2614.84362,13.26,0.052
2614.84584,13.193,0.052
2614.84805,13.166,0.05
2614.85028,13.171,0.05
2614.8525,13.269,0.05
2614.85473,13.395,0.051
2614.85695,13.299,0.051
2614.86142,13.346,0.053
2614.86364,13.16,0.053
2615.60868,13.2,0.054
2615.6109,13.327,0.053
2615.61311,13.277,0.053
2615.61534,13.397,0.055
2615.61755,13.298,0.054
2615.61977,13.303,0.055
2615.62199,13.19,0.054
2615.6242,13.282,0.055
2615.62642,13.27,0.055
2615.62865,13.248,0.053
2615.63086,13.135,0.054
2615.63309,13.249,0.052
2615.6353,13.199,0.055
2615.63752,13.201,0.052
2615.63975,13.181,0.052
2615.64197,13.11,0.052
2615.64866,13.078,0.052
2615.65088,13.186,0.051
2615.6531,13.199,0.052
2615.65532,13.299,0.052
2615.65755,13.199,0.052
2615.65977,13.208,0.051
2615.662,13.156,0.049
2615.66423,13.218,0.048
2615.66645,13.093,0.048
2615.66866,13.234,0.047
2615.67088,13.266,0.047
2615.6731,13.177,0.047
2615.67531,13.217,0.047
2615.67755,13.27,0.047
2615.67977,13.334,0.047
2615.68199,13.353,0.045
2615.6842,13.298,0.049
2615.68865,13.181,0.048
2615.69308,13.332,0.045
2615.6953,13.352,0.045
2615.69751,13.436,0.045
2615.69974,13.366,0.044
2615.70196,13.304,0.044
2615.70417,13.198,0.045
2615.70639,13.334,0.046
2615.70861,13.215,0.046
2615.71082,13.224,0.045
2615.71305,13.178,0.047
2615.71527,13.242,0.048
2615.72194,13.247,0.048
2615.72416,13.273,0.045
2615.72638,13.255,0.044
2615.7286,13.374,0.043
2615.73082,13.295,0.045
2615.73304,13.181,0.046
2615.73526,13.496,0.047
2615.73749,13.271,0.045
2615.7397,13.27,0.045
2615.74192,13.307,0.045
2615.74415,13.224,0.044
2615.74637,13.341,0.044
2615.74859,13.223,0.044
2615.75081,13.274,0.043
2615.75302,13.314,0.044
2615.75526,13.341,0.044
2615.75748,13.302,0.044
2615.7597,13.367,0.05
2615.76193,13.307,0.046
2615.76416,13.316,0.05
2615.76638,13.443,0.05
2615.76861,13.494,0.048
2615.77307,13.2,0.049
2615.77529,13.479,0.048
2615.77752,13.219,0.06
2615.77974,13.225,0.048
2615.78418,13.329,0.044
2615.78639,13.293,0.046
2615.78862,13.492,0.045
2615.79752,13.1,0.049
2615.79974,13.349,0.048
2615.80418,13.395,0.048
2615.80641,13.4,0.045
2615.81972,13.137,0.052
2615.82194,13.22,0.049
2615.82415,13.331,0.045
2615.82637,13.341,0.044
2615.82859,13.326,0.044
2615.83082,13.199,0.045
2615.83304,13.193,0.045
2615.83527,13.149,0.045
2615.83749,13.232,0.043
2615.83972,13.184,0.044
2615.84194,13.344,0.045
2615.84652,13.296,0.046
2615.84873,13.265,0.046
2615.85095,13.288,0.046
2617.60339,13.05,0.06
2617.60562,13.254,0.057
2617.60783,13.187,0.057
2617.61005,13.088,0.056
2617.61227,13.211,0.057
2617.6167,13.164,0.055
2617.61893,13.014,0.056
2617.62115,13.127,0.055
2617.62337,13.082,0.055
2617.62559,13.102,0.055
2617.62782,13.142,0.054
2617.63005,13.114,0.055
2617.63229,13.205,0.054
2617.63452,13.162,0.054
2617.63674,13.098,0.054
2617.63896,13.094,0.053
2617.6412,13.014,0.053
2617.64342,13.114,0.052
2617.64564,13.151,0.052
2617.64786,13.221,0.05
2617.6501,13.132,0.05
2617.65232,13.145,0.049
2617.65454,13.186,0.051
2617.65675,13.1,0.05
2617.65897,13.107,0.049
2617.66121,13.109,0.049
2617.66342,13.212,0.048
2617.66565,13.177,0.048
2617.66787,13.233,0.048
2617.6701,13.13,0.048
2617.67232,13.208,0.048
2617.67454,13.21,0.047
2617.67676,13.32,0.046
2617.6812,13.326,0.046
2617.68343,13.281,0.047
2617.68564,13.271,0.046
2617.68786,13.354,0.046
2617.69009,13.332,0.046
2617.6923,13.373,0.045
2617.69452,13.445,0.046
2617.69675,13.223,0.045
2617.69897,13.372,0.045
2617.7012,13.336,0.046
2617.70342,13.232,0.047
2617.70564,13.227,0.046
2617.70786,13.266,0.047
2617.71009,13.299,0.046
2617.7123,13.26,0.045
2617.71452,13.282,0.045
2617.71675,13.239,0.045
2617.71898,13.259,0.045
2617.72119,13.328,0.045
2617.72341,13.251,0.046
2617.72563,13.295,0.045
2617.72785,13.147,0.045
2617.73006,13.106,0.046
2617.73229,13.06,0.045
2617.73451,13.295,0.045
2617.73673,13.245,0.045
2617.73894,13.234,0.045
2617.74116,13.125,0.044
2617.74339,13.376,0.045
2617.74561,13.272,0.045
2617.74782,13.159,0.045
2617.75004,13.292,0.045
2617.75452,13.29,0.044
2617.75674,13.388,0.046
2617.75895,13.288,0.046
2617.76119,13.39,0.047
2617.76341,13.426,0.046
2617.76563,13.374,0.046
2617.76787,13.382,0.045
2617.77009,13.287,0.046
2617.77232,13.4,0.046
2617.77454,13.382,0.047
2617.77677,13.111,0.047
2617.78342,13.171,0.047
2617.78565,13.145,0.047
2617.78788,13.262,0.046
2617.7901,13.22,0.047
2617.79232,13.058,0.048
2617.79454,13.139,0.046
2617.79677,13.231,0.047
2617.79899,13.318,0.047
2617.80121,13.319,0.046
2617.80342,13.289,0.046
2617.80788,13.065,0.046
2617.8101,13.192,0.046
2617.81232,13.193,0.045
2617.81454,13.337,0.046
2617.81677,13.213,0.045
2617.8212,13.205,0.045
2617.82342,13.081,0.044
2617.82564,13.258,0.046
2617.83008,13.175,0.045
2617.8323,13.175,0.045
2617.83452,13.128,0.045
2617.83673,13.061,0.046
2617.83895,13.206,0.045
2617.84118,13.163,0.046
2617.8434,13.071,0.046
2617.84562,13.223,0.046
2617.84784,13.229,0.049
2617.85007,13.05,0.049
2617.85229,13.377,0.05
2617.85451,13.034,0.048
2617.85672,13.182,0.049
2617.85894,13.131,0.049
2617.86118,13.345,0.049
2618.60131,13.042,0.058
2618.60353,13.071,0.059
2618.60576,13.092,0.06
2618.60797,13.082,0.058
2618.61019,13.057,0.058
2618.61241,12.99,0.058
2618.61463,13.091,0.059
2618.61684,13.149,0.058
2618.6235,13.094,0.057
2618.62573,13.18,0.057
2618.62794,13.222,0.056
2618.63017,13.179,0.057
2618.63239,12.99,0.056
2618.63461,13.073,0.056
2618.63682,12.975,0.056
2618.63904,12.953,0.056
2618.64127,13.052,0.056
2618.64348,12.895,0.055
2618.6457,12.915,0.054
2618.64794,13.138,0.054
2618.65017,12.975,0.054
2618.65461,13.387,0.052
2618.67014,13.391,0.051
2618.67238,13.1,0.05
2618.67685,13.167,0.049
2618.68128,13.125,0.05
2618.68572,13.089,0.049
2618.68795,13.108,0.049
2618.69017,13.271,0.048
2618.69239,13.208,0.05
2618.6946,13.408,0.049
2618.69684,13.259,0.05
2618.69905,13.302,0.05
2618.70127,13.045,0.049
2618.70349,12.995,0.048
2618.70793,13.089,0.049
2618.71682,13.409,0.049
2618.72126,13.082,0.047
2618.72348,13.338,0.049
2618.7257,13.266,0.048
2618.72792,13.385,0.048
2618.73015,13.199,0.047
2618.73236,13.122,0.048
2618.73459,13.161,0.048
2618.73902,12.925,0.048
2618.74125,13.008,0.047
2618.74569,12.983,0.047
2618.7479,13.11,0.047
2618.75012,13.349,0.047
2618.75457,13.257,0.048
2618.75901,13.021,0.051
2618.76126,13.142,0.05
2618.76348,13.048,0.049
2618.79463,13.025,0.049
2618.80795,13.108,0.051
2618.81017,13.02,0.05
2618.81239,13.037,0.049
2618.81462,13.183,0.049
2618.81684,12.849,0.049
2618.81906,12.906,0.049
2618.82128,12.872,0.05
2618.82349,13.152,0.05
2618.82573,13.213,0.051
2618.82794,13.112,0.048
2618.83016,13.206,0.047
2618.84135,13.058,0.048
2618.84357,13.073,0.048
2618.8458,12.929,0.048
2618.84802,13.048,0.048
2618.85024,12.997,0.048
2618.85467,13.115,0.048
2618.85691,13.009,0.049
2619.59866,13.026,0.065
2619.60311,13.007,0.065
2619.60532,13.063,0.063
2619.60754,13.111,0.064
2619.60976,13.122,0.064
2619.61197,13.052,0.064
2619.61642,13.109,0.063
2619.61863,13.049,0.063
2619.62085,13.134,0.063
2619.62307,13.053,0.063
2619.6253,13.148,0.062
2619.63199,13.171,0.061
2619.63864,13.13,0.059
2619.64085,13.189,0.059
2619.64309,12.97,0.059
2619.64752,13.146,0.058
2619.64974,13.235,0.058
2619.65196,13.13,0.058
2619.65864,12.974,0.056
2619.66085,12.892,0.054
2619.66307,12.917,0.055
2619.6653,12.972,0.054
2619.66752,12.93,0.054
2619.67641,12.897,0.053
2619.68979,13.108,0.052
2619.69645,13.064,0.05
2619.69867,13.142,0.051
2619.70089,12.992,0.05
2619.70311,12.92,0.051
2619.70532,13.106,0.049
2619.70754,12.931,0.05
2619.7231,12.985,0.049
2619.72753,12.912,0.05
2619.74533,13.042,0.048
2619.752,13.125,0.05
2619.76978,13.072,0.055
2619.83203,12.944,0.058
2619.8498,12.942,0.056
2619.85203,12.811,0.058
2619.85647,12.977,0.059
2621.85038,13.083,0.04
2623.79302,13.172,0.036
2625.7855,13.102,0.037
2635.74869,13.35,0.041
2637.76755,13.413,0.036
2639.7926,13.283,0.039
2642.72134,13.329,0.037
2644.7563,13.278,0.04
2646.73809,13.47,0.037
2649.7254,13.251,0.035
2651.69533,13.507,0.035
2655.7495,13.572,0.037
2660.70983,13.498,0.038
2662.70685,13.267,0.037
2664.69828,13.444,0.034
2666.69587,13.542,0.034
2672.70253,13.767,0.035
2674.68357,13.769,0.036
2678.65541,13.896,0.034
2681.7791,13.858,0.04
2683.69607,13.764,0.037
2690.72248,14.175,0.047
2692.77919,14.071,0.04
2696.71541,14.237,0.04
2698.71067,14.068,0.037
2700.6939,13.785,0.038
2704.66149,13.998,0.04
2706.64048,13.722,0.037
2709.68191,13.913,0.041
2727.64627,14.049,0.04
2732.72267,14.022,0.044
2734.58091,13.709,0.041
2736.55158,13.485,0.039
2739.671,13.639,0.044
2741.62674,13.302,0.037
2744.62137,13.391,0.035
2747.66664,13.245,0.037
2751.56072,13.175,0.035
2754.56146,13.291,0.037
2756.56095,13.274,0.033
2760.57001,13.137,0.036
2762.5661,13.19,0.038
2764.55068,13.255,0.036
2766.6083,13.31,0.035
2770.60289,13.279,0.038
2783.50664,13.081,0.044
2785.51069,13.046,0.039
2787.51054,13.039,0.036
2790.54229,13.24,0.038
2796.46944,13.481,0.044
2809.53656,13.445,0.035
2811.53501,13.552,0.033
2813.53352,13.58,0.033
2886.90594,13.463,0.041
2894.90428,13.441,0.04
2899.89174,13.307,0.036
2906.89088,13.091,0.036
2910.88809,13.198,0.037
2916.84473,13.227,0.037
2922.82867,13.266,0.036
2925.87054,13.268,0.036
2931.8487,13.319,0.038
2934.83828,13.546,0.037
2940.79947,13.841,0.039
2942.84468,14.004,0.036
2952.79622,13.712,0.046
2998.8085,14.27,0.036
3008.7576,14.168,0.037
3010.77018,13.981,0.035
3013.7016,13.753,0.035
3018.77017,13.65,0.038
3023.75953,13.505,0.037
3030.75783,13.423,0.033
3033.65866,13.593,0.036
3039.82449,13.189,0.038
3045.62259,13.618,0.037
3048.67329,13.413,0.037
3053.70202,13.447,0.036
3055.77057,13.546,0.038
3058.59146,13.447,0.035
3060.65656,13.439,0.034
3067.73099,13.516,0.035
3069.73471,13.518,0.037
3071.75074,13.548,0.035
3073.80179,13.391,0.037
3076.6096,13.451,0.033
3078.60779,13.439,0.035
3086.65284,13.522,0.035
3090.66592,13.725,0.039
3092.65808,13.662,0.034
3096.64473,13.76,0.035
3098.65975,13.922,0.037
3100.68895,13.765,0.035
3102.68312,13.928,0.036
3106.68889,14.025,0.038
3112.7014,14.338,0.034
3118.65353,14.032,0.037
3156.55921,14.131,0.038
3163.5056,13.804,0.035
3165.52542,13.732,0.038
3168.52719,13.83,0.034
3171.55817,13.889,0.039
3176.45791,13.276,0.034
3179.49458,13.385,0.037
3187.47744,13.372,0.038
3357.77794,13.697,0.048
3363.76186,13.441,0.057
3367.71041,13.605,0.055
3373.7863,13.543,0.062
3387.68668,14.037,0.049
3389.73216,13.902,0.051
3391.78734,13.782,0.049
3394.79485,13.995,0.047
3397.65215,13.83,0.045
3399.71252,13.981,0.048
3404.72734,13.935,0.05
3406.77396,13.713,0.046
3411.67384,13.746,0.047
3415.74057,13.487,0.048
3419.80842,13.623,0.062
3427.80712,13.255,0.054
3431.77069,13.581,0.054
3437.56329,13.603,0.05
3440.59434,13.357,0.047
3443.63222,13.271,0.051
3445.6189,13.475,0.056
3447.62357,13.427,0.052
3452.56892,13.255,0.067
3455.68569,13.349,0.073
3457.68791,13.217,0.041
3459.67002,13.23,0.045
3463.74117,13.371,0.042
3466.5412,13.125,0.053
3471.55437,13.059,0.043
3473.54947,13.211,0.044
3477.65206,12.896,0.072
3481.62895,13.066,0.056
3483.65,13.331,0.07
3487.65012,13.06,0.044
3490.65282,13.253,0.041
3492.64983,13.157,0.053
3499.65496,13.316,0.045
3502.49996,13.326,0.045
3509.56176,13.648,0.04
3512.56105,13.606,0.053
3516.56575,13.552,0.065
3520.55212,14.01,0.042
3526.58697,13.813,0.045
3529.49618,13.803,0.051
3539.50453,13.727,0.062
3543.49101,13.489,0.047
3547.49099,13.67,0.039
3554.49616,13.509,0.04
3558.47846,13.807,0.042
3561.46397,13.528,0.042
3564.4714,13.443,0.043
3631.88863,13.125,0.042
3636.89269,13.04,0.044
3641.87206,13.034,0.045
3654.85114,13.347,0.053
3657.8539,13.196,0.048
3660.8619,13.393,0.057
3664.83367,13.349,0.06
3668.86514,13.558,0.042
3672.82285,13.757,0.044
3699.78184,13.944,0.057
3703.76739,13.893,0.059
3707.76515,14.242,0.047
3715.79669,14.191,0.062
3734.76498,13.497,0.051
3737.73993,13.974,0.047
3740.70912,13.849,0.045
3743.70887,13.683,0.051
3745.79131,13.471,0.045
3748.69875,13.441,0.053
3751.68881,13.42,0.05
3753.78581,13.433,0.053
3755.82697,13.588,0.044
3758.67332,13.394,0.054
3760.75196,13.449,0.046
3763.66219,13.206,0.057
3765.78095,13.494,0.047
3768.65222,13.518,0.045
3773.63407,13.361,0.052
3775.68359,13.23,0.048
3787.73754,13.121,0.047
3789.78641,12.942,0.049
3792.63205,12.959,0.049
3794.68625,13.045,0.041
3796.7097,13.061,0.041
3798.78185,13.259,0.045
3801.58858,13.082,0.049
3803.70205,13.068,0.048
3805.7017,13.456,0.051
3808.69759,13.498,0.066
3810.74903,13.387,0.062
3812.80251,13.296,0.043
3817.59556,13.837,0.06
3819.62386,13.762,0.05
3821.67892,13.744,0.053
3825.70114,14.253,0.045
3828.52999,13.918,0.072
3830.59629,13.655,0.042
3832.6111,13.712,0.045
3834.60262,13.698,0.043
3836.63656,13.881,0.061
3850.61642,13.55,0.045
3852.61163,13.416,0.04
3854.62266,13.592,0.047
3859.65694,13.569,0.067
3861.62267,13.682,0.049
3865.62994,13.632,0.048
3868.52716,13.501,0.042
3870.52979,13.573,0.04
3872.5469,13.584,0.051
3876.55157,13.452,0.049
3882.5078,13.409,0.054
3886.51675,13.289,0.044
3890.54265,13.167,0.055
3892.54916,13.147,0.062
3896.55003,13.412,0.043
3899.49954,13.337,0.047
3901.53079,13.286,0.044
3903.55095,13.421,0.042
3905.54435,13.412,0.046
3908.47897,13.281,0.041
4089.72457,13.346,0.053
4103.80309,13.499,0.043
4106.71444,13.333,0.039
4109.77082,13.263,0.046
4125.6665,13.598,0.045
4127.71325,13.672,0.042
4129.71218,13.845,0.04
4131.75215,13.757,0.049
4133.78209,13.583,0.053
4140.68355,13.68,0.044
4142.71142,13.49,0.053
4144.7508,13.699,0.042
4147.608,13.689,0.044
4150.68128,13.754,0.052
4152.69135,13.95,0.045
4154.71031,14.013,0.06
4156.71193,14.034,0.047
4167.6983,14.219,0.052
4172.75331,13.955,0.042
4174.81041,13.682,0.059
4177.72019,13.812,0.062
4180.60152,13.404,0.042
4182.63425,13.518,0.045
4184.62996,13.426,0.051
4188.63115,13.319,0.038
4190.6554,13.336,0.047
4192.65815,13.246,0.041
4194.69409,13.362,0.049
4197.6887,13.126,0.043
4200.61901,13.065,0.045
4203.62693,13.027,0.043
4205.6295,12.896,0.05
4208.69404,12.834,0.061
4213.66371,12.796,0.06
4216.65505,12.811,0.05
4227.53814,13.08,0.039
4229.55524,12.995,0.042
4231.56427,12.972,0.054
4235.5664,13.128,0.045
4237.59133,13.132,0.049
4246.54163,13.336,0.041
4249.52208,13.262,0.039
4253.54482,13.478,0.049
4256.53943,13.281,0.04
4258.55017,13.356,0.047
4274.51409,13.59,0.047
4278.48895,13.86,0.042
4283.48703,13.56,0.047
4285.50515,13.913,0.049
4293.46594,13.826,0.04
4295.47217,14.032,0.043
4297.4748,13.805,0.046
4300.46571,14.091,0.048
4350.90908,12.854,0.057
4364.87113,12.842,0.044
4368.88618,12.884,0.047
4372.87779,12.998,0.048
4376.87749,13.174,0.046
4380.86532,13.495,0.052
4384.85535,13.216,0.049
4388.86787,13.241,0.041
4392.84784,13.393,0.057
4403.83437,13.748,0.046
4407.86328,13.659,0.044
4411.81469,13.678,0.056
4421.83618,14.001,0.048
4425.84887,13.824,0.045
4429.78268,14.012,0.044
4432.80847,13.545,0.043
4435.81752,13.339,0.043
4438.80971,13.301,0.046
4441.82621,13.695,0.043
4448.7739,13.561,0.049
4457.75071,13.606,0.051
4463.73414,13.467,0.043
4466.73187,13.539,0.051
4472.78831,13.601,0.047
4476.71399,13.459,0.054
4478.76961,13.264,0.044
4485.68326,13.099,0.047
4487.73536,12.968,0.063
4489.79186,13.167,0.043
4492.65753,12.876,0.041
4497.82104,13.028,0.05
4500.6475,12.947,0.055
4502.79316,13.04,0.042
4505.628,13.081,0.046
4507.68476,12.881,0.049
4509.76221,12.92,0.045
4512.61022,12.911,0.049
4515.76197,12.904,0.046
4518.59313,12.921,0.04
4520.64526,12.997,0.04
4522.63796,13.171,0.044
4524.6577,12.985,0.042
4526.67133,13.214,0.042
4528.72204,13.106,0.045
4530.81834,13.338,0.041
4536.68832,13.693,0.046
4538.73093,13.635,0.058
4551.65241,14.25,0.044
4555.69818,14.152,0.042
4560.57419,13.998,0.04
4562.62207,13.625,0.044
4564.70732,13.656,0.057
4566.69121,13.919,0.041
4568.70225,13.591,0.042
4570.72258,13.688,0.048
4572.63859,13.507,0.044
4574.65461,13.54,0.047
4580.63019,13.269,0.04
4583.68695,13.224,0.045
4587.58379,13.018,0.047
4589.60272,13.042,0.043
4591.63175,13.182,0.042
4594.52512,13.232,0.043
4596.53147,13.229,0.04
4600.54826,13.449,0.046
4602.57885,13.425,0.044
4607.48216,13.418,0.041
4609.53234,13.661,0.053
4611.59537,13.482,0.049
4616.59909,13.355,0.045
4620.51351,13.136,0.044
4623.51191,13.043,0.049
4626.49834,13.022,0.041
4630.54424,13.028,0.043
4633.50833,12.97,0.046
4641.48352,12.51,0.051
4643.49346,12.525,0.066
4645.50273,12.511,0.052
4647.51924,12.676,0.05
4653.47475,12.614,0.046
4655.47906,12.494,0.055
4666.46142,13.67,0.041
4729.88278,13.264,0.069
4743.88282,13.765,0.045
4747.86362,13.89,0.043
4755.84902,13.334,0.049
4759.83497,13.397,0.044
4763.83039,13.168,0.043
4767.82227,12.948,0.043
4770.84781,12.89,0.042
4774.80612,12.638,0.044
4778.79444,12.614,0.045
4782.84111,12.672,0.041
4786.82511,12.738,0.045
4792.84797,12.938,0.039
4796.82076,12.87,0.046
4802.79432,13.115,0.045
4805.81669,13.101,0.042
4808.82657,12.973,0.044
4812.80357,13.17,0.041
4815.78137,13.064,0.041
4819.78081,13.285,0.041
4822.76014,13.221,0.05
4825.75379,13.411,0.042
4831.73508,13.664,0.042
4834.72127,13.837,0.045
4837.71544,13.986,0.049
4848.68716,13.909,0.039
4850.75251,13.924,0.038
4853.72873,13.881,0.044
4856.72448,14.169,0.053
4862.75998,14.625,0.057
4868.66009,13.846,0.041
4870.75261,13.781,0.043
4872.81004,13.486,0.047
4877.78478,13.031,0.042
4883.61091,12.871,0.041
4885.80087,12.843,0.055
4888.64145,12.943,0.049
4893.62208,13.03,0.046
4908.69959,13.108,0.053
4917.54807,12.778,0.046
4919.63949,12.781,0.045
5021.48115,13.213,0.049
5087.89361,12.76,0.052
