1868.80525,12.164,0.039
1869.79828,12.241,0.04
1871.76311,12.24,0.038
1873.74876,12.323,0.039
1875.7422,12.211,0.039
1877.74037,12.246,0.036
1879.72794,12.733,0.036
1880.75543,12.234,0.042
1880.85783,12.521,0.034
1884.7546,12.219,0.033
1884.77004,12.165,0.039
1885.82084,12.204,0.033
1886.74166,12.317,0.041
1887.71184,12.244,0.035
1887.82826,12.322,0.042
1888.84961,12.165,0.036
1889.75312,12.25,0.039
1889.81535,12.299,0.035
1899.74608,12.478,0.035
1900.80871,12.202,0.039
1902.73088,12.289,0.035
1902.83799,12.192,0.041
1903.76773,12.181,0.035
1904.75905,12.238,0.034
1905.74884,12.53,0.035
1906.73781,12.313,0.037
1906.82763,12.4,0.041
1907.74968,12.236,0.034
1907.77189,12.235,0.042
1913.71115,12.194,0.031
1913.74087,12.188,0.037
1914.7206,12.218,0.033
1914.74736,12.208,0.041
1915.72037,12.246,0.034
1915.75263,12.261,0.043
1918.71888,12.809,0.037
1919.67261,12.185,0.044
1919.75845,12.291,0.036
1920.71271,12.145,0.034
1921.70914,12.293,0.036
1921.72922,12.285,0.043
1922.71068,12.217,0.035
1922.73072,12.162,0.042
1924.7004,12.267,0.035
1925.70355,12.366,0.042
1925.72365,12.429,0.042
1926.69775,12.263,0.034
1928.69954,12.213,0.034
1929.69482,12.204,0.034
1930.69311,12.207,0.034
1931.68783,12.792,0.037
1931.70798,12.684,0.049
1932.68568,12.236,0.034
1932.70584,12.215,0.041
1933.70592,12.179,0.042
1934.68223,12.249,0.034
1936.65128,12.194,0.034
1936.67635,12.149,0.041
1937.69606,12.305,0.034
1937.71395,12.286,0.041
1939.63183,12.233,0.037
1939.66988,12.159,0.042
1940.70259,12.289,0.035
1941.65127,12.178,0.042
1941.69771,12.275,0.037
1946.67823,12.153,0.035
1948.61128,12.131,0.038
1949.6552,12.103,0.052
1950.6439,12.435,0.052
1952.63901,12.161,0.047
1953.64837,12.254,0.041
1954.6426,12.182,0.04
1955.63672,12.226,0.041
1958.62052,12.148,0.042
1959.63275,12.175,0.039
1963.60979,12.468,0.041
1964.62204,12.123,0.039
1966.61503,12.079,0.043
1967.60983,12.203,0.043
1968.60727,12.041,0.045
1979.57679,12.322,0.05
1979.59738,12.2,0.058
1982.54575,12.285,0.046
1984.59049,12.212,0.057
1985.57614,12.066,0.05
2025.46593,12.189,0.037
2027.52372,12.284,0.04
2033.49473,12.228,0.04
2053.47975,12.242,0.037
2055.50532,12.29,0.042
2057.50588,12.25,0.039
2064.52085,12.286,0.039
2068.49916,12.191,0.035
2081.4886,12.246,0.052
2085.46404,12.211,0.042
2171.89365,12.241,0.041
2173.87776,12.274,0.039
2183.87812,12.29,0.038
2185.85063,12.214,0.039
2189.88514,12.245,0.042
2191.84512,12.306,0.036
2193.84351,12.731,0.04
2196.83088,12.167,0.044
2198.82396,12.279,0.042
2200.82934,12.153,0.047
2212.82532,12.378,0.043
2214.78113,12.157,0.045
2217.7938,12.032,0.043
2221.8085,12.142,0.044
2224.7829,12.144,0.044
2226.76449,12.041,0.048
2232.77742,12.334,0.045
2241.74102,11.979,0.051
2249.75503,12.327,0.056
2440.4648,12.175,0.039
2443.47179,12.137,0.041
2456.45755,12.214,0.045
2466.45802,12.171,0.047
2545.84989,12.556,0.038
2552.83151,12.35,0.033
2552.86443,12.693,0.033
2557.83001,12.154,0.041
2559.87762,12.16,0.041
2561.86799,12.166,0.032
2562.85222,12.196,0.041
2565.84404,12.413,0.041
2578.82008,12.265,0.047
2578.84453,12.544,0.042
2621.83263,12.109,0.036
2622.70342,12.231,0.035
2624.7674,12.05,0.04
2625.77703,12.138,0.035
2627.79308,12.143,0.038
2628.74944,12.19,0.038
2629.78763,12.264,0.038
2632.80157,12.071,0.035
2634.79035,12.124,0.042
2635.74256,12.152,0.043
2636.82935,12.31,0.043
2637.75912,12.105,0.035
2639.73954,12.182,0.035
2642.71234,12.291,0.039
2642.75067,12.119,0.041
2644.7548,12.034,0.037
2644.77509,12.241,0.038
2646.7343,12.14,0.041
2646.75943,12.22,0.036
2649.72392,12.639,0.038
2649.75786,12.673,0.034
2651.69155,12.058,0.037
2651.70951,12.208,0.035
2655.74804,12.029,0.041
2655.77118,12.314,0.036
2658.71296,12.18,0.04
2662.70537,12.678,0.038
2664.6968,12.08,0.042
2664.72628,12.079,0.041
2666.6944,12.148,0.04
2670.69344,12.048,0.036
2670.73226,12.203,0.041
2672.69424,12.09,0.039
2672.73524,12.201,0.034
2674.68207,12.121,0.038
2674.72079,12.284,0.035
2676.66841,12.017,0.042
2676.70032,12.216,0.034
2678.6539,12.113,0.037
2678.68117,12.072,0.036
2679.78177,12.166,0.037
2680.68197,12.17,0.037
2681.69672,12.099,0.037
2683.68289,12.044,0.039
2683.82244,12.175,0.042
2685.69592,12.277,0.037
2688.78127,12.225,0.046
2689.67984,12.231,0.039
2690.71836,12.132,0.034
2691.6821,12.23,0.036
2692.77506,12.318,0.034
2693.69467,12.109,0.038
2694.69863,12.332,0.033
2694.85676,12.277,0.036
2696.71377,12.22,0.033
2697.60493,12.05,0.045
2698.709,12.251,0.034
2699.64504,12.177,0.046
2700.69223,12.239,0.036
2701.65454,12.399,0.04
2703.65043,12.09,0.041
2704.65976,12.161,0.034
2705.64501,12.056,0.046
2706.63874,12.12,0.037
2707.6433,12.505,0.04
2707.80873,12.251,0.036
2709.68013,12.227,0.034
2711.62444,12.173,0.043
2711.72675,12.297,0.041
2712.77324,12.194,0.033
2713.67419,12.255,0.034
2714.61805,12.261,0.036
2714.77283,12.376,0.036
2715.71597,12.151,0.039
2717.64384,12.284,0.035
2719.60686,12.135,0.035
2719.70853,12.199,0.048
2720.7317,12.262,0.037
2722.64211,12.222,0.032
2724.64003,12.211,0.033
2724.66588,12.211,0.037
2726.63844,12.172,0.034
2728.62975,12.19,0.034
2730.62575,12.258,0.034
2733.67221,12.283,0.032
2735.66807,12.238,0.032
2737.65522,12.195,0.035
2739.64547,12.121,0.038
2741.61289,12.193,0.051
2742.70271,12.157,0.037
2742.73493,12.205,0.036
2747.64959,12.272,0.035
2751.55135,12.182,0.031
2756.5515,12.169,0.032
2760.55771,12.053,0.035
2764.54113,12.162,0.035
2766.59874,12.425,0.035
2770.59576,12.245,0.034
2775.5108,12.298,0.034
2776.61213,12.261,0.035
2782.53835,12.219,0.035
2784.53871,12.257,0.036
2786.53432,12.198,0.033
2789.53039,12.179,0.037
2791.5586,12.243,0.046
2794.51527,12.23,0.041
2797.50781,12.235,0.039
2804.48468,12.559,0.039
2809.48849,12.161,0.033
2811.49955,12.625,0.032
2813.49767,13.08,0.034
2821.48704,12.176,0.034
2826.47874,12.224,0.033
2830.48022,12.401,0.034
2885.91795,12.716,0.034
2894.89446,12.189,0.035
2897.90805,12.23,0.034
2906.88575,12.133,0.033
2910.88304,12.195,0.036
2912.87604,12.167,0.038
2916.84677,12.201,0.032
2922.82629,12.194,0.033
2922.8674,12.169,0.038
2925.86818,12.236,0.038
2928.83842,12.268,0.039
2929.8592,12.293,0.039
2931.84126,12.216,0.033
2934.83606,12.203,0.032
2940.82881,12.26,0.035
2942.83782,12.279,0.034
2943.83146,12.606,0.036
2946.77276,12.166,0.033
2946.81845,12.155,0.041
2948.84284,12.096,0.035
2949.83244,12.233,0.034
2952.79154,12.219,0.034
2956.8194,12.676,0.035
2958.81219,12.21,0.033
2960.82466,12.239,0.035
2961.83738,12.252,0.034
2964.81137,12.257,0.034
2967.80825,12.251,0.031
2971.77481,12.193,0.033
2978.80983,12.204,0.031
2981.76676,12.185,0.033
2984.77785,12.174,0.033
2985.79977,12.204,0.034
2987.76595,12.222,0.031
2990.76055,12.177,0.032
2991.78743,12.205,0.034
2993.7587,12.222,0.037
2994.78425,12.173,0.04
2996.74209,12.164,0.031
3001.76417,12.291,0.035
3001.7902,12.223,0.032
3006.71447,12.215,0.032
3006.76055,12.272,0.033
3008.74611,12.864,0.035
3010.76585,12.195,0.034
3011.73152,12.206,0.035
3013.69457,12.21,0.034
3013.79324,12.227,0.035
3016.74799,12.158,0.033
3023.74484,12.226,0.039
3030.75605,12.261,0.033
3030.78788,12.136,0.036
3033.6443,12.246,0.034
3035.7045,12.199,0.032
3039.71027,12.251,0.034
3042.70155,12.334,0.034
3044.72548,12.155,0.033
3047.67075,12.391,0.033
3050.6464,12.296,0.032
3052.78528,12.222,0.032
3057.64398,12.288,0.032
3059.6887,12.194,0.031
3061.7166,12.323,0.033
3066.80435,12.301,0.034
3066.84984,12.227,0.034
3068.7088,12.249,0.034
3070.73447,12.224,0.034
3072.81985,12.358,0.04
3075.59453,12.227,0.033
3077.63454,12.238,0.037
3081.63432,12.149,0.031
3085.63809,12.304,0.033
3089.67202,12.225,0.035
3091.6533,12.263,0.032
3093.63521,12.197,0.035
3097.63572,12.28,0.034
3101.70929,12.27,0.034
3103.70777,12.162,0.034
3105.69308,12.212,0.034
3107.6969,12.207,0.033
3109.69301,12.329,0.033
3112.50346,12.207,0.031
3114.53257,12.241,0.031
3116.5663,12.238,0.034
3121.52764,12.291,0.031
3123.55252,12.215,0.033
3125.58381,12.275,0.033
3127.6125,12.17,0.038
3129.65431,12.236,0.034
3131.644,12.389,0.035
3133.64734,12.262,0.034
3145.58213,12.19,0.032
3153.49342,12.2,0.041
3159.48511,12.323,0.036
3162.52832,12.265,0.033
3164.5476,12.268,0.033
3167.55111,12.25,0.032
3171.50032,12.275,0.034
3175.50108,12.231,0.032
3177.51423,12.208,0.034
3182.49651,12.198,0.033
3186.47971,12.286,0.034
3333.83267,12.181,0.04
3357.76974,12.208,0.046
3357.79699,12.204,0.04
3363.7595,12.167,0.034
3363.78182,12.262,0.043
3374.78651,12.395,0.047
3380.82696,12.386,0.04
3383.76021,12.323,0.035
3383.79113,12.164,0.053
3386.6757,12.932,0.037
3386.70816,12.701,0.037
3388.7324,12.223,0.041
3388.77516,12.197,0.041
3391.694,12.201,0.041
3392.75391,12.184,0.039
3394.75361,12.244,0.043
3396.66108,12.224,0.037
3397.67322,12.158,0.041
3398.73093,12.198,0.044
3399.74173,12.232,0.037
3400.73762,12.297,0.042
3403.73297,12.293,0.036
3405.73697,12.213,0.037
3407.83205,12.372,0.038
3411.71224,12.129,0.044
3412.67287,12.93,0.037
3413.75118,12.307,0.039
3414.68209,12.223,0.034
3415.77117,12.239,0.039
3416.67889,12.222,0.039
3418.63349,12.376,0.044
3420.65704,12.164,0.045
3420.6812,12.208,0.04
3422.67624,12.229,0.036
3422.69749,12.22,0.04
3424.68452,12.223,0.035
3426.6858,12.244,0.033
3430.69825,12.193,0.037
3434.6879,12.226,0.041
3438.58414,12.601,0.053
3440.67065,12.268,0.032
3443.72738,12.245,0.041
3447.71706,12.194,0.037
3449.74634,12.257,0.047
3452.60036,12.239,0.04
3452.6034,12.204,0.046
3454.67075,12.293,0.033
3456.66584,12.165,0.04
3458.65147,12.43,0.04
3460.65478,12.266,0.034
3462.6619,12.264,0.043
3464.69452,12.446,0.033
3466.7026,12.227,0.037
3469.67683,12.209,0.033
3471.68779,12.827,0.033
3473.70043,12.216,0.031
3476.59649,12.324,0.033
3478.58692,12.193,0.036
3480.60921,12.238,0.033
3484.65989,12.749,0.039
3489.54813,12.247,0.036
3491.56406,12.224,0.04
3495.56229,12.253,0.037
3497.61966,12.37,0.034
3504.60707,12.222,0.04
3509.50064,12.773,0.044
3511.61961,12.223,0.032
3516.48335,12.219,0.033
3522.5174,12.676,0.038
3529.50793,12.478,0.039
3538.51316,12.104,0.035
3542.47911,12.31,0.034
3544.52992,12.232,0.037
3554.47962,12.243,0.032
3558.46973,12.26,0.033
3561.45977,12.899,0.033
3621.91198,12.311,0.047
3630.85283,12.27,0.039
3630.87936,12.123,0.047
3630.89749,12.23,0.039
3630.8996,12.22,0.042
3636.88022,12.099,0.037
3640.89084,12.245,0.036
3644.89236,12.102,0.049
3651.88748,12.102,0.045
3654.8408,12.248,0.045
3655.87356,12.321,0.044
3657.85043,12.262,0.034
3659.86062,12.226,0.046
3660.8594,12.148,0.042
3663.85163,12.169,0.046
3664.83117,12.274,0.047
3670.81396,12.207,0.034
3670.8425,12.168,0.04
3673.84659,12.29,0.04
3674.82526,12.785,0.046
3677.81882,12.288,0.034
3699.77976,12.265,0.041
3701.79719,12.309,0.044
3703.76469,12.263,0.038
3705.79228,12.317,0.048
3706.82831,12.267,0.037
3711.85272,12.161,0.033
3712.84774,12.225,0.041
3714.77389,12.184,0.039
3715.8281,12.18,0.044
3717.77446,12.204,0.042
3718.81089,12.364,0.046
3720.76284,12.276,0.049
3722.75183,12.228,0.045
3725.77965,12.307,0.042
3726.7443,12.483,0.036
3728.78045,12.239,0.044
3730.75257,12.178,0.037
3732.74029,12.651,0.041
3733.79066,12.27,0.038
3735.75929,12.144,0.042
3736.7511,12.285,0.034
3739.70775,12.268,0.034
3741.73289,12.153,0.041
3742.70037,12.179,0.036
3744.72303,12.218,0.054
3745.694,12.796,0.042
3747.7135,12.171,0.041
3747.75864,12.258,0.036
3749.80782,12.29,0.042
3750.68124,12.2,0.035
3752.75823,12.65,0.041
3752.80141,12.652,0.035
3755.68395,12.23,0.035
3755.70192,12.092,0.049
3757.73189,12.148,0.036
3757.76231,12.143,0.041
3759.78921,12.316,0.037
3760.69548,12.276,0.044
3762.69126,12.266,0.043
3762.79129,12.239,0.044
3765.65097,12.328,0.044
3765.67461,12.432,0.045
3768.64036,12.233,0.038
3768.6709,12.197,0.045
3770.70953,12.258,0.036
3770.77742,12.304,0.046
3773.65883,12.554,0.049
3775.71417,12.265,0.042
3779.73261,12.218,0.042
3780.63504,12.293,0.047
3783.69227,12.231,0.044
3787.64599,12.241,0.036
3787.69328,12.235,0.044
3789.70319,12.235,0.035
3789.74859,12.202,0.042
3791.84048,12.311,0.041
3792.64223,12.274,0.046
3794.61903,12.17,0.037
3796.64773,12.208,0.033
3798.78787,12.494,0.044
3800.68881,12.288,0.04
3801.59606,12.296,0.048
3803.61901,12.414,0.038
3805.64258,12.208,0.035
3808.65404,12.246,0.035
3810.6576,12.827,0.036
3810.75244,12.237,0.048
3812.66114,12.178,0.037
3815.57029,12.266,0.047
3818.7189,12.222,0.035
3821.68303,12.207,0.048
3823.57897,12.153,0.038
3823.69198,12.61,0.044
3825.60933,12.245,0.037
3827.65052,12.182,0.037
3827.77934,12.243,0.045
3829.72686,12.233,0.034
3830.56366,12.309,0.041
3831.69614,12.241,0.038
3833.69128,12.248,0.039
3835.68074,12.363,0.044
3837.71818,12.272,0.039
3847.56799,12.284,0.041
3849.61822,12.832,0.034
3851.62092,12.151,0.033
3853.63137,12.135,0.033
3856.53818,12.207,0.036
3860.6499,12.273,0.038
3862.58855,12.691,0.04
3864.61406,12.228,0.041
3866.62617,12.169,0.035
3869.53419,12.255,0.036
3871.53646,12.203,0.033
3875.5382,12.399,0.033
3876.61524,12.267,0.038
3877.57023,12.227,0.035
3881.53072,12.69,0.036
3886.46825,12.193,0.032
3890.51009,12.284,0.034
3892.52635,12.211,0.037
3896.52657,12.105,0.037
3898.55648,12.129,0.035
3901.50418,12.34,0.035
3903.52731,12.185,0.034
3905.52792,12.248,0.035
3908.47577,12.197,0.034
4089.79117,12.128,0.05
4090.7565,12.272,0.037
4105.71257,12.28,0.037
4107.77127,12.23,0.034
4107.81244,12.226,0.036
4111.77283,12.747,0.035
4111.81307,12.833,0.043
4125.69145,12.281,0.038
4127.6552,12.319,0.036
4127.74213,12.286,0.041
4129.74802,12.146,0.041
4131.74544,12.24,0.035
4131.82002,12.374,0.042
4133.76287,12.298,0.039
4134.66821,12.202,0.042
4135.82286,12.276,0.04
4136.73631,12.19,0.046
4139.83976,12.139,0.043
4140.76037,12.172,0.043
4142.6128,12.351,0.034
4142.78584,12.153,0.04
4144.66646,12.155,0.035
4145.63441,12.205,0.039
4146.70933,12.285,0.038
4147.70109,12.257,0.043
4149.80024,12.512,0.036
4152.58386,12.301,0.033
4152.76296,12.24,0.039
4154.64341,12.151,0.033
4154.8025,12.279,0.046
4156.65377,12.662,0.04
4157.60551,12.285,0.041
4158.66611,12.238,0.036
4159.66287,12.221,0.041
4160.68518,12.254,0.031
4161.66159,12.257,0.036
4162.68897,12.241,0.037
4163.67312,12.312,0.048
4165.69916,12.224,0.042
4167.65415,12.166,0.033
4167.80976,12.22,0.042
4172.69666,12.144,0.044
4173.63035,12.207,0.039
4174.70975,12.198,0.035
4175.63685,12.448,0.043
4176.79218,12.441,0.04
4177.76331,12.237,0.042
4179.73594,12.245,0.037
4180.63309,12.328,0.043
4181.74978,12.36,0.046
4182.66805,12.933,0.042
4183.77044,12.348,0.037
4184.66305,12.4,0.043
4187.79797,12.115,0.042
4188.55807,12.662,0.031
4190.53138,12.296,0.039
4190.54682,12.256,0.035
4192.55628,12.233,0.035
4192.57781,12.184,0.038
4194.6082,12.141,0.033
4197.59241,12.138,0.035
4197.61244,12.254,0.04
4199.67213,12.241,0.045
4202.7058,12.76,0.044
4202.7301,12.594,0.047
4204.7517,12.226,0.041
4205.54341,12.275,0.034
4208.6396,12.587,0.046
4208.66,12.573,0.045
4213.56116,12.212,0.035
4216.60923,12.29,0.043
4216.61238,12.201,0.042
4228.607,12.214,0.051
4228.61016,12.251,0.04
4230.60899,12.271,0.039
4230.61214,12.206,0.041
4232.60571,12.253,0.049
4232.60965,12.196,0.044
4234.60794,12.798,0.039
4234.61263,12.793,0.038
4238.64153,12.065,0.043
4245.5774,12.245,0.045
4247.58136,12.533,0.037
4253.48213,12.499,0.038
4255.5805,12.153,0.036
4257.56632,12.39,0.039
4267.49838,12.16,0.042
4267.50142,12.253,0.042
4269.5294,12.268,0.036
4269.53242,12.251,0.039
4274.4691,12.241,0.035
4274.55885,12.285,0.041
4277.5058,12.123,0.043
4278.50084,12.138,0.042
4281.50864,12.231,0.037
4282.50293,12.243,0.043
4284.49593,12.248,0.036
4284.52806,12.266,0.039
4286.52206,12.336,0.04
4289.47804,12.272,0.035
4291.4691,12.266,0.046
4292.47524,12.671,0.039
4293.48139,12.158,0.038
4295.46365,12.261,0.034
4297.48808,12.135,0.04
4299.47766,12.252,0.039
4300.45831,12.142,0.036
4301.48405,12.25,0.043
4343.91689,12.261,0.037
4348.91133,12.181,0.043
4349.91257,12.22,0.047
4358.90135,12.362,0.035
4358.90357,12.124,0.037
4363.88372,12.286,0.036
4364.89696,12.171,0.039
4367.88837,12.176,0.037
4371.87662,12.239,0.036
4376.87216,12.268,0.036
4377.88151,12.233,0.042
4380.8578,12.283,0.038
4381.8835,12.223,0.043
4384.85013,12.322,0.038
4385.87285,12.251,0.041
4388.87021,12.097,0.038
4392.8382,12.58,0.047
4403.82538,12.226,0.035
4403.86732,12.236,0.043
4407.84837,12.228,0.033
4408.82194,12.269,0.044
4410.83775,12.261,0.037
4412.84795,12.265,0.043
4421.83413,12.254,0.036
4422.81181,12.19,0.043
4425.83998,12.196,0.035
4426.84118,12.172,0.051
4429.7729,12.304,0.037
4430.78767,12.267,0.04
4432.79776,12.107,0.035
4433.8006,12.223,0.038
4435.81481,12.168,0.035
4436.82258,12.231,0.041
4438.79774,12.201,0.035
4439.82444,12.378,0.042
4441.79732,12.244,0.036
4443.78999,12.266,0.04
4448.73219,12.264,0.036
4453.80164,12.349,0.042
4456.78479,12.139,0.042
4457.74374,12.318,0.035
4459.77481,12.139,0.042
4460.74184,12.419,0.047
4462.76288,12.192,0.041
4463.72406,12.811,0.033
4465.76691,12.176,0.045
4466.72346,12.258,0.037
4468.75614,12.223,0.041
4472.78568,12.274,0.041
4474.81066,12.207,0.041
4476.70441,12.645,0.049
4478.69102,12.524,0.051
4478.76389,12.138,0.038
4484.82206,12.144,0.038
4485.71577,12.237,0.045
4487.66518,12.263,0.036
4487.76798,12.269,0.04
4489.73287,12.657,0.034
4490.68408,12.118,0.038
4491.77173,12.2,0.034
4492.74819,12.194,0.041
4493.80738,12.308,0.033
4494.74858,12.207,0.038
4497.69191,12.271,0.037
4498.72965,12.283,0.042
4499.79907,12.252,0.034
4500.83016,12.192,0.052
4502.7009,12.97,0.048
4503.65701,12.262,0.043
4504.82788,12.131,0.036
4505.76176,12.212,0.04
4507.63278,12.399,0.038
4508.64921,12.713,0.042
4509.72516,12.436,0.037
4510.70265,12.245,0.041
4511.8005,12.2,0.043
4512.72644,12.337,0.041
4516.63978,12.143,0.041
4517.71662,12.137,0.035
4518.69909,12.265,0.04
4519.74107,12.139,0.035
4520.72266,12.162,0.043
4521.7555,12.273,0.038
4522.71325,12.3,0.041
4523.79021,12.229,0.033
4524.7484,12.228,0.039
4526.59824,12.246,0.042
4526.77429,12.268,0.042
4528.66136,12.804,0.036
4529.58655,12.173,0.048
4530.74188,12.161,0.035
4531.66503,12.304,0.04
4533.60688,12.446,0.038
4535.58899,12.239,0.041
4536.66731,12.217,0.034
4537.63741,12.187,0.039
4539.6355,12.211,0.046
4540.76256,12.213,0.048
4541.63995,12.599,0.042
4542.66973,12.337,0.041
4543.65264,12.181,0.042
4546.70384,12.28,0.038
4547.70438,12.219,0.043
4548.71538,12.459,0.036
4550.59524,12.135,0.053
4551.64666,12.31,0.035
4552.68411,12.209,0.041
4554.71561,12.505,0.044
4555.69326,12.224,0.032
4557.73918,12.128,0.035
4559.5629,12.313,0.045
4560.56855,12.843,0.038
4561.62448,12.23,0.041
4562.61602,12.285,0.034
4564.69356,12.288,0.042
4565.70305,12.209,0.039
4566.68018,12.191,0.041
4567.69311,12.646,0.041
4568.69097,12.269,0.035
4569.68988,12.252,0.044
4570.68065,12.247,0.035
4571.68823,12.111,0.04
4572.61851,12.286,0.036
4573.68797,12.265,0.041
4574.63044,12.207,0.036
4575.70359,12.217,0.053
4576.65187,12.199,0.042
4579.68388,12.162,0.042
4580.62103,12.744,0.035
4582.68429,12.193,0.04
4585.47523,12.231,0.036
4586.53185,12.743,0.041
4587.59766,12.124,0.048
4588.60953,12.317,0.044
4589.60791,12.21,0.035
4590.61859,12.263,0.045
4591.63853,12.296,0.036
4592.6353,12.267,0.04
4594.52731,12.259,0.039
4594.65119,12.313,0.04
4596.53376,12.151,0.04
4596.65483,12.248,0.04
4599.51388,12.697,0.043
4600.55033,12.199,0.038
4601.56111,12.108,0.039
4602.58197,12.27,0.036
4603.60999,12.168,0.046
4606.58657,12.344,0.045
4607.61226,12.257,0.04
4608.58853,12.175,0.045
4610.53147,12.212,0.04
4611.54805,12.183,0.037
4616.50163,12.267,0.036
4618.54921,12.272,0.036
4618.6025,12.195,0.041
4622.54839,12.335,0.039
4622.59306,12.24,0.043
4627.51422,12.209,0.034
4627.51995,12.155,0.038
4629.52295,12.185,0.041
4629.52884,12.23,0.04
4631.57468,12.266,0.04
4632.53377,12.301,0.036
4639.50909,12.086,0.037
4639.51213,12.155,0.043
4642.49878,12.231,0.036
4642.50196,12.085,0.046
4644.50717,12.229,0.038
4644.51013,12.24,0.044
4646.51324,12.283,0.046
4649.49401,12.284,0.053
4652.48732,12.429,0.049
4653.46884,12.134,0.038
4654.49113,12.254,0.044
4655.47291,12.187,0.047
4656.50022,12.283,0.05
4661.45866,12.266,0.038
4661.46148,12.14,0.049
4665.46306,12.172,0.044
4702.92567,12.271,0.035
4722.89944,12.3,0.033
4722.9017,12.278,0.039
4727.90381,12.156,0.039
4728.90139,12.245,0.04
4743.87311,12.229,0.035
4746.87721,12.3,0.041
4747.85111,12.247,0.034
4755.83782,12.229,0.043
4755.8648,12.309,0.042
4758.85987,12.212,0.036
4762.82324,12.234,0.033
4763.84334,12.248,0.039
4766.83534,12.187,0.033
4767.83883,12.267,0.037
4769.84522,12.307,0.033
4771.82764,12.216,0.04
4773.80844,12.247,0.036
4775.82092,12.459,0.037
4777.79428,12.234,0.031
4778.84778,12.197,0.037
4780.83647,12.282,0.033
4783.84458,12.439,0.044
4784.79097,12.215,0.033
4787.81789,12.256,0.04
4792.78123,12.229,0.037
4794.82428,12.299,0.04
4796.81881,12.534,0.037
4798.79727,12.24,0.039
4801.83685,12.258,0.039
4802.79242,12.277,0.036
4805.77942,12.198,0.042
4805.78572,12.185,0.034
4808.78129,12.212,0.033
4808.82995,12.147,0.04
4812.80946,12.16,0.042
4815.77547,12.153,0.037
4815.8017,12.328,0.042
4819.77492,12.245,0.033
4819.80043,12.254,0.043
4822.75424,12.713,0.036
4822.78313,12.749,0.041
4825.74791,12.263,0.036
4825.7745,12.235,0.038
4828.73555,12.319,0.036
4828.76285,12.241,0.041
4831.72448,12.202,0.034
4831.76428,12.19,0.043
4834.71544,12.321,0.032
4834.75518,12.26,0.038
4837.70346,12.107,0.037
4837.73339,12.222,0.044
4842.78931,12.612,0.037
4843.72214,12.192,0.041
4845.75725,12.316,0.043
4846.7645,12.198,0.04
4848.68471,12.595,0.038
4850.75088,12.184,0.031
4852.69645,12.113,0.042
4853.71153,12.268,0.036
4855.73748,12.3,0.041
4856.7147,12.295,0.036
4858.69055,12.114,0.042
4860.65725,12.269,0.035
4861.74092,12.765,0.043
4862.74309,12.313,0.035
4865.67975,12.313,0.038
4867.73289,12.262,0.044
4867.83826,12.293,0.046
4870.6629,12.21,0.037
4870.66557,12.147,0.047
4872.71592,12.228,0.038
4872.71848,12.175,0.043
4875.70045,12.156,0.039
4875.71107,12.24,0.047
4877.7255,12.243,0.035
4877.72819,12.445,0.04
4883.60905,12.237,0.034
4883.62114,12.289,0.038
4885.79041,12.252,0.05
4886.66758,12.324,0.057
4888.63451,12.274,0.04
4888.75143,12.228,0.05
4891.65002,12.244,0.056
4893.61598,12.838,0.041
4894.68719,12.275,0.053
4902.65195,12.119,0.042
4902.6995,12.205,0.057
4905.65069,12.266,0.045
4905.67448,12.242,0.053
4907.70222,12.361,0.041
4914.56271,12.236,0.041
4914.59984,12.243,0.049
4916.61928,12.313,0.043
4916.64498,12.273,0.05
4918.77162,12.235,0.052
4921.55514,12.241,0.042
4921.56581,12.174,0.05
4926.52549,12.209,0.044
4926.56237,12.084,0.057
4929.66425,12.266,0.054
4934.56014,12.094,0.055
4936.61177,12.238,0.046
4936.61494,12.225,0.049
4940.69944,12.301,0.045
4940.71409,12.108,0.056
4945.70372,12.143,0.052
4948.61738,12.137,0.046
4952.67282,12.967,0.053
4954.61944,12.231,0.054
4969.58443,12.181,0.052
4969.5927,12.247,0.045
5013.51771,12.282,0.056
5021.47789,12.247,0.047
5032.46653,12.241,0.056
5037.46766,12.155,0.055
5086.90823,12.262,0.053
5106.88917,12.256,0.042
5124.86721,12.221,0.052
5129.83793,12.539,0.042
5137.82081,12.284,0.044
5145.81006,12.17,0.044
5145.85533,12.218,0.048
5161.82146,12.249,0.048
5161.84875,12.246,0.053
5165.80899,12.309,0.051
5168.78726,12.796,0.047
