1868.78193,13.778,0.069
1869.77231,14,0.063
1870.78708,13.702,0.059
1871.71809,13.941,0.078
1872.82763,13.93,0.074
1874.71419,13.708,0.07
1875.78018,13.82,0.081
1876.7698,13.727,0.067
1876.81917,13.93,0.065
1878.76667,13.71,0.05
1879.77019,13.64,0.051
1880.80633,13.644,0.055
1881.76955,13.722,0.056
1884.74651,13.679,0.058
1884.77592,13.42,0.046
1886.74978,13.593,0.052
1886.77545,13.488,0.054
1887.75648,13.505,0.061
1888.73706,13.608,0.063
1888.75838,13.457,0.069
1889.73419,13.977,0.058
1889.77298,13.41,0.063
1889.81589,13.359,0.058
1899.71748,13.189,0.042
1899.78499,13.35,0.038
1900.72668,13.278,0.044
1900.86072,13.178,0.045
1903.69378,13.179,0.068
1903.73671,13.407,0.055
1904.69955,13.193,0.062
1904.83329,13.217,0.057
1905.71079,13.217,0.058
1905.79707,13.083,0.057
1906.70165,13.32,0.047
1906.83309,13.062,0.049
1907.70866,13.106,0.047
1907.77909,13.106,0.042
1908.69644,13.116,0.045
1913.68217,13.027,0.041
1913.74567,13.059,0.038
1914.6938,13.053,0.047
1915.68892,13.043,0.056
1915.85919,13.133,0.049
1918.6727,13.274,0.05
1919.68913,13.15,0.06
1919.69132,13.216,0.059
1920.68135,13.075,0.044
1920.73515,13.038,0.046
1921.73842,13.115,0.046
1922.68144,13.08,0.047
1922.74212,13.14,0.038
1924.72951,13.054,0.045
1925.67202,13.3,0.063
1926.6617,13.23,0.042
1926.7359,13.254,0.046
1928.72863,13.366,0.046
1929.66309,13.208,0.046
1930.65668,13.485,0.044
1930.72908,13.239,0.039
1931.71245,13.324,0.049
1932.71698,13.414,0.037
1933.72417,13.366,0.042
1934.64843,13.344,0.042
1934.71822,13.351,0.043
1935.58562,13.397,0.043
1935.62515,13.298,0.048
1935.7505,13.447,0.035
1936.75896,13.336,0.035
1937.62354,13.516,0.039
1938.65069,13.505,0.038
1938.65696,13.48,0.044
1939.68157,13.556,0.043
1939.70931,13.453,0.037
1940.75657,13.531,0.037
1941.61189,13.341,0.043
1945.63539,13.477,0.046
1945.72733,13.463,0.044
1946.72682,13.488,0.043
1947.66081,13.527,0.047
1948.65841,13.602,0.054
1949.64819,13.645,0.041
1949.6959,13.482,0.063
1953.67104,13.54,0.043
1954.61847,13.492,0.048
1955.67286,13.618,0.039
1963.65961,13.929,0.041
2025.48889,13.113,0.041
2030.46368,13.14,0.055
2030.50151,13.194,0.056
2032.49906,13.198,0.049
2032.52354,13.149,0.05
2038.47735,13.317,0.065
2038.49736,13.089,0.059
2052.45965,13.566,0.07
2056.45874,13.742,0.061
2056.51802,13.652,0.065
2058.50346,13.727,0.059
2058.51212,13.777,0.057
2067.4803,14.015,0.073
2069.45919,14.036,0.061
2069.529,13.983,0.063
2080.49639,14.081,0.066
2082.48201,14.508,0.055
2083.47736,14.149,0.068
2086.50965,14.355,0.065
2094.5133,14.628,0.058
2105.46853,13.894,0.052
2129.9326,13.301,0.074
2131.93584,13.075,0.078
2133.93426,13.368,0.057
2167.89159,13.643,0.061
2171.85963,13.628,0.061
2173.84678,13.633,0.06
2183.85641,13.635,0.053
2186.86163,13.931,0.049
2188.86877,14.06,0.051
2189.84715,14.089,0.049
2190.84318,13.8,0.049
2191.81113,14.296,0.051
2192.83751,14.023,0.055
2194.84067,13.99,0.055
2196.86324,13.956,0.051
2198.84026,13.879,0.053
2200.84559,14.076,0.054
2202.83067,14.381,0.049
2214.79706,14.032,0.05
2215.76947,13.818,0.048
2221.81946,13.803,0.058
2224.80295,13.588,0.057
2225.71826,13.492,0.049
2226.78249,13.621,0.049
2227.7438,13.576,0.049
2228.76983,13.635,0.053
2230.76845,13.425,0.053
2233.74345,13.66,0.053
2234.85121,13.513,0.057
2236.76907,13.771,0.051
2237.7183,13.392,0.046
2239.77408,13.544,0.055
2241.75835,13.407,0.058
2241.8471,13.437,0.048
2243.73969,13.501,0.056
2247.75801,13.122,0.059
2248.78424,13.327,0.053
2249.73144,13.282,0.056
2250.77186,13.118,0.054
2250.79669,13.29,0.062
2251.74892,13.177,0.059
2251.85548,13.155,0.065
2252.7553,12.878,0.056
2253.72443,13.192,0.058
2254.75818,12.94,0.063
2254.79766,13.063,0.066
2255.74588,12.959,0.06
2257.75669,13.058,0.061
2258.72384,13.144,0.068
2258.76863,12.87,0.063
2260.72868,13.164,0.059
2440.5036,14.118,0.038
2441.46859,14.023,0.058
2444.49998,13.976,0.037
2445.45992,13.929,0.058
2463.52096,14,0.049
2467.45818,13.844,0.041
2496.92535,13.096,0.051
2499.91682,13.415,0.048
2545.82191,14.053,0.047
2545.88796,13.982,0.048
2561.79432,13.667,0.046
2561.85217,14.007,0.039
2621.80828,13.423,0.042
2622.70971,13.371,0.035
2623.75113,13.314,0.041
2625.73674,13.298,0.041
2634.81612,13.741,0.043
2635.69507,13.686,0.042
2637.70929,13.844,0.04
2639.71281,14.071,0.047
2639.77033,13.903,0.039
2641.7227,13.891,0.042
2642.7648,13.902,0.041
2643.73667,14.334,0.042
2652.75683,14.415,0.037
2672.75107,14.163,0.036
2674.73888,13.917,0.038
2678.70722,13.932,0.039
2680.70477,14.095,0.04
2691.68891,13.702,0.038
2694.82684,13.937,0.04
2695.67815,13.808,0.043
2696.77107,13.619,0.037
2697.68441,13.688,0.039
2699.67973,13.761,0.042
2700.73948,13.619,0.046
2704.68777,13.537,0.04
2705.66612,13.5,0.041
2706.66466,13.369,0.043
2706.86061,13.481,0.042
2710.60388,13.297,0.042
2710.61795,13.418,0.042
2711.70732,13.423,0.047
2711.74171,13.22,0.046
2713.66505,13.312,0.046
2714.76372,13.161,0.04
2714.77874,13.19,0.043
2717.63003,13.23,0.043
2719.69195,13.142,0.04
2719.71136,13.086,0.041
2721.64923,13.093,0.042
2721.66585,13.058,0.04
2722.7853,13.094,0.045
2723.64663,13.11,0.041
2724.66884,13.073,0.045
2725.64193,12.992,0.04
2725.77996,12.991,0.036
2727.63563,13.034,0.039
2727.69385,13.112,0.038
2731.78971,13.214,0.052
2732.71456,13.066,0.048
2733.81041,13.126,0.044
2734.57283,13.278,0.043
2736.54604,14.063,0.039
2736.77831,13.177,0.046
2738.57088,13.377,0.041
2738.61717,13.33,0.041
2740.62501,13.309,0.048
2742.56778,13.262,0.042
2743.66554,13.159,0.041
2743.70004,13.343,0.044
2745.67265,13.263,0.041
2750.5718,13.541,0.044
2751.74459,13.741,0.039
2754.6178,13.525,0.052
2754.63463,13.807,0.036
2756.61734,13.704,0.048
2756.63417,13.763,0.036
2758.73333,13.938,0.032
2760.60315,13.787,0.036
2764.58119,13.865,0.035
2766.62259,14.047,0.038
2770.5439,14.213,0.04
2782.6713,14.384,0.043
2784.60502,14.599,0.039
2786.5958,14.529,0.044
2792.54267,14.19,0.039
2804.51411,13.652,0.039
2809.5162,13.741,0.042
2809.54249,13.692,0.034
2812.46373,13.853,0.043
2813.53957,13.728,0.041
2814.4712,13.672,0.041
2819.47938,13.871,0.039
2821.56084,13.485,0.034
2836.50962,13.12,0.033
2843.48346,13.074,0.051
2853.47495,13.244,0.039
2927.78394,13.545,0.044
2932.84597,13.283,0.04
2934.84534,13.614,0.038
2940.76249,13.469,0.047
2942.8087,13.533,0.039
2943.84323,13.594,0.034
2946.8305,13.407,0.034
2949.84282,13.398,0.04
2957.82751,13.242,0.039
2964.83991,13.063,0.054
2967.82447,13.348,0.037
2971.79813,13.212,0.035
2974.73919,13.361,0.038
2977.79304,13.109,0.039
2978.76259,13.36,0.041
2983.74251,13.889,0.038
2986.80316,13.39,0.036
2988.79725,13.8,0.038
2989.79754,14.014,0.036
3028.77371,13.964,0.034
3030.7374,14.108,0.045
3033.60101,14.11,0.04
3033.75311,14.142,0.035
3044.68382,13.737,0.039
3047.63741,13.898,0.036
3050.61361,13.603,0.037
3054.70011,13.44,0.036
3054.73487,13.736,0.039
3059.62009,13.369,0.039
3061.6172,13.417,0.036
3061.6629,13.161,0.038
3063.67672,13.242,0.038
3066.69501,13.33,0.036
3066.73374,13.151,0.038
3068.65696,13.15,0.035
3068.66736,13.153,0.038
3070.68554,13.047,0.037
3070.69603,13.101,0.041
3072.77669,13.126,0.042
3074.75008,13.276,0.036
3076.78321,13.23,0.035
3077.62527,13.357,0.039
3079.62644,13.054,0.044
3081.57257,13.228,0.039
3081.62746,13.288,0.042
3085.6192,13.245,0.053
3085.63237,13.259,0.039
3087.6198,13.622,0.042
3087.62987,13.429,0.04
3089.65959,13.513,0.04
3091.63634,13.267,0.033
3091.64634,13.561,0.037
3093.6211,13.366,0.033
3093.63123,13.622,0.035
3097.61931,13.709,0.043
3097.63189,13.588,0.037
3101.70563,13.43,0.039
3103.6808,13.381,0.036
3103.70187,13.683,0.039
3105.66709,13.324,0.036
3105.68955,13.946,0.04
3107.67175,13.627,0.036
3107.69346,13.537,0.039
3109.6744,13.642,0.034
3110.49874,13.625,0.047
3111.75173,14.028,0.035
3112.53202,13.494,0.038
3114.55077,13.616,0.037
3116.57926,13.824,0.039
3121.58598,13.655,0.035
3125.62937,13.92,0.037
3130.51392,13.431,0.036
3131.69494,13.735,0.048
3132.54136,13.962,0.037
3142.60012,14.422,0.053
3145.55204,13.99,0.032
3165.53416,13.555,0.053
3171.51723,13.198,0.035
3175.5235,13.288,0.038
3180.56261,13.332,0.045
3184.48695,13.251,0.042
3187.4734,13.369,0.039
3187.49182,13.282,0.036
3355.77192,13.883,0.042
3358.82331,14.209,0.05
3365.77675,13.788,0.059
3385.69468,13.64,0.046
3387.75916,13.64,0.053
3389.69395,13.658,0.052
3389.73721,13.742,0.055
3391.79727,13.601,0.047
3394.77716,13.439,0.05
3396.69073,13.359,0.06
3397.62916,13.108,0.057
3398.76386,13.231,0.048
3399.69936,13.179,0.044
3400.6562,13.059,0.051
3403.75843,13.18,0.046
3404.71397,13.03,0.042
3405.77955,13.23,0.057
3406.76211,13.071,0.074
3408.66804,13.107,0.055
3408.82593,13.253,0.043
3410.75105,13.149,0.043
3411.62397,13.175,0.053
3412.80634,13.07,0.075
3415.64648,13.13,0.054
3417.67641,13.16,0.05
3417.70699,13.307,0.07
3419.66582,13.207,0.042
3419.69974,13.201,0.06
3425.69686,13.116,0.05
3425.72051,13.159,0.049
3427.72812,13.296,0.053
3427.74996,13.32,0.042
3431.71526,13.454,0.051
3433.70427,13.513,0.07
3433.74348,13.646,0.065
3439.68407,13.626,0.062
3439.7168,13.279,0.042
3442.83015,13.804,0.036
3443.53654,13.631,0.069
3445.5687,13.74,0.057
3446.75318,13.646,0.035
3449.7508,13.881,0.054
3454.81032,13.854,0.063
3463.57711,14.182,0.044
3464.53933,14.155,0.045
3465.61146,14.239,0.041
3468.60283,14.342,0.043
3469.57518,14.197,0.042
3474.64511,14.471,0.038
3478.5511,14.512,0.046
3480.57344,14.296,0.046
3489.58427,14.334,0.042
3489.60792,14.391,0.042
3491.61484,14.143,0.042
3495.61157,13.89,0.035
3497.65084,13.925,0.042
3499.53745,13.807,0.041
3501.54438,13.896,0.051
3503.59214,13.436,0.047
3504.69928,13.539,0.053
3506.5999,13.599,0.046
3509.56588,13.422,0.036
3511.65148,13.462,0.037
3517.51192,13.192,0.063
3521.51452,13.145,0.043
3522.48226,13.326,0.046
3523.53131,13.048,0.043
3524.52205,13.165,0.042
3526.52138,13.24,0.041
3526.54216,13.121,0.041
3528.53067,13.208,0.046
3530.52727,13.188,0.046
3538.56457,13.2,0.033
3539.48268,13.631,0.042
3543.48158,13.505,0.046
3544.57708,13.506,0.044
3547.48161,13.695,0.037
3556.46705,13.607,0.045
3556.52748,13.827,0.047
3559.5477,13.756,0.078
3562.46474,13.929,0.05
3564.47562,13.847,0.037
3570.51717,13.876,0.042
3586.47077,14.232,0.047
3621.8964,13.222,0.07
3629.8952,13.136,0.057
3639.87189,13.293,0.05
3641.88777,13.318,0.043
3643.85943,13.335,0.042
3652.8322,13.419,0.052
3653.87252,13.429,0.051
3655.83321,13.175,0.049
3658.81892,13.397,0.046
3661.86261,13.749,0.048
3662.82092,13.2,0.048
3665.84741,13.344,0.056
3665.85889,13.214,0.052
3669.861,13.303,0.052
3670.82754,13.663,0.04
3670.86452,13.328,0.038
3673.79213,13.594,0.052
3674.8462,13.797,0.043
3702.79078,14.233,0.045
3716.80226,14.275,0.062
3722.81588,14.288,0.067
3730.80611,14.614,0.063
3733.81752,14.045,0.077
3736.76409,13.878,0.05
3739.75248,13.845,0.055
3740.74837,13.729,0.049
3742.76949,13.705,0.059
3745.75278,13.552,0.07
3745.76924,13.267,0.078
3748.66091,13.347,0.067
3748.74098,13.827,0.058
3750.70442,13.267,0.046
3753.69944,13.343,0.047
3754.71194,13.265,0.052
3755.75549,13.103,0.05
3756.77883,12.808,0.045
3757.7789,13.054,0.044
3759.70536,13.208,0.063
3760.64752,13.12,0.071
3762.69475,13.314,0.065
3762.74261,13.373,0.045
3765.68103,13.113,0.064
3767.76363,13.142,0.048
3768.67783,13.22,0.051
3772.67565,13.13,0.059
3773.67661,13.287,0.055
3774.77902,13.36,0.043
3775.73048,13.316,0.056
3777.58595,13.278,0.055
3779.6278,13.13,0.061
3780.64268,13.191,0.054
3783.69867,13.501,0.071
3787.67596,13.46,0.043
3787.74744,13.511,0.05
3789.7276,13.463,0.041
3790.61249,13.667,0.048
3792.6066,13.832,0.053
3792.71523,13.743,0.05
3794.65938,13.492,0.042
3796.67522,13.578,0.044
3797.60652,13.83,0.054
3798.72842,13.939,0.054
3799.67352,13.875,0.049
3803.62315,14.305,0.046
3805.64668,13.851,0.043
3817.64772,14.083,0.044
3856.63093,14.381,0.048
3861.58462,13.767,0.037
3865.57739,13.69,0.058
3867.61352,13.452,0.046
3869.6112,13.314,0.044
3871.60503,13.362,0.042
3871.62152,13.309,0.046
3875.59845,13.37,0.045
3875.61004,13.038,0.043
3877.66971,13.278,0.038
3881.58014,13.123,0.061
3883.52174,13.061,0.046
3886.49457,13.191,0.038
3887.52425,13.231,0.039
3890.52772,13.103,0.04
3891.53273,13.151,0.039
3892.54078,13.422,0.056
3893.56031,13.193,0.04
3897.46762,13.42,0.043
3897.53088,13.417,0.042
3899.56352,13.086,0.049
3900.46419,13.36,0.044
3901.58264,13.345,0.035
3902.50569,13.341,0.045
3904.49901,13.338,0.036
3905.46656,13.375,0.043
3906.51598,13.417,0.06
3907.48836,13.349,0.038
3908.52391,13.401,0.035
4089.74807,13.531,0.062
4091.71565,13.564,0.058
4103.82053,13.571,0.049
4105.67287,13.059,0.044
4106.76131,12.881,0.055
4107.72157,13.01,0.038
4109.84235,12.921,0.077
4111.7223,12.958,0.042
4125.71598,13.2,0.041
4126.76843,13.243,0.04
4127.76892,13.159,0.055
4128.79586,13.409,0.046
4129.76757,13.214,0.041
4131.61297,13.467,0.052
4131.82908,13.295,0.071
4134.67723,13.35,0.038
4135.67426,13.189,0.046
4136.74054,13.468,0.043
4137.67684,13.515,0.041
4139.7095,13.498,0.044
4140.76534,13.474,0.034
4141.70759,13.633,0.043
4142.7893,13.427,0.039
4143.71559,13.789,0.048
4145.78428,13.74,0.045
4145.78845,13.501,0.05
4150.80515,13.971,0.039
4151.7103,13.907,0.06
4153.63003,13.974,0.043
4155.68591,13.889,0.079
4155.7129,14.162,0.076
4157.80101,13.849,0.044
4159.74808,13.883,0.042
4185.59642,14.982,0.041
4190.72324,14.318,0.033
4192.71189,14.067,0.032
4197.73998,14.006,0.06
4200.64088,13.551,0.04
4203.65038,13.217,0.043
4204.62678,13.357,0.061
4208.72414,13.249,0.046
4213.6218,13.234,0.058
4213.66946,13.154,0.041
4216.63335,13.212,0.051
4216.66008,13.203,0.043
4227.52681,13.292,0.04
4227.54347,13.128,0.033
4229.56221,13.183,0.042
4231.57135,13.216,0.046
4233.55041,13.346,0.048
4233.57128,13.104,0.034
4235.55522,13.181,0.038
4235.57276,13.216,0.038
4237.57737,12.902,0.048
4237.59924,13.288,0.045
4246.54828,13.636,0.034
4247.62143,13.381,0.042
4253.55635,13.782,0.036
4255.61975,14,0.034
4297.50458,13.996,0.037
4299.49368,13.92,0.038
4306.48801,13.556,0.034
4332.92597,13.037,0.049
4364.88138,13.607,0.039
4368.89344,13.859,0.042
4371.89188,14.012,0.041
4408.83837,13.771,0.041
4421.85843,13.516,0.047
4422.81476,13.344,0.042
4425.81104,13.569,0.041
4428.78146,13.537,0.047
4429.80722,13.502,0.042
4430.80334,13.48,0.035
4433.81246,13.32,0.038
4436.83419,13.366,0.032
4437.76931,13.313,0.041
4440.78004,13.381,0.035
4443.75572,13.254,0.054
4443.81352,13.247,0.041
4452.71673,13.327,0.049
4453.80414,13.218,0.056
4455.71317,13.197,0.043
4456.7899,13.209,0.037
4457.80558,13.115,0.049
4459.77974,13.326,0.039
4462.77029,13.474,0.038
4463.70441,13.302,0.039
4465.77532,13.268,0.042
4468.70658,13.324,0.044
4471.81121,13.71,0.041
4474.81205,13.681,0.052
4478.6923,13.757,0.037
4498.73159,14.484,0.038
4501.67845,13.267,0.05
4511.75899,13.975,0.042
4520.78824,13.785,0.04
4527.68687,14.078,0.041
4529.74077,13.936,0.043
4535.62091,13.597,0.04
4537.66839,13.527,0.034
4538.63971,13.325,0.042
4539.66657,13.412,0.042
4541.66572,13.458,0.036
4543.66751,13.494,0.041
4545.69391,13.38,0.043
4546.68338,13.243,0.044
4547.72282,13.603,0.042
4552.60809,13.516,0.045
4554.63111,13.669,0.041
4558.67714,13.402,0.034
4559.6982,13.837,0.054
4560.67874,13.321,0.034
4561.72259,13.265,0.041
4562.71847,13.228,0.048
4565.54491,13.453,0.039
4567.58526,13.221,0.061
4568.59448,13.255,0.042
4569.59496,13.135,0.037
4570.58556,13.245,0.04
4571.60828,13.257,0.034
4573.63802,13.279,0.035
4575.66621,13.181,0.038
4579.66019,13.01,0.039
4582.66103,13.301,0.042
4585.49526,13.248,0.039
4589.61056,13.27,0.041
4590.49187,13.57,0.037
4592.5539,13.816,0.041
4594.53015,13.304,0.048
4594.5959,13.562,0.034
4596.60185,13.599,0.033
4600.55765,13.893,0.047
4611.57335,14.642,0.046
4616.60504,14.123,0.035
4627.5271,14.476,0.039
4644.56168,13.848,0.043
4654.50371,13.757,0.065
4656.51431,13.671,0.068
4667.47163,13.83,0.039
4679.47368,13.265,0.041
4701.9229,13.278,0.049
4705.91263,13.414,0.049
4709.91137,13.47,0.047
4729.89567,14.021,0.043
4744.88634,14.264,0.045
4747.87783,14.211,0.041
4752.87389,13.829,0.037
4760.8345,14.171,0.056
4762.83638,13.894,0.045
4764.85114,13.761,0.038
4768.80651,13.812,0.039
4768.84586,13.93,0.037
4770.81116,13.808,0.04
4772.79399,13.506,0.038
4772.83572,13.61,0.041
4774.81278,13.42,0.047
4775.82843,13.531,0.042
4778.80018,13.388,0.042
4778.83016,13.622,0.045
4780.81672,13.331,0.036
4784.80398,13.081,0.035
4786.81519,13.414,0.045
4792.79375,13.295,0.046
4792.79593,13.012,0.049
4795.78449,12.945,0.05
4796.83282,13.453,0.058
4798.78291,13.134,0.04
4801.76876,13.116,0.044
4804.75781,13.424,0.04
4804.7898,13.163,0.038
4804.80945,13.115,0.038
4807.75881,13.084,0.04
4807.81601,13.216,0.034
4815.80849,13.329,0.04
4816.72371,13.397,0.041
4819.78237,13.342,0.04
4819.82485,13.225,0.037
4822.72881,13.703,0.06
4822.79507,13.456,0.039
4825.78741,13.48,0.038
4828.77107,13.697,0.042
4831.69134,13.421,0.041
4831.76573,13.508,0.039
4834.6789,13.384,0.04
4834.76887,13.661,0.038
4836.77309,13.818,0.048
4849.71191,13.768,0.035
4855.76815,14.112,0.035
4857.77013,14.031,0.041
4861.77117,13.798,0.038
4899.78178,13.549,0.048
4903.78393,13.271,0.047
4905.83648,13.416,0.041
4908.60874,13.316,0.052
4914.73934,13.135,0.046
4916.68912,13.028,0.045
4917.55236,12.963,0.04
4919.64848,13.09,0.042
4921.81249,13.214,0.05
4926.55136,13.345,0.051
4926.58789,13.116,0.046
4929.68872,13.19,0.057
4936.56705,13.23,0.046
4936.69234,13.501,0.05
4938.61796,13.837,0.051
4945.68937,13.584,0.061
4954.61594,13.381,0.043
4967.62702,13.477,0.053
4973.60052,13.65,0.047
4984.58727,13.803,0.046
5021.48613,13.297,0.042
5023.48902,13.496,0.047
5040.48666,13.009,0.044
5089.90681,14.019,0.044
5131.84201,13.285,0.046
5137.78826,13.025,0.048
5145.8394,13.169,0.053
5145.85867,13.023,0.043
5162.83673,13.496,0.042
