1868.8286,12.256,0.041
1870.77533,12.442,0.045
1872.76391,12.223,0.046
1874.76409,12.186,0.048
1876.7583,12.57,0.045
1878.75551,12.221,0.038
1880.74566,12.238,0.036
1884.76718,12.227,0.041
1884.78032,12.224,0.027
1885.85717,12.361,0.04
1887.73391,12.43,0.041
1889.73908,12.171,0.043
1899.76127,12.619,0.042
1900.76678,12.224,0.039
1902.75086,12.256,0.04
1903.7762,12.221,0.041
1904.7813,12.218,0.041
1904.8219,12.305,0.028
1905.75762,12.35,0.041
1906.76039,12.253,0.041
1907.76053,12.252,0.04
1908.74579,12.211,0.04
1913.72277,12.286,0.038
1913.73774,12.292,0.025
1914.73977,12.234,0.027
1915.73648,12.171,0.04
1915.74247,12.182,0.029
1918.74189,12.259,0.041
1920.71694,12.179,0.039
1920.73422,12.152,0.028
1921.72015,12.247,0.041
1921.72845,12.322,0.031
1922.71944,12.398,0.042
1924.70699,12.226,0.04
1925.71234,12.376,0.046
1926.70651,12.228,0.041
1928.70611,12.259,0.038
1928.71889,12.317,0.029
1929.7119,12.197,0.031
1930.69743,12.307,0.04
1930.71022,12.283,0.032
1931.69218,12.347,0.052
1932.69449,12.195,0.04
1932.70506,12.227,0.031
1933.69452,12.688,0.044
1934.68659,12.291,0.038
1934.6994,12.239,0.03
1935.61952,12.268,0.04
1935.62585,12.252,0.031
1935.71018,12.134,0.04
1935.73345,12.195,0.03
1937.65744,12.148,0.042
1938.73214,12.277,0.032
1939.65215,12.353,0.042
1939.71006,12.585,0.033
1941.63207,12.254,0.041
1941.64358,12.244,0.031
1945.68202,12.243,0.043
1945.69867,12.305,0.033
1946.6864,12.253,0.041
1946.70358,12.112,0.031
1948.62561,12.262,0.042
1948.63197,12.377,0.033
1949.66853,12.225,0.054
1949.68158,12.204,0.048
1950.66357,12.532,0.048
1952.64328,12.294,0.051
1953.65262,12.379,0.044
1954.65129,12.276,0.043
1955.6454,12.193,0.046
1958.64034,12.199,0.039
1961.63784,12.321,0.044
1961.6697,12.229,0.037
1963.61392,12.134,0.048
1963.62997,12.248,0.04
1964.62616,12.36,0.044
1964.64157,12.366,0.038
1965.62152,12.139,0.046
1965.63239,12.242,0.037
1966.62355,12.146,0.048
1966.63218,12.215,0.04
1967.6139,12.75,0.048
1967.62703,12.561,0.04
1968.61355,12.18,0.049
1968.6267,12.242,0.042
1977.59785,12.22,0.052
1977.60434,12.15,0.046
1979.58058,12.293,0.058
1980.59927,12.213,0.054
1980.6058,12.247,0.048
1981.60199,12.271,0.054
1981.60635,12.312,0.045
1982.58636,12.146,0.047
1982.59748,12.237,0.041
1984.58024,12.513,0.051
1985.57528,12.25,0.054
1985.59098,12.272,0.049
1993.56168,12.245,0.056
1994.59462,12.207,0.057
2025.47522,12.218,0.04
2026.4751,12.211,0.03
2027.51475,12.258,0.041
2030.46656,12.265,0.037
2031.46257,12.191,0.043
2032.51934,12.25,0.032
2033.48552,12.188,0.043
2038.49256,12.318,0.029
2053.47504,12.233,0.031
2053.48562,12.288,0.043
2055.49533,12.204,0.036
2055.50892,12.212,0.044
2057.50107,12.161,0.036
2057.51163,12.148,0.042
2059.50193,12.401,0.037
2068.50937,12.3,0.043
2071.47081,12.239,0.046
2081.45969,12.529,0.031
2082.45251,12.181,0.044
2085.4695,12.136,0.03
2087.45533,12.524,0.042
2167.90101,12.249,0.041
2172.88334,12.309,0.039
2184.85496,12.239,0.044
2186.87164,12.448,0.045
2189.85691,12.315,0.04
2191.85114,12.256,0.041
2193.85231,12.178,0.041
2196.8464,12.135,0.051
2198.85093,12.488,0.039
2200.85417,12.229,0.042
2202.83928,12.209,0.042
2206.80857,12.281,0.042
2212.81433,12.288,0.047
2212.83441,12.271,0.045
2216.80325,12.196,0.044
2221.83395,12.357,0.048
2224.81758,12.257,0.046
2226.79263,12.513,0.046
2228.78491,12.273,0.045
2230.78134,12.155,0.044
2233.75429,12.215,0.045
2235.7614,12.218,0.059
2239.78992,12.163,0.045
2241.76486,12.152,0.053
2243.7557,12.469,0.056
2247.79384,12.225,0.057
2248.85195,12.168,0.057
2251.83207,12.101,0.058
2254.79344,12.171,0.059
2256.73269,12.185,0.054
2260.77169,12.351,0.058
2440.45957,12.273,0.035
2443.46648,12.375,0.035
2443.47698,12.385,0.044
2454.47902,12.605,0.047
2466.45454,12.246,0.046
2540.86897,12.23,0.044
2545.8763,12.204,0.031
2552.86177,12.195,0.039
2556.88137,12.306,0.051
2557.86366,12.244,0.046
2559.87524,12.44,0.043
2562.84996,12.285,0.044
2578.84288,12.214,0.047
2621.84559,12.201,0.039
2621.8539,12.202,0.035
2623.79968,12.145,0.042
2625.78539,12.324,0.046
2628.76277,12.425,0.029
2632.81699,12.235,0.04
2632.82305,12.284,0.029
2635.75345,12.226,0.049
2637.7793,12.207,0.037
2639.79972,12.487,0.041
2639.80798,12.575,0.031
2642.73616,12.258,0.039
2644.76124,12.256,0.046
2646.73849,12.144,0.044
2649.73267,12.143,0.045
2651.70039,12.283,0.05
2651.70871,12.242,0.028
2655.75957,12.178,0.038
2655.7656,12.122,0.038
2658.71728,12.158,0.044
2660.71719,12.235,0.042
2662.71201,12.495,0.043
2662.72959,12.523,0.028
2664.70569,12.298,0.04
2666.70101,12.115,0.043
2670.70235,12.207,0.042
2670.71984,12.29,0.035
2672.69859,12.207,0.039
2672.72065,12.2,0.031
2674.69092,12.185,0.04
2674.70847,12.184,0.031
2676.67274,12.301,0.041
2676.69254,12.225,0.041
2678.66273,12.173,0.039
2678.68033,12.243,0.033
2679.69541,12.595,0.035
2680.6565,12.248,0.053
2681.77438,12.183,0.039
2683.69651,12.147,0.055
2683.82155,12.161,0.04
2685.69031,12.562,0.033
2685.70017,12.485,0.044
2688.80455,12.254,0.042
2689.67068,12.135,0.032
2690.73213,12.315,0.039
2691.66498,12.243,0.038
2692.78879,12.16,0.04
2693.67753,12.254,0.038
2694.70729,12.187,0.037
2696.77707,12.188,0.031
2698.81304,12.2,0.042
2700.70076,12.174,0.039
2700.79735,12.189,0.031
2704.70061,12.171,0.03
2706.64716,12.138,0.038
2706.67042,12.158,0.03
2709.75268,12.228,0.042
2710.60949,12.253,0.041
2711.64227,12.219,0.038
2711.71289,12.319,0.03
2712.77925,12.199,0.039
2713.67055,12.616,0.031
2714.62402,12.289,0.037
2714.76918,12.44,0.041
2717.64011,12.272,0.028
2719.70193,12.495,0.027
2719.70477,12.695,0.06
2720.74055,12.253,0.039
2724.66203,12.249,0.029
2724.66483,12.343,0.032
2726.64406,12.209,0.039
2726.65795,12.144,0.029
2728.6353,12.199,0.038
2728.64925,12.35,0.027
2730.63125,12.349,0.039
2730.6452,12.502,0.027
2733.69162,12.243,0.027
2735.6853,12.185,0.028
2737.67229,12.243,0.028
2739.64842,12.338,0.038
2739.66251,12.235,0.028
2741.62052,12.263,0.037
2742.71342,12.453,0.039
2742.7306,12.414,0.029
2744.61737,12.242,0.039
2744.61992,12.253,0.032
2747.6597,12.234,0.039
2747.66509,12.255,0.032
2751.55639,12.175,0.038
2751.55902,12.25,0.027
2754.55699,12.201,0.038
2754.55965,12.186,0.029
2756.55637,12.264,0.038
2758.54989,12.325,0.044
2760.56244,12.193,0.038
2760.56798,12.182,0.027
2762.56123,12.108,0.046
2762.564,12.251,0.039
2764.5457,12.486,0.039
2764.5485,12.577,0.04
2766.60324,12.153,0.038
2770.59761,12.466,0.039
2770.60047,12.484,0.029
2775.49638,12.361,0.027
2776.60516,12.629,0.027
2782.51918,12.334,0.038
2782.57984,12.382,0.038
2784.52668,12.357,0.042
2784.56363,12.325,0.039
2786.52472,12.099,0.053
2786.55898,12.209,0.038
2789.52071,12.159,0.041
2789.55488,12.166,0.041
2791.54831,12.268,0.041
2792.4891,12.342,0.046
2794.50785,12.201,0.043
2795.47452,12.227,0.048
2797.50031,12.089,0.039
2804.47463,12.553,0.037
2804.50643,12.424,0.057
2809.47495,12.217,0.031
2809.50539,12.181,0.038
2811.48937,12.148,0.036
2811.51411,12.158,0.037
2813.4897,12.247,0.04
2813.51234,12.264,0.037
2819.47093,12.239,0.04
2821.47902,12.576,0.032
2826.46829,12.228,0.032
2830.46923,12.211,0.033
2831.46513,12.266,0.044
2835.45584,12.168,0.042
2835.4659,12.244,0.03
2907.8907,12.312,0.053
2916.87412,12.162,0.04
2922.86027,12.319,0.04
2929.85461,12.263,0.044
2929.86125,12.304,0.033
2932.86331,12.629,0.044
2940.83157,12.197,0.041
2943.83434,12.365,0.042
2946.81691,12.265,0.04
2947.81116,12.225,0.041
2949.82809,12.59,0.039
2949.83528,12.496,0.028
2956.83724,12.223,0.042
2960.82098,12.297,0.038
2960.83028,12.289,0.027
2963.82992,12.212,0.038
2967.79199,12.232,0.038
2967.79622,12.237,0.026
2971.78817,12.266,0.038
2971.79486,12.21,0.027
2974.83475,12.126,0.038
2974.83885,12.173,0.028
2977.75473,12.269,0.044
2979.81538,12.155,0.038
2979.82441,12.237,0.028
2982.80978,12.298,0.032
2985.79399,12.272,0.038
2985.80342,12.18,0.03
2988.78475,12.116,0.042
2988.79161,12.205,0.028
2991.77448,12.271,0.038
2991.78619,12.235,0.029
2994.77723,12.239,0.028
2997.75497,12.273,0.038
2997.76905,12.161,0.029
2998.77538,12.2,0.03
3000.81124,12.201,0.041
3001.76023,12.358,0.027
3003.80499,12.145,0.031
3006.73968,12.519,0.036
3008.7529,12.106,0.039
3008.78137,12.115,0.031
3010.78273,12.287,0.039
3010.81154,12.269,0.028
3013.7145,12.213,0.038
3013.72884,12.162,0.029
3016.75504,12.138,0.037
3016.77704,12.262,0.03
3018.76265,12.443,0.039
3018.78188,12.538,0.03
3023.74937,12.292,0.042
3023.75359,12.405,0.029
3028.73874,12.172,0.038
3030.68439,12.148,0.027
3030.76873,12.281,0.038
3032.74856,12.275,0.031
3033.66659,12.148,0.036
3034.77257,12.25,0.03
3035.71318,12.493,0.039
3037.86232,12.17,0.029
3039.8201,12.215,0.038
3041.74088,12.351,0.03
3042.72109,12.114,0.04
3043.77991,12.373,0.031
3044.75416,12.206,0.038
3046.64496,12.682,0.028
3047.68274,12.18,0.038
3049.68125,12.342,0.028
3050.65093,12.195,0.037
3052.66112,12.419,0.029
3052.7898,12.493,0.038
3055.60715,12.321,0.043
3056.73124,12.237,0.027
3057.64842,12.43,0.041
3059.69827,12.126,0.039
3061.59913,12.219,0.03
3061.72096,12.421,0.042
3063.66782,12.636,0.04
3066.68336,12.167,0.03
3066.80862,12.276,0.036
3068.64736,12.172,0.03
3068.71306,12.137,0.037
3070.67519,12.283,0.029
3070.7387,12.26,0.039
3072.75668,12.344,0.03
3073.61152,12.252,0.042
3074.72403,12.295,0.028
3075.65385,12.385,0.037
3076.75202,12.213,0.027
3077.67085,12.166,0.038
3078.7801,12.26,0.031
3079.68757,12.134,0.048
3081.56524,12.18,0.03
3081.71952,12.494,0.038
3085.58487,12.299,0.027
3085.71188,12.225,0.037
3087.58612,12.267,0.032
3087.7143,12.233,0.039
3089.61529,12.405,0.036
3089.73863,12.325,0.039
3091.61271,12.236,0.035
3091.75284,12.186,0.04
3093.60675,12.111,0.032
3093.74166,12.217,0.039
3097.6079,12.334,0.029
3099.64608,12.185,0.031
3100.52978,12.219,0.037
3101.64632,12.266,0.029
3102.54754,12.23,0.038
3103.64554,12.469,0.034
3104.56514,12.127,0.038
3105.63895,12.379,0.033
3106.57337,12.321,0.038
3107.64344,12.182,0.027
3108.57782,12.283,0.039
3109.64851,12.754,0.027
3111.65308,12.149,0.027
3112.59244,12.32,0.037
3113.67,12.248,0.026
3114.60252,12.319,0.037
3115.67128,12.569,0.029
3116.62408,12.146,0.028
3121.50953,12.217,0.032
3121.58111,12.275,0.038
3125.56241,12.245,0.027
3125.60778,12.22,0.038
3127.59677,12.29,0.028
3127.62834,12.302,0.04
3129.64371,12.326,0.032
3130.51098,12.167,0.038
3131.63094,12.3,0.029
3133.63114,12.339,0.03
3134.56021,12.246,0.038
3142.5361,12.232,0.027
3142.59326,12.225,0.038
3145.56886,12.109,0.03
3146.54349,12.328,0.04
3153.47398,12.24,0.029
3153.53515,12.27,0.04
3155.57677,12.436,0.041
3156.53572,12.209,0.038
3159.47916,12.254,0.034
3159.55846,12.056,0.04
3162.52234,12.158,0.028
3163.4988,12.285,0.036
3164.53727,12.273,0.027
3165.52083,12.241,0.04
3167.5451,12.238,0.026
3168.52173,12.192,0.037
3171.4941,12.343,0.029
3175.49542,12.236,0.029
3176.50396,12.193,0.038
3177.51081,12.423,0.028
3179.50513,12.142,0.038
3182.49305,12.284,0.028
3184.48052,12.212,0.038
3186.47608,12.199,0.03
3187.45232,12.143,0.029
3187.46687,12.273,0.038
3190.46365,12.143,0.028
3280.8822,12.193,0.048
3298.87123,12.197,0.054
3355.7786,12.167,0.038
3358.7646,12.208,0.047
3362.79109,12.62,0.049
3365.76697,12.364,0.035
3366.78625,12.183,0.039
3385.69545,12.395,0.059
3387.74793,12.236,0.048
3387.76853,12.328,0.046
3390.6816,12.501,0.044
3392.76074,12.218,0.057
3395.74983,12.208,0.055
3397.78391,12.369,0.039
3400.657,12.224,0.04
3403.69553,12.166,0.049
3405.70467,12.327,0.046
3407.75407,12.265,0.041
3409.74858,12.264,0.041
3411.81753,12.36,0.05
3416.67079,12.393,0.044
3422.68065,12.391,0.053
3424.68892,12.133,0.055
3426.69016,12.081,0.049
3430.70248,12.244,0.042
3434.69288,12.272,0.056
3438.5699,12.269,0.047
3440.67732,12.251,0.039
3443.73381,12.228,0.047
3447.72353,12.197,0.055
3449.74959,12.259,0.046
3452.61002,12.19,0.047
3454.68233,12.313,0.044
3456.69034,12.207,0.038
3458.66361,12.176,0.058
3460.66367,12.231,0.041
3462.67061,12.304,0.045
3464.70311,12.228,0.038
3467.71657,12.238,0.042
3470.50575,12.643,0.039
3472.54146,12.258,0.039
3474.59199,12.238,0.041
3476.65791,12.516,0.045
3478.64562,12.212,0.043
3480.6406,12.14,0.052
3482.64807,12.616,0.055
3490.57712,12.355,0.042
3492.57901,12.167,0.051
3496.58337,12.292,0.039
3501.58187,12.207,0.045
3504.49378,12.547,0.048
3509.52498,12.187,0.039
3512.53729,12.181,0.043
3516.53878,12.465,0.052
3520.53252,12.164,0.038
3522.55598,12.634,0.056
3527.5112,12.503,0.046
3529.51438,12.246,0.042
3539.47595,12.301,0.041
3543.47546,12.197,0.042
3547.47528,12.291,0.038
3556.4595,12.447,0.039
3560.45959,12.262,0.04
3631.9023,12.184,0.04
3651.87596,12.177,0.042
3655.86829,12.672,0.051
3659.85472,12.255,0.043
3663.84543,12.277,0.043
3670.84548,12.185,0.039
3674.82887,12.28,0.038
3678.85878,12.578,0.046
3701.8129,12.334,0.045
3705.79051,12.258,0.048
3712.8366,12.512,0.037
3715.81074,12.432,0.051
3718.79726,12.583,0.049
3721.77376,12.298,0.039
3727.75659,12.285,0.052
3731.76043,12.285,0.053
3734.77434,12.208,0.042
3737.74915,12.251,0.038
3740.72557,12.352,0.051
3743.71677,12.199,0.046
3745.80191,12.235,0.043
3748.71607,12.354,0.048
3751.69827,12.26,0.041
3753.79663,12.174,0.044
3756.68757,12.188,0.054
3758.74408,12.636,0.041
3761.67261,12.278,0.043
3763.75765,12.352,0.058
3766.66184,12.366,0.056
3768.7505,12.138,0.049
3771.63701,12.247,0.049
3773.69923,12.243,0.05
3775.70933,12.608,0.044
3780.61554,12.603,0.055
3787.66862,12.243,0.044
3789.71637,12.285,0.039
3792.63108,12.561,0.043
3794.68211,12.374,0.043
3796.70866,12.185,0.042
3798.78164,12.648,0.047
3801.58734,12.25,0.054
3803.70077,12.36,0.048
3805.69203,12.203,0.042
3808.69308,12.231,0.046
3810.73579,12.21,0.047
3812.76442,12.221,0.048
3815.56254,12.262,0.047
3817.59379,12.203,0.047
3819.62194,12.163,0.046
3821.67784,12.458,0.051
3823.68734,12.234,0.043
3825.6999,12.118,0.044
3827.74245,12.477,0.043
3832.56871,12.533,0.053
3834.5777,12.254,0.054
3836.59417,12.204,0.048
3848.54114,12.245,0.049
3850.57603,12.27,0.048
3852.5666,12.343,0.041
3854.57552,12.245,0.046
3856.6189,12.192,0.043
3861.55836,12.198,0.04
3863.56079,12.248,0.041
3865.57155,12.222,0.041
3867.60751,12.218,0.042
3869.60506,12.398,0.046
3871.59867,12.26,0.044
3875.58814,12.234,0.039
3881.56851,12.273,0.042
3886.4839,12.326,0.038
3890.51763,12.176,0.042
3892.53307,12.192,0.048
3896.52763,12.121,0.044
3899.49479,12.187,0.04
3901.52599,12.21,0.04
3904.48076,12.203,0.043
3906.49608,12.565,0.044
3908.50696,12.218,0.04
4091.76692,12.491,0.051
4104.79267,12.35,0.045
4106.80232,12.264,0.046
4109.80407,12.235,0.05
4111.76568,12.216,0.046
4125.67752,12.489,0.041
4127.71934,12.292,0.039
4129.71827,12.282,0.039
4131.7628,12.623,0.051
4136.64645,12.667,0.046
4140.69032,12.25,0.038
4142.72016,12.572,0.05
4144.76204,12.12,0.051
4147.61639,12.404,0.04
4150.68884,12.324,0.049
4152.70137,12.23,0.04
4154.73339,12.536,0.044
4156.74937,12.184,0.05
4158.77073,12.19,0.048
4160.78394,12.46,0.041
4162.74122,12.278,0.042
4164.75836,12.126,0.056
4167.71189,12.126,0.05
4172.7725,12.267,0.043
4175.54502,12.187,0.048
4177.7384,12.393,0.042
4180.60892,12.207,0.047
4182.64159,12.576,0.051
4184.63721,12.183,0.043
4188.63784,12.364,0.044
4190.66278,12.279,0.042
4192.67183,12.171,0.039
4194.71055,12.455,0.042
4197.70706,12.225,0.045
4200.62223,12.185,0.04
4203.62999,12.175,0.044
4205.63245,12.555,0.044
4208.69763,12.339,0.048
4213.61657,12.324,0.047
4216.6279,12.488,0.039
4229.48413,12.233,0.04
4231.48382,12.186,0.041
4233.50629,12.554,0.038
4235.50913,12.282,0.04
4237.55772,12.205,0.046
4246.5352,12.115,0.041
4249.51477,12.198,0.04
4253.51516,12.275,0.041
4256.52639,12.618,0.044
4258.53557,12.132,0.041
4271.47498,12.13,0.051
4276.48417,12.367,0.042
4281.46801,12.235,0.039
4284.48404,12.311,0.042
4290.45863,12.707,0.044
4295.4566,12.234,0.041
4365.90018,12.15,0.041
4377.8786,12.219,0.04
4381.87717,12.35,0.039
4385.87014,12.262,0.04
4403.86448,12.229,0.044
4408.82518,12.112,0.039
4412.85918,12.317,0.038
4422.79336,12.18,0.046
4426.83069,12.274,0.044
4429.81577,12.374,0.039
4433.78027,12.226,0.037
4436.80697,12.524,0.038
4439.81949,12.298,0.044
4442.80674,12.25,0.041
4452.78309,12.432,0.043
4455.76585,12.246,0.041
4458.75496,12.616,0.054
4461.75392,12.398,0.04
4464.74588,12.415,0.038
4467.74538,12.205,0.04
4470.74045,12.266,0.045
4473.82054,12.205,0.054
4477.7208,12.226,0.043
4479.82299,12.161,0.042
4482.75552,12.188,0.052
4485.74961,12.184,0.048
4487.77424,12.42,0.04
4490.67587,12.262,0.038
4492.72064,12.649,0.04
4494.7384,12.231,0.04
4497.85496,12.29,0.045
4500.65845,12.346,0.048
4502.79864,12.277,0.053
4505.63997,12.185,0.044
4507.69434,12.372,0.047
4509.77004,12.288,0.04
4512.61868,12.369,0.044
4515.77015,12.515,0.046
4518.60157,12.186,0.04
4520.64087,12.369,0.049
4522.64745,12.142,0.046
4524.66339,12.26,0.04
4526.68054,12.367,0.045
4531.6119,12.25,0.047
4534.58529,12.311,0.046
4537.60022,12.366,0.045
4539.6119,12.31,0.05
4541.6178,12.142,0.043
4543.63677,12.435,0.042
4545.66627,12.205,0.045
4547.68369,12.296,0.042
4550.57144,12.381,0.048
4552.66326,12.257,0.041
4554.69134,12.179,0.042
4559.54775,12.176,0.044
4561.60836,12.206,0.04
4563.63904,12.234,0.041
4565.65122,12.102,0.044
4567.66149,12.305,0.041
4569.65845,12.264,0.045
4571.64993,12.196,0.041
4573.66499,12.215,0.046
4576.52028,12.233,0.05
4580.52367,12.295,0.048
4583.58096,12.44,0.04
4586.61025,12.166,0.041
4589.55236,12.774,0.044
4591.59653,12.237,0.04
4593.59849,12.255,0.04
4595.57085,12.418,0.042
4597.55751,12.322,0.04
4599.58916,12.158,0.042
4601.59953,12.349,0.041
4606.5089,12.656,0.046
4608.53946,12.144,0.04
4611.52179,12.317,0.042
4616.54591,12.144,0.042
4620.499,12.285,0.041
4623.4958,12.608,0.041
4626.48847,12.353,0.044
4630.53103,12.136,0.039
4633.49611,12.131,0.045
4641.46757,12.227,0.045
4643.47997,12.309,0.045
4645.49501,12.215,0.045
4648.4792,12.367,0.055
4652.46604,12.256,0.047
4655.46223,12.297,0.043
4746.86041,12.262,0.045
4755.8675,12.092,0.039
4759.85766,12.229,0.038
4763.84741,12.286,0.039
4767.8419,12.157,0.038
4771.83088,12.479,0.042
4775.81482,12.2,0.037
4778.84278,12.125,0.037
4783.83961,12.182,0.046
4787.80303,12.172,0.043
4794.819,12.242,0.041
4798.79141,12.213,0.04
4801.83518,12.183,0.041
4805.77438,12.264,0.038
4808.81501,12.548,0.038
4812.80232,12.272,0.044
4815.7868,12.111,0.039
4819.77974,12.335,0.037
4822.76653,12.463,0.036
4825.75951,12.694,0.037
4828.74715,12.366,0.042
4831.74092,12.508,0.037
4834.72717,12.299,0.038
4837.72434,12.372,0.046
4842.83294,12.178,0.047
4845.81319,12.301,0.049
4848.69573,12.525,0.04
4850.76116,12.198,0.037
4853.72183,12.234,0.045
4856.72013,12.294,0.043
4860.66884,12.214,0.041
4862.75376,12.386,0.046
4865.69456,12.899,0.043
4868.66618,12.211,0.04
4870.75869,12.222,0.046
4872.81527,12.286,0.043
4875.79128,12.162,0.046
4877.81873,12.679,0.052
4883.61679,12.193,0.039
4885.82305,12.312,0.054
4888.64717,12.337,0.047
4890.82496,12.262,0.056
4893.62102,12.591,0.046
4898.74962,12.125,0.059
4907.77423,12.205,0.052
4911.64372,12.366,0.052
4918.55688,12.251,0.05
4920.63611,12.19,0.049
4929.64994,12.149,0.057
4932.62603,12.176,0.05
4936.68197,12.25,0.05
4946.63304,12.103,0.053
4962.5557,12.647,0.052
4990.52814,12.377,0.052
5014.45814,12.302,0.05
5022.46162,12.155,0.056
5087.90413,12.236,0.047
5092.89836,12.287,0.045
5113.86469,12.197,0.05
5124.87352,12.683,0.054
5145.85297,12.123,0.046
5161.85371,12.229,0.049
5165.814,12.245,0.046
