1868.8286,11.547,0.034
1870.77533,11.551,0.038
1872.76391,11.58,0.039
1874.76409,11.572,0.04
1876.7583,11.542,0.038
1878.75551,11.515,0.032
1880.74566,11.538,0.031
1884.76718,11.648,0.033
1884.78032,11.679,0.026
1885.85717,11.524,0.032
1887.73391,11.529,0.035
1889.73908,11.844,0.038
1899.76127,11.553,0.034
1900.76678,11.518,0.03
1902.75086,11.543,0.031
1903.7762,11.577,0.032
1904.7813,11.534,0.031
1904.8219,11.5,0.028
1905.75762,11.543,0.035
1906.76039,11.566,0.033
1907.76053,11.547,0.03
1908.74579,11.92,0.032
1913.72277,11.566,0.032
1913.73774,11.517,0.025
1914.73977,11.537,0.026
1915.73648,11.851,0.033
1915.74247,11.888,0.027
1918.74189,11.506,0.032
1920.71694,11.639,0.032
1920.73422,11.615,0.026
1921.72015,11.53,0.032
1922.71944,11.553,0.03
1924.70699,11.553,0.033
1925.71234,11.608,0.039
1926.70651,11.518,0.031
1928.70611,11.506,0.03
1928.71889,11.502,0.026
1929.70361,11.572,0.03
1929.7119,11.539,0.026
1930.69743,11.566,0.03
1930.71022,11.555,0.027
1931.69218,11.594,0.046
1932.69449,11.557,0.029
1933.69452,11.511,0.031
1934.68659,11.556,0.03
1934.6994,11.517,0.025
1935.61952,11.538,0.031
1935.71018,11.541,0.03
1935.73345,11.524,0.025
1937.65744,11.578,0.031
1939.65215,11.988,0.031
1939.71006,11.704,0.026
1941.63207,11.5,0.03
1941.64358,11.519,0.026
1945.68202,11.484,0.031
1945.69867,11.516,0.027
1946.6864,11.959,0.031
1946.70358,12.074,0.027
1948.62561,11.541,0.033
1948.63197,11.553,0.029
1949.66853,11.513,0.04
1949.68158,11.549,0.035
1950.66357,11.535,0.035
1952.64328,11.554,0.036
1953.65262,11.597,0.033
1954.65129,11.56,0.033
1955.6454,11.543,0.035
1958.64034,12.116,0.031
1961.63784,11.522,0.032
1961.6697,11.54,0.03
1963.61392,11.533,0.036
1963.62997,11.462,0.034
1964.62616,11.589,0.033
1964.64157,11.485,0.032
1965.62152,11.537,0.034
1965.63239,11.581,0.031
1966.62355,11.54,0.036
1966.63218,11.45,0.034
1967.6139,11.573,0.036
1967.62703,11.462,0.034
1968.61355,11.506,0.037
1968.6267,11.464,0.037
1977.59785,11.874,0.042
1977.60434,11.939,0.041
1979.58058,11.605,0.047
1980.59927,11.676,0.042
1980.6058,11.544,0.042
1981.60199,11.546,0.044
1981.60635,11.569,0.04
1982.58636,11.62,0.036
1982.59748,11.575,0.035
1984.58024,11.522,0.039
1985.57528,11.562,0.041
1993.56168,11.566,0.044
1994.59462,11.595,0.044
2025.47522,11.594,0.033
2026.4751,11.548,0.03
2027.51475,11.625,0.034
2030.46656,11.542,0.034
2031.46257,11.458,0.036
2032.51934,11.68,0.03
2033.48552,11.557,0.036
2038.49256,11.522,0.029
2053.47504,11.555,0.031
2053.48562,11.562,0.037
2055.49533,11.465,0.033
2055.50892,11.559,0.037
2057.50107,11.544,0.034
2057.51163,11.563,0.035
2059.50193,11.501,0.036
2068.50937,11.571,0.035
2071.47081,11.522,0.044
2081.45969,11.531,0.028
2082.45251,11.724,0.036
2085.4695,11.529,0.028
2087.45533,11.551,0.033
2167.90101,11.801,0.035
2172.88334,11.651,0.032
2184.85496,11.544,0.036
2186.87164,11.569,0.038
2189.85691,11.531,0.032
2191.85114,11.88,0.032
2193.85231,11.588,0.032
2196.8464,11.514,0.049
2198.85093,11.993,0.032
2200.85417,11.54,0.033
2202.83928,11.503,0.033
2206.80857,11.526,0.032
2212.81433,11.599,0.039
2212.83441,11.555,0.037
2216.80325,11.553,0.034
2221.83395,11.546,0.039
2224.81758,11.536,0.036
2226.79263,11.555,0.035
2228.78491,11.512,0.035
2230.78134,11.523,0.035
2233.75429,11.519,0.035
2235.7614,11.543,0.046
2239.78992,11.53,0.034
2241.76486,11.984,0.043
2243.7557,11.519,0.047
2247.79384,11.493,0.045
2248.85195,12.12,0.047
2251.83207,11.66,0.048
2254.79344,11.538,0.047
2256.73269,11.479,0.043
2260.77169,12.248,0.046
2440.45957,11.531,0.028
2443.46648,11.564,0.027
2443.47698,11.594,0.032
2454.47902,11.575,0.037
2466.45454,11.557,0.035
2540.86897,11.505,0.034
2545.85147,11.576,0.031
2545.8763,11.541,0.028
2552.86177,11.563,0.029
2556.88137,11.489,0.042
2557.86366,11.561,0.034
2559.87524,11.569,0.031
2562.84996,12.054,0.033
2578.84288,11.617,0.035
2621.84559,11.537,0.033
2621.8539,11.528,0.031
2623.79968,11.573,0.031
2625.78539,11.544,0.031
2628.76277,11.499,0.028
2632.81699,11.524,0.033
2632.82305,11.544,0.028
2635.75345,11.474,0.038
2637.7793,11.555,0.03
2639.79972,11.544,0.032
2639.80798,11.543,0.025
2642.73616,11.544,0.029
2644.76124,11.578,0.036
2646.73849,11.518,0.039
2649.73267,11.575,0.033
2651.70039,11.588,0.039
2651.70871,11.503,0.027
2655.75957,11.82,0.031
2658.71728,11.528,0.034
2660.71719,11.533,0.033
2662.71201,11.725,0.034
2662.72959,11.808,0.025
2664.70569,11.802,0.033
2666.70101,11.591,0.034
2670.70235,11.53,0.033
2670.71984,11.519,0.027
2672.69859,11.567,0.031
2672.72065,11.575,0.025
2674.69092,12.128,0.031
2674.70847,12.128,0.025
2676.67274,11.507,0.034
2676.69254,11.485,0.03
2678.66273,11.526,0.03
2678.68033,11.557,0.029
2679.69541,11.574,0.029
2680.6565,11.561,0.043
2681.77438,11.93,0.031
2683.69651,11.516,0.036
2683.82155,11.538,0.03
2685.67246,11.533,0.034
2685.69031,11.552,0.027
2685.70017,11.528,0.042
2688.80455,11.538,0.037
2689.67068,11.559,0.028
2690.73213,11.573,0.033
2691.66498,11.566,0.036
2692.78879,11.513,0.033
2693.67753,11.963,0.033
2694.70729,11.528,0.03
2696.77707,11.502,0.028
2698.81304,11.579,0.032
2700.70076,11.585,0.031
2700.79735,11.847,0.032
2704.70061,11.547,0.027
2706.64716,11.537,0.032
2706.67042,11.563,0.027
2709.75268,11.574,0.037
2710.60949,11.542,0.032
2711.64227,11.547,0.03
2711.71289,11.561,0.029
2712.77925,12.087,0.033
2713.67055,11.598,0.026
2714.62402,11.474,0.03
2714.76918,11.52,0.031
2717.64011,11.698,0.027
2719.70193,11.57,0.026
2719.70477,11.63,0.032
2720.74055,11.52,0.033
2724.66483,12.131,0.029
2726.64406,11.534,0.031
2726.65795,11.507,0.026
2728.6353,11.524,0.031
2728.64925,11.578,0.026
2730.63125,11.653,0.032
2730.6452,11.52,0.027
2733.67762,11.573,0.032
2733.69162,11.539,0.026
2735.67115,11.572,0.031
2735.6853,11.53,0.027
2737.65824,11.462,0.033
2737.67229,11.568,0.027
2739.64842,11.53,0.032
2739.66251,11.472,0.027
2741.61577,11.546,0.033
2741.62052,11.54,0.03
2742.71342,11.486,0.036
2742.7306,11.516,0.03
2744.61737,11.519,0.032
2744.61992,11.511,0.028
2747.6597,11.542,0.033
2747.66509,11.603,0.03
2751.55639,11.541,0.029
2754.55699,11.528,0.031
2754.55965,11.544,0.026
2756.55637,11.566,0.032
2758.54989,11.66,0.047
2760.56244,11.58,0.032
2760.56798,11.562,0.026
2762.56123,11.548,0.041
2762.564,11.584,0.033
2764.5457,11.557,0.031
2764.5485,11.57,0.031
2766.60324,11.519,0.031
2770.59761,11.537,0.032
2770.60047,11.539,0.027
2775.49638,11.507,0.026
2776.60516,11.595,0.028
2782.51918,11.576,0.029
2782.57984,11.51,0.03
2784.52668,11.592,0.031
2784.56363,11.529,0.03
2786.52472,12.039,0.036
2786.55898,12.043,0.032
2789.52071,11.49,0.034
2789.55488,11.514,0.035
2791.54831,11.551,0.032
2792.4891,11.574,0.032
2794.50785,11.524,0.03
2795.47452,11.581,0.039
2797.50031,11.572,0.038
2804.47463,11.676,0.03
2804.50643,11.634,0.039
2809.47495,11.532,0.027
2809.50539,11.543,0.031
2811.48937,11.64,0.027
2811.51411,11.593,0.029
2813.4897,11.525,0.027
2813.51234,11.552,0.03
2819.47093,11.524,0.031
2821.47902,11.551,0.025
2826.46829,11.534,0.027
2830.46923,11.545,0.028
2831.46513,11.533,0.035
2835.45584,11.577,0.036
2835.4659,11.517,0.027
2907.8907,12.284,0.048
2916.87412,11.524,0.03
2922.86027,11.548,0.033
2929.85461,11.522,0.036
2932.86331,11.556,0.032
2940.83157,11.599,0.032
2943.83434,11.526,0.033
2946.81691,11.513,0.031
2947.81116,11.581,0.034
2949.82809,11.518,0.032
2956.81548,11.583,0.03
2956.83724,11.51,0.042
2960.82098,11.57,0.031
2960.83028,11.53,0.026
2963.82992,11.585,0.031
2967.79199,11.523,0.031
2971.78817,11.581,0.032
2971.79486,11.527,0.026
2974.83475,11.539,0.031
2974.83885,11.573,0.026
2977.75473,11.6,0.041
2979.81538,11.531,0.03
2979.82441,11.608,0.024
2982.80978,11.572,0.033
2985.79399,11.515,0.032
2985.80342,11.577,0.027
2988.78475,11.92,0.04
2988.79161,11.903,0.028
2991.77448,11.509,0.03
2991.78619,11.505,0.025
2994.76292,11.544,0.03
2994.77723,11.564,0.026
2997.75497,11.58,0.031
2997.76905,11.542,0.027
2998.77538,11.606,0.028
3000.81124,11.58,0.03
3001.76023,11.632,0.025
3003.80499,11.5,0.027
3006.73968,11.577,0.029
3008.7529,11.471,0.031
3008.78137,11.512,0.028
3010.78273,11.527,0.031
3010.81154,11.499,0.026
3013.7145,11.52,0.031
3013.72884,11.502,0.027
3016.75504,11.53,0.029
3016.77704,11.507,0.026
3018.76265,11.552,0.03
3018.78188,11.475,0.028
3023.74937,11.549,0.03
3023.75359,11.506,0.026
3028.73874,11.579,0.029
3030.68439,11.518,0.025
3030.76873,11.985,0.032
3032.74856,11.593,0.03
3033.66659,11.612,0.029
3034.77257,11.492,0.027
3035.71318,11.51,0.031
3037.86232,11.567,0.028
3039.8201,11.637,0.031
3041.74088,11.51,0.029
3042.72109,11.551,0.031
3043.77991,11.558,0.031
3044.75416,11.499,0.03
3046.64496,11.557,0.025
3047.68274,11.525,0.031
3049.68125,11.565,0.025
3050.65093,11.981,0.029
3052.66112,11.543,0.025
3052.7898,11.562,0.033
3055.60715,11.567,0.039
3056.73124,11.543,0.027
3057.64842,11.882,0.035
3059.69827,11.519,0.031
3061.59913,11.521,0.03
3061.72096,11.565,0.038
3063.66782,11.569,0.04
3066.68336,11.471,0.026
3066.80862,11.601,0.031
3068.64736,11.537,0.026
3068.71306,11.557,0.031
3070.67519,11.658,0.027
3070.7387,11.526,0.032
3072.75668,11.434,0.031
3073.61152,11.538,0.032
3074.72403,11.544,0.028
3075.65385,11.515,0.031
3076.75202,12.144,0.026
3077.67085,11.556,0.033
3078.7801,11.63,0.029
3079.68757,11.521,0.045
3081.56524,12.007,0.026
3081.71952,11.557,0.031
3085.58487,11.57,0.025
3085.71188,11.573,0.029
3087.58612,11.662,0.033
3087.7143,11.519,0.034
3089.61529,11.43,0.036
3089.73863,11.514,0.033
3091.61271,11.569,0.034
3091.75284,11.544,0.032
3093.60675,11.586,0.027
3093.74166,11.591,0.032
3097.6079,11.596,0.028
3097.68788,11.538,0.031
3099.64608,11.481,0.03
3100.52978,12.231,0.032
3101.64632,11.508,0.027
3102.54754,11.534,0.029
3103.64554,11.544,0.035
3104.56514,11.517,0.031
3105.63895,11.661,0.035
3106.57337,11.543,0.03
3107.64344,11.996,0.026
3108.57782,11.541,0.034
3109.64851,11.523,0.026
3110.58265,11.525,0.03
3111.65308,11.485,0.026
3112.59244,11.545,0.031
3113.67,11.906,0.024
3114.60252,11.568,0.03
3115.67128,11.522,0.026
3116.62408,11.519,0.027
3116.62594,11.552,0.048
3121.50953,11.561,0.033
3121.58111,11.537,0.032
3125.56241,11.585,0.026
3125.60778,11.585,0.032
3127.59677,11.498,0.028
3127.62834,11.493,0.038
3129.64371,11.484,0.032
3130.51098,11.565,0.032
3131.63094,11.536,0.028
3133.63114,11.592,0.027
3134.56021,11.556,0.032
3142.5361,11.547,0.025
3142.59326,11.541,0.033
3145.56886,11.649,0.026
3146.54349,11.546,0.03
3153.47398,11.584,0.026
3153.53515,11.503,0.033
3155.57677,11.531,0.042
3156.53572,11.608,0.033
3159.47916,11.573,0.031
3159.55846,11.622,0.036
3162.52234,11.656,0.027
3163.4988,11.552,0.03
3164.53727,11.57,0.025
3165.52083,11.486,0.035
3167.5451,11.539,0.025
3168.52173,11.493,0.029
3171.4941,11.576,0.027
3175.49542,11.527,0.027
3176.50396,11.527,0.03
3177.51081,11.567,0.026
3179.50513,11.589,0.031
3182.49305,11.645,0.027
3184.48052,11.547,0.032
3186.47608,11.611,0.026
3187.45232,11.441,0.029
3187.46687,11.478,0.032
3190.46365,11.568,0.027
3280.8822,11.584,0.038
3298.87123,11.472,0.04
3355.7786,11.561,0.034
3358.7646,11.622,0.038
3365.76697,11.561,0.032
3366.78625,11.524,0.036
3385.69545,11.535,0.04
3387.74793,11.613,0.041
3390.6816,11.762,0.038
3392.76074,11.593,0.053
3395.74983,11.555,0.046
3397.78391,11.612,0.034
3400.657,11.517,0.032
3403.69553,11.565,0.04
3405.70467,11.529,0.039
3407.75407,11.584,0.037
3409.74858,11.993,0.037
3411.81753,11.583,0.041
3416.67079,11.589,0.039
3422.68065,11.538,0.045
3424.68892,11.578,0.046
3426.69016,11.552,0.042
3430.70248,11.553,0.034
3434.69288,11.514,0.048
3438.5699,11.564,0.043
3440.67732,11.956,0.032
3443.73381,11.536,0.038
3447.72353,11.62,0.045
3449.74959,11.556,0.046
3452.61002,12.037,0.039
3454.68233,11.535,0.038
3456.69034,11.546,0.033
3458.66361,11.539,0.038
3460.66367,11.548,0.036
3462.67061,11.538,0.039
3464.70311,11.567,0.032
3467.71657,11.529,0.034
3470.50575,11.617,0.032
3472.54146,11.532,0.034
3474.59199,11.573,0.034
3476.65791,11.612,0.039
3478.64562,11.549,0.039
3480.6406,11.562,0.043
3482.64807,11.551,0.046
3490.57712,11.666,0.036
3492.57901,11.515,0.047
3496.58337,11.54,0.031
3501.58187,11.57,0.036
3504.49378,11.517,0.038
3509.52498,11.563,0.031
3512.53729,11.485,0.034
3516.53878,11.572,0.05
3520.53252,11.522,0.033
3522.55598,11.634,0.052
3527.5112,11.49,0.043
3529.51438,11.577,0.037
3539.47595,11.569,0.035
3543.47546,11.508,0.037
3547.47528,11.568,0.032
3556.4595,11.519,0.033
3560.45959,11.541,0.036
3631.9023,11.522,0.036
3651.87596,11.547,0.038
3655.86829,11.539,0.044
3659.85472,11.507,0.036
3663.84543,11.587,0.039
3670.84548,11.529,0.032
3674.82887,11.555,0.033
3678.85878,11.576,0.039
3701.8129,11.598,0.042
3705.79051,11.523,0.043
3712.8366,11.572,0.032
3715.81074,11.494,0.043
3718.79726,11.663,0.043
3721.77376,11.592,0.034
3727.75659,11.568,0.045
3731.76043,11.563,0.047
3734.77434,11.411,0.041
3737.74915,11.53,0.032
3740.72557,11.57,0.043
3743.71677,11.496,0.038
3745.80191,11.544,0.036
3748.71607,11.558,0.042
3751.69827,11.579,0.038
3753.79663,11.549,0.039
3756.68757,11.512,0.048
3758.74408,11.544,0.035
3761.67261,11.554,0.042
3763.75765,11.609,0.054
3766.66184,12.102,0.05
3768.7505,11.562,0.042
3771.63701,11.596,0.043
3773.69923,11.682,0.044
3775.70933,11.508,0.04
3780.61554,11.534,0.049
3787.66862,11.551,0.038
3789.71637,11.563,0.035
3792.63108,11.597,0.038
3794.68211,11.512,0.038
3796.70866,11.525,0.034
3798.78164,11.588,0.044
3801.58734,11.52,0.046
3803.70077,11.524,0.045
3805.69203,11.604,0.036
3808.69308,11.62,0.041
3810.73579,11.501,0.041
3812.76442,11.505,0.042
3815.56254,11.538,0.04
3817.59379,11.578,0.042
3819.62194,11.55,0.04
3821.67784,11.618,0.045
3823.68734,12.158,0.037
3825.6999,11.598,0.039
3827.74245,11.505,0.036
3832.56871,11.519,0.049
3834.5777,11.557,0.047
3836.59417,11.513,0.043
3848.54114,11.58,0.048
3850.57603,11.493,0.041
3852.5666,11.583,0.034
3854.57552,11.752,0.038
3856.6189,11.534,0.035
3861.55836,11.535,0.034
3863.56079,11.562,0.034
3865.57155,11.556,0.035
3867.60751,11.568,0.037
3869.60506,11.453,0.04
3871.59867,11.57,0.036
3875.58814,11.582,0.034
3881.56851,11.531,0.034
3886.4839,11.581,0.031
3890.51763,11.537,0.034
3892.53307,11.566,0.04
3896.52763,11.536,0.036
3899.49479,11.541,0.036
3901.52599,11.515,0.033
3904.48076,11.586,0.036
3906.49608,11.594,0.035
3908.50696,11.568,0.035
4091.76692,11.543,0.042
4104.79267,11.61,0.04
4106.80232,11.983,0.039
4111.76568,11.584,0.039
4125.67752,11.582,0.036
4127.71934,11.572,0.033
4129.71827,11.547,0.033
4131.7628,11.61,0.043
4136.64645,11.576,0.038
4140.69032,11.585,0.032
4142.72016,11.563,0.042
4144.76204,11.507,0.042
4147.61639,11.584,0.032
4150.68884,11.532,0.042
4152.70137,11.582,0.033
4154.73339,11.593,0.037
4156.74937,11.909,0.044
4158.77073,11.53,0.042
4160.78394,11.573,0.032
4162.74122,11.63,0.037
4164.75836,11.506,0.048
4167.71189,11.529,0.04
4172.7725,11.537,0.035
4175.54502,11.519,0.038
4177.7384,11.535,0.035
4180.60892,12.193,0.041
4184.63721,11.583,0.035
4188.63784,11.498,0.038
4190.66278,11.522,0.032
4192.67183,11.62,0.033
4194.71055,11.526,0.035
4197.70706,11.571,0.039
4200.62223,11.527,0.032
4203.62999,11.563,0.037
4205.63245,11.577,0.039
4208.69763,11.595,0.042
4213.61657,11.557,0.041
4216.6279,11.56,0.032
4229.48413,11.547,0.031
4231.48382,11.552,0.032
4233.50629,11.589,0.03
4235.50913,11.575,0.032
4237.55772,11.717,0.042
4246.5352,11.556,0.032
4249.51477,11.922,0.031
4253.51516,11.547,0.032
4256.52639,11.571,0.036
4258.53557,11.753,0.033
4271.47498,11.528,0.045
4276.48417,11.532,0.036
4281.46801,11.535,0.034
4284.48404,11.531,0.036
4290.45863,11.55,0.033
4295.4566,11.591,0.034
4365.90018,11.606,0.032
4377.8786,11.573,0.036
4381.87717,11.598,0.034
4385.87014,11.535,0.031
4403.86448,11.617,0.036
4408.82518,11.614,0.033
4412.85918,11.55,0.033
4422.79336,11.537,0.04
4426.83069,11.598,0.04
4429.81577,11.537,0.033
4433.78027,11.547,0.031
4436.80697,11.569,0.032
4439.81949,11.846,0.037
4442.80674,11.576,0.034
4452.78309,11.562,0.037
4455.76585,11.568,0.033
4458.75496,11.602,0.048
4461.75392,11.528,0.034
4464.74588,11.511,0.032
4467.74538,11.562,0.034
4470.74045,11.869,0.039
4473.82054,11.527,0.048
4477.7208,11.565,0.035
4479.82299,11.518,0.035
4482.75552,12.068,0.045
4485.74961,11.585,0.039
4487.77424,11.59,0.033
4490.67587,11.528,0.032
4492.72064,11.637,0.032
4494.7384,11.704,0.033
4497.85496,11.587,0.035
4500.65845,11.542,0.043
4502.79864,11.632,0.043
4505.63997,11.59,0.035
4507.69434,11.562,0.039
4509.77004,11.572,0.035
4512.61868,11.513,0.038
4515.77015,11.588,0.041
4518.60157,11.486,0.034
4520.64087,11.567,0.038
4522.64745,11.603,0.04
4524.66339,11.562,0.032
4526.68054,11.566,0.038
4531.6119,11.527,0.038
4534.58529,11.56,0.039
4537.60022,11.585,0.038
4539.6119,11.559,0.047
4541.6178,11.544,0.036
4543.63677,11.541,0.036
4545.66627,11.524,0.044
4547.68369,11.519,0.038
4550.57144,11.579,0.044
4552.66326,11.554,0.034
4554.69134,11.447,0.037
4559.54775,11.52,0.038
4561.60836,11.607,0.034
4563.63904,12.166,0.034
4565.65122,11.574,0.037
4567.66149,11.543,0.034
4569.65845,11.523,0.037
4571.64993,11.53,0.034
4573.66499,11.506,0.039
4576.52028,11.557,0.041
4580.52367,11.567,0.039
4583.58096,11.547,0.034
4586.61025,11.589,0.034
4589.55236,11.564,0.036
4591.59653,11.587,0.036
4593.59849,11.568,0.035
4595.57085,11.563,0.034
4597.55751,11.563,0.032
4599.58916,11.543,0.037
4601.59953,11.979,0.034
4606.5089,11.861,0.043
4608.53946,11.576,0.034
4611.52179,11.533,0.035
4616.54591,11.551,0.033
4620.499,11.584,0.034
4623.4958,11.556,0.034
4626.48847,11.535,0.034
4630.53103,11.524,0.033
4633.49611,11.604,0.04
4641.46757,11.594,0.037
4643.47997,11.566,0.038
4645.49501,11.589,0.044
4648.4792,11.579,0.046
4652.46604,11.591,0.043
4655.46223,11.522,0.038
4746.86041,11.907,0.037
4755.8675,11.499,0.034
4759.85766,11.584,0.034
4763.84741,11.571,0.034
4767.8419,11.574,0.03
4771.83088,11.651,0.038
4775.81482,11.518,0.03
4778.84278,11.548,0.031
4783.83961,11.593,0.041
4787.80303,11.596,0.037
4794.819,11.587,0.036
4798.79141,11.534,0.032
4801.83518,11.589,0.033
4805.77438,11.534,0.031
4808.81501,11.403,0.031
4812.80232,11.58,0.038
4815.7868,12.095,0.035
4819.77974,11.567,0.031
4822.76653,11.55,0.031
4825.75951,11.531,0.032
4828.74715,11.543,0.037
4831.74092,11.521,0.031
4834.72717,11.837,0.032
4837.72434,11.549,0.041
4842.83294,11.634,0.042
4845.81319,11.576,0.047
4848.69573,11.595,0.033
4850.76116,11.508,0.032
4853.72183,11.715,0.038
4856.72013,11.595,0.035
4860.66884,11.613,0.034
4862.75376,11.609,0.039
4865.69456,12.062,0.041
4868.66618,11.461,0.035
4870.75869,11.641,0.038
4872.81527,12.034,0.038
4875.79128,11.543,0.039
4877.81873,11.565,0.043
4883.61679,11.541,0.034
4885.82305,11.563,0.049
4888.64717,11.6,0.043
4890.82496,11.558,0.051
4893.62102,11.534,0.044
4898.74962,11.631,0.055
4907.77423,11.538,0.049
4911.64372,11.561,0.052
4918.55688,11.536,0.046
4920.63611,11.564,0.044
4929.64994,11.544,0.054
4932.62603,11.645,0.048
4936.68197,11.511,0.048
4946.63304,11.955,0.051
4962.5557,11.568,0.05
4990.52814,11.533,0.052
5014.45814,11.571,0.047
5022.46162,11.487,0.052
5087.90413,11.53,0.044
5092.89836,11.57,0.042
5113.86469,11.561,0.047
5124.87352,11.611,0.051
5145.85297,11.592,0.042
5161.85371,11.532,0.048
5165.814,11.567,0.044
