1868.85905,11.659,0.026
1870.80856,11.49,0.028
1872.80408,11.017,0.026
1874.79703,12.039,0.025
1876.79864,11.55,0.024
1878.78834,11.366,0.024
1880.77882,11.059,0.025
1884.79127,11.459,0.023
1887.76484,10.791,0.025
1889.76559,11.553,0.033
1899.77196,11.388,0.024
1900.78193,11.232,0.023
1902.7681,10.858,0.024
1903.79135,11.16,0.024
1905.77943,11.525,0.023
1906.78496,11.478,0.024
1907.76868,11.358,0.024
1913.73548,11.365,0.022
1915.75399,10.948,0.023
1922.7322,10.791,0.025
1924.71967,11.603,0.024
1926.71925,11.589,0.024
1928.71664,11.28,0.023
1929.71188,11.052,0.021
1930.71019,10.875,0.023
1931.70264,11.325,0.033
1932.70273,11.565,0.023
1933.70279,11.473,0.023
1934.69933,11.403,0.023
1936.67423,11.039,0.023
1939.67039,11.563,0.022
1941.65174,11.326,0.023
1950.6609,10.782,0.035
1952.65589,11.623,0.033
1953.64718,11.542,0.029
1954.65705,11.554,0.032
1955.65114,11.46,0.033
1958.63759,10.906,0.027
1963.62707,11.274,0.031
1964.62955,11.008,0.028
1965.62711,10.91,0.028
1966.62693,11.428,0.028
1967.62399,11.555,0.031
1968.61686,11.594,0.033
1979.58589,11.021,0.036
2027.5279,10.958,0.025
2033.49632,11.298,0.025
2053.51662,11.578,0.027
2058.44781,11.549,0.031
2069.46439,11.26,0.025
2184.88043,10.678,0.03
2190.87646,11.215,0.027
2192.87548,10.889,0.028
2196.86,11.444,0.028
2198.86234,11.146,0.028
2200.86785,11.14,0.029
2202.86046,11.558,0.029
2206.84084,10.806,0.034
2212.86223,10.991,0.029
2214.83213,11.604,0.032
2216.82902,11.538,0.032
2224.81135,11.471,0.03
2226.82102,11.165,0.033
2228.81341,11.171,0.03
2230.81232,11.61,0.029
2233.7827,10.847,0.032
2235.79424,11.686,0.04
2237.79405,11.668,0.035
2240.7668,10.845,0.034
2242.7753,11.344,0.04
2244.783,11.542,0.044
2250.76074,11.596,0.045
2251.84277,11.468,0.04
2254.80854,11.273,0.039
2256.75702,11.456,0.041
2258.75594,11.521,0.041
2260.78422,11.362,0.039
2261.80369,11.048,0.044
2263.74752,11.548,0.04
2265.74236,11.57,0.045
2266.80105,11.602,0.045
2552.87764,10.661,0.023
2556.87927,11.627,0.047
2561.87644,11.198,0.023
2621.85134,11.449,0.022
2625.79575,11.572,0.022
2628.76161,11.35,0.039
2628.77551,11.341,0.023
2632.82294,11.68,0.028
2635.77091,11.385,0.027
2637.79027,11.025,0.022
2639.80341,11.076,0.021
2642.74978,11.448,0.022
2646.74927,11.328,0.023
2651.70868,10.703,0.022
2655.76557,11.637,0.024
2658.72562,10.718,0.027
2660.7232,11.614,0.036
2662.71799,11.54,0.022
2664.71392,11.222,0.022
2666.707,10.893,0.022
2670.70605,11.427,0.027
2672.71587,11.178,0.022
2674.70138,11.262,0.022
2676.68773,11.537,0.021
2678.67087,11.159,0.021
2680.66696,11.177,0.023
2683.81662,11.623,0.024
2686.67625,10.827,0.038
2689.71297,11.51,0.023
2691.66196,11.422,0.023
2693.67443,11.183,0.022
2695.67659,10.871,0.048
2697.66864,11.543,0.025
2699.66136,11.343,0.021
2701.65933,10.864,0.021
2703.65512,11.567,0.02
2707.64319,10.945,0.021
2709.62735,11.713,0.022
2710.77338,10.528,0.023
2712.59849,11.414,0.024
2714.61336,10.929,0.026
2715.71123,11.146,0.026
2719.59953,11.427,0.022
2720.72333,11.473,0.023
2722.63701,11.104,0.022
2724.63484,11.364,0.022
2726.63314,11.457,0.023
2728.62435,11.182,0.024
2730.62024,11.18,0.022
2733.66653,11.592,0.03
2735.66224,11.303,0.022
2737.6493,10.441,0.026
2739.63942,11.576,0.024
2741.60673,11.368,0.026
2743.61423,11.034,0.025
2745.6408,11.007,0.032
2750.5307,10.963,0.022
2751.6294,11.034,0.021
2754.60179,11.563,0.022
2756.60112,11.233,0.023
2759.48106,11.533,0.024
2761.50407,11.449,0.022
2763.49987,10.835,0.025
2766.50229,11.539,0.023
2770.50558,11.149,0.024
2775.53061,11.498,0.025
2782.55326,11.539,0.026
2784.54395,11.274,0.021
2792.48109,10.732,0.025
2796.45702,11.521,0.037
2804.4889,11.441,0.029
2809.49013,11.569,0.024
2812.45656,11.203,0.025
2814.46391,10.4,0.029
2819.45556,11.262,0.024
2910.89567,11.492,0.029
2923.87023,11.557,0.033
2927.86193,10.955,0.024
2931.86296,11.493,0.023
2935.85584,10.96,0.03
2940.86433,11.316,0.022
2944.82545,11.638,0.032
2947.84916,11.212,0.025
2951.83444,11.529,0.024
2955.82354,11.125,0.023
2958.8494,11.336,0.028
2962.81537,11.069,0.043
2965.83458,11.554,0.025
2972.8452,11.66,0.025
2975.7831,11.251,0.022
2977.82109,10.757,0.033
2980.79301,11.555,0.024
2983.80388,11.289,0.026
2986.80505,11.257,0.024
2989.79439,11.379,0.024
2992.77862,11.333,0.027
2995.77611,11.531,0.023
2998.79433,10.788,0.023
3001.80374,11.582,0.022
3006.75651,11.004,0.023
3008.77388,11.498,0.022
3010.80389,11.529,0.023
3013.72868,10.925,0.026
3016.75898,11.548,0.024
3018.76925,11.299,0.025
3023.75332,11.609,0.039
3028.73772,11.618,0.036
3030.76477,11.607,0.026
3033.67813,10.934,0.035
3035.71995,11.119,0.023
3039.75669,11.409,0.025
3042.70985,11.079,0.046
3044.73362,11.493,0.041
3047.68002,10.866,0.024
3050.65477,11.637,0.023
3052.79362,11.683,0.024
3055.61672,11.561,0.048
3057.65216,11.577,0.03
3059.70427,11.49,0.025
3061.72466,11.373,0.033
3067.59454,11.234,0.026
3069.62865,10.846,0.03
3071.63943,11.523,0.033
3073.68766,11.573,0.024
3075.6908,11.144,0.023
3077.71207,10.384,0.024
3079.71492,11.656,0.027
3081.74458,11.571,0.026
3085.74428,10.889,0.027
3088.54163,11.29,0.041
3090.56987,10.928,0.032
3092.5745,11.518,0.027
3096.57517,11.065,0.023
3098.60551,11.324,0.027
3100.6104,11.551,0.026
3102.6171,11.336,0.024
3104.62829,10.789,0.025
3106.62259,11.677,0.037
3108.62351,11.53,0.023
3110.6188,11.204,0.023
3112.62692,10.852,0.037
3114.6361,11.489,0.022
3116.64818,11.49,0.022
3121.54857,11.499,0.022
3124.50402,10.934,0.023
3126.54809,11.335,0.022
3128.58305,11.614,0.026
3130.5965,11.472,0.027
3132.59563,10.935,0.025
3134.60683,11.282,0.025
3144.54026,11.463,0.023
3153.51514,10.854,0.024
3156.51141,11.666,0.025
3159.5345,11.26,0.027
3163.49247,11.55,0.047
3165.51216,11.5,0.028
3168.51538,11.075,0.024
3179.46374,11.435,0.04
3185.45273,11.588,0.027
3189.45211,10.736,0.028
3277.89007,11.657,0.03
3355.79978,11.616,0.037
3358.78893,11.228,0.034
3358.82103,11.268,0.023
3362.77948,11.586,0.03
3372.83108,11.314,0.041
3380.85253,11.371,0.03
3386.7081,11.088,0.03
3386.7323,11.215,0.026
3388.75323,10.605,0.026
3390.82469,11.674,0.031
3393.84431,11.576,0.034
3396.58808,11.591,0.03
3400.72417,11.321,0.027
3403.7159,11.181,0.03
3405.72259,11.524,0.028
3407.78934,11.474,0.04
3409.76383,11.095,0.033
3412.63962,11.478,0.026
3414.67167,11.16,0.024
3416.67712,10.821,0.035
3418.68119,11.62,0.033
3420.66783,11.449,0.039
3424.69526,11.37,0.043
3426.69901,11.514,0.042
3430.71123,11.164,0.038
3432.70795,11.19,0.051
3443.75337,11.395,0.032
3445.73326,10.532,0.035
3447.73609,11.683,0.048
3450.55032,10.619,0.031
3452.67247,10.814,0.036
3454.72454,11.448,0.035
3457.52098,10.985,0.026
3459.55693,11.643,0.035
3461.58937,11.528,0.029
3463.60326,11.342,0.028
3465.64039,10.932,0.031
3468.63331,11.604,0.026
3470.65397,11.49,0.028
3472.6545,10.939,0.033
3475.53202,11.564,0.033
3477.5806,11.336,0.047
3479.60318,10.99,0.037
3481.60011,11.348,0.027
3483.6347,11.489,0.043
3491.52325,11.31,0.041
3495.52446,11.666,0.023
3497.59687,11.608,0.028
3500.5925,10.974,0.038
3504.57708,11.567,0.033
3509.50677,11.38,0.024
3512.52351,11.431,0.024
3520.51825,11.53,0.026
3525.51165,11.632,0.032
3528.48288,10.777,0.037
3530.48027,11.571,0.041
3539.46098,11.485,0.034
3653.88069,11.566,0.029
3657.87321,11.39,0.027
3662.87484,11.199,0.031
3666.85778,11.492,0.031
3671.85739,10.945,0.025
3675.84756,11.387,0.024
3699.80294,10.805,0.026
3703.7927,11.458,0.023
3707.78816,11.677,0.024
3712.85588,11.301,0.027
3715.82712,11.516,0.048
3718.81049,11.463,0.028
3721.79074,10.957,0.036
3725.82924,11.455,0.026
3728.76466,11.388,0.033
3732.73781,11.194,0.027
3735.75683,11.579,0.03
3740.79986,11.295,0.028
3743.74121,11.357,0.035
3746.7341,11.499,0.031
3748.80303,11.252,0.034
3752.75844,11.605,0.03
3755.69594,10.597,0.028
3757.75368,11.673,0.034
3760.69263,11.319,0.032
3765.66936,11.565,0.03
3768.6685,11.222,0.033
3773.64667,11.52,0.035
3775.69344,11.377,0.029
3778.58986,11.465,0.036
3780.67674,11.608,0.033
3783.72265,10.927,0.046
3787.72515,11.657,0.041
3789.7748,11.485,0.038
3792.64064,11.597,0.035
3794.69564,11.576,0.03
3796.71808,11.434,0.025
3798.78765,11.358,0.037
3801.59502,11.439,0.031
3803.72291,11.413,0.048
3808.57301,11.466,0.039
3810.59586,11.001,0.035
3812.60685,11.278,0.033
3814.60843,11.58,0.041
3816.65366,11.541,0.037
3818.66154,11.106,0.033
3820.69081,10.823,0.035
3822.72243,11.411,0.031
3825.54402,11.041,0.036
3827.5676,11.301,0.028
3829.58979,11.525,0.04
3831.59123,11.328,0.037
3834.53076,11.599,0.043
3836.53746,11.503,0.032
3848.49939,11.32,0.037
3850.55085,11.679,0.044
3852.53724,11.354,0.029
3854.54399,11.011,0.034
3856.58901,11.385,0.028
3861.46536,11.472,0.04
3863.48825,11.537,0.038
3865.50342,11.455,0.034
3867.55854,11.152,0.043
3869.56142,10.761,0.032
3871.55655,11.56,0.03
3875.56126,11.166,0.03
3882.49398,10.918,0.03
3886.49384,11.499,0.024
3891.48878,11.594,0.025
3894.47549,11.325,0.026
3898.47538,11.499,0.026
3901.46798,11.383,0.025
3903.49586,11.174,0.027
3906.46413,11.527,0.032
4091.78024,11.583,0.04
4105.74152,11.647,0.028
4107.80663,11.432,0.025
4109.76316,11.018,0.034
4111.80832,11.015,0.032
4125.6894,11.68,0.025
4127.72323,11.546,0.026
4129.72458,11.144,0.049
4131.7804,10.787,0.037
4135.71678,11.391,0.029
4137.71947,11.107,0.029
4139.74282,10.929,0.028
4141.77206,11.477,0.04
4143.8051,11.433,0.028
4146.63007,11.572,0.046
4149.71593,11.56,0.03
4151.76487,11.221,0.023
4153.76348,10.417,0.029
4155.7941,11.645,0.039
4160.63634,11.576,0.026
4162.64359,11.492,0.028
4164.65897,11.304,0.034
4167.62195,11.332,0.045
4172.66422,11.149,0.025
4174.67694,11.191,0.025
4176.72458,11.563,0.028
4179.71698,11.32,0.028
4184.54732,11.298,0.034
4189.56231,11.55,0.025
4191.57118,11.376,0.031
4193.57479,11.136,0.027
4196.60277,11.553,0.038
4201.5959,10.666,0.025
4204.59437,11.725,0.028
4207.64029,11.258,0.037
4213.58942,11.409,0.035
4229.48111,11.173,0.024
4231.48074,11.649,0.029
4233.50316,11.441,0.024
4235.50596,10.962,0.028
4237.55451,10.761,0.039
4246.49396,11.547,0.028
4253.48734,11.585,0.033
4256.51745,11.248,0.027
4258.5213,10.358,0.028
4271.46865,11.1,0.043
4276.46894,11.392,0.029
4281.46408,11.566,0.041
4371.89552,10.914,0.03
4381.88625,11.592,0.029
4386.87706,11.463,0.026
4408.85556,11.484,0.027
4422.83248,11.449,0.03
4427.84705,11.231,0.024
4431.81391,11.499,0.027
4436.79363,11.528,0.026
4440.79028,11.256,0.026
4443.8279,11.43,0.032
4453.79906,11.525,0.035
4456.78159,11.072,0.03
4459.76884,11.569,0.032
4462.81808,11.24,0.026
4465.76283,11.612,0.038
4471.79284,10.634,0.036
4474.78418,11.561,0.032
4484.73174,11.144,0.027
4486.76437,11.263,0.033
4490.74697,11.222,0.026
4492.78907,10.636,0.025
4494.80254,11.685,0.028
4498.72304,10.881,0.036
4503.64682,11.31,0.033
4505.75749,11.255,0.037
4508.63902,11.522,0.037
4510.67461,11.374,0.032
4512.70354,11.052,0.036
4517.66408,11.355,0.036
4519.66887,10.773,0.036
4521.68439,11.725,0.033
4523.71418,11.611,0.024
4525.77175,11.436,0.038
4528.60803,11.601,0.038
4530.67492,11.535,0.03
4532.76996,11.519,0.025
4536.58877,11.479,0.031
4538.6565,11.441,0.03
4540.66946,11.209,0.044
4547.60872,10.753,0.04
4554.56326,10.972,0.031
4556.58149,11.335,0.035
4558.59356,11.525,0.028
4560.62008,11.39,0.029
4562.64866,11.111,0.031
4565.52437,11.503,0.035
4567.56502,11.258,0.031
4572.51119,11.433,0.027
4574.53182,11.13,0.03
4576.5593,10.5,0.034
4580.55566,11.467,0.032
4583.61207,11.187,0.026
4587.5771,11.531,0.032
4589.5968,11.394,0.031
4592.51518,11.709,0.032
4594.56687,11.582,0.027
4599.45747,11.595,0.036
4601.51387,11.49,0.03
4608.46287,11.399,0.039
4616.51381,11.399,0.03
4620.49034,11.596,0.028
4623.48707,11.413,0.028
4632.48696,10.921,0.028
4641.45754,11.305,0.028
4643.47262,11.53,0.028
4646.46208,10.96,0.038
4746.88601,11.073,0.025
4755.87603,11.68,0.029
4759.86644,11.119,0.029
4764.85764,11.439,0.028
4768.85198,10.875,0.029
4772.84641,11.412,0.026
4776.83894,11.52,0.028
4784.82562,11.602,0.024
4795.80725,11.151,0.027
4802.81751,11.109,0.032
4806.78419,11.586,0.023
4809.80754,10.986,0.024
4813.79504,11.682,0.034
4818.80262,10.898,0.025
4821.78007,11.432,0.024
4827.7686,11.582,0.034
4830.76248,11.078,0.038
4833.75331,11.677,0.027
4836.74476,11.332,0.027
4839.73068,11.664,0.026
4842.72012,11.523,0.034
4845.77696,11.171,0.042
4848.71185,11.672,0.027
4850.79644,11.515,0.027
4853.72579,11,0.03
4856.73463,11.627,0.051
4860.69451,11.589,0.028
4862.78221,11.745,0.04
4865.70592,11.188,0.038
4868.67758,11.56,0.029
4872.69065,11.282,0.037
4875.67871,11.406,0.035
4877.70441,11.492,0.037
4882.78918,10.692,0.04
4888.64081,11.505,0.035
4893.62871,11.139,0.037
4901.63281,11.126,0.04
4904.60809,11.567,0.042
4906.634,11.089,0.039
4908.73154,11.333,0.045
4914.58038,11.039,0.037
4919.57694,11.539,0.038
4928.53522,11.249,0.049
4931.59036,11.102,0.043
4948.58695,11.503,0.049
4955.46332,11.45,0.043
4959.58653,10.861,0.046
4962.54058,11.431,0.04
4967.57069,11.85,0.044
4972.47452,10.775,0.046
4990.51684,11.621,0.041
5013.46537,11.27,0.043
5131.86708,11.547,0.034
5147.84759,11.465,0.034
5166.81532,11.547,0.044
