1868.8286,11.254,0.034
1870.77533,11.231,0.038
1872.76391,11.319,0.039
1874.76409,11.339,0.04
1876.7583,11.299,0.038
1878.75551,11.32,0.032
1880.74566,11.296,0.031
1884.76718,11.321,0.033
1885.85717,11.294,0.032
1887.73391,11.307,0.035
1889.73908,11.258,0.038
1899.76127,11.277,0.034
1900.76678,11.281,0.03
1902.75086,11.271,0.031
1903.7762,11.217,0.032
1904.7813,11.228,0.031
1905.75762,11.18,0.035
1906.76039,11.207,0.033
1907.76053,11.163,0.03
1908.74579,11.129,0.032
1913.72277,10.992,0.032
1915.73648,10.968,0.033
1918.74189,10.905,0.032
1920.71694,10.889,0.032
1921.72015,10.882,0.032
1922.71944,10.883,0.03
1924.70699,10.871,0.033
1925.71234,10.87,0.039
1926.70651,10.877,0.031
1928.70611,10.904,0.03
1929.70361,10.899,0.03
1930.69743,10.878,0.03
1931.69218,10.943,0.046
1932.69449,10.925,0.029
1933.69452,10.931,0.031
1934.68659,10.957,0.03
1935.61952,10.976,0.031
1935.71018,10.982,0.03
1937.65744,11,0.031
1939.65215,11.04,0.031
1941.63207,11.111,0.03
1945.68202,11.19,0.031
1946.6864,11.149,0.031
1948.62561,11.201,0.033
1949.66853,11.308,0.04
1952.64328,11.322,0.036
1953.65262,11.322,0.033
1954.65129,11.299,0.033
1955.6454,11.311,0.035
1958.62957,11.391,0.033
1959.64137,11.405,0.035
1961.63784,11.379,0.032
1963.61392,11.422,0.036
1964.62616,11.468,0.033
1965.62152,11.43,0.034
1966.62355,11.567,0.036
1967.6139,11.41,0.036
1968.61355,11.532,0.037
1977.59785,11.493,0.042
1979.58058,11.621,0.047
1980.59927,11.49,0.042
1981.60199,11.463,0.044
1982.58636,11.417,0.036
1984.58024,11.431,0.039
1985.57528,11.413,0.041
1993.56168,11.389,0.044
1994.59462,11.335,0.044
2025.47522,11.063,0.033
2027.51475,11.084,0.034
2031.46257,11.097,0.036
2033.48552,11.091,0.036
2053.48562,11.009,0.037
2055.50892,10.998,0.037
2057.51163,10.98,0.035
2068.50937,11.124,0.035
2071.47081,11.205,0.044
2082.45251,11.098,0.036
2087.45533,11.178,0.033
2167.90101,11.141,0.035
2172.88334,11.196,0.032
2184.85496,11.163,0.036
2186.87164,11.271,0.038
2189.85691,11.238,0.032
2191.85114,11.3,0.032
2193.85231,11.264,0.032
2196.8464,11.285,0.049
2198.85093,11.286,0.032
2200.85417,11.264,0.033
2202.83928,11.302,0.033
2206.80857,11.238,0.032
2212.83441,11.111,0.037
2216.80325,11.06,0.034
2221.83395,10.95,0.039
2224.81758,10.884,0.036
2226.79263,10.851,0.035
2228.78491,10.836,0.035
2230.78134,10.781,0.035
2233.75429,10.794,0.035
2235.7614,10.798,0.046
2239.78992,10.86,0.034
2241.76486,10.857,0.043
2243.7557,10.916,0.047
2247.79384,10.936,0.045
2248.85195,10.929,0.047
2251.83207,10.974,0.048
2251.84553,10.928,0.048
2254.79344,11.017,0.047
2256.73269,11.025,0.043
2260.77169,11.083,0.046
2443.47698,11.132,0.032
2540.86897,11.167,0.034
2545.8763,11.042,0.028
2552.86177,10.975,0.029
2552.87966,11.014,0.027
2556.88137,10.986,0.042
2557.86366,11.005,0.034
2559.87524,11.035,0.031
2562.84996,11.015,0.033
2578.84288,11.154,0.035
2621.84559,11.114,0.033
2622.72456,11.116,0.027
2623.79968,11.121,0.031
2625.78539,11.113,0.031
2627.79684,11.183,0.027
2628.76277,11.215,0.028
2629.79598,11.198,0.026
2632.81699,11.162,0.033
2634.79426,11.224,0.028
2635.75345,11.198,0.038
2637.7793,11.245,0.03
2639.79972,11.231,0.032
2642.73616,11.21,0.029
2643.81617,11.195,0.025
2644.76124,11.217,0.036
2646.73849,11.199,0.039
2649.73267,11.182,0.033
2651.70039,11.182,0.039
2655.7206,11.13,0.024
2655.75957,11.133,0.031
2658.71728,11.053,0.034
2660.71719,11.071,0.033
2662.71201,11.093,0.034
2664.70569,11.032,0.033
2666.70101,11.069,0.034
2670.70235,11.007,0.033
2672.69859,10.953,0.031
2674.69092,10.937,0.031
2676.67274,10.944,0.034
2678.66273,10.915,0.03
2680.6565,10.861,0.043
2681.77438,10.866,0.031
2683.69651,10.848,0.036
2685.70017,10.907,0.042
2688.80455,10.982,0.037
2690.73213,10.972,0.033
2692.78879,11.022,0.033
2694.70729,11.005,0.03
2694.85302,10.997,0.029
2698.81824,11.104,0.031
2700.70076,11.102,0.031
2706.64716,11.221,0.032
2709.75268,11.281,0.037
2711.64227,11.32,0.03
2712.77925,11.356,0.033
2714.62402,11.411,0.03
2719.70477,11.39,0.032
2720.74055,11.516,0.033
2724.66483,11.447,0.029
2726.64406,11.486,0.031
2728.6353,11.461,0.031
2730.63125,11.444,0.032
2733.67762,11.37,0.032
2735.67115,11.407,0.031
2737.65824,11.355,0.033
2739.64842,11.364,0.032
2741.61577,11.276,0.033
2742.71342,11.236,0.036
2744.61737,11.239,0.032
2747.6597,11.211,0.033
2751.55639,11.13,0.029
2754.55699,11.047,0.031
2756.55637,11.046,0.032
2760.56244,10.99,0.032
2762.56123,11.043,0.041
2764.5457,10.935,0.031
2766.60324,10.967,0.031
2770.59761,10.977,0.032
2782.57984,10.995,0.03
2784.56363,11.036,0.03
2786.55898,11.026,0.032
2789.55488,11.079,0.035
2792.4891,11.151,0.032
2795.47452,11.156,0.039
2804.50643,11.254,0.039
2809.50539,11.229,0.031
2811.51411,11.151,0.029
2813.51234,11.127,0.03
2819.47093,11.096,0.031
2831.46513,11.166,0.035
2835.45584,10.603,0.036
2907.8907,11.138,0.048
2916.87412,11.198,0.03
2922.86027,11.331,0.033
2929.85461,11.333,0.036
2930.85983,11.425,0.026
2932.86331,11.464,0.032
2940.83157,11.533,0.032
2940.85619,11.562,0.025
2943.83434,11.559,0.033
2946.81691,11.523,0.031
2947.81116,11.491,0.034
2949.82809,11.515,0.032
2960.82098,11.262,0.031
2963.82992,11.196,0.031
2967.79199,11.131,0.031
2971.78817,11.084,0.032
2974.83475,11.073,0.031
2977.75473,11.064,0.041
2979.81538,11.04,0.03
2985.79399,11.051,0.032
2988.78475,11.032,0.04
2991.77448,11.106,0.03
2992.79203,11.1,0.028
2997.75497,11.201,0.031
2998.77538,11.07,0.028
3000.81124,11.103,0.03
3006.73968,11.08,0.029
3008.7529,11.097,0.031
3010.78273,11.141,0.031
3013.7145,11.144,0.031
3016.75504,11.115,0.029
3018.76265,11.137,0.03
3023.74937,11.186,0.03
3028.73874,11.226,0.029
3030.76873,11.26,0.032
3033.66659,11.302,0.029
3035.71318,11.366,0.031
3039.8201,11.396,0.031
3042.72109,11.466,0.031
3044.75416,11.324,0.03
3047.68274,11.364,0.031
3050.65093,11.383,0.029
3052.7898,11.317,0.033
3055.60715,11.308,0.039
3057.64842,11.282,0.035
3059.69827,11.268,0.031
3061.72096,11.306,0.038
3066.80862,11.335,0.031
3068.71306,11.295,0.031
3070.7387,11.303,0.032
3073.61152,11.35,0.032
3075.65385,11.327,0.031
3077.67085,11.336,0.033
3079.68757,11.35,0.045
3081.71952,11.301,0.031
3085.71188,11.233,0.029
3087.7143,11.229,0.034
3089.73863,11.186,0.033
3091.75284,11.244,0.032
3093.74166,11.217,0.032
3097.68788,11.188,0.031
3100.52978,11.144,0.032
3102.54754,11.147,0.029
3104.56514,11.152,0.031
3106.57337,11.146,0.03
3108.57782,11.144,0.034
3110.58265,11.118,0.03
3112.59244,11.142,0.031
3114.60252,11.116,0.03
3116.62408,11.121,0.027
3121.58111,11.068,0.032
3125.60778,11.131,0.032
3127.62834,11.14,0.038
3130.51098,11.173,0.032
3134.56021,11.141,0.032
3142.59326,11.241,0.033
3146.54349,11.221,0.03
3153.53515,11.118,0.033
3156.53572,11.196,0.033
3159.55846,11.206,0.036
3163.4988,11.122,0.03
3165.52083,11.178,0.035
3168.52173,11.165,0.029
3176.50396,11.118,0.03
3179.50513,11.06,0.031
3184.48052,10.991,0.032
3187.46687,10.989,0.032
3280.8822,11.132,0.038
3298.87123,10.985,0.04
3355.7786,11.136,0.034
3356.80513,11.148,0.031
3358.7646,11.718,0.038
3362.79109,11.141,0.041
3366.78625,11.215,0.036
3385.69545,11.263,0.04
3385.7265,11.257,0.039
3387.76853,11.257,0.041
3390.6816,11.194,0.038
3390.70752,11.238,0.037
3392.76074,11.118,0.053
3392.7921,11.156,0.046
3395.74983,11.098,0.046
3397.78391,11.065,0.034
3400.657,11.013,0.032
3403.69553,10.986,0.04
3405.70467,11.128,0.039
3407.75407,10.92,0.037
3409.74858,10.916,0.037
3411.81753,10.886,0.041
3416.67079,10.977,0.039
3422.68065,11.01,0.045
3424.68892,11.027,0.046
3426.69016,10.993,0.042
3430.70248,11.104,0.034
3434.69288,11.154,0.048
3438.5699,11.243,0.043
3440.67732,11.289,0.032
3443.73381,11.3,0.038
3447.72353,11.381,0.045
3449.74959,11.444,0.046
3452.61002,11.387,0.039
3454.68233,11.344,0.038
3456.69034,11.269,0.033
3458.66361,11.314,0.038
3460.66367,11.298,0.036
3462.67061,11.338,0.039
3464.70311,11.254,0.032
3467.71657,11.247,0.034
3470.50575,11.241,0.032
3472.54146,11.199,0.034
3474.59199,11.221,0.034
3476.65791,11.186,0.039
3478.64562,11.172,0.039
3480.6406,11.134,0.043
3482.64807,11.182,0.046
3490.57712,11.221,0.036
3492.57901,11.263,0.047
3496.58337,11.3,0.031
3501.58187,11.294,0.036
3504.49378,11.259,0.038
3509.52498,11.195,0.031
3512.53729,11.201,0.034
3516.53878,11.207,0.05
3520.53252,11.024,0.033
3522.55598,11.039,0.052
3527.5112,10.956,0.043
3529.51438,10.976,0.037
3539.47595,10.95,0.035
3543.47546,10.963,0.037
3547.47528,10.979,0.032
3556.4595,10.995,0.033
3560.45959,11.009,0.036
3631.9023,11.027,0.036
3651.87596,11.015,0.038
3655.86829,11.007,0.044
3659.85472,11.081,0.036
3663.84543,11.11,0.039
3670.84548,11.235,0.032
3671.84144,11.196,0.03
3674.82887,11.231,0.033
3675.83244,11.257,0.033
3678.85878,11.27,0.039
3701.8129,11.209,0.042
3705.79051,11.119,0.043
3706.8051,11.124,0.036
3712.8366,11.067,0.032
3715.81074,11.087,0.043
3716.81415,11.071,0.035
3718.79726,11.016,0.043
3721.77376,11.086,0.034
3722.79402,11.055,0.031
3725.84889,11.139,0.032
3727.75659,11.153,0.045
3728.7897,11.154,0.034
3731.76043,11.187,0.047
3732.76019,11.219,0.036
3734.77434,11.219,0.041
3735.767,11.212,0.031
3737.74915,11.294,0.032
3740.72557,11.314,0.043
3743.71677,11.331,0.038
3744.73807,11.351,0.032
3745.80191,11.345,0.036
3748.71607,11.379,0.042
3751.69827,11.346,0.038
3753.79663,11.419,0.039
3755.70739,11.349,0.03
3756.68757,11.301,0.048
3757.76776,11.247,0.029
3758.74408,11.283,0.035
3761.67261,11.316,0.042
3763.75765,11.253,0.054
3766.66184,11.138,0.05
3768.7505,11.157,0.042
3771.63701,11.132,0.043
3773.69923,11.117,0.044
3775.70933,11.094,0.04
3780.61554,11.067,0.049
3787.66862,11.154,0.038
3789.71637,11.116,0.035
3792.63108,11.166,0.038
3794.68211,11.192,0.038
3796.70866,11.171,0.034
3798.78164,11.187,0.044
3801.58734,11.194,0.046
3803.70077,11.236,0.045
3805.69203,11.18,0.036
3808.69308,11.218,0.041
3810.73579,11.233,0.041
3812.76442,11.228,0.042
3815.56254,11.298,0.04
3817.59379,11.364,0.042
3819.62194,11.343,0.04
3821.67784,11.259,0.045
3823.68734,11.316,0.037
3825.6999,11.318,0.039
3827.74245,11.249,0.036
3832.56871,11.253,0.049
3834.5777,11.171,0.047
3836.59417,11.167,0.043
3848.54114,11.127,0.048
3850.57603,11.06,0.041
3852.5666,11.091,0.034
3854.57552,11.116,0.038
3856.6189,11.159,0.035
3861.55836,11.265,0.034
3863.56079,11.29,0.034
3865.57155,11.277,0.035
3867.60751,11.341,0.037
3869.60506,11.344,0.04
3871.59867,11.342,0.036
3875.58814,11.384,0.034
3881.56851,11.427,0.034
3886.4839,11.387,0.031
3890.51763,11.326,0.034
3892.53307,11.355,0.04
3896.52763,11.204,0.036
3899.49479,11.126,0.036
3901.52599,11.109,0.033
3904.48076,11.046,0.036
3906.49608,11.038,0.035
3908.50696,10.993,0.035
4089.79607,11.523,0.034
4091.76692,11.453,0.042
4103.76432,11.015,0.036
4104.79267,11.002,0.04
4106.74685,10.941,0.031
4106.80232,10.921,0.039
4109.80407,10.894,0.044
4111.76568,10.893,0.039
4125.67752,10.973,0.036
4125.6967,11.608,0.033
4127.71934,10.971,0.033
4127.74094,11,0.029
4129.71827,10.995,0.033
4129.73997,11.012,0.03
4131.7628,11.046,0.043
4131.81554,11.064,0.041
4134.6783,11.474,0.04
4136.64645,11.172,0.038
4136.71938,11.207,0.035
4140.69032,11.28,0.032
4140.73679,11.273,0.035
4142.72016,11.337,0.042
4144.76204,11.364,0.042
4145.6503,11.454,0.033
4147.61639,11.43,0.032
4150.68884,11.43,0.042
4150.75045,11.528,0.046
4152.70137,11.493,0.033
4152.75029,11.528,0.031
4154.73339,11.477,0.037
4154.79573,11.498,0.035
4156.74937,11.411,0.044
4157.61734,11.41,0.034
4158.77073,11.365,0.042
4159.67377,11.374,0.033
4160.78394,11.33,0.032
4161.66884,11.327,0.038
4162.74122,11.282,0.037
4163.68133,11.261,0.047
4164.75836,11.131,0.048
4165.70737,11.254,0.05
4167.71189,11.035,0.04
4167.82405,11.027,0.037
4172.7725,10.862,0.035
4173.63586,10.838,0.032
4175.54502,10.785,0.038
4175.64155,10.793,0.034
4177.7384,10.751,0.035
4177.76798,10.673,0.044
4180.60892,10.717,0.041
4180.65499,10.777,0.036
4182.64159,10.698,0.041
4182.68575,10.716,0.038
4184.63721,10.654,0.035
4184.68851,10.708,0.036
4188.63784,10.753,0.038
4190.66278,10.753,0.032
4190.68416,10.775,0.04
4192.67183,10.828,0.033
4192.69182,10.849,0.03
4194.71055,10.844,0.035
4194.73393,10.889,0.032
4197.70706,11.012,0.039
4197.7262,11.003,0.033
4200.62223,11.132,0.032
4200.63434,11.09,0.031
4203.62999,11.237,0.037
4203.64288,11.228,0.034
4205.63245,11.195,0.039
4205.64382,11.318,0.033
4208.69763,11.394,0.042
4208.71504,11.369,0.036
4213.61657,11.469,0.041
4213.61978,11.47,0.032
4216.6279,11.575,0.032
4216.63111,11.561,0.029
4228.66089,11.602,0.033
4229.48413,11.551,0.031
4230.65918,11.45,0.038
4231.48382,11.492,0.032
4232.65833,11.634,0.041
4233.50629,11.441,0.03
4235.48161,11.338,0.029
4235.50913,11.382,0.032
4237.54782,11.322,0.037
4237.55772,11.427,0.042
4246.5352,10.994,0.032
4249.51477,10.903,0.031
4253.51516,10.827,0.032
4256.52639,10.83,0.036
4258.53557,10.862,0.033
4267.5321,11.004,0.03
4270.51466,11.204,0.04
4271.47498,11.155,0.045
4274.50136,11.212,0.028
4276.48417,11.205,0.036
4281.46801,11.268,0.034
4282.51217,11.298,0.032
4284.48404,11.301,0.036
4285.47137,11.294,0.03
4289.48178,11.229,0.038
4290.45863,11.296,0.033
4292.4761,11.256,0.028
4294.4812,11.23,0.028
4295.4566,11.199,0.034
4297.46703,11.226,0.033
4300.45976,11.1,0.034
4365.90018,11.21,0.032
4372.89203,11.143,0.038
4377.8786,11.061,0.036
4379.88083,10.977,0.034
4381.87717,10.929,0.034
4383.88502,10.892,0.032
4385.87014,10.802,0.031
4387.87041,10.933,0.033
4391.86001,10.877,0.042
4403.86448,11.252,0.036
4406.86493,11.257,0.041
4408.82518,11.245,0.033
4410.83117,11.276,0.032
4412.85918,11.408,0.033
4422.79336,11.475,0.04
4422.83688,11.389,0.036
4426.83069,11.475,0.04
4427.83103,11.491,0.033
4429.81577,11.464,0.033
4430.82459,11.484,0.032
4433.78027,11.486,0.031
4436.80697,11.505,0.032
4437.82834,11.543,0.031
4439.81949,11.482,0.037
4440.82952,11.509,0.028
4442.80674,11.444,0.034
4448.77872,11.465,0.028
4452.78309,11.452,0.037
4455.76585,11.383,0.033
4457.78554,11.391,0.031
4458.75496,11.31,0.048
4460.77291,11.291,0.032
4461.75392,11.295,0.034
4463.76488,11.222,0.029
4464.74588,11.2,0.032
4466.76315,11.25,0.039
4467.74538,11.131,0.034
4469.7575,11.152,0.034
4470.74045,11.099,0.039
4472.80382,11.076,0.042
4473.82054,11.083,0.048
4476.74598,11.107,0.052
4477.7208,11.051,0.035
4479.72725,11.127,0.04
4479.82299,11.071,0.035
4482.75552,11.158,0.045
4482.75853,11.104,0.035
4485.74961,11.133,0.039
4485.77234,11.125,0.032
4487.77424,11.109,0.033
4487.80968,11.089,0.031
4490.67587,11.166,0.032
4490.69471,11.194,0.029
4492.72064,11.056,0.032
4492.7535,11.123,0.028
4494.7384,11.087,0.033
4494.75387,11.069,0.029
4497.85496,11.112,0.035
4498.72414,11.116,0.032
4500.65845,11.139,0.043
4502.79864,11.131,0.043
4503.66813,11.15,0.032
4505.63997,11.101,0.035
4505.78142,11.121,0.037
4507.69434,11.218,0.039
4508.65717,11.112,0.035
4509.77004,11.105,0.035
4510.7113,11.105,0.038
4512.61868,11.112,0.038
4512.73171,11.164,0.041
4515.77015,11.132,0.041
4516.6476,11.13,0.036
4518.60157,11.181,0.034
4518.72127,11.201,0.029
4520.64087,11.234,0.038
4520.74031,11.229,0.035
4522.64745,11.237,0.04
4522.72961,11.287,0.029
4524.66339,11.299,0.032
4524.76669,11.357,0.032
4526.79968,11.302,0.029
4529.59768,11.369,0.037
4531.6119,11.407,0.038
4531.66999,11.363,0.029
4534.58529,11.315,0.039
4535.59408,11.472,0.039
4537.60022,11.408,0.038
4537.64242,11.411,0.028
4539.6119,11.45,0.047
4539.64033,11.353,0.041
4541.6178,11.387,0.036
4541.64542,11.382,0.03
4543.63677,11.366,0.036
4543.65748,11.443,0.035
4545.66627,11.345,0.044
4547.68369,11.293,0.038
4547.70895,11.36,0.039
4550.57144,11.408,0.044
4552.66326,11.253,0.034
4552.67503,11.294,0.033
4554.69134,11.252,0.037
4554.70633,11.38,0.034
4558.76194,11.336,0.033
4559.54775,11.361,0.038
4561.58307,11.367,0.034
4561.60836,11.294,0.034
4563.60357,11.288,0.031
4563.63904,11.235,0.034
4565.61152,11.346,0.029
4565.65122,11.3,0.037
4567.6265,11.313,0.036
4567.66149,11.31,0.034
4569.62825,11.275,0.034
4569.65845,11.3,0.037
4571.62207,11.269,0.03
4571.64993,11.333,0.034
4573.64799,11.367,0.034
4573.66499,11.332,0.039
4575.67576,11.326,0.036
4576.52028,11.294,0.041
4579.66594,11.277,0.031
4580.52367,11.358,0.039
4582.66658,11.473,0.038
4583.58096,11.415,0.034
4585.69181,11.512,0.03
4586.61025,11.472,0.034
4588.57642,11.429,0.037
4589.55236,11.46,0.036
4590.59669,11.505,0.034
4591.59653,11.418,0.036
4592.61718,11.42,0.033
4593.59849,11.346,0.035
4594.63745,11.352,0.03
4595.57085,11.426,0.034
4596.64109,11.41,0.03
4597.55751,11.338,0.032
4599.51005,11.329,0.033
4599.58916,11.337,0.037
4601.55816,11.215,0.03
4601.59953,11.261,0.034
4603.60687,11.3,0.034
4606.5089,11.208,0.043
4607.60828,11.11,0.031
4608.53946,11.077,0.034
4610.5281,11.055,0.033
4611.52179,11.056,0.035
4612.57813,10.972,0.045
4616.54591,10.922,0.033
4618.59897,10.886,0.03
4620.499,10.927,0.034
4623.46032,10.933,0.035
4623.4958,10.894,0.034
4626.45815,10.947,0.028
4626.48847,10.888,0.034
4628.48846,10.973,0.036
4630.52905,10.929,0.031
4630.53103,10.977,0.033
4633.49406,11.006,0.034
4633.49611,11.014,0.04
4640.53066,11.191,0.034
4641.46757,11.131,0.037
4643.46647,11.163,0.037
4643.47997,11.167,0.038
4645.4895,11.193,0.035
4645.49501,11.275,0.044
4647.51105,11.325,0.043
4648.4792,11.293,0.046
4652.46604,11.376,0.043
4653.46987,11.415,0.03
4655.46223,11.454,0.038
4655.47402,11.394,0.036
4661.46197,11.506,0.035
4665.46358,11.496,0.032
4746.86041,11.315,0.037
4747.87915,11.299,0.031
4752.8782,11.169,0.028
4755.8675,11.154,0.034
4756.87608,11.087,0.033
4759.85766,11.051,0.034
4763.84741,11.036,0.034
4765.84917,11.058,0.031
4767.8419,11.02,0.03
4769.83854,10.997,0.028
4771.83088,11.074,0.038
4773.82995,11.129,0.03
4775.81482,11.209,0.03
4777.83867,11.199,0.029
4778.84278,11.285,0.031
4783.83961,11.499,0.041
4783.85986,11.493,0.044
4787.80303,11.541,0.037
4787.82659,11.48,0.031
4794.819,11.514,0.036
4794.83596,11.529,0.035
4798.79141,11.45,0.032
4801.83518,11.443,0.033
4802.78947,11.418,0.033
4805.77438,11.283,0.031
4806.78827,11.246,0.029
4808.81501,11.21,0.031
4810.79115,11.519,0.033
4812.80232,11.108,0.038
4814.76998,10.978,0.035
4815.7868,11.009,0.035
4818.80646,10.907,0.032
4819.77974,10.867,0.031
4821.79078,10.761,0.031
4822.76653,10.75,0.031
4824.78807,10.769,0.027
4825.75951,10.711,0.032
4827.78733,10.734,0.032
4828.74715,10.705,0.037
4830.77568,10.74,0.033
4831.74092,10.721,0.031
4833.76446,10.791,0.03
4834.72717,10.773,0.032
4836.75596,10.844,0.031
4837.72434,10.875,0.041
4839.74675,10.922,0.029
4842.73436,10.981,0.043
4842.83294,10.934,0.042
4845.78994,11.031,0.045
4845.81319,11.003,0.047
4848.69573,11.094,0.033
4848.72309,11.055,0.031
4850.76116,11.161,0.032
4850.83192,11.144,0.037
4853.72183,11.187,0.038
4853.75101,11.228,0.029
4856.72013,11.271,0.035
4856.76268,11.268,0.032
4860.66884,11.312,0.034
4860.70666,11.356,0.032
4862.75376,11.377,0.039
4862.7932,11.372,0.049
4865.69456,11.488,0.041
4865.71867,11.537,0.037
4868.66618,11.537,0.035
4868.6961,11.584,0.036
4870.75869,11.558,0.038
4870.77437,11.443,0.031
4872.81527,11.585,0.038
4875.79128,11.52,0.039
4876.68735,11.552,0.038
4877.81873,11.498,0.043
4879.69449,11.418,0.034
4881.76743,11.461,0.037
4883.61679,11.348,0.034
4884.68233,11.362,0.04
4885.82305,11.309,0.049
4888.64717,11.261,0.043
4889.63908,11.308,0.039
4890.82496,11.21,0.051
4893.62102,11.139,0.044
4898.74962,11.105,0.055
4903.74434,11.113,0.052
4905.80581,11.078,0.053
4907.77423,11.15,0.049
4908.60845,11.113,0.046
4911.64372,11.241,0.052
4914.64356,11.261,0.044
4916.68302,11.238,0.051
4918.55688,11.363,0.046
4919.60848,11.363,0.043
4920.63611,11.352,0.044
4921.7624,11.294,0.045
4926.56993,11.452,0.043
4929.64994,11.422,0.054
4932.62603,11.252,0.048
4932.65084,11.377,0.054
4936.68197,11.191,0.048
4946.63304,10.96,0.051
4946.65359,10.976,0.053
4962.5557,10.944,0.05
4962.57113,10.93,0.045
4967.60347,11.007,0.047
4973.5896,11.116,0.051
4990.52814,11.45,0.052
4994.49121,11.389,0.052
5014.45814,11.238,0.047
5014.46108,11.171,0.046
5021.47373,11.116,0.042
5022.46162,11.131,0.052
5023.47977,11.093,0.051
5087.90413,11.117,0.044
5092.89836,11.099,0.042
5113.86469,11.312,0.047
5124.87352,11.541,0.051
5125.86193,11.454,0.043
5145.85297,11.069,0.042
5147.84366,11.042,0.039
5161.85371,10.941,0.048
5162.84167,10.945,0.043
5165.814,10.993,0.044
5166.8042,11.016,0.049
