1868.83411,12.518,0.066
1878.77217,12.584,0.064
1880.76468,12.511,0.067
1884.77004,12.708,0.045
1886.74166,12.691,0.05
1887.82826,12.794,0.051
1889.72433,12.89,0.05
1889.84069,12.887,0.062
1900.80871,12.952,0.044
1902.83799,12.967,0.048
1904.69865,13.019,0.063
1906.82763,13.02,0.046
1907.77189,13.114,0.048
1913.74087,13.064,0.04
1914.74736,13.105,0.049
1915.75263,13.131,0.052
1919.67261,13.241,0.058
1920.72825,13.275,0.045
1921.72922,13.242,0.047
1922.73072,13.278,0.048
1925.72365,13.313,0.049
1926.71782,13.343,0.045
1928.71967,13.211,0.047
1931.70798,13.449,0.051
1932.70584,13.399,0.046
1933.70592,13.478,0.049
1934.70247,13.476,0.045
1936.67635,13.318,0.046
1937.71395,13.484,0.045
1939.66988,13.249,0.047
1941.65127,13.403,0.046
1945.7033,13.397,0.051
1946.71134,13.144,0.046
1948.63671,13.319,0.049
1949.68244,13.272,0.06
1950.66445,13.495,0.062
1952.65942,13.353,0.063
1953.66201,13.343,0.053
1954.64781,13.314,0.047
1954.67757,13.445,0.052
1967.63034,13.223,0.061
1980.61616,13.275,0.07
1982.60333,13.036,0.06
2059.49374,13.188,0.063
2080.50854,13.329,0.065
2085.46404,13.377,0.05
2088.47286,13.309,0.048
2172.8772,12.879,0.056
2186.86291,12.915,0.05
2188.87012,12.937,0.054
2190.84461,12.741,0.054
2190.86046,12.731,0.057
2192.83901,12.848,0.056
2192.86635,12.633,0.059
2194.84225,12.815,0.052
2194.86461,12.737,0.059
2196.86491,12.891,0.053
2197.85003,12.745,0.062
2198.8443,12.874,0.051
2199.85957,12.776,0.066
2200.84973,12.763,0.054
2201.853,12.846,0.058
2206.79018,12.786,0.051
2206.81949,12.73,0.057
2211.86528,12.899,0.052
2213.81458,12.866,0.055
2214.79945,12.871,0.054
2215.82547,12.9,0.055
2216.79098,12.823,0.057
2217.8209,12.893,0.058
2221.8421,12.917,0.058
2224.7967,13.048,0.047
2224.84159,12.88,0.055
2226.78086,12.852,0.052
2226.80743,13.002,0.056
2228.7683,13.118,0.056
2228.79977,13.019,0.057
2230.76699,13.072,0.053
2230.79862,13.051,0.059
2233.7421,12.997,0.053
2233.76885,13.104,0.057
2234.84988,13.211,0.06
2235.78296,12.976,0.063
2236.76784,13.04,0.052
2237.77754,13.122,0.059
2239.77058,13.119,0.054
2240.75531,13.282,0.062
2241.7573,12.872,0.057
2242.76375,13.173,0.063
2243.73871,12.967,0.059
2244.7688,13.16,0.065
2247.77935,12.854,0.068
2248.72421,13.121,0.061
2249.73993,12.899,0.056
2250.79311,13.024,0.067
2251.75622,12.965,0.065
2252.84108,12.907,0.067
2256.72943,13.283,0.066
2258.71387,13.066,0.069
2441.52027,13.064,0.051
2444.4617,12.946,0.053
2454.46,12.849,0.044
2464.47363,12.772,0.057
2468.4608,12.693,0.056
2545.84989,12.712,0.041
2552.86443,12.789,0.035
2557.86612,13.04,0.054
2559.87762,12.892,0.048
2562.85222,12.882,0.054
2622.70342,12.883,0.034
2624.7674,12.873,0.04
2627.79308,12.873,0.034
2628.74944,12.859,0.036
2629.78763,12.816,0.039
2634.79035,12.772,0.037
2635.74256,12.683,0.042
2636.82935,12.728,0.038
2639.73954,12.674,0.035
2642.75067,12.729,0.036
2644.77509,12.616,0.04
2646.75943,12.619,0.037
2649.75786,12.691,0.034
2651.70951,12.792,0.034
2655.77118,12.865,0.037
2670.73226,13.183,0.037
2672.73524,13.396,0.04
2674.72079,13.455,0.035
2676.70032,13.319,0.034
2678.68117,13.452,0.032
2679.78177,13.473,0.045
2680.68197,13.429,0.035
2683.82244,13.429,0.042
2685.69592,13.453,0.036
2689.67984,13.353,0.039
2691.6821,13.504,0.038
2693.69467,13.437,0.036
2694.85676,13.266,0.039
2697.60493,13.4,0.049
2701.65454,13.275,0.036
2703.65043,13.239,0.036
2707.6433,13.276,0.033
2710.61307,13.284,0.033
2711.72675,13.128,0.044
2713.67419,13.055,0.033
2714.77283,13.139,0.037
2717.64384,13.265,0.035
2719.70853,13.129,0.049
2724.66588,13.14,0.038
2725.77926,13.245,0.037
2727.69309,13.208,0.041
2732.73506,13.162,0.041
2734.59084,13.226,0.033
2736.55911,13.371,0.039
2737.74073,13.273,0.038
2739.6785,13.244,0.038
2741.63424,13.234,0.042
2742.73493,13.296,0.04
2744.6243,13.548,0.041
2747.66954,13.037,0.057
2750.7138,13.174,0.046
2752.63364,13.27,0.036
2754.72164,13.188,0.036
2756.68687,13.135,0.035
2760.67968,13.243,0.04
2764.6207,13.306,0.048
2766.63446,13.7,0.042
2770.61696,13.308,0.042
2775.51854,13.325,0.041
2776.62272,13.192,0.047
2782.54129,13.237,0.044
2784.54167,13.311,0.039
2789.53331,13.171,0.043
2794.51817,13.298,0.058
2797.51068,13.229,0.044
2809.49128,13.241,0.045
2811.50234,13.292,0.035
2813.50045,13.477,0.044
2821.48974,13.37,0.038
2830.48285,13.561,0.039
2832.49208,13.307,0.039
2834.49556,13.523,0.042
2836.49793,13.43,0.041
2841.46814,13.33,0.04
2899.90485,12.864,0.038
2908.89489,12.949,0.05
2912.87604,12.967,0.039
2922.8674,12.96,0.037
2926.86845,12.995,0.034
2929.8592,13.052,0.038
2932.86777,13.22,0.033
2940.82881,13.113,0.034
2943.83146,13.2,0.034
2946.81845,13.103,0.034
2949.83244,13.33,0.037
2956.8194,13.168,0.035
2960.82466,13.364,0.034
2963.83617,13.359,0.033
2967.79304,13.395,0.037
2971.78901,13.539,0.033
2974.83553,13.241,0.038
2977.75795,13.225,0.039
2982.80616,13.59,0.035
2985.79977,13.507,0.033
2991.78743,13.472,0.032
3001.76417,13.509,0.036
3003.8187,13.567,0.038
3006.76055,13.539,0.032
3008.79242,13.476,0.035
3011.73152,13.448,0.035
3013.79324,13.509,0.035
3016.8083,13.235,0.037
3018.8257,13.237,0.034
3023.7756,13.148,0.04
3028.75244,13.018,0.035
3030.78788,12.924,0.037
3033.68471,13.058,0.034
3035.73424,12.947,0.034
3039.74767,12.934,0.034
3044.73273,12.912,0.034
3047.68337,13.013,0.033
3050.65674,13.178,0.034
3052.79798,13.14,0.032
3055.62475,13.145,0.038
3057.67573,13.182,0.033
3059.72006,13.266,0.034
3061.77696,13.148,0.034
3064.59458,13.358,0.036
3067.6544,13.482,0.034
3069.66602,13.232,0.034
3071.69709,13.232,0.035
3073.71916,13.144,0.037
3075.72285,13.189,0.036
3077.75096,13.1,0.036
3081.78214,13.217,0.034
3085.76891,13.106,0.038
3087.76811,13.249,0.052
3090.5287,13.229,0.033
3092.5815,13.082,0.032
3096.5849,13.044,0.032
3098.60744,13.174,0.035
3100.61247,13.111,0.034
3102.61928,13.081,0.039
3104.63062,13.084,0.035
3106.62504,13.23,0.035
3108.62768,13.089,0.036
3110.62152,13.098,0.036
3112.62977,13.211,0.036
3114.63907,13.176,0.04
3116.5663,13.091,0.035
3121.53088,13.172,0.036
3123.55576,13.175,0.033
3125.58708,13.278,0.042
3127.61579,13.244,0.037
3129.66795,13.256,0.04
3131.65048,13.458,0.045
3133.6553,13.322,0.036
3145.54632,13.371,0.036
3153.4966,13.777,0.04
3154.6292,13.77,0.038
3158.55869,13.383,0.041
3160.57018,13.45,0.038
3163.57844,13.568,0.04
3165.58083,13.566,0.038
3168.58955,13.655,0.032
3176.50087,13.306,0.037
3179.50472,13.186,0.037
3183.53421,13.121,0.037
3186.51396,13.221,0.035
3189.52864,13.138,0.037
3333.83267,13.014,0.047
3357.79699,12.605,0.047
3358.80635,12.568,0.069
3362.75672,12.623,0.06
3380.82928,12.705,0.046
3383.79113,12.949,0.055
3387.78125,12.745,0.047
3388.77516,12.709,0.054
3390.70877,12.793,0.052
3393.7631,12.902,0.059
3394.75361,12.921,0.055
3397.67322,13.003,0.045
3399.74173,13.069,0.047
3400.66121,13.001,0.065
3400.75936,13.051,0.046
3406.81756,13.089,0.056
3411.71224,13.189,0.061
3413.75118,13.138,0.042
3415.77117,13.194,0.047
3418.63349,13.026,0.057
3420.6812,13.048,0.044
3422.69749,13.16,0.045
3424.70581,13.058,0.049
3426.71481,13.131,0.07
3430.73527,13.024,0.041
3432.73174,13.12,0.068
3434.73289,12.978,0.046
3438.58414,12.866,0.067
3440.69151,12.928,0.036
3443.76022,12.872,0.056
3445.74242,12.776,0.046
3447.74274,12.757,0.044
3449.74634,12.865,0.059
3452.6034,12.794,0.081
3452.62263,12.577,0.069
3454.69186,12.643,0.049
3456.69726,12.619,0.049
3458.68636,12.668,0.046
3460.68577,12.559,0.044
3462.69817,12.665,0.045
3464.72372,12.544,0.07
3466.77204,12.506,0.044
3469.73447,12.572,0.047
3471.73879,12.619,0.045
3474.51325,12.607,0.049
3476.62938,12.544,0.08
3478.59946,12.638,0.06
3480.62112,12.708,0.062
3482.63384,12.714,0.079
3484.677,12.733,0.044
3489.55136,12.761,0.045
3491.56729,12.843,0.051
3495.56563,12.793,0.043
3497.62286,12.84,0.043
3502.64005,12.831,0.073
3508.66069,12.799,0.037
3511.58715,12.805,0.052
3521.56056,12.713,0.053
3522.45369,12.782,0.072
3523.56318,12.8,0.069
3525.59005,12.645,0.045
3529.59942,12.688,0.048
3538.5162,12.679,0.055
3542.48216,12.634,0.054
3544.53298,12.548,0.043
3550.53082,12.711,0.068
3559.46125,12.971,0.053
3563.50356,12.852,0.046
3570.47038,13.111,0.044
3574.47125,13.235,0.049
3630.85283,12.437,0.045
3630.87936,12.459,0.062
3630.8996,12.404,0.047
3651.88748,12.52,0.054
3655.87356,12.554,0.056
3659.86062,12.655,0.048
3663.85163,13.04,0.063
3670.8425,12.915,0.05
3674.82526,13.036,0.062
3701.79719,12.789,0.048
3705.79228,12.709,0.062
3712.84774,12.745,0.045
3715.8281,12.828,0.051
3718.81089,12.757,0.056
3722.75183,12.75,0.057
3725.77965,12.917,0.046
3728.78045,12.969,0.051
3732.74029,12.964,0.045
3735.75929,12.867,0.054
3741.73289,12.867,0.05
3744.72303,12.908,0.073
3747.7135,13.081,0.048
3749.80782,12.932,0.047
3752.75823,12.89,0.048
3755.70192,13.048,0.06
3757.76231,13.088,0.046
3760.69548,13.02,0.051
3762.79129,13.379,0.052
3765.67461,13.188,0.055
3768.6709,13.044,0.051
3770.77742,13.161,0.048
3773.65883,12.98,0.059
3775.71417,12.866,0.046
3780.63504,13.056,0.06
3783.69227,12.945,0.05
3787.69328,12.781,0.057
3789.74859,12.823,0.048
3792.64223,12.904,0.054
3794.6966,12.624,0.049
3796.71897,12.714,0.042
3798.78787,12.718,0.053
3801.59606,12.648,0.058
3803.72673,12.698,0.069
3810.75244,12.67,0.064
3812.8201,12.536,0.047
3815.57029,12.565,0.063
3819.62714,12.708,0.072
3821.68303,12.666,0.069
3823.69198,12.701,0.052
3825.7097,12.617,0.055
3827.77934,12.709,0.062
3830.56366,12.674,0.048
3832.57192,12.791,0.051
3834.58106,12.672,0.045
3836.59758,12.753,0.043
3847.68405,13.22,0.07
3849.64747,12.957,0.065
3851.64623,13.041,0.067
3853.6831,12.986,0.057
3856.54137,13.087,0.054
3858.6397,13.184,0.061
3860.66825,13.159,0.071
3862.59173,13.082,0.05
3864.61805,13.172,0.047
3866.62933,13.132,0.044
3868.66911,13.2,0.047
3870.66338,13.105,0.047
3872.66153,13.068,0.046
3876.61524,13.213,0.042
3880.54819,12.973,0.05
3882.58271,13.085,0.062
3886.58947,13.072,0.061
3888.59518,13.353,0.065
3890.58639,13.17,0.056
3892.59233,12.848,0.066
3897.45767,12.997,0.046
3901.55985,13.073,0.046
3904.48794,13,0.048
3906.50321,13.105,0.043
3908.51425,13.127,0.044
4089.79117,13.109,0.051
4089.7983,12.997,0.075
4107.81244,12.888,0.042
4111.81307,13.087,0.055
4125.69145,12.84,0.044
4127.74213,12.819,0.049
4129.74802,12.754,0.048
4131.82002,12.765,0.052
4134.66821,12.684,0.056
4136.73631,12.574,0.072
4140.76037,12.377,0.062
4142.78584,12.595,0.06
4145.63441,12.567,0.044
4147.70109,12.569,0.045
4151.82955,12.525,0.044
4152.76296,12.689,0.049
4154.8025,12.658,0.059
4157.60551,12.758,0.045
4159.66287,12.707,0.05
4161.66159,12.656,0.042
4163.67312,12.762,0.065
4165.69916,12.945,0.049
4167.80976,12.707,0.051
4173.63035,12.809,0.044
4175.63685,12.911,0.046
4177.76331,12.849,0.05
4180.63309,13.096,0.048
4182.66805,12.938,0.05
4184.66305,12.909,0.048
4187.79797,13.152,0.046
4190.53138,13.086,0.041
4192.57781,12.865,0.041
4194.6226,13.001,0.04
4197.61244,12.996,0.044
4199.67213,12.746,0.051
4202.7301,12.842,0.064
4204.7517,13.011,0.045
4208.6396,12.935,0.055
4216.61238,12.981,0.042
4228.61016,13.005,0.043
4230.61214,13.004,0.052
4232.60965,13.173,0.042
4234.61263,13.081,0.041
4238.64153,12.973,0.049
4247.57946,12.959,0.052
4250.63086,13.026,0.044
4254.6089,13.171,0.053
4257.53673,13.014,0.055
4259.55757,13.05,0.063
4267.50142,12.769,0.046
4269.53242,12.741,0.041
4274.55885,12.53,0.048
4278.50084,12.458,0.048
4282.50293,12.366,0.058
4284.52806,12.319,0.048
4286.52206,12.391,0.046
4291.4691,12.446,0.049
4293.48139,12.395,0.042
4297.48808,12.38,0.046
4299.47766,12.323,0.043
4301.48405,12.481,0.06
4307.46182,12.37,0.059
4349.91257,12.842,0.064
4377.88151,12.708,0.055
4381.8835,12.667,0.047
4385.87285,12.726,0.048
4403.86732,12.79,0.052
4408.82194,12.846,0.055
4412.84795,12.829,0.057
4422.81181,12.816,0.051
4426.84118,12.939,0.056
4430.78767,12.812,0.044
4433.8006,12.938,0.045
4436.82258,12.913,0.051
4439.82444,12.835,0.054
4443.78999,12.716,0.047
4453.80164,12.503,0.055
4456.78479,12.31,0.056
4459.77481,12.397,0.046
4462.76288,12.208,0.049
4465.76691,12.401,0.056
4468.75614,12.251,0.048
4474.81066,12.382,0.045
4478.69102,12.251,0.074
4485.71577,12.567,0.052
4487.76798,12.563,0.045
4490.68408,12.755,0.044
4492.74819,12.686,0.051
4494.74858,12.772,0.042
4498.72965,13.016,0.046
4500.83016,12.928,0.058
4503.65701,12.923,0.045
4505.76176,12.843,0.049
4508.64921,13.078,0.05
4510.70265,12.897,0.046
4512.72644,13.19,0.043
4516.63978,12.923,0.045
4518.69909,12.812,0.041
4520.72266,12.832,0.053
4522.71325,13.002,0.047
4524.7484,13.153,0.044
4526.77429,13.136,0.054
4529.58655,13.108,0.049
4531.66503,13.033,0.042
4535.58899,13.187,0.042
4537.63741,13.155,0.042
4539.6355,13.021,0.048
4541.63995,12.859,0.054
4543.65264,12.913,0.044
4545.68012,12.916,0.049
4550.59524,12.713,0.058
4552.68411,12.68,0.047
4554.71561,12.877,0.046
4559.5629,12.639,0.047
4561.62448,12.75,0.045
4563.65393,12.612,0.043
4565.70305,12.787,0.043
4567.69311,12.707,0.045
4569.68988,12.645,0.05
4571.68823,12.732,0.04
4573.68797,12.621,0.041
4575.70359,12.736,0.077
4579.68388,12.683,0.049
4582.68429,12.668,0.05
4586.53185,12.5,0.044
4588.60953,12.792,0.049
4590.61859,12.837,0.051
4592.6353,12.724,0.048
4594.65119,12.538,0.046
4596.65483,12.672,0.046
4599.51388,12.586,0.048
4601.56111,12.573,0.047
4603.60999,12.571,0.045
4607.61226,12.502,0.048
4610.53147,12.57,0.048
4616.58353,12.604,0.044
4618.6025,12.612,0.044
4627.51995,12.535,0.047
4629.52884,12.684,0.043
4631.57468,12.422,0.046
4639.51213,12.277,0.056
4642.50196,12.196,0.058
4644.51013,12.057,0.062
4646.51324,12.123,0.055
4649.49401,11.992,0.076
4652.48732,12.113,0.068
4654.49113,12.021,0.057
4656.50022,12.144,0.066
4661.46148,12.33,0.071
4665.46306,12.282,0.06
4746.87721,12.563,0.051
4752.86182,12.312,0.043
4755.8648,12.485,0.055
4756.86055,12.339,0.05
4763.84334,12.397,0.045
4764.84079,12.237,0.046
4767.83883,12.286,0.042
4771.82764,12.31,0.047
4775.82092,12.34,0.047
4776.82505,12.995,0.05
4778.84778,12.303,0.043
4783.84458,12.375,0.055
4787.81789,12.466,0.054
4794.82428,12.447,0.053
4798.79727,12.565,0.046
4801.83685,12.958,0.046
4804.8074,12.48,0.051
4805.77942,12.614,0.06
4808.82995,12.669,0.05
4812.80946,12.731,0.052
4815.8017,12.632,0.053
4819.80043,12.54,0.059
4822.78313,12.552,0.054
4825.7745,12.515,0.049
4828.76285,12.699,0.051
4831.76428,12.491,0.058
4834.75518,12.506,0.045
4837.73339,12.566,0.056
4843.72214,12.443,0.045
4846.7645,12.462,0.046
4852.69645,12.432,0.047
4855.73748,12.525,0.054
4858.69055,12.802,0.053
4861.74092,12.458,0.055
4867.73289,12.586,0.056
4870.66557,12.631,0.067
4872.71848,12.562,0.048
4875.71107,12.676,0.05
4877.72819,12.776,0.046
4883.62114,12.758,0.042
4886.66758,12.872,0.067
4888.75143,12.914,0.052
4891.65002,12.839,0.061
4894.68719,13.082,0.064
4902.6995,12.914,0.074
4905.67448,12.9,0.055
4914.59984,12.675,0.061
4916.64498,12.718,0.053
4918.77162,12.685,0.053
4921.56581,12.597,0.05
4926.56237,12.447,0.074
4929.66425,12.372,0.058
4934.56014,12.369,0.057
4936.61494,12.302,0.052
4940.71409,12.344,0.063
4945.70372,12.25,0.056
4952.67282,12.514,0.057
4954.61944,12.389,0.063
4969.58443,12.86,0.053
5013.51771,12.823,0.063
5032.46653,12.835,0.057
5037.46766,13.075,0.065
5086.90823,13.097,0.057
5125.85696,12.538,0.064
5131.85606,12.285,0.059
5145.83654,12.454,0.066
5145.85533,12.462,0.051
5161.84875,13.057,0.056
5165.80899,12.892,0.058
