1868.83411,11.427,0.046
1878.77217,12.157,0.045
1880.76468,11.671,0.045
1884.77004,11.797,0.039
1886.74166,11.833,0.041
1887.82826,12.041,0.042
1889.84069,12.177,0.057
1900.80871,12.122,0.039
1902.83799,11.717,0.041
1904.69865,12.101,0.045
1906.82763,11.735,0.041
1907.77189,11.569,0.042
1913.74087,11.708,0.037
1914.74736,11.914,0.041
1915.75263,12.13,0.043
1919.67261,11.856,0.044
1920.72825,12.021,0.04
1921.72922,12.183,0.043
1922.73072,12.106,0.042
1925.72365,11.953,0.042
1926.71782,12.064,0.039
1928.71967,11.756,0.041
1931.70798,12.101,0.049
1932.70584,12.188,0.041
1933.70592,12.062,0.042
1934.70247,11.547,0.04
1936.67635,11.897,0.041
1937.71395,12.121,0.041
1939.66988,11.782,0.042
1941.65127,11.806,0.042
1945.7033,11.503,0.044
1946.71134,11.695,0.042
1948.63671,12.134,0.043
1949.68244,12.322,0.052
1950.66445,11.755,0.053
1952.65942,11.825,0.057
1953.66201,11.953,0.046
1954.67757,12.214,0.048
1955.65704,12.132,0.047
1958.64131,11.91,0.047
1959.65222,12.154,0.047
1961.67992,11.751,0.046
1962.68039,11.598,0.049
1963.65172,11.885,0.05
1964.64258,12.094,0.046
1965.63342,12.34,0.049
1966.6358,12.135,0.049
1967.63034,11.517,0.051
1968.63225,11.744,0.053
1977.60782,12.075,0.059
1979.59738,11.722,0.058
1980.61616,12.002,0.059
1981.62039,12.141,0.056
1982.60333,12.266,0.052
1984.59049,11.623,0.057
2059.49374,12.288,0.046
2080.50854,12.151,0.047
2085.46404,12.078,0.042
2088.47286,11.524,0.042
2190.86046,12.255,0.046
2192.86635,11.492,0.047
2194.86461,12.007,0.046
2197.85003,11.49,0.051
2199.85957,11.945,0.057
2201.853,12.22,0.047
2206.79018,12.159,0.042
2206.81949,12.182,0.048
2211.86528,12.123,0.045
2213.81458,11.83,0.048
2214.79945,11.496,0.045
2215.82547,11.758,0.048
2216.79098,12.121,0.047
2217.8209,12.172,0.051
2221.8421,11.861,0.055
2224.7967,11.85,0.042
2224.84159,11.754,0.047
2226.78086,11.732,0.045
2226.80743,11.8,0.05
2228.7683,12.257,0.048
2228.79977,12.182,0.05
2230.76699,11.518,0.045
2230.79862,11.523,0.052
2233.7421,12.144,0.047
2233.76885,12.074,0.05
2234.84988,12.277,0.052
2235.78296,11.782,0.052
2236.76784,11.539,0.046
2237.77754,11.818,0.055
2239.77058,12.345,0.048
2240.75531,12.12,0.057
2241.7573,11.507,0.05
2242.76375,11.732,0.056
2243.73871,11.995,0.051
2244.7688,12.039,0.059
2248.72421,11.822,0.056
2251.75622,12.131,0.059
2441.52027,12.026,0.045
2444.4617,11.568,0.043
2454.46,12.213,0.042
2464.47363,12.134,0.052
2468.4608,11.866,0.048
2545.84989,11.989,0.038
2552.86443,12.289,0.033
2557.86612,12.187,0.048
2559.87762,11.486,0.041
2562.85222,12.094,0.041
2578.84453,12.071,0.042
2622.70342,12.007,0.035
2624.7674,12.12,0.04
2627.79308,11.982,0.038
2628.74944,12.184,0.038
2629.78763,12.307,0.038
2634.79035,12.263,0.042
2635.74256,12.019,0.043
2636.82935,11.481,0.043
2639.73954,12.155,0.035
2642.75067,11.636,0.041
2644.77509,12.019,0.038
2646.75943,12.083,0.036
2649.75786,11.991,0.034
2651.70951,12.371,0.035
2655.77118,12.086,0.036
2664.72628,11.607,0.041
2670.73226,11.759,0.041
2672.73524,12.134,0.034
2674.72079,11.646,0.035
2676.70032,11.881,0.034
2678.68117,12.349,0.036
2680.68197,11.516,0.037
2683.82244,12.188,0.042
2685.69592,11.697,0.037
2689.67984,12.252,0.039
2691.6821,11.519,0.036
2693.69467,12.003,0.038
2694.85676,12.15,0.036
2697.60493,11.686,0.045
2699.64504,12.164,0.046
2701.65454,12.01,0.04
2703.65043,11.754,0.041
2705.64501,12.188,0.046
2707.6433,11.607,0.04
2710.61307,12.097,0.036
2711.72675,12.264,0.041
2713.67419,11.551,0.034
2714.77283,11.764,0.036
2717.64384,12.293,0.035
2719.70853,11.634,0.048
2724.66588,11.503,0.037
2725.77926,11.76,0.036
2727.69309,12.143,0.038
2732.73506,12.069,0.039
2734.59084,12.101,0.035
2736.55911,11.741,0.036
2737.74073,11.967,0.037
2739.6785,12.219,0.039
2741.63424,11.63,0.039
2742.73493,11.961,0.036
2744.6243,12.184,0.036
2747.66954,11.831,0.045
2750.7138,12.229,0.04
2752.63364,11.66,0.035
2754.72164,12.087,0.038
2756.68687,11.91,0.036
2759.50043,11.922,0.054
2760.67968,12.172,0.036
2762.64175,11.5,0.051
2764.6207,11.944,0.052
2766.63446,12.309,0.038
2770.61696,11.981,0.036
2775.51854,11.885,0.039
2776.62272,12.057,0.041
2782.54129,12.171,0.04
2784.54167,11.562,0.037
2789.53331,11.92,0.051
2794.51817,12.185,0.042
2797.51068,11.849,0.043
2804.48752,12.191,0.045
2809.49128,12.052,0.04
2811.50234,11.972,0.035
2813.50045,11.797,0.038
2821.48974,12.291,0.038
2826.48141,12.192,0.038
2830.48285,11.876,0.038
2832.49208,12.209,0.037
2834.49556,11.578,0.039
2836.49793,12.132,0.037
2841.46814,11.873,0.039
2843.47661,12.331,0.045
2899.90485,11.886,0.036
2908.89489,12.239,0.044
2912.87604,11.935,0.038
2922.8674,11.772,0.038
2926.86845,11.838,0.035
2929.8592,12.093,0.039
2932.86777,11.555,0.036
2940.82881,12.044,0.035
2943.83146,11.518,0.036
2946.81845,12.189,0.041
2947.83581,12.284,0.051
2949.83244,11.573,0.034
2956.8194,11.943,0.035
2960.82466,11.601,0.035
2963.83617,12.267,0.033
2967.79304,11.906,0.035
2971.78901,11.563,0.035
2974.83553,12.223,0.038
2977.75795,11.714,0.039
2979.81848,12.182,0.035
2982.80616,11.674,0.036
2985.79977,12.195,0.034
2991.78743,12.255,0.034
2994.78425,11.93,0.04
3001.76417,12.151,0.035
3003.8187,11.684,0.04
3006.76055,12.052,0.033
3008.79242,12.109,0.036
3011.73152,11.988,0.035
3013.79324,12.222,0.035
3016.8083,11.908,0.037
3018.8257,12.286,0.037
3023.7756,12.171,0.034
3028.75244,12.087,0.033
3030.78788,12.001,0.036
3033.68471,11.969,0.032
3035.73424,12.332,0.035
3039.74767,12.118,0.036
3044.73273,11.944,0.034
3047.68337,11.662,0.033
3050.65674,12.087,0.034
3052.79798,11.971,0.034
3055.62475,11.995,0.039
3057.67573,12.273,0.035
3059.72006,11.629,0.035
3061.77696,12.099,0.036
3064.59458,11.556,0.038
3067.6544,12.229,0.035
3069.66602,11.671,0.037
3071.69709,11.812,0.037
3073.71916,12.281,0.035
3075.72285,11.543,0.035
3077.75096,12.024,0.036
3081.78214,11.658,0.037
3085.76891,11.84,0.036
3087.76811,11.901,0.053
3090.5287,12.268,0.035
3092.5815,11.623,0.034
3096.5849,12.041,0.033
3098.60744,11.755,0.035
3100.61247,12.222,0.035
3102.61928,11.577,0.04
3104.63062,11.882,0.035
3106.62504,12.363,0.036
3108.62768,11.539,0.035
3110.62152,12.011,0.036
3112.62977,12.241,0.035
3114.63907,11.751,0.037
3116.5663,12.089,0.034
3121.53088,11.976,0.036
3123.55576,12.271,0.035
3125.58708,11.623,0.037
3127.61579,12.06,0.039
3129.66795,11.826,0.039
3131.65048,11.863,0.047
3133.6553,12.181,0.037
3145.54632,12.231,0.035
3153.4966,11.824,0.039
3154.6292,11.963,0.036
3158.55869,11.669,0.037
3160.57018,12.112,0.037
3163.57844,11.585,0.035
3165.58083,12.005,0.036
3168.58955,11.528,0.034
3176.50087,12.022,0.034
3179.50472,11.536,0.035
3183.53421,12.315,0.036
3186.51396,11.858,0.036
3189.52864,12.239,0.038
3333.83267,11.598,0.04
3358.80635,12.185,0.05
3362.75672,12.011,0.045
3380.82928,12.195,0.042
3383.79113,11.755,0.053
3387.78125,11.591,0.042
3388.77516,11.623,0.041
3390.70877,12.048,0.042
3393.7631,11.539,0.042
3394.75361,11.714,0.043
3396.69649,12.065,0.044
3397.67322,12.212,0.041
3400.75936,11.834,0.041
3406.81756,12.007,0.046
3411.71224,11.911,0.044
3413.75118,12.25,0.039
3415.77117,11.515,0.039
3418.63349,12.138,0.044
3420.6812,11.562,0.04
3422.69749,11.899,0.04
3424.70581,12.213,0.044
3426.71481,11.538,0.05
3430.73527,12.238,0.037
3432.73174,11.669,0.047
3434.73289,12.053,0.04
3438.58414,11.734,0.053
3440.69151,12.141,0.037
3443.76022,11.689,0.042
3445.74242,12.144,0.042
3447.74274,11.897,0.041
3452.62263,12.202,0.043
3454.69186,11.872,0.044
3456.69726,12.12,0.041
3458.68636,11.91,0.041
3460.68577,11.777,0.041
3462.69817,12.248,0.039
3464.72372,11.511,0.044
3466.77204,11.919,0.04
3469.73447,11.833,0.041
3471.73879,11.783,0.04
3474.51325,12.288,0.041
3476.62938,11.64,0.05
3478.59946,12.023,0.044
3480.62112,11.872,0.049
3482.63384,11.813,0.05
3484.677,12.301,0.044
3489.55136,12.03,0.04
3491.56729,11.903,0.043
3495.56563,12.31,0.041
3497.62286,11.543,0.038
3502.64005,11.861,0.052
3508.66069,11.472,0.036
3511.58715,12.072,0.037
3521.56056,11.945,0.045
3522.45369,11.99,0.049
3523.56318,12.358,0.042
3525.59005,11.519,0.04
3529.59942,12.252,0.042
3538.5162,11.967,0.043
3542.48216,11.774,0.049
3544.53298,12.126,0.041
3550.53082,12.266,0.055
3559.46125,11.91,0.052
3563.50356,11.492,0.041
3570.47038,11.841,0.04
3574.47125,11.502,0.042
3630.85283,11.796,0.039
3630.87936,11.831,0.047
3657.8648,11.729,0.044
3659.86062,12.184,0.046
3661.86506,11.77,0.045
3663.85163,11.793,0.046
3665.86123,12.229,0.045
3671.83179,12.342,0.045
3674.82526,11.775,0.046
3675.82354,12.041,0.043
3701.79719,11.664,0.044
3701.81998,11.687,0.05
3705.79228,11.728,0.048
3705.80588,11.654,0.053
3712.84774,11.692,0.041
3713.76967,11.901,0.044
3715.8281,12.175,0.044
3716.80974,11.635,0.045
3718.81089,11.809,0.046
3722.75183,11.503,0.045
3725.77965,12.13,0.042
3726.75638,12.258,0.051
3728.78045,11.533,0.044
3732.74029,12.088,0.041
3733.81061,11.467,0.044
3735.75929,11.918,0.042
3736.77661,12.128,0.047
3741.73289,12.011,0.041
3744.72303,11.483,0.054
3747.7135,12.111,0.041
3749.80782,11.569,0.042
3752.75823,12.105,0.041
3755.70192,11.551,0.049
3757.76231,11.973,0.041
3760.69548,11.613,0.044
3762.79129,11.917,0.044
3765.67461,12.162,0.045
3768.6709,12.052,0.045
3770.77742,12.233,0.046
3773.65883,11.887,0.049
3775.71417,12.173,0.042
3780.63504,12.113,0.047
3783.69227,11.61,0.044
3787.69328,12.354,0.044
3789.74859,11.766,0.042
3792.64223,12.232,0.046
3794.6966,11.658,0.042
3796.71897,12.099,0.038
3798.78787,11.912,0.044
3801.59606,12.02,0.048
3803.72673,12.269,0.051
3810.75244,11.532,0.048
3812.8201,11.985,0.043
3815.57029,11.549,0.047
3815.79735,11.473,0.046
3819.62714,12.326,0.051
3821.68303,11.526,0.048
3823.69198,12.012,0.044
3824.73771,12.207,0.045
3825.7097,12.18,0.045
3826.76367,11.491,0.047
3827.77934,11.655,0.045
3830.56366,12.156,0.041
3832.57192,11.505,0.042
3834.58106,11.913,0.042
3836.59758,12.197,0.042
3847.68405,12.302,0.052
3849.64747,11.696,0.049
3851.64623,12.152,0.047
3853.6831,11.89,0.043
3856.54137,11.991,0.042
3858.6397,12.126,0.051
3860.66825,11.617,0.056
3862.59173,12.124,0.041
3864.61805,11.848,0.041
3866.62933,11.823,0.04
3868.66911,12.189,0.043
3870.66338,11.525,0.042
3872.66153,11.962,0.04
3875.64907,11.787,0.043
3876.61524,11.591,0.038
3880.54819,12.167,0.045
3882.58271,11.691,0.048
3886.58947,11.806,0.044
3888.59518,11.872,0.05
3890.58639,12.189,0.042
3892.59233,11.507,0.054
3896.57783,12.393,0.046
3897.45767,12.002,0.041
3901.55985,12.178,0.042
3904.48794,11.711,0.042
3906.50321,12.1,0.039
3908.51425,11.811,0.042
4089.7983,11.646,0.05
4103.76629,12.142,0.046
4106.7488,11.534,0.042
4109.806,12.149,0.049
4111.81307,11.574,0.043
4125.69145,12.066,0.038
4126.75783,12.296,0.047
4127.74213,11.955,0.041
4128.78984,11.556,0.044
4129.74802,11.775,0.041
4131.82002,12.294,0.042
4134.66821,11.626,0.042
4136.73631,12.077,0.046
4137.75447,12.22,0.043
4140.76037,11.795,0.043
4141.82211,11.987,0.043
4142.78584,12.172,0.04
4145.63441,11.602,0.039
4149.79192,11.784,0.047
4151.82955,11.774,0.04
4154.8025,12.168,0.046
4157.60551,11.905,0.041
4159.66287,12.234,0.041
4161.66159,11.561,0.036
4163.67312,11.969,0.048
4165.69916,12.229,0.042
4167.67183,11.705,0.047
4172.71965,11.538,0.05
4173.63035,11.79,0.039
4174.7336,12.011,0.047
4175.63685,12.167,0.043
4176.80847,12.023,0.052
4177.76331,11.474,0.042
4179.7425,11.929,0.054
4180.63309,12.05,0.043
4181.76906,12.246,0.052
4182.66805,11.96,0.042
4184.66305,11.792,0.043
4187.79344,12.181,0.048
4187.79797,12.135,0.042
4189.76195,11.635,0.045
4190.53138,11.861,0.039
4191.68215,12.18,0.043
4192.57781,12.275,0.038
4193.69894,11.758,0.051
4194.6226,11.489,0.037
4197.61244,12.488,0.04
4199.67213,11.542,0.045
4202.7301,12.205,0.047
4204.7517,11.811,0.041
4208.6396,12.22,0.046
4213.71021,12.03,0.048
4216.61238,11.562,0.042
4216.69757,11.565,0.048
4227.60336,11.529,0.042
4228.61016,11.853,0.04
4229.61331,11.937,0.054
4230.61214,12.108,0.041
4232.60965,11.415,0.044
4233.62018,11.71,0.044
4234.61263,11.909,0.038
4237.63513,11.834,0.053
4238.64153,11.507,0.043
4245.56969,11.873,0.056
4247.57946,12.18,0.041
4249.58393,11.624,0.042
4250.63086,11.928,0.041
4253.59899,12.103,0.043
4254.6089,11.407,0.047
4257.53673,12.296,0.043
4259.55757,11.794,0.047
4267.50142,11.986,0.042
4269.53242,12.247,0.039
4274.55885,12.269,0.041
4278.50084,12.014,0.042
4282.50293,11.663,0.043
4284.52806,12.024,0.039
4286.52206,12.152,0.04
4291.4691,12.428,0.046
4293.48139,11.707,0.038
4297.48808,12.184,0.04
4299.47766,11.711,0.039
4301.48405,12.086,0.043
4307.46182,12.119,0.047
4378.8833,12.251,0.048
4383.87056,12.207,0.043
4391.8518,11.514,0.054
4406.86221,12.142,0.051
4408.82194,11.635,0.044
4410.82752,12.05,0.043
4412.84795,12.031,0.043
4422.81181,12.239,0.043
4422.82377,12.28,0.053
4426.84118,12.034,0.051
4426.85804,11.996,0.056
4430.81,11.549,0.044
4437.8135,11.903,0.043
4440.82606,11.525,0.048
4443.78999,12.007,0.04
4448.77173,11.984,0.043
4453.80164,11.874,0.042
4456.78479,11.948,0.042
4459.77481,11.866,0.042
4462.76288,11.59,0.041
4463.77652,11.648,0.042
4465.76691,12.088,0.045
4466.7653,12.233,0.046
4468.75614,11.482,0.041
4469.75975,11.731,0.045
4474.81066,11.606,0.041
4476.75502,12.01,0.051
4478.69102,12.024,0.051
4479.72926,11.525,0.046
4482.76957,12.238,0.045
4485.71577,11.685,0.045
4485.78604,11.662,0.043
4487.76798,12.083,0.04
4488.70408,12.188,0.046
4490.68408,11.508,0.038
4490.75414,11.55,0.044
4492.74819,12.027,0.041
4492.79205,11.977,0.042
4494.74858,12.208,0.038
4498.72965,12.068,0.042
4498.76997,12.096,0.045
4500.83016,11.921,0.052
4501.67818,11.571,0.045
4503.65701,12.021,0.043
4503.77508,12.02,0.045
4505.76176,12.22,0.04
4508.64921,11.916,0.042
4508.74044,11.858,0.043
4510.70265,12.249,0.041
4512.72644,11.523,0.041
4516.63978,12.224,0.041
4518.69909,11.647,0.04
4518.75799,11.707,0.042
4520.72266,12.044,0.043
4522.71325,11.875,0.041
4524.7484,11.824,0.039
4526.77429,12.196,0.042
4529.58655,11.66,0.048
4529.7318,11.678,0.043
4531.66503,12.056,0.04
4531.77461,12.117,0.045
4535.58899,11.811,0.041
4535.61435,11.773,0.044
4537.63741,12.21,0.039
4537.66242,12.242,0.043
4539.6355,11.479,0.046
4541.63995,11.89,0.042
4543.65264,12.407,0.042
4545.68012,11.524,0.044
4547.70438,12.073,0.043
4550.59524,11.475,0.053
4552.68411,11.918,0.041
4554.71561,12.236,0.044
4559.5629,12.105,0.045
4561.62448,11.492,0.041
4563.65393,11.868,0.038
4565.70305,12.349,0.039
4565.71323,12.291,0.042
4567.69311,11.638,0.041
4567.70214,11.61,0.043
4569.68988,11.939,0.044
4569.69897,11.96,0.043
4571.68823,12.238,0.04
4571.69721,12.248,0.043
4573.68797,11.692,0.041
4573.69487,11.712,0.044
4575.70359,12.169,0.053
4579.68388,11.855,0.042
4579.68658,11.766,0.048
4582.68429,12.161,0.04
4582.68705,12.072,0.049
4586.53185,12.179,0.041
4586.53886,12.179,0.044
4588.60953,11.821,0.044
4590.61859,11.797,0.045
4592.6353,12.225,0.04
4592.63802,12.065,0.044
4594.65119,11.53,0.04
4594.65376,11.503,0.045
4596.65483,11.934,0.04
4596.65738,11.931,0.044
4599.51388,11.914,0.043
4601.56111,11.845,0.039
4603.60999,12.171,0.046
4603.61584,12.388,0.043
4607.61226,11.941,0.04
4607.61782,11.95,0.045
4610.53147,11.831,0.04
4616.58353,11.545,0.04
4618.6025,11.977,0.041
4622.59306,11.535,0.043
4627.51995,11.479,0.038
4629.52884,11.888,0.04
4631.57468,12.287,0.04
4639.51213,11.739,0.043
4642.50196,12.4,0.046
4644.51013,11.598,0.044
4646.51324,12.144,0.046
4649.49401,11.473,0.053
4652.48732,12.103,0.049
4654.49113,11.72,0.044
4656.50022,11.795,0.05
4661.46148,11.721,0.049
4665.46306,11.745,0.044
4752.86182,11.955,0.04
4756.86055,12.082,0.044
4760.86178,11.878,0.047
4764.84079,11.527,0.042
4768.83938,12.216,0.043
4772.82928,12.105,0.043
4776.82505,11.743,0.044
4780.82001,11.6,0.042
4784.81177,12.31,0.043
4792.80228,11.618,0.04
4796.83691,11.89,0.042
4800.78722,12.166,0.046
4804.8074,11.932,0.044
4807.81071,11.925,0.041
4812.80946,12.346,0.042
4815.8017,11.885,0.042
4815.8045,11.838,0.045
4819.80043,11.491,0.043
4822.786,12.156,0.043
4825.7745,11.662,0.038
4825.7774,11.607,0.044
4828.76285,12.177,0.041
4828.7766,12.317,0.047
4831.76428,11.815,0.043
4831.77139,11.731,0.041
4834.75518,12.245,0.038
4834.75815,12.207,0.042
4837.73339,11.93,0.044
4837.74355,11.83,0.053
4843.72214,11.985,0.041
4846.7645,11.602,0.04
4849.71804,12.115,0.043
4852.69645,11.54,0.042
4852.70499,11.498,0.045
4855.73748,12.148,0.041
4855.75428,12.086,0.047
4858.69055,11.597,0.042
4861.74092,12.137,0.043
4861.74764,12.246,0.046
4867.73289,12.273,0.044
4870.66557,11.947,0.047
4872.71848,12.342,0.043
4875.71107,11.735,0.047
4877.72819,12.165,0.04
4883.62114,12.312,0.038
4886.66758,11.798,0.057
4888.75143,12.253,0.05
4891.65002,11.692,0.056
4894.68719,12.211,0.053
4902.6995,11.706,0.057
4905.67448,12.227,0.053
4914.59984,11.878,0.049
4916.64498,12.211,0.05
4918.77162,11.624,0.052
4921.56581,12.162,0.05
4926.56237,12.139,0.057
4929.66425,11.564,0.054
4934.56014,11.543,0.055
4936.61494,11.9,0.049
4940.71409,11.593,0.056
4945.70372,11.513,0.052
4952.67282,11.834,0.053
4954.61944,12.203,0.054
4969.58443,11.999,0.052
5013.51771,12.011,0.056
5032.46653,12.089,0.056
5037.46766,12.346,0.055
5125.85696,12.058,0.06
5131.85606,11.566,0.051
5146.85616,12.225,0.056
5161.84875,12.057,0.053
5162.82871,12.182,0.053
5165.80899,11.692,0.051
