1868.85321,12.597,0.061
1870.80269,12.514,0.073
1872.79823,12.648,0.058
1874.79111,12.534,0.087
1878.78245,12.581,0.054
1880.78222,12.582,0.056
1886.7686,12.733,0.042
1888.75632,13.179,0.055
1899.78187,12.696,0.043
1900.84127,12.689,0.044
1902.80114,12.696,0.044
1904.724,12.964,0.06
1905.78032,12.58,0.046
1907.7148,13.009,0.041
1908.82198,13.079,0.045
1913.74552,12.733,0.038
1914.75423,13.252,0.047
1915.77787,12.595,0.046
1919.69817,12.741,0.047
1920.74425,12.766,0.047
1921.7362,12.688,0.043
1922.73771,12.711,0.042
1924.72527,12.628,0.044
1926.72712,12.722,0.044
1928.7245,12.689,0.045
1929.72495,12.608,0.041
1930.7226,12.64,0.041
1931.71961,12.626,0.039
1932.7129,12.657,0.042
1933.713,13.133,0.042
1934.71181,12.739,0.039
1936.6858,12.703,0.04
1937.74104,12.7,0.043
1939.67948,12.73,0.041
1941.66689,12.731,0.039
1945.71546,12.647,0.041
1946.7078,13.001,0.04
1948.6485,12.707,0.047
1949.68947,12.795,0.06
1950.66928,12.682,0.063
1952.66642,12.802,0.058
1953.67357,12.702,0.044
1954.67214,12.714,0.055
1958.64823,12.777,0.041
1959.66008,13.139,0.048
1962.58704,12.695,0.047
1963.64957,12.678,0.049
1964.64939,12.632,0.045
1965.64253,13.021,0.041
1966.64489,12.729,0.047
1967.63941,12.588,0.045
1968.63003,12.763,0.047
1977.61668,12.701,0.055
1979.59486,12.935,0.055
1980.62033,12.797,0.055
1981.62456,12.795,0.057
1982.60977,12.587,0.048
1984.60134,12.795,0.054
1994.52577,12.734,0.052
1995.57525,12.829,0.06
1996.57836,12.927,0.062
1997.5791,12.738,0.064
1998.57843,12.749,0.061
2000.57302,12.739,0.07
2011.51428,12.745,0.066
2014.53213,12.719,0.07
2016.52856,12.957,0.07
2018.52676,12.726,0.075
2026.48907,12.706,0.05
2030.48075,12.714,0.055
2032.49009,12.688,0.06
2053.47697,12.61,0.056
2055.50247,12.837,0.078
2057.50294,12.775,0.058
2060.46148,12.624,0.071
2064.51759,12.657,0.068
2068.49574,12.886,0.052
2071.45944,12.694,0.065
2081.4847,12.987,0.06
2086.45952,12.633,0.068
2184.88232,12.76,0.063
2190.88055,12.76,0.059
2192.87717,12.689,0.057
2194.87092,13.065,0.055
2197.85926,12.726,0.071
2199.86675,12.67,0.062
2201.86457,12.705,0.058
2206.83773,12.855,0.053
2212.85065,12.705,0.053
2214.83795,12.844,0.054
2216.83024,12.77,0.058
2221.8562,12.602,0.065
2224.85575,12.621,0.062
2226.8267,13.273,0.058
2228.81676,12.587,0.056
2230.81564,12.599,0.056
2233.78599,12.704,0.052
2235.79752,12.636,0.058
2237.79733,12.633,0.055
2242.77849,12.644,0.057
2244.78622,12.717,0.065
2248.74436,12.764,0.062
2250.76636,12.678,0.062
2251.85043,12.74,0.069
2253.7634,12.771,0.066
2255.76378,12.584,0.061
2257.74713,12.631,0.067
2260.79189,12.694,0.068
2264.73494,13.355,0.074
2440.46114,12.656,0.044
2443.46801,12.676,0.044
2456.44878,12.599,0.048
2545.88282,12.745,0.048
2552.88169,12.709,0.077
2556.88346,12.857,0.067
2558.88261,12.62,0.043
2562.86067,12.737,0.064
2622.73406,12.729,0.036
2624.78824,12.595,0.039
2627.80657,12.674,0.036
2629.79192,12.641,0.038
2634.79704,12.613,0.036
2636.83862,12.721,0.042
2639.75591,12.624,0.042
2642.75752,12.687,0.035
2644.78213,12.614,0.038
2646.76885,12.689,0.034
2649.7626,12.738,0.034
2651.71658,12.628,0.043
2655.77848,12.593,0.037
2658.74267,12.743,0.037
2660.72002,13.025,0.041
2660.73938,12.798,0.059
2662.73984,12.624,0.042
2664.73806,12.705,0.044
2666.73341,12.604,0.038
2670.74862,12.651,0.055
2672.74242,12.735,0.05
2674.73249,12.644,0.048
2676.71205,12.633,0.045
2678.69386,12.616,0.04
2680.69142,12.804,0.037
2685.70295,12.692,0.04
2689.68456,12.685,0.036
2691.68679,12.605,0.045
2693.69933,12.821,0.035
2695.67129,12.703,0.034
2697.67745,12.615,0.038
2703.66656,12.663,0.034
2705.65885,12.716,0.044
2707.65728,12.657,0.034
2710.61958,12.672,0.036
2714.78016,12.657,0.035
2719.71247,12.899,0.041
2721.66682,12.717,0.04
2724.66964,12.661,0.046
2728.65226,12.64,0.035
2730.64818,12.638,0.036
2733.69455,12.69,0.04
2735.68822,12.64,0.038
2739.66534,12.662,0.045
2743.62182,12.816,0.043
2745.65346,12.69,0.041
2750.65418,12.874,0.045
2752.61099,12.641,0.038
2756.67034,12.632,0.034
2761.51658,12.615,0.041
2763.51241,13.173,0.037
2765.46189,12.627,0.054
2770.591,13.116,0.038
2776.54177,13.105,0.049
2783.55788,12.952,0.039
2785.55959,12.627,0.043
2796.4793,12.611,0.041
2810.49387,12.609,0.038
2812.49622,12.6,0.038
2814.49867,12.789,0.04
2820.48501,12.568,0.039
2830.47281,12.679,0.04
2835.46711,12.716,0.037
2927.86354,13.143,0.036
2935.85729,12.733,0.038
2940.86568,13.059,0.036
2955.82482,12.625,0.037
2958.85341,12.688,0.035
2962.81655,12.7,0.039
2965.83573,12.686,0.036
2968.83724,12.669,0.042
2973.81334,12.616,0.037
2976.7766,12.676,0.039
2979.78801,13,0.037
2985.82481,12.891,0.037
2988.80812,12.721,0.037
2991.79689,12.664,0.045
2994.79871,12.686,0.034
2997.78545,12.648,0.037
3001.7792,12.602,0.038
3005.73833,12.657,0.04
3007.76448,12.689,0.035
3009.8078,12.57,0.034
3012.7514,12.758,0.049
3015.80112,12.515,0.036
3017.80572,12.682,0.033
3025.67648,12.609,0.041
3029.76788,12.582,0.036
3031.82327,13.009,0.037
3034.69683,12.628,0.037
3036.77983,12.651,0.041
3041.73119,12.833,0.045
3043.76403,12.986,0.046
3046.65706,12.615,0.036
3049.68495,12.889,0.033
3052.66484,12.653,0.047
3054.69742,12.706,0.036
3056.73493,12.921,0.038
3061.61914,12.803,0.046
3063.6786,12.824,0.052
3066.69677,12.576,0.033
3068.65097,12.558,0.035
3070.67884,12.761,0.038
3072.7602,12.687,0.042
3074.72761,12.656,0.038
3076.75557,13.006,0.037
3078.78359,12.725,0.038
3081.57128,12.996,0.041
3085.66943,12.748,0.036
3087.67202,12.639,0.038
3089.70074,12.651,0.08
3091.68339,12.635,0.038
3093.66832,12.826,0.035
3097.66079,12.63,0.035
3099.71781,12.624,0.038
3101.73521,12.903,0.035
3104.51399,12.681,0.038
3106.54491,12.696,0.035
3110.55741,12.713,0.038
3112.57219,12.735,0.034
3114.5793,13.059,0.035
3116.61634,12.63,0.041
3122.54796,12.717,0.033
3124.57599,12.678,0.04
3126.59643,12.7,0.037
3128.62043,12.665,0.035
3130.64327,12.64,0.036
3132.64363,12.672,0.034
3134.64938,12.961,0.035
3144.54688,12.61,0.035
3146.58647,12.986,0.046
3154.53962,12.756,0.032
3158.51827,12.707,0.043
3160.53413,12.794,0.037
3163.54665,12.697,0.035
3165.54728,12.81,0.038
3168.55852,12.793,0.035
3177.46046,12.7,0.042
3185.48759,12.863,0.042
3189.46375,12.715,0.036
3269.88877,12.781,0.06
3269.89146,12.728,0.061
3269.89415,12.65,0.058
3269.89684,12.649,0.058
3269.89952,12.701,0.06
3355.83582,12.773,0.074
3358.81074,12.646,0.059
3362.76442,12.802,0.051
3374.84178,12.629,0.078
3385.72454,12.628,0.052
3387.78049,12.736,0.051
3390.71338,12.769,0.053
3396.69266,12.81,0.085
3400.75858,12.822,0.05
3403.755,12.587,0.057
3408.65926,12.8,0.04
3410.72709,12.589,0.087
3412.80042,12.739,0.065
3414.75312,12.782,0.042
3416.76191,12.633,0.062
3418.78285,12.704,0.099
3420.77458,13.112,0.076
3422.80063,12.624,0.074
3424.77067,12.669,0.071
3430.78122,12.566,0.052
3432.78331,12.745,0.068
3440.70617,12.807,0.038
3443.80214,12.671,0.048
3450.60543,12.664,0.086
3452.70385,13.164,0.054
3454.74719,12.728,0.078
3456.75289,12.657,0.064
3458.75053,12.781,0.052
3461.52784,12.452,0.106
3463.5711,12.771,0.04
3465.60218,12.859,0.093
3468.59895,12.609,0.07
3470.62412,12.575,0.052
3472.6158,12.737,0.063
3476.69887,12.614,0.048
3478.6828,13.048,0.086
3490.58631,12.947,0.094
3496.6212,12.736,0.045
3499.60911,12.57,0.064
3501.62817,12.641,0.059
3504.5112,12.798,0.093
3509.58866,12.715,0.045
3512.60092,12.847,0.05
3517.52388,12.608,0.079
3521.52063,12.561,0.044
3523.53729,12.933,0.043
3525.56525,12.66,0.043
3528.49293,12.709,0.055
3530.49033,12.714,0.045
3539.52981,12.56,0.079
3547.50254,12.53,0.074
3556.47478,12.6,0.051
3560.46511,12.688,0.051
3563.4613,12.652,0.045
3655.87679,12.697,0.039
3659.86781,12.634,0.043
3671.8591,12.66,0.044
3675.8494,12.666,0.047
3699.84974,13.035,0.047
3703.79393,12.679,0.044
3707.78946,12.595,0.058
3713.78614,12.771,0.045
3716.82648,12.695,0.069
3719.81431,13.095,0.045
3722.80137,12.682,0.044
3725.795,13.042,0.04
3728.79802,12.697,0.083
3732.75466,12.857,0.075
3735.77366,12.614,0.068
3741.75011,12.589,0.052
3744.74113,12.932,0.045
3747.73103,12.719,0.048
3755.77778,12.754,0.054
3758.70111,12.72,0.069
3760.77979,12.647,0.069
3763.69642,12.709,0.065
3766.68659,12.615,0.04
3768.78454,12.818,0.058
3771.67642,12.66,0.061
3773.76466,12.743,0.064
3776.65343,13.01,0.083
3778.70079,12.463,0.089
3780.74711,12.546,0.08
3783.79191,12.748,0.075
3788.68644,12.599,0.083
3790.80931,12.848,0.084
3793.6396,12.819,0.074
3795.73895,12.678,0.046
3797.69233,12.732,0.082
3799.73681,12.637,0.056
3802.61557,13.167,0.055
3806.68272,12.712,0.083
3809.69571,13.127,0.073
3811.70468,12.712,0.06
3813.71743,12.676,0.095
3815.76215,12.561,0.067
3817.76476,12.72,0.078
3820.5676,12.7,0.07
3822.65107,12.964,0.09
3824.65514,12.695,0.036
3826.67591,12.668,0.047
3828.69071,12.804,0.064
3830.72343,12.653,0.058
3832.70964,12.682,0.057
3834.68323,12.648,0.05
3836.70001,12.684,0.04
3850.69005,12.629,0.071
3853.49695,12.874,0.039
3860.53404,13.296,0.061
3862.53027,12.591,0.085
3864.55905,12.597,0.077
3866.57401,12.888,0.073
3868.59904,12.672,0.047
3870.59737,12.819,0.071
3872.60259,12.708,0.042
3876.58983,12.64,0.043
3882.56579,12.764,0.068
3886.57437,12.883,0.065
3890.57122,12.77,0.061
3897.47028,12.735,0.053
3902.47345,12.661,0.042
3904.51264,12.61,0.051
3906.53255,12.743,0.053
4089.80497,13.729,0.092
4103.77684,12.587,0.072
4106.75387,12.63,0.042
4109.81029,12.683,0.049
4126.69837,12.746,0.053
4128.75407,12.73,0.054
4133.67769,12.788,0.063
4135.72633,12.675,0.086
4137.72507,12.529,0.089
4139.75865,12.768,0.044
4141.79385,12.99,0.091
4144.65657,12.723,0.067
4146.70217,12.72,0.106
4149.7912,12.662,0.052
4151.8288,12.612,0.042
4154.62954,12.762,0.067
4156.66828,12.602,0.075
4158.67193,12.626,0.078
4160.69019,12.882,0.048
4162.69394,12.72,0.048
4164.72118,12.517,0.098
4172.7155,12.723,0.071
4174.72939,12.555,0.066
4177.70386,12.764,0.06
4180.60726,12.527,0.047
4182.6391,12.713,0.052
4184.63554,12.715,0.078
4190.67617,12.695,0.056
4192.68704,13.076,0.056
4194.72841,12.71,0.053
4197.72061,12.698,0.046
4200.62869,12.686,0.057
4205.63812,13.101,0.065
4208.70779,12.626,0.066
4215.66369,12.696,0.044
4227.62949,12.67,0.055
4229.63434,12.657,0.053
4231.64732,12.86,0.06
4234.49454,12.751,0.059
4238.55379,12.743,0.047
4247.52436,12.708,0.055
4250.5314,12.812,0.05
4257.51467,12.534,0.062
4259.53101,12.72,0.052
4268.53563,12.618,0.05
4276.51573,12.837,0.048
4281.49185,12.583,0.044
4286.48613,12.587,0.06
4295.45882,12.819,0.043
4299.45674,12.689,0.056
4386.87388,12.956,0.046
4408.84939,12.669,0.049
4422.85315,12.663,0.042
4427.84231,12.783,0.044
4431.81006,12.608,0.044
4437.84448,12.609,0.065
4441.7888,12.823,0.07
4452.80539,12.873,0.067
4455.82831,12.747,0.042
4458.80005,12.596,0.066
4461.78326,12.695,0.046
4464.76956,12.684,0.06
4467.76542,12.762,0.068
4470.75513,12.657,0.044
4473.85,12.634,0.056
4477.74678,12.64,0.045
4484.73553,12.764,0.066
4486.76945,12.665,0.051
4489.70065,12.717,0.044
4491.76343,13.248,0.05
4493.79334,12.641,0.048
4497.70998,13.037,0.038
4499.82456,12.775,0.075
4502.72268,12.801,0.056
4505.66698,12.738,0.058
4512.64806,12.578,0.052
4515.80202,12.873,0.073
4518.62605,12.727,0.042
4520.67631,12.761,0.066
4522.66951,12.616,0.059
4524.68963,12.605,0.064
4526.72554,12.674,0.052
4528.80065,12.598,0.055
4531.63465,12.657,0.046
4535.59975,12.887,0.059
4539.64573,12.702,0.061
4541.64898,12.694,0.05
4543.66028,12.599,0.055
4545.68738,12.76,0.071
4547.71245,12.647,0.063
4550.60004,12.644,0.064
4552.68884,12.641,0.074
4554.71938,12.667,0.059
4559.56735,12.622,0.043
4561.62972,12.732,0.063
4563.65835,12.764,0.068
4565.71113,12.605,0.067
4567.69991,12.713,0.046
4569.69669,12.861,0.045
4571.69482,12.706,0.044
4573.69256,12.767,0.068
4576.53256,12.796,0.051
4579.69151,12.744,0.056
4582.69273,12.718,0.057
4586.5463,12.673,0.041
4588.62101,12.933,0.063
4593.56284,12.749,0.062
4595.54083,12.619,0.05
4597.54435,12.654,0.047
4599.57994,12.742,0.056
4601.59679,12.69,0.045
4607.57124,13.24,0.043
4610.50376,12.696,0.044
4620.56515,12.983,0.046
4623.55639,12.665,0.059
4626.51549,13.228,0.05
4631.52069,12.682,0.051
4641.5043,12.643,0.044
4643.50746,12.706,0.069
4646.47538,12.894,0.068
4649.47336,12.818,0.071
4652.46926,13.064,0.069
4654.48347,12.608,0.049
4662.46275,12.709,0.074
4757.87357,12.706,0.07
4761.86589,12.699,0.043
4765.85429,12.711,0.046
4769.8411,12.676,0.045
4773.83343,12.65,0.046
4777.84477,13.225,0.058
4784.82099,12.826,0.043
4792.81183,12.628,0.046
4796.8462,12.797,0.05
4800.79897,12.622,0.046
4804.82846,12.65,0.05
4807.83699,12.738,0.051
4813.79873,12.631,0.065
4816.8095,13.126,0.064
4820.76482,12.705,0.07
4823.79046,12.65,0.055
4826.78559,12.574,0.049
4829.7648,12.899,0.056
4835.74618,13.164,0.067
4838.74426,12.642,0.042
4843.73734,12.646,0.066
4846.76373,12.71,0.044
4849.72323,12.637,0.038
4852.71023,12.73,0.054
4855.75288,12.871,0.071
4858.69983,12.676,0.042
4861.75293,13.145,0.044
4867.74892,12.927,0.047
4870.67413,12.657,0.045
4872.72678,12.64,0.051
4875.72381,12.734,0.054
4877.74932,12.504,0.076
4883.62682,12.783,0.049
4886.67325,12.942,0.056
4891.65558,12.801,0.058
4894.697,12.701,0.049
4904.68064,12.68,0.076
4906.72691,12.974,0.078
4909.66234,12.674,0.084
4918.56749,12.867,0.049
4920.64517,12.62,0.073
4938.58421,13.052,0.088
4945.67425,13.104,0.05
4952.66417,12.806,0.052
4966.55486,12.787,0.058
4968.59714,12.753,0.048
4985.55618,12.649,0.067
4991.53583,12.614,0.053
5021.47071,12.606,0.064
5147.85328,13.101,0.048
5163.84116,12.698,0.055
