1868.84838,9.383,0.042
1870.79752,9.293,0.046
1872.793,9.393,0.041
1874.78859,9.333,0.049
1876.78529,9.324,0.042
1878.77986,9.357,0.042
1880.77485,9.293,0.044
1884.79408,9.31,0.037
1886.76366,9.344,0.036
1888.74887,9.346,0.042
1889.87191,9.307,0.05
1899.77687,9.307,0.037
1900.81254,9.305,0.038
1902.83736,9.389,0.037
1904.71429,9.28,0.042
1905.77081,9.299,0.039
1906.83159,9.352,0.036
1907.77587,9.378,0.035
1913.75174,9.333,0.033
1914.75146,9.294,0.037
1915.75675,9.327,0.038
1919.68833,9.307,0.042
1920.73692,9.326,0.039
1921.73342,9.375,0.037
1922.73492,9.361,0.034
1924.72916,9.323,0.041
1926.72209,9.375,0.037
1928.7284,9.306,0.037
1930.71757,9.347,0.034
1931.71228,9.376,0.046
1932.71012,9.36,0.033
1933.71021,9.311,0.034
1934.70677,9.305,0.034
1935.63349,9.342,0.033
1937.6673,9.359,0.033
1938.74299,9.307,0.034
1939.72309,9.299,0.032
1941.65944,9.362,0.035
1946.72119,9.382,0.037
1948.64182,9.296,0.039
1950.67324,9.36,0.037
1952.66367,9.343,0.035
1953.66853,9.287,0.035
1954.66715,9.316,0.039
1955.66126,9.346,0.037
1958.6455,9.296,0.033
1961.68407,9.359,0.034
1963.65918,9.301,0.035
1964.64669,9.332,0.034
1965.6375,9.364,0.035
1966.63988,9.364,0.035
1967.6344,9.349,0.036
1968.6363,9.28,0.037
1977.61169,9.331,0.051
1979.60121,9.357,0.054
1980.61318,9.364,0.047
1982.60259,9.322,0.041
1984.59419,9.358,0.041
1985.59608,9.385,0.042
1993.57868,9.331,0.049
1995.5841,9.423,0.055
1996.5759,9.339,0.053
1997.56975,9.389,0.053
2011.50971,9.305,0.057
2026.48454,9.313,0.037
2030.47596,9.377,0.041
2032.4856,9.307,0.038
2038.4657,9.354,0.044
2053.47279,9.363,0.037
2055.49308,9.323,0.047
2057.49879,9.309,0.044
2059.50638,9.356,0.05
2064.50614,9.342,0.042
2068.49168,9.365,0.038
2071.45764,9.281,0.051
2081.46634,9.302,0.039
2086.45782,9.305,0.04
2173.89929,9.302,0.047
2184.87316,9.308,0.046
2190.87156,9.376,0.04
2194.86882,9.336,0.04
2197.85431,9.325,0.064
2201.86241,9.357,0.039
2206.82852,9.357,0.039
2212.83441,9.299,0.046
2214.82647,9.348,0.041
2216.82333,9.347,0.041
2221.84695,9.348,0.046
2224.84421,9.35,0.043
2226.81249,9.348,0.042
2228.80487,9.315,0.039
2230.806,9.357,0.042
2233.77627,9.322,0.04
2235.79042,9.37,0.042
2237.78763,9.287,0.042
2240.7629,9.362,0.041
2242.77136,9.27,0.047
2244.77646,9.339,0.048
2248.73673,9.367,0.046
2250.7567,9.369,0.047
2251.84553,9.322,0.055
2253.75354,9.313,0.047
2254.8393,9.431,0.056
2256.77639,9.337,0.049
2258.76344,9.328,0.049
2264.73667,9.382,0.057
2440.4571,9.37,0.033
2443.46398,9.306,0.032
2454.4743,9.338,0.044
2545.8763,9.285,0.038
2552.87966,9.377,0.034
2556.88137,9.336,0.048
2558.87593,9.358,0.032
2561.86442,9.352,0.035
2565.86606,9.303,0.038
2578.86278,9.35,0.04
2622.72456,9.347,0.036
2624.77857,9.317,0.045
2627.79684,9.346,0.037
2628.76277,9.31,0.04
2629.79598,9.314,0.036
2634.79426,9.321,0.036
2635.75345,9.39,0.045
2636.82186,9.399,0.041
2638.80556,9.283,0.043
2641.75583,9.422,0.031
2643.81617,9.319,0.035
2645.78886,9.351,0.039
2647.76217,9.336,0.046
2650.73849,9.373,0.033
2652.75402,9.279,0.041
2655.7206,9.371,0.033
2658.73524,9.297,0.037
2660.73422,9.408,0.055
2662.74378,9.317,0.034
2664.73059,9.336,0.034
2666.72831,9.36,0.036
2670.72972,9.357,0.039
2672.73502,9.33,0.039
2674.71364,9.34,0.038
2676.70009,9.337,0.039
2680.68626,9.368,0.037
2683.82953,9.322,0.036
2685.70017,9.372,0.053
2689.6795,9.372,0.051
2691.67946,9.321,0.047
2693.69198,9.321,0.043
2694.85302,9.361,0.037
2696.78227,9.321,0.035
2698.81824,9.341,0.043
2700.80256,9.365,0.037
2706.67562,9.325,0.037
2710.61237,9.366,0.034
2711.72319,9.299,0.045
2713.67341,9.33,0.035
2714.77204,9.371,0.038
2717.64296,9.312,0.037
2719.70477,9.374,0.038
2721.66197,9.287,0.045
2722.77725,9.32,0.036
2724.66483,9.372,0.038
2725.77818,9.345,0.037
2727.68478,9.324,0.035
2732.73376,9.33,0.036
2734.58948,9.374,0.034
2736.55769,9.296,0.034
2737.73928,9.326,0.036
2739.67698,9.36,0.04
2741.63264,9.303,0.036
2743.62623,9.349,0.036
2745.65789,9.335,0.047
2751.65913,9.294,0.038
2754.61428,9.363,0.034
2756.61367,9.304,0.033
2759.49136,9.346,0.04
2760.67511,9.293,0.041
2764.61599,9.34,0.034
2766.62968,9.312,0.036
2782.59025,9.369,0.033
2784.56665,9.334,0.035
2786.56197,9.319,0.034
2789.55787,9.32,0.039
2794.53326,9.322,0.034
2797.51409,9.34,0.049
2804.50933,9.308,0.042
2809.50825,9.315,0.035
2811.51695,9.336,0.034
2813.5152,9.361,0.032
2819.47371,9.299,0.037
2826.50051,9.356,0.032
2839.46018,9.296,0.043
2911.89485,9.343,0.038
2918.87301,9.307,0.065
2922.88365,9.316,0.043
2926.87945,9.32,0.037
2930.85983,9.359,0.034
2934.84648,9.374,0.037
2940.85619,9.341,0.036
2943.86814,9.356,0.035
2955.81238,9.321,0.034
2962.80103,9.297,0.051
2965.82563,9.314,0.039
2968.82705,9.361,0.036
2975.77648,9.308,0.032
2977.81695,9.348,0.046
2980.78875,9.309,0.039
2983.80981,9.376,0.036
2986.8134,9.298,0.036
2989.80627,9.341,0.041
2992.79203,9.371,0.041
2995.7767,9.284,0.03
2998.77538,9.369,0.039
3005.73275,9.299,0.031
3007.75908,9.354,0.037
3009.81236,9.327,0.036
3012.74351,9.379,0.039
3015.79305,9.293,0.035
3017.80032,9.365,0.032
3028.8524,9.343,0.047
3031.69862,9.342,0.037
3033.73691,9.346,0.03
3035.80423,9.302,0.034
3039.82332,9.427,0.037
3042.7237,9.364,0.04
3044.75668,9.302,0.031
3047.68793,9.361,0.044
3050.66127,9.301,0.033
3052.8025,9.362,0.034
3055.6292,9.283,0.049
3057.66954,9.358,0.038
3059.71672,9.289,0.03
3061.77625,9.366,0.036
3064.61195,9.268,0.048
3067.66125,9.347,0.031
3069.67508,9.288,0.037
3071.70392,9.348,0.038
3073.75693,9.303,0.035
3075.75804,9.343,0.039
3077.8104,9.343,0.041
3082.61389,9.341,0.029
3086.6151,9.362,0.035
3088.62082,9.279,0.047
3090.63115,9.336,0.045
3092.6192,9.346,0.034
3096.61238,9.368,0.036
3098.62741,9.337,0.047
3100.62856,9.36,0.04
3102.63292,9.328,0.032
3104.6443,9.312,0.045
3106.64093,9.367,0.042
3108.64424,9.293,0.036
3110.63503,9.367,0.034
3112.64695,9.323,0.031
3114.697,9.349,0.031
3116.62408,9.363,0.033
3116.67635,9.343,0.032
3121.58442,9.365,0.035
3125.61114,9.381,0.043
3127.63169,9.332,0.049
3129.67849,9.338,0.046
3131.66703,9.344,0.042
3134.50651,9.338,0.032
3142.56271,9.295,0.029
3145.5874,9.351,0.033
3153.5384,9.305,0.035
3159.48973,9.36,0.038
3162.53586,9.3,0.035
3164.55508,9.37,0.036
3167.55837,9.289,0.031
3171.50914,9.319,0.038
3175.51292,9.35,0.035
3177.52689,9.285,0.033
3182.50825,9.295,0.038
3186.48609,9.28,0.037
3190.47664,9.341,0.038
3356.80513,9.425,0.042
3362.79109,9.311,0.047
3366.78625,9.346,0.051
3385.7265,9.331,0.05
3387.76853,9.27,0.05
3390.70752,9.338,0.047
3392.7921,9.324,0.054
3395.77321,9.369,0.053
3397.80065,9.319,0.05
3400.68771,9.36,0.042
3403.72487,9.367,0.041
3405.72886,9.347,0.034
3407.79648,9.287,0.044
3412.71051,9.314,0.043
3414.71999,9.366,0.038
3416.73323,9.309,0.037
3418.75041,9.329,0.047
3422.74188,9.322,0.053
3424.74082,9.352,0.049
3426.73445,9.311,0.044
3430.76402,9.316,0.038
3434.76356,9.368,0.055
3440.69561,9.312,0.038
3443.76426,9.401,0.035
3444.50124,9.396,0.057
3445.50023,9.33,0.041
3445.50293,9.327,0.034
3445.50572,9.318,0.033
3445.75035,9.325,0.038
3446.49989,9.309,0.049
3446.50394,9.305,0.045
3446.50697,9.312,0.043
3446.73509,9.309,0.034
3447.49694,9.357,0.048
3447.49947,9.34,0.038
3447.75522,9.344,0.044
3447.7576,9.411,0.06
3447.77422,9.352,0.046
3448.53148,9.367,0.058
3448.65692,9.347,0.056
3448.757,9.344,0.046
3449.5569,9.317,0.055
3449.6588,9.347,0.06
3449.76207,9.337,0.053
3450.54486,9.304,0.045
3450.64357,9.313,0.045
3450.75065,9.274,0.049
3452.54568,9.354,0.037
3452.65832,9.388,0.048
3452.76907,9.335,0.052
3453.54609,9.357,0.057
3453.64915,9.366,0.064
3453.72243,9.382,0.052
3453.78507,9.391,0.055
3454.54712,9.351,0.05
3454.65212,9.428,0.053
3454.75788,9.354,0.048
3455.52586,9.316,0.049
3455.62774,9.29,0.048
3455.70148,9.303,0.044
3455.76137,9.317,0.042
3456.51754,9.318,0.046
3456.61844,9.301,0.041
3456.7193,9.335,0.045
3457.51608,9.416,0.048
3457.6191,9.381,0.038
3457.72869,9.358,0.038
3459.72621,9.344,0.033
3461.76431,9.349,0.049
3464.5504,9.314,0.038
3466.5801,9.312,0.036
3469.58858,9.312,0.04
3471.59623,9.351,0.039
3473.60286,9.356,0.033
3475.71909,9.319,0.065
3477.66755,9.385,0.043
3479.64342,9.339,0.053
3481.64308,9.339,0.034
3483.65979,9.323,0.049
3487.65325,9.349,0.044
3490.65581,9.256,0.053
3492.65356,9.405,0.046
3496.65715,9.34,0.035
3499.66189,9.316,0.033
3502.50321,9.326,0.038
3504.53918,9.271,0.06
3509.52905,9.292,0.033
3511.62931,9.358,0.039
3516.50854,9.359,0.059
3518.50445,9.323,0.05
3518.5077,9.313,0.064
3518.51255,9.37,0.046
3518.51504,9.312,0.053
3518.51753,9.374,0.052
3518.52083,9.302,0.042
3518.52335,9.358,0.055
3518.52583,9.297,0.055
3518.5283,9.351,0.055
3518.53078,9.313,0.044
3518.53326,9.327,0.053
3518.53569,9.353,0.053
3518.54688,9.393,0.058
3518.6078,9.28,0.05
3518.61268,9.313,0.052
3518.61601,9.477,0.065
3518.62078,9.324,0.052
3520.50876,9.332,0.044
3522.53745,9.343,0.049
3524.56434,9.232,0.062
3526.58044,9.358,0.042
3529.48954,9.285,0.041
3538.53832,9.313,0.04
3542.4935,9.356,0.047
3556.50521,9.354,0.039
3560.48384,9.336,0.043
3654.87476,9.361,0.044
3658.86285,9.388,0.046
3671.84144,9.29,0.039
3675.83244,9.266,0.044
3702.82834,9.384,0.048
3706.8051,9.295,0.048
3713.77313,9.347,0.042
3716.81415,9.339,0.05
3719.80469,9.311,0.043
3722.79402,9.409,0.045
3725.84889,9.318,0.046
3728.7897,9.333,0.05
3732.76019,9.378,0.047
3735.767,9.296,0.043
3741.74696,9.391,0.041
3744.73807,9.307,0.045
3747.72776,9.39,0.05
3749.81313,9.325,0.053
3752.75411,9.398,0.049
3755.70739,9.354,0.043
3757.76776,9.352,0.042
3760.70084,9.37,0.042
3762.80589,9.333,0.052
3765.68881,9.339,0.048
3768.67875,9.292,0.051
3770.79361,9.36,0.052
3775.70684,9.341,0.054
3780.64115,9.361,0.052
3783.69951,9.284,0.058
3787.70041,9.316,0.05
3794.70525,9.355,0.047
3796.75501,9.355,0.038
3798.84197,9.276,0.05
3801.60105,9.372,0.044
3803.73176,9.249,0.067
3805.70931,9.401,0.048
3808.70531,9.348,0.051
3810.76012,9.388,0.052
3813.54724,9.315,0.049
3815.6021,9.369,0.046
3817.62915,9.295,0.053
3819.6453,9.373,0.055
3821.70144,9.368,0.048
3823.7133,9.339,0.051
3825.73944,9.371,0.05
3828.54177,9.321,0.04
3830.60366,9.345,0.045
3832.61842,9.256,0.046
3834.60993,9.393,0.05
3836.64301,9.319,0.05
3848.55046,9.303,0.059
3850.58207,9.337,0.041
3852.57268,9.323,0.041
3854.5882,9.353,0.051
3856.6291,9.32,0.043
3861.56167,9.3,0.039
3863.56413,9.351,0.042
3865.5748,9.362,0.043
3867.61076,9.332,0.046
3869.6083,9.363,0.049
3871.6019,9.305,0.043
3875.59515,9.33,0.042
3877.63025,9.33,0.04
3881.55543,9.303,0.039
3886.48708,9.295,0.037
3890.5208,9.322,0.038
3892.53622,9.337,0.054
3898.56672,9.361,0.046
3901.50576,9.321,0.044
3903.52883,9.376,0.039
3905.52938,9.323,0.043
3907.53292,9.336,0.041
4089.79607,9.387,0.041
4103.76432,9.372,0.043
4106.74685,9.287,0.041
4109.80407,9.349,0.049
4125.6967,9.281,0.04
4127.74094,9.334,0.034
4129.73997,9.342,0.038
4131.81554,9.322,0.045
4134.6783,9.298,0.047
4136.71938,9.313,0.044
4140.73679,9.312,0.039
4145.6503,9.263,0.039
4150.75045,9.265,0.04
4152.75029,9.358,0.037
4154.79573,9.325,0.04
4157.61734,9.379,0.04
4159.67377,9.353,0.04
4161.66884,9.384,0.046
4163.68133,9.349,0.051
4165.70737,9.346,0.055
4167.82405,9.373,0.045
4173.63586,9.332,0.038
4175.64155,9.315,0.043
4177.76798,9.309,0.055
4180.65499,9.288,0.046
4182.68575,9.396,0.046
4184.68851,9.31,0.043
4190.68416,9.31,0.047
4192.69182,9.371,0.039
4194.73393,9.282,0.04
4197.7262,9.359,0.049
4200.63434,9.312,0.036
4203.64288,9.356,0.04
4205.64382,9.311,0.042
4208.71504,9.316,0.052
4213.61978,9.329,0.04
4216.63111,9.37,0.034
4228.66089,9.308,0.039
4230.65918,9.35,0.042
4232.65833,9.322,0.053
4235.48161,9.343,0.036
4237.54782,9.353,0.049
4246.53342,9.382,0.042
4249.50883,9.319,0.036
4253.51078,9.172,0.034
4255.58864,9.369,0.037
4257.57698,9.342,0.046
4267.5321,9.301,0.038
4270.51466,9.367,0.051
4274.50136,9.344,0.033
4282.51217,9.298,0.045
4285.47137,9.361,0.037
4289.48178,9.394,0.046
4292.4761,9.305,0.034
4294.4812,9.366,0.034
4297.46703,9.324,0.044
4300.45976,9.321,0.041
4372.89203,9.357,0.05
4379.88083,9.321,0.043
4383.88502,9.345,0.042
4387.87041,9.364,0.042
4391.86001,9.346,0.057
4406.86493,9.344,0.054
4410.83117,9.331,0.039
4422.83688,9.372,0.046
4427.83103,9.384,0.041
4430.82459,9.338,0.041
4437.82834,9.345,0.039
4440.82952,9.345,0.035
4448.77872,9.309,0.035
4457.78554,9.335,0.041
4460.77291,9.348,0.042
4463.76488,9.286,0.038
4466.76315,9.402,0.047
4469.7575,9.318,0.04
4472.80382,9.33,0.056
4476.74598,9.312,0.067
4479.72725,9.363,0.049
4482.75853,9.342,0.041
4485.77234,9.377,0.039
4487.80968,9.3,0.039
4490.69471,9.383,0.038
4492.7535,9.305,0.035
4494.75387,9.337,0.035
4498.72414,9.28,0.04
4503.66813,9.295,0.039
4505.78142,9.361,0.043
4508.65717,9.333,0.04
4510.7113,9.394,0.045
4512.73171,9.312,0.051
4516.6476,9.337,0.047
4518.72127,9.329,0.038
4520.74031,9.36,0.042
4522.72961,9.289,0.035
4524.76669,9.364,0.042
4526.79968,9.308,0.036
4529.59768,9.358,0.046
4531.66999,9.296,0.037
4535.59408,9.348,0.043
4537.64242,9.303,0.034
4539.64033,9.351,0.057
4541.64542,9.305,0.037
4543.65748,9.351,0.045
4545.68468,9.423,0.058
4547.70895,9.225,0.049
4552.67503,9.272,0.038
4554.70633,9.345,0.045
4558.76194,9.364,0.039
4561.58307,9.266,0.043
4563.60357,9.361,0.04
4565.61152,9.319,0.037
4567.6265,9.278,0.043
4569.62825,9.339,0.04
4571.62207,9.31,0.038
4573.64799,9.331,0.043
4575.67576,9.306,0.045
4579.66594,9.344,0.042
4582.66658,9.331,0.051
4585.69181,9.316,0.037
4588.57642,9.372,0.043
4590.59669,9.279,0.041
4592.61718,9.353,0.038
4594.63745,9.337,0.036
4596.64109,9.313,0.038
4599.51005,9.364,0.041
4601.55816,9.303,0.038
4603.60687,9.343,0.044
4607.60828,9.359,0.041
4610.5281,9.322,0.038
4612.57813,9.334,0.061
4616.5801,9.316,0.034
4618.59897,9.348,0.036
4623.46032,9.363,0.043
4626.45815,9.311,0.035
4628.48846,9.342,0.044
4630.52905,9.292,0.039
4633.49406,9.361,0.045
4640.53066,9.318,0.045
4643.46647,9.328,0.045
4645.4895,9.316,0.041
4647.51105,9.39,0.055
4653.46987,9.347,0.038
4655.47402,9.286,0.045
4661.46197,9.359,0.043
4665.46358,9.346,0.04
4747.87915,9.312,0.038
4752.8782,9.3,0.035
4756.87608,9.306,0.041
4765.84917,9.355,0.04
4769.83854,9.365,0.034
4773.82995,9.37,0.037
4777.83867,9.299,0.035
4783.85986,9.398,0.053
4787.82659,9.299,0.039
4794.83596,9.362,0.041
4802.78947,9.321,0.039
4806.78827,9.303,0.035
4810.79115,9.305,0.042
4814.76998,9.332,0.043
4818.80646,9.396,0.038
4821.79078,9.301,0.036
4824.78807,9.331,0.035
4827.78733,9.355,0.041
4830.77568,9.266,0.04
4833.76446,9.348,0.036
4836.75596,9.341,0.038
4839.74675,9.337,0.038
4842.73436,9.416,0.056
4845.78994,9.288,0.061
4848.72309,9.787,0.039
4850.83192,9.351,0.043
4853.75101,9.337,0.036
4856.76268,9.344,0.038
4860.70666,9.303,0.042
4862.7932,9.353,0.051
4865.71867,9.303,0.05
4868.6961,9.303,0.046
4870.77437,9.317,0.038
4876.68735,9.356,0.047
4879.69449,9.284,0.041
4881.76743,9.418,0.043
4884.68233,9.346,0.049
4889.63908,9.284,0.052
4903.74434,9.319,0.066
4905.80581,9.423,0.067
4908.60845,9.311,0.064
4914.64356,9.351,0.056
4916.68302,9.369,0.064
4919.60848,9.304,0.057
4921.7624,9.345,0.06
4926.56993,9.333,0.057
4932.65084,9.255,0.067
4946.65359,9.389,0.069
4962.57113,9.338,0.06
4967.60347,9.292,0.062
4973.5896,9.316,0.066
4994.49121,9.346,0.068
5014.46108,9.359,0.061
5021.47373,9.275,0.054
5023.47977,9.343,0.062
5125.86193,9.332,0.054
5147.84366,9.318,0.053
5162.84167,9.303,0.055
5166.8042,9.339,0.069
