1868.865,9.536,0.033
1870.81447,9.41,0.032
1872.8126,9.289,0.035
1874.80569,9.16,0.031
1876.8045,9.045,0.03
1878.7942,8.943,0.027
1884.80853,8.692,0.028
1886.77584,8.642,0.029
1888.76826,8.597,0.034
1899.78458,8.386,0.027
1902.74445,8.37,0.027
1904.7267,8.376,0.03
1905.783,8.376,0.03
1913.74822,8.432,0.026
1914.75922,8.445,0.028
1915.79222,8.455,0.027
1919.70564,8.488,0.034
1920.747,8.506,0.033
1921.74127,8.527,0.032
1922.74499,8.536,0.028
1924.72799,8.584,0.031
1926.73221,8.627,0.027
1928.72723,8.673,0.028
1929.72767,8.7,0.028
1930.72768,8.727,0.026
1931.72468,8.744,0.027
1933.72029,8.8,0.026
1934.71688,8.836,0.027
1935.74503,8.857,0.026
1936.75492,8.897,0.027
1938.65922,8.966,0.026
1939.70526,8.993,0.025
1941.67122,9.058,0.027
1945.72059,9.196,0.029
1946.7113,9.214,0.03
1948.6576,9.295,0.034
1949.69676,9.332,0.032
1950.67198,9.369,0.03
1952.67364,9.438,0.029
1953.6809,9.479,0.028
1954.67067,9.5,0.032
1955.67352,9.549,0.032
1958.65766,9.664,0.025
1962.68085,9.806,0.04
1963.6623,9.853,0.029
1964.6566,9.902,0.026
1965.64744,9.923,0.026
1966.64972,9.955,0.028
1967.64653,10.006,0.028
1968.63261,10.013,0.03
1977.61921,10.366,0.042
1979.59738,10.376,0.041
1980.62288,10.391,0.038
1981.62706,10.426,0.038
1982.61229,10.49,0.031
1984.60381,10.527,0.037
1985.60744,10.575,0.035
1994.53783,10.816,0.039
1995.58003,10.869,0.044
1996.58304,10.902,0.044
1997.58147,10.906,0.047
1998.5808,11.011,0.048
2000.58214,10.941,0.056
2011.53749,11.28,0.051
2014.53663,11.482,0.05
2018.49735,11.585,0.051
2026.4912,11.701,0.028
2030.48284,11.845,0.034
2032.49217,11.901,0.03
2038.4698,12.006,0.034
2053.48345,12.361,0.03
2055.50673,12.225,0.037
2057.50939,12.374,0.032
2081.44708,12.307,0.035
2183.89212,9.405,0.038
2191.87551,9.006,0.048
2191.87772,9.02,0.031
2193.87966,8.953,0.032
2193.88189,8.93,0.033
2196.88236,8.855,0.037
2197.8688,8.815,0.055
2201.87371,8.77,0.03
2206.85404,8.736,0.053
2212.85757,8.718,0.039
2212.86223,8.707,0.033
2215.83536,8.734,0.034
2215.84004,8.746,0.033
2224.82199,9.021,0.031
2225.80367,9.012,0.035
2226.83401,9.08,0.03
2227.81116,9.079,0.039
2228.82897,9.116,0.037
2229.81133,9.219,0.036
2230.8254,9.215,0.034
2232.81444,9.283,0.033
2233.80296,9.33,0.034
2234.80177,9.4,0.034
2235.8099,9.392,0.034
2237.8119,9.476,0.035
2239.80605,9.571,0.04
2240.78237,9.543,0.036
2241.79294,9.596,0.036
2242.79329,9.644,0.041
2243.78613,9.644,0.042
2244.7989,9.7,0.042
2247.80789,9.753,0.047
2248.7635,9.82,0.042
2249.77296,9.862,0.039
2250.8601,9.843,0.049
2254.85207,9.988,0.047
2256.79424,10.063,0.044
2258.7853,10.132,0.048
2260.79453,10.169,0.044
2260.80972,10.18,0.052
2265.80623,10.306,0.052
2269.76663,10.419,0.057
2440.46755,10.188,0.024
2443.47438,10.125,0.025
2452.44791,10.009,0.031
2545.88724,9.32,0.031
2552.89336,9.542,0.04
2557.87648,9.696,0.03
2561.86883,9.819,0.029
2565.87521,9.905,0.033
2621.86413,11.486,0.03
2623.81593,11.48,0.027
2628.76161,11.708,0.045
2628.77053,11.612,0.029
2629.7946,11.569,0.027
2634.80895,11.776,0.027
2635.76823,11.801,0.03
2636.84848,11.886,0.03
2639.76794,11.965,0.029
2642.76257,12.014,0.026
2646.77848,12.092,0.026
2649.77684,12.204,0.027
2651.71937,12.196,0.026
2655.78122,12.521,0.028
2658.75005,12.456,0.028
2660.74442,12.417,0.041
2662.74258,12.396,0.025
2664.74306,12.423,0.025
2666.73614,12.421,0.025
2670.75134,12.582,0.024
2672.74514,12.45,0.025
2674.73522,12.376,0.025
2678.70111,12.507,0.025
2684.65466,12.525,0.029
2685.76377,12.606,0.031
2689.68723,12.537,0.028
2691.68945,12.299,0.026
2693.70196,12.319,0.025
2695.67855,12.331,0.051
2697.6847,12.232,0.026
2699.67997,12.209,0.025
2701.67795,12.071,0.026
2703.67376,12.071,0.025
2705.66606,12.053,0.027
2707.66453,11.836,0.025
2710.62448,11.761,0.028
2711.75566,11.809,0.033
2713.68323,11.711,0.029
2714.78502,11.705,0.031
2717.6527,11.608,0.03
2719.7173,11.534,0.033
2721.67165,11.424,0.043
2723.65519,11.375,0.028
2725.65031,11.348,0.024
2727.64387,11.297,0.025
2732.72,11.133,0.028
2734.57812,11.147,0.029
2736.55568,11.055,0.026
2737.73395,10.986,0.028
2739.67491,10.931,0.028
2741.63054,10.982,0.029
2743.62409,10.905,0.028
2745.65571,10.87,0.042
2750.51524,10.805,0.024
2751.62561,10.764,0.025
2754.59317,10.747,0.026
2756.59252,10.703,0.026
2759.49346,10.633,0.04
2761.51421,10.608,0.025
2763.51001,10.548,0.026
2766.51247,10.434,0.027
2770.51345,10.275,0.027
2775.47456,10.027,0.028
2776.59536,9.994,0.029
2782.50232,9.662,0.025
2784.51199,9.528,0.026
2786.51007,9.406,0.025
2789.50835,9.229,0.032
2791.53825,9.121,0.027
2794.49772,8.996,0.028
2797.49243,8.881,0.043
2804.4619,8.846,0.032
2809.4598,8.846,0.026
2811.47654,8.852,0.025
2813.47677,8.868,0.026
2821.46835,8.88,0.029
2826.45755,8.901,0.026
2830.45849,8.911,0.027
2834.45507,8.948,0.039
2916.8874,11.251,0.032
2921.88324,11.431,0.047
2925.88049,11.564,0.031
2929.86754,11.549,0.047
2933.86196,11.776,0.03
2940.87045,11.807,0.03
2944.83153,12.126,0.044
2951.84593,12.074,0.031
2955.83744,12.063,0.043
2962.82174,12.062,0.035
2977.7753,12.241,0.044
2980.79972,12.065,0.025
2983.82347,12.202,0.044
2986.83521,12.109,0.03
2989.81472,11.939,0.028
2992.8003,11.833,0.037
2995.78777,11.705,0.028
2998.77389,11.623,0.029
3005.73627,11.463,0.025
3007.76737,11.431,0.026
3009.82332,11.358,0.031
3012.75429,11.204,0.035
3015.80403,11.099,0.033
3017.80866,10.993,0.028
3023.77375,10.733,0.029
3027.83671,10.533,0.034
3030.71046,10.428,0.03
3032.77211,10.359,0.04
3035.68574,10.268,0.029
3042.71692,10.102,0.039
3044.73821,10.069,0.029
3050.66743,10.007,0.027
3052.81089,9.955,0.027
3055.63858,9.901,0.044
3057.68868,9.85,0.029
3059.72618,9.836,0.028
3061.78222,9.828,0.03
3064.60794,9.748,0.037
3067.65947,9.734,0.028
3069.67186,9.71,0.036
3071.70206,9.68,0.036
3075.73795,9.67,0.034
3077.77956,9.637,0.033
3079.78189,9.618,0.032
3082.58265,9.541,0.028
3086.59724,9.339,0.029
3088.60522,9.216,0.042
3090.61546,9.121,0.039
3092.61403,9.06,0.025
3096.60476,8.918,0.039
3098.62208,8.845,0.034
3100.62627,8.757,0.035
3102.63062,8.684,0.03
3104.64195,8.628,0.032
3106.63625,8.578,0.031
3108.64181,8.553,0.037
3110.63255,8.502,0.032
3112.64135,8.483,0.027
3114.68866,8.49,0.028
3116.67066,8.499,0.028
3121.50405,8.585,0.028
3123.53115,8.645,0.028
3125.55989,8.669,0.031
3127.59421,8.761,0.033
3129.63386,9.083,0.038
3131.62518,8.911,0.034
3133.62531,8.971,0.028
3142.53314,9.311,0.036
3145.56432,9.405,0.027
3152.47268,9.646,0.059
3154.58165,9.786,0.049
3158.53883,9.933,0.032
3160.55228,9.98,0.035
3164.49606,10.121,0.029
3167.50992,10.206,0.028
3169.53314,10.287,0.048
3175.45248,10.449,0.027
3177.50705,10.531,0.028
3184.45049,10.733,0.035
3186.47216,10.794,0.033
3190.45966,10.8,0.028
3279.88867,12.364,0.033
3356.784,10.519,0.037
3362.77948,10.41,0.038
3362.80017,10.446,0.04
3372.83108,10.089,0.053
3380.80792,9.513,0.035
3382.87295,9.326,0.051
3386.7323,8.891,0.033
3388.78418,8.754,0.032
3391.72264,8.597,0.033
3394.76263,8.509,0.034
3399.74767,8.447,0.033
3400.75685,8.402,0.033
3404.76049,8.476,0.032
3406.82309,8.476,0.051
3409.67053,8.534,0.044
3411.73079,8.588,0.04
3413.76462,8.628,0.035
3415.79036,8.679,0.031
3418.63886,8.779,0.035
3424.71113,8.914,0.043
3426.72002,8.988,0.036
3432.73687,9.168,0.043
3434.73788,9.216,0.04
3440.70397,9.379,0.03
3443.78457,9.444,0.031
3445.76429,9.487,0.038
3449.64083,9.607,0.044
3453.60331,9.743,0.06
3454.74978,9.776,0.043
3456.75553,9.834,0.037
3458.75311,9.893,0.034
3461.53047,9.946,0.045
3463.57366,10.028,0.034
3465.61034,10.038,0.037
3468.60146,10.149,0.029
3470.62663,10.182,0.029
3472.61834,10.2,0.038
3474.64324,10.297,0.026
3476.70142,10.345,0.032
3478.68519,10.371,0.038
3480.67307,10.431,0.039
3490.58883,10.759,0.044
3492.5871,10.766,0.04
3499.57768,10.939,0.031
3501.58477,10.994,0.041
3504.49665,11.062,0.034
3509.47521,11.18,0.03
3512.50483,11.199,0.033
3516.5054,11.383,0.037
3520.50552,11.505,0.036
3522.53417,11.491,0.046
3524.56035,11.543,0.04
3527.50583,11.728,0.052
3529.50898,11.717,0.042
3538.47465,11.91,0.032
3540.50768,11.875,0.035
3544.48809,12.143,0.034
3556.48108,12.222,0.03
3561.4544,12.111,0.048
3565.4563,12.254,0.048
3644.88756,10.327,0.038
3650.87959,10.154,0.04
3654.88338,10.084,0.036
3659.87368,9.994,0.034
3663.87685,9.895,0.043
3668.87398,9.67,0.034
3672.86254,9.452,0.032
3700.8129,8.363,0.036
3704.80095,8.408,0.036
3707.82769,8.455,0.03
3713.79583,8.589,0.033
3716.83616,8.661,0.038
3719.82504,8.804,0.039
3722.80846,8.91,0.037
3725.80477,8.997,0.033
3728.80098,9.098,0.04
3732.75773,9.225,0.037
3735.77663,9.332,0.03
3741.75618,9.495,0.034
3744.74418,9.6,0.034
3747.73805,9.675,0.041
3750.76599,9.789,0.049
3753.72469,9.878,0.04
3755.78087,9.923,0.039
3758.7079,10.036,0.03
3760.78283,10.071,0.041
3763.70028,10.135,0.045
3766.69036,10.256,0.044
3767.53682,10.253,0.042
3768.79046,10.316,0.039
3773.77098,10.388,0.052
3776.65912,10.47,0.042
3778.70385,10.541,0.053
3780.75017,10.61,0.046
3783.79478,10.653,0.054
3787.79504,10.78,0.049
3790.62796,10.863,0.039
3792.7234,10.905,0.04
3794.77168,10.936,0.041
3797.60784,11.001,0.041
3799.67467,11.033,0.037
3801.71199,11.156,0.045
3804.59477,11.223,0.039
3806.62627,11.25,0.042
3808.77551,11.342,0.05
3811.56709,11.386,0.046
3813.60756,11.343,0.042
3815.64118,11.453,0.048
3817.66491,11.552,0.042
3819.68468,11.538,0.046
3822.57756,11.581,0.038
3824.6144,11.667,0.042
3826.61476,11.605,0.039
3828.62547,11.706,0.037
3830.67889,11.651,0.041
3832.67699,11.817,0.04
3834.65449,11.838,0.045
3836.68004,11.832,0.044
3847.52919,12.059,0.044
3851.58494,12.012,0.03
3853.59825,12.081,0.029
3858.55991,11.926,0.048
3860.57745,11.961,0.047
3862.56616,12.072,0.036
3864.59481,12.129,0.041
3866.60957,11.994,0.041
3868.63026,12.004,0.041
3871.5,12.058,0.031
3875.5018,11.986,0.031
3877.50588,11.971,0.036
3883.49819,11.911,0.034
3887.499,11.833,0.042
3889.51536,11.734,0.03
3891.51611,11.755,0.031
3893.54506,11.712,0.036
3897.51888,11.597,0.038
3900.49858,11.371,0.039
3902.51959,11.3,0.034
3905.47835,11.205,0.035
3907.49867,11.09,0.031
4089.8122,10.892,0.035
4103.78223,11.307,0.041
4106.75969,11.278,0.035
4109.81615,11.449,0.033
4125.71002,11.867,0.029
4127.74847,11.868,0.027
4129.75513,11.919,0.032
4131.82555,11.891,0.031
4134.67689,11.997,0.037
4136.74265,12.025,0.038
4140.76664,12.047,0.03
4142.7913,12.227,0.031
4145.64881,12.185,0.041
4150.80457,12.075,0.035
4153.62613,12.281,0.032
4159.72286,12.545,0.033
4161.70067,12.412,0.043
4163.71059,12.516,0.035
4168.75673,12.565,0.039
4173.73064,12.477,0.036
4175.78462,12.47,0.04
4178.73477,12.322,0.054
4180.76307,12.079,0.047
4183.55457,12.305,0.027
4185.58547,12.265,0.032
4190.72031,12.132,0.042
4196.56849,12.041,0.051
4201.56347,11.662,0.042
4204.56214,11.601,0.032
4213.51993,11.295,0.028
4216.58292,11.218,0.029
4228.5477,10.883,0.031
4230.55045,10.868,0.031
4232.56027,10.77,0.029
4234.56031,10.719,0.038
4238.58074,10.59,0.038
4247.52723,10.339,0.029
4250.53349,10.209,0.029
4254.53396,10.099,0.042
4257.51671,10.01,0.047
4259.53304,9.95,0.036
4267.4609,9.742,0.033
4269.49616,9.698,0.026
4274.4561,9.51,0.034
4277.48664,9.358,0.046
4281.48819,9.113,0.037
4285.46711,8.88,0.034
4289.47289,8.757,0.048
4292.46611,8.689,0.027
4297.45552,8.664,0.045
4375.88913,10.612,0.037
4381.87887,10.757,0.038
4385.8803,10.826,0.031
4404.86972,11.351,0.034
4409.83877,11.457,0.03
4413.86011,11.593,0.037
4422.86014,11.849,0.037
4427.85535,12.048,0.031
4431.8197,12.027,0.033
4437.85156,12.059,0.033
4441.80462,12.234,0.034
4452.80837,12.305,0.04
4455.80872,12.44,0.03
4458.81023,12.419,0.035
4461.78631,12.567,0.03
4464.77619,12.46,0.03
4470.75804,12.207,0.036
4474.75334,12.341,0.05
4477.78892,12.322,0.048
4486.77318,12.391,0.038
4489.70876,12.115,0.034
4491.76636,12.114,0.032
4493.80457,11.984,0.03
4497.74469,11.821,0.034
4500.67587,11.669,0.05
4502.80479,11.528,0.041
4505.6707,11.399,0.034
4507.71656,11.303,0.039
4512.6518,11.062,0.043
4516.65177,10.86,0.042
4518.72461,10.86,0.035
4520.75861,10.785,0.041
4522.76568,10.723,0.028
4524.80072,10.653,0.031
4527.60598,10.574,0.036
4529.65199,10.514,0.04
4531.71234,10.504,0.034
4535.61269,10.439,0.035
4537.66069,10.383,0.037
4539.65862,10.359,0.051
4541.66311,10.268,0.034
4547.63625,10.111,0.045
4552.60528,9.957,0.031
4554.62634,9.904,0.037
4558.66294,9.817,0.033
4560.66354,9.79,0.031
4562.68261,9.753,0.032
4565.53814,9.701,0.03
4567.57849,9.642,0.036
4569.59316,9.575,0.032
4572.53627,9.471,0.04
4574.56383,9.399,0.042
4576.58295,9.327,0.047
4580.577,9.154,0.041
4583.65246,9.026,0.031
4586.64088,8.911,0.033
4591.61199,8.622,0.038
4594.51862,8.514,0.037
4596.5249,8.439,0.031
4599.61274,8.37,0.039
4601.61771,8.367,0.037
4608.51085,8.415,0.039
4610.59084,8.443,0.034
4616.46702,8.561,0.034
4618.53259,8.637,0.031
4622.52791,8.748,0.034
4627.45244,8.9,0.03
4629.48797,8.976,0.048
4632.47624,9.077,0.036
4639.46022,9.297,0.038
4642.48852,9.396,0.041
4644.49965,9.468,0.033
4647.48283,9.51,0.041
4659.45802,9.805,0.04
4750.87907,12.112,0.033
4754.88113,12.169,0.037
4759.86832,12.267,0.036
4765.86305,12.492,0.033
4769.85419,12.285,0.028
4773.83878,12.559,0.028
4777.84998,12.302,0.027
4784.83447,12.294,0.031
4792.81876,11.957,0.03
4796.84975,11.916,0.031
4800.80172,11.774,0.038
4804.8381,11.568,0.034
4808.7896,11.395,0.03
4813.80159,11.123,0.035
4816.81241,11.077,0.036
4820.7743,10.876,0.036
4823.79766,10.812,0.029
4826.79349,10.706,0.033
4829.7786,10.642,0.032
4835.75727,10.504,0.045
4844.68723,10.466,0.048
4847.71808,10.444,0.036
4849.84789,10.439,0.037
4852.73555,10.341,0.034
4855.76349,10.259,0.034
4858.71131,10.197,0.046
4861.76372,10.087,0.048
4867.7594,9.767,0.041
4870.6896,9.632,0.037
4876.71513,9.358,0.046
4879.70742,9.204,0.044
4882.63811,9.128,0.043
4884.73313,9.126,0.044
4892.63051,9.013,0.059
4902.64114,9.013,0.054
4905.64569,9.009,0.055
4907.69436,9.055,0.043
4914.59746,9.156,0.046
4916.64328,9.209,0.055
4919.58813,9.246,0.048
4931.60267,9.553,0.053
4933.65474,9.575,0.059
4945.66287,9.969,0.052
4952.66156,10.183,0.054
4961.5769,10.461,0.055
4969.5775,10.707,0.057
5006.46707,11.729,0.058
5010.46803,11.807,0.059
5022.45825,11.971,0.056
5105.89,11.549,0.052
5111.88281,11.314,0.048
5125.87744,10.985,0.048
5140.86433,10.595,0.055
5147.86327,10.362,0.054
5163.85081,9.531,0.048
5167.8463,9.545,0.059
