1868.83019,9.057,0.043
1870.77691,9.041,0.05
1870.804,9.025,0.05
1872.77253,9.041,0.048
1872.7995,9.028,0.046
1874.76563,9.025,0.055
1874.79236,9.053,0.054
1876.76463,9.033,0.047
1876.79395,9.003,0.046
1878.75703,9.028,0.043
1878.78362,9.049,0.043
1880.75413,9.038,0.045
1880.78337,9.016,0.046
1884.78032,9.038,0.039
1884.79103,9.033,0.04
1886.74497,9.021,0.042
1888.73711,9.019,0.046
1888.75283,8.991,0.047
1889.81368,9.032,0.044
1899.77433,8.949,0.04
1900.77527,8.948,0.042
1900.86074,8.939,0.04
1902.77967,8.933,0.042
1903.79142,8.916,0.041
1904.8219,8.9,0.042
1904.83811,8.903,0.04
1905.77495,8.917,0.041
1905.82039,8.889,0.04
1906.82181,8.913,0.038
1906.84024,8.89,0.039
1907.77099,8.91,0.037
1907.80058,8.909,0.038
1908.81176,8.914,0.038
1913.73774,8.944,0.038
1914.73977,8.949,0.04
1915.74247,8.964,0.042
1918.76949,9.003,0.039
1919.70599,8.991,0.042
1919.77592,9.006,0.042
1920.73422,9.031,0.041
1921.72845,9.036,0.041
1921.76055,9.032,0.039
1922.72544,9.052,0.038
1922.74987,9.03,0.037
1924.71969,9.05,0.042
1925.72284,9.05,0.054
1926.71254,9.068,0.038
1928.71889,9.083,0.041
1929.7119,9.069,0.039
1930.71022,9.062,0.039
1932.70506,9.039,0.037
1933.73003,9.041,0.036
1934.6994,9.034,0.037
1935.62585,9.036,0.04
1935.73345,9.019,0.037
1938.73214,9.021,0.036
1939.71006,9.012,0.035
1940.7633,9.012,0.036
1941.64358,9.016,0.037
1945.69867,9.018,0.039
1946.70358,9.004,0.039
1948.63197,9.007,0.044
1949.68158,9.019,0.04
1950.66357,9.012,0.039
1952.65852,9.002,0.039
1954.66203,8.995,0.044
1955.65615,8.971,0.038
1958.64034,8.956,0.036
1961.6697,8.925,0.036
1963.62997,8.915,0.038
1964.64157,8.916,0.037
1965.63239,8.896,0.036
1966.63218,8.897,0.039
1967.62703,8.922,0.038
1968.6267,8.885,0.041
1977.60434,8.965,0.048
1980.6058,8.991,0.048
1981.60635,8.991,0.047
1982.59748,9.019,0.041
1984.58686,9.031,0.045
1985.59098,9.035,0.047
1994.54411,9.022,0.044
1994.59238,9.023,0.053
1995.56546,8.996,0.058
2025.4944,8.902,0.041
2026.4751,8.894,0.044
2030.46656,8.87,0.05
2032.51934,8.917,0.048
2038.49256,8.925,0.046
2053.4577,9.05,0.047
2053.47504,9.097,0.046
2055.49533,9.113,0.05
2057.50107,9.062,0.05
2059.50193,9.005,0.05
2064.51089,8.966,0.046
2068.49408,8.927,0.046
2070.5103,8.916,0.048
2081.45969,8.898,0.04
2085.4695,8.883,0.042
2167.89892,9.015,0.048
2172.88802,9.077,0.045
2183.8976,9.026,0.055
2185.87038,9.017,0.043
2188.86258,8.97,0.045
2190.86522,8.95,0.041
2190.87371,8.927,0.042
2192.85476,8.922,0.043
2194.85341,8.888,0.042
2197.84107,8.86,0.061
2199.84351,8.864,0.047
2201.84189,8.873,0.042
2206.80596,8.864,0.041
2211.86093,8.857,0.041
2212.84316,8.865,0.042
2213.81036,8.869,0.045
2215.81884,8.873,0.041
2217.81193,8.866,0.042
2221.83116,8.888,0.048
2224.82611,8.909,0.042
2226.79657,8.924,0.042
2228.78881,8.959,0.046
2230.78788,8.999,0.044
2233.75817,9.065,0.043
2235.7723,9.09,0.043
2237.76219,9.106,0.044
2240.74217,9.113,0.045
2241.85746,9.083,0.049
2243.76208,9.08,0.051
2244.78288,9.073,0.052
2247.78857,9.039,0.051
2248.74094,8.988,0.049
2249.75381,8.964,0.047
2250.76291,8.968,0.051
2251.84697,8.926,0.056
2252.74259,8.897,0.048
2253.75746,8.897,0.05
2255.76028,8.885,0.048
2256.85987,8.865,0.058
2258.77641,8.883,0.054
2440.45957,8.966,0.037
2443.46648,8.922,0.036
2466.45454,8.909,0.038
2545.87863,9.099,0.037
2552.8662,9.128,0.038
2557.868,9.088,0.038
2561.83921,9.005,0.039
2561.85963,9.022,0.038
2565.85057,8.955,0.044
2565.86806,8.942,0.039
2578.84696,8.844,0.044
2578.86691,8.837,0.042
2621.8539,9.033,0.041
2622.73053,9.037,0.038
2623.80115,9.016,0.038
2624.78924,8.989,0.044
2625.79823,8.986,0.042
2627.82128,8.964,0.04
2628.77108,8.979,0.042
2632.82305,8.911,0.04
2634.82091,8.882,0.045
2635.76185,8.895,0.038
2636.85907,8.868,0.048
2637.83933,8.874,0.039
2639.77535,8.844,0.039
2639.80798,8.883,0.036
2642.73763,8.861,0.037
2642.76994,8.847,0.039
2644.7718,8.871,0.04
2645.75345,8.842,0.035
2646.75156,8.865,0.04
2647.7705,8.827,0.043
2649.73869,8.874,0.039
2651.70871,8.883,0.039
2655.72944,8.858,0.043
2655.7656,8.9,0.037
2660.7255,8.93,0.049
2662.72959,8.968,0.037
2662.76126,8.958,0.036
2664.75709,8.955,0.047
2666.75033,8.991,0.036
2670.71984,9.048,0.038
2670.76134,9.054,0.041
2672.72065,9.071,0.036
2672.75023,9.054,0.035
2674.70847,9.068,0.037
2674.73804,9.035,0.036
2676.69254,9.054,0.038
2676.729,9.04,0.039
2678.68033,9.048,0.039
2678.71323,9.036,0.041
2680.67875,9.048,0.036
2680.71304,9.039,0.04
2683.82155,9.045,0.039
2684.65996,8.997,0.038
2685.78368,9.002,0.038
2689.67068,8.991,0.04
2691.66498,8.94,0.041
2693.67753,8.94,0.042
2693.70995,8.923,0.048
2695.6795,8.915,0.049
2696.77707,8.91,0.039
2697.68573,8.896,0.036
2698.81304,8.902,0.046
2699.68101,8.899,0.036
2700.79735,8.88,0.043
2701.67905,8.891,0.035
2704.70061,8.889,0.038
2705.66727,8.86,0.037
2706.67042,8.871,0.038
2707.66582,8.875,0.035
2710.60949,8.87,0.044
2711.71289,8.878,0.039
2711.82359,8.875,0.043
2713.67055,8.889,0.038
2714.76918,8.868,0.042
2714.79428,8.87,0.041
2717.64011,8.889,0.042
2717.66352,8.871,0.044
2719.73329,8.878,0.041
2724.68545,8.929,0.036
2726.65795,8.975,0.037
2728.64925,9.004,0.038
2730.6452,9.007,0.04
2733.69162,9.063,0.038
2735.6853,9.072,0.041
2737.67229,9.068,0.04
2739.66251,9.082,0.04
2741.62052,9.051,0.04
2742.7306,9.051,0.046
2742.75303,9.058,0.044
2744.61992,9.041,0.041
2747.66509,9.043,0.041
2751.55902,8.99,0.038
2754.55965,8.972,0.038
2758.54989,8.948,0.066
2760.56798,8.924,0.038
2762.564,8.926,0.044
2764.5485,8.911,0.039
2770.60047,8.858,0.039
2775.49638,8.866,0.038
2776.60516,8.87,0.042
2782.51918,8.893,0.039
2784.52668,8.909,0.039
2786.52472,8.95,0.038
2789.52071,8.988,0.043
2791.54831,9.025,0.044
2794.50785,9.087,0.041
2797.50031,9.108,0.055
2804.47463,9.084,0.043
2809.47495,9.016,0.038
2811.48937,9.004,0.036
2813.4897,8.986,0.037
2821.47902,8.96,0.038
2826.46829,8.899,0.036
2830.46923,8.872,0.037
2835.4659,8.835,0.039
2894.9093,8.828,0.048
2899.90166,8.817,0.041
2908.89189,8.894,0.037
2910.89339,8.914,0.048
2912.87313,8.982,0.038
2916.88351,9.086,0.038
2922.86235,9.175,0.042
2926.86349,9.169,0.039
2927.85888,9.13,0.038
2929.86125,9.115,0.05
2931.85961,9.068,0.036
2932.8723,9.054,0.038
2940.83343,8.935,0.04
2940.8607,8.928,0.038
2943.83615,8.933,0.037
2944.82165,8.916,0.051
2946.82363,8.928,0.038
2947.82382,8.925,0.036
2949.83528,8.914,0.039
2955.81916,8.883,0.035
2960.83028,8.82,0.039
2965.82736,8.802,0.042
2967.79622,8.855,0.033
2968.83131,8.869,0.036
2971.79486,8.907,0.04
2974.83885,8.986,0.034
2975.78559,8.997,0.038
2977.7613,9.032,0.055
2979.82441,9.082,0.032
2980.79296,9.1,0.033
2982.80978,9.169,0.052
2985.80342,9.188,0.04
2986.82046,9.171,0.036
2988.79161,9.163,0.042
2991.78619,9.117,0.032
2992.80586,9.102,0.041
2997.76905,9.023,0.039
2998.78457,8.99,0.037
3001.76023,8.951,0.038
3003.80499,8.936,0.039
3008.78137,8.935,0.04
3010.81154,8.935,0.034
3013.72884,8.916,0.041
3013.74638,8.929,0.035
3016.77704,8.966,0.038
3018.78188,8.904,0.042
3023.75359,8.871,0.039
3030.68439,8.903,0.038
3030.71407,8.899,0.04
3032.74856,9.122,0.041
3034.77257,8.949,0.04
3037.86232,8.996,0.042
3041.74088,9.057,0.039
3043.77991,9.123,0.045
3046.64496,9.154,0.034
3049.68125,9.169,0.032
3052.66112,9.121,0.039
3056.73124,9.057,0.041
3061.59913,8.997,0.036
3063.66782,8.937,0.058
3066.68336,8.918,0.033
3068.64736,8.921,0.033
3070.67519,8.925,0.043
3072.75668,8.937,0.049
3074.72403,8.916,0.042
3076.75202,8.941,0.04
3078.7801,8.919,0.042
3081.56524,8.914,0.038
3085.58487,8.904,0.032
3087.58612,8.866,0.05
3089.61529,8.909,0.056
3091.61271,8.908,0.047
3093.60675,8.925,0.038
3097.6079,8.989,0.042
3099.64608,9.033,0.045
3101.64632,9.038,0.036
3103.64554,9.108,0.046
3105.63895,9.102,0.05
3107.64344,9.284,0.039
3109.64851,9.167,0.038
3111.65308,9.149,0.039
3113.67,9.118,0.032
3115.67128,9.093,0.039
3121.50953,9.033,0.038
3125.56241,8.93,0.034
3127.59677,8.936,0.043
3129.64371,8.926,0.048
3131.63094,8.914,0.037
3133.63114,8.916,0.042
3142.5361,8.91,0.032
3145.56886,8.936,0.038
3153.47398,8.954,0.036
3155.57677,8.936,0.055
3159.47916,9,0.048
3162.52234,9.06,0.042
3164.53727,9.096,0.032
3167.5451,9.145,0.033
3171.4941,9.155,0.041
3175.49542,9.117,0.04
3177.51081,9.062,0.034
3182.49305,9.02,0.035
3186.47608,8.973,0.035
3187.45232,8.957,0.038
3190.46365,8.941,0.037
3276.89261,8.93,0.054
3277.88499,8.945,0.043
3298.86005,9.069,0.031
3356.81032,9.053,0.045
3357.78932,9.076,0.049
3363.82413,8.979,0.043
3372.82553,8.969,0.042
3380.83646,8.95,0.039
3382.79901,8.918,0.058
3383.77001,8.898,0.044
3386.73284,9.398,0.039
3388.75377,8.903,0.035
3388.79998,8.887,0.05
3391.72312,8.894,0.051
3394.73387,8.916,0.042
3394.76684,8.907,0.037
3396.81268,8.917,0.049
3397.69985,8.926,0.047
3399.75462,8.933,0.044
3404.7152,8.945,0.031
3404.76665,8.9,0.051
3406.76337,8.974,0.043
3408.82717,9.002,0.056
3409.72398,8.958,0.06
3411.64431,9.013,0.042
3413.69168,9.05,0.046
3413.78711,9.055,0.048
3415.70496,9.033,0.034
3415.81275,9.028,0.045
3417.69387,9.058,0.045
3418.6461,9.05,0.05
3419.68003,9.076,0.043
3420.69586,9.062,0.045
3426.72383,9.02,0.044
3427.74051,9.03,0.047
3430.74416,9.047,0.039
3433.71403,8.966,0.051
3436.71168,8.973,0.045
3439.69291,8.969,0.038
3440.71212,8.932,0.045
3442.80719,8.923,0.042
3446.66838,8.896,0.038
3448.66208,8.9,0.057
3450.64053,8.894,0.044
3452.76221,8.89,0.052
3454.77649,8.877,0.059
3457.52305,8.878,0.039
3459.56517,8.887,0.042
3461.59802,8.873,0.052
3463.53185,8.883,0.049
3463.61987,8.905,0.051
3465.65208,8.926,0.034
3468.64434,8.972,0.039
3470.51717,8.974,0.041
3470.66201,8.989,0.031
3472.56094,8.999,0.035
3472.66634,9.042,0.043
3474.71119,9.067,0.041
3477.53851,9.086,0.042
3479.57809,9.1,0.035
3481.5862,9.119,0.036
3483.61889,9.109,0.051
3487.62098,9.119,0.042
3492.63268,9.06,0.045
3496.63246,9.029,0.038
3499.63562,9.023,0.048
3502.49276,8.955,0.04
3504.53391,8.917,0.048
3509.495,8.891,0.043
3511.61697,8.875,0.042
3516.48059,8.871,0.043
3520.48366,8.859,0.044
3522.51442,8.903,0.053
3526.5668,8.92,0.063
3528.56828,8.94,0.047
3538.49576,9.108,0.042
3542.47306,9.165,0.042
3544.52651,9.182,0.05
3556.49643,9.06,0.041
3560.47547,9,0.045
3563.46753,8.961,0.043
3620.91224,8.999,0.049
3629.90377,8.906,0.046
3643.88952,8.953,0.041
3643.89164,8.945,0.043
3650.88293,8.996,0.051
3650.885,8.984,0.055
3654.8696,9.038,0.05
3655.87922,9.015,0.049
3658.8522,9.105,0.043
3659.87016,9.087,0.044
3662.85715,9.129,0.054
3663.8739,9.119,0.049
3666.84291,9.162,0.051
3670.85787,9.144,0.043
3671.8524,9.145,0.042
3674.8423,9.141,0.046
3675.84321,9.137,0.04
3678.86442,9.096,0.051
3701.8147,8.939,0.052
3702.83087,8.941,0.046
3705.79607,8.966,0.047
3706.80684,8.974,0.047
3713.76238,8.994,0.044
3713.77799,8.998,0.049
3716.79539,9.044,0.046
3716.81581,8.981,0.05
3719.78377,9.048,0.049
3719.81993,9.027,0.047
3722.77278,9.113,0.051
3725.78443,9.131,0.043
3726.79792,9.108,0.048
3728.76588,9.118,0.058
3730.81207,9.093,0.056
3732.74423,9.115,0.044
3733.82353,9.108,0.041
3735.74512,9.11,0.043
3736.77945,9.072,0.045
3739.78045,9.108,0.052
3740.79479,9.066,0.048
3742.77865,9.08,0.048
3743.74254,9.043,0.053
3745.76275,8.995,0.055
3746.72855,9.02,0.054
3748.75035,9.032,0.052
3748.79827,9.045,0.055
3751.71836,8.995,0.056
3751.73949,8.961,0.05
3754.69648,8.98,0.053
3754.72134,8.969,0.047
3756.75389,8.974,0.052
3756.78847,8.948,0.052
3758.84066,8.979,0.048
3759.71539,8.988,0.052
3761.68665,8.963,0.056
3762.70184,8.954,0.046
3763.8108,8.935,0.06
3765.69052,8.948,0.06
3766.68057,8.951,0.062
3768.6874,8.937,0.047
3768.77265,8.957,0.049
3770.8078,8.953,0.053
3771.65768,8.96,0.054
3773.68373,8.953,0.049
3773.74933,8.953,0.058
3775.73091,8.993,0.051
3776.63857,9.026,0.058
3778.68484,9.039,0.059
3780.65628,9.047,0.05
3780.74348,9.042,0.047
3783.70571,9.084,0.055
3783.78816,9.08,0.064
3787.79107,9.092,0.056
3789.76287,9.085,0.05
3790.60931,9.074,0.051
3792.66851,9.07,0.047
3792.71206,9.077,0.054
3794.76323,9.043,0.046
3797.58907,9.046,0.055
3799.61813,9.009,0.051
3799.65794,9.033,0.044
3801.65964,9.015,0.046
3801.7025,9.067,0.052
3803.83589,9.034,0.062
3804.59089,9.056,0.055
3805.77022,9.731,0.056
3806.61451,9.056,0.052
3808.72735,8.988,0.054
3808.77179,9.022,0.052
3810.79516,9.074,0.054
3811.54605,9.035,0.051
3813.57261,9.016,0.049
3813.59501,9.024,0.046
3815.61916,9.03,0.05
3815.63107,8.985,0.056
3817.64421,8.988,0.046
3817.6584,8.967,0.049
3819.66334,8.913,0.051
3819.68036,8.997,0.047
3821.73008,8.962,0.046
3821.75225,8.965,0.045
3823.75344,8.94,0.057
3825.77275,8.925,0.053
3826.56507,8.965,0.046
3828.60208,8.957,0.049
3830.60631,8.989,0.05
3830.66959,8.967,0.052
3832.62266,8.947,0.049
3832.6582,8.946,0.047
3834.61268,8.962,0.047
3834.65053,8.984,0.048
3836.67699,8.964,0.054
3847.54884,9.018,0.053
3847.5578,8.993,0.053
3849.59999,9.025,0.051
3851.60082,9.049,0.044
3851.60674,9.026,0.043
3853.61136,9.033,0.041
3853.6173,9.009,0.04
3858.56506,9.025,0.05
3862.56954,9.024,0.042
3864.5975,9.028,0.043
3866.61237,9.037,0.046
3869.53179,9.026,0.053
3871.53403,9.033,0.049
3875.53564,9.038,0.053
3876.61276,9.013,0.044
3877.56761,9.029,0.042
3881.52803,9.015,0.045
3883.59556,9.004,0.046
3886.56971,8.965,0.045
3887.57133,8.969,0.044
3890.56739,8.925,0.046
3891.5604,8.96,0.044
3893.57001,8.951,0.049
3897.53701,8.97,0.051
3900.50641,8.993,0.046
3902.5232,9.005,0.042
3904.53846,8.967,0.051
3907.47201,9.019,0.042
4090.77256,8.951,0.038
4103.82016,8.919,0.037
4105.74251,8.91,0.041
4106.76757,8.93,0.041
4107.80759,8.912,0.033
4109.84877,8.928,0.038
4111.80853,8.911,0.053
4125.67927,8.957,0.035
4125.7228,8.967,0.032
4127.73526,8.973,0.033
4127.77577,8.972,0.033
4129.73018,8.965,0.034
4130.69462,8.975,0.037
4131.78772,8.978,0.045
4132.7489,8.995,0.041
4133.80343,9.013,0.049
4134.78609,8.953,0.049
4136.65461,8.957,0.037
4136.80421,8.971,0.045
4139.67417,8.958,0.035
4140.7157,8.996,0.036
4141.72435,8.97,0.041
4142.74158,8.975,0.034
4143.7284,8.975,0.045
4144.80266,8.987,0.043
4145.80774,8.941,0.04
4147.6263,8.939,0.034
4149.68392,8.923,0.042
4150.69082,8.936,0.035
4151.73013,8.919,0.033
4152.70415,8.893,0.046
4153.71312,8.912,0.036
4154.7386,8.895,0.044
4156.75143,8.908,0.036
4157.81068,8.917,0.04
4158.77282,8.905,0.037
4160.61818,8.909,0.036
4160.80527,8.93,0.035
4162.66558,8.884,0.04
4162.75984,8.903,0.049
4164.68953,8.92,0.046
4164.77128,8.88,0.051
4167.64661,8.885,0.035
4167.7141,8.907,0.035
4172.68994,8.867,0.039
4172.77474,8.908,0.034
4174.70303,8.911,0.037
4175.54732,8.915,0.036
4176.78357,8.902,0.04
4177.74072,8.911,0.038
4179.73214,8.958,0.045
4180.61131,8.944,0.044
4181.74291,8.939,0.052
4182.64397,8.939,0.037
4183.76587,8.929,0.048
4184.63965,8.934,0.041
4185.80096,8.968,0.041
4188.64111,8.972,0.032
4189.63262,8.977,0.033
4190.66528,8.975,0.037
4191.6542,9.009,0.041
4192.678,8.99,0.037
4193.68684,8.983,0.039
4194.71605,8.995,0.037
4196.72472,9.007,0.056
4197.71418,9.016,0.039
4198.75384,8.981,0.062
4200.62567,9.009,0.033
4202.52572,9.015,0.036
4203.63269,8.989,0.035
4204.64049,8.998,0.04
4205.63519,8.978,0.04
4208.70116,8.943,0.047
4213.54279,8.912,0.035
4213.5491,8.893,0.034
4216.59637,8.898,0.036
4216.59956,8.934,0.037
4228.57499,8.874,0.034
4228.57822,8.901,0.035
4230.57859,8.869,0.035
4230.58183,8.863,0.038
4232.58206,8.892,0.035
4232.58529,8.873,0.045
4234.58383,8.896,0.044
4234.58707,8.901,0.034
4238.60793,8.89,0.044
4238.61116,8.886,0.043
4247.53108,8.947,0.033
4247.56499,8.931,0.035
4250.53742,8.953,0.034
4253.47623,8.974,0.035
4257.56335,8.941,0.046
4267.48067,8.998,0.035
4267.48456,8.964,0.038
4269.51584,8.975,0.032
4269.51894,8.98,0.034
4274.54711,8.932,0.034
4276.46607,8.915,0.035
4278.49753,8.912,0.035
4282.49958,8.832,0.058
4284.48164,8.871,0.04
4284.52466,8.826,0.046
4286.48216,8.891,0.039
4286.51862,8.86,0.043
4291.46007,8.894,0.034
4293.47157,8.887,0.032
4293.47447,8.898,0.034
4295.47551,8.895,0.034
4296.46067,8.886,0.036
4297.47811,8.902,0.042
4299.47141,8.905,0.037
4301.47777,8.891,0.045
4306.46297,8.925,0.037
4358.8975,8.863,0.036
4364.89861,8.882,0.038
4364.90076,8.902,0.048
4376.89033,8.909,0.043
4379.88642,8.901,0.043
4380.8787,8.9,0.042
4384.87116,8.924,0.045
4384.881,8.943,0.039
4404.86068,8.894,0.038
4408.83242,8.874,0.041
4408.85131,8.845,0.043
4412.85613,8.838,0.038
4413.86448,8.867,0.04
4422.80311,8.891,0.042
4422.84884,8.879,0.045
4426.84521,8.875,0.06
4427.8388,8.895,0.038
4430.79813,8.923,0.043
4430.83773,8.9,0.045
4433.81072,8.931,0.034
4436.82594,8.94,0.039
4437.83755,8.939,0.04
4439.82787,8.909,0.042
4440.83427,8.956,0.04
4443.79438,8.879,0.035
4448.78035,8.895,0.037
4453.78864,8.916,0.038
4454.81893,8.946,0.048
4456.77285,8.936,0.04
4457.8008,8.928,0.041
4459.77281,8.916,0.046
4460.79489,8.879,0.043
4462.75628,8.895,0.037
4463.78345,8.887,0.039
4465.7521,8.864,0.047
4466.78938,8.863,0.039
4469.77957,8.83,0.04
4471.78553,8.863,0.047
4472.83752,8.842,0.063
4474.80242,8.865,0.04
4476.77487,8.874,0.056
4478.68917,8.829,0.039
4479.75785,8.899,0.041
4482.78161,8.889,0.044
4485.71399,8.943,0.049
4485.811,8.908,0.038
4487.74331,8.891,0.039
4489.80216,8.996,0.037
4490.77464,8.928,0.036
4492.68584,8.936,0.034
4492.83049,8.931,0.034
4494.7243,8.919,0.036
4497.83911,8.912,0.033
4498.78072,8.882,0.037
4500.66031,8.866,0.047
4501.68809,8.872,0.039
4502.80062,8.863,0.042
4503.7848,8.872,0.043
4505.6553,8.883,0.042
4506.67671,8.85,0.042
4507.70994,8.906,0.041
4508.7505,8.863,0.038
4511.64985,8.937,0.036
4512.63468,8.883,0.048
4515.66853,8.937,0.039
4515.78925,8.94,0.049
4517.72897,8.904,0.041
4518.6188,8.919,0.037
4519.75647,8.91,0.043
4520.65871,8.904,0.035
4521.79123,8.9,0.035
4522.65552,8.882,0.043
4524.62541,8.864,0.036
4526.66747,8.852,0.038
4526.71683,8.854,0.043
4528.71809,8.831,0.048
4528.78222,8.819,0.04
4530.81241,8.861,0.038
4531.62678,8.834,0.037
4535.57486,8.826,0.038
4536.69312,8.861,0.034
4537.6274,8.839,0.039
4538.73569,8.846,0.042
4539.62708,8.856,0.052
4540.79234,8.889,0.045
4541.63413,8.852,0.036
4542.68294,8.888,0.045
4543.65013,8.892,0.042
4545.67765,8.864,0.056
4546.71448,8.896,0.044
4547.70268,8.91,0.046
4548.72451,8.893,0.043
4550.58022,8.924,0.052
4551.65687,8.907,0.037
4552.67186,8.922,0.035
4553.69095,8.942,0.038
4554.70322,8.92,0.044
4555.70268,8.935,0.037
4557.75457,8.958,0.036
4558.75254,8.927,0.037
4560.5793,8.932,0.034
4560.72191,8.915,0.036
4562.62647,8.89,0.039
4563.55671,8.903,0.037
4564.7116,8.89,0.037
4565.59322,8.899,0.035
4566.71257,8.88,0.036
4567.62348,8.87,0.041
4568.72747,8.874,0.039
4569.62518,8.886,0.037
4571.52106,8.89,0.036
4571.61916,8.884,0.039
4573.56307,8.908,0.038
4573.64508,8.905,0.044
4575.67298,8.91,0.047
4579.58994,8.885,0.042
4579.66316,8.89,0.042
4581.70624,8.903,0.055
4582.66381,8.851,0.052
4585.55045,8.854,0.038
4585.68182,8.842,0.036
4587.62274,8.831,0.043
4588.57365,8.805,0.041
4589.65738,8.824,0.041
4590.5939,8.791,0.044
4591.67073,8.821,0.039
4592.61439,8.812,0.039
4594.54282,8.837,0.037
4594.63481,8.807,0.037
4596.54804,8.846,0.038
4599.50742,8.817,0.042
4601.55484,8.864,0.04
4602.5913,8.834,0.04
4603.59997,8.861,0.053
4606.5983,8.895,0.053
4607.60269,8.894,0.041
4608.6009,8.901,0.047
4610.52546,8.896,0.041
4611.55141,8.872,0.039
4616.57468,8.909,0.035
4618.53923,8.915,0.035
4620.51002,8.916,0.037
4622.53541,9.043,0.038
4623.50832,8.912,0.035
4626.49461,8.874,0.036
4626.60221,8.852,0.035
4630.5403,8.877,0.038
4631.52794,8.867,0.039
4633.50436,8.881,0.047
4633.57757,8.86,0.045
4639.48684,8.879,0.04
4639.48992,8.874,0.042
4641.54614,8.897,0.037
4642.49527,8.873,0.042
4644.50358,8.875,0.042
4646.48325,8.85,0.053
4647.48836,8.832,0.053
4649.4813,8.887,0.055
4652.47724,8.84,0.05
4653.46507,8.839,0.042
4654.48747,8.849,0.044
4655.46905,8.82,0.043
4656.49576,8.86,0.038
4659.47597,8.83,0.046
4660.49539,8.84,0.066
4664.47548,8.852,0.054
4665.45899,8.861,0.044
4669.45952,8.9,0.043
4727.89999,8.823,0.046
4746.87963,8.913,0.042
4750.88303,8.88,0.036
4754.86805,8.846,0.041
4756.87918,8.915,0.043
4758.85392,8.859,0.036
4761.86302,8.897,0.038
4762.85214,8.863,0.035
4765.85133,8.834,0.042
4766.8623,8.869,0.04
4769.851,9.107,0.035
4770.83277,8.848,0.04
4773.83548,8.819,0.035
4774.82742,8.823,0.033
4777.84663,8.796,0.034
4778.81716,8.809,0.035
4783.85112,8.817,0.049
4784.81678,8.823,0.037
4787.82422,8.823,0.041
4792.80763,8.841,0.037
4794.83084,8.862,0.04
4796.84188,8.85,0.038
4798.80594,8.905,0.035
4800.79461,8.887,0.045
4801.84023,8.887,0.034
4804.82401,8.876,0.045
4805.78365,8.912,0.034
4807.82992,8.88,0.044
4808.83431,8.861,0.035
4812.80813,8.863,0.043
4812.8323,8.857,0.044
4815.79281,8.838,0.041
4815.81375,8.847,0.042
4819.79314,8.816,0.035
4819.83371,8.824,0.04
4822.77339,8.818,0.039
4822.80785,8.84,0.035
4825.76595,8.847,0.039
4825.80954,8.842,0.039
4828.7549,8.822,0.039
4831.75557,8.845,0.037
4831.78836,8.855,0.036
4834.74398,8.849,0.034
4834.77842,8.854,0.038
4837.72602,8.825,0.045
4837.76255,8.853,0.043
4843.72038,8.852,0.04
4843.74972,8.857,0.037
4846.76017,8.859,0.037
4846.77734,8.829,0.036
4849.69454,8.811,0.033
4849.7382,8.798,0.039
4852.68931,8.802,0.044
4852.73952,8.785,0.045
4855.73558,8.796,0.039
4855.76832,8.82,0.037
4858.68872,8.819,0.047
4861.73909,8.825,0.044
4861.7816,8.864,0.053
4867.7286,8.845,0.05
4867.77437,8.838,0.044
4869.69776,8.878,0.057
4870.69742,8.86,0.038
4871.73854,8.869,0.048
4872.76615,8.859,0.046
4875.73552,8.852,0.059
4876.78291,8.84,0.042
4877.76173,8.864,0.048
4879.72131,8.839,0.046
4882.61701,8.838,0.042
4883.6428,8.81,0.039
4884.71333,8.839,0.042
4886.68568,8.8,0.063
4888.78204,8.775,0.062
4894.72187,8.862,0.054
4902.62653,8.89,0.063
4902.7291,8.883,0.063
4905.63788,8.865,0.057
4907.68227,8.845,0.058
4907.75367,8.854,0.055
4911.64071,8.774,0.064
4914.57736,8.785,0.055
4916.62766,8.793,0.061
4917.69302,8.766,0.054
4919.74345,8.783,0.059
4921.55956,8.777,0.054
4926.54586,8.822,0.06
4926.57763,8.83,0.063
4929.65257,8.826,0.06
4932.62875,8.827,0.06
4936.62245,8.83,0.059
4936.68957,8.809,0.059
4946.59135,8.812,0.061
4948.63214,8.791,0.058
4954.5086,8.847,0.061
4959.58183,8.854,0.066
4961.59567,8.873,0.063
4969.58124,8.882,0.064
4969.59603,8.898,0.063
4972.64979,8.845,0.057
5013.49105,8.805,0.061
5021.46928,8.847,0.055
5022.49672,8.869,0.066
5023.47525,8.86,0.055
5024.50701,8.862,0.061
5032.46181,8.877,0.051
5037.46085,8.841,0.06
5084.90964,8.841,0.063
5089.89838,8.885,0.055
5093.90087,8.886,0.057
5113.8797,8.722,0.064
5125.8458,8.718,0.056
5131.86224,8.796,0.05
5146.85845,8.818,0.061
5161.84628,8.852,0.06
5165.80661,8.799,0.058
