1868.81797,12.558,0.068
1870.75537,12.727,0.074
1873.76424,12.538,0.073
1875.7528,12.509,0.065
1877.74867,12.556,0.058
1880.85954,12.522,0.063
1881.7333,12.452,0.056
1884.82223,12.504,0.049
1886.73396,12.463,0.052
1887.82535,12.501,0.037
1889.73419,12.409,0.058
1899.76052,12.194,0.042
1900.766,12.23,0.045
1902.76818,12.219,0.048
1903.77752,12.18,0.045
1904.82675,12.168,0.052
1905.7658,12.216,0.06
1906.81005,12.176,0.046
1907.76626,12.152,0.042
1913.73285,12.117,0.038
1914.7326,12.142,0.043
1915.73526,12.131,0.054
1918.76901,12.178,0.046
1919.77539,12.146,0.048
1920.72917,12.091,0.052
1921.72111,12.179,0.046
1922.71809,12.116,0.045
1924.70784,12.164,0.047
1926.70513,12.144,0.042
1928.7092,12.141,0.043
1929.70445,12.098,0.041
1930.70051,12.136,0.044
1931.702,12.11,0.043
1932.6953,12.086,0.042
1933.69535,12.095,0.045
1934.68966,12.085,0.046
1935.61275,12.091,0.047
1935.70963,12.086,0.041
1936.73925,12.08,0.041
1937.71547,12.059,0.044
1939.6562,12.054,0.044
1941.63448,12.057,0.046
1945.69871,12.076,0.047
1946.69752,12.134,0.047
1948.61897,12.14,0.052
1949.67637,12.095,0.064
1950.65833,12.119,0.066
1952.64881,12.215,0.058
1953.65595,12.08,0.048
1954.64413,12.081,0.052
1954.67832,12.174,0.052
1955.65096,12.18,0.046
1958.63073,12.162,0.054
1961.65542,12.229,0.046
1963.62044,12.314,0.049
1964.63657,12.189,0.047
1965.62738,12.222,0.048
1967.62659,12.275,0.05
1968.62176,12.259,0.052
1977.60419,12.211,0.056
1979.58699,12.327,0.059
1980.60573,12.337,0.057
1981.60631,12.575,0.053
1982.59749,12.595,0.051
1984.58693,12.285,0.053
1985.59109,12.266,0.056
1993.57404,12.192,0.062
1994.58833,12.31,0.058
1995.57044,12.563,0.065
1996.56676,12.269,0.066
1997.5653,12.365,0.065
2026.47709,12.149,0.044
2030.47339,12.308,0.065
2032.51714,12.138,0.049
2038.49066,12.39,0.067
2053.46258,12.099,0.054
2059.49874,12.061,0.051
2068.47283,12.114,0.059
2070.50529,12.139,0.06
2080.51173,12.141,0.063
2171.8963,12.193,0.063
2173.88039,12.352,0.067
2183.88528,12.45,0.051
2185.8531,12.455,0.056
2189.88756,12.414,0.055
2191.84755,12.25,0.058
2193.84588,12.236,0.062
2194.86296,12.227,0.051
2198.82626,12.109,0.064
2199.85779,12.3,0.054
2200.83162,12.22,0.066
2201.85116,12.259,0.061
2202.81667,12.217,0.058
2212.82745,12.352,0.058
2212.84829,12.151,0.053
2214.7832,12.264,0.059
2214.81941,12.087,0.05
2215.85852,12.245,0.061
2216.81617,12.117,0.053
2217.79586,12.218,0.057
2221.83733,12.195,0.065
2224.78037,12.128,0.058
2224.83225,12.189,0.05
2226.76887,12.07,0.056
2226.8026,11.994,0.055
2228.75884,12.192,0.058
2228.79489,12.176,0.058
2230.7525,12.158,0.058
2230.79601,12.047,0.057
2232.83647,12.035,0.057
2233.76617,12.099,0.053
2234.76063,12.08,0.053
2235.78023,12.108,0.062
2236.7557,12.045,0.06
2237.77476,12.116,0.058
2239.76296,11.966,0.059
2240.75246,12.035,0.059
2241.74981,12.133,0.06
2242.76083,11.9,0.062
2243.7309,12.038,0.062
2244.76584,11.948,0.069
2248.69204,12.072,0.064
2248.72116,12.061,0.065
2250.79669,11.925,0.062
2251.75311,11.98,0.063
2251.85548,12.09,0.065
2445.4728,12.55,0.049
2454.46336,12.5,0.047
2464.47717,12.392,0.057
2468.4716,12.38,0.054
2540.88515,12.469,0.047
2545.86221,12.321,0.05
2552.84701,12.421,0.036
2557.84415,12.452,0.05
2559.86245,12.33,0.046
2562.83704,12.216,0.05
2578.82888,12.308,0.05
2624.75466,12.136,0.041
2627.77791,12.225,0.037
2629.78444,12.218,0.038
2634.78245,12.186,0.035
2636.81683,12.156,0.038
2638.79795,12.104,0.04
2641.71157,12.216,0.035
2643.79444,12.138,0.035
2645.7835,12.074,0.037
2647.75207,12.098,0.048
2650.72609,12.143,0.036
2652.74844,12.185,0.038
2655.69606,12.464,0.044
2658.72728,12.378,0.036
2662.72203,12.422,0.046
2664.72015,12.414,0.035
2670.72387,12.429,0.035
2672.71994,12.404,0.036
2674.70778,12.447,0.035
2676.69422,12.451,0.038
2678.67048,12.525,0.036
2683.80953,12.438,0.039
2685.68283,12.461,0.044
2691.66445,12.394,0.037
2693.67701,12.349,0.035
2694.84734,12.301,0.039
2696.77662,12.292,0.038
2698.81264,12.317,0.035
2700.79701,12.248,0.038
2704.70036,12.121,0.038
2706.67023,12.145,0.037
2711.64656,12.13,0.039
2712.78135,12.084,0.038
2714.62619,12.206,0.039
2717.79512,12.097,0.046
2720.61276,12.089,0.036
2721.7799,12.096,0.043
2723.66405,12.116,0.039
2728.66828,12.17,0.037
2728.67777,12.142,0.039
2730.65981,12.143,0.036
2732.76765,12.143,0.047
2734.61609,12.222,0.047
2736.56045,12.351,0.035
2737.74764,12.306,0.04
2739.67991,12.305,0.043
2741.6357,12.362,0.035
2742.7364,12.429,0.036
2747.67632,12.322,0.048
2750.7184,12.548,0.042
2755.60024,12.541,0.032
2757.59717,12.509,0.033
2759.62763,12.476,0.038
2761.60829,12.638,0.034
2763.60479,12.59,0.036
2766.57561,12.455,0.039
2770.58454,12.485,0.038
2776.52875,12.414,0.038
2783.53785,12.24,0.042
2785.53964,12.225,0.04
2786.62605,12.213,0.045
2792.5079,12.173,0.039
2804.56497,12.332,0.038
2809.56279,12.473,0.04
2811.55666,12.504,0.032
2813.553,12.497,0.036
2820.47693,12.612,0.038
2831.49009,12.472,0.04
2835.49207,12.36,0.039
2838.48608,12.276,0.041
2842.47304,12.196,0.052
2899.89702,12.344,0.036
2916.8685,12.317,0.037
2922.84761,12.406,0.035
2926.85078,12.483,0.038
2929.83226,12.461,0.038
2932.85233,12.482,0.034
2940.81092,12.471,0.035
2943.80408,12.48,0.038
2946.79817,12.47,0.038
2949.81211,12.42,0.035
2956.80229,12.419,0.034
2960.81478,12.402,0.043
2963.82096,12.504,0.033
2970.82693,12.294,0.034
2974.77215,12.313,0.032
2979.76613,12.245,0.035
2982.7772,12.227,0.036
2985.79392,12.269,0.033
2988.78454,12.139,0.036
2991.77408,12.139,0.035
2994.7726,12.141,0.043
2997.76429,12.23,0.044
2998.8023,12.208,0.035
3001.75525,12.182,0.035
3003.80997,12.131,0.039
3006.74398,12.181,0.034
3008.77632,12.157,0.037
3013.7134,12.185,0.046
3016.77669,12.204,0.038
3018.78418,12.134,0.035
3029.74143,12.175,0.033
3031.80853,12.106,0.034
3033.79443,12.062,0.039
3040.72616,12.13,0.035
3042.82688,12.1,0.039
3045.64344,12.219,0.033
3048.68176,12.194,0.038
3051.64713,12.202,0.035
3053.70641,12.277,0.036
3053.76877,12.228,0.036
3058.6086,12.326,0.041
3060.66366,12.137,0.035
3064.7809,12.19,0.039
3067.7384,12.192,0.035
3069.74152,12.247,0.034
3071.75533,12.265,0.036
3073.80632,12.271,0.036
3076.61428,12.248,0.038
3078.61744,12.339,0.035
3082.67082,12.387,0.04
3086.66061,12.307,0.037
3090.67071,12.463,0.04
3092.66577,12.393,0.034
3096.64958,12.407,0.034
3098.6646,12.506,0.035
3100.69689,12.386,0.034
3102.6987,12.305,0.038
3110.72126,12.116,0.035
3112.73119,12.245,0.035
3118.65865,12.127,0.034
3122.55774,12.306,0.033
3124.59109,12.197,0.036
3126.61111,12.235,0.035
3128.63041,12.319,0.033
3130.65104,12.331,0.041
3132.65155,12.28,0.034
3134.65489,12.435,0.035
3144.52435,12.583,0.034
3146.57466,12.519,0.034
3154.52545,12.495,0.034
3156.60848,12.441,0.04
3159.59469,12.512,0.04
3163.5115,12.345,0.034
3165.53136,12.292,0.036
3168.53459,12.303,0.033
3175.56438,12.334,0.034
3182.53429,12.356,0.042
3189.52176,12.496,0.039
3355.78232,12.447,0.048
3362.81591,12.496,0.045
3363.79178,12.449,0.058
3373.83351,12.285,0.044
3382.80545,12.076,0.062
3385.69468,12.121,0.046
3385.73554,12.06,0.066
3385.76599,12.088,0.041
3387.78546,11.999,0.058
3390.71279,12.117,0.05
3390.74609,12.043,0.052
3391.78734,12.059,0.049
3393.76414,12.006,0.058
3395.74898,12.044,0.065
3397.78309,12.003,0.049
3400.6562,12.013,0.051
3400.76981,12.012,0.058
3403.71337,12.082,0.047
3405.72011,12.033,0.049
3407.7878,12.129,0.042
3409.76952,12.062,0.043
3414.68587,12.051,0.039
3416.68339,12.115,0.052
3420.68718,12.067,0.057
3424.70947,12.255,0.059
3430.73879,12.249,0.057
3438.56986,12.382,0.051
3443.74514,12.373,0.046
3445.72169,12.37,0.05
3447.72474,12.319,0.04
3450.64732,12.224,0.055
3452.56892,12.186,0.067
3452.7699,12.097,0.058
3454.68298,12.038,0.066
3456.69109,12.066,0.047
3458.6802,12.061,0.046
3460.67963,12.008,0.039
3462.69209,11.933,0.043
3464.72029,11.886,0.049
3466.76865,11.897,0.045
3469.73113,11.806,0.038
3471.73158,11.816,0.04
3474.50922,11.776,0.041
3476.62188,11.7,0.061
3478.59627,11.868,0.044
3480.61808,11.77,0.068
3482.63082,12.204,0.042
3484.67389,11.969,0.044
3489.63902,12.143,0.047
3491.64989,12.165,0.044
3495.64284,12.232,0.04
3497.67709,12.218,0.042
3501.48236,12.29,0.041
3503.52563,12.347,0.039
3509.61789,12.311,0.041
3512.6075,12.257,0.039
3516.60892,12.266,0.044
3520.57995,12.187,0.072
3522.59678,12.109,0.05
3529.5223,11.879,0.04
3539.5276,11.713,0.04
3542.56167,11.757,0.055
3547.47092,11.873,0.04
3554.51179,12.108,0.041
3558.49365,12.085,0.042
3561.47189,12.1,0.043
3563.50242,12.162,0.055
3641.88777,12.237,0.043
3651.86602,12.439,0.05
3655.84308,12.211,0.07
3662.85213,12.114,0.053
3666.83772,12.017,0.046
3670.82754,11.989,0.04
3674.81132,11.839,0.069
3678.84944,11.796,0.058
3701.78748,12.159,0.051
3705.77944,12.209,0.049
3712.83766,12.188,0.048
3715.81406,12.313,0.058
3718.79794,12.117,0.046
3721.77423,12.264,0.057
3724.82533,12.232,0.053
3727.76612,12.199,0.06
3731.77644,12.233,0.056
3734.78958,12.231,0.054
3737.7583,12.244,0.052
3740.72632,12.165,0.052
3743.71679,12.133,0.044
3745.80185,12.089,0.043
3748.716,11.915,0.051
3751.69802,11.911,0.061
3753.79774,11.995,0.043
3756.68749,11.949,0.058
3758.75001,11.901,0.048
3761.68043,11.973,0.053
3766.66456,11.925,0.065
3768.7502,12.039,0.043
3771.64562,12.68,0.053
3773.71068,12.173,0.049
3775.71796,12.337,0.044
3780.61552,12.34,0.051
3783.67898,12.405,0.048
3788.66263,12.431,0.053
3790.75118,12.496,0.071
3795.5892,12.383,0.058
3797.64252,12.37,0.059
3799.70895,12.443,0.038
3802.60871,12.336,0.053
3804.6739,12.248,0.049
3806.67605,12.27,0.041
3809.68922,12.332,0.046
3811.69916,12.164,0.044
3813.71109,12.183,0.04
3815.75319,12.051,0.048
3817.75165,12.088,0.037
3819.78989,12.201,0.048
3822.57937,12.093,0.045
3824.61521,12.021,0.04
3826.61575,12.122,0.039
3828.62688,12.088,0.039
3830.68021,12.058,0.046
3832.67753,12.09,0.04
3834.65615,12.092,0.042
3836.68095,12.148,0.048
3850.66742,12.345,0.05
3852.67782,12.43,0.045
3859.66772,12.441,0.05
3861.63138,12.413,0.039
3863.61834,12.43,0.05
3865.63524,12.451,0.043
3868.53326,12.412,0.053
3872.55325,12.391,0.039
3882.51412,12.273,0.041
3886.56797,12.17,0.067
3890.56584,12.156,0.059
3896.57029,11.929,0.048
3898.59152,12.12,0.048
3901.51063,12.017,0.04
3903.53461,11.969,0.041
3905.53437,12.031,0.044
3907.53797,12.073,0.05
4089.74807,12.292,0.062
4090.77621,12.374,0.068
4104.74842,12.237,0.048
4107.76669,12.319,0.038
4107.79758,12.274,0.044
4111.80079,12.274,0.041
4111.84976,12.189,0.044
4125.80093,11.987,0.038
4127.72377,12.031,0.044
4128.66301,11.921,0.045
4130.72584,11.927,0.045
4132.71636,12.032,0.039
4132.72568,11.987,0.062
4134.76839,12.045,0.049
4136.78748,12.033,0.041
4139.63233,12.127,0.038
4139.69776,12.018,0.051
4141.6936,12.1,0.052
4141.74879,12.174,0.043
4143.70729,12.11,0.064
4143.74931,12.106,0.056
4145.78428,12.266,0.045
4146.67763,12.086,0.062
4149.67328,12.325,0.04
4151.70865,12.276,0.053
4153.69057,12.378,0.055
4154.65502,12.415,0.056
4155.70785,12.364,0.055
4160.58596,12.316,0.049
4162.63635,12.399,0.057
4164.65187,12.389,0.043
4167.62425,12.342,0.039
4174.5364,12.214,0.04
4176.59621,12.122,0.044
4179.62705,12.075,0.053
4183.66262,12.024,0.045
4185.6806,11.897,0.052
4189.61391,12.002,0.038
4191.63907,12.09,0.042
4193.65044,12.04,0.04
4196.66872,12.132,0.046
4198.70002,12.257,0.047
4202.5184,12.245,0.044
4204.63325,12.309,0.041
4207.66667,12.425,0.045
4213.70696,12.421,0.056
4216.69071,12.416,0.057
4227.5975,12.41,0.043
4229.60753,12.375,0.045
4231.61267,12.338,0.045
4233.61456,12.183,0.046
4235.61285,12.217,0.053
4237.62966,12.309,0.051
4246.5597,12.13,0.047
4253.59382,12.18,0.045
4256.54773,12.222,0.039
4258.57133,12.133,0.049
4274.51728,12.042,0.044
4277.54151,12.17,0.042
4283.49719,12.267,0.044
4285.51213,12.37,0.053
4289.51168,12.37,0.043
4292.48788,12.576,0.039
4294.49663,12.524,0.04
4296.49258,12.642,0.042
4299.46913,12.644,0.048
4301.47555,12.661,0.051
4307.46954,12.599,0.045
4364.88138,12.512,0.039
4368.89344,12.439,0.042
4372.8885,12.56,0.05
4376.88859,12.523,0.04
4380.8742,12.543,0.051
4384.86648,12.643,0.05
4392.87079,12.23,0.057
4403.85856,12.298,0.043
4408.80688,12.326,0.049
4408.8634,12.321,0.041
4412.84137,12.436,0.04
4421.85843,12.687,0.047
4422.8551,12.684,0.051
4426.82579,12.541,0.056
4427.85672,12.518,0.044
4429.80722,12.352,0.042
4431.82145,12.712,0.043
4433.77495,12.55,0.045
4436.80152,12.605,0.038
4438.79346,12.637,0.044
4439.81389,12.633,0.044
4442.80019,12.531,0.053
4453.77813,12.345,0.049
4455.77598,12.319,0.043
4457.77024,12.307,0.053
4458.76436,12.168,0.045
4461.75416,12.234,0.042
4463.80669,12.225,0.037
4464.7459,12.219,0.039
4467.74617,12.153,0.042
4469.80701,12.151,0.041
4470.74806,12.143,0.045
4473.79681,12.2,0.041
4473.8429,12.153,0.06
4477.73098,12.16,0.046
4480.71588,12.208,0.054
4484.71859,12.228,0.047
4486.75593,12.291,0.039
4487.73169,12.309,0.042
4489.67198,12.283,0.046
4491.73382,12.302,0.04
4492.72699,12.317,0.036
4493.75781,12.226,0.04
4497.70255,12.341,0.038
4499.81629,12.397,0.05
4502.71516,12.699,0.042
4505.64319,12.504,0.043
4506.68545,12.52,0.06
4507.69771,12.392,0.041
4511.67782,12.524,0.042
4515.77014,12.553,0.043
4518.60553,12.606,0.039
4520.6593,12.502,0.042
4522.65608,12.454,0.04
4524.63815,12.607,0.04
4524.6783,12.591,0.036
4526.71839,12.557,0.043
4528.78917,12.682,0.058
4531.62777,12.535,0.047
4534.59204,12.758,0.042
4539.61807,12.6,0.047
4541.62796,12.529,0.042
4543.64475,12.499,0.046
4545.6724,12.363,0.045
4547.69674,12.432,0.05
4552.60595,12.252,0.041
4554.62722,12.276,0.042
4558.67081,12.245,0.057
4562.71216,12.422,0.064
4565.53286,12.354,0.044
4567.57346,12.378,0.043
4569.58807,12.431,0.059
4571.60584,12.304,0.046
4573.63551,12.374,0.051
4575.6622,12.239,0.058
4579.65691,12.288,0.041
4582.65765,12.21,0.047
4585.67654,12.229,0.04
4588.57019,12.163,0.046
4590.5914,12.169,0.046
4592.61113,12.26,0.042
4594.63258,12.204,0.04
4596.63542,12.217,0.041
4599.50464,12.396,0.049
4601.55228,12.303,0.041
4603.59811,12.43,0.048
4607.60046,12.573,0.045
4610.51838,12.689,0.042
4612.57271,12.221,0.046
4620.55786,12.442,0.051
4623.5537,12.472,0.045
4626.51292,12.486,0.043
4630.55278,12.381,0.04
4633.51417,12.306,0.04
4641.50244,12.29,0.047
4643.50491,12.262,0.053
4645.51472,12.147,0.053
4647.5298,12.252,0.072
4653.47809,12.175,0.057
4655.4824,12.181,0.064
4664.47551,12.496,0.044
4670.46886,12.72,0.043
4729.89567,12.374,0.043
4744.88634,12.611,0.045
4750.875,12.55,0.041
4754.86294,12.651,0.044
4754.87875,12.732,0.045
4758.84483,12.727,0.054
4759.87245,12.624,0.048
4762.83638,12.692,0.045
4763.86847,12.97,0.043
4766.84082,12.651,0.039
4767.86703,12.549,0.044
4770.81116,12.554,0.04
4771.8575,12.583,0.039
4774.81278,12.367,0.047
4775.8437,12.441,0.048
4778.80018,12.25,0.042
4783.83266,12.171,0.052
4787.79593,12.122,0.04
4792.82001,12.042,0.042
4793.81843,12.095,0.04
4796.85077,12.015,0.045
4797.82936,12.075,0.06
4800.80246,12.171,0.046
4800.8302,12.1,0.044
4804.7898,12.152,0.038
4804.82927,12.094,0.041
4807.80259,12.222,0.041
4808.78306,12.306,0.041
4810.80918,12.304,0.043
4813.81251,12.526,0.044
4814.74488,12.354,0.042
4816.81798,12.316,0.047
4818.79505,12.397,0.043
4820.77963,12.543,0.067
4821.76912,12.414,0.04
4823.8059,12.314,0.038
4824.76442,12.351,0.038
4826.84767,12.41,0.042
4827.75814,12.443,0.04
4830.74707,12.559,0.046
4830.7632,12.566,0.041
4833.7402,12.575,0.049
4833.80256,12.565,0.04
4836.72997,12.64,0.039
4836.78605,12.537,0.041
4839.71593,12.494,0.045
4839.77261,12.555,0.039
4842.71836,12.664,0.041
4842.76124,12.458,0.045
4845.77516,12.662,0.045
4845.81596,12.564,0.041
4848.69536,12.437,0.047
4848.74664,12.441,0.04
4850.7608,12.395,0.047
4850.84475,12.469,0.041
4853.74426,12.398,0.041
4856.74898,12.334,0.056
4860.68609,12.137,0.045
4860.74105,12.164,0.051
4862.77382,12.232,0.05
4863.70324,12.066,0.045
4870.76738,11.978,0.043
4871.68309,11.933,0.045
4872.82008,11.983,0.046
4876.63379,12.119,0.048
4879.73005,11.997,0.042
4881.62777,12.126,0.043
4882.65874,12.201,0.044
4883.77195,12.28,0.041
4918.57787,12.025,0.046
5140.84958,11.973,0.053
5145.8394,11.874,0.053
5147.85862,11.893,0.049
5163.8424,11.936,0.056
5168.79578,12.004,0.049
