1868.83411,12.532,0.066
1880.75543,12.612,0.067
1884.77004,12.614,0.045
1886.74166,12.58,0.05
1887.82826,12.503,0.051
1889.75312,12.746,0.048
1899.79974,12.978,0.043
1900.80871,12.66,0.044
1900.86407,12.492,0.047
1902.83799,12.625,0.048
1904.82931,12.506,0.05
1906.82763,12.885,0.046
1907.77189,12.588,0.048
1907.77819,12.624,0.048
1913.74087,12.546,0.04
1913.75359,12.646,0.037
1914.74736,12.721,0.049
1914.76238,12.664,0.039
1914.77628,12.579,0.047
1915.75263,12.529,0.052
1915.83941,12.626,0.044
1919.67261,12.603,0.058
1919.72311,12.563,0.052
1920.72825,12.601,0.045
1920.75718,12.575,0.042
1921.72922,12.959,0.047
1921.77978,12.704,0.049
1922.73072,12.651,0.048
1922.75288,12.603,0.048
1924.74942,12.696,0.048
1925.72365,12.539,0.049
1925.75254,12.622,0.048
1926.71782,12.649,0.045
1926.74458,12.538,0.045
1928.71967,13.131,0.047
1928.73911,13.142,0.043
1928.74643,12.876,0.046
1929.7329,12.72,0.045
1930.72828,12.726,0.037
1930.74007,12.622,0.044
1931.70798,12.7,0.051
1931.72527,12.778,0.04
1931.73734,12.728,0.051
1932.70584,12.622,0.046
1932.735,12.729,0.048
1933.70592,12.678,0.049
1933.74446,12.631,0.048
1934.70247,12.585,0.045
1934.71747,12.673,0.04
1934.72932,12.728,0.045
1936.67635,12.651,0.046
1936.68849,12.58,0.041
1936.70216,12.623,0.047
1937.71395,12.551,0.045
1937.76792,12.554,0.053
1938.77454,12.709,0.048
1939.66988,13.048,0.047
1940.65202,12.54,0.038
1940.66509,12.579,0.048
1941.65127,12.664,0.046
1945.7033,12.638,0.051
1945.72281,12.485,0.042
1945.74513,12.553,0.049
1946.71134,12.975,0.046
1946.73143,13.081,0.044
1946.7603,12.862,0.046
1948.63671,12.473,0.049
1948.64823,12.526,0.046
1948.66988,12.601,0.049
1949.68244,12.559,0.06
1949.7097,12.752,0.062
1950.66445,12.897,0.062
1950.69149,12.773,0.059
1952.65942,12.653,0.063
1953.66201,12.833,0.053
1953.67945,12.824,0.044
1953.68916,12.927,0.054
1954.66292,12.58,0.058
1954.6958,12.624,0.053
1955.65704,12.602,0.053
1955.68638,12.649,0.054
1958.65635,12.623,0.049
1961.63161,12.674,0.056
1961.67992,12.567,0.052
1962.68039,12.586,0.057
1962.69394,12.661,0.059
1963.64878,12.587,0.047
1963.65172,12.682,0.06
1963.67541,12.655,0.058
1964.64258,12.945,0.054
1964.65774,13.242,0.048
1965.63342,12.717,0.056
1965.64637,12.971,0.048
1965.66514,12.594,0.055
1966.6358,12.562,0.057
1966.65094,12.565,0.048
1966.66739,12.555,0.059
1967.63034,12.618,0.061
1967.64554,12.658,0.049
1967.66199,12.692,0.06
1968.63225,12.664,0.06
1970.68463,12.743,0.061
1977.60782,12.542,0.068
1977.62082,12.593,0.059
1978.64432,12.737,0.058
1978.65863,12.791,0.07
1979.59738,12.719,0.066
1980.61616,12.598,0.07
1980.62466,12.457,0.059
1980.63899,12.604,0.07
1981.62039,12.568,0.065
1981.65611,12.586,0.068
1982.60333,13.119,0.06
1982.63062,13.015,0.062
1984.59049,12.509,0.068
2054.5204,13.001,0.076
2059.49374,12.529,0.063
2062.50726,12.461,0.076
2071.50956,12.507,0.07
2083.48336,12.714,0.064
2085.46404,12.549,0.05
2088.47286,12.701,0.048
2094.50249,12.635,0.048
2105.47419,12.606,0.059
2192.85052,12.655,0.067
2194.85148,12.61,0.061
2197.83907,12.482,0.059
2199.84144,12.622,0.054
2200.86953,12.555,0.059
2201.83978,12.723,0.054
2202.86201,13.031,0.056
2212.84085,12.553,0.055
2214.81271,12.753,0.057
2214.83284,12.626,0.056
2216.80948,12.724,0.059
2216.83182,12.647,0.061
2221.82619,12.736,0.061
2221.85074,12.71,0.066
2224.81199,12.859,0.054
2224.85694,12.621,0.06
2226.79381,12.667,0.059
2226.8278,12.576,0.06
2228.78601,12.665,0.061
2228.82263,12.729,0.06
2230.78504,12.6,0.057
2230.81895,12.709,0.059
2233.78677,12.587,0.058
2235.76229,12.874,0.068
2235.80084,12.66,0.06
2237.79795,12.667,0.064
2239.79067,12.56,0.064
2240.77052,12.637,0.063
2241.7681,12.596,0.063
2249.75503,13.288,0.067
2440.49596,12.724,0.046
2440.50508,12.595,0.039
2441.52027,12.539,0.051
2442.49345,12.566,0.05
2444.4617,12.606,0.053
2444.4898,12.582,0.046
2444.50137,12.578,0.04
2453.50069,12.63,0.058
2454.46,12.764,0.044
2464.47363,12.647,0.057
2466.47717,12.6,0.052
2467.46852,12.663,0.046
2468.4608,13.141,0.056
2470.46722,12.709,0.047
2552.86443,12.892,0.035
2557.86612,12.555,0.054
2558.88535,12.687,0.043
2559.87762,13.108,0.048
2562.85222,12.612,0.054
2578.84453,12.866,0.043
2578.86456,12.583,0.048
2622.70342,12.721,0.034
2622.73403,12.643,0.04
2624.7674,12.68,0.04
2624.79039,12.569,0.038
2627.79308,13.043,0.034
2627.82473,13.021,0.039
2629.78763,12.614,0.039
2630.81317,12.634,0.037
2634.79035,12.838,0.037
2634.83103,13.112,0.038
2636.82935,12.66,0.038
2637.77901,12.613,0.035
2639.73954,12.651,0.035
2640.78395,12.787,0.043
2642.75067,12.717,0.036
2643.77449,12.679,0.039
2644.77509,12.746,0.04
2645.80733,12.936,0.036
2646.75943,12.582,0.037
2649.74149,12.741,0.034
2649.75786,12.664,0.034
2651.70951,12.694,0.034
2651.73599,12.696,0.036
2655.77118,12.625,0.037
2655.81322,12.766,0.039
2658.7648,12.556,0.037
2662.77337,12.703,0.036
2664.72628,12.664,0.039
2664.76721,12.707,0.035
2666.76244,12.679,0.035
2670.73226,13.137,0.037
2670.79672,13.104,0.037
2672.73524,12.581,0.04
2672.75035,12.759,0.041
2672.76234,12.599,0.036
2674.72079,12.939,0.035
2674.75019,12.789,0.036
2676.70032,12.606,0.034
2676.73656,12.757,0.035
2678.68117,12.608,0.032
2678.72315,12.745,0.034
2680.68197,12.838,0.035
2680.72065,12.694,0.036
2683.82244,12.587,0.042
2684.67221,12.639,0.036
2685.82621,12.641,0.046
2686.71025,12.727,0.037
2689.67984,12.637,0.039
2689.74531,12.722,0.038
2691.6821,12.609,0.038
2691.70558,12.758,0.039
2693.69467,12.626,0.036
2693.71996,12.575,0.039
2694.85676,12.658,0.039
2697.60493,12.678,0.049
2697.71285,12.573,0.04
2699.64504,13.187,0.053
2699.7056,13.099,0.041
2701.65454,12.794,0.036
2701.68416,12.64,0.044
2701.70367,12.655,0.038
2703.65043,12.795,0.036
2703.69957,12.934,0.041
2705.64501,12.632,0.041
2705.69198,12.72,0.039
2707.6433,12.423,0.033
2707.6688,12.604,0.053
2707.68853,12.272,0.042
2709.66004,12.607,0.037
2710.61307,13.169,0.033
2710.79008,12.585,0.045
2711.72675,12.736,0.044
2711.81949,12.578,0.054
2712.61967,12.584,0.036
2713.67419,12.873,0.033
2713.6875,12.889,0.038
2713.72961,13.116,0.051
2714.77283,12.657,0.037
2714.79026,12.626,0.042
2715.69136,12.766,0.037
2717.64384,13.035,0.035
2717.77823,12.743,0.048
2719.72938,12.637,0.046
2721.79134,12.653,0.044
2722.79651,12.591,0.044
2723.67245,12.709,0.039
2724.68166,12.979,0.043
2724.82051,12.619,0.039
2725.82293,12.539,0.045
2726.69023,12.611,0.035
2727.69309,12.577,0.041
2727.69958,12.709,0.041
2728.67211,12.613,0.041
2731.79536,12.621,0.042
2732.73506,12.666,0.041
2734.55813,12.699,0.043
2734.59084,12.628,0.033
2734.59587,12.79,0.034
2736.55911,12.616,0.039
2736.58,12.777,0.038
2737.75064,12.564,0.042
2739.6785,12.67,0.038
2739.68291,12.608,0.048
2739.69036,12.663,0.043
2741.63868,12.673,0.049
2741.64611,12.602,0.044
2742.76735,12.802,0.047
2744.6243,12.594,0.041
2744.63139,12.612,0.045
2744.6388,12.845,0.041
2747.66954,12.615,0.057
2747.68201,12.564,0.055
2747.69894,12.543,0.043
2750.7138,12.604,0.046
2750.72406,12.55,0.044
2750.73636,12.686,0.041
2752.63364,12.579,0.036
2752.63823,12.609,0.044
2752.64368,12.578,0.041
2754.72164,12.557,0.036
2754.73168,12.633,0.044
2754.73986,12.681,0.036
2756.68687,12.961,0.035
2756.68923,12.928,0.04
2759.51693,12.693,0.045
2760.67968,12.626,0.04
2760.68211,12.592,0.041
2760.69161,12.679,0.037
2762.64175,12.572,0.053
2762.65371,12.655,0.059
2764.6207,12.783,0.048
2764.63265,12.64,0.04
2766.63446,12.748,0.042
2766.63698,12.575,0.045
2766.64643,12.713,0.042
2770.61696,12.639,0.042
2770.61953,12.65,0.047
2770.62892,12.663,0.043
2775.51854,12.66,0.041
2775.52149,12.662,0.034
2775.64158,12.656,0.05
2776.62272,12.565,0.047
2776.62914,12.832,0.04
2782.54129,13.269,0.044
2782.54678,12.653,0.036
2784.54167,12.506,0.039
2784.54466,12.6,0.039
2784.60257,12.691,0.042
2786.54021,12.682,0.038
2786.5933,12.613,0.044
2789.53331,12.843,0.043
2789.53624,12.829,0.042
2790.46498,12.839,0.052
2791.57223,12.597,0.048
2792.501,12.533,0.042
2794.51817,12.543,0.058
2794.5211,12.68,0.059
2797.51068,12.496,0.044
2797.51361,12.356,0.046
2804.48752,12.56,0.04
2804.49042,12.553,0.038
2804.54167,12.623,0.046
2808.60765,12.604,0.038
2809.49128,12.458,0.045
2809.53939,12.616,0.047
2810.52872,12.908,0.037
2811.50234,12.629,0.035
2811.53784,12.651,0.037
2812.52679,12.589,0.039
2813.50045,12.677,0.044
2813.53634,12.621,0.041
2819.52172,12.528,0.037
2821.48974,12.904,0.038
2821.49255,13.027,0.043
2821.55749,12.864,0.037
2826.48141,12.641,0.042
2826.48417,12.556,0.044
2826.53626,12.656,0.034
2829.5429,12.646,0.049
2830.48285,12.587,0.039
2830.51741,12.676,0.036
2832.47871,12.79,0.043
2832.49208,12.818,0.039
2832.50474,12.729,0.037
2834.48449,12.549,0.042
2834.49556,12.658,0.042
2834.50599,12.711,0.038
2836.48683,12.572,0.039
2836.49793,12.699,0.041
2836.50601,12.554,0.035
2839.48601,13.106,0.04
2841.46814,12.599,0.04
2841.47128,12.622,0.034
2842.49545,12.658,0.051
2843.47661,12.777,0.045
2845.49177,12.616,0.043
2853.46348,12.731,0.043
2854.46945,12.559,0.036
2859.4698,12.572,0.045
2899.90485,12.633,0.038
2908.89489,12.76,0.05
2912.87604,13.189,0.039
2918.88606,12.49,0.047
2922.8674,12.629,0.037
2923.87467,12.851,0.038
2926.86845,13.011,0.034
2927.86608,12.588,0.036
2929.8592,12.576,0.038
2931.86707,12.616,0.04
2932.86777,12.584,0.033
2935.85943,12.683,0.036
2940.82881,12.676,0.034
2943.83146,12.664,0.034
2944.84022,12.674,0.041
2946.81845,12.555,0.034
2947.83581,12.632,0.046
2949.83244,12.578,0.037
2955.83857,13.121,0.04
2960.82466,12.764,0.034
2960.83665,12.678,0.036
2963.83617,12.677,0.033
2964.80763,12.737,0.036
2967.79304,12.577,0.037
2967.84666,12.583,0.035
2971.78901,12.629,0.033
2971.81075,12.714,0.037
2974.83553,12.694,0.038
2975.76246,12.584,0.037
2977.75795,13.21,0.039
2977.82251,12.561,0.036
2979.81848,12.698,0.035
2980.80246,12.754,0.035
2982.80616,12.768,0.035
2983.8157,12.763,0.039
2985.79977,12.694,0.033
2986.8245,12.636,0.034
2989.81697,12.567,0.035
2991.78743,13.27,0.032
2992.80712,12.806,0.038
2995.8167,12.798,0.037
2998.78556,13.013,0.039
2998.80084,13.038,0.035
3001.76417,12.64,0.036
3003.8187,12.666,0.038
3005.79117,12.888,0.035
3006.76055,12.672,0.032
3007.7939,12.588,0.038
3007.80926,12.658,0.034
3008.79242,12.527,0.035
3010.76767,12.808,0.037
3011.73152,12.621,0.035
3012.75788,12.664,0.044
3013.76752,12.675,0.036
3013.79324,12.645,0.035
3015.81025,12.633,0.039
3016.8083,12.963,0.037
3017.81983,12.584,0.036
3018.8257,12.629,0.034
3023.7756,12.82,0.04
3023.79049,13.31,0.045
3023.80658,13.014,0.035
3028.75244,12.611,0.035
3028.76213,12.674,0.039
3028.79158,12.488,0.034
3030.78788,12.94,0.037
3031.70634,12.711,0.04
3031.72301,12.68,0.036
3033.68471,12.706,0.034
3033.7522,12.731,0.047
3033.76996,12.669,0.036
3035.73424,12.561,0.034
3036.68185,12.661,0.04
3036.70265,12.546,0.035
3039.74767,12.712,0.034
3040.73698,12.716,0.04
3040.76509,12.67,0.034
3042.83164,12.731,0.045
3043.68476,12.562,0.037
3044.73273,12.606,0.034
3045.66277,13.095,0.039
3045.75106,12.729,0.036
3047.68337,12.556,0.033
3048.73036,12.676,0.035
3050.65674,12.562,0.034
3051.67245,12.677,0.039
3051.67913,12.577,0.036
3052.79798,12.682,0.032
3053.75119,12.69,0.048
3053.76255,12.666,0.044
3055.62475,12.635,0.038
3055.83997,13.027,0.042
3056.6557,12.869,0.034
3057.67573,12.566,0.033
3059.72006,13.064,0.034
3060.68341,12.558,0.038
3060.73362,12.614,0.035
3061.77696,12.66,0.034
3062.77207,12.695,0.041
3064.59458,12.762,0.036
3064.83075,12.664,0.044
3067.6544,12.693,0.034
3068.67513,12.662,0.037
3069.66602,12.741,0.034
3070.65523,13.106,0.039
3070.70616,13.033,0.036
3071.69709,12.649,0.035
3072.7341,12.621,0.04
3072.78438,12.755,0.036
3073.71916,12.617,0.037
3074.70369,12.612,0.04
3074.80802,12.608,0.04
3075.72285,12.582,0.036
3076.72899,12.767,0.041
3077.59788,12.567,0.045
3077.75096,12.835,0.036
3078.72242,12.649,0.042
3079.65132,12.556,0.035
3081.65128,12.873,0.033
3082.82111,12.553,0.039
3085.76891,12.678,0.038
3087.65289,12.729,0.038
3087.76811,12.986,0.052
3089.5536,12.668,0.041
3089.68092,12.573,0.047
3090.5287,12.567,0.033
3091.5991,12.637,0.042
3091.6622,12.679,0.037
3092.5815,12.928,0.032
3093.59447,12.722,0.036
3093.64933,12.55,0.038
3097.59602,12.755,0.042
3099.63587,12.759,0.042
3099.69832,12.505,0.04
3100.61247,12.574,0.034
3101.63773,12.554,0.039
3101.71853,12.874,0.036
3102.61928,12.835,0.039
3103.63668,12.666,0.038
3103.71707,12.499,0.035
3104.63062,12.587,0.035
3105.63048,12.653,0.04
3105.70463,12.764,0.036
3106.62504,13.016,0.035
3107.63796,12.674,0.04
3107.70619,12.633,0.037
3108.62768,12.627,0.036
3109.64311,12.688,0.04
3109.70461,13.158,0.038
3111.64204,12.664,0.038
3111.77184,12.622,0.037
3113.66658,12.926,0.042
3114.51785,12.701,0.036
3115.66049,12.594,0.04
3118.70329,12.594,0.039
3121.53088,12.683,0.036
3121.53406,12.798,0.037
3122.61468,12.586,0.042
3123.55576,12.632,0.033
3123.55895,12.701,0.037
3124.6257,12.818,0.041
3125.59029,12.632,0.039
3126.63761,12.685,0.041
3127.61579,12.638,0.037
3127.61902,12.904,0.039
3128.63586,12.672,0.045
3129.66795,12.75,0.04
3129.67117,12.844,0.038
3130.66992,12.616,0.043
3131.65048,12.984,0.045
3131.65676,12.763,0.041
3132.67578,12.507,0.042
3133.6553,12.633,0.036
3133.66388,12.79,0.036
3134.67827,12.929,0.042
3144.52719,12.717,0.039
3144.65978,12.629,0.035
3145.54632,12.544,0.036
3146.57746,12.548,0.04
3153.4966,12.95,0.04
3153.49983,13.043,0.037
3153.60137,12.549,0.04
3154.6292,12.563,0.038
3154.64133,12.474,0.04
3155.62498,12.601,0.046
3158.55869,12.648,0.041
3158.56274,12.717,0.04
3159.49887,12.713,0.043
3160.57018,12.792,0.038
3160.57567,12.5,0.04
3162.54286,12.588,0.038
3163.57844,12.902,0.04
3163.58164,13.145,0.041
3164.56214,12.622,0.04
3165.58083,12.632,0.038
3165.58406,12.547,0.038
3167.56918,12.931,0.039
3168.58955,12.646,0.032
3168.5959,12.721,0.035
3169.61081,12.625,0.041
3171.59591,12.564,0.035
3175.58291,12.732,0.035
3176.50087,12.625,0.037
3177.47112,12.523,0.04
3177.58349,12.597,0.034
3179.50472,12.652,0.037
3179.55841,12.689,0.041
3180.55889,12.796,0.045
3180.57426,12.592,0.038
3183.53421,12.767,0.037
3183.55863,12.663,0.049
3183.57934,12.721,0.043
3186.51396,12.766,0.035
3186.5202,12.676,0.04
3186.54067,12.693,0.037
3189.52864,12.546,0.037
3190.49609,12.533,0.035
3333.83267,12.807,0.047
3356.8279,12.669,0.057
3357.79699,12.765,0.047
3363.82936,12.713,0.048
3372.84567,12.538,0.059
3386.70816,12.658,0.046
3388.77516,12.55,0.054
3388.80975,12.661,0.059
3391.694,12.846,0.053
3391.73099,12.954,0.058
3394.75361,12.81,0.055
3394.78184,12.898,0.071
3397.67322,12.558,0.045
3397.72121,12.73,0.052
3399.74173,12.583,0.047
3399.79188,12.569,0.048
3404.78949,12.618,0.055
3406.81756,12.719,0.056
3407.68836,12.718,0.082
3409.73838,12.848,0.079
3411.71224,12.625,0.061
3411.81285,12.663,0.044
3413.75118,12.61,0.042
3414.67447,12.653,0.039
3415.77117,12.63,0.047
3418.63349,12.627,0.057
3418.74592,12.682,0.044
3420.6812,12.748,0.044
3422.69749,12.654,0.045
3424.70581,12.615,0.049
3424.73104,12.689,0.05
3426.71481,12.596,0.07
3426.73009,12.559,0.054
3430.73527,13.09,0.041
3430.75985,12.971,0.05
3432.73174,12.584,0.068
3432.75863,12.59,0.048
3434.73289,12.604,0.046
3434.75946,12.712,0.05
3438.66737,12.671,0.045
3440.69151,12.631,0.036
3442.61093,12.641,0.047
3443.76022,12.679,0.056
3444.64918,12.871,0.063
3445.74242,12.619,0.046
3446.65846,12.658,0.08
3447.74274,12.723,0.044
3450.63748,12.489,0.06
3452.61952,13.027,0.059
3454.69186,12.601,0.049
3454.77365,12.524,0.078
3456.69726,12.59,0.049
3456.77301,12.717,0.075
3458.68636,12.602,0.046
3458.78888,12.759,0.068
3460.68577,12.55,0.044
3460.79932,12.6,0.051
3462.69817,12.779,0.045
3464.72372,12.56,0.07
3465.59588,12.591,0.048
3466.77204,12.66,0.044
3467.77732,12.618,0.048
3469.73447,12.662,0.047
3470.52732,12.86,0.062
3471.73879,12.884,0.045
3472.57533,12.548,0.049
3474.51325,12.921,0.049
3474.61328,12.562,0.041
3476.62938,12.536,0.08
3478.59946,12.52,0.06
3478.66232,12.6,0.049
3480.62112,12.678,0.062
3480.65191,12.535,0.059
3482.63384,12.766,0.079
3482.65928,12.615,0.081
3484.677,13.068,0.044
3489.55136,12.652,0.045
3489.55454,12.485,0.055
3491.56729,12.61,0.051
3495.56563,13.069,0.043
3495.56899,13.011,0.045
3497.62286,12.619,0.043
3497.62607,12.579,0.042
3502.64005,13.041,0.073
3504.644,12.638,0.074
3508.66069,12.779,0.037
3508.66742,12.63,0.04
3511.58715,12.596,0.052
3511.59032,12.608,0.048
3517.60629,12.641,0.046
3521.56056,12.637,0.053
3521.57067,12.641,0.073
3522.45369,12.619,0.072
3523.56318,12.742,0.069
3523.57401,12.624,0.058
3525.59005,12.547,0.045
3525.5969,12.602,0.052
3529.59942,12.688,0.048
3529.60263,12.654,0.043
3538.5162,12.966,0.055
3538.51936,13.04,0.043
3542.48216,12.882,0.054
3543.5598,12.714,0.046
3544.53298,12.557,0.043
3547.54661,12.596,0.042
3550.53082,12.621,0.068
3559.46125,12.661,0.053
3561.49165,12.647,0.065
3563.50356,12.988,0.046
3563.51177,13.167,0.045
3570.47038,12.707,0.044
3570.47325,12.573,0.043
3574.47125,13.022,0.049
3574.47415,13.058,0.05
3577.50011,12.616,0.044
3585.46673,12.837,0.053
3589.46667,12.639,0.06
3630.8996,12.576,0.047
3651.88748,12.961,0.054
3652.88461,12.577,0.061
3655.87356,12.649,0.056
3657.8702,12.535,0.064
3659.86062,12.697,0.048
3662.8769,12.524,0.057
3663.85163,12.637,0.063
3666.86017,12.554,0.071
3670.8425,12.713,0.05
3671.84966,12.581,0.046
3674.82526,12.577,0.062
3675.84041,12.692,0.055
3701.79719,13.015,0.048
3705.79228,12.582,0.062
3706.80854,12.564,0.058
3712.84774,12.771,0.045
3713.78723,12.643,0.074
3715.8281,13.152,0.051
3718.81089,12.627,0.056
3719.82818,12.866,0.068
3722.75183,12.596,0.057
3725.77965,12.699,0.046
3726.80841,13.001,0.067
3728.78045,12.64,0.051
3730.81709,12.677,0.073
3732.74029,12.688,0.045
3733.82466,12.998,0.054
3735.75929,12.634,0.054
3736.80875,12.564,0.049
3741.73289,12.619,0.05
3742.78067,12.645,0.063
3744.72303,12.746,0.073
3747.7135,12.727,0.048
3748.75494,12.686,0.053
3749.80782,12.46,0.047
3751.75133,12.923,0.058
3752.75823,12.59,0.048
3754.73332,12.553,0.055
3755.70192,13.04,0.06
3756.79296,12.63,0.065
3757.76231,12.617,0.046
3759.7242,12.56,0.059
3760.69548,12.644,0.051
3762.79129,12.768,0.052
3765.67461,12.659,0.055
3765.71127,12.571,0.082
3768.6709,12.646,0.051
3768.70258,12.619,0.058
3770.77742,12.832,0.048
3773.77964,12.611,0.051
3775.71417,12.565,0.046
3776.68481,12.566,0.052
3778.73069,12.564,0.05
3780.63504,12.977,0.06
3780.76177,12.708,0.048
3783.69227,12.717,0.05
3783.80209,12.951,0.066
3787.69328,12.921,0.057
3787.84189,12.602,0.05
3789.74859,12.64,0.048
3790.64637,12.475,0.061
3792.64223,12.643,0.054
3792.72731,12.719,0.046
3794.6966,12.794,0.049
3794.77272,12.867,0.056
3796.71897,12.735,0.042
3798.78787,12.621,0.053
3799.69241,12.583,0.055
3801.59606,12.639,0.058
3802.62395,12.984,0.052
3803.72673,12.602,0.069
3804.69017,12.543,0.047
3806.68702,12.509,0.047
3809.70022,12.74,0.047
3810.75244,12.634,0.064
3811.73504,12.661,0.064
3812.8201,12.539,0.047
3815.57029,12.447,0.063
3818.56655,12.589,0.046
3819.62714,12.544,0.072
3820.63017,12.65,0.051
3821.68303,12.53,0.069
3822.68358,12.645,0.047
3823.69198,12.882,0.052
3824.74373,12.524,0.043
3825.7097,12.798,0.055
3826.79792,12.892,0.053
3827.77934,12.577,0.062
3830.56366,12.6,0.048
3831.60331,12.549,0.071
3832.57192,12.72,0.051
3833.60063,12.492,0.061
3834.58106,13.18,0.045
3835.61299,12.802,0.043
3836.59758,12.554,0.043
3837.64999,12.796,0.04
3847.68405,12.759,0.07
3847.68715,12.546,0.052
3849.64747,12.656,0.065
3849.65059,12.569,0.062
3851.64623,12.622,0.067
3851.65013,12.584,0.069
3853.6831,12.629,0.057
3853.68623,12.632,0.045
3856.54137,12.726,0.054
3856.54457,12.555,0.069
3858.6397,12.687,0.061
3858.65129,12.563,0.062
3860.66825,12.547,0.071
3860.67137,12.57,0.043
3862.59173,12.645,0.05
3862.6012,12.616,0.056
3864.61805,12.563,0.047
3864.6284,12.694,0.082
3866.62933,13.091,0.044
3866.64309,12.737,0.067
3868.66911,12.649,0.047
3868.68055,12.605,0.066
3870.66338,12.607,0.047
3870.67558,12.595,0.055
3872.66153,12.524,0.046
3872.6737,12.483,0.047
3876.61524,12.639,0.042
3876.62405,12.713,0.065
3880.54819,12.571,0.05
3880.55142,12.63,0.044
3882.58271,12.584,0.062
3882.58588,12.681,0.053
3886.58947,12.654,0.061
3886.59823,12.619,0.049
3888.60552,12.634,0.057
3890.58639,12.689,0.056
3890.58955,12.599,0.042
3892.59233,12.647,0.066
3896.59825,12.578,0.046
3897.45767,12.569,0.046
3898.61634,12.958,0.044
3901.51302,12.573,0.043
3901.55985,12.577,0.046
3903.53683,12.524,0.044
3904.48794,12.632,0.048
3905.53666,12.625,0.043
3906.50321,12.828,0.043
3907.54017,12.627,0.048
3908.51425,12.641,0.044
4089.79117,12.569,0.051
4090.77968,13.015,0.045
4104.74305,12.726,0.051
4107.76474,12.539,0.043
4107.81244,12.6,0.042
4111.8252,12.989,0.052
4125.69145,12.663,0.044
4125.72373,12.731,0.067
4127.74213,12.751,0.049
4127.7824,12.61,0.046
4129.74802,12.687,0.048
4130.7076,12.825,0.053
4131.82002,12.646,0.052
4132.76079,12.577,0.044
4134.66821,12.5,0.056
4134.7903,12.592,0.044
4136.73631,12.648,0.072
4136.80839,12.849,0.057
4139.68953,12.702,0.052
4140.76037,13.129,0.062
4142.78584,12.603,0.06
4143.74245,12.9,0.054
4145.63441,12.714,0.044
4145.82098,12.544,0.054
4147.70109,12.798,0.045
4149.69151,12.669,0.05
4151.74162,12.876,0.045
4152.76296,12.66,0.049
4153.72884,12.702,0.065
4154.8025,13.149,0.059
4157.60551,12.705,0.045
4159.66287,12.576,0.05
4160.69461,12.623,0.041
4161.66159,12.599,0.042
4162.69843,12.719,0.05
4163.67312,12.685,0.065
4164.72248,12.621,0.056
4165.69916,12.905,0.049
4167.67462,12.553,0.047
4167.80976,12.666,0.051
4172.72255,12.788,0.046
4173.63035,12.839,0.044
4174.74245,12.48,0.049
4175.63685,12.658,0.046
4176.81064,12.645,0.048
4177.76331,12.778,0.05
4179.74865,12.747,0.066
4180.63309,12.934,0.048
4181.77892,12.613,0.072
4182.66805,12.563,0.05
4183.84382,12.479,0.058
4184.66305,12.659,0.048
4186.82748,12.897,0.045
4187.79797,12.423,0.046
4189.68724,12.682,0.045
4190.53138,12.557,0.041
4191.6617,12.614,0.044
4192.57781,12.763,0.041
4193.69285,12.563,0.062
4194.6226,12.933,0.04
4196.72745,12.604,0.047
4197.61244,12.696,0.044
4198.76066,12.511,0.062
4199.67213,12.527,0.051
4202.53473,12.719,0.056
4202.7301,12.661,0.064
4204.64585,12.529,0.044
4204.7517,12.89,0.045
4207.67772,12.582,0.049
4208.6396,12.827,0.055
4213.56741,12.593,0.049
4216.61238,12.906,0.042
4216.61881,12.608,0.047
4226.59756,12.885,0.059
4228.61016,12.589,0.043
4228.61628,12.653,0.059
4230.61905,12.983,0.061
4232.60965,12.592,0.042
4232.6158,12.654,0.064
4234.61263,12.731,0.041
4234.62174,12.761,0.065
4238.64153,12.728,0.049
4238.66237,12.632,0.05
4245.54978,12.752,0.05
4247.56906,12.617,0.042
4247.57946,12.703,0.052
4250.6059,12.59,0.043
4250.63086,12.727,0.044
4254.58749,12.641,0.053
4254.6089,12.543,0.053
4257.53483,12.639,0.048
4257.53673,12.682,0.055
4259.55568,12.823,0.049
4259.55757,12.795,0.063
4267.50142,12.651,0.046
4267.5045,12.535,0.043
4269.53242,12.603,0.041
4269.53549,12.577,0.044
4274.55885,12.6,0.048
4277.57036,12.718,0.049
4278.50084,12.565,0.048
4282.50293,12.604,0.058
4282.50593,12.682,0.047
4284.52806,12.731,0.048
4284.53104,12.803,0.045
4286.52206,12.736,0.046
4286.52504,12.619,0.045
4291.4691,13.189,0.049
4291.47203,13.101,0.046
4293.48139,12.582,0.042
4293.4843,12.591,0.044
4295.4846,12.685,0.043
4297.48808,12.669,0.046
4297.49097,12.682,0.063
4299.47766,12.665,0.043
4299.48436,12.601,0.067
4301.48405,12.653,0.06
4301.48689,12.642,0.046
4305.48927,12.796,0.047
4308.49385,12.716,0.06
4315.4645,12.59,0.05
4319.46539,12.633,0.044
4349.91257,12.643,0.064
4358.90357,12.716,0.045
4364.89696,13.106,0.047
4373.8909,12.571,0.059
4377.88151,12.638,0.055
4380.88668,12.587,0.062
4381.8835,12.635,0.047
4385.87285,12.629,0.048
4385.88336,12.614,0.05
4391.87056,12.601,0.06
4403.86732,12.484,0.052
4408.82194,12.631,0.055
4408.85982,12.598,0.058
4412.84795,12.6,0.057
4422.81181,12.598,0.051
4422.84587,12.641,0.052
4426.84118,12.746,0.056
4427.8475,12.521,0.047
4430.78767,12.556,0.044
4431.81432,12.648,0.044
4433.8006,12.714,0.045
4436.82258,13.237,0.051
4437.84589,12.528,0.047
4439.82444,12.749,0.054
4441.79876,12.596,0.052
4443.78999,13.312,0.047
4453.77642,12.581,0.06
4453.80164,12.604,0.055
4456.78479,12.647,0.056
4456.84743,12.644,0.043
4459.77481,13.069,0.046
4459.82562,12.491,0.051
4462.76288,12.626,0.049
4462.80542,12.638,0.045
4465.76691,12.695,0.056
4465.79273,12.768,0.053
4468.75614,12.94,0.048
4471.81616,12.758,0.047
4474.81066,12.665,0.045
4476.77597,12.765,0.061
4478.69102,12.602,0.074
4479.75973,13.008,0.054
4482.78582,12.683,0.048
4485.71577,12.512,0.052
4485.82056,12.545,0.046
4487.76798,12.845,0.045
4488.73328,12.554,0.058
4490.68408,13.236,0.044
4490.79475,12.588,0.044
4492.74819,12.692,0.051
4492.83547,12.645,0.047
4494.74858,12.65,0.042
4498.72965,12.733,0.046
4498.84862,12.672,0.049
4500.83016,13.201,0.058
4501.69331,12.7,0.052
4503.65701,12.573,0.045
4503.79,12.756,0.046
4505.76176,12.539,0.049
4508.64921,13.115,0.05
4508.76141,12.684,0.044
4510.70265,12.792,0.046
4511.67598,12.574,0.046
4512.72644,12.736,0.043
4515.67042,13.112,0.058
4516.63978,12.589,0.045
4517.73096,12.631,0.044
4518.69909,12.754,0.041
4519.75838,12.608,0.046
4520.72266,12.62,0.053
4521.7976,12.615,0.054
4522.71325,13.09,0.047
4524.63632,12.543,0.048
4524.7484,12.538,0.044
4526.68853,12.562,0.043
4526.77429,12.547,0.054
4528.7421,12.689,0.044
4529.58655,12.581,0.049
4530.84167,12.696,0.059
4531.66503,12.443,0.042
4535.58899,12.644,0.042
4536.69797,12.691,0.045
4537.63741,12.565,0.042
4538.74048,12.619,0.05
4539.6355,12.571,0.048
4540.79628,12.619,0.046
4541.63995,12.433,0.054
4542.68858,12.55,0.051
4543.65264,12.691,0.044
4545.68012,12.504,0.049
4546.72186,12.629,0.057
4547.70438,13.098,0.045
4548.7286,12.626,0.047
4550.59524,12.699,0.058
4551.66209,12.874,0.047
4552.68411,12.571,0.047
4553.69526,12.687,0.046
4554.71561,13.206,0.046
4555.71058,12.529,0.045
4557.76224,12.721,0.046
4559.5629,12.617,0.047
4560.58462,12.633,0.044
4561.62448,12.703,0.045
4562.63291,12.613,0.046
4563.65393,12.68,0.043
4564.71648,12.565,0.047
4565.70305,13.058,0.043
4567.69311,12.813,0.045
4568.75115,12.862,0.067
4569.68988,12.56,0.05
4571.52668,12.673,0.049
4571.68823,12.59,0.04
4573.56903,12.589,0.044
4573.68797,12.584,0.041
4575.60523,12.521,0.045
4575.70359,12.609,0.077
4579.68388,13.099,0.049
4582.60812,12.686,0.046
4582.68429,12.63,0.05
4585.62875,12.656,0.045
4586.53185,12.602,0.044
4587.67328,12.485,0.049
4588.60953,12.779,0.049
4589.71786,12.506,0.049
4590.61859,12.827,0.051
4591.71904,12.592,0.043
4592.6353,12.551,0.048
4594.55544,13.057,0.044
4594.65119,12.79,0.046
4596.55977,12.518,0.045
4596.65483,12.511,0.046
4599.51388,12.668,0.048
4601.56111,13.019,0.047
4602.59438,13.158,0.049
4603.60999,12.669,0.045
4606.60138,12.564,0.054
4607.61226,12.562,0.048
4608.60482,12.964,0.049
4610.53147,12.549,0.048
4611.55663,12.65,0.046
4616.50548,12.795,0.045
4616.58353,12.593,0.044
4618.55305,12.638,0.046
4618.6025,12.531,0.044
4622.55221,12.641,0.047
4622.59306,12.578,0.046
4626.61911,13.152,0.046
4627.51995,12.625,0.047
4629.52884,12.675,0.043
4630.59917,12.64,0.048
4631.57468,12.611,0.046
4633.52418,12.542,0.045
4639.51213,12.695,0.056
4639.51523,12.634,0.054
4641.56685,12.654,0.053
4642.50196,12.619,0.058
4643.57023,12.558,0.063
4644.51013,12.897,0.062
4646.51324,12.571,0.055
4648.50711,12.672,0.055
4649.49401,12.439,0.076
4651.50201,12.692,0.054
4652.48732,12.687,0.068
4653.50724,12.544,0.052
4654.49113,12.576,0.057
4655.49989,12.853,0.07
4656.50022,12.639,0.066
4659.50059,12.58,0.043
4661.46148,12.533,0.071
4662.50156,12.912,0.08
4665.46306,12.906,0.06
4666.47001,12.823,0.052
4670.47023,12.693,0.046
4674.4708,12.525,0.062
4681.47624,12.664,0.072
4684.46868,12.686,0.052
4722.9017,12.492,0.048
4728.90139,13.196,0.045
4746.87721,13.177,0.051
4746.88264,12.949,0.064
4753.87828,12.843,0.044
4755.8648,12.708,0.055
4758.86883,12.595,0.048
4762.86426,12.547,0.045
4763.84334,12.683,0.045
4767.83883,12.581,0.042
4767.85747,12.565,0.043
4771.82764,13.062,0.047
4771.84814,12.977,0.044
4775.82092,12.888,0.047
4775.83934,12.871,0.047
4778.84778,12.809,0.043
4779.83363,12.595,0.049
4783.84458,12.596,0.055
4784.82952,12.685,0.044
4787.81789,12.667,0.054
4792.81358,12.6,0.048
4794.82428,12.741,0.053
4796.83865,12.996,0.053
4798.79727,12.563,0.046
4800.78896,12.831,0.061
4801.83685,12.581,0.046
4804.8191,12.587,0.052
4805.77942,12.593,0.06
4807.82649,12.89,0.046
4808.82995,12.537,0.05
4812.80946,12.501,0.052
4813.80993,12.767,0.048
4815.8017,12.61,0.053
4816.81627,12.48,0.046
4819.80043,12.752,0.059
4820.77805,12.658,0.05
4822.78313,12.528,0.054
4823.80438,12.574,0.049
4825.7745,13.02,0.049
4826.83056,12.549,0.045
4828.76285,12.804,0.051
4829.792,12.637,0.045
4831.76428,12.588,0.058
4834.75518,12.594,0.045
4837.73339,12.652,0.056
4843.72214,13.104,0.045
4844.83972,12.445,0.043
4846.7645,12.608,0.046
4847.75423,12.586,0.044
4850.73689,13.006,0.045
4852.69645,12.447,0.047
4853.75707,12.7,0.045
4855.73748,12.551,0.054
4856.78737,12.599,0.041
4858.69055,12.651,0.053
4860.73224,12.705,0.043
4861.74092,12.863,0.055
4862.81598,12.518,0.05
4865.74392,13.083,0.044
4867.73289,12.671,0.056
4868.71608,13.114,0.046
4870.66557,12.591,0.067
4870.78485,12.588,0.044
4872.71848,12.535,0.048
4876.72728,12.565,0.044
4877.72819,12.711,0.046
4879.72821,12.792,0.048
4882.65691,12.623,0.052
4883.62114,12.878,0.042
4884.74754,12.583,0.06
4886.66758,13.061,0.067
4888.75143,12.724,0.052
4891.65002,12.553,0.061
4892.64071,12.459,0.056
4894.68719,12.679,0.064
4902.67977,12.591,0.054
4902.6995,12.708,0.074
4905.66093,12.621,0.054
4905.67448,12.62,0.055
4907.71823,12.891,0.052
4914.59984,12.545,0.061
4914.62473,12.715,0.05
4916.64498,12.403,0.053
4916.66604,12.582,0.051
4918.77162,13.047,0.053
4918.78162,12.716,0.056
4921.56581,12.62,0.05
4921.57729,12.671,0.051
4926.56237,12.82,0.074
4926.59942,12.648,0.056
4929.66425,12.906,0.058
4934.56014,12.804,0.057
4936.57182,12.621,0.053
4936.61494,12.864,0.052
4938.62279,12.679,0.058
4940.71409,12.635,0.063
4945.69314,12.619,0.063
4945.70372,12.684,0.056
4952.67282,12.677,0.057
4952.67602,12.572,0.053
4954.61944,13.127,0.063
4954.62867,12.847,0.055
4959.56561,12.621,0.058
4961.6135,12.654,0.054
4966.61004,12.648,0.072
4968.66292,12.744,0.053
4969.58443,12.663,0.053
4991.5585,12.701,0.057
5013.51771,12.505,0.063
5013.5208,12.639,0.062
5024.51354,12.646,0.058
5031.49615,12.533,0.064
5032.46653,12.849,0.057
5037.46766,13.1,0.065
5037.47056,13.056,0.061
5039.48775,12.584,0.055
5086.90823,12.694,0.057
5124.86721,13.079,0.053
5125.87393,12.622,0.053
5140.84648,12.566,0.056
5145.85533,12.682,0.051
5147.84879,12.529,0.053
5158.81819,12.61,0.059
5161.84875,12.849,0.056
5163.83599,12.62,0.058
5165.80899,12.602,0.058
