1869.81122,13.193,0.061
1871.80694,13.199,0.075
1873.80631,13.257,0.067
1875.79896,13.042,0.073
1877.79085,13.104,0.056
1879.78925,13.278,0.054
1881.77753,13.167,0.05
1885.74457,13.045,0.045
1886.85825,12.959,0.037
1888.78292,13.015,0.054
1899.80798,12.669,0.037
1902.76112,12.791,0.039
1903.86727,12.68,0.04
1904.83811,12.714,0.037
1904.86195,12.736,0.04
1906.73393,12.679,0.048
1907.79152,12.617,0.034
1913.76705,12.491,0.036
1914.7758,12.534,0.046
1919.71795,12.62,0.046
1920.7546,12.764,0.037
1921.7725,12.773,0.035
1922.7593,12.791,0.038
1924.74687,12.82,0.04
1925.75221,12.925,0.049
1926.75328,13.065,0.042
1928.74393,13.04,0.035
1929.73721,13.044,0.039
1930.7376,13.131,0.036
1931.73238,13.137,0.04
1932.73005,13.22,0.034
1933.74873,13.196,0.036
1934.72685,13.358,0.038
1935.64257,13.302,0.035
1935.77243,13.26,0.037
1936.77417,13.264,0.039
1938.67769,13.254,0.038
1939.74704,13.221,0.038
1940.7677,13.222,0.038
1946.7425,13.243,0.038
1948.67585,13.408,0.041
1949.70469,13.185,0.053
1950.68905,13.269,0.062
1953.68667,13.11,0.041
1954.68884,13.419,0.046
1955.69062,13.146,0.043
1958.663,13.217,0.044
1958.67029,13.43,0.041
1961.62889,13.462,0.042
1962.69136,13.551,0.048
1963.66834,13.418,0.044
1964.66488,13.443,0.043
1965.66027,13.367,0.039
1966.66701,13.664,0.045
1984.62157,13.477,0.052
1996.59439,13.465,0.066
2000.58694,13.189,0.072
2011.54927,12.952,0.076
2016.54494,12.771,0.069
2025.50589,12.722,0.05
2027.50705,12.668,0.05
2030.5099,12.787,0.061
2032.50888,12.807,0.055
2034.49836,12.877,0.051
2034.50078,12.887,0.055
2038.4753,12.866,0.057
2038.48445,12.643,0.058
2052.45442,13.138,0.047
2054.53323,12.874,0.076
2056.52382,12.977,0.046
2058.50461,13.157,0.064
2067.48535,13.089,0.063
2070.46286,13.218,0.053
2080.50095,13.763,0.055
2080.51973,13.645,0.058
2085.45845,13.656,0.041
2088.4649,13.624,0.039
2190.8779,13.42,0.052
2193.86971,13.523,0.058
2198.88207,13.365,0.053
2201.8595,13.161,0.052
2206.851,13.257,0.048
2212.85221,13.227,0.054
2215.82993,13.267,0.054
2222.80239,13.22,0.052
2225.80999,13.06,0.055
2227.81458,13.023,0.054
2229.81472,12.878,0.054
2232.81778,12.732,0.051
2234.80508,12.668,0.051
2236.81195,12.625,0.051
2239.81175,12.686,0.052
2241.79634,12.73,0.056
2247.81104,12.888,0.062
2249.78317,12.697,0.057
2251.78203,12.479,0.059
2254.84568,12.614,0.063
2256.7901,12.746,0.067
2258.78572,12.56,0.061
2260.81693,12.857,0.068
2262.78158,12.624,0.072
2264.78041,12.92,0.068
2442.46236,12.876,0.049
2444.50199,12.782,0.044
2464.47672,12.533,0.056
2558.87078,12.886,0.037
2562.86249,12.837,0.064
2564.88056,12.768,0.04
2655.81743,14.153,0.034
2670.79197,13.409,0.039
2672.75759,13.398,0.035
2674.74994,13.266,0.033
2676.73182,13.034,0.033
2678.7229,12.968,0.026
2680.7159,12.757,0.033
2685.8312,12.713,0.044
2689.70957,12.672,0.036
2695.69419,12.685,0.037
2697.70047,12.706,0.037
2699.6957,12.631,0.037
2701.69374,12.731,0.037
2703.68962,12.739,0.033
2705.68196,12.776,0.04
2707.6784,12.754,0.034
2710.64707,12.85,0.033
2711.82359,12.914,0.035
2712.60532,13.042,0.036
2713.71431,12.853,0.031
2717.66633,13.408,0.033
2721.68538,13.325,0.033
2722.80311,13.414,0.042
2724.68821,13.633,0.041
2726.67276,13.691,0.029
2728.6594,13.532,0.033
2730.6531,13.948,0.033
2732.76258,13.98,0.039
2782.59607,13.483,0.04
2784.56968,13.402,0.04
2786.56499,13.316,0.043
2789.56088,13.464,0.037
2791.59878,13.399,0.034
2794.53625,13.384,0.06
2809.51654,13.104,0.038
2811.51987,13.075,0.033
2813.51811,12.994,0.036
2819.47907,12.871,0.037
2821.5357,12.927,0.035
2826.50332,12.843,0.036
2830.49584,12.983,0.039
2832.49778,13.197,0.035
2834.49897,13.208,0.034
2841.47943,13.471,0.035
2923.88296,12.892,0.036
2927.87224,12.825,0.033
2931.87119,12.879,0.031
2946.83656,12.606,0.033
2947.85246,12.628,0.042
2949.85781,12.842,0.034
2954.84067,12.945,0.039
2957.845,12.88,0.032
2961.82916,12.915,0.034
2965.81488,13.092,0.033
2973.82218,13.855,0.033
2976.78798,13.679,0.034
2979.79435,13.66,0.034
2982.82746,13.519,0.034
2994.81384,13.933,0.036
3001.79357,13.765,0.034
3005.74529,13.569,0.033
3007.80859,13.676,0.036
3013.76454,13.249,0.032
3016.82202,13.105,0.031
3019.74457,12.806,0.032
3023.82171,12.751,0.034
3028.78548,12.861,0.036
3031.71696,12.671,0.034
3033.76228,12.648,0.032
3036.70959,12.736,0.04
3040.83341,12.557,0.03
3043.70441,12.69,0.036
3045.74262,12.779,0.035
3051.6878,12.987,0.039
3053.76973,13.062,0.041
3056.65245,13.086,0.033
3060.73297,13.032,0.034
3068.66642,13.004,0.031
3070.69498,13.122,0.033
3071.71106,13.083,0.037
3074.7631,12.909,0.034
3076.79252,13.224,0.032
3078.84,13.036,0.031
3081.587,13.183,0.032
3085.62527,13.246,0.035
3087.62574,13.469,0.037
3091.64208,13.373,0.03
3098.63002,13.521,0.034
3101.69243,13.621,0.034
3103.69163,13.62,0.031
3107.67655,13.74,0.032
3109.67906,13.67,0.033
3112.51044,13.892,0.033
3121.59316,13.368,0.032
3125.56875,13.484,0.039
3125.61954,13.528,0.043
3131.67501,13.2,0.035
3142.54748,13.073,0.03
3145.58017,13.032,0.03
3153.55016,12.83,0.032
3159.49301,12.819,0.034
3162.53914,13.083,0.035
3164.55834,13.105,0.032
3167.56157,13.215,0.032
3171.51237,13.051,0.032
3175.5161,12.894,0.03
3177.53006,12.901,0.032
3182.51138,12.554,0.036
3186.50488,12.511,0.035
3187.50631,12.398,0.035
3356.78894,13.681,0.05
3363.82763,13.49,0.051
3380.83646,13.607,0.038
3385.74758,13.463,0.083
3387.8022,13.404,0.068
3390.73858,13.36,0.068
3393.78402,13.441,0.058
3396.71584,13.393,0.059
3398.78842,13.504,0.07
3400.78378,13.29,0.044
3403.7736,13.186,0.058
3405.80284,12.941,0.089
3408.68583,12.756,0.077
3410.77499,12.833,0.057
3412.84135,12.532,0.086
3415.66693,12.473,0.069
3417.71734,12.448,0.078
3419.71438,12.297,0.095
3425.73272,12.402,0.085
3427.76463,12.424,0.053
3431.73028,12.469,0.081
3436.7638,12.483,0.043
3439.7397,12.404,0.05
3443.60977,12.729,0.086
3445.6448,12.876,0.092
3449.66176,12.88,0.086
3452.61607,13.134,0.044
3454.68842,13.31,0.078
3455.81372,13.114,0.038
3457.73488,13.365,0.056
3459.72943,13.471,0.034
3461.77132,13.442,0.048
3464.55346,13.483,0.037
3466.59204,13.549,0.069
3469.59607,13.693,0.049
3471.60208,13.687,0.038
3473.60599,13.7,0.043
3475.72224,13.812,0.049
3477.67072,13.867,0.036
3481.64626,13.568,0.058
3483.66296,14.214,0.06
3490.65904,13.917,0.04
3492.65695,13.849,0.09
3496.66039,13.958,0.039
3499.66508,13.907,0.039
3502.50642,13.696,0.072
3504.54252,13.733,0.082
3509.5379,13.407,0.043
3511.64139,13.549,0.036
3515.64165,13.192,0.037
3517.63408,13.171,0.039
3521.5803,13.057,0.08
3523.58425,13.1,0.069
3525.60628,12.905,0.048
3530.49481,12.665,0.046
3538.54146,12.485,0.034
3542.49662,12.414,0.048
3556.50925,12.628,0.034
3560.4868,12.829,0.042
3562.48828,12.714,0.039
3564.48211,12.955,0.037
3570.48713,12.802,0.036
3665.86855,12.67,0.064
3672.85894,12.585,0.05
3700.81691,13.124,0.051
3704.80234,13.126,0.072
3708.80722,13.474,0.062
3716.83217,13.882,0.052
3720.78196,13.657,0.089
3724.79207,13.764,0.04
3731.81218,14.219,0.08
3734.81483,13.742,0.058
3737.78933,14.063,0.078
3740.77692,13.651,0.074
3752.77173,13.784,0.077
3755.7388,13.422,0.073
3757.8237,13.388,0.042
3760.71922,13.21,0.063
3762.81471,13.43,0.094
3768.69503,12.889,0.09
3770.81079,12.936,0.083
3773.69084,12.952,0.062
3775.73968,12.688,0.038
3780.66606,12.865,0.052
3783.71897,12.78,0.075
3787.7208,12.71,0.051
3789.77127,12.921,0.087
3792.68001,12.881,0.058
3794.72939,12.9,0.054
3796.84456,13.012,0.043
3799.62772,13.42,0.067
3801.66895,13.163,0.076
3803.83926,13.546,0.056
3805.77325,13.454,0.042
3808.73128,13.887,0.076
3810.79848,13.409,0.046
3813.58063,13.657,0.037
3817.65688,13.641,0.051
3819.67314,13.72,0.088
3821.73962,13.914,0.072
3823.77423,13.71,0.083
3826.53965,13.775,0.054
3828.59759,13.694,0.086
3830.65003,14.003,0.056
3832.65022,13.983,0.07
3834.64364,14.081,0.076
3850.59823,14.314,0.09
3852.59063,14.379,0.064
3854.60207,14.2,0.042
3856.66003,13.978,0.049
3861.57525,13.678,0.072
3863.57448,13.571,0.057
3865.58091,13.337,0.06
3867.62408,13.433,0.063
3869.62022,13.15,0.066
3871.61384,13.265,0.083
3875.60201,13.21,0.051
3877.65233,13.232,0.051
3881.55866,13.229,0.036
3883.62002,13.251,0.039
3887.57972,13.219,0.038
3891.56351,13.15,0.041
3893.57309,13.188,0.041
3897.54002,13.212,0.037
3899.56694,13.24,0.043
3901.58591,13.231,0.042
3904.49902,13.183,0.051
3906.51591,13.159,0.06
3908.52374,13.174,0.069
4090.78615,13.48,0.079
4104.73421,12.622,0.047
4107.75806,12.77,0.038
4111.8304,12.887,0.049
4125.73389,13.107,0.048
4127.79788,13.325,0.06
4130.70639,13.332,0.04
4132.75679,13.163,0.076
4134.78909,13.575,0.074
4136.8072,13.404,0.065
4139.6948,13.532,0.039
4141.73063,13.503,0.068
4143.73546,13.603,0.071
4145.81404,13.525,0.044
4149.68694,13.65,0.036
4151.73393,13.595,0.036
4157.81451,13.826,0.071
4160.62717,13.773,0.042
4162.66859,13.763,0.05
4164.69331,13.985,0.079
4166.86504,13.834,0.065
4174.55952,14.3,0.063
4176.63908,14.021,0.041
4183.71301,13.843,0.076
4185.70841,13.76,0.052
4189.62181,13.884,0.034
4191.64688,13.806,0.049
4193.67525,13.681,0.05
4204.64329,13.1,0.056
4207.67584,12.986,0.052
4213.62949,12.419,0.056
4216.63788,12.3,0.053
4228.6681,12.715,0.043
4230.66642,13.022,0.049
4232.6656,13.072,0.045
4234.66323,13.079,0.055
4237.53208,13.058,0.04
4245.59138,13.527,0.053
4253.51399,13.501,0.045
4255.59181,13.629,0.039
4257.58015,13.894,0.04
4259.59912,13.552,0.045
4267.53524,13.637,0.036
4269.56734,13.754,0.039
4289.49371,14.046,0.041
4291.51692,13.993,0.044
4294.46475,13.898,0.038
4296.47433,14.027,0.045
4299.46272,13.946,0.036
4301.46907,13.793,0.042
4305.47345,13.695,0.043
4409.85052,13.592,0.04
4423.81936,13.547,0.057
4428.81861,13.739,0.038
4431.83696,13.416,0.038
4435.80848,13.124,0.041
4439.79538,12.681,0.039
4443.79653,12.594,0.04
4453.81893,12.513,0.049
4457.7824,12.578,0.05
4460.83014,12.852,0.039
4463.79391,12.784,0.043
4466.81269,12.953,0.064
4469.78525,13.142,0.053
4473.77799,13.079,0.056
4476.84064,13.34,0.045
4479.76508,13.47,0.04
4482.7845,13.591,0.053
4488.72854,13.612,0.044
4490.78176,14.074,0.051
4492.83346,14.116,0.049
4498.83194,13.81,0.038
4501.7054,13.729,0.037
4503.81831,14.003,0.046
4506.68238,13.908,0.051
4508.76019,13.915,0.063
4511.66886,13.993,0.053
4515.67562,13.825,0.037
4517.73631,13.547,0.044
4519.76358,13.816,0.071
4521.80203,13.823,0.047
4524.62852,13.641,0.04
4526.67756,14.052,0.063
4528.73234,13.684,0.056
4530.83442,13.424,0.05
4536.69624,13.442,0.037
4538.73869,13.4,0.066
4540.79534,13.279,0.058
4542.6868,13.36,0.066
4546.71745,13.333,0.061
4548.72746,13.746,0.053
4551.66,13.619,0.063
4553.69396,13.522,0.056
4555.70907,13.472,0.039
4557.76086,13.496,0.045
4560.58226,13.144,0.038
4562.6304,12.997,0.041
4564.71473,12.966,0.045
4566.72359,13.043,0.065
4568.73116,12.861,0.044
4571.52388,12.849,0.039
4573.56603,12.917,0.052
4575.60246,12.982,0.061
4579.60278,13.002,0.065
4582.6043,13.15,0.045
4585.62296,13.389,0.045
4587.66732,13.432,0.044
4589.70173,13.357,0.041
4594.58212,13.398,0.044
4596.58433,13.602,0.05
4602.60198,13.783,0.046
4606.60993,13.316,0.041
4608.61225,13.467,0.066
4611.55855,13.627,0.054
4616.55256,13.327,0.042
4618.57946,13.576,0.05
4622.57162,13.492,0.042
4627.51676,13.524,0.039
4629.52557,13.769,0.064
4631.56805,13.54,0.04
4639.55212,13.54,0.037
4642.51188,13.391,0.052
4644.52006,13.504,0.056
4646.52049,13.352,0.054
4652.49134,13.173,0.056
4654.49223,13.403,0.042
4656.50206,13.489,0.075
4672.46765,13.293,0.066
4761.87061,13.614,0.04
4772.84724,13.46,0.04
4776.84343,13.526,0.051
4780.82906,13.594,0.054
4784.84532,13.254,0.035
4792.82663,13.377,0.047
4796.85759,13.527,0.052
4800.81341,13.401,0.043
4804.84688,13.47,0.038
4808.79756,13.376,0.04
4813.81779,13.141,0.038
4816.82352,12.902,0.039
4820.78529,12.833,0.044
4823.8026,12.83,0.049
4826.84072,12.949,0.06
4829.82213,12.981,0.065
4835.77557,13.018,0.053
4838.7632,12.987,0.072
4844.8384,12.969,0.038
4850.73554,13.09,0.041
4853.75579,13.073,0.054
4856.7825,13.216,0.063
4860.71913,13.162,0.054
4862.80613,13.274,0.064
4865.72712,13.27,0.052
4868.70202,13.301,0.055
4870.77679,13.621,0.073
4876.71913,13.4,0.072
4879.71841,13.451,0.061
4882.64746,13.785,0.056
4884.73971,13.746,0.042
4898.7564,13.533,0.083
4902.75892,13.757,0.047
4905.70377,13.485,0.049
4907.79944,13.468,0.076
4914.66191,13.54,0.054
4921.58246,13.401,0.041
4929.68779,12.889,0.067
4936.62939,12.913,0.079
4946.59504,12.984,0.077
4948.63903,12.907,0.056
4959.64371,12.652,0.045
4962.55977,12.608,0.063
4967.59218,12.67,0.047
4969.61347,12.599,0.054
4975.61638,12.659,0.052
4991.58336,13.025,0.045
5006.5231,13.418,0.051
5013.52165,13.225,0.053
5025.48051,13.469,0.045
5032.47002,13.585,0.054
5037.47357,13.571,0.05
5148.85352,13.892,0.046
5159.83305,13.547,0.065
5163.85204,13.94,0.056
5167.84829,13.817,0.06
