1868.84051,11.974,0.043
1870.78494,12.083,0.045
1876.77232,12.165,0.04
1878.76924,12.179,0.037
1884.78325,12.274,0.036
1886.75258,12.346,0.037
1886.86608,12.543,0.053
1888.73989,12.404,0.042
1888.79259,12.325,0.058
1889.81876,12.361,0.036
1899.78364,12.491,0.036
1900.85703,12.459,0.034
1902.7725,12.562,0.051
1903.69251,12.568,0.044
1904.82931,12.519,0.037
1906.75004,12.561,0.055
1906.8437,12.562,0.034
1907.78468,12.577,0.035
1913.75359,12.578,0.033
1913.78706,12.653,0.051
1914.76238,12.639,0.034
1919.68783,12.639,0.039
1920.74776,12.671,0.036
1920.82996,12.585,0.051
1921.74904,12.548,0.038
1921.79722,12.519,0.053
1922.74568,12.567,0.037
1922.78919,12.468,0.05
1924.73994,12.44,0.035
1924.76913,12.377,0.053
1925.74077,12.498,0.044
1925.76964,12.619,0.059
1926.73504,12.448,0.043
1926.76617,12.472,0.051
1928.73911,12.305,0.034
1928.77024,12.28,0.053
1929.7329,12.348,0.038
1929.75736,12.355,0.051
1930.72828,12.237,0.034
1930.76645,12.251,0.05
1931.72527,12.335,0.04
1931.77097,12.257,0.05
1932.72067,12.214,0.036
1932.7588,12.189,0.049
1933.72086,12.198,0.035
1933.79865,12.216,0.049
1934.71747,12.193,0.035
1936.68849,12.067,0.037
1936.7174,12.107,0.05
1937.75622,12.031,0.038
1938.69386,12.05,0.05
1938.77089,12.046,0.036
1940.65202,11.936,0.036
1940.67312,12.002,0.051
1945.72281,11.917,0.037
1945.76881,11.858,0.05
1946.73143,11.824,0.038
1947.67585,11.963,0.051
1948.64823,11.904,0.038
1948.7205,11.963,0.052
1949.69522,11.978,0.049
1949.74763,11.921,0.049
1950.68406,11.855,0.052
1950.70635,11.915,0.051
1953.67945,11.876,0.04
1953.71085,11.911,0.053
1954.67832,11.924,0.042
1954.71292,11.892,0.047
1955.67217,11.873,0.038
1955.70357,11.83,0.048
1958.65635,11.876,0.044
1958.69227,11.953,0.055
1961.66532,11.875,0.051
1962.71117,11.928,0.057
1963.64878,11.964,0.045
1963.69263,11.887,0.055
1964.65774,11.996,0.043
1964.68925,11.957,0.054
1965.64637,11.909,0.045
1965.68235,11.947,0.053
1966.65094,11.988,0.044
1966.68242,11.948,0.056
1967.64554,11.976,0.046
1967.67927,11.876,0.056
1968.64749,12.025,0.049
1968.67674,11.974,0.057
1970.69967,12.058,0.055
1971.70893,12.143,0.049
1977.62082,12.149,0.054
1978.64432,12.124,0.053
1979.62787,12.138,0.056
1980.62466,12.117,0.055
1982.61639,12.138,0.048
1982.64797,12.066,0.058
1984.60582,12.154,0.054
1985.60945,12.149,0.054
2030.50712,12.347,0.048
2054.48492,12.292,0.049
2062.50726,12.163,0.048
2067.48198,12.073,0.045
2083.48336,11.96,0.043
2105.47419,12.116,0.041
2194.86296,11.487,0.038
2199.85779,11.449,0.04
2201.85116,11.505,0.054
2212.82745,11.909,0.046
2214.81941,12.014,0.043
2216.81617,12.067,0.044
2221.83733,12.227,0.052
2224.83225,12.279,0.042
2226.8026,12.345,0.045
2228.79489,12.402,0.047
2230.79601,12.395,0.046
2233.76617,12.611,0.044
2235.78023,12.297,0.057
2237.77476,12.458,0.05
2240.75246,12.388,0.051
2242.76083,12.437,0.052
2244.76584,12.768,0.058
2248.72116,12.607,0.056
2249.78639,12.495,0.057
2251.75311,12.585,0.054
2255.77022,12.707,0.057
2440.50508,11.884,0.036
2442.50261,12.065,0.045
2443.50095,11.964,0.051
2444.50137,11.924,0.035
2445.50756,11.957,0.049
2453.47424,12.015,0.055
2453.51463,12.144,0.046
2456.4981,12.204,0.051
2464.45837,12.273,0.048
2465.46598,12.327,0.056
2467.46852,12.268,0.04
2468.46696,12.302,0.053
2470.46722,12.258,0.046
2483.47784,12.231,0.057
2489.50047,12.225,0.057
2497.4683,12.525,0.058
2565.85989,12.03,0.042
2578.85592,12.182,0.051
2622.72708,12.298,0.035
2622.75242,12.518,0.046
2624.78102,12.27,0.038
2624.80595,12.513,0.043
2627.81536,12.33,0.035
2627.83313,12.457,0.042
2630.79418,12.178,0.05
2630.82387,12.324,0.043
2634.81018,12.259,0.045
2634.83937,12.337,0.047
2636.84966,12.314,0.051
2637.79687,12.186,0.037
2640.80425,12.195,0.039
2642.75668,12.212,0.041
2643.79909,12.291,0.039
2645.74237,12.254,0.042
2646.75577,12.219,0.04
2647.76639,12.235,0.046
2650.73802,12.198,0.043
2650.74684,12.23,0.038
2652.76465,12.284,0.04
2655.7374,12.18,0.044
2655.76758,12.237,0.04
2658.75069,12.166,0.039
2658.7707,12.268,0.045
2662.76374,12.162,0.035
2662.77926,12.17,0.046
2664.74822,12.111,0.041
2664.77771,12.158,0.04
2666.75276,12.149,0.036
2670.76149,12.14,0.036
2670.81662,12.116,0.043
2672.75035,12.16,0.041
2672.78909,12.261,0.035
2674.73817,12.069,0.046
2674.77202,12.165,0.043
2676.72458,12.093,0.034
2676.75617,12.138,0.043
2678.70649,12.063,0.045
2678.73135,12.096,0.04
2680.70859,12.073,0.036
2680.74024,12.074,0.038
2684.66008,12.058,0.037
2684.6851,12.088,0.04
2685.82621,11.993,0.037
2686.72303,12.014,0.045
2688.72738,12.106,0.034
2689.69525,12.016,0.05
2690.732,12.103,0.048
2692.78875,12.086,0.048
2695.68452,11.985,0.043
2696.73006,12.041,0.038
2697.6908,11.985,0.043
2698.74104,11.974,0.041
2699.68609,12.069,0.041
2700.70787,12.07,0.039
2701.68416,12.117,0.043
2703.68005,12.122,0.043
2704.69664,12.093,0.041
2705.67243,12.104,0.044
2706.68264,12.182,0.04
2707.6688,12.079,0.049
2710.63094,12.245,0.038
2710.6494,12.205,0.042
2711.81949,12.245,0.05
2712.62589,12.216,0.04
2713.6875,12.368,0.036
2713.75056,12.328,0.047
2714.79026,12.343,0.038
2715.6976,12.35,0.041
2717.65953,12.289,0.047
2717.78693,12.351,0.044
2719.72938,12.331,0.041
2720.63494,12.406,0.043
2721.67873,12.393,0.047
2722.79651,12.363,0.036
2723.68562,12.554,0.041
2724.68166,12.408,0.04
2725.82293,12.348,0.039
2726.70138,12.447,0.046
2727.69958,12.397,0.036
2728.68078,12.442,0.056
2729.84182,12.459,0.055
2731.79536,12.402,0.037
2732.75385,12.547,0.054
2734.55813,12.462,0.044
2734.61483,12.797,0.045
2736.56347,12.445,0.038
2736.60488,12.47,0.042
2737.75064,12.419,0.036
2737.80174,12.869,0.047
2739.68291,12.602,0.038
2739.69921,12.483,0.046
2741.63868,12.433,0.035
2741.65744,12.577,0.044
2742.78399,12.59,0.051
2744.63139,12.446,0.038
2744.64772,12.513,0.043
2747.68201,12.403,0.04
2747.71966,12.448,0.045
2750.72406,12.417,0.036
2750.75715,12.374,0.045
2752.63823,12.434,0.034
2752.65534,12.415,0.045
2754.73168,12.41,0.036
2754.75213,12.413,0.047
2756.68923,12.376,0.035
2756.70376,12.301,0.049
2760.6275,12.437,0.047
2760.68211,12.408,0.035
2764.59142,12.38,0.047
2766.63698,12.259,0.037
2770.61953,12.171,0.039
2775.64158,12.016,0.046
2775.64677,12.079,0.047
2784.60257,11.75,0.037
2786.5933,11.71,0.039
2786.5985,11.76,0.048
2790.46498,11.744,0.048
2790.4702,11.785,0.046
2792.501,11.738,0.038
2804.54167,11.944,0.042
2809.53939,11.755,0.036
2811.53784,11.747,0.033
2813.53634,11.767,0.035
2819.52172,11.773,0.037
2821.55749,11.781,0.036
2826.53626,11.79,0.035
2826.54499,11.834,0.045
2830.51741,11.818,0.035
2832.50474,11.815,0.034
2834.50599,11.813,0.035
2836.50601,11.777,0.033
2841.47128,11.949,0.035
2854.46945,12.021,0.035
2897.90094,12.173,0.037
2912.88123,12.293,0.036
2918.86675,12.403,0.047
2924.87877,12.296,0.048
2926.87803,12.125,0.037
2930.85308,12.057,0.035
2933.86475,12.001,0.038
2934.8676,11.891,0.045
2940.84011,11.866,0.037
2943.84496,11.783,0.034
2944.85187,11.828,0.053
2946.83231,11.816,0.033
2948.83161,11.844,0.047
2949.84501,11.84,0.034
2954.82325,11.92,0.037
2956.83332,11.964,0.044
2957.83235,12.02,0.042
2960.8461,11.913,0.044
2961.81174,11.957,0.039
2964.82207,11.95,0.055
2964.84484,11.995,0.042
2967.82704,12.024,0.036
2968.81544,12.067,0.044
2971.80348,12.089,0.035
2973.82808,12.081,0.045
2975.75251,12.138,0.034
2976.79382,12.115,0.043
2977.80079,11.997,0.041
2979.80007,12.175,0.043
2980.77928,12.158,0.035
2982.84161,12.154,0.048
2983.8028,12.17,0.037
2985.84279,12.207,0.044
2988.81809,12.206,0.043
2989.80668,12.227,0.038
2991.82645,12.188,0.044
2992.80208,12.124,0.052
2994.82171,12.275,0.044
2995.78703,12.174,0.04
2997.80999,12.311,0.051
2998.78556,12.176,0.035
3007.7939,12.217,0.033
3008.78371,12.384,0.045
3011.78356,12.309,0.046
3012.75788,12.331,0.043
3015.79237,12.321,0.049
3015.81025,12.299,0.037
3017.81983,12.454,0.033
3018.76172,12.318,0.047
3023.79049,12.428,0.044
3028.76213,12.271,0.033
3031.70634,12.405,0.036
3031.75356,12.45,0.043
3033.7522,12.368,0.044
3033.79213,12.388,0.046
3036.68185,12.42,0.037
3036.72716,12.436,0.056
3040.73698,12.317,0.038
3041.74367,12.56,0.047
3042.83164,12.396,0.038
3043.78747,12.465,0.048
3045.66277,12.355,0.034
3046.70931,12.463,0.046
3049.69709,12.472,0.043
3051.67245,12.424,0.036
3052.6834,12.541,0.049
3053.75119,12.321,0.041
3054.73378,12.349,0.045
3055.83997,12.362,0.037
3056.80733,12.528,0.047
3058.63358,12.393,0.037
3059.66528,12.389,0.043
3060.68341,12.321,0.035
3064.83075,12.335,0.041
3068.57921,12.433,0.037
3068.719,12.5,0.045
3070.65523,12.358,0.036
3070.74476,12.338,0.046
3072.7341,12.354,0.037
3074.70369,12.345,0.037
3075.63395,12.362,0.044
3076.72899,12.311,0.036
3077.67465,12.556,0.047
3078.72242,12.335,0.038
3079.69146,12.473,0.058
3081.72099,12.409,0.045
3082.82111,12.376,0.034
3085.72147,12.439,0.047
3089.5536,12.294,0.039
3091.5991,12.424,0.039
3093.59447,12.358,0.035
3096.62453,12.297,0.042
3097.59602,12.335,0.036
3098.63727,12.342,0.045
3099.63587,12.272,0.036
3100.64589,12.387,0.046
3101.63773,12.2,0.037
3103.63668,12.209,0.035
3105.63048,12.222,0.037
3107.63796,12.175,0.035
3109.64311,12.169,0.035
3111.64204,12.095,0.035
3113.66658,12.119,0.036
3115.66049,12.024,0.036
3118.70329,12.035,0.035
3122.61468,11.981,0.037
3124.6257,12.005,0.035
3126.63761,12.004,0.037
3128.63586,11.979,0.037
3130.66992,11.918,0.036
3132.67578,12.02,0.038
3134.67827,11.918,0.035
3144.52719,11.94,0.034
3146.57746,11.956,0.034
3153.60137,12.05,0.036
3155.62498,12.053,0.039
3159.49887,12.093,0.038
3162.54286,12.09,0.034
3164.56214,12.001,0.036
3167.56918,11.989,0.034
3169.61081,12.038,0.035
3177.47112,12.014,0.037
3179.55841,11.964,0.035
3183.55863,12.054,0.036
3186.5202,12.103,0.036
3356.80595,11.974,0.037
3363.79178,11.927,0.039
3365.8268,12.245,0.048
3373.83351,11.838,0.039
3382.86335,11.712,0.046
3385.73554,11.643,0.042
3385.78071,11.756,0.041
3387.78546,12.016,0.039
3388.76509,11.728,0.045
3390.71279,11.671,0.035
3391.75592,11.713,0.038
3393.76414,11.649,0.04
3394.80631,11.67,0.044
3396.7049,11.735,0.039
3397.74641,11.731,0.045
3398.76795,11.726,0.037
3399.81045,11.74,0.042
3400.76981,11.734,0.04
3400.8196,11.782,0.045
3403.76244,11.777,0.046
3405.79766,11.836,0.036
3407.71478,11.822,0.055
3408.66712,11.826,0.04
3410.75011,11.942,0.041
3412.69371,11.883,0.048
3412.80547,11.873,0.037
3414.74713,11.911,0.047
3415.64559,11.875,0.039
3416.75596,11.877,0.05
3417.70611,11.978,0.04
3418.77693,11.934,0.054
3419.69616,11.915,0.043
3420.76878,11.983,0.047
3422.79482,11.903,0.058
3424.76501,11.951,0.048
3425.71963,12.099,0.039
3426.74533,11.986,0.047
3427.74904,12.045,0.04
3430.7758,12.086,0.047
3431.70006,12.072,0.038
3432.77799,12.02,0.052
3433.73224,12.107,0.036
3436.72051,12.123,0.036
3438.67259,12.155,0.048
3439.70259,12.129,0.033
3442.62673,12.106,0.054
3442.80823,12.058,0.035
3444.65878,12.287,0.05
3444.66159,12.137,0.053
3446.67009,12.135,0.036
3446.67341,12.045,0.049
3448.66705,12.149,0.045
3450.64732,12.085,0.037
3450.65594,12.106,0.049
3452.7699,12.108,0.037
3454.778,12.02,0.039
3456.77476,12.117,0.035
3458.79062,12.103,0.038
3460.80472,12.098,0.035
3463.52729,12.129,0.039
3463.57603,12.051,0.046
3465.58283,12.105,0.033
3465.61957,12.113,0.051
3467.75211,12.064,0.032
3468.61084,12.063,0.047
3470.50887,12.108,0.037
3470.63611,12.065,0.047
3472.55667,12.178,0.038
3472.62811,12.141,0.047
3474.59797,12.08,0.036
3474.65315,12.065,0.045
3476.6631,11.995,0.036
3478.65105,12.041,0.036
3480.64631,12.07,0.044
3480.6859,12.055,0.05
3482.65372,12.079,0.036
3484.69168,11.874,0.042
3489.60293,12.005,0.033
3489.61153,11.944,0.053
3491.60979,11.979,0.041
3495.6064,11.91,0.035
3495.61502,11.898,0.045
3497.64559,11.946,0.039
3502.67124,11.919,0.048
3506.53021,11.845,0.047
3509.56897,11.84,0.05
3509.59618,11.819,0.033
3511.66126,11.845,0.034
3522.47851,11.93,0.043
3526.5375,11.77,0.044
3528.54356,11.811,0.046
3530.54043,11.742,0.039
3538.5613,11.781,0.034
3538.56697,11.698,0.046
3542.51738,11.771,0.041
3544.57367,11.812,0.037
3556.52292,11.914,0.035
3560.49255,11.919,0.04
3562.49398,11.928,0.038
3564.48793,11.935,0.034
3574.49171,12.146,0.034
3653.86867,12.001,0.05
3657.85926,11.997,0.035
3661.85906,12.029,0.039
3665.85288,12.136,0.04
3671.82935,12.175,0.039
3673.85938,12.187,0.049
3675.82093,12.22,0.035
3701.82669,12.222,0.048
3705.81954,12.225,0.048
3706.78161,12.346,0.041
3713.76622,12.11,0.04
3713.80643,12.061,0.05
3716.80536,12.127,0.038
3717.79816,12.139,0.049
3719.80594,12.071,0.04
3720.8132,12.062,0.049
3724.80909,11.964,0.051
3726.79291,12.001,0.037
3727.81586,11.985,0.05
3730.80372,12.147,0.041
3731.8259,11.993,0.053
3733.81525,11.956,0.038
3734.83719,11.951,0.051
3736.79043,11.977,0.037
3737.80403,11.935,0.046
3739.77266,12.036,0.038
3740.80635,11.997,0.049
3742.76734,12.048,0.038
3743.84628,12.03,0.05
3745.75068,12.004,0.037
3746.78654,11.992,0.052
3748.73886,11.942,0.043
3749.77704,12.085,0.05
3751.72661,11.977,0.039
3752.78107,11.832,0.049
3754.72528,11.969,0.039
3755.75358,12.015,0.047
3756.78992,11.936,0.041
3758.7572,11.89,0.051
3759.70438,11.917,0.043
3761.75663,11.834,0.048
3762.69296,11.873,0.046
3764.74477,11.816,0.05
3765.6947,11.825,0.041
3767.73605,11.734,0.054
3768.6818,11.758,0.041
3770.71899,11.736,0.058
3770.80205,11.741,0.042
3773.67574,11.932,0.039
3773.7233,11.708,0.051
3775.72542,11.669,0.038
3775.85978,11.773,0.047
3780.65749,11.653,0.04
3780.69365,11.689,0.052
3783.70763,11.654,0.038
3783.74418,11.671,0.048
3787.74029,11.714,0.037
3788.72359,11.665,0.052
3789.78922,11.699,0.035
3791.66513,11.741,0.052
3792.66039,11.745,0.04
3793.71469,11.809,0.049
3794.71235,11.763,0.04
3795.77964,11.781,0.045
3796.8032,11.748,0.034
3798.64721,11.814,0.055
3799.60947,11.735,0.05
3800.69729,11.891,0.052
3801.65443,11.766,0.038
3803.83147,11.785,0.039
3804.77156,11.907,0.052
3805.73094,11.983,0.038
3808.72222,11.985,0.037
3810.60597,11.987,0.051
3810.79088,11.996,0.047
3812.66655,12.033,0.051
3813.57504,11.996,0.046
3814.66446,11.961,0.05
3815.62323,12.142,0.04
3816.69645,12.053,0.049
3817.65141,11.995,0.041
3818.72279,12.05,0.047
3819.66765,12.067,0.044
3820.77424,12.084,0.047
3821.73523,12.121,0.046
3823.76973,12.243,0.047
3825.57687,11.989,0.053
3826.52882,12.082,0.037
3827.63782,12.072,0.048
3828.58073,12.094,0.042
3829.67338,12.16,0.05
3830.64269,12.089,0.042
3831.67773,12.188,0.047
3832.64522,12.059,0.039
3833.63839,12.303,0.049
3834.63874,12.101,0.043
3835.6582,11.93,0.05
3836.66323,12.185,0.038
3848.58824,12.188,0.046
3848.60166,12.336,0.053
3850.6196,12.117,0.034
3850.62941,12.173,0.048
3852.62157,12.193,0.042
3852.63139,12.132,0.056
3854.62587,12.105,0.042
3854.64134,12.147,0.052
3856.69191,12.166,0.038
3856.70103,12.29,0.049
3861.58161,12.065,0.036
3861.58802,12.144,0.05
3863.57941,12.223,0.039
3865.5867,12.153,0.036
3865.59311,12.304,0.052
3867.62916,12.116,0.037
3869.62683,12.237,0.039
3869.63262,12.15,0.053
3871.61908,12.228,0.033
3871.62481,12.249,0.047
3875.6074,12.228,0.037
3877.66231,12.199,0.034
3883.51811,12.139,0.038
3887.46944,12.229,0.049
3887.51768,12.123,0.04
3889.52726,12.187,0.038
3891.51412,12.181,0.047
3891.52807,12.199,0.033
3893.55641,12.179,0.037
3896.63475,12.271,0.046
3897.52685,12.137,0.037
3899.56025,12.252,0.04
3901.57938,12.197,0.035
3903.60224,12.223,0.037
3906.47874,12.271,0.036
3908.49925,12.301,0.038
4090.77444,12.493,0.049
4090.79504,12.501,0.049
4103.81518,12.432,0.035
4104.7609,12.483,0.05
4106.75929,12.287,0.038
4107.7855,12.328,0.04
4109.81569,12.448,0.035
4111.84092,12.3,0.044
4125.71424,12.29,0.037
4126.73306,12.259,0.04
4127.76719,12.245,0.036
4128.79427,12.274,0.042
4129.75975,12.306,0.034
4131.73266,12.233,0.049
4131.82738,12.248,0.036
4133.78442,12.211,0.049
4134.69305,12.299,0.035
4136.71295,12.328,0.048
4136.7445,12.255,0.037
4140.76932,12.244,0.036
4140.78036,12.33,0.047
4142.80003,12.268,0.036
4142.85056,12.298,0.043
4145.66731,12.28,0.037
4145.69475,12.302,0.046
4147.71801,12.333,0.033
4147.74527,12.384,0.051
4150.81592,12.274,0.038
4151.63393,12.321,0.042
4153.62838,12.368,0.034
4153.72559,12.496,0.047
4155.68347,12.299,0.041
4157.74579,12.349,0.036
4159.74641,12.451,0.035
4160.65599,12.483,0.044
4161.71579,12.396,0.035
4162.70418,12.44,0.046
4163.71957,12.417,0.04
4164.72901,12.433,0.051
4165.75683,12.472,0.037
4167.69528,12.379,0.051
4168.76317,12.435,0.035
4172.75036,12.478,0.048
4173.73385,12.473,0.038
4174.80832,12.401,0.049
4175.79394,12.367,0.038
4180.65963,12.422,0.045
4180.77424,12.491,0.042
4182.6877,12.534,0.047
4183.55648,12.414,0.044
4184.69056,12.31,0.048
4185.61005,12.336,0.034
4187.81253,12.399,0.045
4188.71935,12.488,0.033
4190.56578,12.452,0.045
4190.72683,12.426,0.033
4192.62889,12.321,0.042
4192.71545,12.396,0.035
4194.66386,12.395,0.047
4194.74951,12.434,0.038
4197.65636,12.428,0.043
4197.74419,12.457,0.037
4199.73252,12.555,0.047
4200.66298,12.487,0.033
4202.77991,12.69,0.055
4204.79888,12.48,0.045
4205.67468,12.557,0.035
4208.64345,12.555,0.051
4208.73934,12.701,0.037
4213.66685,12.623,0.036
4213.67312,12.618,0.047
4216.65821,12.566,0.034
4216.667,12.511,0.049
4227.5413,12.499,0.034
4227.55246,12.452,0.043
4229.55921,12.456,0.032
4229.57036,12.496,0.044
4231.56825,12.404,0.036
4231.57462,12.454,0.052
4233.56815,12.534,0.033
4233.57767,12.47,0.043
4235.56957,12.388,0.033
4235.57594,12.495,0.045
4237.5945,12.462,0.04
4237.60237,12.556,0.048
4246.5448,12.367,0.033
4246.55117,12.351,0.043
4247.61875,12.455,0.044
4253.54794,12.328,0.035
4255.61373,12.301,0.033
4257.60474,12.371,0.039
4267.58885,12.371,0.041
4267.59807,12.417,0.047
4269.62581,12.423,0.046
4272.58053,12.363,0.045
4274.50622,12.445,0.034
4274.59916,12.26,0.045
4277.53275,12.275,0.036
4277.58962,12.309,0.046
4281.5358,12.306,0.042
4282.56471,12.402,0.049
4284.50986,12.418,0.035
4284.5812,12.373,0.043
4286.5754,12.261,0.053
4290.57979,12.392,0.047
4291.48271,12.335,0.036
4292.54485,12.462,0.044
4293.49499,12.495,0.034
4294.55396,12.428,0.043
4295.49533,12.371,0.034
4296.54528,12.459,0.045
4297.50001,12.505,0.036
4298.54999,12.417,0.047
4299.48986,12.465,0.034
4300.50818,12.45,0.046
4301.49321,12.58,0.037
4304.50947,12.564,0.044
4305.498,12.693,0.036
4306.53901,12.572,0.045
4311.49884,12.73,0.044
4315.47889,12.651,0.047
4319.47397,12.729,0.044
4373.89493,12.272,0.042
4378.88163,12.43,0.044
4383.87445,12.373,0.047
4386.87979,12.376,0.042
4391.8547,12.393,0.047
4406.85972,12.844,0.043
4409.86111,12.488,0.043
4410.82504,12.453,0.033
4422.82583,12.355,0.043
4423.83693,12.418,0.047
4427.82366,12.375,0.037
4428.8236,12.425,0.047
4430.81996,12.462,0.037
4435.81042,12.392,0.045
4437.81032,12.337,0.036
4439.80397,12.289,0.043
4440.81654,12.383,0.035
4443.80412,12.385,0.043
4448.76741,12.382,0.036
4454.8143,12.505,0.039
4454.82681,12.497,0.045
4457.79599,12.404,0.037
4458.78114,12.356,0.05
4460.78652,12.467,0.037
4461.80295,12.498,0.044
4463.7728,12.422,0.033
4464.80542,12.398,0.044
4466.7748,12.447,0.035
4467.81616,12.331,0.045
4469.77104,12.376,0.038
4470.80597,12.278,0.047
4472.81877,12.493,0.047
4474.80322,12.426,0.045
4476.76965,12.457,0.047
4478.74423,12.334,0.045
4479.74571,12.459,0.036
4482.77638,12.447,0.041
4485.77251,12.495,0.043
4485.80051,12.434,0.033
4488.71432,12.462,0.038
4488.75647,12.421,0.047
4490.76593,12.594,0.033
4491.73678,12.412,0.043
4492.8128,12.407,0.035
4497.75873,12.444,0.043
4498.77528,12.383,0.035
4501.68252,12.375,0.035
4503.71909,12.413,0.044
4503.77933,12.441,0.039
4505.82975,12.205,0.044
4506.66792,12.314,0.035
4508.74503,12.269,0.033
4510.8008,12.359,0.044
4511.64446,12.192,0.038
4516.73095,12.076,0.043
4516.73342,12.411,0.05
4518.76539,12.272,0.037
4518.76865,12.154,0.045
4520.81135,12.112,0.037
4520.82059,12.092,0.044
4523.62163,12.195,0.036
4523.65643,12.144,0.043
4525.67936,12.123,0.036
4525.71658,12.169,0.042
4527.69848,12.201,0.033
4527.7277,12.136,0.042
4529.76825,12.321,0.034
4529.79914,12.151,0.043
4532.61889,12.161,0.032
4532.64061,12.201,0.043
4535.70355,12.288,0.035
4535.74278,12.226,0.044
4537.72822,12.264,0.033
4537.7501,12.272,0.042
4539.72781,12.435,0.04
4539.7638,12.557,0.05
4541.72855,12.283,0.033
4541.77129,12.334,0.043
4543.74126,12.42,0.04
4543.7725,12.277,0.045
4545.71915,12.446,0.042
4547.74459,12.423,0.049
4547.75349,12.284,0.049
4550.60839,12.355,0.045
4552.69754,12.399,0.033
4552.71498,12.517,0.042
4554.72652,12.372,0.041
4554.74395,12.319,0.046
4558.8311,12.374,0.042
4559.57269,12.349,0.035
4561.59208,12.347,0.044
4561.63439,12.39,0.034
4563.61256,12.429,0.044
4563.66327,12.421,0.032
4565.62627,12.414,0.044
4565.72001,12.379,0.044
4567.64296,12.498,0.045
4567.75119,12.351,0.038
4569.63971,12.381,0.043
4569.71083,12.373,0.04
4571.63049,12.494,0.044
4571.71155,12.486,0.036
4573.65646,12.528,0.045
4573.70719,12.501,0.039
4575.68959,12.528,0.046
4575.71589,12.383,0.036
4578.79329,12.6,0.046
4579.68882,12.371,0.037
4580.75438,12.404,0.044
4582.68944,12.43,0.035
4585.54638,12.352,0.043
4586.54217,12.353,0.037
4587.62024,12.236,0.049
4588.61789,12.282,0.037
4589.65095,12.314,0.045
4590.66834,12.372,0.04
4591.66511,12.379,0.044
4592.64971,12.285,0.035
4593.70168,12.123,0.043
4594.66598,12.245,0.035
4595.66168,12.172,0.042
4596.66953,12.109,0.036
4597.58075,12.171,0.042
4599.52087,12.13,0.038
4599.60467,12.213,0.045
4601.57025,12.106,0.034
4601.60839,12.106,0.043
4603.61877,12.081,0.033
4603.64253,12.094,0.046
4607.62078,12.004,0.037
4607.65594,12.086,0.047
4609.66017,11.95,0.036
4610.54108,12.126,0.045
4611.64848,11.982,0.034
4616.60224,12.112,0.035
4622.60749,12.052,0.037
4622.61312,12.163,0.047
4626.63909,12.066,0.044
4627.52314,12.076,0.039
4629.532,12.102,0.037
4630.62548,12.127,0.045
4631.57807,12.099,0.036
4633.53077,12.132,0.045
4633.59977,12.093,0.036
4639.599,12.205,0.049
4642.52471,12.303,0.047
4642.55159,12.198,0.035
4644.53445,12.225,0.044
4644.55808,12.226,0.038
4646.5348,12.214,0.049
4646.55957,12.27,0.05
4649.51417,12.197,0.05
4649.51926,12.313,0.048
4652.50149,12.095,0.039
4653.56646,12.182,0.049
4654.49988,12.248,0.039
4655.53527,12.13,0.045
4656.51043,12.143,0.047
4659.53416,12.191,0.045
4662.55446,12.25,0.05
4663.50942,12.13,0.049
4666.48348,12.117,0.051
4667.46695,12.145,0.035
4670.48299,12.204,0.046
4672.5235,12.131,0.049
4677.48303,12.111,0.054
4679.50688,12.094,0.049
4682.4943,12.129,0.05
4685.48399,12.029,0.055
4691.47066,12.055,0.048
4752.87051,12.116,0.033
4756.86795,12.114,0.035
4760.86989,12.109,0.035
4763.87045,12.068,0.045
4764.84799,12.228,0.036
4768.84199,12.045,0.033
4768.85966,12.013,0.044
4772.83186,12.04,0.036
4772.85623,12.041,0.041
4776.82745,12.028,0.038
4776.84909,11.969,0.045
4780.82241,11.988,0.041
4780.84149,12.005,0.044
4784.8141,11.997,0.034
4784.85508,11.9,0.041
4792.79852,11.926,0.033
4792.83056,11.962,0.039
4796.82984,11.866,0.037
4796.85303,12.018,0.045
4800.77999,11.903,0.038
4800.80866,11.993,0.046
4804.81236,11.883,0.035
4804.83934,11.862,0.042
4807.81898,11.904,0.035
4808.80527,11.874,0.041
4812.8246,11.91,0.037
4813.82082,11.954,0.045
4815.80596,11.986,0.037
4816.82649,11.999,0.045
4819.81897,11.97,0.034
4820.78806,12.05,0.045
4822.79271,12.019,0.034
4823.81952,11.978,0.043
4825.78595,12.097,0.034
4827.77918,12.209,0.042
4828.78462,12.135,0.035
4830.82928,12.097,0.044
4831.77674,12.05,0.034
4833.82444,12.104,0.043
4834.76674,12.025,0.032
4836.81269,12.124,0.046
4837.755,12.18,0.039
4842.78513,12.096,0.045
4843.73732,12.048,0.033
4846.77161,12.029,0.046
4846.79196,12.058,0.033
4849.72959,12.055,0.035
4849.76336,12.103,0.044
4852.72585,12.035,0.035
4852.75761,12.102,0.041
4856.75604,12.076,0.043
4858.71074,12.127,0.038
4860.7597,12.216,0.045
4861.76589,11.993,0.037
4863.73181,12.132,0.045
4866.71976,12.069,0.043
4867.76712,12.041,0.036
4869.70202,12.13,0.049
4870.69184,12.119,0.036
4871.75044,12.125,0.045
4872.76075,12.036,0.042
4875.73002,12.254,0.045
4876.80388,12.11,0.045
4877.75624,12.142,0.041
4879.74104,12.014,0.043
4882.67584,12.001,0.043
4883.64662,11.93,0.045
4884.77916,12.028,0.05
4886.68028,12.138,0.052
4888.77655,12.006,0.044
4890.66237,11.926,0.06
4892.75849,12.004,0.055
4894.70647,11.952,0.04
4899.77624,11.999,0.049
4903.77853,12.063,0.049
4903.7914,12.107,0.059
4905.83443,12.05,0.051
4906.61623,12.071,0.057
4908.61261,12.071,0.047
4908.7261,12.023,0.057
4914.73727,12.068,0.046
4914.75883,11.967,0.06
4917.55109,11.99,0.047
4917.5757,12.129,0.058
4919.64249,11.998,0.04
4921.80178,11.993,0.051
4921.82359,11.926,0.06
4926.58152,11.992,0.047
4926.61592,11.955,0.056
4929.68379,11.868,0.048
4936.56454,11.849,0.045
4936.57832,11.914,0.059
4938.61281,11.826,0.049
4938.62945,11.885,0.062
4945.68006,11.831,0.044
4945.69828,11.892,0.059
4947.7391,11.901,0.053
4949.76163,11.956,0.059
4952.636,12.018,0.057
4952.65157,11.991,0.046
4954.60288,12.211,0.059
4954.60935,11.941,0.046
4959.68555,11.997,0.05
4962.59709,12.067,0.046
4962.60444,12.07,0.059
4967.62371,12.228,0.05
4969.65472,12.121,0.06
4973.5971,12.218,0.051
4975.64839,12.112,0.043
4984.58422,12.158,0.046
4984.59009,12.282,0.057
4991.56689,12.206,0.058
4991.59144,12.109,0.044
5006.60497,12.083,0.062
5014.57102,12.039,0.059
5021.51325,11.989,0.062
5023.4714,12.039,0.042
5023.51541,12.016,0.057
5025.4891,12.004,0.053
5031.53708,12.06,0.056
5032.48053,12.051,0.047
5037.50221,12.034,0.058
5039.49924,12.073,0.058
5041.50941,12.008,0.057
5049.47462,12.099,0.062
5088.90638,12.392,0.047
5113.87146,12.48,0.047
5125.84851,12.574,0.043
5131.84403,12.461,0.04
5146.84041,12.292,0.041
5159.84483,12.23,0.057
5164.8099,12.29,0.06
5165.82059,12.323,0.041
5168.8315,12.335,0.057
