1884.78325,9.046,0.048
1899.79974,8.844,0.055
1900.86407,8.914,0.065
1902.7725,9.047,0.1
1903.69251,9.035,0.054
1904.82931,9.035,0.05
1906.75004,9.041,0.102
1906.8437,8.984,0.043
1907.77819,8.934,0.061
1913.75359,8.523,0.043
1913.78706,8.532,0.096
1914.76238,8.575,0.043
1914.77628,8.601,0.065
1915.83941,8.693,0.061
1919.68783,8.93,0.053
1919.72311,8.978,0.065
1920.74776,9.009,0.045
1920.75718,9.025,0.059
1920.82996,9.031,0.094
1921.74904,9.037,0.045
1921.77978,9.05,0.061
1921.79722,9.05,0.093
1922.74568,9.029,0.041
1922.75288,9.038,0.058
1924.73994,8.986,0.046
1924.74942,8.99,0.063
1924.76913,9,0.096
1925.74077,8.893,0.051
1925.75254,8.954,0.063
1925.76964,8.951,0.093
1926.73504,8.774,0.052
1926.74458,8.796,0.06
1926.76617,8.789,0.09
1928.73911,8.281,0.046
1928.74643,8.282,0.062
1928.77024,8.296,0.096
1929.7329,8.323,0.041
1929.75736,8.356,0.079
1930.72828,8.427,0.036
1930.74007,8.419,0.05
1930.76645,8.436,0.084
1931.72527,8.435,0.048
1931.73734,8.77,0.052
1931.77097,8.517,0.086
1932.72067,8.562,0.039
1932.735,8.577,0.058
1932.7588,8.568,0.081
1933.72086,8.635,0.036
1933.74446,8.663,0.054
1933.79865,8.658,0.086
1934.71747,8.709,0.038
1934.72932,8.735,0.053
1936.68849,8.882,0.038
1936.70216,8.907,0.055
1936.7174,8.894,0.083
1937.75622,8.938,0.036
1937.76792,8.957,0.054
1938.69386,9.01,0.084
1938.77089,8.992,0.037
1938.77454,9.012,0.054
1940.65202,9.029,0.037
1940.66509,9.054,0.056
1940.67312,9.046,0.082
1945.72281,8.532,0.036
1945.74513,8.537,0.052
1945.76881,8.535,0.074
1946.73143,8.271,0.041
1946.7603,8.298,0.056
1947.67585,8.33,0.084
1948.64823,8.384,0.045
1948.66988,8.406,0.058
1948.7205,8.413,0.079
1949.69522,8.46,0.041
1949.7097,8.494,0.062
1949.74763,8.499,0.06
1950.68406,8.543,0.041
1950.69149,8.565,0.056
1950.70635,8.566,0.059
1953.67945,8.774,0.037
1953.68916,8.788,0.049
1953.71085,8.795,0.066
1954.6958,8.876,0.05
1955.68638,8.937,0.049
1958.65635,9.018,0.037
1958.69227,9.053,0.064
1961.63161,8.969,0.048
1961.66532,8.963,0.065
1962.69394,8.875,0.048
1962.71117,8.842,0.063
1963.64878,8.583,0.039
1963.67541,8.592,0.047
1963.69263,8.61,0.064
1964.65774,8.292,0.039
1964.68925,8.323,0.064
1965.64637,8.267,0.039
1965.66514,8.305,0.046
1965.68235,8.296,0.062
1966.65094,8.355,0.039
1966.66739,8.395,0.046
1966.68242,8.635,0.064
1967.64554,8.439,0.04
1967.66199,8.449,0.047
1967.67927,8.463,0.063
1968.64749,8.505,0.042
1968.67674,8.541,0.065
1970.68463,8.69,0.049
1970.69967,8.7,0.055
1971.70893,8.739,0.047
1977.62082,9.026,0.049
1978.64432,8.979,0.05
1978.65863,8.974,0.051
1979.62787,8.94,0.049
1980.62466,8.865,0.05
1980.63899,8.872,0.051
1981.65611,8.664,0.052
1982.61639,8.328,0.042
1982.63062,8.369,0.05
1982.64797,8.372,0.065
1984.60582,8.351,0.049
1985.60945,8.41,0.047
2030.50712,9.052,0.064
2054.5204,8.654,0.081
2062.50726,8.796,0.066
2067.48198,9.079,0.066
2071.50956,8.882,0.082
2083.48336,8.985,0.061
2094.50249,8.447,0.071
2105.47419,9.02,0.056
2200.86953,8.331,0.063
2202.86201,8.399,0.06
2212.84085,9.044,0.058
2214.83284,8.984,0.059
2216.83182,8.88,0.059
2221.85074,8.436,0.07
2224.85694,8.689,0.056
2226.8278,8.836,0.055
2228.82263,8.993,0.057
2230.81895,9.035,0.055
2233.78677,8.993,0.054
2235.80084,8.722,0.055
2237.79795,8.271,0.056
2240.77052,8.502,0.057
2440.49596,8.51,0.057
2440.50508,8.499,0.037
2442.49345,8.665,0.043
2442.50261,8.638,0.044
2443.50095,8.751,0.083
2444.4898,8.834,0.061
2444.50137,8.802,0.04
2445.50756,8.901,0.091
2453.47424,8.796,0.073
2453.50069,8.785,0.065
2453.51463,8.771,0.052
2456.4981,8.321,0.061
2464.45837,8.947,0.035
2465.46598,9.014,0.066
2466.47717,9.053,0.048
2467.46852,9.035,0.037
2468.46696,9.012,0.072
2470.46722,8.942,0.035
2483.47784,8.949,0.074
2489.50047,8.836,0.071
2497.4683,8.687,0.07
2558.88535,9.026,0.047
2565.85989,8.345,0.042
2578.86456,8.984,0.05
2622.73403,8.553,0.051
2624.78102,8.676,0.049
2624.79039,8.713,0.049
2624.80595,8.68,0.054
2627.81536,8.943,0.044
2627.82473,8.94,0.058
2630.79418,9.014,0.067
2630.81317,9.02,0.051
2630.82387,9.024,0.055
2634.81018,8.84,0.062
2634.83103,8.844,0.057
2634.83937,8.846,0.085
2636.84966,8.293,0.07
2637.77901,8.311,0.049
2640.78395,8.513,0.057
2640.80425,8.505,0.05
2642.75668,8.658,0.052
2643.77449,8.754,0.053
2643.79909,8.736,0.047
2645.74237,8.907,0.055
2645.80733,8.933,0.055
2647.76639,8.989,0.067
2649.74149,9.014,0.048
2651.73599,8.976,0.058
2652.76465,8.884,0.06
2655.7374,8.25,0.061
2655.76758,8.273,0.051
2655.81322,8.264,0.059
2658.75069,8.486,0.048
2658.7648,8.517,0.054
2658.7707,8.515,0.076
2660.77519,8.649,0.075
2662.76374,8.833,0.04
2662.77337,8.839,0.053
2662.77926,8.856,0.073
2664.74822,8.963,0.053
2664.76721,8.976,0.05
2664.77771,8.969,0.048
2666.75276,9.031,0.042
2666.76244,9.019,0.052
2670.76149,8.904,0.048
2670.79672,8.917,0.054
2670.81662,8.894,0.052
2672.75035,8.401,0.051
2672.76234,8.387,0.054
2672.78909,8.375,0.046
2674.73817,8.338,0.06
2674.75019,8.336,0.05
2674.77202,8.364,0.052
2676.72458,8.494,0.04
2676.73656,8.513,0.051
2676.75617,8.496,0.05
2678.70649,8.62,0.059
2678.72315,8.649,0.054
2678.73135,8.66,0.051
2680.70859,8.816,0.041
2680.72065,8.799,0.057
2680.74024,8.797,0.047
2684.66008,9.023,0.048
2684.67221,9.013,0.056
2684.6851,9.032,0.049
2686.71025,9.02,0.054
2686.72303,9.004,0.054
2688.72738,8.927,0.047
2689.69525,8.75,0.066
2689.74531,8.784,0.048
2690.732,8.451,0.058
2691.70558,8.282,0.056
2692.78875,8.333,0.054
2693.71996,8.4,0.056
2696.73006,8.625,0.047
2697.6908,8.701,0.055
2697.71285,8.713,0.052
2698.74104,8.78,0.048
2699.68609,8.84,0.054
2699.7056,8.872,0.059
2700.70787,8.92,0.049
2701.68416,8.989,0.054
2701.70367,9.011,0.052
2703.68005,8.992,0.055
2703.69957,9.021,0.057
2704.69664,8.986,0.056
2705.67243,8.943,0.057
2705.69198,8.972,0.054
2706.68264,8.932,0.051
2707.6688,8.796,0.065
2707.68853,8.837,0.059
2709.66004,8.298,0.057
2710.63094,8.286,0.047
2710.6494,8.314,0.053
2710.79008,8.322,0.05
2711.81949,8.37,0.064
2712.61967,8.485,0.06
2712.62589,8.472,0.05
2713.6875,8.536,0.042
2713.72961,8.54,0.068
2713.75056,8.561,0.081
2714.79026,8.626,0.042
2715.69136,8.683,0.05
2715.6976,8.702,0.052
2717.65953,8.838,0.067
2717.77823,8.871,0.052
2717.78693,8.858,0.066
2720.63494,9.022,0.053
2721.67873,9.007,0.058
2721.79134,9.038,0.06
2722.79651,8.992,0.048
2723.67245,8.999,0.046
2723.68562,8.993,0.05
2724.82051,8.971,0.061
2725.82293,8.827,0.055
2726.69023,8.629,0.056
2726.70138,8.597,0.08
2727.69958,8.315,0.047
2728.67211,8.312,0.057
2728.68078,8.305,0.093
2729.84182,8.382,0.102
2731.79536,8.548,0.051
2732.75385,8.642,0.084
2734.55813,8.738,0.052
2734.59587,8.76,0.043
2734.61483,8.732,0.055
2736.56347,8.946,0.039
2736.58,8.888,0.055
2736.60488,8.908,0.052
2737.75064,8.986,0.047
2737.78276,8.997,0.059
2737.80174,9.005,0.084
2739.68291,9.036,0.046
2739.69036,9.041,0.05
2739.69921,9.036,0.079
2741.63868,9.002,0.041
2741.64611,9.016,0.052
2741.65744,9.01,0.061
2742.76735,8.972,0.073
2742.78399,8.957,0.092
2744.63139,8.667,0.047
2744.6388,8.671,0.051
2744.64772,8.678,0.063
2747.68201,8.371,0.057
2747.69894,8.383,0.054
2747.71966,8.389,0.079
2750.72406,8.623,0.046
2750.73636,8.629,0.062
2750.75715,8.615,0.082
2752.63823,8.762,0.039
2752.64368,8.77,0.063
2752.65534,8.76,0.073
2754.73168,8.917,0.045
2754.73986,8.936,0.061
2754.75213,8.936,0.085
2756.68923,9.017,0.045
2756.70376,9.026,0.081
2759.51693,8.978,0.074
2760.6275,9,0.083
2760.68211,8.981,0.047
2760.69161,8.992,0.051
2762.65371,8.695,0.076
2764.59142,8.292,0.086
2764.63265,8.286,0.048
2766.63698,8.434,0.043
2766.64643,8.479,0.047
2770.61953,8.742,0.046
2770.62892,8.737,0.05
2775.52149,9.047,0.049
2775.64158,9.022,0.053
2775.64677,9.036,0.074
2776.62914,9.046,0.058
2782.54678,8.302,0.059
2784.54466,8.419,0.052
2784.60257,8.418,0.045
2784.60778,8.437,0.075
2786.54021,8.574,0.049
2786.5933,8.59,0.049
2786.5985,8.58,0.082
2789.53624,8.811,0.053
2790.46498,8.824,0.06
2790.4702,8.894,0.079
2791.57223,8.936,0.072
2792.501,9.025,0.046
2794.5211,9.044,0.059
2797.51361,8.947,0.066
2804.49042,8.551,0.052
2804.54167,8.523,0.055
2808.60765,8.906,0.06
2809.53939,8.93,0.044
2810.52872,9.021,0.059
2811.53784,9.014,0.038
2812.52679,9.052,0.059
2813.53634,9.011,0.045
2819.52172,8.287,0.048
2821.49255,8.487,0.052
2821.55749,8.466,0.044
2826.48417,8.875,0.046
2826.53626,8.844,0.036
2826.54499,8.878,0.069
2829.5429,9.042,0.055
2830.51741,9.033,0.042
2832.47871,9.026,0.06
2832.50474,8.995,0.044
2834.48449,8.904,0.056
2834.50599,8.879,0.045
2836.48683,8.365,0.056
2836.50601,8.338,0.041
2839.48601,8.466,0.057
2841.47128,8.585,0.041
2842.49545,8.678,0.061
2845.49177,8.929,0.047
2853.46348,8.722,0.054
2854.46945,8.389,0.038
2859.4698,8.575,0.061
2918.88606,8.963,0.083
2923.87467,8.99,0.051
2927.86608,8.276,0.05
2931.86707,8.566,0.053
2933.86475,8.693,0.046
2935.85943,8.868,0.052
2940.84011,8.997,0.044
2943.84496,8.839,0.042
2944.84022,8.527,0.062
2944.85187,8.507,0.092
2946.83231,8.298,0.042
2947.83581,8.399,0.055
2948.83161,8.467,0.083
2949.84501,8.546,0.041
2955.83857,8.994,0.045
2956.84551,9.02,0.037
2957.83235,9.338,0.061
2960.83665,9.09,0.041
2960.8461,8.985,0.057
2961.81174,8.842,0.046
2964.80763,8.303,0.053
2964.82207,8.254,0.088
2964.84484,8.281,0.043
2967.82704,8.517,0.042
2967.84666,8.531,0.051
2968.81544,8.618,0.078
2971.80348,8.839,0.034
2971.81075,8.857,0.052
2973.82808,9.009,0.075
2975.75251,9.049,0.041
2975.76246,9.029,0.042
2976.8014,9.018,0.062
2977.80079,8.988,0.05
2977.82251,9.008,0.063
2979.80007,8.911,0.056
2980.77928,8.654,0.037
2980.80246,8.678,0.041
2982.84161,8.273,0.08
2983.8028,8.351,0.049
2983.8157,8.4,0.052
2985.84279,8.516,0.076
2986.8245,8.608,0.042
2988.81809,8.778,0.059
2989.80668,8.822,0.051
2989.81697,8.84,0.054
2991.82645,8.971,0.072
2992.80208,9.001,0.053
2992.80712,9.042,0.046
2994.82171,9.024,0.077
2995.78703,8.964,0.051
2995.8167,9.001,0.044
2997.80999,8.928,0.055
2998.80084,8.725,0.051
2998.81278,8.71,0.049
3005.79117,8.668,0.051
3007.7939,8.813,0.032
3007.80926,8.822,0.04
3008.78371,8.897,0.059
3010.76767,9.017,0.055
3011.78356,9.053,0.056
3012.75788,9.016,0.057
3013.76752,9.006,0.043
3015.79237,8.917,0.084
3015.81025,8.919,0.044
3017.81983,8.434,0.032
3018.76172,8.253,0.057
3023.79049,8.63,0.067
3023.80658,8.66,0.05
3028.76213,9.005,0.032
3028.79158,9.012,0.049
3031.70634,9.001,0.047
3031.72301,9.029,0.055
3031.75356,9.028,0.059
3033.7522,8.924,0.043
3033.76996,8.95,0.052
3033.79213,8.956,0.079
3036.68185,8.266,0.043
3036.70265,8.289,0.041
3036.72716,8.353,0.064
3040.73698,8.538,0.043
3040.76509,8.556,0.047
3041.74367,8.627,0.081
3042.83164,8.738,0.041
3043.68476,8.791,0.054
3043.78747,8.795,0.083
3045.66277,8.925,0.035
3045.75106,8.956,0.043
3046.70931,9.051,0.076
3048.73036,9.041,0.053
3049.69709,9.017,0.075
3051.67245,9.108,0.041
3051.67913,8.984,0.043
3052.6834,8.826,0.087
3053.76255,8.585,0.061
3054.73378,8.269,0.077
3055.83997,8.303,0.049
3056.6557,8.396,0.04
3056.80733,8.372,0.081
3058.63358,8.503,0.048
3059.66528,8.618,0.058
3060.68341,8.686,0.042
3060.73362,8.709,0.053
3062.77207,8.861,0.062
3064.83075,8.983,0.054
3068.57921,8.982,0.044
3068.67513,9.002,0.05
3068.719,9.025,0.059
3070.65523,8.871,0.039
3070.70616,8.882,0.045
3070.74476,8.874,0.077
3072.7341,8.319,0.049
3072.78438,8.323,0.053
3074.70369,8.365,0.047
3074.80802,8.377,0.045
3075.63395,8.44,0.074
3076.72899,8.522,0.045
3077.59788,8.564,0.069
3077.67465,8.568,0.081
3078.72242,8.66,0.052
3079.65132,8.766,0.054
3079.69146,8.747,0.083
3081.65128,8.928,0.046
3081.72099,8.906,0.074
3082.82111,8.996,0.046
3085.72147,9.033,0.078
3087.65289,8.985,0.06
3087.72625,8.935,0.09
3089.5536,8.715,0.052
3089.68092,8.704,0.077
3091.5991,8.231,0.052
3091.6622,8.277,0.054
3093.59447,8.413,0.036
3093.64933,8.433,0.052
3096.62453,8.673,0.055
3097.59602,8.744,0.047
3097.64475,8.748,0.058
3098.63727,8.796,0.078
3099.63587,8.915,0.047
3099.69832,8.9,0.046
3100.64589,8.95,0.078
3101.63773,9.02,0.047
3101.71853,9.031,0.045
3103.63668,9.03,0.035
3103.71707,9.049,0.051
3105.63048,8.995,0.048
3105.70463,8.981,0.053
3107.63796,8.77,0.042
3107.70619,8.757,0.041
3109.64311,8.253,0.042
3109.70461,8.274,0.055
3111.64204,8.412,0.043
3111.77184,8.426,0.047
3113.66658,8.579,0.045
3114.51785,8.659,0.044
3115.66049,8.716,0.044
3116.5517,8.809,0.079
3118.70329,8.956,0.045
3121.53406,9.052,0.059
3122.61468,9.034,0.039
3123.55895,9.005,0.043
3124.6257,8.969,0.046
3125.59029,8.855,0.045
3126.63761,8.497,0.047
3127.61902,8.279,0.065
3128.63586,8.313,0.049
3129.67117,8.416,0.063
3130.66992,8.481,0.043
3131.65676,8.556,0.061
3132.67578,8.623,0.05
3133.66388,8.731,0.042
3134.67827,8.807,0.036
3144.52719,8.605,0.034
3144.65978,8.557,0.043
3146.57746,8.288,0.033
3153.49983,8.889,0.046
3153.60137,8.854,0.04
3154.64133,8.942,0.044
3155.62498,8.999,0.054
3158.56274,9.036,0.061
3159.49887,8.973,0.051
3160.57567,8.974,0.059
3162.54286,8.652,0.035
3163.58164,8.365,0.062
3164.56214,8.288,0.049
3165.58406,8.385,0.058
3167.56918,8.522,0.035
3168.5959,8.598,0.048
3169.61081,8.683,0.037
3171.59591,8.849,0.044
3175.58291,9.06,0.053
3177.47112,9.135,0.047
3177.58349,9.013,0.049
3179.55841,8.922,0.034
3180.55889,8.711,0.07
3180.57426,8.808,0.044
3183.55863,8.367,0.038
3183.57934,8.381,0.06
3186.5202,8.59,0.048
3186.54067,8.584,0.043
3190.49609,8.922,0.056
3356.8279,9.046,0.072
3363.82936,8.3,0.067
3365.84411,8.477,0.046
3372.84567,8.966,0.047
3382.84456,8.324,0.062
3388.80975,8.809,0.074
3391.73099,8.994,0.077
3394.78184,9.065,0.052
3397.72121,8.877,0.063
3399.79188,8.322,0.064
3404.78949,8.635,0.075
3407.68836,8.828,0.086
3409.73838,8.997,0.082
3411.81285,9.037,0.063
3414.67447,8.992,0.063
3418.74592,8.416,0.063
3424.73104,8.768,0.065
3426.73009,8.936,0.07
3430.75985,9.037,0.046
3432.75863,9.005,0.069
3434.75946,8.748,0.072
3438.66737,8.436,0.054
3442.61093,8.742,0.045
3444.64918,8.87,0.078
3446.65846,9.029,0.07
3450.63748,9.016,0.051
3454.77365,8.311,0.057
3456.77301,8.455,0.054
3458.78888,8.605,0.05
3460.79932,8.726,0.068
3465.59588,9.045,0.047
3467.77732,9.037,0.047
3470.52732,8.854,0.07
3472.57533,8.292,0.064
3474.61328,8.404,0.06
3478.66232,8.737,0.068
3480.65191,8.889,0.074
3482.65928,9.052,0.054
3484.70443,9.043,0.084
3489.55454,8.677,0.065
3495.56899,8.602,0.064
3497.62607,8.805,0.065
3504.644,9.007,0.077
3508.66742,8.356,0.044
3511.59032,8.461,0.063
3517.60629,8.956,0.07
3521.57067,9.049,0.075
3523.57401,9.029,0.051
3525.5969,8.769,0.046
3529.60263,8.452,0.065
3538.51936,9.065,0.048
3543.5598,8.761,0.073
3547.54661,8.458,0.045
3561.49165,8.849,0.074
3563.51177,8.324,0.067
3570.47325,8.804,0.064
3574.47415,9.02,0.076
3577.50011,9.01,0.067
3585.46673,8.57,0.071
3589.46667,8.862,0.073
3652.88461,8.71,0.075
3657.8702,8.547,0.071
3662.8769,8.926,0.078
3666.86017,9.054,0.077
3671.84966,8.458,0.062
3675.84041,8.525,0.071
3706.80854,8.864,0.072
3713.78723,8.666,0.076
3719.82818,9.072,0.076
3726.80841,8.336,0.072
3730.81709,8.548,0.082
3733.82466,8.773,0.064
3736.80875,8.976,0.069
3742.78067,8.905,0.073
3748.75494,8.539,0.076
3751.75133,8.951,0.076
3754.73332,8.987,0.074
3756.79296,9.055,0.077
3759.7242,9,0.072
3765.71127,8.451,0.082
3768.70258,8.67,0.076
3773.77964,9.022,0.074
3776.68481,9.003,0.068
3778.73069,9.004,0.07
3780.76177,8.484,0.07
3783.80209,8.465,0.081
3787.84189,8.758,0.073
3790.64637,8.934,0.076
3792.72731,9.027,0.072
3794.77272,9.036,0.071
3799.69241,8.308,0.071
3802.62395,8.455,0.076
3804.69017,8.631,0.071
3806.68702,8.799,0.073
3809.70022,9.289,0.073
3811.73504,9.04,0.072
3818.56655,8.28,0.062
3820.63017,8.479,0.072
3822.68358,8.624,0.074
3824.74373,8.797,0.066
3826.79792,8.939,0.074
3831.60331,9.037,0.074
3833.60063,8.899,0.07
3835.61299,8.382,0.074
3837.64999,8.372,0.067
3847.68715,9.019,0.079
3849.65059,9.017,0.071
3851.65013,8.962,0.073
3853.68623,8.422,0.068
3856.54457,8.429,0.075
3858.65129,8.606,0.061
3860.67137,8.744,0.068
3862.6012,8.923,0.064
3864.6284,9.059,0.076
3866.64309,9.039,0.072
3868.68055,9.001,0.074
3870.67558,8.758,0.069
3872.6737,8.277,0.07
3876.62405,8.565,0.068
3880.55142,8.907,0.065
3882.58588,9.031,0.075
3886.59823,8.995,0.066
3888.60552,8.848,0.064
3890.58955,8.293,0.064
3896.59825,8.708,0.064
3898.61634,8.874,0.069
3901.51302,9.042,0.065
3903.53683,9.049,0.066
3905.53666,8.988,0.067
3907.54017,8.64,0.068
4090.77968,8.269,0.048
4104.74305,8.994,0.057
4107.76474,8.518,0.047
4111.8252,8.484,0.051
4125.72373,8.551,0.054
4127.7824,8.318,0.044
4130.7076,8.583,0.049
4132.76079,8.744,0.048
4134.7903,8.891,0.049
4136.80839,9.018,0.056
4139.68953,9.045,0.05
4143.74245,8.65,0.051
4145.82098,8.293,0.048
4149.69151,8.617,0.055
4151.74162,8.8,0.047
4153.72884,8.962,0.052
4160.69461,8.926,0.046
4162.69843,8.383,0.049
4164.72248,8.412,0.053
4167.67462,8.638,0.049
4172.72255,8.989,0.047
4174.74245,9.065,0.048
4176.81064,8.999,0.05
4179.74865,8.754,0.054
4183.84382,8.438,0.069
4186.82748,8.681,0.046
4189.68724,8.913,0.045
4191.6617,9.01,0.048
4193.69285,9.063,0.051
4196.72745,8.944,0.061
4198.76066,8.454,0.072
4202.53473,8.483,0.052
4204.64585,8.651,0.046
4207.67772,9.019,0.05
4213.56741,9.017,0.051
4216.61881,8.566,0.046
4226.59756,8.988,0.075
4228.61628,9.054,0.046
4230.61905,9.056,0.047
4232.6158,9.004,0.058
4234.62174,8.625,0.049
4238.66237,8.456,0.057
4245.54978,8.987,0.07
4247.56906,9.063,0.045
4250.6059,8.998,0.044
4254.58749,8.302,0.054
4257.53483,8.537,0.052
4259.55568,8.696,0.048
4267.5045,9.052,0.048
4269.53549,8.943,0.044
4277.57036,8.671,0.044
4282.50593,9.026,0.05
4284.53104,9.068,0.049
4286.52504,9.036,0.05
4291.47203,8.337,0.044
4293.4843,8.472,0.044
4295.4846,8.661,0.044
4297.49097,8.83,0.059
4299.48436,8.948,0.053
4301.48689,9.06,0.054
4305.48927,8.966,0.046
4308.49385,8.308,0.061
4315.4645,8.805,0.046
4319.46539,9.055,0.045
4373.8909,9.066,0.055
4380.88668,8.349,0.054
4385.88336,8.624,0.047
4391.87056,9.064,0.07
4408.85982,9.016,0.053
4422.84587,8.692,0.056
4427.8475,9.034,0.047
4431.81432,9.003,0.048
4437.84589,8.426,0.05
4441.79876,8.725,0.05
4453.77642,8.301,0.048
4456.84743,8.493,0.049
4459.82562,8.742,0.056
4462.80542,8.951,0.048
4465.79273,9.023,0.057
4471.81616,8.326,0.053
4476.77597,8.622,0.062
4479.75973,8.844,0.05
4482.78582,9.054,0.056
4485.82056,9.034,0.047
4488.73328,8.699,0.057
4490.79475,8.306,0.047
4492.83547,8.466,0.046
4498.84862,8.951,0.045
4501.69331,9.052,0.05
4503.79,9.013,0.05
4508.76141,8.288,0.046
4511.67598,8.521,0.047
4515.67042,8.818,0.054
4517.73096,8.997,0.049
4519.75838,9.045,0.053
4521.7976,9.041,0.05
4524.63632,8.818,0.046
4526.68853,8.4,0.05
4528.7421,8.436,0.046
4530.84167,8.622,0.05
4536.69797,9.033,0.044
4538.74048,9.067,0.049
4540.79628,9.016,0.051
4542.68858,8.825,0.058
4546.72186,8.398,0.055
4548.7286,8.586,0.051
4551.66209,8.808,0.046
4553.69526,8.979,0.046
4555.71058,9.057,0.046
4557.76224,9.043,0.046
4560.58462,8.896,0.045
4562.63291,8.344,0.048
4564.71648,8.419,0.046
4568.75115,8.728,0.05
4571.52668,8.927,0.048
4573.56903,9.045,0.049
4575.60523,9.144,0.049
4582.60812,8.389,0.051
4585.62875,8.618,0.045
4587.67328,8.792,0.049
4589.71786,8.931,0.049
4594.55544,9.029,0.046
4596.55977,8.91,0.047
4602.59438,8.53,0.051
4606.60138,8.861,0.058
4608.60482,9.003,0.049
4611.55663,9.035,0.045
4616.50548,8.477,0.045
4618.55305,8.332,0.045
4622.55221,8.643,0.047
4626.61911,8.971,0.048
4630.59917,9.024,0.048
4633.52418,8.841,0.054
4639.51523,8.555,0.048
4641.56685,8.756,0.049
4643.57023,8.909,0.053
4648.50711,9.028,0.052
4651.50201,8.914,0.057
4653.50724,8.345,0.05
4655.49989,8.408,0.057
4659.50059,8.692,0.051
4662.50156,8.971,0.062
4666.47001,9.046,0.048
4670.47023,8.67,0.049
4674.4708,8.453,0.049
4681.47624,8.989,0.058
4684.46868,9.045,0.052
4746.88264,8.463,0.053
4753.87828,8.974,0.048
4758.86883,9.031,0.048
4762.86426,8.296,0.046
4767.85747,8.656,0.044
4771.84814,8.974,0.046
4775.83934,9.037,0.045
4779.83363,8.576,0.053
4784.82952,8.555,0.048
4792.81358,9.049,0.049
4796.83865,8.88,0.051
4800.78896,8.402,0.059
4804.8191,8.71,0.047
4807.82649,8.949,0.051
4813.80993,8.975,0.053
4816.81627,8.388,0.051
4820.77805,8.54,0.05
4823.80438,8.783,0.046
4826.83056,8.994,0.048
4829.792,9.055,0.045
4844.83972,9.005,0.053
4847.75423,9.054,0.047
4850.73689,8.96,0.046
4853.75707,8.294,0.05
4856.78737,8.505,0.047
4860.73224,8.84,0.051
4862.81598,8.977,0.05
4865.74392,9.065,0.056
4868.71608,8.988,0.05
4870.78485,8.556,0.048
4876.72728,8.649,0.052
4879.72821,9.052,0.05
4882.65691,9.066,0.048
4884.74754,9.055,0.052
4892.64071,8.481,0.071
4902.67977,9.031,0.07
4905.66093,8.903,0.072
4907.71823,8.371,0.065
4914.62473,8.778,0.066
4916.66604,8.931,0.068
4918.78162,9.039,0.073
4921.57729,9.048,0.065
4926.59942,8.301,0.071
4936.57182,9.042,0.072
4938.62279,9.066,0.073
4945.69314,8.363,0.076
4952.67602,8.922,0.066
4954.62867,9.049,0.073
4959.56561,8.981,0.08
4961.6135,8.538,0.077
4966.61004,8.62,0.072
4968.66292,8.747,0.069
4991.5585,9.073,0.069
5013.5208,9.012,0.07
5024.51354,8.853,0.071
5031.49615,9.01,0.074
5037.47056,8.433,0.065
5039.48775,8.583,0.071
5125.87393,8.329,0.066
5140.84648,8.991,0.075
5147.84879,8.626,0.066
5158.81819,9.007,0.067
5163.83599,8.375,0.069
