1868.84051,9.328,0.059
1870.78494,8.706,0.066
1876.77232,8.645,0.058
1878.76924,9.115,0.049
1884.78325,9.192,0.048
1886.75258,9.217,0.049
1886.86608,9.104,0.092
1888.73989,8.877,0.059
1888.79259,8.89,0.098
1889.81876,9.065,0.047
1899.78364,8.834,0.04
1900.85703,9.075,0.041
1902.7725,9.403,0.1
1903.69251,8.982,0.054
1904.82931,8.715,0.05
1906.75004,9.15,0.102
1906.8437,9.156,0.043
1907.78468,9.332,0.041
1913.75359,9.386,0.043
1913.78706,9.393,0.096
1914.76238,8.971,0.043
1919.68783,9.357,0.053
1920.74776,8.642,0.045
1920.82996,8.65,0.094
1921.74904,8.771,0.045
1921.79722,8.821,0.093
1922.74568,9.019,0.041
1922.78919,9.045,0.088
1924.73994,9.379,0.046
1924.76913,9.402,0.096
1925.74077,9.046,0.051
1925.76964,9.045,0.093
1926.73504,8.651,0.052
1926.76617,8.672,0.09
1928.73911,9.107,0.046
1928.77024,9.135,0.096
1929.7329,9.306,0.041
1929.75736,9.309,0.079
1930.72828,9.352,0.036
1930.76645,9.367,0.084
1931.72527,8.694,0.048
1931.77097,8.686,0.086
1932.72067,8.756,0.039
1932.7588,8.777,0.081
1933.72086,8.987,0.036
1933.79865,9.026,0.086
1934.71747,9.178,0.038
1936.68849,9.154,0.038
1936.7174,9.16,0.083
1937.75622,8.619,0.036
1938.69386,8.861,0.084
1938.77089,8.876,0.037
1940.65202,9.263,0.037
1940.67312,9.276,0.082
1945.72281,9.175,0.036
1945.76881,9.176,0.074
1946.73143,9.343,0.041
1947.67585,9.241,0.084
1948.64823,8.613,0.045
1948.7205,8.626,0.079
1949.69522,8.845,0.041
1949.74763,8.868,0.06
1950.68406,9.065,0.041
1950.70635,9.083,0.059
1953.67945,8.88,0.037
1953.71085,8.872,0.066
1954.6958,8.711,0.05
1955.67217,8.919,0.035
1955.70357,8.948,0.058
1958.65635,9.304,0.037
1958.69227,9.275,0.064
1961.66532,9.035,0.065
1962.71117,9.228,0.063
1963.64878,9.355,0.039
1963.69263,9.382,0.064
1964.65774,8.94,0.039
1964.68925,8.952,0.064
1965.64637,8.653,0.039
1965.68235,8.662,0.062
1966.65094,8.898,0.039
1966.68242,8.919,0.064
1967.64554,9.089,0.04
1967.67927,9.127,0.063
1968.64749,9.258,0.042
1968.67674,9.317,0.065
1970.69967,8.636,0.055
1971.70893,8.776,0.047
1977.62082,8.856,0.049
1978.64432,9.023,0.05
1979.62787,9.268,0.049
1980.62466,9.301,0.05
1982.61639,8.728,0.042
1982.64797,8.742,0.065
1984.60582,9.131,0.049
1985.60945,9.319,0.047
2030.50712,9.407,0.064
2054.5204,8.745,0.081
2062.50726,9.279,0.066
2067.48198,6.325,0.066
2083.48336,9.037,0.061
2105.47419,6.262,0.056
2200.86953,9.795,0.063
2202.86201,9.152,0.06
2212.84085,9.38,0.058
2214.83284,8.618,0.059
2216.83182,9.067,0.059
2221.85074,8.965,0.07
2224.85694,9.229,0.056
2226.8278,8.835,0.055
2228.82263,9.246,0.057
2230.81895,8.927,0.055
2233.78677,9.145,0.054
2235.80084,9.316,0.055
2237.79795,8.817,0.056
2240.77052,9.388,0.057
2440.50508,9.395,0.037
2442.50261,8.74,0.044
2443.50095,8.951,0.083
2444.50137,9.139,0.04
2445.50756,9.328,0.091
2453.47424,8.648,0.073
2453.51463,8.648,0.052
2456.4981,9.314,0.061
2464.45837,8.638,0.035
2465.46598,8.893,0.066
2467.46852,9.308,0.037
2468.46696,9.347,0.072
2470.46722,8.75,0.035
2483.47784,9.139,0.074
2489.50047,9.17,0.071
2497.4683,8.599,0.07
2565.85989,9.039,0.042
2578.85592,9.355,0.052
2622.72708,9.32,0.045
2622.75242,9.291,0.083
2624.78102,8.642,0.049
2624.80595,8.654,0.054
2627.81536,9.206,0.044
2627.83313,9.214,0.064
2630.79418,8.619,0.067
2630.82387,8.68,0.055
2634.81018,9.34,0.062
2634.83937,9.352,0.085
2636.84966,8.756,0.07
2637.79687,9.03,0.048
2640.80425,9.099,0.05
2642.75668,8.876,0.052
2643.79909,9.074,0.047
2645.74237,9.382,0.055
2646.75577,8.79,0.051
2647.76639,8.705,0.067
2650.73802,9.361,0.055
2650.74684,9.33,0.045
2652.76465,8.637,0.06
2655.7374,9.233,0.061
2655.76758,9.287,0.051
2658.75069,8.691,0.048
2658.7707,8.71,0.076
2662.76374,9.28,0.04
2662.77926,9.265,0.073
2664.74822,8.807,0.053
2664.77771,8.808,0.048
2666.75276,9.241,0.042
2670.76149,8.939,0.048
2670.81662,8.96,0.052
2672.75035,9.32,0.051
2672.78909,9.333,0.046
2674.73817,8.636,0.06
2674.77202,8.612,0.052
2676.72458,9.035,0.04
2676.75617,9.024,0.05
2678.70649,9.382,0.059
2678.73135,9.379,0.051
2680.70859,8.649,0.041
2680.74024,8.62,0.047
2684.66008,9.357,0.048
2684.6851,9.372,0.049
2686.72303,8.77,0.054
2688.72738,9.226,0.047
2689.69525,9.378,0.066
2690.732,9.087,0.058
2692.78875,8.888,0.054
2696.73006,8.737,0.047
2697.6908,8.717,0.055
2698.74104,8.992,0.048
2699.68609,9.165,0.054
2700.70787,9.349,0.049
2701.68416,9.254,0.054
2703.68005,8.875,0.055
2704.69664,9.082,0.056
2705.67243,9.241,0.057
2706.68264,9.37,0.051
2707.6688,8.904,0.065
2710.63094,9.138,0.047
2710.6494,9.139,0.053
2711.81949,9.343,0.064
2712.62589,9.271,0.05
2713.6875,8.608,0.042
2713.75056,8.616,0.081
2714.79026,8.838,0.042
2715.6976,9.033,0.052
2717.65953,9.367,0.067
2717.78693,9.392,0.066
2720.63494,8.922,0.053
2721.67873,9.147,0.058
2722.79651,9.335,0.048
2723.68562,9.297,0.05
2724.83805,8.619,0.093
2725.82293,8.843,0.055
2726.70138,9.058,0.08
2727.69958,9.249,0.047
2728.68078,9.373,0.093
2729.84182,8.848,0.102
2731.79536,8.962,0.051
2732.75385,9.153,0.084
2734.55813,9.361,0.052
2734.61483,9.377,0.055
2736.56347,8.768,0.039
2736.60488,8.766,0.052
2737.75064,9.049,0.047
2737.80174,9.063,0.084
2739.68291,9.388,0.046
2739.69921,9.383,0.079
2741.63868,8.651,0.041
2741.65744,8.633,0.061
2742.78399,8.906,0.092
2744.63139,9.307,0.047
2744.64772,9.31,0.063
2747.68201,6.054,0.057
2747.71966,8.779,0.079
2750.72406,9.372,0.046
2750.75715,9.38,0.082
2752.63823,8.646,0.039
2752.65534,8.654,0.073
2754.73168,9.109,0.045
2754.75213,9.124,0.085
2756.68923,9.385,0.045
2756.70376,9.389,0.081
2758.75979,8.76,0.086
2760.6275,9.166,0.083
2760.68211,9.179,0.047
2764.59142,8.843,0.086
2766.63698,9.261,0.043
2769.73425,8.748,0.093
2770.61953,8.961,0.046
2775.64158,8.838,0.053
2775.64677,8.847,0.074
2784.60257,9.327,0.045
2784.60778,9.333,0.075
2786.5933,8.808,0.049
2786.5985,8.801,0.082
2790.46498,9.151,0.06
2790.4702,9.387,0.079
2792.501,8.891,0.046
2804.54167,9.07,0.055
2804.54685,9.097,0.075
2809.53939,9.006,0.044
2809.54457,8.97,0.077
2811.53784,9.356,0.038
2811.543,9.344,0.065
2813.53634,8.639,0.045
2813.54155,8.617,0.075
2819.52172,8.686,0.048
2819.534,8.701,0.086
2821.55749,9.146,0.044
2821.56807,9.149,0.102
2826.53626,9.045,0.036
2826.54499,9.055,0.069
2830.51741,8.663,0.042
2832.48421,9.14,0.072
2832.50474,9.118,0.044
2834.48999,9.317,0.066
2834.50599,9.313,0.045
2836.49234,8.799,0.074
2836.50601,8.79,0.041
2839.49154,9.369,0.079
2841.47128,8.648,0.041
2842.50097,8.86,0.08
2853.47601,8.88,0.072
2854.46945,9.089,0.038
2859.48275,8.995,0.087
2861.49051,9.364,0.085
2867.47462,9.393,0.073
2897.90094,8.899,0.045
2912.88123,8.765,0.039
2918.86675,8.598,0.063
2924.87877,8.702,0.081
2926.87803,9.131,0.043
2930.85308,8.821,0.038
2933.86475,9.385,0.046
2934.8676,8.928,0.073
2940.84011,8.622,0.044
2943.84496,9.258,0.042
2944.85187,9.382,0.092
2946.83231,8.666,0.042
2948.83161,9.11,0.083
2949.84501,9.303,0.041
2956.83332,9.095,0.07
2957.83235,8.593,0.061
2960.8461,9.32,0.057
2961.81174,9.377,0.046
2964.82207,8.969,0.088
2964.84484,8.972,0.043
2967.82704,9.158,0.042
2968.81544,8.611,0.078
2971.80348,9.276,0.034
2973.82808,8.809,0.075
2975.75251,8.951,0.041
2976.79382,9.154,0.052
2977.80079,9.358,0.05
2979.80007,8.62,0.056
2980.77928,8.849,0.037
2982.84161,9.222,0.08
2983.8028,9.381,0.049
2985.84279,8.696,0.076
2988.81809,9.344,0.059
2989.80668,9.287,0.051
2991.82645,8.808,0.072
2992.80208,9.035,0.053
2994.82171,9.379,0.077
2995.78703,8.968,0.051
2997.80999,8.93,0.055
3007.7939,8.659,0.032
3008.78371,8.891,0.059
3011.78356,9.367,0.056
3012.75788,8.693,0.057
3015.79237,9.181,0.084
3015.81025,9.194,0.044
3017.81983,9.104,0.032
3018.76172,8.617,0.057
3023.79049,8.742,0.067
3028.76213,9.215,0.032
3031.70634,9.059,0.047
3031.75356,9.066,0.059
3033.7522,9.377,0.043
3033.79213,9.381,0.079
3036.68185,8.943,0.043
3036.72716,8.952,0.064
3040.73698,8.624,0.043
3041.74367,8.823,0.081
3042.83164,9.072,0.041
3043.78747,9.252,0.083
3045.66277,8.999,0.035
3046.70931,8.673,0.076
3049.69709,9.323,0.075
3051.67245,8.648,0.041
3052.6834,8.782,0.087
3054.73378,9.206,0.077
3055.83997,9.401,0.049
3056.80733,8.931,0.081
3058.63358,8.894,0.048
3059.66528,9.097,0.058
3060.68341,9.307,0.042
3064.83075,9.034,0.054
3066.8122,9.388,0.057
3068.57921,8.613,0.044
3068.719,8.639,0.059
3070.65523,9.105,0.039
3070.74476,9.11,0.077
3072.7341,9.354,0.049
3072.84117,9.324,0.059
3074.70369,8.742,0.047
3075.63395,8.978,0.074
3076.72899,9.193,0.045
3077.67465,9.337,0.081
3078.72242,9.146,0.052
3079.69146,8.602,0.083
3081.72099,9.076,0.074
3082.82111,9.297,0.046
3085.72147,8.72,0.078
3087.72625,9.118,0.09
3089.5536,9.276,0.052
3089.74847,9.198,0.061
3091.5991,8.782,0.052
3091.76268,8.857,0.08
3093.59447,9.238,0.036
3096.62453,8.673,0.055
3097.59602,8.935,0.047
3098.63727,9.137,0.078
3099.63587,9.33,0.047
3100.64589,9.289,0.078
3101.63773,8.633,0.047
3102.65026,8.797,0.071
3103.63668,9.032,0.035
3104.66418,9.227,0.072
3105.63048,9.659,0.048
3106.65863,8.964,0.073
3107.63796,8.673,0.042
3108.66438,8.917,0.075
3109.64311,9.234,0.042
3110.65851,9.293,0.056
3111.64204,9.332,0.043
3112.67031,8.663,0.06
3113.66658,8.792,0.045
3114.72232,9.039,0.082
3115.66049,9.217,0.044
3116.72652,9.387,0.084
3118.70329,8.66,0.045
3121.61621,9.302,0.058
3122.61468,9.402,0.039
3123.61416,8.701,0.087
3124.6257,8.773,0.046
3125.63302,8.999,0.09
3126.63761,9.182,0.047
3127.648,9.354,0.092
3128.63586,9.132,0.049
3129.69304,8.645,0.088
3130.66992,8.897,0.043
3132.67578,9.304,0.05
3133.6993,9.388,0.057
3134.67827,8.753,0.036
3144.52719,9.402,0.034
3144.70279,9.382,0.082
3146.57746,8.726,0.033
3153.60137,9.056,0.04
3153.60716,9.04,0.085
3155.62498,9.388,0.054
3155.63439,9.449,0.076
3158.67177,8.939,0.09
3159.49887,9.105,0.051
3162.51163,8.669,0.083
3162.54286,8.687,0.035
3164.53086,9.018,0.084
3164.56214,9.037,0.049
3167.53633,9.077,0.083
3167.56918,9.052,0.035
3169.59229,8.918,0.058
3169.61081,8.941,0.037
3176.60187,9.189,0.064
3177.47112,9.378,0.047
3179.52455,8.629,0.053
3179.55841,8.644,0.034
3182.60054,9.314,0.086
3183.55863,9.405,0.038
3186.5202,8.988,0.048
3187.519,9.165,0.084
3190.55122,8.617,0.081
3363.82936,8.968,0.067
3365.84411,9.396,0.046
3372.84567,8.946,0.047
3382.84456,9.405,0.062
3382.86335,9.346,0.069
3387.77196,9.309,0.066
3388.76509,9.373,0.052
3390.7721,8.764,0.065
3391.73099,9.003,0.077
3393.82886,9.412,0.061
3394.80631,9.078,0.07
3396.7049,8.848,0.051
3397.74641,9.1,0.075
3398.76795,9.465,0.038
3399.79188,9.38,0.064
3399.81045,9.348,0.07
3403.76244,9.15,0.06
3405.79766,9.132,0.046
3407.71478,8.832,0.09
3408.66712,9.06,0.055
3410.75011,9.377,0.052
3412.69371,8.697,0.084
3412.80547,8.715,0.048
3414.74713,9.139,0.057
3415.64559,9.322,0.055
3416.75596,9.242,0.083
3417.70611,8.707,0.047
3418.77693,8.814,0.086
3419.69616,9.061,0.038
3420.76878,9.237,0.08
3422.79482,8.879,0.095
3424.76501,8.943,0.083
3425.71963,9.142,0.04
3426.74533,9.336,0.079
3427.74904,9.296,0.051
3430.7758,9.047,0.079
3431.70006,9.221,0.038
3432.77799,9.411,0.086
3433.73224,8.989,0.048
3436.72051,9.097,0.05
3438.67259,9.343,0.057
3439.70259,8.674,0.031
3442.62673,9.174,0.054
3442.80823,9.223,0.044
3444.65878,9.11,0.067
3444.66159,9.094,0.092
3446.67009,8.888,0.046
3446.67341,8.89,0.059
3450.63748,8.776,0.051
3454.778,9.366,0.055
3454.79946,9.376,0.06
3456.77476,8.647,0.053
3458.79062,9.133,0.04
3458.79928,9.087,0.06
3460.80472,9.359,0.051
3460.8134,9.384,0.056
3463.52729,8.931,0.052
3463.57603,8.95,0.056
3465.58283,9.347,0.032
3465.61957,9.362,0.082
3467.75211,8.646,0.033
3468.61084,8.827,0.079
3470.50887,9.241,0.033
3470.63611,9.263,0.081
3472.55667,8.96,0.043
3472.62811,8.93,0.057
3474.59797,8.928,0.044
3474.65315,8.965,0.054
3476.6631,9.361,0.052
3478.65105,8.871,0.048
3478.6937,8.61,0.057
3480.64631,9.06,0.055
3480.6859,9.062,0.081
3482.65372,9.392,0.05
3484.69168,8.674,0.056
3484.72979,8.685,0.096
3489.60293,8.676,0.044
3489.61153,8.705,0.088
3491.60979,9.011,0.056
3495.6064,8.657,0.033
3495.61502,8.666,0.078
3497.64559,9.116,0.048
3497.65797,9.115,0.057
3502.67124,8.996,0.054
3504.71135,9.395,0.069
3506.53021,8.611,0.045
3509.56897,9.298,0.082
3509.59618,9.269,0.032
3511.65855,8.751,0.056
3511.66126,8.733,0.045
3515.68162,9.357,0.084
3517.66189,8.63,0.082
3521.59474,9.405,0.054
3522.47851,9.517,0.062
3523.59811,8.702,0.087
3525.618,9.148,0.082
3526.5375,9.319,0.052
3528.54356,8.63,0.054
3529.61934,8.901,0.082
3530.54043,9.059,0.035
3538.5613,9.333,0.044
3538.56697,9.347,0.084
3540.60794,8.799,0.083
3542.51738,9.211,0.057
3544.57367,9.027,0.052
3547.56023,9.121,0.081
3556.52292,8.636,0.045
3560.49255,9.391,0.037
3561.50776,8.791,0.059
3562.49398,8.772,0.04
3563.52286,9.012,0.078
3564.48793,9.147,0.044
3570.51878,9.292,0.081
3574.49171,8.968,0.043
3574.51919,9.485,0.08
3577.52425,9.268,0.083
3585.48237,8.939,0.083
3588.49093,9.27,0.062
3591.47427,9.064,0.084
3653.86867,9.285,0.064
3657.85926,9.008,0.047
3661.85906,8.594,0.052
3665.85288,9.359,0.053
3671.82935,9.2,0.044
3673.85938,8.879,0.081
3675.82093,9.26,0.042
3701.82669,8.923,0.087
3705.81954,8.665,0.083
3706.78161,8.757,0.05
3713.76622,9.093,0.048
3713.80643,9.105,0.082
3716.80536,8.726,0.047
3717.79816,8.755,0.079
3719.80594,9.18,0.057
3720.8132,9.413,0.082
3724.80909,9.109,0.082
3726.79291,9.366,0.053
3727.81586,8.796,0.087
3730.80372,9.142,0.058
3731.8259,9.345,0.085
3733.81525,8.61,0.042
3734.83719,8.878,0.089
3736.79043,9.257,0.042
3737.80403,9.383,0.078
3739.77266,8.709,0.048
3740.80635,8.972,0.084
3742.76734,9.339,0.048
3743.84628,9.267,0.082
3745.75068,8.819,0.049
3746.78654,9.054,0.087
3748.73886,9.387,0.057
3749.77704,8.968,0.085
3751.72661,8.893,0.057
3752.78107,9.153,0.08
3754.72528,9.316,0.054
3755.75358,8.648,0.077
3756.78992,8.798,0.055
3758.7572,9.232,0.081
3759.70438,9.385,0.056
3761.75663,8.644,0.087
3762.69296,8.891,0.057
3764.74477,9.334,0.085
3765.6947,9.366,0.054
3767.73605,8.821,0.091
3768.6818,8.981,0.054
3770.71899,9.354,0.092
3770.80205,9.364,0.058
3773.67574,8.856,0.053
3773.7233,9.028,0.092
3775.72542,9.293,0.052
3775.85978,9.505,0.085
3780.65749,9.145,0.053
3780.69365,9.155,0.087
3783.70763,8.614,0.056
3783.74418,8.621,0.084
3787.74029,9.376,0.053
3788.72359,8.848,0.089
3789.78922,8.726,0.052
3791.66513,9.137,0.088
3792.66039,9.317,0.052
3793.71469,9.252,0.088
3794.71235,8.609,0.055
3795.77964,8.857,0.082
3796.8032,9.089,0.047
3798.64721,9.387,0.092
3799.60947,8.941,0.068
3800.69729,8.68,0.086
3801.65443,8.929,0.049
3802.83315,9.133,0.092
3803.83147,9.348,0.064
3804.77156,9.243,0.086
3805.73094,8.638,0.049
3808.72222,9.221,0.056
3810.60597,9.075,0.085
3810.79088,8.922,0.057
3812.66655,8.906,0.086
3813.57504,9.093,0.054
3814.66446,9.346,0.084
3815.62323,9.354,0.057
3816.69645,8.678,0.084
3817.65141,8.776,0.05
3818.72279,9.045,0.081
3819.66765,9.203,0.055
3820.77424,9.393,0.084
3821.73523,9.028,0.058
3822.82229,8.691,0.086
3823.76973,8.913,0.065
3825.57687,9.302,0.09
3826.52882,9.393,0.049
3827.63782,8.765,0.081
3828.58073,8.732,0.049
3829.67338,9.018,0.08
3830.64269,9.178,0.058
3831.67773,9.349,0.084
3832.64522,9.187,0.054
3833.63839,8.638,0.087
3834.63874,8.861,0.051
3835.6582,9.086,0.091
3836.66323,9.278,0.057
3837.69798,9.417,0.089
3848.58824,9.359,0.068
3848.60166,9.37,0.095
3850.6196,8.702,0.046
3850.62941,8.723,0.084
3852.62157,9.129,0.052
3852.63139,9.156,0.091
3854.62587,9.264,0.052
3854.64134,9.403,0.086
3856.69191,8.827,0.051
3856.70103,8.834,0.06
3861.58161,8.678,0.045
3861.58802,8.695,0.087
3863.57941,9.119,0.055
3865.5867,9.337,0.051
3865.59311,9.359,0.09
3867.62916,8.793,0.055
3867.63494,8.805,0.084
3869.62683,9.196,0.059
3869.63262,9.227,0.086
3871.61908,9.059,0.048
3871.62481,9.052,0.082
3875.6074,9.308,0.047
3877.66231,8.666,0.045
3877.68576,8.674,0.082
3882.69984,9.069,0.078
3883.51811,8.646,0.049
3887.46944,9.401,0.084
3887.51768,9.377,0.053
3889.52726,8.714,0.039
3891.51412,9.176,0.083
3891.52807,9.163,0.044
3893.54048,9.251,0.085
3893.55641,9.229,0.047
3896.63475,9.097,0.074
3897.52685,9.252,0.052
3899.52194,8.854,0.078
3899.56025,8.891,0.06
3901.5499,8.966,0.084
3901.57938,8.967,0.049
3903.57941,9.346,0.08
3903.60224,9.336,0.047
3905.57613,8.62,0.083
3906.47874,8.809,0.049
3907.56698,9.046,0.084
3908.49925,9.236,0.048
4090.79504,9.099,0.057
4104.7609,8.802,0.061
4107.7855,9.167,0.051
4111.84092,8.856,0.056
4126.73306,8.965,0.049
4128.79427,8.94,0.05
4131.73266,9.345,0.056
4131.82738,9.288,0.036
4133.78442,8.81,0.058
4136.71295,9.376,0.059
4140.78036,9.123,0.056
4142.80003,9.342,0.036
4142.85056,9.328,0.053
4145.69475,8.998,0.055
4147.74527,9.368,0.066
4150.81592,8.893,0.04
4153.72559,9.391,0.056
4159.74641,9.172,0.035
4160.65599,8.627,0.055
4162.70418,9.084,0.057
4163.71957,9.28,0.043
4164.72901,9.381,0.062
4165.75683,8.813,0.038
4167.69528,8.962,0.058
4168.76317,9.182,0.035
4172.75036,8.87,0.056
4173.73385,9.06,0.037
4174.80832,9.294,0.057
4175.79394,9.395,0.044
4180.65963,9.356,0.06
4180.77424,9.36,0.048
4182.6877,8.614,0.06
4184.69056,9.048,0.061
4185.61005,9.197,0.036
4187.81253,8.871,0.057
4188.71935,8.668,0.033
4190.56578,9.128,0.057
4190.72683,9.101,0.035
4192.62889,9.347,0.052
4192.71545,9.36,0.038
4194.66386,8.77,0.058
4194.74951,8.795,0.042
4197.65636,9.377,0.056
4199.73252,8.661,0.066
4200.66298,8.875,0.035
4202.77991,9.938,0.063
4204.79888,8.633,0.054
4205.67468,8.753,0.038
4208.64345,9.353,0.075
4208.73934,9.353,0.047
4213.66685,9.258,0.042
4213.67312,9.287,0.06
4216.65821,8.712,0.032
4216.667,8.743,0.054
4227.5413,8.659,0.034
4227.55246,8.72,0.052
4229.55921,9.126,0.034
4229.57036,9.157,0.054
4231.56825,9.285,0.039
4231.57462,9.324,0.06
4233.56815,8.794,0.03
4233.57767,8.815,0.049
4235.56957,9.211,0.033
4235.57594,9.255,0.055
4237.5945,8.972,0.047
4237.60237,8.959,0.065
4246.5448,9.17,0.032
4246.55117,9.222,0.054
4247.61875,9.36,0.043
4253.54794,9.338,0.035
4255.61373,8.763,0.035
4255.62243,8.781,0.057
4257.60474,9.191,0.05
4257.61727,9.193,0.061
4259.63534,9.056,0.067
4267.58885,8.964,0.038
4267.59807,9.006,0.062
4269.62581,9.346,0.059
4272.58053,8.836,0.052
4274.50622,9.241,0.033
4274.59916,9.261,0.051
4277.53275,8.688,0.034
4277.58962,8.726,0.053
4281.5358,9.272,0.044
4282.56471,8.628,0.065
4284.50986,9.023,0.034
4284.5812,9.069,0.054
4286.5754,9.354,0.068
4290.57979,9.13,0.053
4291.48271,9.301,0.033
4292.54485,9.301,0.052
4293.49499,8.634,0.032
4294.55396,8.811,0.052
4295.49533,9.02,0.034
4296.54528,9.222,0.056
4297.50001,9.366,0.044
4298.54999,8.982,0.062
4300.50818,8.917,0.059
4301.49321,9.118,0.045
4304.50947,8.701,0.053
4305.498,8.758,0.037
4306.53901,9.008,0.054
4311.49884,9.224,0.056
4315.47889,8.772,0.051
4319.47397,9.351,0.052
4385.88336,9.336,0.047
4386.87979,9.278,0.05
4409.86111,8.679,0.052
4423.83693,9.174,0.06
4428.8236,9.077,0.06
4435.81042,9.351,0.051
4439.80397,9.062,0.054
4443.80412,8.704,0.051
4454.82681,8.691,0.059
4458.78114,9.339,0.063
4461.80295,9.023,0.054
4464.80542,9.043,0.053
4467.81616,9.114,0.056
4470.80597,8.697,0.067
4472.81877,8.95,0.066
4474.80322,9.377,0.056
4478.74423,9.079,0.053
4482.77638,8.709,0.05
4485.77251,9.514,0.054
4485.80051,9.341,0.037
4488.75647,8.829,0.065
4490.76593,9.283,0.035
4491.73678,9.409,0.052
4492.8128,8.809,0.034
4497.75873,9.278,0.052
4498.77528,8.592,0.034
4501.68252,9.217,0.035
4503.71909,8.956,0.055
4503.77933,8.927,0.042
4505.82975,8.962,0.054
4508.74503,9.304,0.036
4510.8008,8.812,0.057
4511.64446,9.002,0.039
4516.73095,8.834,0.06
4516.73342,8.88,0.072
4518.76539,9.333,0.044
4518.76865,9.332,0.058
4520.81135,8.652,0.042
4520.82059,8.642,0.057
4523.65643,9.178,0.052
4525.67936,9.09,0.041
4525.71658,9.092,0.053
4527.69848,8.877,0.033
4527.7277,8.888,0.053
4529.76825,9.289,0.033
4529.79914,9.33,0.051
4532.61889,8.697,0.036
4532.64061,8.725,0.053
4535.70355,9.347,0.036
4535.74278,9.357,0.055
4537.72822,8.617,0.032
4537.7501,8.652,0.052
4539.72781,9.085,0.053
4539.7638,9.104,0.069
4541.72855,9.367,0.033
4541.77129,9.38,0.052
4543.74126,8.72,0.043
4543.7725,8.74,0.057
4545.71915,9.145,0.055
4547.75349,9.187,0.063
4550.60839,9.001,0.059
4552.69754,9.392,0.033
4552.71498,9.415,0.055
4554.72652,8.674,0.044
4554.74395,8.697,0.06
4558.8311,9.233,0.051
4559.57269,8.643,0.039
4561.59208,9.026,0.057
4561.63439,9.019,0.035
4563.61256,9.584,0.057
4563.66327,9.379,0.034
4565.62627,8.693,0.056
4565.72001,8.685,0.04
4567.64296,9.12,0.055
4567.75119,9.121,0.039
4569.63971,9.356,0.054
4569.71083,9.309,0.04
4571.63049,8.803,0.055
4571.71155,8.801,0.034
4573.65646,9.216,0.056
4573.70719,9.225,0.048
4575.68959,9.03,0.058
4575.71589,8.985,0.041
4578.79329,9.125,0.063
4579.68882,9.295,0.044
4580.75438,9.335,0.055
4582.68944,8.767,0.042
4585.54638,9.364,0.054
4586.54217,9.149,0.038
4587.62024,8.644,0.057
4588.61789,8.857,0.041
4589.65095,9.09,0.056
4590.66834,9.258,0.043
4591.66511,9.384,0.052
4592.64971,8.763,0.037
4593.70168,8.752,0.054
4594.66598,8.964,0.035
4595.66168,9.172,0.051
4596.66953,9.42,0.034
4597.58075,9.264,0.053
4599.52087,8.795,0.04
4599.60467,8.84,0.057
4601.57025,9.251,0.036
4601.60839,9.258,0.055
4603.61877,8.877,0.039
4603.64253,8.851,0.057
4607.62078,9.339,0.041
4607.65594,9.364,0.06
4609.66017,8.596,0.037
4610.54108,8.814,0.054
4611.64848,9.059,0.035
4616.60224,8.908,0.035
4616.60786,8.938,0.055
4622.60749,9.008,0.037
4622.61312,9.019,0.054
4626.63909,8.68,0.052
4627.52314,8.881,0.037
4629.532,9.302,0.037
4630.62548,9.37,0.056
4631.57807,8.684,0.041
4633.53077,9.005,0.061
4633.59977,8.995,0.046
4639.599,9.124,0.058
4642.52471,8.784,0.059
4642.55159,8.76,0.04
4644.53445,9.121,0.051
4644.55808,8.945,0.036
4646.5348,9.344,0.063
4646.55957,9.302,0.057
4649.51417,8.842,0.063
4649.51926,8.786,0.056
4652.50149,9.362,0.049
4653.56646,8.81,0.06
4655.53527,8.973,0.058
4656.51043,9.147,0.045
4659.53416,8.616,0.06
4662.55446,9.276,0.064
4663.50942,9.348,0.055
4666.48348,8.939,0.063
4667.46695,9.107,0.035
4670.48299,8.606,0.056
4672.5235,9.043,0.062
4677.48303,8.935,0.063
4679.50688,9.345,0.058
4682.4943,8.783,0.062
4685.48399,9.384,0.063
4691.47066,9.403,0.059
4746.88264,9.432,0.053
4753.87828,8.648,0.048
4758.86883,8.854,0.048
4762.86426,9.36,0.046
4763.87045,9.254,0.056
4767.85747,9.242,0.044
4768.85966,9.397,0.058
4771.84814,8.936,0.046
4772.85623,9.139,0.052
4775.83934,8.646,0.045
4776.84909,8.788,0.059
4780.84149,9.016,0.053
4784.85508,9.3,0.055
4792.83056,8.662,0.048
4796.85303,9.347,0.06
4800.80866,9.151,0.062
4804.83934,8.885,0.056
4808.80527,8.819,0.051
4813.82082,9.219,0.057
4816.82649,9.079,0.056
4820.78806,8.699,0.054
4823.81952,9.342,0.053
4827.77918,9.037,0.053
4830.82928,8.937,0.059
4833.82444,9.135,0.053
4836.81269,8.65,0.056
4842.78513,8.65,0.06
4846.77161,9.35,0.055
4849.76336,9.007,0.055
4852.75761,9.122,0.053
4856.75604,9.39,0.055
4860.7597,8.969,0.064
4863.73181,9.231,0.056
4866.71976,9.075,0.054
4869.70202,8.878,0.068
4871.75044,8.97,0.061
4872.76075,9.125,0.048
4876.80388,8.857,0.059
4879.74104,9.409,0.054
4882.67584,8.928,0.054
4884.77916,9.342,0.059
4888.77655,9.024,0.051
4890.66237,9.36,0.083
4892.75849,8.695,0.079
4899.77624,9.046,0.066
4903.77853,8.677,0.062
4903.7914,8.69,0.085
4905.83443,9.101,0.063
4906.61623,9.292,0.08
4908.7261,8.748,0.079
4914.73727,8.639,0.057
4914.75883,9.008,0.087
4917.5757,9.285,0.079
4919.64249,8.849,0.051
4921.80178,8.994,0.061
4921.82359,8.999,0.082
4926.61592,8.85,0.082
4929.68379,9.388,0.064
4936.56454,8.652,0.061
4936.57832,8.693,0.082
4938.61281,9.021,0.061
4938.62945,9.094,0.083
4945.68006,9.298,0.059
4945.69828,9.326,0.085
4949.76163,9.067,0.08
4952.636,9.09,0.077
4952.65157,9.034,0.053
4954.60288,8.924,0.084
4954.60935,8.895,0.061
4959.68555,8.763,0.067
4962.59709,9.345,0.059
4962.60444,9.493,0.082
4967.62371,9.259,0.07
4969.65472,8.773,0.089
4973.5971,9.337,0.066
4975.64839,8.613,0.057
4984.58422,9.341,0.063
4984.59009,9.35,0.084
4991.56689,8.988,0.081
4991.59144,8.953,0.056
5006.60497,9.3,0.08
5014.57102,8.667,0.082
5021.51325,8.995,0.081
5023.4714,9.324,0.048
5023.51541,9.395,0.078
5025.4891,8.555,0.068
5031.53708,8.754,0.075
5032.48053,8.868,0.056
5037.50221,8.849,0.078
5039.49924,9.282,0.079
5041.50941,8.951,0.077
5049.47462,9.071,0.09
5125.87393,8.746,0.066
5159.84483,8.946,0.077
5164.8099,8.8,0.079
5168.8315,9.082,0.082
