1899.79974,10.865,0.035
1900.86407,11.078,0.041
1907.77819,11.061,0.04
1914.77628,11.057,0.041
1915.83941,10.91,0.04
1919.72311,10.638,0.042
1920.75718,10.891,0.038
1921.77978,11.039,0.04
1922.75288,10.951,0.038
1924.74942,10.367,0.041
1925.75254,10.56,0.041
1926.74458,10.648,0.039
1928.74643,11.048,0.04
1930.74007,10.279,0.034
1931.73734,10.359,0.042
1932.735,10.549,0.038
1933.74446,10.64,0.037
1934.72932,10.881,0.036
1936.70216,10.974,0.037
1937.76792,10.275,0.038
1938.77454,10.385,0.037
1940.66509,10.619,0.037
1945.74513,10.365,0.036
1946.7603,10.56,0.038
1948.66988,10.865,0.039
1949.7097,11.061,0.045
1950.69149,10.954,0.041
1953.68916,10.539,0.038
1954.6958,10.63,0.039
1955.68638,10.884,0.038
1958.67057,10.291,0.039
1961.63161,10.599,0.039
1962.69394,10.843,0.04
1963.67541,11.041,0.04
1965.66514,10.278,0.038
1966.66739,10.353,0.04
1967.66199,10.537,0.041
1970.68463,11.035,0.043
1978.65863,10.93,0.048
1980.63899,10.351,0.048
1981.65611,10.547,0.047
1982.63062,10.641,0.043
2054.5204,11.094,0.053
2062.47813,10.943,0.055
2071.50956,10.382,0.056
2094.50249,10.7,0.046
2117.47928,11.055,0.038
2200.86953,11.009,0.043
2202.86201,10.473,0.04
2212.84085,10.552,0.041
2214.83284,10.977,0.042
2216.83182,10.454,0.044
2221.85074,10.997,0.053
2224.85694,10.312,0.043
2226.8278,10.571,0.042
2228.82263,10.975,0.044
2230.81895,10.443,0.042
2233.78677,10.559,0.042
2235.80084,10.998,0.046
2237.79795,10.475,0.046
2240.77052,10.58,0.047
2440.49596,10.373,0.037
2442.49345,10.505,0.038
2444.4898,10.874,0.039
2453.50069,10.929,0.051
2466.47717,11.044,0.039
2558.88535,10.611,0.035
2578.86456,11.077,0.04
2622.73403,10.265,0.035
2624.79039,10.529,0.038
2627.82473,11.051,0.04
2630.81317,10.488,0.039
2634.83103,11.032,0.039
2637.77901,10.509,0.035
2640.78395,10.989,0.045
2643.77449,10.29,0.041
2645.80733,10.585,0.037
2649.74149,10.593,0.035
2651.73599,10.532,0.04
2655.81322,11.032,0.044
2658.7648,10.566,0.04
2660.77519,10.868,0.054
2662.77337,11.064,0.037
2664.76721,10.329,0.037
2666.76244,10.566,0.039
2670.79672,10.541,0.043
2672.76234,10.528,0.041
2674.75019,10.884,0.036
2676.73656,11.038,0.037
2678.72315,10.277,0.039
2680.72065,10.556,0.039
2684.67221,10.614,0.04
2686.71025,10.504,0.042
2689.74531,11.056,0.042
2691.70558,10.544,0.043
2693.71996,10.537,0.044
2697.71285,11.097,0.042
2699.7056,10.315,0.047
2701.70367,10.621,0.04
2703.69957,10.98,0.047
2705.69198,10.58,0.044
2707.68853,10.542,0.048
2709.66004,10.877,0.043
2710.79008,11.034,0.038
2712.61967,10.599,0.042
2713.72961,10.294,0.053
2715.69136,10.573,0.039
2717.77823,11.017,0.041
2721.79134,10.553,0.042
2723.67245,10.87,0.036
2724.82051,11.024,0.039
2726.69023,10.534,0.038
2728.67211,10.533,0.037
2734.59587,10.308,0.035
2736.58,10.599,0.045
2737.78276,10.862,0.039
2739.69036,11.07,0.036
2741.64611,10.289,0.036
2742.76735,10.529,0.049
2744.6388,10.84,0.035
2747.69894,10.44,0.038
2750.73636,10.575,0.041
2752.64368,11.015,0.041
2754.73986,10.418,0.039
2759.51693,10.95,0.051
2760.69161,11.027,0.034
2762.65371,10.302,0.058
2764.63265,10.579,0.035
2766.64643,11.019,0.034
2770.62892,10.528,0.036
2775.52149,10.565,0.034
2776.62914,10.305,0.04
2782.54678,10.531,0.039
2783.69983,10.326,0.031
2784.54466,10.521,0.035
2786.54021,10.859,0.033
2789.53624,10.515,0.037
2791.57223,10.503,0.053
2794.5211,11.006,0.041
2797.51361,10.303,0.045
2804.49042,10.311,0.036
2808.60765,11.021,0.04
2810.52872,10.509,0.04
2812.52679,10.516,0.04
2821.49255,10.863,0.037
2826.48417,10.54,0.033
2829.5429,11.036,0.04
2832.47871,10.323,0.039
2834.48449,10.576,0.037
2836.48683,11.014,0.036
2839.48601,10.301,0.039
2842.49545,10.831,0.049
2845.49177,10.466,0.034
2853.46348,10.308,0.039
2859.4698,10.441,0.043
2918.88606,10.842,0.055
2923.87467,10.424,0.035
2927.86608,11.088,0.034
2931.86707,10.538,0.036
2935.85943,10.757,0.037
2944.84022,10.411,0.041
2955.83857,11.084,0.037
2956.84551,10.692,0.029
2960.83665,10.81,0.034
2964.80763,10.263,0.036
2967.84666,10.821,0.036
2971.81075,10.262,0.036
2975.76246,10.945,0.034
2976.8014,11.088,0.045
2977.82251,10.722,0.041
2980.80246,10.556,0.032
2983.8157,11.107,0.041
2986.8245,10.499,0.034
2989.81697,10.96,0.035
2992.80712,10.272,0.036
2995.8167,10.85,0.036
2998.80084,10.686,0.036
2998.81278,10.665,0.034
3005.79117,10.673,0.035
3007.80926,10.481,0.032
3010.76767,10.969,0.037
3013.76752,10.238,0.034
3023.80658,10.935,0.034
3028.79158,10.477,0.033
3031.72301,10.945,0.037
3033.76996,10.634,0.036
3036.70265,10.549,0.033
3040.76509,10.653,0.034
3043.68476,10.554,0.038
3045.75106,10.969,0.034
3048.73036,10.252,0.037
3051.67913,10.813,0.035
3053.76255,11.043,0.043
3056.6557,10.451,0.032
3060.73362,11.094,0.036
3062.77207,10.258,0.043
3068.67513,10.67,0.035
3070.70616,10.474,0.036
3072.78438,10.827,0.037
3074.80802,11.057,0.036
3077.59788,10.469,0.047
3079.65132,10.836,0.037
3081.65128,11.098,0.033
3087.65289,10.983,0.043
3089.68092,10.662,0.055
3091.6622,10.473,0.036
3093.64933,10.815,0.038
3097.64475,10.242,0.038
3099.69832,10.547,0.037
3101.71853,10.988,0.036
3103.71707,10.599,0.036
3105.70463,10.519,0.037
3107.70619,10.824,0.034
3109.70461,11.059,0.037
3111.77184,10.279,0.038
3114.51785,10.801,0.034
3116.5517,11.086,0.057
3121.53406,10.8,0.04
3123.55895,11.086,0.034
3125.59029,10.283,0.037
3127.61902,10.596,0.043
3129.67117,11.027,0.041
3131.65676,10.588,0.041
3133.66388,10.488,0.034
3144.65978,11.059,0.034
3153.49983,10.25,0.036
3154.64133,10.514,0.035
3158.56274,11.07,0.04
3160.57567,10.296,0.039
3163.58164,10.821,0.04
3165.58406,11.077,0.038
3168.5959,10.521,0.034
3171.59591,10.978,0.034
3175.58291,10.502,0.035
3177.58349,10.848,0.034
3180.55889,10.602,0.049
3180.57426,10.585,0.035
3183.57934,10.526,0.039
3186.54067,11.053,0.034
3190.49609,10.561,0.037
3356.8279,10.405,0.046
3363.82936,10.422,0.042
3365.84411,10.796,0.037
3372.84567,10.773,0.038
3374.8492,11.064,0.049
3380.85425,10.941,0.051
3382.84456,10.737,0.041
3387.77196,10.938,0.043
3388.80975,11.085,0.048
3391.73099,10.402,0.057
3393.79349,10.785,0.036
3393.82886,10.757,0.047
3394.78184,10.936,0.042
3397.72121,10.253,0.042
3399.79188,10.56,0.041
3404.78949,10.259,0.046
3407.68836,10.715,0.06
3409.73838,11.116,0.057
3411.81285,10.247,0.043
3414.67447,10.725,0.04
3418.74592,10.226,0.045
3424.73104,10.763,0.044
3426.73009,10.439,0.045
3430.75985,11.06,0.04
3432.75863,10.248,0.045
3434.75946,10.561,0.048
3438.66737,10.772,0.037
3442.61093,10.725,0.037
3444.64918,11.08,0.055
3446.65846,10.207,0.049
3450.63748,10.953,0.043
3452.62566,10.845,0.042
3454.77365,10.459,0.048
3456.77301,10.755,0.043
3458.78888,11.082,0.041
3460.79932,10.254,0.044
3465.59588,11.084,0.037
3467.77732,10.26,0.037
3470.52732,10.724,0.045
3472.57533,11.123,0.042
3474.61328,10.409,0.038
3478.66232,10.963,0.045
3480.65191,10.755,0.049
3482.65928,10.475,0.045
3484.70443,10.796,0.057
3489.55454,10.452,0.042
3495.56899,10.223,0.043
3497.62607,10.577,0.04
3504.644,10.587,0.052
3508.66742,10.687,0.034
3511.59032,10.555,0.04
3517.60629,10.459,0.047
3521.57067,11.056,0.049
3523.57401,10.253,0.04
3525.5969,10.563,0.038
3529.60263,10.701,0.047
3538.51936,10.449,0.037
3543.5598,10.729,0.049
3547.54661,10.794,0.036
3561.49165,10.773,0.049
3563.51177,11.062,0.043
3570.47325,11.07,0.042
3574.47415,10.52,0.046
3577.50011,11.089,0.044
3585.46673,10.744,0.046
3589.46667,10.807,0.048
3652.88461,10.897,0.047
3657.8702,10.567,0.046
3662.8769,10.296,0.053
3666.86017,10.894,0.052
3671.84966,10.545,0.039
3675.84041,10.971,0.046
3706.80854,10.534,0.047
3713.78723,10.561,0.048
3719.82818,10.353,0.05
3726.80841,10.388,0.047
3730.81709,11.085,0.053
3733.82466,10.389,0.041
3736.80875,10.89,0.044
3742.78067,10.661,0.049
3748.75494,10.723,0.048
3751.75133,11.049,0.048
3754.73332,10.353,0.047
3756.79296,10.697,0.049
3759.7242,10.939,0.046
3765.71127,11.094,0.056
3768.70258,10.353,0.049
3773.77964,10.856,0.05
3776.68481,10.552,0.044
3778.73069,11.063,0.046
3780.76177,10.903,0.045
3783.80209,10.58,0.053
3787.84189,10.823,0.047
3790.64637,10.596,0.047
3792.72731,10.908,0.049
3794.77272,10.868,0.047
3799.69241,10.882,0.046
3802.62395,10.276,0.051
3804.69017,10.572,0.045
3806.68702,10.909,0.046
3809.70022,10.223,0.049
3811.73504,10.556,0.048
3818.56655,10.543,0.041
3820.63017,10.874,0.048
3822.68358,10.869,0.047
3824.74373,10.421,0.044
3826.79792,10.733,0.049
3831.60331,10.372,0.048
3833.60063,10.675,0.044
3835.61299,11.107,0.047
3837.64999,10.259,0.042
3847.68715,10.733,0.052
3849.65059,11.053,0.048
3851.65013,10.229,0.048
3853.68623,10.545,0.044
3856.54457,11.085,0.05
3858.65129,10.234,0.052
3860.67137,10.563,0.043
3862.6012,10.899,0.044
3864.6284,10.826,0.052
3866.64309,10.421,0.048
3868.68055,10.763,0.049
3870.67558,11.091,0.044
3872.6737,10.236,0.047
3876.62405,10.93,0.047
3880.55142,10.528,0.044
3882.58588,10.704,0.047
3886.59823,10.22,0.044
3888.60552,10.569,0.051
3890.58955,10.917,0.041
3896.59825,10.737,0.042
3898.61634,11.094,0.044
3901.51302,10.395,0.043
3903.53683,10.706,0.044
3905.53666,11.041,0.043
3907.54017,10.247,0.043
4090.77968,10.53,0.039
4104.74305,10.541,0.043
4107.76474,11.022,0.037
4111.8252,10.53,0.042
4125.72373,10.522,0.045
4127.7824,10.879,0.037
4130.7076,10.395,0.04
4132.76079,10.546,0.039
4134.7903,10.859,0.041
4136.80839,10.943,0.044
4139.68953,10.553,0.04
4143.74245,10.97,0.042
4145.82098,10.359,0.041
4149.69151,11.04,0.041
4151.74162,10.336,0.038
4153.72884,10.567,0.041
4160.69461,10.566,0.038
4162.69843,10.882,0.039
4164.72248,10.993,0.043
4167.67462,10.553,0.04
4172.72255,10.33,0.037
4174.74245,10.538,0.039
4176.81064,10.924,0.041
4179.74865,10.31,0.043
4181.77892,10.547,0.056
4183.84382,10.885,0.053
4186.82748,10.268,0.036
4189.68724,10.62,0.036
4191.6617,11.009,0.037
4193.69285,10.31,0.04
4196.72745,10.64,0.046
4198.76066,10.993,0.054
4202.53473,10.505,0.04
4204.64585,10.864,0.037
4207.67772,10.296,0.039
4213.56741,10.957,0.04
4216.61881,10.56,0.038
4226.59756,11.029,0.058
4228.61628,10.272,0.039
4230.61905,10.568,0.038
4232.6158,10.868,0.047
4234.62174,10.973,0.038
4238.66237,10.626,0.045
4245.54978,10.651,0.052
4247.56906,11.048,0.035
4250.6059,10.365,0.037
4254.58749,11.05,0.042
4257.53483,10.339,0.042
4259.55568,10.639,0.04
4267.5045,10.876,0.037
4269.53549,10.964,0.035
4277.57036,10.278,0.037
4282.50593,11.039,0.04
4284.53104,10.273,0.038
4286.52504,10.531,0.04
4291.47203,10.3,0.036
4293.4843,10.553,0.036
4295.4846,10.851,0.036
4297.49097,10.987,0.045
4299.48436,10.339,0.043
4301.48689,10.653,0.041
4305.48927,10.282,0.037
4308.49385,10.635,0.048
4315.4645,10.63,0.038
4319.46539,10.286,0.036
4373.8909,11.051,0.044
4380.88668,11.05,0.044
4385.88336,10.804,0.037
4391.87056,10.535,0.054
4408.85982,11.125,0.041
4422.84587,11.08,0.044
4427.8475,10.846,0.038
4431.81432,10.279,0.037
4437.84589,10.571,0.04
4441.79876,10.812,0.04
4453.77642,10.517,0.039
4456.84743,10.99,0.038
4459.82562,10.283,0.044
4462.80542,10.846,0.038
4465.79273,10.572,0.046
4471.81616,11.008,0.041
4476.77597,10.84,0.05
4479.75973,10.531,0.039
4482.78582,10.563,0.044
4485.82056,11.049,0.037
4488.73328,10.5,0.044
4490.79475,10.869,0.036
4492.83547,11.005,0.038
4498.84862,11.003,0.037
4501.69331,10.31,0.04
4503.79,10.576,0.041
4508.76141,10.294,0.038
4511.67598,10.863,0.038
4515.67042,10.277,0.043
4517.73096,10.567,0.039
4519.75838,11.029,0.04
4521.7976,10.448,0.04
4524.63632,10.572,0.037
4526.68853,11.004,0.038
4528.7421,10.483,0.037
4530.84167,10.548,0.039
4536.69797,10.324,0.036
4538.74048,10.585,0.039
4540.79628,11.046,0.041
4542.68858,10.512,0.043
4546.72186,10.851,0.045
4548.7286,11.036,0.041
4551.66209,10.516,0.038
4553.69526,10.855,0.036
4555.71058,11.042,0.037
4557.76224,10.33,0.037
4560.58462,10.815,0.036
4562.63291,11.069,0.038
4564.71648,10.298,0.037
4568.75115,11.02,0.042
4571.52668,10.294,0.039
4573.56903,10.572,0.038
4575.60523,11.006,0.039
4582.60812,11.06,0.039
4585.62875,10.309,0.036
4587.67328,10.569,0.039
4591.71904,10.394,0.036
4594.55544,10.564,0.037
4596.55977,10.982,0.038
4602.59438,10.85,0.04
4606.60138,10.291,0.045
4608.60482,10.582,0.039
4611.55663,11.054,0.039
4616.50548,10.839,0.038
4618.55305,11.026,0.038
4622.55221,10.572,0.04
4626.61911,10.415,0.038
4630.59917,10.889,0.039
4633.52418,10.498,0.042
4639.51523,11.016,0.039
4641.56685,10.339,0.04
4643.57023,10.581,0.044
4648.50711,10.321,0.042
4651.50201,10.83,0.045
4653.50724,11.051,0.041
4655.49989,10.315,0.046
4659.50059,11.011,0.039
4662.50156,10.343,0.052
4666.47001,10.995,0.039
4670.47023,10.538,0.04
4674.4708,10.983,0.041
4681.47624,11.004,0.049
4684.46868,10.561,0.042
4746.88264,10.486,0.042
4753.87828,10.43,0.038
4758.86883,10.711,0.039
4762.86426,10.814,0.038
4767.85747,10.424,0.035
4771.84814,11.082,0.037
4775.83934,10.551,0.036
4779.83363,10.684,0.043
4784.82952,10.947,0.038
4792.81358,11.064,0.039
4796.83865,10.535,0.041
4800.78896,10.709,0.046
4804.8191,10.786,0.038
4807.82649,10.666,0.04
4813.80993,11.061,0.041
4816.81627,10.46,0.04
4820.77805,11.105,0.04
4823.80438,10.473,0.037
4826.83056,10.951,0.038
4829.792,10.255,0.037
4844.83972,10.498,0.041
4847.75423,10.994,0.039
4850.73689,10.252,0.038
4853.75707,10.852,0.041
4856.78737,10.619,0.038
4860.73224,10.828,0.041
4862.81598,11.075,0.042
4865.74392,10.461,0.043
4868.71608,10.955,0.04
4870.78485,10.646,0.038
4876.72728,11.076,0.04
4879.72821,10.481,0.039
4882.65691,10.946,0.04
4884.74754,10.664,0.043
4892.64071,10.266,0.055
4901.73426,10.572,0.048
4902.67977,10.823,0.054
4905.66093,10.663,0.057
4907.71823,10.492,0.051
4914.62473,10.474,0.051
4916.66604,10.834,0.052
4918.78162,11.052,0.055
4921.57729,10.471,0.051
4926.59942,10.669,0.055
4936.57182,10.578,0.055
4938.62279,10.96,0.06
4945.69314,11.016,0.059
4952.67602,11,0.053
4954.62867,10.61,0.055
4959.56561,10.966,0.059
4961.6135,10.607,0.058
4966.61004,10.966,0.057
4968.66292,10.549,0.052
4991.5585,10.505,0.053
5013.5208,10.563,0.055
5024.51354,10.603,0.055
5031.49615,10.616,0.056
5037.47056,11.039,0.05
5039.48775,10.292,0.054
5125.87393,10.713,0.05
5140.84648,10.907,0.055
5147.84879,10.975,0.05
5158.81819,10.422,0.053
5163.83599,10.808,0.053
5164.82821,10.259,0.052
