2623.8276,13.132,0.024
2627.84134,13.309,0.033
2628.8236,13.167,0.038
2630.84422,13.191,0.038
2635.82351,13.068,0.026
2638.83712,13.149,0.03
2641.82598,13.145,0.028
2641.83547,13.175,0.027
2644.80587,13.49,0.032
2644.81548,13.048,0.031
2646.79447,13.177,0.027
2649.83909,13.438,0.05
2651.78292,13.578,0.041
2651.78767,13.552,0.031
2662.81134,13.044,0.032
2663.79656,13.461,0.03
2664.77991,13.257,0.034
2665.78753,13.17,0.027
2666.77619,13.439,0.031
2667.78952,13.337,0.026
2670.80966,13.511,0.035
2672.77512,13.553,0.027
2672.77745,13.467,0.026
2674.76755,13.148,0.031
2674.77199,13.168,0.033
2676.75163,13.204,0.026
2676.75381,13.209,0.031
2678.74492,13.339,0.033
2680.73787,13.215,0.03
2684.70089,13.104,0.029
2684.70549,13.163,0.03
2691.72292,13.059,0.029
2691.7298,13.118,0.027
2693.73725,13.384,0.024
2693.74415,13.223,0.029
2695.71415,13.682,0.028
2697.7229,13.081,0.025
2697.7324,13.172,0.028
2699.71555,13.25,0.028
2699.72246,13.269,0.027
2701.72046,13.352,0.03
2703.70936,13.261,0.033
2703.7163,13.245,0.029
2705.70172,13.196,0.025
2705.70867,13.151,0.028
2707.69819,13.358,0.029
2709.66736,13.318,0.024
2709.67208,13.313,0.029
2710.8051,13.168,0.034
2711.65781,13.255,0.037
2712.643,13.404,0.036
2717.63749,13.062,0.033
2719.68206,13.44,0.033
2719.69928,13.415,0.043
2722.77398,13.314,0.036
2723.6394,13.378,0.031
2724.657,13.309,0.03
2725.63459,13.151,0.027
2728.64869,13.243,0.029
2729.62596,13.127,0.03
2730.64459,13.383,0.033
2732.70901,13.323,0.041
2733.69094,13.195,0.032
2734.60641,13.213,0.029
2735.68448,13.135,0.035
2736.59737,13.167,0.029
2737.67153,13.472,0.034
2738.59942,13.339,0.029
2739.66168,13.195,0.033
2744.58619,13.328,0.031
2750.63362,13.659,0.035
2750.66399,13.139,0.031
2752.59293,13.102,0.032
2752.6184,13.178,0.028
2754.68424,13.117,0.034
2755.59447,13.102,0.028
2757.59122,13.338,0.029
2759.6215,13.092,0.054
2761.53603,13.321,0.033
2761.60197,13.096,0.034
2763.53238,13.119,0.033
2766.58069,13.339,0.036
2766.58264,13.264,0.035
2776.5115,13.272,0.029
2783.5201,13.361,0.043
2785.52175,13.416,0.036
2786.46101,13.265,0.03
2787.52146,13.138,0.036
2789.46452,13.201,0.034
2790.54585,13.234,0.048
2791.50903,13.247,0.05
2793.47139,13.085,0.037
2793.54926,13.117,0.046
2810.47723,13.123,0.042
2813.46234,13.11,0.039
2814.48425,13.206,0.04
2820.46113,13.102,0.035
2968.85429,13.012,0.03
2974.84658,13.102,0.029
2976.8465,13.471,0.043
2977.84218,13.102,0.033
2980.84302,13.148,0.029
2980.84788,13.115,0.034
2991.82238,13.165,0.03
2991.83497,13.215,0.027
2995.82439,13.234,0.033
2995.83463,13.258,0.028
3000.84478,13.568,0.063
3008.82527,13.386,0.038
3009.81587,13.538,0.038
3017.84136,13.17,0.044
3017.84397,13.09,0.032
3025.75919,13.282,0.026
3031.76071,13.127,0.048
3032.75594,13.074,0.053
3033.78109,13.297,0.044
3035.74838,13.335,0.033
3036.74856,13.205,0.038
3047.72074,13.11,0.04
3050.7077,13.193,0.039
3050.71254,13.036,0.035
3053.69845,13.26,0.06
3053.70101,13.152,0.031
3055.75941,13.509,0.034
3055.76421,13.12,0.054
3060.72128,13.317,0.057
3066.66737,13.559,0.029
3074.68415,12.871,0.053
3076.69603,13.419,0.037
3078.69973,13.397,0.043
3082.75315,13.493,0.052
3082.75554,13.468,0.039
3086.73536,13.279,0.036
3088.75502,13.25,0.038
3091.59851,13.107,0.042
3091.62709,13.513,0.032
3093.61672,13.257,0.032
3093.61917,13.286,0.031
3103.62242,13.182,0.039
3105.61951,13.213,0.036
3107.622,13.078,0.03
3109.62474,13.272,0.036
3111.62807,13.529,0.029
3113.64796,13.319,0.038
3113.65022,13.154,0.032
3115.64648,13.251,0.034
3115.64878,13.174,0.036
3131.55873,13.276,0.035
3133.56434,13.321,0.037
3133.56658,13.162,0.038
3144.57843,13.272,0.034
3144.58347,13.246,0.026
3154.51087,13.533,0.03
3158.50014,13.13,0.034
3163.53547,13.277,0.035
3164.4909,13.106,0.03
3165.54201,13.184,0.034
3167.50477,13.3,0.046
3182.51777,13.348,0.032
3186.45955,13.185,0.038
3190.45164,13.213,0.031
3190.48228,13.354,0.037
3358.85271,13.198,0.036
3362.83461,13.32,0.046
3382.84251,13.119,0.1
3386.76565,13.191,0.072
3395.76806,13.373,0.053
3399.87873,13.346,0.076
3402.81897,13.177,0.067
3405.71661,13.303,0.037
3407.8115,13.493,0.044
3410.70468,13.075,0.07
3412.79858,13.185,0.051
3415.68741,13.31,0.049
3417.7154,13.251,0.051
3419.70293,13.156,0.056
3421.76829,12.979,0.086
3427.75816,13.389,0.046
3431.76704,13.444,0.055
3433.78207,13.308,0.067
3437.63915,13.131,0.064
3443.71557,13.333,0.048
3445.70974,13.448,0.049
3447.71187,13.394,0.06
3454.67627,13.187,0.062
3456.68938,13.211,0.049
3458.68083,13.055,0.049
3460.67932,13.303,0.046
3462.69162,13.305,0.046
3465.64832,13.638,0.072
3468.64043,13.348,0.069
3470.65805,13.316,0.066
3471.47989,13.493,0.031
3475.54689,13.678,0.075
3490.57545,13.268,0.091
3492.57738,13.291,0.095
3496.63028,13.218,0.036
3500.47016,13.167,0.053
3502.54721,13.339,0.074
3511.56461,13.147,0.039
3517.56614,13.201,0.082
3521.5454,13.475,0.093
3523.5484,13.281,0.054
3526.52424,13.655,0.074
3528.53325,13.225,0.09
3540.48181,13.137,0.085
3544.47519,13.413,0.091
3715.8555,13.044,0.047
3719.85807,13.182,0.034
3728.81647,13.648,0.049
3732.80389,13.053,0.035
3735.8119,13.266,0.041
3741.79968,13.204,0.061
3744.79241,13.012,0.046
3747.77928,13.258,0.049
3750.77408,13.267,0.034
3755.85715,13.318,0.051
3758.74875,13.171,0.043
3761.74082,13.213,0.053
3764.73762,13.2,0.044
3767.72811,13.347,0.052
3773.70701,13.185,0.039
3775.80605,13.055,0.053
3782.83446,13.288,0.097
3788.76667,13.247,0.074
3791.65864,13.264,0.053
3793.74859,13.655,0.093
3795.80028,13.291,0.073
3798.64293,13.301,0.05
3800.65795,13.238,0.077
3802.73538,13.604,0.089
3809.71389,13.172,0.087
3811.74254,13.447,0.051
3814.59714,13.114,0.05
3816.68906,13.344,0.08
3818.7191,13.265,0.06
3821.58076,13.375,0.045
3823.66768,13.479,0.075
3825.68074,13.665,0.054
3830.56804,13.337,0.059
3836.67561,13.049,0.063
3849.59474,13.195,0.096
3851.59635,13.561,0.087
3853.60683,13.214,0.054
3858.57715,13.388,0.096
3864.55389,13.119,0.058
3866.5689,13.336,0.095
3868.59043,13.18,0.061
3870.58869,13.288,0.044
3872.60013,13.396,0.055
3876.58733,13.34,0.07
3891.48177,13.408,0.062
3893.53099,13.254,0.078
3900.49153,13.164,0.045
3902.51416,13.19,0.054
3905.47223,12.93,0.104
3907.49238,13.455,0.067
4090.82449,13.149,0.041
4103.82797,13.393,0.035
4111.81292,13.343,0.056
4125.74696,13.397,0.036
4128.73653,13.342,0.036
4131.72844,13.586,0.04
4137.80844,13.089,0.04
4140.70792,13.545,0.074
4142.79855,13.397,0.045
4145.68678,13.262,0.064
4153.68674,13.193,0.05
4158.65713,13.172,0.052
4164.73936,13.311,0.074
4175.70903,13.214,0.05
4193.69109,13.121,0.064
4203.53724,13.297,0.062
4205.62542,13.622,0.058
4232.56647,13.15,0.063
4234.56657,13.444,0.062
4238.59698,13.642,0.046
4256.49507,13.338,0.051
4274.49192,13.254,0.057
4278.47815,13.477,0.061
4438.85518,13.461,0.036
4442.85255,13.533,0.044
4454.84724,13.464,0.042
4458.83932,13.276,0.041
4471.84125,13.291,0.056
4476.81501,13.407,0.066
4482.80173,13.365,0.053
4486.75742,13.252,0.039
4491.79946,13.298,0.043
4494.75789,13.37,0.038
4498.75891,13.404,0.045
4501.7403,13.513,0.072
4504.728,13.222,0.042
4509.72191,13.769,0.048
4511.79497,13.53,0.07
4519.7336,13.349,0.074
4521.74831,13.596,0.051
4523.78318,13.186,0.043
4526.66672,13.415,0.044
4528.71722,13.625,0.045
4530.79488,13.49,0.075
4536.70968,13.613,0.04
4538.75277,13.078,0.058
4541.6286,13.524,0.035
4546.65202,13.286,0.081
4548.64858,13.197,0.057
4550.70526,13.242,0.067
4553.59683,13.217,0.054
4555.62158,13.468,0.072
4557.63021,13.118,0.059
4559.67154,13.3,0.076
4561.70842,13.18,0.064
4564.56645,13.417,0.059
4566.59025,13.271,0.061
4568.61511,13.545,0.074
4574.58516,12.968,0.073
4576.5984,13.364,0.082
4585.53374,13.33,0.054
4587.61288,13.255,0.054
4590.50748,13.52,0.039
4592.56653,13.31,0.05
4594.60839,13.41,0.039
4597.47656,13.203,0.042
4601.50101,13.052,0.071
4607.59074,13.379,0.072
4610.50887,13.145,0.067
4618.50831,13.217,0.063
4622.50347,13.318,0.062
4628.47317,13.332,0.066
4630.5156,13.213,0.054
4633.48339,13.159,0.046
4642.47055,13.417,0.038
4645.46147,13.349,0.048
4648.46511,13.271,0.044
4809.85498,13.257,0.037
4815.8445,13.362,0.042
4820.82664,13.263,0.041
4824.83082,13.318,0.043
4828.81425,13.755,0.085
4834.83405,13.499,0.044
4837.81996,13.646,0.038
4846.82909,13.477,0.044
4849.78429,13.393,0.045
4852.78192,13.457,0.042
4856.778,13.317,0.044
4860.76774,13.449,0.042
4863.75538,13.764,0.056
4866.74384,13.607,0.043
4869.73029,13.311,0.044
4877.7477,13.211,0.062
4883.69493,13.404,0.037
4891.76519,13.301,0.047
4907.62831,13.194,0.049
4909.71133,13.343,0.05
4918.59958,13.542,0.045
4921.59906,13.443,0.048
4932.5966,13.173,0.073
