1885.76359,8.092,0.054
1888.79953,8.499,0.064
1899.79974,8.058,0.055
1899.81685,8.108,0.049
1900.86407,8.279,0.065
1907.77819,9.09,0.061
1914.77628,8.273,0.065
1915.74475,8.391,0.054
1915.83941,8.39,0.061
1919.72311,8.842,0.065
1919.76196,8.885,0.049
1920.75718,8.995,0.059
1920.83986,9.03,0.051
1921.77978,9.093,0.061
1921.79989,9.108,0.049
1922.75288,9.121,0.058
1922.81929,9.126,0.045
1924.74942,8.92,0.063
1924.77858,8.934,0.05
1925.75254,8.834,0.063
1925.77917,8.85,0.05
1926.74458,8.351,0.06
1926.77564,9.042,0.054
1928.74643,8.249,0.062
1928.77785,8.857,0.048
1929.76909,8.385,0.042
1930.74007,8.471,0.05
1930.77149,8.479,0.043
1931.73734,8.576,0.052
1931.7784,8.59,0.048
1932.735,8.7,0.058
1932.76156,8.715,0.045
1933.74446,8.829,0.054
1933.80143,8.868,0.046
1934.72932,8.981,0.053
1936.70216,9.122,0.055
1936.72096,9.145,0.044
1937.76792,9.048,0.054
1938.70392,8.957,0.042
1938.77454,8.94,0.054
1940.66509,8.495,0.056
1940.70911,8.455,0.041
1945.74513,8.571,0.052
1945.77246,8.572,0.041
1946.7603,8.676,0.056
1947.68901,8.824,0.046
1948.66988,8.951,0.058
1948.73038,8.966,0.047
1949.7097,9.062,0.062
1949.75053,9.084,0.048
1950.69149,9.106,0.056
1950.70924,9.13,0.047
1953.68916,8.847,0.049
1953.71382,8.845,0.04
1954.6958,8.533,0.05
1954.71585,8.508,0.051
1955.68638,7.962,0.049
1955.70884,7.955,0.043
1958.67057,8.423,0.047
1958.69521,8.432,0.04
1961.63161,8.783,0.048
1961.67752,8.798,0.039
1962.69394,8.925,0.048
1962.71414,8.935,0.041
1963.67541,9.047,0.047
1963.7001,9.052,0.042
1964.69222,9.095,0.039
1965.66514,9.042,0.046
1965.68534,9.059,0.04
1966.66739,8.947,0.046
1966.68773,8.95,0.042
1967.66199,8.839,0.047
1968.67972,8.608,0.042
1970.68463,8.153,0.049
1971.69614,8.308,0.047
1977.65162,9.031,0.053
1978.65863,9.074,0.051
1979.66033,9.068,0.049
1980.63899,8.928,0.051
1980.65933,8.961,0.052
1981.65611,8.849,0.052
1981.6787,8.857,0.048
1982.63062,8.683,0.05
1982.65093,8.677,0.044
1985.65304,8.303,0.05
2054.5204,7.963,0.081
2062.47813,9.083,0.065
2064.45768,9.119,0.062
2071.50956,8.492,0.082
2080.45978,8.871,0.06
2087.50046,8.706,0.061
2094.50249,8.882,0.071
2103.52821,8.961,0.059
2116.49664,8.814,0.056
2117.47928,8.918,0.059
2132.46787,9.036,0.05
2200.86953,8.726,0.063
2202.86201,8.992,0.06
2214.83284,8.71,0.059
2216.83182,8.979,0.059
2221.85074,8.78,0.07
2224.85694,8.213,0.056
2226.8278,8.44,0.055
2228.82263,8.667,0.057
2230.81895,8.931,0.055
2233.78677,9.016,0.054
2235.80084,8.839,0.055
2237.79795,7.924,0.056
2240.77052,8.446,0.057
2440.49596,8.754,0.057
2442.49345,9.004,0.043
2443.50305,9.093,0.037
2444.4898,9.12,0.061
2445.50963,9.033,0.043
2453.47623,8.572,0.047
2453.50069,8.564,0.065
2456.50004,8.959,0.041
2465.46335,8.355,0.038
2466.47717,8.466,0.048
2468.46877,8.709,0.036
2470.50853,8.971,0.036
2483.47952,8.811,0.058
2490.46116,8.498,0.066
2502.47166,8.935,0.043
2558.88535,8.936,0.047
2578.86456,8.407,0.05
2622.73403,8.613,0.051
2622.7594,8.602,0.043
2624.79039,8.87,0.049
2627.82473,9.096,0.058
2630.81317,8.805,0.051
2634.83103,8.365,0.057
2637.77901,8.713,0.049
2637.85843,8.708,0.048
2640.78395,9.073,0.057
2640.8068,9.081,0.045
2643.77449,8.912,0.053
2643.80401,8.902,0.045
2645.80733,8.288,0.055
2646.76314,7.998,0.043
2649.74149,8.481,0.048
2651.73599,8.697,0.058
2652.76734,8.856,0.04
2655.7728,9.116,0.043
2655.81322,9.12,0.059
2658.7648,8.841,0.054
2660.77519,7.959,0.075
2662.77337,8.354,0.053
2662.78205,8.354,0.042
2664.76721,8.571,0.05
2664.78738,8.58,0.037
2666.76244,8.824,0.052
2666.7768,8.828,0.041
2670.79672,9.026,0.054
2670.81946,9.051,0.042
2672.76234,8.828,0.054
2672.79903,8.835,0.041
2674.75019,7.97,0.05
2674.7749,7.951,0.044
2676.73656,8.329,0.051
2676.75907,8.334,0.04
2678.72315,8.56,0.054
2678.7479,8.555,0.055
2680.72065,8.813,0.057
2684.67221,9.065,0.056
2684.69487,9.054,0.051
2686.71025,8.842,0.054
2686.72598,8.86,0.045
2688.73032,7.961,0.044
2689.74531,8.199,0.048
2690.73496,8.332,0.045
2691.70558,8.419,0.056
2692.79172,8.555,0.043
2693.71996,8.661,0.056
2696.73538,9.039,0.048
2697.71285,9.125,0.052
2698.76483,9.058,0.049
2699.7056,8.953,0.059
2700.72757,8.877,0.049
2701.70367,8.688,0.052
2703.69957,8.148,0.057
2704.71374,8.289,0.053
2705.69198,8.434,0.054
2706.68563,8.536,0.045
2707.68853,8.658,0.059
2709.66004,8.92,0.057
2710.65241,9.032,0.042
2710.79008,9.074,0.05
2712.61967,9.089,0.06
2712.63129,9.066,0.052
2713.72961,8.966,0.068
2713.75355,8.96,0.048
2715.69136,8.716,0.05
2715.70058,8.719,0.045
2717.77823,8.137,0.052
2717.78991,8.141,0.043
2720.63791,8.511,0.044
2721.79134,8.634,0.06
2721.81834,8.611,0.071
2723.67245,8.908,0.046
2723.68858,8.901,0.04
2724.82051,9.037,0.061
2724.84101,9.046,0.042
2726.69023,9.108,0.056
2726.70432,9.083,0.041
2730.66399,8.07,0.035
2732.77181,8.304,0.04
2734.59587,8.483,0.043
2734.63396,8.482,0.047
2736.58,8.713,0.055
2736.61242,8.723,0.049
2737.78276,8.907,0.059
2737.8147,8.906,0.049
2739.69036,9.125,0.05
2739.70209,9.106,0.043
2741.64611,9.007,0.052
2741.66029,9.008,0.045
2742.76735,8.883,0.073
2742.79461,8.859,0.063
2744.6388,8.162,0.051
2744.65056,8.154,0.046
2747.69894,8.418,0.054
2747.72247,8.395,0.051
2750.73636,8.75,0.062
2752.64368,9.024,0.063
2752.65812,9.007,0.044
2754.73986,9.117,0.061
2754.75799,9.098,0.047
2756.70649,8.9,0.038
2758.76251,8.127,0.039
2759.51693,7.972,0.074
2760.6302,8.268,0.042
2760.69161,8.272,0.051
2762.624,8.465,0.066
2762.65371,8.435,0.076
2764.60104,8.709,0.037
2764.63265,8.715,0.048
2766.64643,8.986,0.047
2769.73686,9.033,0.05
2770.62892,8.928,0.05
2775.52149,8.356,0.049
2775.5244,8.34,0.041
2776.62914,8.458,0.058
2776.63205,8.462,0.042
2782.54678,9.129,0.059
2782.54971,9.122,0.035
2783.69983,9.033,0.046
2784.54466,8.947,0.052
2785.63208,8.844,0.051
2786.54021,8.496,0.049
2787.58884,7.999,0.039
2789.53624,8.344,0.053
2790.61425,8.43,0.053
2791.57223,8.557,0.072
2793.51308,8.808,0.044
2794.5211,8.982,0.059
2796.50281,9.076,0.042
2797.51361,9.054,0.066
2804.49042,8.415,0.052
2808.60765,8.957,0.06
2808.61057,8.947,0.038
2810.52872,9.136,0.059
2810.53163,9.086,0.035
2812.52679,8.976,0.059
2812.52969,8.967,0.036
2820.60753,8.656,0.044
2821.49255,8.788,0.052
2826.48417,8.976,0.046
2826.49051,8.987,0.036
2829.5429,7.981,0.055
2829.54573,7.98,0.042
2831.58084,8.307,0.043
2832.47871,8.42,0.06
2834.48449,8.637,0.056
2836.48683,8.909,0.056
2839.48601,9.109,0.057
2842.47965,8.733,0.047
2842.49545,8.734,0.061
2845.47594,8.302,0.036
2845.49177,8.295,0.047
2853.46348,9.096,0.054
2859.4698,8.277,0.061
2918.88606,8.604,0.083
2923.87467,9.087,0.051
2927.86608,8.183,0.05
2931.86707,8.485,0.053
2934.87418,8.849,0.043
2935.85943,8.97,0.052
2944.84022,8.347,0.062
2946.85941,8.587,0.04
2955.83857,8.384,0.045
2956.84551,7.981,0.037
2960.83665,8.578,0.041
2960.84824,8.581,0.034
2964.80763,9.089,0.053
2964.82932,9.068,0.035
2967.84666,8.933,0.051
2968.82013,8.826,0.065
2971.81075,8.214,0.052
2973.83284,8.435,0.037
2975.76246,8.677,0.042
2976.8014,8.814,0.062
2977.82251,8.958,0.063
2980.80246,9.064,0.041
2982.84937,8.91,0.053
2983.8157,8.564,0.052
2986.78962,8.326,0.045
2986.8245,8.34,0.042
2989.81697,8.676,0.054
2989.82418,8.678,0.041
2992.80712,9.056,0.046
2992.8241,9.053,0.053
2995.8167,8.958,0.044
2995.82351,8.968,0.039
2998.81278,7.965,0.049
3005.79117,8.934,0.051
3007.80926,9.093,0.04
3008.78893,9.083,0.038
3010.76767,8.879,0.055
3011.80485,8.671,0.036
3013.76752,8.122,0.043
3015.80275,8.398,0.05
3018.78219,8.764,0.044
3023.80658,9.085,0.05
3028.79158,8.297,0.049
3028.82794,8.312,0.039
3031.72301,8.623,0.055
3031.75931,8.623,0.043
3033.76996,8.895,0.052
3034.73419,9.014,0.046
3036.70265,9.095,0.041
3036.80769,9.091,0.041
3040.76509,8.088,0.047
3040.82339,8.059,0.043
3043.68476,8.372,0.054
3043.73086,8.361,0.049
3045.75106,8.621,0.043
3046.71747,8.74,0.044
3048.73036,8.994,0.053
3051.67913,9.034,0.043
3052.69658,8.907,0.033
3054.75026,8.157,0.043
3056.6557,8.248,0.04
3057.68065,8.375,0.035
3060.73362,8.734,0.053
3061.78479,8.865,0.041
3062.77207,8.986,0.062
3064.66456,9.114,0.033
3067.70646,8.817,0.034
3068.67513,8.315,0.05
3069.71757,7.989,0.042
3070.70616,8.239,0.045
3071.73851,8.344,0.046
3072.78438,8.48,0.053
3073.76624,8.58,0.035
3074.80802,8.72,0.045
3075.76689,8.838,0.038
3077.59788,9.059,0.069
3077.81446,9.081,0.048
3079.65132,9.056,0.054
3079.87028,9.019,0.038
3081.65128,8.839,0.046
3082.61793,8.441,0.041
3086.66658,8.45,0.046
3087.65289,8.545,0.06
3088.67242,8.603,0.071
3089.68092,8.791,0.077
3090.67747,8.955,0.051
3091.6622,9.066,0.054
3092.67019,9.103,0.041
3093.64933,9.044,0.052
3096.65404,8.515,0.034
3097.64475,7.978,0.058
3098.66907,8.195,0.046
3099.69832,8.348,0.046
3100.70132,8.445,0.039
3101.71853,8.554,0.045
3102.70311,8.676,0.046
3103.71707,8.824,0.051
3105.70463,9.058,0.053
3106.71633,9.099,0.043
3107.70619,9.062,0.041
3109.70461,8.871,0.055
3110.7296,8.52,0.046
3111.77184,7.972,0.047
3112.74102,8.193,0.039
3114.51785,8.426,0.044
3114.77296,8.44,0.033
3116.5517,8.654,0.079
3118.64049,8.932,0.043
3121.53406,9.104,0.059
3122.57192,8.959,0.038
3123.55895,8.882,0.043
3124.59808,8.665,0.032
3125.59029,8,0.045
3126.61532,8.133,0.039
3127.61902,8.322,0.065
3129.67117,8.534,0.063
3129.73555,8.56,0.059
3131.65676,9.335,0.061
3131.76057,8.793,0.041
3133.66388,9.043,0.042
3134.51072,9.108,0.034
3142.56719,8.409,0.043
3144.65978,8.652,0.043
3145.59201,8.77,0.039
3153.49983,8.138,0.046
3153.50571,8.119,0.039
3154.64133,8.11,0.044
3154.68293,8.116,0.033
3158.56274,8.619,0.061
3158.57238,8.607,0.048
3160.57567,8.874,0.059
3160.58157,8.88,0.047
3163.58164,9.117,0.062
3163.58983,9.103,0.036
3165.58406,8.902,0.058
3168.5959,8.048,0.048
3168.60167,8.035,0.041
3171.59591,8.498,0.044
3171.60174,8.487,0.036
3175.58291,9.001,0.053
3175.58873,9.009,0.042
3177.58349,9.091,0.049
3177.58929,9.095,0.033
3180.55889,8.825,0.07
3180.57426,8.821,0.044
3183.57934,8.269,0.06
3186.54067,8.598,0.043
3190.49609,9.094,0.056
3356.8279,8.743,0.072
3357.80389,8.897,0.044
3365.84411,8.023,0.046
3374.8492,9.11,0.076
3380.85425,8.25,0.071
3380.85987,8.253,0.06
3382.84456,8.479,0.062
3384.7423,8.682,0.075
3387.77196,9.092,0.066
3388.80975,9.128,0.074
3390.7721,8.941,0.065
3391.73099,8.842,0.077
3393.79349,7.97,0.046
3393.82886,7.973,0.061
3394.78184,8.236,0.052
3396.75876,8.441,0.066
3397.72121,8.559,0.063
3399.79188,8.816,0.064
3404.78949,8.948,0.075
3404.79417,8.938,0.056
3407.68836,7.946,0.086
3407.71786,7.97,0.054
3409.73838,8.311,0.082
3411.81285,8.559,0.063
3412.71377,8.638,0.052
3414.67447,8.941,0.063
3414.76751,8.951,0.051
3416.76187,9.118,0.049
3418.74592,8.927,0.063
3418.79901,8.965,0.061
3420.77843,8.591,0.057
3424.73104,8.439,0.065
3424.77096,8.445,0.052
3426.73009,8.672,0.07
3426.7513,8.689,0.038
3430.75985,9.105,0.046
3430.78176,9.338,0.049
3432.75863,8.987,0.069
3432.78394,8.968,0.053
3434.75946,8.674,0.072
3438.66737,8.409,0.054
3438.6785,8.528,0.045
3442.61093,8.898,0.045
3442.6472,8.979,0.035
3444.64918,9.096,0.078
3444.66819,9.094,0.076
3446.65846,9.011,0.07
3446.68323,8.999,0.036
3448.6778,8.734,0.066
3450.63748,8.079,0.051
3450.65997,8.103,0.069
3452.7877,8.381,0.06
3454.77365,8.624,0.057
3454.80336,8.671,0.064
3456.77301,8.924,0.054
3456.79798,8.909,0.065
3458.78888,9.119,0.05
3458.81656,9.105,0.058
3460.79932,8.998,0.068
3461.5772,8.884,0.044
3463.63884,8.133,0.035
3465.59588,8.28,0.047
3465.66134,8.257,0.047
3467.77732,8.514,0.047
3468.65103,8.628,0.051
3470.52732,8.855,0.07
3470.66617,8.893,0.051
3472.57533,9.091,0.064
3472.67053,9.111,0.052
3474.61328,9.022,0.06
3474.71806,8.984,0.045
3477.54942,8.299,0.037
3478.66232,8.034,0.068
3479.58582,8.24,0.051
3480.65191,8.406,0.074
3481.59073,8.503,0.053
3482.65928,8.623,0.054
3483.6235,8.737,0.057
3484.70443,8.838,0.084
3486.75436,9.089,0.062
3489.55454,8.945,0.065
3490.6069,8.821,0.066
3495.56899,8.438,0.064
3496.60517,8.59,0.045
3497.62607,8.712,0.065
3499.59409,8.995,0.036
3501.61205,9.133,0.036
3503.66014,8.943,0.037
3504.644,8.852,0.077
3506.68281,7.984,0.043
3508.66742,8.348,0.044
3509.67714,8.468,0.049
3511.59032,8.7,0.063
3511.7096,8.684,0.053
3516.48886,9.074,0.072
3517.60629,8.972,0.07
3518.64404,8.833,0.072
3521.57067,8.232,0.075
3522.47375,8.333,0.061
3523.57401,8.456,0.051
3524.51629,8.558,0.042
3525.5969,8.691,0.046
3528.54154,9.042,0.071
3529.60263,9.092,0.065
3530.53829,9.09,0.053
3538.51936,8.534,0.048
3538.52251,8.541,0.062
3543.5598,9.095,0.073
3543.56296,9.132,0.047
3547.54661,8.68,0.045
3547.5497,8.677,0.054
3561.49165,8.77,0.074
3561.4947,8.76,0.042
3563.51177,8.109,0.067
3563.51481,8.116,0.05
3569.54516,8.902,0.048
3570.47325,9.037,0.064
3573.54458,8.996,0.048
3574.47415,8.866,0.076
3576.52957,8.103,0.05
3577.50011,8.09,0.067
3583.51365,8.907,0.055
3585.46673,9.085,0.071
3586.4934,9.111,0.056
3589.46667,8.822,0.073
3589.48079,8.795,0.062
3592.47666,8.266,0.055
3597.47914,8.862,0.061
3652.88461,8.728,0.075
3657.8702,9.034,0.071
3660.87882,8.216,0.072
3662.8769,8.268,0.078
3666.86017,8.702,0.077
3671.84966,9.025,0.062
3672.86965,8.938,0.058
3675.84041,7.989,0.071
3701.84123,9.476,0.067
3705.83824,8.307,0.071
3706.80854,8.445,0.072
3713.78723,9.089,0.076
3713.81494,9.074,0.068
3719.82818,8.336,0.076
3720.82854,8.431,0.063
3724.81887,8.966,0.067
3726.80841,9.116,0.072
3727.82185,9.123,0.067
3730.81709,8.682,0.082
3731.82865,7.968,0.064
3733.82466,8.318,0.064
3735.77911,8.514,0.054
3736.80875,8.62,0.069
3738.82854,9.479,0.059
3741.80793,9.117,0.058
3742.78067,8.992,0.073
3744.81203,8.778,0.063
3747.78946,8.283,0.062
3748.75494,8.407,0.076
3750.78953,8.64,0.06
3751.75133,8.753,0.076
3753.76654,9.014,0.071
3754.73332,9.107,0.074
3756.76748,9.053,0.075
3756.79296,8.992,0.077
3758.85072,8.755,0.058
3759.7242,8.15,0.072
3761.76455,8.328,0.073
3764.75223,8.626,0.064
3765.71127,8.736,0.082
3767.75424,9.035,0.069
3768.70258,9.104,0.076
3773.73263,8.2,0.066
3773.77964,8.165,0.074
3776.68481,8.369,0.068
3776.70345,8.415,0.061
3778.73069,8.601,0.07
3778.80027,8.606,0.058
3780.76177,8.871,0.07
3780.79151,8.898,0.059
3783.80209,9.137,0.081
3787.84189,8.193,0.073
3787.84437,8.194,0.063
3790.64637,8.349,0.076
3790.67461,8.392,0.059
3792.72731,8.57,0.072
3792.74503,8.621,0.062
3794.77272,8.854,0.071
3795.66772,8.994,0.055
3799.69241,8.953,0.071
3799.74853,8.928,0.066
3802.62395,7.959,0.076
3802.65073,7.941,0.071
3804.69017,8.351,0.071
3804.72727,8.367,0.06
3806.68702,8.575,0.073
3806.71216,8.578,0.059
3809.70022,8.965,0.073
3809.73005,9.01,0.063
3811.73504,9.128,0.072
3811.76289,9.145,0.055
3813.79924,9.047,0.058
3816.60651,7.963,0.059
3818.56655,8.322,0.062
3818.65819,8.346,0.055
3820.63017,8.574,0.072
3820.68763,8.574,0.059
3822.68358,8.813,0.074
3822.71939,8.823,0.06
3824.74373,9.079,0.066
3824.79371,9.104,0.058
3826.79792,9.064,0.074
3827.57894,8.97,0.055
3829.63874,8.636,0.052
3831.60331,8.164,0.074
3831.63535,8.204,0.053
3833.60063,8.414,0.07
3833.62448,8.43,0.066
3835.61299,8.66,0.074
3835.65224,8.677,0.064
3837.64999,8.94,0.067
3847.68715,8.411,0.079
3847.69022,8.428,0.065
3849.65059,8.653,0.071
3849.65364,8.659,0.057
3851.65013,8.929,0.073
3851.65318,8.929,0.057
3853.68623,9.117,0.068
3853.68931,9.139,0.058
3856.54457,8.89,0.075
3856.55365,8.923,0.059
3858.65129,8.037,0.061
3858.66017,8,0.048
3860.67137,8.314,0.068
3860.68103,8.329,0.053
3862.6012,8.52,0.064
3862.60716,8.531,0.053
3864.6284,8.76,0.076
3864.63147,8.764,0.059
3866.64309,9.057,0.072
3866.6462,9.048,0.057
3868.68055,9.11,0.074
3868.68791,9.125,0.064
3870.67558,8.881,0.069
3870.68466,8.763,0.058
3872.6737,8.054,0.07
3872.68281,8.066,0.061
3876.62405,8.517,0.068
3876.62719,8.501,0.059
3880.55142,9.003,0.065
3881.70049,9.119,0.056
3882.58588,9.106,0.075
3886.47889,8.252,0.049
3886.59823,8.147,0.066
3888.60552,8.272,0.064
3890.51788,8.493,0.05
3890.58955,8.485,0.064
3892.53336,8.726,0.051
3894.61444,9.001,0.046
3896.59825,9.085,0.064
3897.65295,8.986,0.063
3898.61634,8.906,0.069
3900.51738,8.316,0.059
3901.51302,8.012,0.065
3902.55524,8.265,0.058
3903.53683,8.376,0.066
3905.53666,8.606,0.067
3906.57886,8.708,0.052
3907.54017,8.848,0.068
3908.57873,8.989,0.057
4090.77968,8.827,0.048
4090.80124,8.827,0.046
4104.74305,8.818,0.057
4104.76781,8.825,0.052
4107.76474,9.126,0.047
4107.79531,9.129,0.039
4111.8252,8.421,0.051
4111.85304,8.358,0.056
4125.72373,8.529,0.054
4126.74256,7.958,0.038
4127.7824,8.178,0.044
4128.81201,8.299,0.051
4130.7076,8.565,0.049
4131.73568,8.69,0.04
4132.76079,8.808,0.048
4133.79361,8.953,0.044
4134.7903,9.077,0.049
4136.73334,9.105,0.046
4136.80839,9.066,0.056
4139.68953,8.668,0.05
4143.74245,8.44,0.051
4145.82098,8.692,0.048
4146.6961,8.761,0.042
4149.69151,9.126,0.055
4149.78606,9.141,0.047
4151.74162,8.974,0.047
4151.82372,8.978,0.04
4153.72884,8.708,0.052
4156.73236,8.308,0.04
4158.76659,8.541,0.041
4160.69461,8.779,0.046
4160.77363,8.779,0.037
4162.69843,9.046,0.049
4162.73651,9.047,0.043
4164.72248,9.096,0.053
4164.75453,9.086,0.05
4167.67462,8.781,0.049
4167.70822,8.745,0.038
4172.72255,8.527,0.047
4172.7683,8.533,0.039
4174.74245,8.76,0.048
4175.62735,8.911,0.044
4176.81064,9.009,0.05
4177.75784,9.114,0.038
4179.74865,8.996,0.054
4180.67346,8.911,0.047
4181.77892,8.748,0.071
4182.70008,8.116,0.044
4183.84382,8.061,0.069
4184.71878,8.286,0.048
4186.82748,8.504,0.046
4187.82863,8.623,0.05
4189.68724,8.873,0.045
4190.58742,8.977,0.041
4191.6617,9.095,0.048
4192.63593,9.13,0.038
4193.69285,9.005,0.051
4194.66693,8.908,0.042
4196.72745,8.139,0.061
4197.66017,7.997,0.043
4198.76066,8.269,0.072
4199.78189,8.344,0.05
4202.53473,8.706,0.052
4202.78884,8.686,0.054
4204.64585,8.974,0.046
4204.81478,9.038,0.046
4207.67772,9.029,0.05
4208.65511,8.906,0.058
4213.56741,8.347,0.051
4213.58334,8.381,0.045
4216.61881,8.685,0.046
4216.6243,8.694,0.042
4226.59756,8.209,0.075
4226.60065,8.217,0.075
4228.61628,8.426,0.046
4228.61936,8.473,0.037
4230.61905,8.659,0.047
4230.62215,8.703,0.039
4232.6158,8.941,0.058
4232.61968,8.946,0.046
4234.62174,9.119,0.049
4234.62485,9.457,0.04
4238.66237,8.443,0.057
4238.6708,8.457,0.052
4245.54978,8.806,0.07
4245.55555,8.771,0.065
4247.56906,9.052,0.045
4247.5781,9.073,0.038
4250.6059,8.928,0.044
4250.62111,8.962,0.038
4254.58749,8.181,0.054
4254.60146,8.177,0.043
4256.67307,8.438,0.039
4257.53483,8.53,0.052
4259.51462,9.039,0.045
4259.55568,8.776,0.048
4267.5045,8.063,0.048
4267.50841,8.022,0.041
4269.53549,8.303,0.044
4269.53863,8.313,0.036
4274.57007,8.928,0.036
4277.57036,9.074,0.044
4277.57641,9.114,0.038
4282.50593,8.1,0.05
4283.59942,8.326,0.047
4284.53104,8.407,0.049
4285.59483,8.527,0.044
4286.52504,8.626,0.05
4290.45763,9.108,0.038
4291.47203,9.096,0.044
4292.49497,9.007,0.035
4293.4843,8.878,0.044
4294.50365,8.778,0.035
4295.4846,8.106,0.044
4296.50028,8.077,0.038
4297.49097,8.296,0.059
4298.51239,8.4,0.045
4299.48436,8.513,0.053
4300.47438,8.626,0.04
4301.48689,8.745,0.054
4303.54298,9.013,0.039
4305.48927,9.074,0.046
4305.52997,9.11,0.039
4308.49385,8.829,0.061
4312.5059,8.403,0.046
4315.4645,8.715,0.046
4317.46723,9.017,0.036
4319.46539,9.101,0.045
4330.468,8.874,0.04
4373.8909,8.985,0.055
4380.88668,8.004,0.054
4385.88336,8.691,0.047
4391.87056,8.896,0.07
4408.85982,7.984,0.053
4410.84986,8.421,0.05
4422.84587,7.973,0.056
4423.84684,8.211,0.054
4427.8475,8.676,0.047
4428.84405,8.8,0.049
4431.81432,9.114,0.048
4432.82917,9.065,0.045
4436.81263,8.052,0.046
4437.84589,8.176,0.05
4440.80266,8.525,0.044
4441.79876,8.646,0.05
4448.79078,8.884,0.041
4453.77642,8.4,0.048
4455.79039,8.631,0.041
4456.84743,8.776,0.049
4458.81992,9.032,0.045
4459.82562,9.095,0.056
4462.77523,8.888,0.041
4462.80542,8.871,0.048
4465.79273,8.076,0.057
4465.80404,8.124,0.053
4468.82959,8.525,0.046
4471.81616,8.899,0.053
4472.82623,9.044,0.064
4476.77597,8.864,0.062
4476.80436,8.892,0.059
4479.75973,8.072,0.05
4479.79091,8.08,0.043
4482.78582,8.5,0.056
4482.80089,8.497,0.05
4485.82056,8.886,0.047
4486.73351,9.011,0.047
4488.73328,9.09,0.057
4490.79475,8.891,0.047
4492.74502,8.22,0.039
4492.83547,8.146,0.046
4494.80955,8.275,0.039
4498.75152,8.711,0.04
4498.84862,8.721,0.045
4501.69331,9.085,0.05
4501.73283,9.104,0.044
4503.79,8.993,0.05
4504.71428,8.958,0.051
4506.78064,8.256,0.037
4508.76141,8.227,0.046
4508.83286,8.252,0.041
4511.67598,8.579,0.047
4511.70424,8.609,0.039
4515.67042,9.091,0.054
4515.7102,9.101,0.042
4517.73096,9.041,0.049
4517.7618,9.041,0.044
4519.75838,8.836,0.053
4519.77973,8.859,0.045
4521.7976,8.01,0.05
4521.86996,8.045,0.039
4524.63632,8.463,0.046
4524.66556,8.479,0.038
4526.68853,8.685,0.05
4526.73305,8.731,0.041
4528.7421,8.972,0.046
4528.80979,9.01,0.038
4530.84167,9.095,0.05
4531.65276,9.085,0.041
4535.64969,7.962,0.043
4536.69797,8.202,0.044
4537.69678,8.349,0.037
4538.74048,8.447,0.049
4539.69554,8.557,0.054
4540.79628,8.677,0.051
4541.69008,8.836,0.037
4542.68858,8.956,0.058
4543.69336,9.08,0.042
4545.71247,9.077,0.052
4546.72186,8.951,0.055
4547.74058,8.868,0.045
4548.7286,8.534,0.051
4551.66209,8.325,0.046
4552.62823,8.865,0.039
4553.69526,8.541,0.046
4554.65845,8.635,0.044
4555.71058,8.799,0.046
4557.76224,9.064,0.046
4558.72244,9.116,0.036
4560.58462,8.97,0.045
4560.70409,8.963,0.038
4562.63291,8.659,0.048
4562.7491,8.608,0.039
4564.71648,8.166,0.046
4564.82837,8.21,0.04
4567.56305,8.558,0.04
4568.75115,8.651,0.05
4569.60966,8.767,0.039
4571.52668,9.028,0.048
4571.61364,9.012,0.044
4573.56903,9.09,0.049
4573.64249,9.107,0.047
4575.60523,8.863,0.049
4575.67051,8.885,0.05
4578.79135,8.166,0.05
4580.74786,8.44,0.041
4582.60812,8.617,0.051
4585.55367,9.015,0.041
4585.62875,9.013,0.045
4587.63001,9.089,0.052
4587.67328,9.082,0.049
4589.66079,8.883,0.04
4589.71786,8.85,0.049
4591.68531,8.751,0.038
4591.71904,8.026,0.045
4593.72349,8.307,0.038
4594.55544,8.387,0.046
4596.55977,8.605,0.047
4597.64885,8.764,0.038
4599.71311,9.052,0.048
4601.65738,9.075,0.041
4602.59438,9.013,0.051
4603.68045,8.92,0.045
4606.60138,8.06,0.058
4607.68719,8.277,0.049
4608.60482,8.386,0.049
4610.54727,8.578,0.038
4611.55663,8.701,0.045
4612.59643,8.872,0.053
4616.50548,9.007,0.045
4616.5977,9.008,0.04
4618.55305,8.816,0.045
4618.61669,8.8,0.04
4622.55221,8.345,0.047
4622.60555,8.365,0.04
4626.61911,8.84,0.048
4626.63656,8.863,0.041
4630.59917,9.017,0.048
4630.62018,9.046,0.041
4632.63979,8.837,0.042
4633.52418,8.365,0.054
4639.51523,8.708,0.048
4639.51842,8.8,0.038
4641.56685,8.969,0.049
4641.56997,9.008,0.041
4643.57023,9.083,0.053
4643.57337,9.086,0.045
4647.59986,8.387,0.047
4648.50711,7.978,0.052
4650.53418,8.348,0.064
4651.50201,8.461,0.057
4652.55709,8.564,0.047
4653.50724,8.692,0.05
4654.53632,8.824,0.044
4655.49989,8.938,0.057
4656.54874,9.015,0.048
4659.50059,8.969,0.051
4659.56777,8.946,0.047
4662.50156,7.972,0.062
4663.4962,8.198,0.055
4666.47001,8.542,0.048
4666.51181,8.59,0.045
4670.47023,9.022,0.049
4670.50909,9.044,0.044
4674.4708,8.87,0.049
4674.48148,8.885,0.043
4681.47624,8.659,0.058
4681.47936,8.669,0.047
4683.50554,8.969,0.049
4684.46868,9.048,0.052
4687.49645,8.957,0.047
4694.47176,8.54,0.054
4746.88264,7.991,0.053
4753.87828,8.908,0.048
4755.8778,9.116,0.049
4758.86883,8.873,0.048
4760.87563,8.052,0.044
4762.86426,8.302,0.046
4767.85747,8.913,0.044
4770.85783,9.132,0.051
4771.84814,8.986,0.046
4774.85831,8.142,0.053
4775.83934,8.067,0.045
4778.84933,8.517,0.039
4779.83363,8.616,0.053
4784.82952,9.103,0.048
4787.84189,8.81,0.04
4792.81358,8.482,0.049
4795.83319,8.857,0.043
4796.83865,8.989,0.051
4800.78896,8.923,0.059
4804.8191,8.254,0.047
4804.8521,8.251,0.044
4807.82649,8.573,0.051
4808.81878,8.698,0.042
4813.80993,9.037,0.053
4813.83514,9.03,0.044
4816.81627,8.337,0.051
4816.83637,8.334,0.043
4820.77805,8.453,0.05
4820.79492,8.49,0.043
4823.80438,8.834,0.046
4824.78274,8.965,0.04
4826.83056,9.108,0.048
4827.83628,9.025,0.044
4829.792,8.848,0.045
4830.84154,8.396,0.051
4833.83135,8.574,0.039
4836.81846,8.701,0.041
4839.80201,9.092,0.04
4842.79094,8.994,0.05
4844.83972,8.509,0.053
4846.77801,8.216,0.042
4847.75423,8.336,0.047
4849.77349,8.581,0.044
4850.73689,8.66,0.046
4852.77439,9.487,0.039
4853.75707,9.05,0.05
4856.76772,8.995,0.04
4856.78737,8.944,0.047
4860.73224,8.148,0.051
4860.7703,8.158,0.05
4862.81598,8.423,0.05
4863.74788,8.559,0.04
4865.74392,8.785,0.056
4866.7364,8.921,0.04
4868.71608,9.105,0.05
4869.71947,9.072,0.054
4870.78485,9,0.048
4871.75805,8.866,0.051
4876.72728,8.416,0.052
4876.80709,8.414,0.046
4879.72821,8.757,0.05
4879.74432,8.771,0.043
4882.65691,9.118,0.048
4882.68738,9.093,0.04
4884.74754,8.972,0.052
4884.80333,9.015,0.039
4890.66563,8.383,0.069
4892.64071,8.63,0.071
4892.76179,8.623,0.062
4901.73426,8.089,0.063
4902.67977,8.045,0.07
4904.78979,8.382,0.066
4905.66093,8.5,0.072
4907.61664,8.722,0.061
4907.71823,8.748,0.065
4909.7027,8.984,0.07
4914.62473,8.812,0.066
4914.66671,8.821,0.057
4916.66604,8.031,0.068
4916.70778,8.047,0.056
4918.78162,8.393,0.073
4918.80398,8.408,0.063
4921.57729,8.719,0.065
4921.60443,8.723,0.054
4926.59942,9.038,0.071
4926.63324,9.027,0.061
4929.72067,8.22,0.068
4932.66293,8.39,0.062
4934.69113,8.602,0.067
4936.57182,8.833,0.072
4936.72513,8.85,0.06
4938.62279,9.067,0.073
4938.7568,9.099,0.061
4941.60347,8.932,0.073
4945.69314,8.24,0.076
4946.61224,8.354,0.065
4948.67062,8.584,0.065
4951.5452,8.954,0.073
4952.67602,9.065,0.066
4953.58022,9.109,0.072
4954.62867,9.055,0.073
4955.59208,8.941,0.075
4959.56561,8.179,0.08
4961.6135,8.446,0.077
4961.63987,8.463,0.066
4966.61004,9.052,0.072
4966.6168,9.105,0.057
4968.66292,9.062,0.069
4968.66965,9.071,0.057
4974.52927,8.318,0.07
4988.62896,8.305,0.07
4991.5585,8.646,0.069
4991.56176,8.643,0.057
5013.5208,8.758,0.07
5023.51244,9.106,0.057
5024.51354,9.066,0.071
5029.56081,8.196,0.072
5031.49615,8.366,0.074
5037.47056,9.078,0.065
5037.47349,9.086,0.055
5039.48775,8.986,0.071
5039.49365,9.005,0.062
5041.50632,8.814,0.056
5057.47224,8.021,0.066
5125.87393,8.834,0.066
5140.84648,8.511,0.075
5147.84879,8.803,0.066
5158.81819,8.423,0.067
5159.85403,8.53,0.062
5163.83599,9.035,0.069
5164.82821,9.092,0.069
5168.8412,8.67,0.064
