1869.85166,12.887,0.065
1871.85617,13.059,0.077
1873.85594,13.092,0.065
1875.84145,13.063,0.055
1877.83348,13.024,0.053
1879.83185,13.051,0.044
1881.82754,13.034,0.042
1885.79431,12.972,0.047
1887.80935,12.861,0.048
1899.84093,12.71,0.036
1902.80633,12.619,0.04
1904.79359,12.678,0.047
1906.7911,12.641,0.037
1908.78542,12.685,0.047
1913.8072,12.706,0.036
1915.76721,12.733,0.036
1919.77316,12.757,0.04
1920.84408,12.823,0.04
1921.80866,12.831,0.037
1922.8284,12.794,0.04
1925.78576,12.807,0.038
1926.78222,12.728,0.04
1928.7893,12.721,0.051
1929.77575,12.663,0.037
1930.79662,12.646,0.034
1931.79886,12.654,0.038
1932.78271,12.633,0.036
1933.81077,12.694,0.038
1936.73623,12.625,0.036
1938.72227,12.746,0.036
1940.72364,12.679,0.036
1947.7066,12.621,0.04
1948.73887,12.804,0.037
1949.75983,12.588,0.065
1950.71615,12.628,0.066
1953.72067,12.69,0.039
1954.72271,12.736,0.047
1955.71572,12.568,0.044
1958.70207,12.592,0.037
1961.68913,12.572,0.039
1962.71877,12.602,0.041
1963.698,12.594,0.042
1964.69682,12.636,0.039
1965.69216,12.584,0.037
1966.69454,12.589,0.039
1967.68907,12.598,0.04
1968.68652,12.71,0.043
1971.70294,12.663,0.047
1977.66074,12.698,0.046
1978.69369,12.792,0.053
1979.66476,12.859,0.054
1980.66374,12.778,0.051
1981.68312,12.751,0.046
1982.65753,12.643,0.046
1984.64926,12.773,0.047
1985.64841,12.79,0.047
1993.65081,12.908,0.051
1994.62808,12.92,0.049
1995.62372,12.858,0.054
1996.62231,12.98,0.054
1997.61139,12.93,0.063
1997.62292,12.823,0.055
1998.62012,12.866,0.058
2000.6148,12.758,0.061
2008.59399,12.744,0.061
2009.60164,12.81,0.071
2011.5812,12.936,0.063
2014.58095,12.72,0.062
2016.57297,12.84,0.065
2025.53395,12.616,0.045
2026.56156,12.624,0.05
2027.55574,12.686,0.059
2030.53347,12.656,0.061
2031.54756,12.635,0.061
2032.54897,12.648,0.056
2033.52619,12.596,0.054
2033.54261,12.599,0.064
2038.51972,12.563,0.047
2052.48413,12.514,0.06
2056.48651,12.727,0.059
2058.48084,12.697,0.067
2064.45918,12.672,0.067
2068.45665,12.747,0.069
2069.5296,12.824,0.055
2071.52204,12.749,0.045
2080.47646,12.744,0.061
2080.4962,12.726,0.062
2083.4663,12.821,0.075
2086.49615,12.919,0.066
2088.50194,12.909,0.05
2094.49897,13.018,0.062
2104.48521,13.097,0.054
2200.87757,12.75,0.057
2215.86091,13.065,0.052
2222.84528,13.078,0.05
2225.83325,13.233,0.056
2226.843,12.965,0.062
2228.85691,13.121,0.056
2230.8465,13.132,0.053
2233.83315,13.056,0.051
2234.82546,12.953,0.053
2237.83953,13.149,0.047
2239.8322,12.825,0.053
2240.82206,12.986,0.051
2241.81675,13.03,0.052
2243.81527,12.754,0.059
2244.82239,12.874,0.056
2248.79778,12.915,0.054
2250.80618,12.635,0.054
2252.80609,12.627,0.058
2255.813,12.548,0.056
2257.81017,12.738,0.059
2262.82666,12.68,0.07
2265.78081,12.578,0.068
2269.81663,12.521,0.069
2440.48862,13.236,0.038
2440.50836,13.295,0.044
2442.49056,13.256,0.043
2444.48461,13.142,0.038
2453.49741,13.162,0.054
2453.51722,13.011,0.055
2463.48375,12.891,0.047
2464.45829,12.837,0.053
2466.46891,12.834,0.046
2467.46833,12.858,0.048
2469.46235,12.97,0.048
2470.46693,12.952,0.055
2622.7978,13.085,0.036
2625.80166,13.118,0.034
2628.78926,13.023,0.044
2635.80091,13.15,0.033
2641.82857,12.976,0.034
2644.81558,12.972,0.034
2646.80906,12.823,0.029
2650.76064,12.907,0.033
2652.77608,12.832,0.03
2655.78643,12.593,0.031
2658.78006,12.558,0.029
2662.78879,12.541,0.031
2664.79187,12.536,0.035
2666.78355,12.49,0.038
2668.78829,12.478,0.031
2670.82404,12.523,0.039
2672.80362,12.589,0.035
2674.77951,12.505,0.035
2676.76602,12.467,0.032
2678.75254,12.642,0.031
2680.75266,12.707,0.037
2684.70184,12.75,0.032
2686.73064,12.786,0.04
2688.735,12.851,0.035
2690.73961,12.932,0.035
2692.7801,13.052,0.047
2692.79903,12.976,0.042
2694.72174,13.001,0.029
2696.74,13.024,0.029
2698.76944,12.866,0.03
2700.73215,13.038,0.033
2704.71829,13.026,0.03
2706.69242,12.981,0.031
2710.65686,13.061,0.031
2712.64483,13.005,0.031
2713.82412,12.973,0.033
2715.70726,12.692,0.032
2715.74591,12.845,0.036
2717.79653,12.766,0.044
2720.63288,12.928,0.039
2720.64219,12.715,0.038
2721.82256,12.603,0.042
2723.68344,12.539,0.035
2723.69276,12.627,0.029
2724.84515,12.579,0.029
2726.71089,12.539,0.03
2728.69239,12.622,0.036
2730.66798,12.542,0.034
2732.77574,12.416,0.036
2732.78691,12.498,0.041
2734.63783,12.502,0.033
2736.62078,12.477,0.034
2738.60201,12.519,0.035
2738.60921,12.552,0.036
2739.80295,12.479,0.029
2740.61884,12.607,0.037
2741.67313,12.531,0.038
2743.63248,12.554,0.033
2744.76986,12.506,0.033
2747.78246,12.569,0.036
2751.57482,12.861,0.03
2754.57819,12.916,0.03
2756.5776,12.908,0.04
2759.52438,13.084,0.035
2760.58649,12.985,0.029
2764.56426,12.997,0.033
2764.6426,13.165,0.043
2770.63367,13.129,0.036
2776.54774,12.827,0.042
2776.55068,12.863,0.031
2783.56386,12.77,0.038
2783.56682,12.962,0.04
2785.56852,12.71,0.035
2787.54339,12.718,0.036
2790.4861,12.629,0.033
2790.56622,12.778,0.049
2792.52199,12.727,0.032
2793.46488,12.426,0.059
2793.48878,12.616,0.033
2796.48522,12.575,0.043
2804.58233,12.557,0.04
2804.5853,12.556,0.037
2809.57751,12.855,0.036
2811.57166,12.838,0.033
2813.56266,12.908,0.038
2813.56562,12.856,0.039
2820.49071,12.943,0.037
2820.49362,12.948,0.033
2831.49406,13.169,0.037
2835.49585,13.087,0.039
2838.48973,13.041,0.038
2838.49253,13.117,0.035
2841.49734,13.093,0.037
2841.50012,12.963,0.037
2843.4912,12.989,0.056
2845.46379,13.011,0.039
2854.47137,12.837,0.034
2958.84433,13.039,0.058
2961.85342,12.941,0.032
2970.85197,12.937,0.033
2971.83174,13.001,0.029
2975.81256,13.042,0.03
2978.8339,13.077,0.03
2985.8176,12.856,0.031
2991.85235,13.035,0.035
2995.80494,13.007,0.034
2998.83447,13.044,0.047
3003.80229,12.99,0.036
3005.84722,12.788,0.029
3008.81314,12.832,0.034
3009.79428,12.823,0.037
3011.82213,12.85,0.033
3015.81469,12.671,0.033
3016.78501,12.641,0.037
3018.79452,12.631,0.034
3018.82493,13.117,0.038
3025.74641,12.623,0.035
3032.76283,12.809,0.034
3035.72712,12.644,0.048
3035.75179,12.865,0.036
3042.75159,12.692,0.038
3045.69761,12.674,0.051
3045.71966,12.651,0.054
3048.73791,12.924,0.035
3048.75507,12.857,0.03
3051.6934,12.801,0.04
3051.71715,12.896,0.03
3053.79599,12.764,0.049
3056.67627,12.953,0.035
3056.69773,12.772,0.031
3060.74377,12.94,0.037
3061.67962,13.032,0.033
3062.78752,12.756,0.038
3066.76341,13.07,0.028
3068.69578,13.068,0.034
3068.71943,13.016,0.035
3068.85914,13.104,0.032
3070.72168,13.212,0.035
3072.79962,12.886,0.034
3074.82903,12.907,0.036
3075.64987,12.91,0.041
3077.61644,13.223,0.048
3077.6939,13.066,0.03
3079.66781,12.93,0.036
3079.70519,13.033,0.034
3081.67108,12.926,0.034
3081.73186,13.303,0.051
3085.67791,12.798,0.034
3085.73469,12.947,0.033
3087.68048,12.699,0.037
3087.74166,13.08,0.033
3089.71071,12.797,0.038
3089.78231,12.711,0.032
3091.69196,12.84,0.038
3091.77869,12.667,0.033
3093.69248,12.659,0.051
3096.64001,12.586,0.032
3097.66943,12.712,0.035
3098.6504,12.485,0.032
3099.72649,12.795,0.04
3100.67091,12.658,0.035
3101.74992,12.547,0.037
3102.67285,12.564,0.031
3104.68452,12.595,0.037
3105.75824,12.586,0.036
3106.68114,12.585,0.032
3107.76264,12.611,0.034
3108.68451,12.583,0.031
3110.52708,12.673,0.036
3110.68926,12.626,0.06
3112.57596,12.602,0.037
3112.69336,12.6,0.032
3114.58307,12.532,0.033
3114.74215,12.626,0.031
3116.60532,12.588,0.038
3116.75281,12.663,0.03
3121.70171,12.738,0.035
3121.71812,12.744,0.031
3124.52712,12.632,0.036
3124.53025,12.676,0.031
3126.57163,12.716,0.037
3126.57485,12.776,0.032
3128.6058,12.706,0.036
3130.62602,12.757,0.035
3132.54621,12.595,0.029
3132.61897,12.898,0.038
3134.57116,12.819,0.032
3134.63243,12.649,0.038
3142.60419,12.657,0.031
3142.64565,12.608,0.035
3145.62427,12.674,0.033
3145.65225,12.806,0.033
3154.54626,12.39,0.033
3154.54957,12.343,0.047
3156.65097,12.395,0.031
3158.5248,12.502,0.038
3160.54072,12.418,0.036
3162.62112,12.572,0.033
3163.55469,12.588,0.037
3164.63052,12.535,0.035
3165.55378,12.494,0.041
3167.62892,12.52,0.033
3168.56489,12.469,0.035
3171.5389,12.641,0.031
3171.57065,12.628,0.036
3175.54234,12.501,0.034
3175.56525,12.677,0.051
3177.55503,12.661,0.029
3177.56839,12.617,0.034
3183.57321,12.894,0.032
3184.53268,12.585,0.038
3187.49195,12.71,0.036
3189.50675,12.73,0.032
3190.53305,12.658,0.037
3357.82826,13.029,0.041
3382.83683,13.175,0.087
3386.7893,13.179,0.088
3389.77994,13.173,0.081
3395.77539,13.742,0.043
3397.82105,12.964,0.048
3400.81183,13.107,0.048
3403.79732,13.126,0.061
3406.72975,13.125,0.088
3408.79928,13.062,0.05
3411.72475,13.091,0.04
3413.76646,13.147,0.079
3415.7923,12.919,0.07
3418.69934,12.83,0.086
3427.73589,12.635,0.086
3431.74203,12.632,0.088
3436.77512,12.479,0.04
3439.74544,12.633,0.054
3443.64921,12.484,0.075
3447.68505,12.58,0.066
3449.69012,12.757,0.103
3452.63894,12.777,0.055
3454.71031,12.798,0.092
3456.72607,12.92,0.042
3458.70973,13.003,0.08
3460.7103,12.865,0.08
3463.58655,13.061,0.057
3465.62756,13.034,0.09
3468.61869,13.287,0.077
3470.6415,13.269,0.042
3472.63341,13.203,0.058
3474.6646,13.232,0.038
3476.72985,13.469,0.082
3478.69789,13.172,0.054
3480.69089,13.297,0.093
3482.70143,13.102,0.081
3484.73963,12.972,0.082
3489.65858,12.987,0.075
3491.66867,13.084,0.093
3497.69488,12.93,0.039
3500.70101,13.014,0.06
3503.5143,12.997,0.084
3506.56912,12.818,0.047
3509.61608,12.889,0.042
3511.67373,12.979,0.038
3516.62519,12.802,0.055
3520.59361,12.882,0.056
3522.61696,12.806,0.065
3524.62547,12.735,0.065
3526.62842,12.862,0.047
3528.63406,12.893,0.041
3539.53939,12.729,0.066
3542.56874,12.617,0.042
3554.52794,12.415,0.042
3558.50166,12.352,0.054
3560.5255,12.403,0.094
3562.51583,12.411,0.055
3564.50638,12.454,0.047
3576.50375,12.69,0.055
3586.47451,13.126,0.075
3699.84126,12.654,0.048
3703.83377,12.666,0.042
3707.82192,12.61,0.036
3713.84155,12.715,0.057
3717.83953,12.81,0.047
3721.84093,12.811,0.05
3725.8195,12.68,0.036
3730.83282,12.7,0.045
3734.79959,12.674,0.04
3737.82076,12.681,0.054
3740.83951,12.644,0.056
3744.78163,12.565,0.066
3747.80354,12.552,0.057
3750.79841,12.72,0.047
3753.78172,12.569,0.046
3756.77658,12.59,0.045
3759.76576,12.563,0.057
3762.76091,12.628,0.086
3765.75093,12.463,0.075
3768.73917,12.551,0.048
3774.72629,12.634,0.068
3776.78165,12.464,0.073
3779.70644,12.616,0.042
3783.77114,12.835,0.068
3788.75131,12.791,0.056
3791.68319,12.889,0.04
3793.72381,12.861,0.09
3795.78515,12.996,0.055
3798.66958,13.017,0.04
3800.72677,13.347,0.075
3803.6577,13.03,0.062
3805.70227,13.068,0.041
3810.69627,13.291,0.063
3812.69816,13.002,0.05
3814.71257,13.019,0.076
3816.73217,13.075,0.092
3818.75222,12.965,0.052
3823.64673,12.98,0.095
3825.66432,12.99,0.054
3827.70454,13.03,0.09
3829.76111,12.892,0.071
3831.8126,12.905,0.082
3833.73384,13.114,0.065
3848.68827,13,0.049
3850.70346,12.835,0.041
3852.71256,12.83,0.038
3859.67491,12.74,0.066
3861.64254,12.727,0.065
3865.54902,12.796,0.054
3867.5917,13.135,0.063
3869.59113,13.002,0.073
3871.58333,13.186,0.086
3875.5852,13.2,0.049
3883.50975,13.163,0.042
3887.5204,13.033,0.059
3889.52991,13.077,0.038
3892.48734,13.042,0.056
3894.60187,13.121,0.033
3902.48058,13.085,0.052
3904.51968,13.32,0.049
3906.53958,13.063,0.042
4091.81232,13.106,0.041
4103.83248,13.037,0.037
4106.80367,12.896,0.043
4111.87039,13.126,0.074
4122.77063,13.034,0.08
4125.76615,12.907,0.041
4127.82158,13.002,0.068
4133.7351,12.954,0.056
4140.81135,13.139,0.077
4142.87596,13.107,0.036
4145.71772,13.161,0.078
4151.65734,13.097,0.054
4153.74327,12.945,0.058
4158.68117,13.151,0.087
4160.72418,12.911,0.065
4162.72542,13.033,0.087
4165.73073,13.194,0.101
4168.72354,12.931,0.067
4173.72324,12.895,0.069
4175.77961,12.764,0.061
4180.7611,12.829,0.069
4182.84377,12.97,0.062
4185.60631,12.749,0.06
4192.6453,12.713,0.037
4194.67936,12.743,0.062
4197.66945,12.644,0.056
4199.7929,12.732,0.071
4202.79264,12.714,0.06
4205.55755,13.05,0.075
4208.6709,13.016,0.054
4216.73508,13.037,0.052
4227.65005,12.913,0.04
4233.66131,12.859,0.051
4235.66329,12.615,0.071
4247.49907,12.51,0.036
4250.50101,12.627,0.045
4254.56066,12.583,0.061
4256.62387,12.706,0.035
4258.63003,12.625,0.035
4259.50976,12.808,0.048
4276.52016,12.964,0.036
4278.57518,12.755,0.034
4283.50601,12.843,0.058
4285.52006,12.84,0.044
4289.51697,12.844,0.036
4291.53122,12.883,0.038
4293.52717,12.863,0.035
4295.52817,12.906,0.043
4297.5278,12.838,0.054
4305.5006,12.766,0.048
4429.84637,12.956,0.047
4439.83317,13.115,0.059
4443.81857,13.182,0.036
4455.81601,13.036,0.041
4462.82833,13.092,0.044
4469.84042,13.222,0.04
4473.82465,13.373,0.043
4477.81407,13.397,0.07
4480.79673,13.333,0.074
4484.79461,13.482,0.063
4487.76604,13.42,0.062
4490.76497,13.324,0.038
4493.82157,13.575,0.047
4497.76491,13.816,0.04
4500.7408,13.474,0.042
4503.72544,13.471,0.039
4505.84197,13.676,0.054
4508.72705,13.572,0.048
4510.81019,13.528,0.054
4516.73983,13.398,0.048
4520.75396,13.314,0.049
4522.75449,13.449,0.044
4524.78371,13.312,0.046
4526.83457,13.408,0.041
4529.67025,13.709,0.071
4531.72295,13.516,0.062
4535.66152,13.461,0.038
4539.70344,13.386,0.048
4541.69789,13.435,0.042
4543.71303,13.295,0.065
4547.78746,13.256,0.066
4552.72249,13.927,0.052
4554.75145,13.24,0.054
4559.58719,13.301,0.069
4561.65285,12.999,0.066
4567.76256,13.069,0.038
4570.55598,12.991,0.051
4572.59719,13.193,0.038
4575.60096,12.971,0.05
4579.60129,13.117,0.05
4582.60272,13.044,0.048
4585.62058,13.07,0.034
4589.6993,13.204,0.059
4591.71113,13.399,0.078
4594.55204,13.187,0.05
4596.55712,13.195,0.036
4602.52818,12.995,0.046
4607.5835,13.141,0.04
4609.6308,13.117,0.055
4611.63544,13.222,0.039
4617.57828,13.02,0.051
4620.57783,13.045,0.041
4623.56906,13.075,0.052
4626.52263,13.212,0.047
4629.57392,13.002,0.036
4631.60697,13.083,0.039
4640.57756,12.915,0.045
4642.5689,13.107,0.037
4645.48416,12.89,0.061
4647.50386,13.097,0.076
4649.56872,12.926,0.054
4652.51975,12.929,0.059
4657.54745,12.953,0.052
4661.49458,12.882,0.053
4664.49445,12.95,0.05
4667.49426,12.871,0.04
4671.48809,12.843,0.043
4674.49592,12.937,0.049
4679.47485,12.954,0.049
4684.46396,12.734,0.041
4794.83686,12.598,0.038
4805.84063,12.561,0.052
4809.8282,12.67,0.066
4814.81221,12.718,0.04
4821.80686,12.778,0.079
4825.81501,12.73,0.05
4829.79963,12.707,0.068
4833.79492,12.842,0.065
4837.79285,12.845,0.04
4843.79891,12.824,0.075
4848.8534,12.708,0.061
4851.78425,12.915,0.049
4855.78485,12.707,0.07
4860.7785,12.58,0.061
4863.74669,12.748,0.069
4866.74474,12.429,0.076
4869.73134,12.515,0.063
4871.78208,12.511,0.048
4875.78546,12.448,0.08
4877.80952,12.411,0.047
4883.70057,12.35,0.065
