1886.86608,10.095,0.092
1888.79259,10.17,0.098
1899.81685,10.037,0.049
1902.7725,10.052,0.1
1906.75004,10.066,0.102
1913.78706,10.125,0.096
1920.82996,10.124,0.094
1921.79722,10.174,0.093
1922.78919,10.093,0.088
1924.76913,9.88,0.096
1925.76964,9.989,0.093
1926.76617,10.049,0.09
1928.77024,10.195,0.096
1929.75736,9.97,0.079
1930.76645,9.888,0.084
1931.77097,9.902,0.086
1932.7588,9.989,0.081
1933.79865,10.085,0.086
1936.7174,9.921,0.083
1938.69386,9.937,0.084
1940.67312,10.093,0.082
1945.76881,9.973,0.074
1947.67585,10.153,0.084
1948.7205,10.195,0.079
1949.74763,10.041,0.06
1950.70635,9.905,0.059
1953.71085,10.088,0.066
1954.71585,10.191,0.051
1955.70357,10.17,0.058
1955.70884,10.199,0.043
1958.69227,9.92,0.064
1961.66532,10.171,0.065
1962.71117,10.112,0.063
1963.69263,9.887,0.064
1964.68925,9.878,0.064
1965.68235,9.945,0.062
1966.68242,10.013,0.064
1967.67927,10.125,0.063
1968.67674,10.124,0.065
1970.69967,9.85,0.055
1982.64797,10.12,0.065
2216.84982,10.15,0.057
2225.82839,9.863,0.054
2227.83238,10.022,0.058
2229.83013,10.194,0.06
2232.8304,9.877,0.055
2233.78677,9.968,0.054
2234.8202,10.024,0.053
2235.80084,10.134,0.055
2236.82445,10.145,0.055
2237.79795,9.992,0.056
2240.77052,9.984,0.057
2241.81113,10.077,0.055
2443.50095,10.129,0.083
2445.50756,9.947,0.091
2453.47424,9.876,0.073
2456.4981,10.116,0.061
2465.46598,9.955,0.066
2468.46696,9.987,0.072
2483.47784,10.206,0.074
2489.50047,10.04,0.071
2497.4683,10.149,0.07
2622.75242,10.059,0.083
2624.80595,10.235,0.054
2627.83313,9.879,0.064
2630.82387,10.198,0.055
2634.83937,9.908,0.085
2637.79687,10.218,0.048
2640.80425,9.868,0.05
2643.79909,10.111,0.047
2646.75577,9.892,0.051
2650.74684,10.11,0.045
2652.76465,10.016,0.06
2655.76758,9.997,0.051
2658.7707,10.152,0.076
2660.78363,9.892,0.07
2662.77926,10.04,0.073
2664.77771,10.204,0.048
2670.81662,10.147,0.052
2672.78909,10.063,0.046
2674.77202,9.929,0.052
2676.75617,10.145,0.05
2678.73135,10.141,0.051
2680.74024,9.884,0.047
2684.6851,10.206,0.049
2686.72303,9.936,0.054
2688.72738,9.941,0.047
2690.732,10.165,0.058
2692.78875,10.06,0.054
2696.73006,10.076,0.047
2698.74104,10.189,0.048
2700.70787,9.905,0.049
2704.69664,10.205,0.056
2706.68264,9.913,0.051
2710.6494,10.132,0.053
2712.62589,10.087,0.05
2713.75056,9.862,0.081
2715.6976,9.959,0.052
2717.78693,10.186,0.066
2720.63494,9.889,0.053
2723.68562,10.076,0.05
2724.83805,10.166,0.093
2726.70138,9.922,0.08
2728.68078,9.916,0.093
2729.84182,9.946,0.102
2732.75385,10.106,0.084
2734.61483,9.839,0.055
2736.60488,10.036,0.052
2737.80174,10.123,0.084
2739.69921,10.076,0.079
2741.65744,9.918,0.061
2742.78399,9.919,0.092
2744.64772,10.175,0.063
2747.71966,9.867,0.079
2750.75715,10.096,0.082
2752.65534,10.171,0.073
2754.75213,9.869,0.085
2756.70376,10.028,0.081
2758.75979,10.147,0.086
2760.6275,9.875,0.083
2764.59142,10.118,0.086
2769.73425,9.994,0.093
2775.64677,9.931,0.074
2782.68157,9.936,0.09
2784.60778,10.141,0.075
2786.5985,10.039,0.082
2790.4702,10.055,0.079
2804.54685,10.15,0.075
2809.54457,9.984,0.077
2811.543,10.144,0.065
2813.54155,10.03,0.075
2819.534,10.14,0.086
2821.56807,9.821,0.102
2826.54499,10.098,0.069
2832.48421,10.21,0.072
2834.48999,9.896,0.066
2836.49234,9.964,0.074
2839.49154,10.18,0.079
2842.50097,9.838,0.08
2853.47601,10.082,0.072
2859.48275,10.161,0.087
2861.49051,9.878,0.085
2867.47462,9.9,0.073
2924.87877,10.111,0.081
2934.8676,9.876,0.073
2944.85187,10.084,0.092
2948.83161,9.863,0.083
2956.83332,9.95,0.07
2960.8461,10.013,0.057
2964.82207,10.095,0.088
2968.81544,9.854,0.078
2973.82808,10.143,0.075
2976.79382,9.968,0.052
2979.80007,10.183,0.056
2982.84161,9.82,0.08
2985.84279,10.133,0.076
2988.81809,9.872,0.059
2991.82645,10.073,0.072
2994.82171,9.875,0.077
2997.80999,10.01,0.055
3008.78371,9.851,0.059
3011.78356,10.105,0.056
3015.79237,9.859,0.084
3018.76172,10.102,0.057
3031.75356,10.118,0.059
3033.79213,10.152,0.079
3036.72716,9.92,0.064
3041.74367,9.846,0.081
3043.78747,9.952,0.083
3046.70931,10.181,0.076
3049.69709,9.9,0.075
3052.6834,10.118,0.087
3054.73378,10,0.077
3056.80733,9.892,0.081
3059.66528,10.166,0.058
3066.8122,10.143,0.057
3068.719,9.918,0.059
3070.74476,9.941,0.077
3072.84117,10.164,0.059
3075.63395,9.882,0.074
3077.67465,9.954,0.081
3079.69146,10.168,0.083
3081.72099,9.905,0.074
3085.72147,10.07,0.078
3087.72625,10.097,0.09
3089.74847,9.851,0.061
3091.76268,10.021,0.08
3096.62453,9.888,0.055
3098.63727,10.175,0.078
3100.64589,10.162,0.078
3102.65026,9.866,0.071
3104.66418,9.974,0.072
3106.65863,10.178,0.073
3108.66438,9.866,0.075
3110.65851,9.961,0.056
3112.67031,10.099,0.06
3114.72232,10.051,0.082
3116.72652,9.889,0.084
3121.61621,10.007,0.058
3123.61416,9.903,0.087
3125.63302,10.082,0.09
3127.648,10.149,0.092
3129.69304,9.89,0.088
3133.6993,10.193,0.057
3144.70279,9.998,0.082
3153.60716,10.177,0.085
3155.63439,9.842,0.076
3158.67177,10.04,0.09
3162.51163,9.853,0.083
3164.53086,9.961,0.084
3167.53633,10.17,0.083
3169.59229,9.85,0.058
3176.60187,9.887,0.064
3179.52455,10.143,0.053
3182.60054,9.867,0.086
3187.519,10.182,0.084
3190.55122,9.871,0.081
3357.80389,9.917,0.044
3365.84411,9.956,0.046
3382.84456,9.956,0.062
3384.7423,10.127,0.075
3387.77196,10.16,0.066
3390.7721,9.836,0.065
3393.82886,10.081,0.061
3396.75876,9.855,0.066
3407.71478,10.116,0.09
3412.69371,9.994,0.084
3414.74713,10.162,0.057
3416.75596,9.865,0.083
3418.77693,9.932,0.086
3420.76878,10.131,0.08
3420.77843,10.15,0.057
3422.79482,10.045,0.095
3424.76501,9.899,0.083
3426.74533,10.048,0.079
3430.7758,9.836,0.079
3432.77799,9.985,0.086
3438.67259,9.944,0.057
3442.62673,10.123,0.054
3444.66159,9.886,0.092
3446.67341,10.241,0.059
3448.6778,10.205,0.066
3450.65997,9.88,0.069
3452.7877,10.001,0.06
3454.80336,10.196,0.064
3456.79798,9.943,0.065
3458.81656,9.908,0.058
3461.5772,10.183,0.044
3463.57603,9.915,0.056
3463.63884,9.882,0.035
3465.61957,9.946,0.082
3465.66134,9.986,0.047
3468.61084,10.162,0.079
3468.65103,10.197,0.051
3470.63611,9.892,0.081
3470.66617,9.877,0.051
3472.62811,9.988,0.057
3472.67053,9.944,0.052
3474.65315,10.118,0.054
3474.71806,10.168,0.045
3477.54942,9.864,0.037
3478.6937,9.932,0.057
3480.6859,10.118,0.081
3481.59073,10.177,0.053
3483.6235,9.857,0.057
3484.72979,9.897,0.096
3486.75436,10.029,0.062
3489.61153,10.077,0.088
3490.6069,9.857,0.066
3495.61502,10.158,0.078
3496.60517,9.997,0.045
3497.65797,9.875,0.057
3499.59409,9.98,0.036
3501.61205,10.139,0.036
3503.66014,9.881,0.037
3506.68281,10.026,0.043
3509.56897,10.152,0.082
3509.67714,10.089,0.049
3511.65855,9.884,0.056
3511.7096,9.883,0.053
3515.68162,10.151,0.084
3517.66189,9.875,0.082
3521.59474,10.199,0.054
3523.59811,9.907,0.087
3525.618,9.917,0.082
3529.61934,10.119,0.082
3530.53829,9.895,0.053
3538.56697,9.904,0.084
3540.60794,10.116,0.083
3543.56296,9.904,0.047
3547.5497,10.101,0.054
3547.56023,10.093,0.081
3561.50776,10.151,0.059
3563.52286,10.033,0.078
3569.54516,10.147,0.048
3570.51878,9.948,0.081
3573.54458,9.981,0.048
3574.51919,10.113,0.08
3576.52957,10.112,0.05
3577.52425,9.897,0.083
3583.51365,10.02,0.055
3585.48237,9.904,0.083
3586.4934,9.989,0.056
3588.49093,10.162,0.062
3591.47427,9.875,0.084
3597.47914,9.863,0.061
3660.87882,9.976,0.072
3672.86965,9.939,0.058
3680.81012,10.041,0.056
3680.84033,10.029,0.052
3701.84123,10.102,0.067
3705.83824,9.879,0.071
3713.81494,9.99,0.068
3720.82854,10.037,0.063
3724.80909,9.848,0.082
3724.81887,9.852,0.067
3727.82185,10.06,0.067
3731.82865,9.854,0.064
3735.77911,10.081,0.054
3738.82854,9.865,0.059
3741.80793,10.117,0.058
3743.84628,10.179,0.082
3744.81203,9.87,0.063
3747.78946,10.038,0.062
3750.78953,10.062,0.06
3752.78107,9.897,0.08
3753.76654,9.931,0.071
3756.76748,10.193,0.075
3758.85072,9.853,0.058
3761.75663,10.049,0.087
3761.76455,10.101,0.073
3764.74477,9.935,0.085
3764.75223,9.899,0.064
3767.75424,10.033,0.069
3770.71899,10.097,0.092
3773.7233,9.974,0.092
3773.73263,9.953,0.066
3776.70345,10.193,0.061
3778.80027,9.87,0.058
3780.69365,9.977,0.087
3780.79151,9.99,0.059
3787.84437,10.031,0.063
3788.72359,10.07,0.089
3790.67461,10.103,0.059
3791.66513,9.896,0.088
3792.74503,9.838,0.062
3793.71469,9.943,0.088
3795.66772,10.086,0.055
3798.64721,9.896,0.092
3799.74853,9.87,0.066
3800.69729,9.945,0.086
3802.65073,10.156,0.071
3802.83315,10.105,0.092
3804.72727,9.942,0.06
3804.77156,9.913,0.086
3806.71216,9.904,0.059
3809.73005,10.159,0.063
3810.60597,10.124,0.085
3811.76289,9.867,0.055
3812.66655,9.893,0.086
3813.79924,9.949,0.058
3814.66446,10.025,0.084
3816.60651,10.178,0.059
3816.69645,10.186,0.084
3818.65819,9.885,0.055
3818.72279,9.894,0.081
3820.68763,9.965,0.059
3820.77424,9.959,0.084
3822.71939,10.127,0.06
3824.79371,9.985,0.058
3825.57687,9.862,0.09
3827.57894,9.956,0.055
3827.63782,9.993,0.081
3829.63874,10.167,0.052
3829.67338,10.165,0.08
3831.63535,9.901,0.053
3831.67773,9.915,0.084
3833.62448,9.899,0.066
3833.63839,9.928,0.087
3835.65224,10.082,0.064
3835.6582,10.328,0.091
3837.69798,10.095,0.089
3848.60166,10.092,0.095
3849.65364,10.145,0.057
3850.62941,10.186,0.084
3851.65318,9.902,0.057
3852.63139,9.858,0.091
3853.68931,9.924,0.058
3854.64134,10.004,0.086
3856.55365,10.154,0.059
3856.70103,10.165,0.06
3858.66017,9.83,0.048
3860.68103,9.932,0.053
3861.58802,10.032,0.087
3862.60716,10.107,0.053
3865.59311,9.868,0.09
3866.6462,9.889,0.057
3867.63494,9.955,0.084
3868.68791,10.105,0.064
3869.63262,10.136,0.086
3870.68466,10.15,0.058
3871.62481,9.979,0.082
3872.68281,9.859,0.061
3876.62719,10.163,0.059
3877.68576,10.151,0.082
3881.70049,10.017,0.056
3886.47889,9.886,0.049
3887.46944,9.948,0.084
3891.51412,10.033,0.083
3893.54048,9.884,0.085
3894.61444,9.973,0.046
3897.65295,10.157,0.063
3899.52194,9.861,0.078
3900.51738,9.94,0.059
3901.5499,10.026,0.084
3902.55524,10.069,0.058
3903.57941,10.163,0.08
3905.57613,9.873,0.083
3906.57886,9.861,0.052
3907.56698,9.954,0.084
3908.57873,10.034,0.057
4090.80124,10.131,0.046
4104.76781,10.147,0.052
4107.79531,9.886,0.039
4111.85304,10.152,0.056
4126.74256,9.855,0.038
4128.81201,9.993,0.051
4131.73568,10.125,0.04
4133.78442,9.933,0.058
4133.79361,9.837,0.044
4136.73334,10.052,0.046
4146.6961,9.879,0.042
4149.78606,10.023,0.047
4151.82372,10.161,0.04
4156.73236,10.092,0.04
4158.76659,10.176,0.041
4160.77363,9.85,0.037
4162.73651,10.017,0.043
4164.75453,10.169,0.05
4167.70822,9.858,0.038
4172.7683,10.058,0.039
4175.62735,9.935,0.044
4177.75784,10.131,0.038
4180.67346,9.85,0.047
4182.70008,9.986,0.044
4184.69056,10.18,0.061
4184.71878,10.162,0.048
4187.82863,9.84,0.05
4190.56578,10.14,0.057
4190.58742,10.088,0.041
4192.63593,10.09,0.038
4194.66386,9.861,0.058
4194.66693,9.885,0.042
4197.65636,10.113,0.056
4197.66017,10.096,0.043
4199.78189,9.97,0.05
4204.81478,10.181,0.046
4208.64345,9.945,0.075
4208.65511,9.883,0.058
4213.58334,9.876,0.045
4213.67312,9.899,0.06
4216.6243,9.966,0.042
4226.60065,9.943,0.075
4227.55246,9.869,0.052
4228.61936,9.901,0.037
4229.57036,9.997,0.054
4230.62215,10.051,0.039
4231.57462,10.171,0.06
4232.61968,10.149,0.046
4234.62485,9.848,0.04
4235.57594,9.928,0.055
4237.60237,10.096,0.065
4238.6708,10.151,0.052
4245.55555,10.419,0.065
4246.55117,10.017,0.054
4247.5781,9.882,0.038
4250.62111,10.072,0.038
4254.60146,9.858,0.043
4255.62243,9.948,0.057
4256.67307,10.003,0.039
4259.51462,10.095,0.045
4267.50841,9.866,0.041
4267.59807,9.911,0.062
4269.53863,9.977,0.036
4272.58053,10.202,0.052
4274.57007,9.862,0.036
4274.59916,9.875,0.051
4277.57641,10.116,0.038
4277.58962,10.128,0.053
4282.56471,9.926,0.065
4283.59942,10.013,0.047
4284.5812,10.086,0.054
4285.59483,10.155,0.044
4286.5754,10.08,0.068
4290.45763,10.045,0.038
4290.57979,10.071,0.053
4292.49497,10.201,0.035
4292.54485,10.189,0.052
4294.50365,9.851,0.035
4296.50028,9.96,0.038
4296.54528,10.018,0.056
4298.51239,10.137,0.045
4298.54999,10.167,0.062
4300.47438,9.896,0.04
4300.50818,9.969,0.059
4303.54298,10.004,0.039
4304.50947,10.124,0.053
4305.52997,10.155,0.039
4306.53901,10.095,0.054
4311.49884,10.144,0.056
4312.5059,10.132,0.046
4315.47889,9.889,0.051
4317.46723,10.077,0.036
4319.47397,10.149,0.052
4330.468,10.034,0.04
4410.84986,10.081,0.05
4423.84684,10.003,0.054
4428.84405,9.85,0.049
4432.82917,10.107,0.045
4436.81263,9.937,0.046
4440.80266,9.977,0.044
4448.79078,9.857,0.041
4455.79039,9.873,0.041
4458.81992,10.097,0.045
4462.77523,9.868,0.041
4465.80404,10.141,0.053
4468.82959,9.825,0.046
4472.82623,10.188,0.064
4476.80436,9.884,0.059
4479.79091,10.18,0.043
4482.80089,9.858,0.05
4486.73351,10.149,0.047
4492.74502,10.154,0.039
4494.80955,9.931,0.039
4497.75873,10.028,0.052
4498.75152,10.1,0.04
4501.73283,9.886,0.044
4504.71428,10.031,0.051
4506.78064,10.19,0.037
4508.83286,9.871,0.041
4511.70424,10.077,0.039
4515.7102,9.831,0.042
4516.73342,9.953,0.072
4517.7618,10.006,0.044
4519.77973,10.177,0.045
4521.86996,9.838,0.039
4524.66556,10.032,0.038
4526.73305,10.138,0.041
4528.80979,9.861,0.038
4531.65276,10.019,0.041
4535.64969,9.875,0.043
4537.69678,9.998,0.037
4539.69554,10.186,0.054
4541.69008,9.863,0.037
4543.69336,9.943,0.042
4545.71247,10.148,0.052
4547.74058,10.058,0.045
4552.62823,10.156,0.039
4554.65845,9.995,0.044
4558.72244,10.097,0.036
4560.70409,10.105,0.038
4561.59208,9.961,0.057
4562.7491,9.843,0.039
4563.61256,9.902,0.057
4564.82837,10.019,0.04
4565.62627,10.113,0.056
4567.56305,10.11,0.04
4567.64296,10.162,0.055
4569.60966,9.873,0.039
4569.63971,9.875,0.054
4571.61364,10.065,0.044
4571.63049,10.049,0.055
4573.64249,10.165,0.047
4573.65646,10.153,0.056
4575.67051,9.872,0.05
4575.68959,9.883,0.058
4578.79135,10.092,0.05
4578.79329,10.065,0.063
4580.74786,10.177,0.041
4585.54638,10.089,0.054
4585.55367,10.069,0.041
4587.62024,10.129,0.057
4587.63001,10.124,0.052
4589.66079,9.864,0.04
4591.68531,10.002,0.038
4593.72349,10.153,0.038
4597.58075,9.972,0.053
4597.64885,9.968,0.038
4599.60467,10.149,0.057
4599.71311,10.199,0.048
4601.65738,9.934,0.041
4603.68045,9.896,0.045
4607.68719,10.111,0.049
4610.54108,9.942,0.054
4610.54727,9.906,0.038
4612.59643,10.136,0.053
4616.5977,9.876,0.04
4616.60786,9.896,0.055
4618.61669,10.027,0.04
4622.60555,9.85,0.04
4626.63656,10.13,0.041
4630.62018,9.896,0.041
4632.63979,10.076,0.042
4633.53077,10.166,0.061
4639.51842,10.1,0.038
4639.599,10.103,0.058
4641.56997,10.042,0.041
4642.52471,9.803,0.059
4643.57337,9.896,0.045
4644.53445,9.947,0.051
4646.5348,10.159,0.063
4647.59986,10.159,0.047
4649.51417,9.886,0.063
4650.53418,9.893,0.064
4652.55709,10.083,0.047
4654.53632,10.173,0.044
4656.54874,9.811,0.048
4659.53416,10.144,0.06
4659.56777,10.068,0.047
4662.55446,9.927,0.064
4663.4962,9.782,0.055
4666.48348,10.146,0.063
4670.48299,9.889,0.056
4670.50909,9.884,0.044
4672.5235,10.117,0.062
4674.48148,10.165,0.043
4677.48303,9.928,0.063
4679.50688,10.097,0.058
4681.47936,10.144,0.047
4682.4943,9.925,0.062
4683.50554,9.837,0.049
4685.48399,10.057,0.063
4687.49645,10.217,0.047
4691.47066,9.992,0.059
4694.47176,10.147,0.054
4755.8778,9.899,0.049
4760.87563,10.153,0.044
4770.85783,9.937,0.051
4774.85831,10.072,0.053
4778.84933,10.011,0.039
4787.84189,10.163,0.04
4795.83319,9.988,0.043
4804.8521,9.923,0.044
4808.81878,10.094,0.042
4813.83514,10.135,0.044
4816.83637,9.877,0.043
4820.79492,10.123,0.043
4824.78274,9.889,0.04
4827.83628,10.162,0.044
4830.84154,9.855,0.051
4833.83135,10.126,0.039
4836.81846,9.861,0.041
4839.80201,10.074,0.04
4842.79094,9.943,0.05
4846.77801,10.089,0.042
4849.77349,9.93,0.044
4852.77439,10.028,0.039
4856.76772,9.898,0.04
4860.7703,10.079,0.05
4863.74788,9.819,0.04
4866.7364,10.076,0.04
4869.70202,9.933,0.068
4869.71947,9.875,0.054
4871.75805,9.9,0.051
4876.80709,9.851,0.046
4879.74104,10.067,0.054
4879.74432,10.041,0.043
4882.68738,10.029,0.04
4884.80333,9.844,0.039
4890.66563,9.853,0.069
4892.76179,10.059,0.062
4901.73426,10.164,0.063
4903.7914,9.905,0.085
4904.78979,9.864,0.066
4906.61623,10.085,0.08
4907.61664,10.156,0.061
4908.7261,10.179,0.079
4909.7027,9.924,0.07
4914.66671,10.339,0.057
4914.75883,10.19,0.087
4916.70778,9.86,0.056
4917.5757,9.882,0.079
4918.80398,9.935,0.063
4921.60443,10.17,0.054
4926.61592,10.028,0.082
4926.63324,10.018,0.061
4929.72067,9.974,0.068
4932.66293,9.909,0.062
4934.69113,10.151,0.067
4936.57832,9.963,0.082
4936.72513,9.893,0.06
4938.62945,9.949,0.083
4938.7568,9.907,0.061
4941.60347,10.112,0.073
4945.69828,9.974,0.085
4946.61224,10.064,0.065
4948.67062,10.096,0.065
4951.5452,9.858,0.073
4952.636,10.023,0.077
4953.58022,10.031,0.072
4954.60288,10.168,0.084
4955.59208,10.132,0.075
4961.63987,10.158,0.066
4962.60444,10.154,0.082
4966.6168,10.038,0.057
4968.66965,10.16,0.057
4969.65472,10.112,0.089
4974.52927,10.082,0.07
4984.59009,9.871,0.084
4988.62896,10.121,0.07
4991.56176,9.812,0.057
4991.56689,9.889,0.081
5006.60497,9.986,0.08
5021.51325,10.157,0.081
5023.51244,9.954,0.057
5023.51541,9.989,0.078
5029.56081,10.112,0.072
5031.53708,9.84,0.075
5037.47349,9.847,0.055
5037.50221,9.875,0.078
5039.49365,9.945,0.062
5039.49924,10.003,0.079
5041.50632,10.113,0.056
5041.50941,10.151,0.077
5049.47462,10.208,0.09
5057.47224,9.87,0.066
5159.85403,9.935,0.062
5164.82821,9.849,0.069
5168.8412,10.093,0.064
