1869.85166,9.474,0.041
1871.85617,9.503,0.043
1873.85594,9.509,0.04
1875.84145,9.52,0.039
1877.83348,9.544,0.037
1879.83185,9.584,0.034
1881.82754,9.596,0.037
1885.79431,9.522,0.035
1887.80935,9.512,0.035
1899.84093,9.561,0.032
1902.80633,9.604,0.035
1904.79359,9.566,0.036
1906.7911,9.514,0.033
1908.78542,9.483,0.035
1913.8072,9.478,0.035
1915.76721,9.494,0.034
1919.77316,9.551,0.036
1920.84408,9.561,0.034
1921.80866,9.571,0.035
1922.8284,9.585,0.036
1925.78576,9.552,0.036
1926.78222,9.559,0.036
1928.7893,9.506,0.035
1929.77575,9.496,0.033
1930.79662,9.492,0.031
1931.79886,9.471,0.034
1932.78271,9.479,0.032
1933.81077,9.487,0.031
1936.73623,9.492,0.03
1938.72227,9.514,0.033
1940.72364,9.558,0.031
1947.7066,9.551,0.036
1948.73887,9.514,0.036
1949.75983,9.512,0.037
1950.71615,9.499,0.037
1953.72067,9.495,0.033
1954.72271,9.511,0.034
1955.71572,9.484,0.035
1958.70207,9.509,0.03
1961.68913,9.553,0.03
1962.71877,9.572,0.033
1963.698,9.567,0.032
1964.69682,9.594,0.032
1965.69216,9.587,0.03
1966.69454,9.573,0.032
1967.68907,9.55,0.034
1968.68652,9.537,0.035
1971.70294,9.536,0.037
1977.66074,9.497,0.042
1978.69369,9.517,0.047
1979.66476,9.509,0.048
1980.66374,9.528,0.047
1981.68312,9.533,0.04
1982.65753,9.538,0.039
1984.64926,9.615,0.041
1985.64841,9.59,0.039
1993.65081,9.502,0.047
1994.62808,9.474,0.043
1995.62372,9.553,0.049
1996.62231,9.48,0.045
1997.62292,9.484,0.046
1998.62012,9.548,0.05
2000.6148,9.495,0.049
2008.59399,9.564,0.055
2009.60164,9.542,0.063
2011.5812,9.522,0.058
2014.58095,9.464,0.053
2016.57297,9.521,0.056
2025.53395,9.576,0.035
2026.56156,9.583,0.037
2027.55574,9.605,0.038
2030.53347,9.531,0.037
2031.54756,9.533,0.037
2032.54897,9.515,0.04
2033.54261,9.51,0.043
2038.51972,9.488,0.037
2052.48413,9.544,0.038
2056.48651,9.501,0.036
2058.48084,9.477,0.041
2064.45918,9.507,0.043
2068.45665,9.602,0.042
2080.47646,9.459,0.038
2083.4663,9.567,0.06
2086.49615,9.548,0.039
2088.50194,9.577,0.036
2094.49897,9.52,0.04
2104.48521,9.491,0.037
2215.86091,9.602,0.039
2222.84528,9.472,0.039
2226.843,9.5,0.056
2228.85691,9.532,0.042
2230.8465,9.515,0.038
2233.83315,9.559,0.037
2235.83966,9.597,0.037
2236.82981,9.578,0.036
2237.83953,9.579,0.037
2239.8322,9.519,0.039
2240.82206,9.539,0.038
2242.82832,9.494,0.043
2243.81527,9.53,0.045
2244.82239,9.431,0.049
2248.79778,9.482,0.044
2250.80618,9.562,0.045
2252.80609,9.553,0.048
2255.813,9.568,0.045
2257.81017,9.697,0.048
2262.82666,9.572,0.056
2265.78081,9.539,0.051
2269.81663,9.456,0.057
2440.48862,9.516,0.03
2442.49056,9.553,0.032
2444.48461,9.576,0.031
2453.49741,9.501,0.045
2463.48375,9.556,0.031
2466.46891,9.585,0.029
2469.46235,9.553,0.031
2577.86981,9.514,0.04
2622.7978,9.486,0.031
2625.80166,9.49,0.032
2628.78926,9.515,0.042
2635.80091,9.572,0.034
2638.80905,9.511,0.035
2641.82857,9.488,0.033
2644.81558,9.48,0.033
2646.80906,9.49,0.031
2650.76064,9.541,0.03
2652.77608,9.562,0.031
2655.78643,9.603,0.034
2658.78006,9.59,0.033
2660.79306,9.489,0.037
2662.78879,9.505,0.034
2664.79187,9.465,0.033
2666.78355,9.496,0.034
2668.78829,9.5,0.037
2670.82404,9.527,0.032
2672.80362,9.561,0.037
2674.77951,9.585,0.036
2676.76602,9.589,0.031
2678.75254,9.549,0.031
2680.75266,9.52,0.031
2684.70184,9.492,0.032
2686.73064,9.484,0.038
2688.735,9.492,0.04
2690.73961,9.526,0.041
2692.79903,9.527,0.032
2694.72174,9.569,0.033
2696.74,9.597,0.033
2698.76944,9.564,0.033
2700.73215,9.528,0.03
2704.71829,9.481,0.03
2706.69242,9.482,0.032
2710.65686,9.515,0.036
2712.64483,9.534,0.031
2713.82412,9.549,0.034
2715.70726,9.587,0.034
2717.79653,9.602,0.039
2720.64219,9.545,0.033
2721.82256,9.517,0.045
2723.69276,9.497,0.03
2724.84515,9.49,0.032
2726.71089,9.487,0.031
2728.69239,9.484,0.032
2730.66798,9.492,0.031
2732.77574,9.51,0.035
2734.63783,9.545,0.031
2736.62078,9.579,0.032
2738.60921,9.591,0.032
2739.80295,9.585,0.032
2741.67313,9.549,0.033
2743.63248,9.518,0.032
2744.76986,9.49,0.039
2747.78246,9.493,0.049
2751.57482,9.496,0.031
2754.57819,9.53,0.031
2756.5776,9.559,0.028
2760.58649,9.578,0.03
2762.57978,9.542,0.036
2764.56426,9.526,0.03
2776.55068,9.535,0.034
2783.56682,9.551,0.031
2785.56852,9.504,0.03
2790.4861,9.475,0.033
2792.52199,9.481,0.032
2793.46488,9.498,0.056
2804.5853,9.543,0.037
2811.57166,9.488,0.032
2813.56562,9.495,0.031
2820.49362,9.587,0.03
2831.4969,9.496,0.033
2838.49253,9.528,0.032
2841.50012,9.571,0.045
2843.4912,9.56,0.059
2854.47137,9.488,0.03
2961.85342,9.508,0.032
2971.83174,9.55,0.029
2975.81256,9.494,0.029
2978.8339,9.475,0.032
2985.8176,9.545,0.034
2991.85235,9.567,0.031
2995.80494,9.495,0.032
2998.83447,9.478,0.042
3005.84722,9.528,0.031
3008.81314,9.584,0.034
3011.82213,9.586,0.037
3015.81469,9.508,0.033
3018.79452,9.502,0.036
3025.74641,9.524,0.032
3032.76283,9.558,0.035
3035.75179,9.506,0.033
3042.75159,9.497,0.04
3045.71966,9.502,0.056
3048.75507,9.546,0.041
3051.71715,9.581,0.03
3053.79599,9.536,0.037
3056.69773,9.506,0.03
3061.67962,9.481,0.03
3063.73154,9.488,0.048
3066.76341,9.518,0.029
3068.71943,9.528,0.034
3068.85914,9.538,0.038
3068.91171,9.541,0.041
3070.74516,9.562,0.034
3072.83357,9.613,0.037
3075.64987,9.545,0.034
3077.6939,9.532,0.039
3079.70519,9.488,0.032
3081.73186,9.466,0.054
3085.73469,9.486,0.036
3087.74166,9.504,0.039
3089.78231,9.54,0.035
3091.77869,9.576,0.036
3096.64001,9.557,0.034
3098.6504,9.525,0.034
3100.67091,9.487,0.035
3102.67285,9.501,0.035
3104.68452,9.49,0.033
3106.68114,9.487,0.031
3108.68451,9.518,0.032
3110.68926,9.544,0.055
3112.69336,9.562,0.034
3114.74215,9.588,0.033
3116.60532,9.555,0.039
3116.75281,9.576,0.031
3121.71812,9.494,0.034
3124.53025,9.489,0.032
3126.57485,9.478,0.032
3127.72263,9.472,0.056
3130.51897,9.532,0.035
3132.54621,9.564,0.031
3134.57116,9.586,0.033
3142.60419,9.509,0.029
3145.62427,9.471,0.032
3154.54957,9.607,0.045
3156.65097,9.583,0.035
3162.62112,9.509,0.036
3164.63052,9.475,0.032
3167.62892,9.499,0.032
3171.5389,9.515,0.032
3175.54234,9.56,0.032
3177.55503,9.615,0.032
3183.57321,9.506,0.035
3185.57934,9.484,0.039
3189.50675,9.487,0.036
3357.82826,9.506,0.033
3374.86893,9.505,0.047
3382.86269,9.525,0.04
3386.7893,9.61,0.052
3389.77994,9.524,0.044
3395.77539,9.466,0.036
3397.82105,9.504,0.038
3400.81183,9.487,0.035
3403.79732,9.543,0.037
3406.72975,9.581,0.047
3408.79928,9.55,0.042
3411.72475,9.518,0.032
3413.76646,9.488,0.042
3415.7923,9.458,0.042
3418.69934,9.492,0.049
3427.73589,9.613,0.053
3431.74203,9.491,0.051
3436.77512,9.497,0.043
3439.74544,9.499,0.039
3443.64921,9.525,0.035
3447.68505,9.552,0.04
3449.69012,9.59,0.063
3452.63894,9.549,0.041
3454.71031,9.532,0.05
3456.72607,9.489,0.037
3458.70973,9.501,0.042
3460.7103,9.541,0.045
3463.58655,9.516,0.032
3465.62756,9.554,0.042
3468.61869,9.607,0.038
3470.6415,9.582,0.034
3472.63341,9.564,0.041
3474.6646,9.524,0.032
3476.72985,9.47,0.051
3478.69789,9.487,0.038
3480.69089,9.475,0.05
3482.70143,9.531,0.053
3484.73963,9.518,0.057
3489.65858,9.548,0.039
3491.66867,9.886,0.047
3497.69488,9.494,0.031
3500.70101,9.482,0.03
3503.5143,9.439,0.049
3506.56912,9.527,0.035
3509.61608,9.576,0.031
3511.67373,9.602,0.035
3516.62519,9.508,0.039
3520.59361,9.517,0.042
3522.61696,9.471,0.044
3524.62547,9.437,0.058
3526.62842,9.505,0.04
3528.63406,9.536,0.038
3539.53939,9.485,0.042
3542.56874,9.509,0.049
3554.52794,9.637,0.042
3558.50166,9.512,0.035
3560.5255,9.465,0.056
3562.51583,9.499,0.048
3564.50638,9.489,0.036
3576.50375,9.565,0.036
3586.47451,9.512,0.04
3699.84126,9.575,0.037
3703.83377,9.52,0.033
3707.82192,9.482,0.035
3713.84155,9.521,0.038
3717.83953,9.56,0.043
3721.84093,9.562,0.042
3725.8195,9.528,0.039
3730.83282,9.508,0.041
3734.79959,9.501,0.049
3737.82076,9.542,0.037
3740.83951,9.604,0.041
3744.78163,9.544,0.043
3747.80354,9.523,0.046
3750.79841,9.492,0.04
3753.78172,9.641,0.043
3756.77658,9.547,0.05
3759.76576,9.675,0.043
3762.76091,9.567,0.05
3765.75093,9.534,0.043
3768.73917,9.505,0.039
3774.72629,9.466,0.046
3776.78165,9.541,0.047
3779.70644,9.544,0.051
3783.77114,9.619,0.052
3788.75131,9.496,0.044
3791.68319,9.492,0.039
3793.72381,9.462,0.051
3795.78515,9.488,0.039
3798.66958,9.511,0.04
3800.72677,9.537,0.044
3803.6577,9.584,0.05
3805.70227,9.623,0.045
3810.69627,9.484,0.045
3812.69816,9.531,0.046
3814.71257,9.487,0.045
3816.73217,9.463,0.049
3818.75222,9.508,0.04
3823.64673,9.573,0.056
3825.66432,9.747,0.046
3827.70454,9.553,0.046
3829.76111,9.525,0.04
3831.8126,9.53,0.045
3833.73384,10.208,0.05
3848.68827,9.547,0.059
3850.70346,9.533,0.038
3852.71256,9.503,0.035
3859.67491,9.513,0.04
3861.64254,9.552,0.037
3865.54902,9.603,0.043
3867.5917,9.596,0.043
3869.59113,9.559,0.049
3871.58333,9.515,0.044
3875.5852,9.534,0.034
3883.50975,9.511,0.039
3887.5204,9.56,0.04
3889.52991,9.574,0.034
3892.48734,9.535,0.039
3894.60187,9.51,0.035
3902.48058,9.501,0.037
3904.51968,9.531,0.035
3906.53958,9.563,0.035
4091.81232,9.517,0.037
4103.83248,9.502,0.036
4106.80367,9.481,0.037
4111.87039,9.535,0.039
4122.77063,9.492,0.049
4125.76615,9.486,0.032
4127.82158,9.488,0.033
4133.7351,9.526,0.044
4140.81135,9.571,0.04
4142.87596,9.541,0.033
4145.71772,9.504,0.036
4151.65734,9.507,0.03
4153.74327,9.491,0.035
4158.68117,9.5,0.047
4160.72418,9.558,0.039
4162.72542,9.615,0.045
4165.73073,9.444,0.051
4168.72354,9.464,0.037
4173.72324,9.491,0.045
4175.77961,9.514,0.042
4180.7611,9.597,0.052
4182.84377,9.58,0.047
4185.60631,9.469,0.04
4192.6453,9.495,0.034
4194.67936,9.477,0.054
4197.66945,9.527,0.061
4199.7929,9.557,0.051
4202.79264,9.564,0.039
4205.55755,9.563,0.052
4208.6709,9.515,0.049
4216.73508,9.577,0.058
4227.65005,9.509,0.033
4233.66131,9.547,0.043
4235.66329,9.539,0.045
4247.49907,9.537,0.031
4250.50101,9.507,0.044
4254.56066,9.533,0.052
4256.62387,9.508,0.033
4258.63003,9.525,0.035
4276.52016,9.492,0.033
4278.57518,9.51,0.033
4283.50601,9.568,0.051
4285.52006,9.597,0.033
4289.51697,9.525,0.033
4291.53122,9.494,0.031
4293.52717,9.492,0.029
4295.52817,9.474,0.031
4297.5278,9.529,0.043
4305.5006,9.598,0.039
4429.84637,9.576,0.039
4439.83317,9.482,0.041
4443.81857,9.478,0.036
4455.81601,9.549,0.034
4462.82833,9.474,0.034
4469.84042,9.547,0.038
4473.82465,9.586,0.043
4477.81407,9.56,0.054
4480.79673,9.475,0.053
4484.79461,9.513,0.043
4487.76604,9.509,0.039
4490.76497,9.548,0.035
4493.82157,9.612,0.032
4497.76491,9.545,0.037
4500.7408,9.479,0.049
4503.72544,9.484,0.038
4505.84197,9.486,0.039
4508.72705,9.488,0.035
4510.81019,9.517,0.039
4516.73983,9.568,0.057
4520.75396,9.504,0.04
4522.75449,9.489,0.031
4524.78371,9.481,0.033
4526.83457,9.49,0.033
4529.67025,9.488,0.039
4531.72295,9.534,0.036
4535.66152,9.587,0.036
4539.70344,9.537,0.047
4541.69789,9.523,0.032
4543.71303,9.541,0.041
4547.78746,9.504,0.048
4552.72249,9.552,0.036
4554.75145,9.561,0.043
4559.58719,9.512,0.041
4561.65285,9.539,0.036
4567.76256,9.473,0.036
4570.55598,9.483,0.031
4572.59719,9.522,0.035
4575.60096,9.555,0.037
4579.60129,9.555,0.04
4582.60272,9.548,0.041
4585.62058,9.476,0.031
4587.66567,9.493,0.036
4589.6993,9.479,0.037
4591.71113,9.5,0.043
4594.55204,9.532,0.036
4596.55712,9.58,0.034
4602.52818,9.556,0.041
4607.5835,9.495,0.034
4609.6308,9.493,0.037
4611.63544,9.495,0.034
4617.57828,9.565,0.049
4620.57783,9.608,0.048
4623.56906,9.554,0.036
4626.52263,9.505,0.031
4629.57392,9.483,0.033
4631.60697,9.474,0.037
4640.57756,9.592,0.037
4642.5689,9.576,0.034
4645.48416,9.907,0.037
4647.50386,9.533,0.049
4649.56872,9.487,0.048
4652.51975,9.507,0.047
4657.54745,9.527,0.041
4661.49458,9.612,0.039
4664.49445,9.532,0.051
4667.49426,9.503,0.034
4671.48809,9.472,0.033
4674.49592,9.497,0.038
4679.47485,9.543,0.035
4684.46396,9.563,0.042
4794.83686,9.476,0.034
4805.84063,9.603,0.036
4809.8282,9.551,0.041
4814.81221,9.492,0.036
4821.80686,9.519,0.04
4825.81501,9.593,0.042
4829.79963,9.573,0.038
4833.79492,9.489,0.035
4837.79285,9.463,0.035
4843.79891,9.554,0.047
4848.8534,9.599,0.035
4851.78425,9.532,0.043
4855.78485,9.512,0.038
4860.7785,9.499,0.045
4863.74669,9.501,0.039
4866.74474,9.594,0.044
4869.73134,9.554,0.051
4871.78208,9.589,0.044
4875.78546,9.468,0.045
4877.80952,9.478,0.035
4883.70057,9.483,0.037
