1868.8585,10.761,0.05
1870.81011,10.803,0.056
1871.84444,10.833,0.056
1872.80545,10.797,0.051
1873.85094,10.86,0.052
1874.80104,10.884,0.059
1875.83631,10.892,0.053
1876.7997,10.854,0.052
1877.82596,10.848,0.045
1878.78927,10.909,0.044
1879.82419,10.909,0.045
1880.78655,10.911,0.042
1881.81976,10.94,0.043
1884.80318,10.984,0.044
1885.78846,11.031,0.042
1886.77034,11.006,0.044
1887.80118,10.903,0.044
1888.76266,10.92,0.052
1889.80166,10.988,0.048
1899.80109,10.736,0.038
1899.82965,10.71,0.036
1900.86539,10.667,0.045
1902.79945,10.645,0.04
1903.72246,10.604,0.049
1904.78178,10.573,0.044
1904.84523,10.577,0.044
1906.73349,10.533,0.044
1906.77681,10.509,0.042
1908.72136,10.465,0.045
1908.77116,10.498,0.042
1913.77539,10.38,0.04
1913.81545,10.365,0.04
1914.77962,10.394,0.042
1915.76186,10.311,0.043
1915.84317,10.393,0.043
1918.7234,10.37,0.045
1919.78191,10.348,0.044
1919.80178,10.412,0.043
1920.76266,10.375,0.042
1921.74534,10.38,0.043
1921.78555,10.355,0.043
1922.7654,10.386,0.04
1922.83181,10.396,0.039
1924.75486,10.425,0.042
1924.80936,10.439,0.041
1925.75795,10.459,0.042
1925.798,10.441,0.043
1926.75219,10.482,0.044
1926.79446,10.503,0.039
1928.75179,10.544,0.041
1928.80216,10.569,0.041
1929.74786,10.576,0.04
1929.78564,10.597,0.037
1930.74541,10.637,0.037
1930.80516,10.632,0.036
1931.74271,10.707,0.042
1931.82767,10.706,0.038
1933.72197,10.785,0.037
1933.74977,10.735,0.036
1935.6422,10.869,0.04
1935.67186,10.845,0.04
1935.7766,10.852,0.038
1936.77758,10.893,0.035
1937.71814,10.959,0.037
1938.68021,10.972,0.037
1939.70333,10.992,0.037
1939.79064,11,0.037
1940.77632,11.019,0.036
1941.70503,11.018,0.038
1945.74963,11.057,0.036
1945.81402,11.057,0.035
1946.7686,11.041,0.039
1947.72181,11.023,0.042
1948.67535,11.024,0.043
1948.7541,11.024,0.043
1949.71492,11.028,0.042
1949.80635,10.999,0.042
1950.6967,10.958,0.041
1950.71888,10.985,0.04
1953.69441,10.857,0.035
1953.73801,10.888,0.039
1954.69875,10.832,0.037
1954.73451,10.807,0.035
1955.6916,10.789,0.035
1955.72964,10.768,0.036
1955.88863,10.808,0.037
1958.67362,10.648,0.036
1958.72729,10.642,0.039
1961.63922,10.515,0.036
1961.70107,10.484,0.038
1962.69698,10.461,0.04
1962.72831,10.484,0.044
1963.67838,10.422,0.038
1963.70979,10.389,0.041
1964.67502,10.415,0.035
1964.71782,10.38,0.039
1965.66811,10.371,0.035
1965.70169,10.372,0.039
1966.67038,10.36,0.035
1966.70632,10.368,0.04
1967.66499,10.399,0.037
1967.70089,10.371,0.042
1968.66248,10.388,0.038
1968.70741,10.369,0.042
1970.6876,10.414,0.039
1971.72866,10.436,0.048
1977.64115,10.468,0.045
1977.67048,10.475,0.051
1978.6617,10.489,0.046
1978.71099,10.493,0.053
1979.64312,10.509,0.045
1979.67927,10.525,0.049
1980.64207,10.551,0.047
1980.67586,10.514,0.051
1981.6592,10.587,0.041
1981.6953,10.572,0.046
1982.63372,10.557,0.039
1982.6697,10.552,0.041
1984.62544,10.583,0.044
1984.65925,10.555,0.051
1985.62686,10.594,0.045
1985.66067,10.613,0.048
1993.63621,10.774,0.051
1993.67477,10.773,0.058
1994.6068,10.745,0.049
1994.64297,10.754,0.053
1995.63639,10.773,0.058
1996.60332,10.783,0.053
1996.6374,10.781,0.055
1997.60173,10.723,0.053
1997.64235,10.779,0.054
2025.50964,10.542,0.043
2025.54599,10.56,0.045
2026.54401,10.526,0.046
2026.58276,10.542,0.048
2027.54046,10.506,0.046
2027.57238,10.519,0.041
2030.51844,10.483,0.045
2031.53486,10.486,0.051
2032.54039,10.51,0.05
2032.56368,10.479,0.051
2033.53225,10.459,0.046
2033.56198,10.421,0.042
2034.55307,10.444,0.048
2034.56705,10.439,0.047
2038.51192,10.397,0.054
2052.51085,10.602,0.052
2053.5415,10.612,0.046
2054.51394,10.683,0.064
2055.49079,10.65,0.051
2056.50017,10.729,0.052
2056.54144,10.688,0.046
2057.52638,10.675,0.048
2058.52944,10.727,0.048
2062.56104,10.82,0.063
2067.47176,10.799,0.052
2069.48599,10.836,0.049
2069.51322,10.837,0.054
2079.46811,10.598,0.046
2080.46909,10.606,0.052
2082.47571,10.548,0.046
2082.50052,10.484,0.053
2085.48275,10.46,0.046
2086.45645,10.398,0.058
2087.4761,10.569,0.042
2088.49953,10.399,0.049
2093.55298,10.361,0.048
2094.49,10.37,0.055
2103.49307,10.573,0.048
2104.47899,10.585,0.06
2105.51936,10.606,0.046
2116.47794,10.862,0.058
2130.46897,10.619,0.062
2196.87653,10.453,0.041
2198.87215,10.396,0.039
2200.87253,10.392,0.039
2202.86496,10.34,0.04
2206.84275,10.307,0.037
2212.84829,10.425,0.04
2215.82071,10.484,0.042
2225.80012,10.563,0.04
2227.80744,10.676,0.043
2228.84307,10.577,0.055
2229.80034,10.593,0.041
2232.81033,10.619,0.035
2234.78961,10.621,0.054
2239.80142,10.592,0.041
2241.78111,10.606,0.042
2243.7812,10.571,0.05
2244.80968,10.578,0.053
2247.8073,10.597,0.049
2248.78966,10.603,0.048
2249.77225,10.527,0.045
2250.79308,10.527,0.048
2251.76167,10.513,0.048
2254.83446,10.433,0.049
2254.85704,10.474,0.052
2441.51445,10.666,0.04
2443.51226,10.655,0.038
2445.49479,10.665,0.036
2445.51889,10.637,0.041
2453.45485,10.666,0.055
2453.48811,10.66,0.043
2456.46484,10.645,0.063
2460.45412,10.68,0.047
2463.49375,10.669,0.035
2465.4754,10.632,0.033
2465.51901,10.691,0.034
2467.50211,10.678,0.033
2468.49085,10.67,0.034
2469.50916,10.695,0.038
2473.47544,10.755,0.037
2482.52163,10.721,0.043
2493.47177,10.796,0.04
2497.46476,10.852,0.041
2506.46977,10.965,0.063
2512.47142,10.968,0.036
2557.88035,10.699,0.038
2565.87376,10.789,0.037
2622.73559,10.78,0.038
2622.77751,10.789,0.036
2624.7919,10.784,0.041
2627.82616,10.756,0.041
2630.81453,10.711,0.041
2634.83687,10.614,0.043
2634.84319,10.642,0.036
2637.78277,10.539,0.042
2641.78653,10.496,0.034
2643.78018,10.584,0.045
2644.79632,10.845,0.037
2646.74157,10.511,0.032
2646.80834,10.497,0.049
2649.78373,10.51,0.051
2650.762,10.499,0.042
2651.74847,10.555,0.04
2652.78299,10.473,0.046
2655.828,10.575,0.054
2658.76793,10.565,0.04
2658.79722,10.594,0.04
2660.77831,10.578,0.046
2662.77645,10.648,0.04
2662.79194,10.621,0.047
2664.77028,10.687,0.038
2664.80633,10.643,0.06
2666.81718,10.744,0.055
2669.7752,10.732,0.062
2670.79975,10.745,0.041
2671.79794,10.713,0.066
2672.76764,10.805,0.041
2673.81336,10.718,0.06
2674.75318,10.814,0.038
2675.78088,10.811,0.034
2676.73954,10.839,0.037
2677.75287,10.89,0.057
2678.72612,10.859,0.039
2680.72362,10.905,0.039
2681.72687,10.901,0.053
2683.73378,10.876,0.059
2684.67757,10.901,0.046
2685.72595,10.877,0.055
2686.71321,10.896,0.051
2688.70844,10.892,0.067
2689.76405,10.904,0.063
2692.77137,10.884,0.056
2693.78625,10.813,0.065
2694.70655,10.8,0.051
2695.75574,10.755,0.057
2698.69366,10.699,0.062
2698.72199,10.736,0.05
2700.70028,10.625,0.053
2700.743,10.66,0.05
2704.69131,10.607,0.04
2704.73497,10.589,0.058
2706.67504,10.552,0.048
2706.72065,10.516,0.047
2710.66455,10.513,0.036
2711.65146,10.488,0.055
2712.66178,10.48,0.037
2712.78932,10.499,0.038
2714.6288,10.489,0.033
2714.6471,10.473,0.037
2715.7402,10.479,0.043
2715.82032,10.47,0.043
2717.79775,10.522,0.039
2719.62477,10.516,0.036
2720.62735,10.51,0.053
2720.75266,10.501,0.038
2721.79688,10.517,0.053
2723.67802,10.519,0.044
2723.8527,10.521,0.054
2724.8318,10.518,0.042
2725.69144,10.541,0.036
2726.69835,10.548,0.047
2726.8717,10.567,0.041
2728.67777,10.551,0.042
2728.70088,10.511,0.056
2732.75086,10.591,0.036
2732.7775,10.61,0.039
2734.64878,11.063,0.036
2736.58828,10.588,0.051
2736.62952,10.617,0.055
2737.79649,10.63,0.043
2737.8292,10.696,0.044
2739.69398,10.625,0.037
2739.70564,10.595,0.048
2741.64977,10.634,0.045
2742.57873,10.59,0.055
2742.77103,10.612,0.043
2743.72935,10.569,0.04
2744.64253,10.553,0.05
2747.70274,10.568,0.04
2749.83727,10.563,0.043
2750.74024,10.511,0.043
2751.58684,10.477,0.053
2752.65021,10.496,0.035
2752.79031,10.501,0.038
2754.74703,10.481,0.04
2755.60365,10.438,0.047
2756.69867,10.488,0.035
2756.73838,10.462,0.035
2758.757,10.438,0.04
2758.77827,10.471,0.035
2760.6222,10.44,0.037
2760.63878,10.435,0.04
2761.80405,10.491,0.039
2763.61062,10.426,0.057
2764.58871,10.453,0.04
2764.71155,10.467,0.038
2766.70212,10.458,0.04
2775.70847,10.572,0.043
2775.73498,10.595,0.054
2783.58579,10.641,0.059
2785.55698,10.676,0.041
2785.5853,10.574,0.051
2786.65151,10.632,0.044
2787.55864,10.587,0.055
2791.72115,10.626,0.041
2792.52014,10.644,0.038
2794.5635,10.65,0.043
2804.57706,10.595,0.048
2804.59626,10.612,0.048
2809.57489,10.512,0.047
2809.59693,10.539,0.041
2811.56872,10.51,0.04
2811.58304,10.506,0.036
2812.65176,10.503,0.038
2813.56275,10.481,0.04
2819.62901,10.422,0.039
2820.48424,10.396,0.033
2821.62975,10.42,0.041
2826.62334,10.386,0.037
2832.52672,10.352,0.041
2834.52797,10.38,0.044
2836.52539,10.411,0.039
2840.52082,10.472,0.038
2853.50057,10.564,0.049
2860.47406,10.605,0.042
2923.87784,10.279,0.042
2927.86917,10.238,0.04
2931.87018,10.202,0.039
2935.86232,10.169,0.046
2951.84259,10.312,0.052
2955.83378,10.378,0.037
2957.85465,10.435,0.048
2958.85468,10.482,0.039
2962.81751,10.608,0.044
2965.85391,10.597,0.044
2975.78188,10.568,0.039
2977.82708,10.606,0.055
2980.80435,10.6,0.042
2981.82069,10.508,0.048
2983.8176,10.511,0.047
2984.84765,10.511,0.047
2986.82631,10.512,0.039
2988.80172,10.484,0.046
2989.81874,10.506,0.033
2991.83812,10.5,0.041
2992.80871,10.475,0.046
2994.8461,10.471,0.036
2995.81822,10.466,0.04
2997.82715,10.372,0.042
2998.8023,10.331,0.041
3007.81786,10.32,0.043
3008.80531,10.292,0.042
3010.78385,10.322,0.05
3011.80877,10.329,0.055
3013.77173,10.327,0.042
3015.82618,10.315,0.043
3016.83601,10.32,0.041
3018.80627,10.3,0.041
3019.75136,10.338,0.035
3025.7052,10.406,0.054
3025.75622,10.376,0.033
3029.80056,10.452,0.056
3029.85754,10.408,0.041
3032.72765,10.51,0.044
3032.77776,10.505,0.049
3035.71203,10.523,0.041
3035.76864,10.556,0.038
3039.86336,10.573,0.043
3041.76768,10.534,0.05
3042.73532,10.568,0.042
3043.80357,10.585,0.047
3045.68551,10.555,0.038
3046.73668,10.578,0.042
3048.73135,10.612,0.044
3049.73775,10.657,0.039
3051.68685,10.647,0.036
3052.735,10.649,0.037
3053.76877,10.667,0.041
3056.66157,10.678,0.046
3057.7674,10.695,0.052
3059.80477,10.66,0.039
3060.73468,10.638,0.066
3062.70291,10.66,0.048
3062.77854,10.624,0.061
3064.79393,10.582,0.052
3068.68687,10.662,0.039
3070.68363,10.76,0.037
3070.71536,10.637,0.042
3072.76467,10.67,0.047
3072.79084,10.699,0.038
3074.74035,10.661,0.044
3074.81728,10.66,0.045
3076.76602,10.654,0.032
3077.60463,10.686,0.038
3078.79927,10.67,0.046
3079.65845,10.659,0.04
3081.64449,10.646,0.037
3081.65985,10.677,0.035
3085.6616,10.55,0.038
3085.70231,10.608,0.039
3087.66207,10.499,0.056
3087.70488,10.481,0.055
3089.69239,10.481,0.041
3089.72934,10.471,0.047
3091.67366,10.445,0.035
3091.74143,10.455,0.038
3093.66099,10.417,0.042
3093.73038,10.413,0.041
3097.65495,10.34,0.036
3097.68094,10.379,0.04
3099.71359,10.333,0.04
3099.73247,10.337,0.036
3101.73112,10.328,0.038
3103.78703,10.348,0.048
3105.71401,10.375,0.037
3105.76953,10.345,0.047
3109.71949,10.399,0.041
3111.79266,10.4,0.051
3112.56598,10.382,0.037
3114.51976,10.431,0.036
3114.62027,10.455,0.033
3116.56419,10.48,0.051
3121.68737,10.57,0.052
3125.66149,10.516,0.042
3125.68289,10.596,0.037
3127.67137,10.537,0.061
3127.67991,10.624,0.053
3131.73531,10.6,0.041
3133.73834,10.553,0.045
3142.55597,10.521,0.038
3145.55809,10.542,0.035
3145.58625,10.531,0.033
3154.53663,10.568,0.033
3156.62231,10.549,0.043
3159.60293,10.596,0.058
3164.53668,10.611,0.039
3164.62887,10.593,0.034
3167.54543,10.577,0.029
3167.6275,10.612,0.043
3171.53769,10.596,0.04
3175.53908,10.538,0.033
3176.61098,10.579,0.064
3177.55421,10.56,0.033
3179.60178,10.585,0.043
3187.58765,10.578,0.051
3355.8359,10.477,0.041
3357.81841,10.5,0.037
3362.81591,10.576,0.039
3365.84911,10.698,0.05
3385.76599,10.31,0.035
3386.80979,10.298,0.054
3387.81336,10.31,0.048
3390.74609,10.307,0.042
3392.79681,10.305,0.053
3393.80092,10.304,0.045
3396.7243,10.355,0.05
3396.752,10.336,0.037
3398.79388,10.402,0.044
3399.7734,10.408,0.039
3400.8196,10.415,0.049
3402.80805,10.486,0.039
3403.79978,10.465,0.044
3405.75387,10.57,0.044
3406.69548,10.578,0.054
3408.73709,10.647,0.042
3408.76399,10.596,0.044
3411.73439,10.722,0.05
3413.80668,10.662,0.06
3417.76891,10.729,0.048
3418.78931,10.726,0.052
3419.76824,10.751,0.041
3420.79046,10.723,0.067
3421.74909,10.792,0.049
3422.81507,10.773,0.045
3424.77691,10.713,0.047
3425.74951,10.747,0.047
3426.75541,10.718,0.034
3430.78775,10.701,0.043
3431.75744,10.663,0.05
3432.79076,10.679,0.045
3433.77244,10.658,0.045
3434.84856,10.607,0.04
3436.78714,10.585,0.045
3438.71372,10.507,0.032
3439.76054,10.502,0.047
3442.6806,10.423,0.041
3443.61781,10.376,0.043
3444.69799,10.376,0.058
3445.65777,10.349,0.054
3447.65798,10.289,0.055
3448.66705,10.301,0.067
3448.71134,10.287,0.042
3449.66916,10.216,0.056
3450.65594,10.282,0.05
3450.69249,10.227,0.044
3450.70266,10.257,0.047
3452.62885,10.24,0.05
3452.78121,10.246,0.063
3453.62984,10.271,0.045
3454.70187,10.238,0.043
3455.67031,10.273,0.063
3457.68274,10.273,0.037
3458.70147,10.294,0.04
3459.68137,10.418,0.044
3460.7021,10.301,0.036
3461.69773,10.319,0.037
3462.79175,10.327,0.046
3463.76011,10.359,0.042
3467.72651,10.458,0.043
3468.74946,10.457,0.038
3469.801,10.492,0.044
3472.53221,10.543,0.045
3473.58996,10.551,0.046
3474.58433,10.604,0.054
3475.71278,10.613,0.064
3478.64009,10.61,0.037
3479.64041,10.648,0.054
3480.63576,10.634,0.045
3481.64037,10.694,0.031
3482.64339,10.649,0.046
3483.65706,10.583,0.05
3484.68309,10.566,0.059
3489.64811,10.564,0.04
3489.78652,10.563,0.041
3491.65907,10.532,0.049
3495.65209,10.536,0.037
3497.68529,10.535,0.04
3499.55684,10.618,0.049
3500.68841,10.535,0.057
3501.56723,10.563,0.036
3503.63375,10.518,0.04
3506.53457,10.54,0.043
3506.66109,10.577,0.035
3509.59987,10.579,0.039
3509.65891,10.573,0.031
3511.66416,10.579,0.042
3511.69438,10.559,0.04
3515.71755,10.535,0.047
3516.60609,10.565,0.044
3517.70643,10.55,0.042
3520.57784,10.567,0.036
3521.62199,10.542,0.046
3522.59394,10.528,0.054
3523.62315,10.549,0.048
3526.61754,10.572,0.043
3528.62259,10.545,0.045
3529.646,10.568,0.06
3530.62128,10.554,0.044
3538.59967,10.54,0.035
3538.63613,10.561,0.033
3542.53402,10.577,0.049
3544.58772,10.632,0.048
3556.53775,10.48,0.042
3559.55272,10.375,0.048
3562.46698,10.38,0.035
3563.47814,10.378,0.04
3564.4777,10.351,0.042
3565.4865,10.389,0.05
3570.59515,10.343,0.043
3573.52863,10.397,0.041
3576.52558,10.321,0.043
3585.49771,10.446,0.043
3585.50899,10.436,0.039
3587.52426,10.513,0.038
3589.47084,10.547,0.048
3592.4686,10.594,0.051
3656.87498,10.356,0.053
3660.87463,10.425,0.056
3665.86418,10.504,0.052
3671.86575,10.581,0.043
3675.8558,10.683,0.043
3700.8071,10.561,0.048
3703.82686,10.487,0.045
3704.79475,10.51,0.043
3707.81477,10.446,0.04
3707.81794,10.395,0.04
3713.7798,10.315,0.048
3713.84361,10.33,0.042
3716.81771,10.379,0.049
3717.84143,10.337,0.054
3719.83658,10.369,0.053
3721.84245,10.395,0.049
3725.81381,10.51,0.046
3726.82191,10.485,0.05
3728.83787,10.592,0.05
3730.82261,10.578,0.056
3732.80888,10.605,0.049
3736.79531,10.657,0.048
3736.81097,10.641,0.051
3739.78465,10.641,0.048
3739.81583,10.571,0.043
3742.78279,10.643,0.046
3742.82054,10.636,0.043
3745.76674,10.634,0.047
3745.8419,10.668,0.044
3748.76388,10.611,0.055
3748.82808,10.622,0.046
3751.75634,10.586,0.05
3751.80871,10.613,0.047
3754.74086,10.52,0.047
3754.80915,10.579,0.051
3756.80132,10.508,0.056
3757.79812,10.524,0.041
3759.73222,10.465,0.051
3760.78914,10.519,0.04
3762.72672,10.486,0.051
3765.71647,10.5,0.046
3766.76858,10.506,0.051
3768.70785,10.517,0.053
3769.75518,10.498,0.054
3771.69725,10.565,0.058
3772.76591,10.566,0.042
3773.79606,10.576,0.055
3775.74768,10.607,0.049
3776.68942,10.6,0.052
3778.72609,10.632,0.05
3778.7414,10.632,0.051
3780.76662,10.596,0.047
3780.78479,10.623,0.046
3783.80385,10.666,0.055
3788.71962,10.798,0.053
3788.78174,10.757,0.048
3790.87955,10.842,0.052
3791.70066,10.839,0.05
3793.65446,10.824,0.048
3793.76836,10.865,0.048
3795.76322,10.823,0.042
3796.68563,10.8,0.039
3797.72699,10.812,0.046
3798.76139,10.766,0.065
3799.7912,10.836,0.047
3801.67675,10.912,0.066
3802.63917,10.83,0.055
3804.66255,10.829,0.046
3804.69882,10.823,0.05
3806.69757,10.935,0.049
3806.71407,10.809,0.047
3809.71905,10.787,0.057
3809.73209,10.771,0.051
3811.75032,10.787,0.052
3811.76499,10.653,0.047
3813.7837,10.731,0.05
3813.80143,10.688,0.047
3816.58574,10.706,0.046
3816.63977,10.665,0.046
3818.63863,10.646,0.043
3818.69218,10.644,0.042
3820.66708,10.6,0.047
3820.72756,10.626,0.044
3822.70859,10.643,0.05
3822.74632,10.629,0.045
3824.78372,10.638,0.049
3824.82094,10.61,0.046
3827.55818,10.613,0.05
3827.61554,10.614,0.043
3829.60961,10.598,0.042
3829.66365,10.644,0.041
3831.61619,10.613,0.045
3831.66715,10.598,0.043
3833.65983,10.63,0.053
3835.63856,10.669,0.049
3835.67332,10.649,0.05
3837.66277,10.69,0.054
3837.71009,10.707,0.05
3848.66569,10.849,0.065
3850.68441,10.885,0.044
3850.73162,10.94,0.04
3852.69397,10.969,0.042
3852.7643,11.012,0.048
3856.75178,11.013,0.046
3859.6915,11.052,0.041
3861.60924,11.065,0.042
3861.67169,11.072,0.038
3863.60675,11.083,0.049
3863.63055,11.057,0.038
3865.62213,11.109,0.048
3865.64823,11.06,0.043
3867.66845,11.091,0.058
3867.68047,11.128,0.046
3869.69016,11.099,0.055
3869.69588,11.109,0.056
3871.66822,11.018,0.046
3871.68638,11.001,0.044
3875.63031,10.871,0.042
3877.4806,10.804,0.038
3877.69055,10.836,0.043
3882.62814,10.663,0.042
3883.52439,10.634,0.047
3887.51103,10.447,0.05
3887.52683,10.581,0.047
3891.52337,10.523,0.039
3891.53526,10.504,0.041
3893.55244,10.544,0.041
3893.56582,10.517,0.046
3896.64042,10.548,0.044
3896.64717,10.554,0.048
3901.55501,10.593,0.044
3903.58462,10.61,0.043
3905.51358,10.643,0.038
3905.58134,10.649,0.046
3907.52857,10.677,0.038
3907.57843,10.66,0.049
4090.77621,10.618,0.042
4091.7972,10.612,0.036
4104.74842,10.738,0.048
4105.81737,10.76,0.038
4107.76669,10.702,0.036
4109.83961,10.629,0.035
4111.84976,10.588,0.04
4126.78501,10.356,0.034
4127.72377,10.382,0.034
4129.76521,10.391,0.036
4129.77916,10.382,0.035
4132.71636,10.431,0.037
4132.75636,10.42,0.034
4134.7708,10.439,0.04
4135.75254,10.441,0.037
4136.78992,10.44,0.044
4137.8088,10.499,0.032
4139.69776,10.518,0.035
4140.743,10.513,0.033
4141.74879,10.584,0.041
4142.81018,10.571,0.03
4143.74931,10.591,0.038
4145.73625,10.612,0.036
4146.67763,10.603,0.044
4149.7586,10.678,0.039
4151.67888,10.67,0.03
4151.80183,10.671,0.037
4153.76854,10.687,0.033
4154.65502,10.72,0.035
4155.79689,10.703,0.033
4156.70374,10.726,0.039
4158.69645,10.656,0.034
4158.73942,10.761,0.05
4160.72889,10.702,0.037
4160.74924,10.703,0.031
4162.72572,10.687,0.04
4162.75104,10.783,0.047
4164.74375,10.655,0.041
4164.76612,10.613,0.048
4167.69207,10.544,0.035
4167.72702,10.637,0.037
4172.74711,10.482,0.033
4172.78442,10.49,0.04
4174.79108,10.451,0.038
4175.64505,10.427,0.041
4177.7141,10.391,0.039
4177.77162,10.406,0.042
4180.63958,10.375,0.046
4180.68727,10.403,0.044
4182.67384,10.409,0.04
4182.7165,10.464,0.041
4184.6689,10.388,0.043
4184.73549,10.359,0.048
4187.79977,10.408,0.04
4187.83524,10.366,0.05
4189.81943,10.388,0.034
4191.69002,10.367,0.038
4192.66828,10.338,0.035
4193.70366,10.422,0.047
4196.7535,10.378,0.057
4197.7039,10.284,0.034
4198.79195,10.351,0.059
4200.65131,10.338,0.031
4202.53711,10.384,0.037
4203.65727,10.448,0.034
4204.64829,10.429,0.038
4205.66395,10.411,0.041
4207.68026,10.515,0.041
4208.73108,10.546,0.041
4213.72329,10.631,0.054
4213.7653,10.625,0.041
4216.71055,10.642,0.035
4216.75381,10.65,0.033
4227.61969,10.652,0.042
4227.68716,10.685,0.039
4229.62721,10.658,0.033
4229.69148,10.683,0.031
4231.63574,10.623,0.042
4233.63421,10.613,0.032
4233.70022,10.63,0.03
4235.6333,10.539,0.034
4235.69747,10.576,0.032
4246.5875,10.292,0.033
4246.60654,10.283,0.034
4253.64847,10.285,0.042
4256.55832,10.339,0.037
4258.4642,10.414,0.033
4258.57686,10.411,0.054
4268.53643,10.661,0.062
4273.61972,10.677,0.032
4274.52597,10.675,0.035
4277.55017,10.663,0.034
4278.59542,10.674,0.036
4282.58179,10.573,0.057
4282.60528,10.69,0.053
4284.61125,10.647,0.035
4285.48266,10.652,0.037
4289.50188,10.625,0.037
4290.60611,10.637,0.033
4291.52889,10.62,0.032
4292.56971,10.623,0.031
4293.52491,10.614,0.032
4295.52605,10.627,0.04
4296.57442,10.595,0.041
4297.52571,10.616,0.044
4298.58137,10.589,0.043
4299.51014,10.597,0.038
4300.52943,10.571,0.05
4301.50559,10.549,0.046
4303.55505,10.544,0.034
4304.52273,10.492,0.034
4305.54134,10.524,0.034
4307.56783,10.459,0.036
4308.49289,10.483,0.052
4311.52186,10.443,0.035
4312.49519,10.41,0.052
4316.49805,10.45,0.035
4317.51612,10.453,0.032
4331.48686,10.64,0.032
4338.49995,10.677,0.04
4343.47405,10.725,0.037
4392.87079,10.669,0.041
4408.8634,10.811,0.042
4422.8551,10.671,0.048
4427.85672,10.532,0.036
4429.85455,10.512,0.043
4431.82145,10.499,0.04
4437.82288,10.496,0.043
4438.79346,10.497,0.04
4441.83136,10.533,0.036
4453.77813,10.719,0.039
4455.8105,10.761,0.033
4457.77024,10.81,0.043
4459.7995,10.769,0.052
4460.83387,10.826,0.047
4462.82232,10.797,0.036
4463.80669,10.821,0.037
4465.83367,10.782,0.05
4466.83253,10.762,0.043
4469.79624,10.714,0.043
4469.80701,10.694,0.04
4473.79681,10.564,0.046
4473.83389,10.563,0.046
4477.78084,10.494,0.036
4477.8358,10.491,0.042
4480.81782,10.509,0.048
4484.82666,10.444,0.036
4487.73169,10.399,0.038
4487.79386,10.433,0.037
4489.8024,10.359,0.039
4490.78702,10.431,0.034
4492.72699,10.369,0.035
4494.78061,10.38,0.036
4497.78491,10.423,0.03
4498.73981,10.404,0.042
4501.69515,10.474,0.041
4503.74498,10.568,0.042
4503.79727,10.547,0.045
4506.68545,10.596,0.041
4506.7465,10.587,0.035
4508.76317,10.667,0.038
4508.80865,10.694,0.04
4511.67782,10.742,0.037
4511.72971,10.757,0.037
4515.68669,10.83,0.046
4515.73575,10.752,0.065
4517.74058,10.832,0.041
4518.70907,10.934,0.038
4519.76855,10.931,0.041
4520.77342,10.8,0.046
4521.81039,10.933,0.036
4522.8183,10.98,0.036
4524.63815,10.928,0.036
4525.68624,10.967,0.04
4526.70158,10.92,0.033
4527.74851,10.943,0.035
4528.75878,11.001,0.045
4529.81773,10.887,0.039
4531.64127,10.852,0.038
4532.68596,10.915,0.031
4535.63239,10.805,0.043
4535.77137,10.778,0.044
4537.67927,10.802,0.034
4537.78952,10.767,0.034
4539.67667,10.718,0.053
4540.64832,10.76,0.05
4541.67635,10.667,0.035
4542.70327,10.67,0.038
4543.67822,10.599,0.04
4545.70373,10.571,0.05
4546.72948,10.624,0.048
4547.73262,10.52,0.046
4548.73684,10.509,0.046
4551.67051,10.431,0.039
4552.61915,10.449,0.037
4553.70299,10.462,0.039
4554.64212,10.394,0.043
4555.71843,10.371,0.038
4557.77556,10.373,0.037
4558.71078,10.343,0.033
4559.81624,10.386,0.034
4560.68971,10.368,0.037
4562.59858,10.377,0.038
4562.73231,10.382,0.035
4564.67687,10.439,0.034
4564.82007,10.432,0.035
4566.66551,10.45,0.042
4567.53473,10.435,0.04
4568.67458,10.495,0.041
4569.58577,10.487,0.036
4570.65974,10.482,0.032
4571.60372,10.476,0.039
4572.63058,10.515,0.04
4573.63336,10.562,0.04
4574.64767,10.526,0.04
4575.65638,10.622,0.037
4576.67121,10.592,0.043
4579.65188,10.688,0.041
4582.65082,10.631,0.049
4583.57127,10.763,0.034
4585.67064,10.723,0.035
4586.6002,10.75,0.04
4587.71186,10.808,0.039
4588.65783,10.836,0.046
4590.49921,10.771,0.043
4590.73481,10.838,0.045
4592.561,10.8,0.036
4592.72263,10.817,0.04
4594.60298,10.778,0.036
4594.73933,10.785,0.035
4596.60834,10.758,0.035
4596.74932,10.744,0.032
4599.53389,10.71,0.042
4601.5794,10.666,0.038
4602.61414,10.665,0.041
4603.62894,10.605,0.041
4606.69035,10.57,0.056
4607.63005,10.514,0.044
4609.51034,10.508,0.041
4609.6718,10.461,0.037
4611.58834,10.475,0.04
4611.6578,10.513,0.039
4616.68236,10.445,0.033
4620.52053,10.475,0.034
4620.59835,10.472,0.044
4623.51894,10.502,0.036
4623.5901,10.523,0.033
4627.5419,10.521,0.036
4627.55152,10.559,0.032
4629.55242,10.516,0.037
4629.55561,10.526,0.032
4631.59724,10.475,0.042
4631.60047,10.517,0.039
4633.61299,10.525,0.048
4633.61618,10.524,0.045
4639.66492,10.587,0.038
4640.576,10.571,0.042
4642.5398,10.64,0.04
4642.56824,10.603,0.038
4644.5501,10.636,0.034
4644.58525,10.605,0.04
4646.55075,10.658,0.046
4646.57948,10.587,0.062
4648.613,10.638,0.036
4649.53427,10.626,0.054
4651.52882,10.626,0.052
4652.51312,10.562,0.049
4653.53468,10.605,0.037
4654.50849,10.59,0.038
4655.51498,10.554,0.043
4656.5208,10.573,0.047
4657.56371,10.561,0.046
4659.56014,10.548,0.043
4659.60424,10.54,0.044
4662.60011,10.527,0.044
4663.48801,10.501,0.047
4666.49989,10.456,0.035
4669.58612,10.413,0.057
4670.50198,10.415,0.04
4672.49236,10.388,0.042
4674.4801,10.417,0.04
4674.55572,10.411,0.041
4681.48703,10.405,0.043
4681.50236,10.433,0.038
4683.51223,10.433,0.045
4684.47636,10.423,0.05
4687.5298,10.413,0.04
4690.51658,10.518,0.035
4699.49573,10.652,0.034
4702.47881,10.662,0.038
4705.48042,10.647,0.046
4754.87875,10.462,0.043
4759.87245,10.439,0.044
4763.86847,10.514,0.042
4767.86703,10.523,0.034
4771.8575,10.52,0.035
4775.8437,10.547,0.035
4779.83637,10.497,0.043
4792.82001,10.44,0.036
4793.84711,10.419,0.05
4796.85077,10.35,0.041
4798.84504,10.404,0.045
4800.80246,10.279,0.049
4802.82412,10.308,0.041
4804.82927,10.29,0.04
4806.81486,10.294,0.033
4808.78306,10.294,0.036
4810.81825,10.29,0.037
4813.81251,10.368,0.043
4814.8046,10.348,0.04
4816.81798,10.443,0.043
4819.83619,10.471,0.038
4820.77963,10.418,0.04
4822.83289,10.503,0.035
4823.8059,10.515,0.035
4826.79478,10.53,0.037
4826.84767,10.526,0.041
4830.7632,10.548,0.037
4830.79582,10.506,0.034
4833.80256,10.522,0.037
4833.8352,10.524,0.036
4836.78605,10.584,0.037
4837.78642,10.581,0.04
4839.77261,10.542,0.037
4842.76124,10.546,0.051
4843.81733,10.536,0.038
4845.81596,10.47,0.042
4846.83648,10.541,0.033
4848.74664,10.476,0.041
4849.80258,10.53,0.041
4850.84475,10.515,0.036
4852.79251,10.494,0.035
4856.7924,10.473,0.033
4860.74105,10.448,0.046
4860.83529,10.488,0.037
4863.70324,10.48,0.039
4863.8004,10.505,0.038
4866.78088,10.549,0.036
4868.80979,10.556,0.053
4869.75374,10.479,0.038
4871.68309,10.498,0.049
4872.73494,10.514,0.043
4875.80032,10.903,0.043
4876.75192,10.495,0.044
4877.84046,10.491,0.034
4879.73005,10.545,0.039
4882.65874,10.56,0.04
4883.71772,10.516,0.035
4884.74945,10.533,0.043
4886.76592,10.569,0.07
4892.69165,10.671,0.05
4892.74911,10.629,0.054
4904.67097,10.705,0.055
4904.69485,10.766,0.062
4906.71132,10.736,0.057
4906.74123,10.688,0.054
4908.78499,10.673,0.057
4918.57787,10.484,0.051
4918.62706,10.446,0.047
4920.82762,10.492,0.058
4926.73313,10.456,0.057
4926.78146,10.464,0.054
4932.75614,10.469,0.068
4937.60361,10.644,0.051
4946.70211,10.544,0.054
4946.72043,10.53,0.05
4948.79699,10.599,0.051
4949.55325,10.551,0.066
4952.53471,10.543,0.066
4953.58316,10.56,0.067
4954.54947,10.613,0.062
4960.61204,10.607,0.067
4960.6788,10.653,0.069
4966.54959,10.574,0.052
4968.55249,10.519,0.068
4968.59176,10.521,0.057
4975.68219,10.455,0.05
4985.54598,10.395,0.054
4985.59235,10.408,0.052
4991.69482,10.457,0.065
5010.52144,10.477,0.063
5010.5433,10.453,0.069
5013.58684,10.533,0.058
5021.57691,10.552,0.053
5023.57899,10.563,0.051
5024.53172,10.593,0.056
5032.51997,10.644,0.058
5037.55911,10.695,0.049
5039.55515,10.639,0.058
5040.49116,10.653,0.061
5041.55518,10.687,0.051
5049.48949,10.488,0.066
5049.50033,10.474,0.064
5140.84958,10.666,0.066
5147.85862,10.725,0.063
5163.8424,10.594,0.056
5165.83958,10.529,0.067
