1872.8553,9.786,0.027
1876.845,9.865,0.028
1878.83672,9.897,0.029
1880.8342,9.95,0.036
1884.84144,9.987,0.026
1886.82757,10.078,0.027
1888.82877,10.078,0.028
1900.77258,9.755,0.027
1902.87132,10.074,0.031
1904.81703,9.808,0.027
1906.81,9.79,0.026
1908.80703,9.769,0.026
1913.82369,9.769,0.026
1915.78863,9.762,0.025
1918.74847,9.89,0.029
1919.80809,9.755,0.029
1921.80494,9.757,0.029
1925.7955,9.787,0.03
1926.78974,9.804,0.028
1928.79945,9.825,0.026
1932.79047,9.875,0.025
1936.74008,9.977,0.026
1938.73005,9.883,0.026
1940.73439,9.866,0.025
1947.71653,9.763,0.03
1948.74575,9.847,0.031
1953.72814,9.769,0.024
1954.73015,9.772,0.029
1958.7095,9.765,0.023
1961.69653,9.806,0.023
1962.72397,9.767,0.024
1963.71211,9.788,0.026
1964.70644,9.805,0.024
1965.69953,9.806,0.025
1967.69868,9.832,0.027
1968.69386,9.867,0.027
1980.67102,10.019,0.039
1982.66027,9.936,0.028
1984.65197,9.849,0.033
1985.66009,9.88,0.034
1994.63068,9.783,0.037
1995.62858,9.728,0.039
1997.62775,9.748,0.041
1998.62266,9.823,0.044
2008.5964,9.957,0.05
2014.5833,10.04,0.046
2025.53613,9.782,0.025
2030.53557,9.747,0.028
2080.49843,9.834,0.03
2088.45132,9.795,0.031
2105.47361,9.855,0.028
2227.85068,9.8,0.046
2237.85147,9.78,0.04
2240.83412,9.901,0.038
2242.84041,9.906,0.043
2248.81256,9.993,0.04
2444.45336,9.752,0.025
2464.46033,9.873,0.024
2467.47753,9.847,0.022
2622.8219,9.874,0.026
2628.80856,9.794,0.029
2635.77609,9.75,0.029
2636.80048,9.749,0.024
2639.81261,9.76,0.022
2642.83535,9.762,0.023
2645.80707,9.754,0.023
2649.79639,9.795,0.027
2651.78865,9.835,0.023
2657.76726,10.037,0.028
2659.79201,9.92,0.026
2662.84131,9.775,0.025
2664.7972,9.984,0.023
2666.78888,10.038,0.024
2669.75088,9.883,0.025
2671.77955,10.039,0.024
2673.78092,10.011,0.024
2675.7673,9.882,0.023
2677.74621,9.803,0.022
2681.7225,9.75,0.023
2685.7193,9.775,0.027
2690.75416,9.769,0.026
2692.81124,9.871,0.024
2694.72469,9.8,0.023
2696.74292,9.759,0.023
2698.77234,9.744,0.025
2700.72338,9.841,0.022
2704.71431,9.939,0.022
2706.69073,10.063,0.023
2710.66192,9.902,0.022
2712.65223,9.813,0.024
2714.64205,9.783,0.024
2717.6904,9.917,0.03
2721.70499,9.945,0.024
2722.82626,9.765,0.028
2724.71453,9.951,0.036
2726.68082,9.794,0.021
2728.66519,9.756,0.022
2732.74506,10.005,0.024
2734.6335,9.799,0.023
2736.61873,9.846,0.024
2738.60488,9.947,0.024
2740.62169,9.896,0.024
2749.47318,9.826,0.05
2749.474,9.796,0.052
2749.47481,9.788,0.049
2749.47562,9.789,0.048
2749.47644,9.777,0.052
2749.47725,9.785,0.044
2749.47806,9.805,0.049
2749.47888,9.743,0.049
2749.47969,9.778,0.046
2749.4805,9.818,0.048
2749.48131,9.786,0.051
2749.48214,9.775,0.05
2749.48295,9.75,0.047
2749.48377,9.772,0.047
2749.48458,9.765,0.048
2749.48539,9.786,0.049
2749.4862,9.766,0.046
2749.48701,9.771,0.046
2749.48782,9.764,0.047
2749.48863,9.77,0.046
2749.48945,9.77,0.05
2749.49026,9.773,0.046
2749.49108,9.779,0.049
2749.49189,9.767,0.05
2749.49271,9.752,0.047
2749.49353,9.742,0.044
2749.49435,9.741,0.05
2749.49516,9.762,0.046
2749.49598,9.759,0.047
2749.49679,9.749,0.046
2749.4976,9.75,0.046
2749.49841,9.753,0.048
2749.49922,9.772,0.047
2749.50003,9.764,0.047
2749.50085,9.747,0.049
2749.50166,9.773,0.044
2749.50247,9.756,0.049
2749.50328,9.724,0.047
2749.50409,9.735,0.048
2749.5049,9.742,0.046
2749.50572,9.745,0.046
2749.50653,9.735,0.048
2749.50735,9.723,0.05
2749.50816,9.746,0.047
2749.50898,9.755,0.049
2749.5098,9.727,0.048
2749.51061,9.755,0.047
2749.51142,9.741,0.05
2749.51224,9.772,0.047
2749.51305,9.746,0.049
2749.51386,9.769,0.047
2749.51467,9.753,0.047
2749.51548,9.739,0.048
2749.51629,9.74,0.051
2749.5171,9.748,0.048
2749.51792,9.755,0.046
2749.51873,9.748,0.048
2749.51956,9.754,0.048
2749.52039,9.743,0.051
2749.52121,9.771,0.047
2749.52202,9.752,0.046
2749.52283,9.759,0.045
2749.52364,9.763,0.046
2749.52445,9.759,0.046
2749.52527,9.781,0.044
2749.52608,9.769,0.048
2749.52689,9.739,0.047
2749.5277,9.776,0.048
2749.52932,9.768,0.046
2749.53013,9.776,0.047
2749.53094,9.782,0.048
2749.53177,9.792,0.049
2749.53258,9.783,0.05
2749.53341,9.759,0.048
2749.53422,9.767,0.047
2749.53504,9.779,0.047
2749.53585,9.751,0.047
2749.53666,9.768,0.05
2749.53747,9.771,0.048
2749.5391,9.794,0.048
2749.53991,9.804,0.047
2749.54153,9.777,0.05
2749.54235,9.786,0.048
2749.54722,9.808,0.05
2749.54804,9.797,0.048
2749.54885,9.82,0.049
2749.55048,9.813,0.046
2749.55129,9.832,0.048
2749.5521,9.824,0.049
2749.55291,9.819,0.048
2749.55372,9.825,0.045
2749.55453,9.796,0.046
2749.55535,9.836,0.048
2749.55616,9.804,0.045
2749.55697,9.848,0.045
2749.55778,9.823,0.048
2749.55859,9.838,0.047
2749.5594,9.828,0.046
2749.56021,9.836,0.047
2749.56102,9.851,0.048
2749.56184,9.826,0.048
2749.56265,9.871,0.049
2749.56346,9.83,0.048
2749.56427,9.833,0.047
2749.56508,9.834,0.048
2749.56589,9.853,0.048
2749.56671,9.851,0.05
2749.56752,9.865,0.051
2749.56833,9.863,0.052
2749.56916,9.866,0.05
2749.56997,9.879,0.05
2749.57078,9.878,0.048
2749.57159,9.899,0.05
2749.57241,9.876,0.05
2749.57322,9.889,0.051
2749.57404,9.905,0.05
2749.57486,9.931,0.05
2749.57567,9.915,0.048
2749.57649,9.936,0.05
2749.5773,9.935,0.051
2749.57811,9.953,0.051
2749.57892,9.961,0.051
2749.57973,9.924,0.049
2749.58054,9.923,0.048
2749.58137,9.972,0.047
2749.58218,9.974,0.047
2749.58299,9.947,0.046
2749.5838,9.937,0.048
2749.58463,9.996,0.048
2749.58544,10.003,0.048
2749.58625,9.991,0.048
2749.58706,10.018,0.05
2749.58788,10.005,0.05
2749.58869,10.046,0.05
2749.58951,10.023,0.048
2749.59032,10.041,0.047
2749.59115,10.013,0.047
2749.59196,10.026,0.047
2749.59277,10.028,0.045
2749.59358,10.032,0.047
2749.59439,10.002,0.047
2749.5952,10.012,0.047
2749.59601,10.019,0.046
2749.59683,10.034,0.047
2749.59764,10.044,0.047
2749.59846,10.001,0.047
2749.59928,9.997,0.046
2749.6001,10.059,0.049
2749.60093,10.03,0.048
2749.60174,10.001,0.048
2749.60255,10.003,0.049
2749.60336,10.035,0.047
2749.60418,10.055,0.048
2749.60499,10.034,0.048
2749.6058,10.077,0.048
2749.60661,10.049,0.048
2749.60742,10.051,0.052
2749.60823,10.056,0.045
2749.60904,10.017,0.047
2749.60985,10.037,0.049
2749.61067,10.06,0.048
2749.61148,10.062,0.048
2749.61229,10.058,0.05
2749.61311,10.02,0.048
2749.61393,10.048,0.048
2749.61474,10.048,0.05
2749.61555,10.065,0.049
2749.61636,10.011,0.049
2749.61717,10.046,0.049
2749.618,10.049,0.049
2749.61881,10.058,0.047
2749.61962,10.07,0.049
2749.62043,10.051,0.048
2749.62124,10.069,0.048
2749.62206,10.059,0.048
2749.62287,10.074,0.05
2749.62368,10.008,0.05
2749.62449,10.01,0.049
2749.6253,10.017,0.049
2749.62612,10.008,0.049
2749.62694,10.017,0.048
2749.62776,9.938,0.049
2749.62859,9.998,0.05
2749.6294,9.988,0.047
2749.63022,10.008,0.05
2749.63103,9.954,0.048
2749.63184,9.923,0.051
2749.63265,9.969,0.053
2749.63346,9.976,0.05
2749.63428,9.975,0.05
2749.63509,9.936,0.051
2749.6359,9.935,0.05
2749.63672,9.925,0.049
2749.63753,9.937,0.049
2749.63834,9.937,0.047
2749.63916,9.931,0.047
2749.63997,9.93,0.048
2749.64078,9.922,0.05
2749.64159,9.911,0.049
2749.64242,9.899,0.049
2749.64323,9.882,0.05
2749.64404,9.889,0.046
2749.64485,9.905,0.053
2749.64567,9.909,0.052
2749.64648,9.891,0.051
2749.64729,9.883,0.051
2749.6481,9.905,0.051
2749.64892,9.875,0.05
2749.64973,9.86,0.049
2749.65135,9.87,0.051
2749.65216,9.898,0.05
2749.65297,9.874,0.049
2749.65379,9.895,0.051
2749.6546,9.895,0.05
2749.65542,9.889,0.049
2749.65625,9.846,0.048
2749.65706,9.862,0.049
2749.65787,9.872,0.05
2749.65868,9.859,0.051
2749.6595,9.832,0.052
2749.66031,9.855,0.053
2749.66112,9.865,0.051
2749.66193,9.835,0.05
2749.66274,9.841,0.051
2749.66355,9.857,0.051
2749.66436,9.867,0.05
2749.66517,9.842,0.05
2749.66598,9.825,0.051
2749.66679,9.793,0.051
2749.66762,9.832,0.052
2749.66843,9.822,0.052
2749.66924,9.81,0.054
2749.67005,9.844,0.053
2749.67086,9.83,0.052
2749.67167,9.862,0.051
2749.67249,9.825,0.048
2749.6733,9.828,0.05
2749.67412,9.865,0.052
2749.67493,9.808,0.048
2749.67574,9.803,0.051
2749.67655,9.796,0.051
2749.67736,9.8,0.05
2749.67818,9.801,0.054
2749.67899,9.783,0.052
2749.67981,9.819,0.052
2749.68062,9.808,0.052
2749.68143,9.802,0.051
2749.68224,9.784,0.051
2749.68306,9.802,0.053
2749.68387,9.784,0.052
2749.68468,9.797,0.05
2749.6855,9.772,0.052
2749.68631,9.785,0.049
2749.68712,9.76,0.052
2749.68793,9.746,0.053
2749.68874,9.761,0.054
2749.68955,9.746,0.054
2749.69036,9.77,0.052
2749.69117,9.751,0.055
2749.692,9.762,0.051
2749.69281,9.746,0.054
2749.69363,9.78,0.053
2749.69445,9.778,0.051
2749.69526,9.746,0.053
2749.69607,9.724,0.052
2749.69688,9.742,0.053
2749.6977,9.75,0.053
2749.69851,9.738,0.053
2749.69933,9.722,0.056
2749.70014,9.717,0.051
2749.70095,9.75,0.055
2749.70176,9.761,0.053
2749.70257,9.72,0.053
2749.70338,9.744,0.056
2749.70421,9.706,0.052
2749.70502,9.739,0.052
2749.70583,9.746,0.052
2749.70664,9.774,0.054
2749.70745,9.726,0.054
2749.70828,9.703,0.054
2749.7091,9.714,0.053
2749.70991,9.749,0.054
2749.71154,9.7,0.057
2749.71235,9.74,0.057
2749.71316,9.709,0.054
2749.71397,9.711,0.056
2749.71478,9.728,0.055
2749.71559,9.713,0.053
2749.7164,9.708,0.051
2749.71723,9.714,0.051
2749.71804,9.702,0.052
2749.71885,9.725,0.052
2749.71966,9.709,0.055
2749.72047,9.716,0.054
2749.72129,9.707,0.053
2749.7221,9.724,0.054
2749.72292,9.731,0.052
2749.72373,9.749,0.053
2749.72454,9.745,0.061
2749.72536,9.711,0.06
2749.72699,9.726,0.061
2749.7278,9.71,0.06
2749.72861,9.705,0.06
2749.72942,9.741,0.06
2749.73023,9.736,0.061
2749.73919,9.765,0.062
2749.74406,9.868,0.061
2749.75301,9.87,0.06
2749.75465,9.854,0.057
2749.7587,9.865,0.062
2749.75952,9.867,0.062
2751.68472,9.789,0.023
2754.62554,10.046,0.022
2756.62491,10.044,0.022
2758.73082,9.738,0.027
2760.60047,9.871,0.02
2764.57817,9.777,0.023
2766.61931,9.881,0.023
2782.57018,9.798,0.023
2786.55153,9.884,0.023
2789.54739,9.944,0.033
2804.50082,9.82,0.027
2809.50196,9.778,0.025
2811.51062,9.789,0.022
2813.50872,9.769,0.022
2819.46713,9.812,0.026
2821.53326,9.779,0.023
2827.46351,9.89,0.031
2831.46321,9.929,0.024
2835.47716,9.935,0.023
2838.47101,10.013,0.029
2841.48683,9.964,0.023
2854.46361,9.907,0.027
2956.86033,9.772,0.042
2964.85169,9.82,0.032
2973.84886,10.008,0.028
2976.83204,10.041,0.027
2986.84128,9.967,0.029
2995.84047,9.84,0.028
3000.84861,9.821,0.026
3003.82989,9.771,0.029
3007.78352,9.861,0.044
3010.81433,9.799,0.028
3013.81544,9.789,0.027
3019.76484,10.011,0.024
3028.83354,9.855,0.04
3031.7698,9.985,0.03
3034.75547,9.862,0.027
3037.847,9.87,0.023
3041.75006,9.793,0.032
3046.69965,9.782,0.029
3049.72228,9.767,0.025
3052.71325,9.789,0.027
3054.76607,9.771,0.029
3057.69981,9.876,0.03
3059.76243,9.75,0.024
3061.79542,9.773,0.026
3064.68351,10.033,0.031
3067.70681,10.01,0.024
3072.79769,9.762,0.034
3074.82414,9.761,0.031
3077.64911,9.783,0.03
3079.68687,9.912,0.027
3081.71888,10.082,0.026
3085.71129,9.955,0.025
3089.73814,10.053,0.028
3091.75089,10.069,0.025
3093.74121,10.001,0.026
3100.63549,9.803,0.029
3102.63984,9.819,0.027
3104.65126,9.82,0.025
3108.6512,9.863,0.025
3110.64526,9.87,0.028
3114.71002,9.75,0.025
3116.68328,10.032,0.024
3121.573,9.81,0.024
3123.62702,10.008,0.039
3127.57235,9.745,0.03
3129.58503,9.801,0.029
3131.58527,9.782,0.029
3133.58864,9.785,0.026
3144.60839,9.761,0.025
3146.65828,9.858,0.024
3158.59489,9.835,0.027
3160.60636,9.79,0.03
3163.61712,9.806,0.027
3167.48334,9.76,0.025
3169.52702,9.899,0.032
3176.55882,9.932,0.026
3182.50609,9.761,0.027
3184.54575,9.796,0.027
3187.50351,9.78,0.028
3190.54056,9.754,0.032
3356.81952,9.818,0.027
3388.78593,10.044,0.025
3400.86542,9.807,0.033
3404.8024,9.995,0.029
3407.73568,9.743,0.032
3409.80333,9.892,0.032
3412.72996,9.755,0.029
3414.78333,9.788,0.028
3416.78301,9.765,0.031
3421.69809,9.918,0.039
3438.6838,9.959,0.023
3442.66044,9.818,0.029
3444.67326,9.823,0.04
3450.67495,9.782,0.039
3457.66698,10.047,0.03
3459.66188,9.745,0.025
3461.66996,9.771,0.033
3465.77795,10.066,0.031
3468.69476,9.772,0.023
3470.70614,9.75,0.025
3472.76007,9.839,0.029
3475.55679,9.817,0.03
3490.63104,9.923,0.032
3492.63182,9.938,0.03
3496.63698,9.893,0.027
3501.65421,9.898,0.029
3503.69161,10.073,0.033
3511.50611,10.034,0.025
3523.50354,9.852,0.038
3538.53369,9.81,0.029
3550.53839,9.775,0.039
3554.53782,9.76,0.026
3558.51034,9.805,0.031
3565.46567,10.06,0.042
3570.47581,10.028,0.028
3574.48067,10.033,0.029
3703.84753,10.074,0.027
3707.83729,9.998,0.026
3714.83103,9.827,0.03
3718.83784,9.786,0.036
3722.82928,9.798,0.034
3730.85792,9.829,0.048
3734.82648,9.745,0.042
3742.79524,9.865,0.03
3745.81367,9.813,0.029
3748.80416,9.94,0.034
3751.79536,9.956,0.045
3756.83775,9.86,0.049
3759.77766,9.98,0.032
3762.7711,9.884,0.037
3768.74751,9.761,0.032
3779.72229,9.789,0.052
3790.69002,10.07,0.034
3795.68234,10.026,0.028
3797.71148,10.033,0.031
3802.66203,9.818,0.041
3816.71748,9.875,0.03
3818.74498,10.025,0.037
3820.82212,9.821,0.037
3827.68859,9.777,0.034
3829.75332,9.862,0.031
3831.71049,9.779,0.038
3847.71081,9.751,0.041
3853.71194,9.834,0.028
3856.55974,9.767,0.029
3860.6839,10.076,0.03
3865.54032,9.85,0.036
3877.59891,9.784,0.025
3893.45594,9.752,0.032
3897.45991,9.794,0.029
3903.58508,10.064,0.029
4089.82458,9.762,0.034
4104.7947,9.88,0.037
4126.76217,9.818,0.027
4128.83212,10.022,0.026
4134.73841,9.75,0.032
4142.86186,10.052,0.028
4151.67707,10.036,0.025
4158.69127,10.026,0.031
4160.71987,10.062,0.031
4167.83053,9.751,0.035
4175.7294,9.982,0.045
4180.75404,10.056,0.041
4183.61955,9.812,0.03
4185.64717,9.79,0.036
4193.64326,9.831,0.033
4202.57585,9.845,0.035
4204.66858,9.899,0.031
4207.68762,9.833,0.037
4228.6414,9.801,0.03
4230.64184,9.812,0.031
4232.63936,9.808,0.052
4247.49125,9.846,0.027
4250.48962,9.807,0.026
4258.61903,9.83,0.031
4269.54759,9.802,0.025
4276.47491,9.839,0.026
4278.52558,9.787,0.031
4282.52719,9.735,0.039
4293.51051,9.893,0.028
4295.51154,9.92,0.028
4304.46532,9.883,0.026
4308.46593,9.825,0.039
4315.46502,9.806,0.029
4430.85567,10.02,0.035
4439.84435,9.903,0.033
4443.83876,9.85,0.027
4448.83369,9.797,0.026
4452.83275,9.789,0.035
4456.82127,9.743,0.032
4460.81379,9.866,0.04
4466.82061,9.786,0.033
4478.7783,10.088,0.051
4485.7952,10.037,0.042
4488.77722,9.881,0.047
4493.81742,10.025,0.032
4497.77061,9.784,0.031
4500.74912,9.755,0.052
4503.73997,9.765,0.038
4508.80097,9.815,0.032
4511.721,9.851,0.03
4515.7166,9.922,0.044
4520.74687,9.841,0.036
4522.74998,9.862,0.025
4524.77913,9.812,0.027
4526.82998,9.75,0.031
4529.67847,9.887,0.041
4531.73122,10.105,0.033
4535.66461,9.778,0.03
4537.7086,9.877,0.027
4539.70649,9.886,0.048
4541.70159,9.806,0.034
4548.67047,9.724,0.037
4550.72375,9.77,0.036
4554.78521,10.051,0.041
4557.58953,10.032,0.03
4559.64318,9.882,0.035
4561.6793,9.794,0.029
4563.70095,9.777,0.033
4565.75148,9.776,0.03
4568.55932,9.789,0.028
4570.59748,9.899,0.026
4579.59631,9.783,0.034
4585.56017,9.754,0.034
4587.64018,9.85,0.036
4589.66973,9.96,0.035
4591.69148,10.036,0.029
4594.54663,9.872,0.031
4596.55172,9.862,0.027
4602.52003,9.996,0.038
4606.51986,10.018,0.041
4610.62015,9.772,0.033
4618.56371,10.027,0.028
4622.55909,9.961,0.031
4630.45634,9.836,0.029
4632.5398,9.816,0.033
4639.52934,9.759,0.03
4642.50841,9.759,0.033
4644.51728,9.782,0.031
4652.48843,9.956,0.039
4659.47845,10.031,0.034
4662.48372,10.065,0.039
4665.47719,9.965,0.033
4670.46209,9.833,0.031
4674.46263,9.811,0.03
4679.46352,9.781,0.028
4780.86152,9.882,0.036
4795.85248,10.02,0.032
4806.83681,9.83,0.026
4810.84898,9.836,0.04
4814.85152,9.822,0.033
4821.81884,9.752,0.03
4825.8301,9.773,0.031
4829.81889,9.794,0.029
4833.80898,9.852,0.028
4836.86932,9.772,0.039
4839.81464,9.897,0.03
4842.81238,9.963,0.036
4848.84843,9.866,0.03
4851.7901,9.975,0.045
4855.79595,9.943,0.029
4860.78351,9.813,0.041
4863.76491,9.743,0.034
4869.73558,9.781,0.043
4871.76454,9.761,0.04
4875.77538,9.78,0.037
4891.77304,9.855,0.045
4903.69976,9.759,0.05
4908.63004,9.826,0.043
4914.67231,9.777,0.04
4921.63178,9.944,0.053
4959.62555,9.761,0.055
4962.55172,9.911,0.047
4969.60811,9.786,0.052
4990.53796,9.796,0.054
5014.54589,9.769,0.054
5021.51882,9.905,0.047
5031.4961,10.037,0.042
5039.46706,9.802,0.051
