1869.84909,9.971,0.035
1871.84671,9.725,0.035
1873.85333,9.734,0.035
1877.83083,10.007,0.031
1879.82919,9.795,0.029
1881.82485,9.691,0.029
1885.79159,9.993,0.03
1887.80662,9.825,0.031
1889.80723,9.717,0.034
1899.84722,9.751,0.029
1902.81263,9.917,0.029
1904.79756,9.954,0.031
1906.79506,9.759,0.029
1908.77997,9.736,0.029
1913.80881,10.075,0.029
1915.7688,9.716,0.032
1918.7282,10.072,0.033
1919.79985,9.788,0.031
1922.82289,10,0.028
1924.79124,9.809,0.032
1925.78955,9.742,0.032
1926.78604,9.673,0.03
1928.80023,9.735,0.03
1929.78629,9.95,0.028
1930.77974,10.068,0.026
1931.80269,10.051,0.027
1932.79126,9.983,0.027
1933.84364,10.064,0.028
1935.66867,10.092,0.029
1935.82245,9.81,0.027
1937.72767,10.121,0.027
1938.79447,9.849,0.027
1940.73686,9.829,0.027
1945.79264,9.696,0.026
1947.71207,10,0.031
1948.74825,10.076,0.032
1949.78223,10.078,0.03
1950.72,9.732,0.031
1953.72904,9.759,0.028
1954.73109,9.848,0.032
1955.7263,10.005,0.032
1958.71268,9.815,0.026
1961.69752,9.769,0.025
1962.72948,9.731,0.03
1963.70864,9.909,0.03
1964.70749,10.071,0.028
1965.70061,10.03,0.025
1966.70299,9.938,0.029
1967.69527,9.778,0.028
1968.69496,9.726,0.03
1971.70917,9.741,0.049
1977.66479,9.711,0.04
1978.70225,9.766,0.051
1980.67233,9.921,0.047
1981.68723,9.892,0.038
1982.66612,10.075,0.037
1984.65788,9.756,0.039
1985.657,9.72,0.036
1993.65951,9.839,0.047
1994.63907,9.731,0.039
1995.6347,9.74,0.047
1996.63328,9.816,0.048
1997.6339,9.933,0.05
2025.54073,9.836,0.03
2026.57062,9.88,0.036
2027.56477,9.75,0.032
2030.54478,9.813,0.038
2031.55665,9.876,0.034
2032.55582,10.025,0.034
2033.54948,10.07,0.033
2034.55005,9.952,0.032
2038.57765,9.711,0.033
2052.49342,9.743,0.037
2056.49362,9.873,0.034
2058.48351,10.064,0.035
2064.46636,9.857,0.04
2068.4594,9.916,0.037
2070.47582,9.738,0.032
2080.47031,9.751,0.031
2082.50164,9.683,0.03
2086.45736,9.981,0.033
2088.50033,9.98,0.035
2094.4905,9.92,0.034
2096.5186,10.004,0.03
2104.47903,10.08,0.032
2117.47104,9.773,0.034
2214.86384,9.795,0.04
2222.84285,9.761,0.054
2226.8405,9.965,0.034
2230.84397,9.729,0.036
2233.83059,9.991,0.037
2235.83708,10.027,0.035
2237.83692,9.835,0.037
2240.81943,9.795,0.036
2242.82568,9.953,0.048
2244.81973,9.927,0.048
2248.79508,9.871,0.042
2250.80347,10.023,0.042
2255.81025,9.723,0.042
2257.80741,9.742,0.048
2260.85663,9.779,0.05
2262.81919,10.004,0.054
2443.50905,9.888,0.024
2445.51559,10.072,0.027
2453.48896,10.085,0.027
2465.47567,9.773,0.026
2469.45374,9.944,0.028
2577.86747,9.806,0.033
2622.79954,9.716,0.027
2625.80339,9.785,0.028
2628.78412,9.968,0.035
2628.81117,10.079,0.028
2634.85438,9.716,0.035
2635.79808,9.901,0.038
2637.83309,9.934,0.029
2641.79797,9.7,0.027
2644.82417,9.728,0.029
2646.82737,9.925,0.027
2650.76226,9.754,0.025
2652.78333,9.772,0.026
2655.7928,10.064,0.028
2658.78392,9.762,0.028
2660.79941,9.703,0.044
2662.79263,9.774,0.026
2664.80025,9.981,0.025
2666.80142,10.068,0.027
2671.78948,9.748,0.026
2673.80022,9.912,0.025
2675.76361,9.869,0.025
2677.74933,9.701,0.026
2679.72555,9.912,0.027
2685.7225,9.686,0.028
2689.7629,9.774,0.029
2691.75591,10.078,0.031
2693.78273,10.071,0.026
2695.74525,9.714,0.027
2698.67596,10.01,0.026
2700.72712,10.069,0.025
2704.72008,9.692,0.025
2706.69424,9.926,0.025
2710.66326,9.715,0.025
2712.64906,9.8,0.026
2714.64347,10.064,0.025
2715.78577,9.743,0.032
2719.62325,9.716,0.027
2720.75111,10.046,0.027
2727.67437,9.919,0.028
2728.83241,9.697,0.053
2730.6907,9.708,0.025
2732.79916,9.993,0.03
2734.64447,10.061,0.025
2736.62739,9.736,0.025
2738.61817,9.748,0.03
2739.81275,9.865,0.027
2741.67755,9.747,0.026
2743.63693,10.055,0.029
2744.77432,9.678,0.033
2747.78993,9.799,0.051
2751.57936,9.888,0.026
2754.58779,9.698,0.025
2756.58722,9.729,0.03
2760.59616,10.03,0.024
2762.58947,9.773,0.031
2764.57396,9.718,0.024
2769.73056,9.732,0.038
2782.61656,9.782,0.026
2784.58254,9.765,0.03
2786.57785,10.038,0.028
2789.57374,9.821,0.035
2791.61258,9.81,0.032
2794.54454,10.043,0.029
2797.52311,9.727,0.041
2804.52993,10.029,0.033
2808.6223,10.056,0.028
2810.53557,9.773,0.025
2812.53357,10.003,0.027
2821.54455,9.866,0.028
2826.51266,9.689,0.025
2832.48025,9.799,0.028
2834.48598,9.686,0.03
2836.48826,9.783,0.027
2839.48735,10.075,0.029
2842.49672,9.808,0.056
2845.49296,9.72,0.025
2853.46672,9.714,0.03
2859.47066,9.882,0.027
2862.46463,9.699,0.037
2868.46629,9.912,0.031
2944.86252,9.778,0.045
2949.86175,9.956,0.031
2957.8492,9.853,0.034
2961.85073,10.013,0.033
2965.84114,9.769,0.034
2971.83375,9.77,0.03
2975.81453,9.902,0.037
2978.82089,9.949,0.027
2981.82632,9.709,0.037
2985.81195,10.033,0.03
2988.83458,10.009,0.043
2991.84937,9.734,0.029
2995.80196,10.095,0.034
2998.82867,9.846,0.033
3005.84408,10,0.026
3011.81375,9.752,0.038
3015.81888,10.045,0.031
3018.79873,9.739,0.034
3024.84949,9.981,0.034
3028.86162,9.853,0.026
3031.7709,10.088,0.031
3034.75655,9.736,0.031
3037.84952,9.83,0.028
3041.75202,9.924,0.033
3043.79233,9.926,0.034
3046.72698,10.059,0.032
3049.72351,9.952,0.027
3052.71448,9.716,0.035
3054.76733,9.687,0.028
3057.70191,9.981,0.028
3059.76377,10.075,0.027
3061.79681,10.017,0.029
3064.68493,10.035,0.037
3067.72624,10.061,0.026
3069.73228,9.848,0.032
3071.74835,9.743,0.033
3073.79256,9.748,0.032
3076.64659,9.716,0.041
3078.68595,9.715,0.029
3080.69968,9.722,0.033
3082.73155,9.74,0.029
3086.7211,9.985,0.041
3088.73121,9.809,0.036
3090.767,9.766,0.043
3092.72258,9.802,0.029
3096.70395,9.852,0.028
3098.70157,9.689,0.032
3100.72583,9.714,0.034
3102.73283,9.849,0.032
3104.75141,9.973,0.03
3106.75148,10.042,0.029
3108.75118,9.801,0.028
3111.54965,9.791,0.055
3113.5985,9.725,0.024
3115.61234,9.801,0.026
3116.60002,9.976,0.042
3122.58291,9.732,0.028
3124.60678,9.905,0.028
3126.62403,9.932,0.031
3127.73417,9.761,0.052
3132.52499,10.047,0.026
3134.54965,10.04,0.036
3142.57517,9.823,0.034
3145.60223,10.04,0.027
3153.5617,10.108,0.031
3158.65603,10.029,0.035
3163.65679,9.751,0.029
3167.48704,9.956,0.027
3169.53077,9.965,0.027
3179.5157,10.099,0.025
3182.58837,10.101,0.051
3184.56828,9.828,0.03
3187.51509,9.921,0.032
3190.54719,10.069,0.031
3357.83032,9.745,0.029
3380.86669,9.736,0.057
3385.79712,9.723,0.045
3388.78714,10.016,0.04
3391.77525,9.852,0.035
3394.83126,9.852,0.041
3397.76366,10.091,0.053
3399.82603,9.888,0.045
3402.79791,9.801,0.039
3404.86769,9.947,0.043
3407.73679,9.952,0.046
3409.80439,10.083,0.037
3412.7336,9.788,0.038
3414.79247,9.732,0.033
3417.70509,9.755,0.043
3419.76087,9.827,0.035
3421.7577,9.787,0.045
3423.76367,9.816,0.051
3425.75533,10.089,0.038
3431.76326,9.763,0.038
3433.77833,9.808,0.036
3436.79301,10.061,0.034
3439.77181,9.753,0.035
3443.65711,9.731,0.029
3445.69064,9.734,0.044
3447.69312,9.728,0.052
3452.64369,9.76,0.037
3454.71499,10.246,0.046
3456.73072,9.706,0.041
3458.71447,9.827,0.04
3460.71525,9.987,0.036
3463.59297,9.898,0.034
3465.63685,9.882,0.03
3468.63003,10.006,0.031
3468.79977,9.812,0.028
3472.65147,10.028,0.036
3474.70259,9.73,0.034
3477.55962,9.735,0.037
3479.599,9.665,0.042
3481.59756,9.801,0.029
3483.63211,9.857,0.05
3486.76537,9.744,0.041
3490.61354,9.773,0.06
3492.61262,9.846,0.037
3496.61475,9.891,0.046
3499.60268,9.694,0.034
3501.62521,9.792,0.036
3503.68089,9.742,0.033
3506.69751,9.945,0.032
3509.69377,9.916,0.039
3512.61979,9.983,0.033
3516.62314,9.812,0.032
3520.58838,9.975,0.033
3522.61105,10.101,0.046
3526.6233,9.725,0.046
3528.62902,9.734,0.029
3530.63314,9.794,0.031
3538.5531,10.091,0.031
3540.60194,10.068,0.041
3543.56989,9.747,0.039
3547.55387,10.056,0.031
3561.50093,9.724,0.047
3570.49325,9.782,0.034
3574.49507,10.069,0.03
3577.5131,9.828,0.045
3585.47492,9.777,0.032
3591.46834,10.09,0.039
3702.84544,10.089,0.033
3706.83749,9.727,0.04
3713.85037,10.013,0.035
3717.84875,9.712,0.037
3721.84973,10.045,0.038
3725.83139,9.716,0.036
3728.84955,9.801,0.04
3732.82057,9.819,0.041
3736.80339,9.854,0.04
3739.82415,10.094,0.031
3742.81507,9.757,0.039
3745.81737,9.743,0.037
3748.80788,10.069,0.041
3751.79922,9.735,0.041
3754.78808,9.811,0.054
3757.77477,9.927,0.041
3760.76651,9.771,0.043
3766.75391,9.79,0.059
3772.73823,10.047,0.038
3775.71827,9.779,0.04
3780.72029,9.993,0.042
3783.77312,10.052,0.05
3787.78799,9.777,0.041
3790.69232,10.099,0.045
3792.76166,10.048,0.044
3795.68711,9.731,0.033
3797.71808,9.801,0.043
3799.77058,9.784,0.043
3802.6661,9.703,0.053
3804.73947,9.8,0.041
3806.72246,9.791,0.045
3809.73869,9.941,0.045
3811.77143,10.027,0.043
3813.80701,10.028,0.044
3816.62029,9.926,0.036
3818.67571,9.987,0.041
3820.69973,9.889,0.048
3822.73467,9.81,0.044
3824.81303,10.037,0.038
3827.59578,9.701,0.037
3829.64867,9.762,0.047
3831.64246,9.775,0.044
3833.63436,10.013,0.047
3835.65686,10.16,0.047
3837.6931,10.051,0.052
3847.77156,9.79,0.051
3849.70283,9.878,0.043
3851.70306,9.705,0.045
3853.75471,9.724,0.036
3856.56323,9.749,0.038
3858.66692,9.728,0.05
3860.69117,9.712,0.038
3862.61022,10.009,0.036
3864.63454,9.919,0.038
3866.64918,9.766,0.042
3868.69167,9.774,0.043
3870.68748,9.721,0.04
3872.68557,9.862,0.047
3876.63445,9.715,0.061
3880.55469,9.791,0.04
3882.58912,9.786,0.04
3886.6195,9.729,0.033
3890.60832,10.021,0.031
3892.60902,9.767,0.037
3894.64322,9.769,0.032
3898.51576,9.723,0.037
3900.54564,9.711,0.039
3902.58152,9.71,0.047
3904.601,9.762,0.037
3906.61033,9.884,0.042
3908.61073,10.055,0.035
4091.82183,9.767,0.036
4105.82865,10.004,0.031
4109.83644,9.859,0.032
4127.76571,9.756,0.029
4133.74614,9.814,0.043
4135.81282,10.005,0.03
4137.79421,9.743,0.031
4139.85838,9.743,0.032
4142.72806,9.83,0.03
4144.79167,9.937,0.029
4147.7078,10.085,0.039
4152.77355,9.986,0.031
4157.68926,10.068,0.03
4159.74217,10.096,0.052
4161.73527,9.801,0.034
4163.73859,9.738,0.039
4165.77276,9.677,0.058
4168.78462,9.878,0.039
4173.74981,9.718,0.037
4180.82298,10.012,0.049
4183.62781,9.948,0.031
4185.67802,9.982,0.033
4190.7603,9.853,0.035
4192.74275,9.717,0.033
4194.77028,10.091,0.033
4197.77688,10.045,0.048
4200.70876,9.719,0.029
4203.71045,9.953,0.033
4205.71586,10.052,0.034
4213.65346,9.844,0.054
4216.64966,9.714,0.033
4228.68788,9.761,0.029
4230.68625,9.967,0.034
4232.68629,10.073,0.048
4234.67768,9.909,0.031
4245.58208,10.058,0.057
4247.58598,9.941,0.031
4253.52811,10.07,0.028
4255.59825,10.077,0.041
4257.58657,9.91,0.048
4259.60953,9.785,0.042
4267.55061,9.71,0.035
4269.57446,9.735,0.027
4272.54283,10.112,0.037
4274.58838,10.076,0.028
4277.58128,9.767,0.031
4282.54074,10.075,0.041
4284.55895,9.864,0.048
4290.56493,9.928,0.028
4292.52585,9.864,0.026
4294.53818,9.742,0.027
4296.53014,9.741,0.034
4298.53479,9.911,0.043
4300.49563,9.841,0.034
4304.49447,9.752,0.027
4307.52693,9.9,0.037
4311.50445,9.771,0.033
4315.48367,10.043,0.045
4319.47791,9.791,0.028
4429.84082,9.832,0.036
4436.85805,10.05,0.034
4440.82215,9.716,0.032
4448.81075,9.717,0.029
4452.80819,9.93,0.045
4455.83522,10.094,0.029
4459.81997,9.722,0.044
4462.83106,9.921,0.031
4468.85554,9.75,0.041
4479.81082,9.804,0.052
4482.81376,10.087,0.038
4486.74534,9.853,0.035
4489.77583,10.069,0.034
4492.73709,9.726,0.029
4499.71466,9.779,0.037
4502.73914,9.713,0.036
4505.72806,9.989,0.033
4507.81558,9.764,0.037
4510.71678,9.72,0.033
4516.7417,10.082,0.053
4518.77445,10.186,0.041
4520.83065,10.056,0.04
4523.6855,10.089,0.029
4525.73942,10.042,0.035
4527.79377,10.019,0.031
4530.66575,9.955,0.032
4532.74116,9.8,0.031
4535.83086,9.699,0.03
4537.83235,9.864,0.029
4540.63633,10.099,0.043
4542.67767,10.078,0.046
4547.55921,10.084,0.047
4551.72297,9.902,0.031
4553.75462,9.986,0.043
4555.79342,10.008,0.029
4558.58651,9.874,0.036
4560.62965,9.896,0.033
4562.66291,9.796,0.033
4564.72956,9.951,0.031
4566.75033,9.84,0.033
4568.80238,9.872,0.044
4571.55844,9.84,0.033
4573.60828,9.821,0.037
4575.63408,9.882,0.035
4579.63454,9.884,0.038
4582.63321,9.73,0.037
4585.66357,9.805,0.03
4587.70538,9.785,0.034
4590.51269,10.095,0.036
4592.57098,10.007,0.048
4594.61289,10.043,0.03
4596.61967,10.071,0.033
4602.621,9.808,0.039
4606.62397,9.949,0.046
4608.63004,9.79,0.041
4611.56551,10.05,0.038
4616.56898,9.702,0.029
4618.59087,9.721,0.029
4622.58382,10.067,0.033
4626.6245,9.826,0.035
4629.48811,9.827,0.039
4631.56313,10.032,0.037
4633.59322,9.921,0.04
4639.5611,10.086,0.034
4641.59739,10.102,0.031
4643.60059,9.936,0.038
4646.49017,10.144,0.048
4648.58505,9.874,0.047
4651.50486,9.728,0.041
4653.50928,9.782,0.032
4657.54569,9.988,0.057
4663.52542,9.813,0.053
4666.52943,10.106,0.037
4670.51869,9.689,0.04
4674.48878,10.085,0.036
4681.48684,9.853,0.034
4684.47594,9.983,0.036
4779.86282,9.743,0.04
4794.84287,10.062,0.036
4798.85436,9.718,0.037
4802.83359,10.024,0.034
4806.82732,9.739,0.029
4810.83381,9.868,0.042
4814.82339,9.823,0.038
4819.84317,9.782,0.036
4822.83949,10.055,0.03
4826.80408,9.728,0.034
4830.80125,10.067,0.038
4833.84075,9.881,0.031
4837.79544,9.962,0.036
4843.80721,9.68,0.035
4846.83593,9.703,0.031
4849.7875,9.949,0.04
4852.78181,9.687,0.037
4856.77827,10.03,0.05
4860.7879,9.787,0.041
4863.75644,9.916,0.04
4866.75695,10.023,0.035
4869.74269,9.714,0.045
4871.78687,9.718,0.044
4877.70568,9.716,0.039
4883.70836,9.922,0.035
4886.74641,9.798,0.062
4889.6882,9.959,0.057
4891.76942,9.803,0.044
4899.77275,9.796,0.058
4903.77453,10.06,0.062
4905.83439,10.011,0.059
4914.68519,9.729,0.046
4916.72691,9.708,0.047
4918.81385,9.718,0.057
4921.63711,9.717,0.054
4926.63789,10.061,0.056
4937.67152,9.965,0.053
4939.71674,10.017,0.051
4962.57873,9.846,0.055
4969.6331,9.831,0.058
4972.6716,9.861,0.048
5013.52891,9.963,0.058
5015.56367,10.023,0.062
5021.55677,9.726,0.048
5024.47008,9.768,0.052
5039.47105,9.992,0.054
5041.49912,10.079,0.053
5048.48244,10.307,0.052
