1885.76359,13.09,0.049
1888.79953,13.019,0.064
1899.81685,12.889,0.046
1915.74475,12.801,0.054
1919.76196,12.915,0.046
1920.83986,12.898,0.045
1921.79989,12.959,0.046
1922.81929,12.979,0.042
1924.77858,13.061,0.046
1925.77917,12.95,0.046
1926.77564,13.043,0.046
1928.77785,13.055,0.047
1929.76909,13.172,0.045
1930.77149,13.004,0.046
1931.7784,13.076,0.048
1932.76156,13.148,0.044
1933.80143,13.243,0.045
1936.72096,13.241,0.045
1938.70392,13.088,0.042
1940.70911,12.986,0.042
1945.77246,13.148,0.05
1947.68901,13.054,0.044
1948.73038,13.053,0.048
1949.75053,13.082,0.06
1950.70924,12.976,0.061
1953.71382,12.917,0.051
1954.71874,12.994,0.052
1955.70884,13.008,0.048
1958.69521,12.814,0.057
1961.67752,13.034,0.05
1962.71414,13.131,0.057
1963.7001,12.964,0.055
1964.69222,12.907,0.051
1965.68534,13.188,0.051
1966.68773,13.004,0.053
1968.67972,13.5,0.057
1971.69614,13.481,0.063
1979.66033,13.528,0.068
1981.6787,12.953,0.064
1982.65093,12.814,0.058
2064.45768,12.764,0.078
2080.45978,12.775,0.068
2087.50046,12.787,0.06
2103.52821,12.832,0.065
2116.49664,12.707,0.061
2132.46787,12.779,0.053
2214.85746,12.912,0.055
2216.86093,12.85,0.058
2222.83409,12.758,0.058
2225.83494,12.559,0.063
2227.83896,12.645,0.058
2229.83673,12.632,0.061
2232.84185,12.524,0.056
2234.82686,12.577,0.054
2236.83114,12.595,0.055
2239.83342,12.67,0.058
2241.81792,12.598,0.059
2247.83458,12.558,0.067
2249.80478,12.773,0.062
2251.80576,12.641,0.063
2254.8533,12.593,0.067
2443.50305,13.025,0.039
2445.50963,12.957,0.04
2453.47623,12.99,0.051
2456.50004,13.187,0.048
2465.46335,13.146,0.051
2468.46877,13.257,0.045
2470.50853,13.12,0.051
2502.47166,13.101,0.056
2622.7594,12.826,0.039
2622.787,12.89,0.034
2628.77794,12.788,0.035
2635.78951,12.809,0.04
2637.85843,12.902,0.036
2640.8068,12.754,0.036
2643.80401,12.786,0.036
2646.76314,12.739,0.034
2652.76734,12.73,0.034
2655.7728,12.73,0.037
2657.77769,12.678,0.032
2660.78863,12.78,0.043
2662.78205,12.683,0.035
2664.78738,12.686,0.031
2666.7768,12.688,0.032
2670.81946,12.707,0.036
2672.79903,12.831,0.033
2674.7749,12.7,0.035
2676.75907,12.686,0.034
2678.7479,12.686,0.038
2684.69487,12.784,0.037
2685.73182,12.847,0.033
2686.72598,12.754,0.036
2688.73032,12.864,0.038
2690.73496,12.813,0.042
2692.79172,12.84,0.041
2695.75025,12.872,0.036
2696.73538,12.931,0.037
2698.76483,12.877,0.036
2700.72757,12.84,0.04
2704.71374,12.793,0.04
2706.68563,12.714,0.038
2710.65241,12.757,0.038
2712.63129,12.728,0.038
2713.75355,12.741,0.041
2715.70058,12.752,0.036
2717.78991,12.667,0.042
2720.63791,12.707,0.036
2721.81834,12.975,0.045
2723.68858,12.713,0.037
2724.84101,12.725,0.037
2726.70432,12.813,0.037
2726.89755,12.863,0.034
2728.72289,12.712,0.036
2730.66399,12.784,0.033
2732.77181,12.82,0.047
2734.63396,12.779,0.035
2736.61242,12.769,0.037
2737.8147,12.826,0.037
2739.70209,12.734,0.04
2741.66029,12.748,0.036
2742.79461,12.814,0.043
2744.65056,12.763,0.037
2747.72247,12.664,0.047
2752.65812,12.779,0.038
2754.75799,12.689,0.038
2756.70649,12.725,0.032
2758.76251,12.811,0.032
2760.6302,12.755,0.035
2762.624,12.904,0.045
2764.60104,12.735,0.036
2769.73686,12.77,0.043
2775.5244,12.841,0.033
2776.63205,12.788,0.042
2782.54971,12.801,0.039
2783.69983,12.726,0.034
2783.70271,12.705,0.047
2785.63208,12.776,0.043
2787.58884,12.793,0.034
2790.61425,12.627,0.048
2793.51308,12.676,0.034
2796.50281,12.616,0.037
2808.61057,13.016,0.038
2810.53163,12.976,0.036
2812.52969,12.912,0.04
2820.60753,12.837,0.036
2826.49051,12.837,0.039
2829.54573,12.895,0.042
2831.58084,12.838,0.04
2838.5411,13.028,0.039
2842.47965,13.196,0.042
2845.47594,13.025,0.037
2851.50604,13.273,0.034
2854.49717,13.191,0.037
2858.49825,13.33,0.039
2861.47524,13.071,0.038
2866.46991,13.202,0.034
2934.87418,13.675,0.037
2946.85941,13.465,0.037
2960.84824,13.474,0.034
2973.83284,13.529,0.039
2982.84937,13.507,0.036
2986.78962,13.2,0.034
2989.82418,13.318,0.033
2992.8241,13.106,0.037
2995.82351,12.976,0.037
3008.78893,12.97,0.036
3011.80485,13.071,0.033
3015.80275,12.918,0.037
3018.78219,13.037,0.033
3028.82794,13.193,0.032
3031.75931,13.222,0.034
3034.73419,13.236,0.034
3036.80769,13.319,0.035
3040.82339,13.279,0.034
3043.73086,13.464,0.037
3046.71747,13.249,0.034
3049.74985,13.221,0.034
3052.69658,13.301,0.034
3054.75026,13.15,0.034
3057.68065,13.19,0.034
3061.78479,12.979,0.032
3064.66456,12.959,0.032
3067.70646,12.929,0.035
3069.71757,12.93,0.036
3071.73851,12.826,0.035
3073.76624,12.948,0.033
3075.76689,12.889,0.034
3077.81446,13.047,0.034
3079.87028,12.99,0.035
3082.61793,13.042,0.034
3086.66658,13.108,0.036
3088.67242,13.157,0.047
3090.67747,13.084,0.036
3092.67019,12.897,0.033
3096.65404,12.949,0.035
3098.66907,12.833,0.035
3100.70132,12.975,0.037
3102.70311,12.926,0.035
3104.71619,12.748,0.037
3106.71633,12.826,0.036
3108.71859,12.85,0.035
3110.7296,12.742,0.035
3112.74102,12.865,0.037
3114.77296,12.745,0.035
3118.64049,12.911,0.035
3122.57192,13.002,0.035
3124.59808,12.956,0.033
3126.61532,12.77,0.035
3129.73555,12.829,0.043
3131.76057,12.879,0.038
3134.51072,12.77,0.035
3142.56719,12.894,0.037
3145.59201,13.024,0.032
3153.50571,13.122,0.036
3154.68293,13.061,0.035
3158.57238,13.072,0.039
3160.58157,12.974,0.038
3163.58983,13.031,0.035
3168.60167,13.017,0.036
3171.60174,12.779,0.035
3175.58873,12.792,0.034
3177.58929,12.685,0.032
3179.62064,12.635,0.034
3183.57219,12.64,0.035
3185.57843,12.492,0.033
3189.50595,12.496,0.036
3357.80389,12.897,0.069
3357.83416,12.853,0.061
3363.81527,12.949,0.087
3365.84155,12.78,0.06
3380.85987,12.948,0.048
3384.7423,13.175,0.059
3385.79064,13.023,0.051
3386.83043,13.024,0.072
3391.76317,13.141,0.048
3392.80756,13.089,0.055
3396.75876,13.079,0.071
3399.8189,13.177,0.047
3404.79417,13.359,0.043
3407.71786,13.534,0.04
3412.71377,13.399,0.046
3414.76751,13.382,0.038
3416.76187,13.132,0.038
3418.79901,13.309,0.079
3420.77843,13.128,0.04
3424.77096,13.022,0.046
3426.7513,13.14,0.042
3430.78176,13.169,0.038
3432.78394,13.053,0.042
3438.6785,13.159,0.042
3442.6472,13.336,0.046
3444.66819,13.398,0.082
3446.68323,13.246,0.046
3448.6908,13.428,0.053
3450.66562,13.27,0.068
3452.79152,13.409,0.061
3454.80336,13.313,0.067
3456.79798,13.525,0.065
3458.81656,13.196,0.062
3461.5772,13.839,0.045
3463.63884,13.427,0.04
3465.66134,13.451,0.075
3468.65103,13.381,0.039
3470.66617,13.356,0.042
3472.67053,13.299,0.039
3474.71806,13.489,0.042
3477.54942,13.422,0.043
3479.58582,13.345,0.044
3481.59073,13.455,0.041
3483.6235,13.428,0.043
3490.6069,13.759,0.052
3496.60517,13.687,0.037
3499.59409,13.508,0.046
3501.61205,13.609,0.041
3503.66014,13.652,0.041
3506.68281,13.647,0.053
3509.67714,13.996,0.043
3511.7096,13.435,0.052
3522.47375,13.477,0.048
3524.51629,13.387,0.042
3528.54154,13.523,0.081
3530.53829,13.295,0.04
3538.52251,13.104,0.051
3543.56296,12.822,0.046
3547.5497,12.895,0.042
3561.4947,13.04,0.059
3563.51481,13.019,0.039
3569.54516,13.347,0.039
3573.54458,13.097,0.042
3576.52957,13.152,0.044
3583.51365,13.291,0.053
3586.4934,13.293,0.047
3589.48079,13.178,0.053
3592.47666,13.14,0.048
3597.47914,13.195,0.057
3672.86965,11.996,0.048
3701.84123,12.994,0.047
3705.83824,13.075,0.076
3713.81494,12.754,0.075
3720.82854,12.588,0.054
3724.81887,12.607,0.079
3727.82185,12.716,0.058
3731.82865,12.823,0.05
3735.77911,12.952,0.051
3738.82854,12.934,0.049
3741.80793,12.889,0.053
3744.81203,12.93,0.047
3747.78946,13.038,0.042
3750.78953,12.988,0.044
3753.76654,13.087,0.075
3756.76748,12.825,0.059
3758.85072,13.09,0.048
3761.76455,13.169,0.065
3764.75223,13.075,0.075
3767.75424,12.926,0.054
3773.73263,12.836,0.048
3776.70345,12.611,0.053
3778.80027,12.606,0.041
3780.79151,12.433,0.057
3787.84437,12.647,0.052
3790.67461,12.58,0.051
3792.74503,12.549,0.052
3795.66772,12.76,0.047
3799.74853,12.982,0.047
3802.65073,13.023,0.058
3804.72727,13.028,0.046
3806.71216,12.843,0.041
3809.73005,12.976,0.054
3811.76289,12.946,0.041
3813.79924,12.783,0.048
3816.60651,12.779,0.055
3818.65819,12.747,0.042
3820.68763,12.73,0.047
3822.71939,12.717,0.046
3824.79371,12.652,0.041
3827.57894,12.533,0.044
3829.63874,12.703,0.045
3831.63535,12.561,0.041
3833.62448,12.645,0.049
3835.65224,12.609,0.046
3847.69022,12.887,0.052
3849.65364,12.753,0.047
3851.65318,12.731,0.059
3853.68931,12.819,0.046
3856.55365,13.024,0.051
3858.66017,12.97,0.065
3860.68103,12.997,0.044
3862.60716,13.085,0.051
3864.63147,13.102,0.05
3866.6462,13.115,0.044
3870.68466,13.405,0.049
3872.68281,13.053,0.055
3876.62719,13.109,0.05
3881.70049,13.089,0.06
3886.47889,12.922,0.039
3890.51788,12.953,0.043
3892.53336,12.909,0.041
3894.61444,12.911,0.036
3897.65295,12.796,0.043
3900.51738,12.899,0.044
3902.55524,13.108,0.048
3906.57886,13.126,0.041
3908.57873,13.023,0.063
4090.80124,12.995,0.067
4103.83667,13.011,0.048
4104.76781,13.036,0.05
4106.8164,13.007,0.049
4107.79531,13.031,0.039
4111.85304,13.111,0.076
4126.74256,13.091,0.041
4126.79586,13.174,0.052
4128.81201,13.242,0.073
4129.77732,13.174,0.049
4131.73568,13.139,0.046
4132.76845,12.976,0.053
4133.79361,13.075,0.052
4134.80569,12.985,0.046
4136.73334,12.952,0.047
4136.83593,13.104,0.046
4139.74953,12.934,0.042
4141.81035,13.126,0.048
4144.74482,12.998,0.063
4146.6961,13.112,0.057
4146.81199,13.149,0.056
4149.78606,12.999,0.041
4150.73988,13.031,0.047
4151.82372,12.898,0.042
4152.78402,12.954,0.042
4154.82269,12.951,0.056
4156.73236,12.855,0.052
4157.70579,12.767,0.055
4158.76659,12.786,0.054
4159.76617,12.909,0.041
4160.77363,12.833,0.037
4162.73651,12.853,0.065
4164.75453,12.845,0.064
4165.79088,12.601,0.049
4167.70822,12.702,0.045
4172.7683,12.609,0.044
4173.76925,12.592,0.048
4175.62735,12.548,0.044
4177.75784,12.774,0.04
4179.70929,12.824,0.045
4180.67346,12.78,0.045
4182.70008,12.674,0.049
4183.76014,12.769,0.052
4184.71878,12.86,0.046
4187.82863,13.168,0.043
4190.58742,12.763,0.041
4192.63593,12.979,0.04
4194.66693,12.983,0.056
4197.66017,12.949,0.053
4199.78189,12.94,0.048
4202.78884,12.932,0.072
4204.81478,13.049,0.059
4208.65511,12.75,0.05
4213.58334,12.664,0.043
4216.6243,12.788,0.049
4226.60065,12.9,0.051
4228.61936,12.968,0.045
4230.62215,13.009,0.041
4232.61968,12.836,0.045
4234.62485,12.99,0.052
4238.6708,12.805,0.054
4247.5781,13.075,0.044
4250.62111,12.744,0.041
4254.60146,12.52,0.048
4256.67307,13.024,0.042
4259.51462,12.648,0.043
4267.50841,12.632,0.043
4269.53863,12.591,0.04
4274.57007,12.712,0.042
4277.57641,12.727,0.046
4283.59942,12.982,0.046
4290.45763,12.993,0.042
4292.49497,12.883,0.041
4294.50365,12.8,0.038
4296.50028,12.861,0.038
4298.51239,12.916,0.049
4300.47438,12.944,0.041
4303.54298,13.01,0.041
4305.52997,13.009,0.043
4312.5059,13.095,0.046
4317.46723,12.959,0.04
4330.468,12.784,0.044
4410.84986,13.375,0.07
4428.84405,13.518,0.047
4432.82917,13.716,0.046
4438.83783,13.415,0.063
4440.80266,13.489,0.051
4442.82844,13.369,0.054
4455.79039,13.105,0.05
4455.82101,13.316,0.064
4458.81992,13.35,0.049
4462.77523,13.227,0.046
4462.84908,13.217,0.043
4465.83747,13.379,0.047
4468.82959,13.684,0.055
4469.80025,13.431,0.046
4472.82623,13.011,0.059
4473.83709,13.494,0.047
4476.80436,13.449,0.046
4486.73351,13.387,0.047
4487.7981,13.599,0.048
4490.79132,13.46,0.043
4492.74502,13.28,0.048
4493.77963,13.39,0.045
4494.80955,13.396,0.044
4498.75152,13.614,0.046
4501.73283,13.171,0.048
4506.78064,13.533,0.043
4508.83286,13.583,0.043
4511.70424,13.242,0.048
4511.73441,13.143,0.047
4515.7102,13.452,0.041
4517.7618,13.108,0.042
4518.71374,13.31,0.04
4519.77973,13.602,0.046
4521.86996,13.136,0.042
4524.66556,13.432,0.044
4526.73305,13.21,0.042
4528.80979,13.438,0.042
4531.65276,13.09,0.044
4535.64969,13.409,0.045
4537.69678,13.48,0.04
4539.69554,13.077,0.045
4541.69008,13.221,0.04
4543.69336,12.898,0.047
4545.71247,13.245,0.046
4547.74058,13.006,0.043
4552.62823,13.079,0.043
4554.65845,13.079,0.044
4558.72244,13.059,0.042
4560.70409,13.069,0.041
4562.60339,12.878,0.04
4562.7491,12.919,0.045
4564.82837,12.974,0.048
4569.60966,12.932,0.042
4571.61364,13.456,0.05
4573.64249,13.007,0.062
4575.67051,13.203,0.071
4578.79135,13.109,0.043
4580.74786,12.864,0.048
4585.55367,12.78,0.043
4586.60356,13.621,0.047
4589.66079,13.171,0.043
4591.68531,13.539,0.041
4593.72349,13.429,0.041
4597.64885,13.227,0.044
4601.65738,13.258,0.046
4603.68045,13.145,0.048
4607.68719,13.15,0.046
4610.54727,13.052,0.044
4616.5977,13.15,0.04
4618.61669,12.815,0.041
4622.60555,12.984,0.041
4626.63656,12.502,0.041
4630.62018,12.767,0.045
4632.63979,12.659,0.053
4639.51842,12.817,0.04
4639.5216,12.821,0.042
4641.56997,12.792,0.048
4641.57321,12.731,0.046
4643.57337,12.975,0.062
4645.58678,12.948,0.072
4647.59986,13.07,0.066
4650.53418,13.057,0.064
4650.53736,12.911,0.065
4652.55709,12.975,0.051
4654.53632,12.904,0.053
4654.53952,12.893,0.057
4656.54874,12.776,0.072
4656.55192,12.995,0.071
4659.56777,13.165,0.042
4659.5709,12.631,0.044
4662.58251,12.808,0.081
4663.4962,12.834,0.074
4664.58651,12.824,0.051
4666.51181,12.95,0.063
4667.53248,12.821,0.042
4670.50909,13.075,0.045
4671.52635,12.723,0.049
4674.48148,12.572,0.056
4677.54474,12.82,0.07
4681.47936,12.808,0.066
4683.50554,12.805,0.056
4687.49645,12.81,0.067
4694.47176,12.911,0.056
4694.48961,12.805,0.06
4755.8778,12.679,0.048
4760.87563,13.122,0.046
4770.85783,13.273,0.064
4771.86794,13.171,0.043
4776.858,13.22,0.042
4778.84933,13.268,0.043
4778.86425,13.218,0.065
4787.84189,13.157,0.042
4793.85602,12.905,0.051
4795.83319,12.894,0.043
4804.8521,12.641,0.046
4805.8488,12.375,0.046
4808.81878,12.403,0.054
4809.84123,12.558,0.043
4813.83514,12.424,0.047
4814.81384,12.432,0.073
4816.83637,12.514,0.042
4819.84521,12.683,0.049
4820.79492,12.528,0.047
4822.84474,12.73,0.055
4824.78274,12.754,0.048
4826.80594,12.844,0.046
4827.83628,12.989,0.044
4830.80213,13.059,0.055
4830.84154,13.197,0.051
4833.83135,13.026,0.043
4834.79243,12.99,0.055
4836.81846,13.002,0.042
4837.81951,13.021,0.044
4839.80201,12.978,0.049
4842.79094,12.967,0.065
4845.83638,12.923,0.05
4846.77801,12.848,0.051
4849.77349,12.742,0.052
4851.80661,12.643,0.051
4852.77439,12.802,0.041
4856.76772,12.698,0.045
4860.7703,12.965,0.042
4863.74788,12.584,0.045
4863.81181,12.733,0.045
4866.7364,12.736,0.038
4866.80666,12.725,0.048
4869.71947,12.567,0.043
4869.76168,12.797,0.05
4871.75805,12.847,0.043
4872.73943,12.723,0.043
4876.80709,12.976,0.057
4877.84874,13.035,0.046
4879.74432,13.027,0.052
4882.68738,13.331,0.041
4883.72158,13.268,0.041
4884.80333,13.173,0.039
4890.66563,13.132,0.053
4892.69994,13.246,0.049
4892.76179,13.386,0.071
4898.73472,13.3,0.048
4902.73771,13.015,0.054
4904.78979,13.012,0.078
4907.61664,13.264,0.047
4907.81062,13.248,0.053
4909.7027,13.16,0.055
4914.66671,12.845,0.052
4916.70778,13.005,0.044
4917.63053,12.829,0.049
4918.80398,12.925,0.052
4919.69827,12.857,0.077
4921.60443,12.771,0.044
4926.63324,12.868,0.05
4926.66631,13.103,0.056
4932.66293,13.268,0.047
4934.69113,13.418,0.048
4938.7568,13.317,0.069
4946.61224,13.712,0.048
4948.67062,13.513,0.059
4951.5452,13.584,0.05
4953.58022,13.542,0.048
4961.63987,13.586,0.048
4966.6168,13.553,0.053
4974.52927,13.554,0.053
4988.62896,13.072,0.053
4991.56176,13.246,0.046
5023.51244,13.827,0.051
5037.47349,13.355,0.052
5039.49365,13.402,0.058
5041.50632,13.525,0.047
5159.85403,13.115,0.059
5164.82821,12.866,0.053
5168.8412,12.784,0.052
