1870.85168,9.252,0.033
1871.84671,9.193,0.035
1872.86108,9.238,0.036
1874.85589,9.252,0.035
1876.84618,9.167,0.028
1877.83083,9.196,0.031
1878.83787,9.251,0.03
1880.83532,9.226,0.034
1884.84476,9.233,0.033
1885.79159,9.216,0.03
1887.80662,9.253,0.031
1888.82977,9.29,0.031
1899.85846,9.197,0.026
1902.81263,9.227,0.029
1902.82397,9.255,0.025
1904.79756,9.196,0.031
1906.80636,9.249,0.023
1908.77997,9.232,0.029
1908.80339,9.234,0.025
1913.80881,9.197,0.029
1915.7688,9.24,0.032
1915.79205,9.24,0.027
1918.75418,9.227,0.031
1919.86538,9.251,0.026
1921.76467,9.246,0.029
1924.79124,9.247,0.032
1924.87236,9.243,0.026
1925.78955,9.238,0.032
1925.81213,9.263,0.026
1926.80189,9.24,0.025
1928.80023,9.197,0.03
1929.78629,9.234,0.028
1930.77974,9.225,0.026
1931.80269,9.219,0.027
1931.82129,9.199,0.025
1932.79126,9.213,0.027
1932.8289,9.2,0.024
1933.84364,9.216,0.028
1933.8535,9.229,0.022
1935.66867,9.23,0.029
1935.82245,9.206,0.027
1937.72767,9.208,0.027
1937.7521,9.202,0.023
1938.79447,9.23,0.027
1939.72558,9.252,0.023
1940.73686,9.231,0.027
1940.81475,9.22,0.024
1945.79264,9.212,0.026
1945.79763,9.189,0.023
1947.71207,9.225,0.031
1947.73229,9.235,0.028
1948.74825,9.245,0.032
1949.78223,9.238,0.03
1949.80078,9.23,0.029
1950.72,9.21,0.031
1950.72703,9.189,0.03
1953.72904,9.239,0.028
1953.73162,9.227,0.025
1954.73596,9.238,0.028
1955.73564,9.202,0.027
1958.71268,9.239,0.026
1961.69752,9.203,0.025
1961.70943,9.225,0.023
1962.72948,9.249,0.03
1963.70864,9.222,0.03
1963.72029,9.221,0.027
1964.70749,9.207,0.028
1964.7101,9.216,0.023
1965.70061,9.21,0.025
1966.70299,9.238,0.029
1967.69527,9.243,0.028
1968.69496,9.228,0.03
1968.69761,9.223,0.026
1971.70917,9.241,0.049
1977.66479,9.233,0.04
1977.67648,9.242,0.037
1978.70225,9.17,0.051
1980.67233,9.222,0.047
1981.68723,9.248,0.038
1981.69442,9.239,0.038
1982.66612,9.207,0.037
1982.67556,9.233,0.031
1984.65788,9.219,0.039
1984.66508,9.209,0.036
1985.657,9.239,0.036
1993.65951,9.2,0.047
1993.66456,9.195,0.039
1994.64175,9.224,0.035
1995.6347,9.269,0.047
1995.63739,9.25,0.043
1996.63328,9.235,0.048
1996.63837,9.221,0.044
1997.63662,9.2,0.042
1998.63385,9.254,0.048
2000.63082,9.264,0.046
2009.61095,9.209,0.056
2011.59962,9.203,0.055
2014.59487,9.248,0.05
2016.58685,9.168,0.05
2025.54073,9.205,0.03
2025.55015,9.217,0.026
2026.57062,9.184,0.036
2026.57786,9.206,0.03
2027.56477,9.24,0.032
2027.56965,9.241,0.027
2030.54478,9.208,0.038
2030.54742,9.205,0.03
2031.55665,9.212,0.034
2031.55928,9.225,0.029
2032.55582,9.235,0.034
2032.55844,9.243,0.029
2033.54948,9.248,0.033
2033.55669,9.238,0.03
2034.55005,9.192,0.032
2038.57765,9.244,0.033
2052.49342,9.213,0.037
2052.49598,9.221,0.03
2055.53308,9.228,0.035
2056.49362,9.227,0.034
2057.48006,9.217,0.03
2058.48351,9.199,0.035
2059.48378,9.221,0.03
2064.46636,9.237,0.04
2067.46421,9.202,0.03
2068.4594,9.225,0.037
2069.50841,9.256,0.03
2070.47582,9.227,0.032
2080.47031,9.209,0.031
2082.49713,9.216,0.029
2082.50164,9.209,0.03
2086.45281,9.198,0.027
2086.45736,9.194,0.033
2088.49578,9.228,0.029
2088.50033,9.239,0.035
2094.4905,9.249,0.034
2096.5186,9.204,0.03
2104.47903,9.188,0.032
2117.47104,9.218,0.034
2215.86091,9.239,0.039
2222.84528,9.197,0.039
2226.843,9.19,0.056
2227.85207,9.202,0.037
2228.85691,9.213,0.042
2229.86157,9.236,0.056
2230.8465,9.218,0.038
2233.83315,9.23,0.037
2233.8467,9.236,0.037
2235.83966,9.193,0.037
2235.85507,9.212,0.042
2237.83953,9.192,0.037
2237.8527,9.212,0.042
2240.82206,9.203,0.038
2240.8353,9.218,0.04
2242.82832,9.225,0.043
2242.84155,9.215,0.041
2244.83565,9.209,0.049
2248.81363,9.248,0.04
2250.82222,9.186,0.049
2254.86474,9.206,0.055
2256.8237,9.231,0.045
2441.49797,9.205,0.027
2443.50905,9.154,0.024
2444.45991,9.236,0.023
2445.51559,9.203,0.027
2453.48442,9.232,0.024
2453.48896,9.233,0.027
2465.47102,9.227,0.024
2465.47567,9.229,0.026
2468.47902,9.211,0.022
2469.45374,9.208,0.028
2577.86747,9.197,0.033
2622.8229,9.232,0.025
2625.82446,9.216,0.023
2628.80948,9.211,0.028
2628.81117,9.203,0.028
2634.85438,9.238,0.035
2635.77697,9.228,0.028
2636.80141,9.246,0.024
2637.83309,9.211,0.029
2639.81601,9.254,0.021
2641.79797,9.217,0.027
2642.83626,9.199,0.022
2645.81037,9.242,0.024
2646.82737,9.213,0.027
2650.76226,9.236,0.025
2651.80865,9.216,0.022
2652.78333,9.21,0.026
2655.7928,9.214,0.028
2657.78894,9.216,0.026
2657.79049,9.217,0.028
2658.78392,9.247,0.028
2659.79757,9.245,0.029
2660.79306,9.175,0.037
2660.79941,9.203,0.044
2661.82169,9.22,0.035
2662.79263,9.232,0.026
2663.80333,9.247,0.029
2664.80025,9.218,0.025
2665.8113,9.2,0.023
2666.80142,9.218,0.027
2667.79634,9.252,0.028
2670.76605,9.207,0.024
2671.78948,9.29,0.026
2672.81713,9.253,0.025
2673.80022,9.213,0.025
2674.79062,9.208,0.026
2675.76361,9.212,0.025
2677.74933,9.247,0.026
2678.75903,9.203,0.025
2679.72555,9.2,0.027
2680.75685,9.204,0.024
2684.7084,9.195,0.025
2685.73818,9.23,0.028
2686.73947,9.223,0.036
2688.73934,9.187,0.043
2689.7629,9.201,0.029
2690.78807,9.244,0.03
2691.75591,9.235,0.031
2693.70602,9.189,0.022
2693.78273,9.21,0.026
2694.88201,9.245,0.03
2695.76121,9.246,0.031
2698.67596,9.195,0.026
2699.73768,9.232,0.023
2700.72712,9.249,0.025
2701.74299,9.224,0.024
2703.73891,9.224,0.026
2704.72008,9.223,0.025
2705.7337,9.241,0.026
2706.69424,9.218,0.025
2710.66326,9.255,0.025
2711.66659,9.222,0.022
2712.64906,9.199,0.026
2712.80283,9.209,0.026
2714.64347,9.236,0.025
2714.66657,9.229,0.024
2715.78577,9.222,0.032
2717.71071,9.204,0.027
2719.62325,9.26,0.027
2719.76042,9.236,0.028
2719.86688,9.193,0.034
2720.75111,9.205,0.027
2721.70698,9.2,0.025
2722.83358,9.227,0.028
2724.69578,9.241,0.027
2724.72126,9.238,0.032
2726.68294,9.214,0.021
2727.67437,9.224,0.028
2727.8232,9.448,0.028
2730.6907,9.192,0.025
2732.79916,9.24,0.03
2733.84636,9.228,0.024
2734.64447,9.224,0.025
2736.62739,9.217,0.025
2738.61817,9.242,0.03
2738.63934,9.259,0.026
2739.81275,9.198,0.027
2740.6424,9.204,0.021
2741.67755,9.242,0.026
2743.63693,9.233,0.029
2745.63856,9.218,0.039
2747.78993,9.232,0.051
2750.6632,9.21,0.026
2751.57936,9.241,0.026
2751.75246,9.259,0.026
2754.58779,9.188,0.025
2754.64232,9.195,0.022
2756.58722,9.262,0.03
2756.64174,9.258,0.023
2758.74079,9.204,0.022
2760.59616,9.226,0.024
2760.61049,9.233,0.021
2762.58947,9.212,0.031
2762.60411,9.234,0.037
2764.57396,9.21,0.024
2769.73056,9.253,0.038
2770.596,9.25,0.028
2776.55359,9.265,0.025
2782.61656,9.219,0.026
2783.56976,9.223,0.023
2784.58254,9.255,0.03
2786.57785,9.204,0.028
2789.57374,9.224,0.035
2790.56991,9.26,0.046
2791.61258,9.193,0.032
2793.46488,9.238,0.056
2793.49247,9.225,0.024
2794.54454,9.219,0.029
2796.48892,9.151,0.031
2797.52311,9.226,0.041
2804.52993,9.195,0.033
2808.6223,9.212,0.028
2810.53557,9.21,0.025
2812.53357,9.25,0.027
2821.54455,9.229,0.028
2826.51266,9.247,0.025
2832.48025,9.221,0.028
2834.48598,9.218,0.03
2836.48826,9.231,0.027
2839.48735,9.22,0.029
2842.49672,9.163,0.056
2843.46878,9.214,0.03
2845.49296,9.254,0.025
2853.46672,9.255,0.03
2859.47066,9.229,0.027
2862.46463,9.209,0.037
2868.46629,9.247,0.031
2944.86252,9.233,0.045
2949.86175,9.208,0.031
2957.8492,9.233,0.034
2965.84114,9.225,0.034
2965.85053,9.196,0.031
2971.83375,9.261,0.03
2974.84166,9.218,0.028
2975.81453,9.194,0.037
2976.84588,9.264,0.048
2977.8347,9.297,0.056
2980.84273,9.228,0.026
2981.82632,9.25,0.037
2984.82215,9.22,0.032
2985.81195,9.226,0.03
2988.82118,9.208,0.03
2988.83458,9.262,0.043
2991.84937,9.227,0.029
2992.81445,9.209,0.034
2995.80196,9.23,0.034
2995.84158,9.231,0.026
3000.83883,9.226,0.027
3000.8447,9.238,0.033
3003.82607,9.224,0.029
3005.84408,9.224,0.026
3011.81375,9.2,0.038
3013.82869,9.249,0.047
3015.81888,9.204,0.031
3018.79873,9.241,0.034
3019.78421,9.217,0.026
3024.84949,9.218,0.034
3025.76516,9.219,0.027
3028.86162,9.222,0.026
3029.84788,9.213,0.028
3031.7709,9.235,0.031
3034.75655,9.186,0.031
3037.84952,9.236,0.028
3041.75202,9.241,0.033
3042.75852,9.232,0.035
3043.79233,9.204,0.034
3046.70946,9.248,0.03
3046.72698,9.252,0.032
3048.75507,9.188,0.041
3049.72351,9.208,0.027
3049.73148,9.203,0.04
3049.75413,9.199,0.027
3052.71448,9.244,0.035
3052.74134,9.211,0.024
3054.76733,9.222,0.028
3057.70191,9.223,0.028
3057.71148,9.205,0.025
3059.76377,9.235,0.027
3061.79681,9.199,0.029
3064.68493,9.219,0.037
3067.72624,9.185,0.026
3069.73228,9.239,0.032
3071.74835,9.194,0.033
3073.73939,9.256,0.03
3073.79256,9.254,0.032
3075.75108,9.219,0.03
3076.64659,9.206,0.041
3078.68595,9.236,0.029
3079.86405,9.203,0.03
3080.69968,9.216,0.033
3082.64952,9.217,0.026
3082.73155,9.226,0.029
3086.69221,9.178,0.039
3086.7211,9.184,0.041
3088.69546,9.25,0.036
3088.73121,9.24,0.036
3090.69533,9.181,0.033
3090.767,9.208,0.043
3092.72258,9.226,0.029
3096.70395,9.235,0.028
3098.70157,9.236,0.032
3100.6638,9.201,0.033
3100.72583,9.213,0.034
3102.73283,9.215,0.032
3104.75141,9.219,0.03
3106.67635,9.244,0.027
3106.75148,9.261,0.029
3108.75118,9.197,0.028
3111.54965,9.241,0.055
3113.5985,9.205,0.024
3115.61234,9.223,0.026
3116.74481,9.22,0.025
3122.58291,9.195,0.028
3124.53662,9.314,0.034
3124.60678,9.231,0.028
3126.62403,9.227,0.031
3127.73417,9.211,0.052
3132.52499,9.2,0.026
3134.54965,9.281,0.036
3142.57517,9.231,0.034
3145.60223,9.201,0.027
3145.65615,9.184,0.033
3153.5617,9.239,0.031
3158.65603,9.211,0.035
3163.63972,9.21,0.026
3163.65679,9.209,0.029
3165.63362,9.235,0.026
3167.48704,9.247,0.027
3169.53077,9.204,0.027
3176.57392,9.215,0.027
3179.5157,9.197,0.025
3182.58837,9.233,0.051
3184.56828,9.218,0.03
3187.51509,9.211,0.032
3190.54719,9.247,0.031
3356.82113,9.239,0.032
3382.86269,9.235,0.04
3386.81565,9.242,0.05
3389.79892,9.204,0.029
3392.78839,9.272,0.04
3395.81645,9.222,0.041
3398.77901,9.154,0.051
3404.85924,9.236,0.031
3407.75968,9.205,0.035
3409.80975,9.249,0.041
3412.73899,9.188,0.035
3414.80084,9.226,0.03
3417.72531,9.219,0.037
3419.79376,9.256,0.027
3421.77448,9.235,0.054
3425.7639,9.228,0.042
3430.75269,9.225,0.032
3432.753,9.143,0.057
3434.75372,9.242,0.042
3438.70981,9.278,0.027
3442.68168,9.237,0.025
3444.69903,9.214,0.041
3446.70977,9.223,0.03
3448.70557,9.231,0.057
3450.69267,9.292,0.039
3453.6387,9.266,0.043
3456.68708,9.265,0.047
3458.67877,9.236,0.029
3460.67719,9.232,0.029
3462.68333,9.239,0.037
3464.72115,9.221,0.032
3466.76947,9.259,0.031
3469.73191,9.237,0.029
3471.73226,9.25,0.027
3474.58027,9.179,0.06
3476.64971,9.238,0.037
3478.63897,9.194,0.031
3480.63495,9.268,0.036
3483.61603,9.209,0.04
3490.60244,9.242,0.042
3492.60167,9.248,0.042
3496.62911,9.201,0.025
3499.63539,9.251,0.036
3501.64299,9.196,0.03
3503.68371,9.236,0.029
3506.70029,9.219,0.047
3511.55913,9.193,0.027
3517.56534,9.254,0.03
3520.65991,9.248,0.035
3522.66481,9.238,0.036
3525.53991,9.208,0.025
3538.61916,9.202,0.029
3542.53567,9.221,0.035
3544.58922,9.249,0.038
3556.53843,9.215,0.04
3559.55329,9.239,0.039
3562.46747,9.232,0.04
3573.52858,9.258,0.032
3576.52533,9.197,0.031
3585.49708,9.179,0.04
3588.49338,9.209,0.057
3593.47209,9.242,0.03
3704.84681,9.249,0.028
3708.8474,9.208,0.03
3714.82467,9.254,0.033
3718.84286,9.228,0.038
3722.83324,9.223,0.035
3726.817,9.195,0.035
3730.85323,9.192,0.049
3734.82253,9.199,0.045
3742.79984,9.263,0.031
3746.80054,9.217,0.046
3749.84241,9.23,0.04
3752.81375,9.252,0.035
3756.863,9.208,0.044
3759.79892,9.376,0.036
3762.78293,9.207,0.044
3765.77422,9.246,0.038
3768.76482,9.217,0.036
3771.75737,9.206,0.041
3774.76172,9.21,0.042
3776.79995,9.209,0.046
3779.72691,9.309,0.062
3788.76193,9.224,0.039
3791.71043,9.228,0.043
3793.75302,9.27,0.042
3795.80456,9.198,0.029
3798.68761,9.234,0.037
3800.73893,9.148,0.054
3803.67617,9.252,0.051
3805.71307,9.235,0.041
3811.71928,9.259,0.042
3813.73897,9.181,0.047
3817.87426,9.2,0.036
3820.62906,9.199,0.043
3822.68323,9.205,0.039
3824.74338,9.261,0.033
3826.79391,9.245,0.04
3829.60678,9.231,0.039
3831.64879,9.249,0.04
3833.65353,9.218,0.039
3848.69133,9.218,0.055
3850.70648,9.202,0.031
3852.71556,9.246,0.029
3859.67804,9.219,0.03
3861.65132,9.221,0.027
3866.56524,9.204,0.04
3868.58768,9.209,0.045
3870.58595,9.22,0.028
3872.59664,9.235,0.034
3875.67346,9.218,0.028
3881.61125,9.245,0.027
3883.65591,9.208,0.028
3887.61203,9.218,0.032
3889.60827,9.218,0.026
3893.49151,9.206,0.037
3896.62936,9.218,0.035
3899.51793,9.206,0.055
3901.54671,9.233,0.028
3903.57613,9.23,0.027
3905.56958,9.256,0.031
3907.56352,9.201,0.029
4089.83626,9.245,0.042
4104.79595,9.199,0.041
4107.8253,9.249,0.026
4125.79091,9.236,0.03
4128.78043,9.22,0.025
4131.77143,9.214,0.028
4134.75892,9.248,0.032
4139.81396,9.25,0.033
4142.73661,9.203,0.033
4144.80042,9.227,0.03
4150.82391,9.182,0.036
4158.70351,9.267,0.029
4162.74489,9.253,0.047
4166.80767,9.257,0.058
4173.85954,9.203,0.049
4176.66184,9.228,0.027
4179.70161,9.178,0.032
4181.71295,9.248,0.04
4183.75237,9.185,0.038
4185.74001,9.253,0.035
4189.63684,9.234,0.026
4193.67304,9.209,0.054
4198.73459,9.171,0.058
4204.6802,9.264,0.035
4207.697,9.238,0.036
4213.74859,9.233,0.035
4216.73805,9.245,0.038
4227.66339,9.238,0.026
4229.666,9.212,0.025
4231.67853,9.237,0.034
4233.67469,9.196,0.024
4235.67514,9.246,0.057
4253.66094,9.198,0.031
4256.56087,9.208,0.035
4258.5793,9.227,0.029
4268.54825,9.229,0.041
4278.57835,9.259,0.025
4282.59402,9.282,0.049
4285.48348,9.169,0.039
4289.50493,9.241,0.039
4291.52936,9.239,0.05
4293.52528,9.238,0.024
4295.52628,9.18,0.027
4297.52589,9.242,0.035
4303.53191,9.202,0.054
4305.5204,9.231,0.043
4308.51186,9.191,0.042
4312.50153,9.169,0.045
4317.4755,9.213,0.024
4431.84766,9.201,0.032
4435.8386,9.204,0.03
4440.83,9.216,0.031
4448.83494,9.242,0.026
4452.83398,9.288,0.039
4456.8224,9.219,0.034
4460.81496,9.217,0.036
4467.79906,9.216,0.044
4470.82547,9.255,0.043
4476.83174,9.179,0.061
4479.82433,9.186,0.042
4482.82336,9.196,0.037
4486.76433,9.253,0.059
4489.78487,9.231,0.035
4494.83876,9.205,0.029
4498.79387,9.235,0.029
4501.76714,9.219,0.035
4504.74441,9.241,0.025
4507.73531,9.23,0.038
4510.73231,9.204,0.035
4516.74865,9.236,0.05
4521.77194,9.212,0.028
4523.81368,9.211,0.026
4526.69415,9.227,0.033
4528.75072,9.198,0.031
4531.68485,9.222,0.03
4535.69054,9.229,0.032
4537.72345,9.201,0.033
4539.72313,9.26,0.047
4541.71848,9.226,0.029
4543.73096,9.188,0.04
4548.69967,9.209,0.038
4550.86336,9.207,0.045
4553.62959,9.182,0.03
4555.66907,9.21,0.029
4557.71085,9.431,0.034
4559.7334,9.248,0.028
4561.78108,9.179,0.03
4564.59918,9.254,0.035
4566.63803,9.205,0.037
4568.66003,9.243,0.033
4570.64022,9.211,0.027
4572.61637,9.226,0.031
4576.6138,9.21,0.048
4579.76812,9.218,0.042
4582.70438,9.233,0.031
4585.75217,9.268,0.031
4588.5885,9.205,0.03
4590.60711,9.226,0.035
4592.62746,9.248,0.034
4594.64774,9.232,0.028
4596.65136,9.247,0.03
4603.54921,9.198,0.041
4607.58999,9.222,0.03
4609.64352,9.251,0.031
4611.6412,9.204,0.029
4623.57224,9.216,0.032
4630.49701,9.238,0.03
4632.56311,9.217,0.03
4640.58088,9.19,0.036
4642.57216,9.239,0.031
4644.58641,9.204,0.032
4646.58132,9.237,0.048
4649.53608,9.166,0.042
4651.58258,9.237,0.047
4653.57876,9.259,0.029
4659.5407,9.189,0.034
4662.55842,9.805,0.04
4666.48634,9.241,0.03
4670.48854,9.231,0.035
4672.52633,9.202,0.029
4677.48831,9.204,0.031
4681.46843,9.28,0.04
4685.47612,9.239,0.038
4691.47554,9.209,0.036
4795.84813,9.204,0.031
4800.84373,9.221,0.041
4806.83809,9.251,0.028
4810.83941,9.175,0.046
4814.84026,9.188,0.033
4822.81752,9.248,0.036
4826.8131,9.231,0.032
4830.81299,9.264,0.029
4834.80435,9.183,0.034
4837.84603,9.198,0.031
4845.83511,9.251,0.032
4849.78433,9.245,0.035
4852.8033,9.21,0.034
4856.80847,9.193,0.036
4860.81261,9.173,0.041
4863.79004,9.243,0.036
4866.78095,9.226,0.03
4869.76076,9.202,0.03
4871.80317,9.274,0.041
4876.79635,9.241,0.039
4879.75256,9.19,0.029
4884.8222,9.267,0.038
4887.75121,9.234,0.06
4892.77646,9.21,0.042
4903.83594,9.158,0.062
4906.65874,9.243,0.049
4908.74326,9.221,0.048
4918.62699,9.247,0.043
4920.81301,9.246,0.056
4926.77242,9.217,0.049
4935.70855,9.207,0.062
4937.77415,9.242,0.049
4945.63326,9.23,0.043
4947.68627,9.244,0.049
4949.70585,9.165,0.054
4952.61546,9.212,0.06
4954.59198,9.247,0.06
4960.64597,9.252,0.055
4966.56843,9.227,0.05
4968.61598,9.201,0.047
4974.51984,9.201,0.06
4985.57472,9.234,0.047
4994.57327,9.209,0.054
5013.49782,9.245,0.049
5015.56111,9.253,0.06
5021.55424,9.243,0.046
5023.55747,9.213,0.043
5040.47769,9.241,0.051
5042.50841,9.196,0.054
