1871.86101,10.622,0.029
1874.85879,11.436,0.029
1877.84986,11.386,0.026
1879.85731,11.48,0.035
1885.83394,11.224,0.025
1900.79516,11.058,0.024
1955.7478,10.48,0.043
2080.48971,10.848,0.027
2083.4796,10.517,0.032
2094.51468,11.345,0.026
2228.8597,10.657,0.045
2230.86112,11.022,0.04
2233.85712,10.611,0.038
2239.85525,11.363,0.039
2240.85495,11,0.04
2241.85167,11.461,0.038
2243.84795,10.515,0.042
2248.83806,10.411,0.038
2254.82155,11.374,0.036
2256.83629,11.327,0.04
2264.83787,11.28,0.047
2266.8394,11.276,0.046
2288.77797,11.335,0.051
2453.51062,11.381,0.041
2464.45379,10.943,0.032
2467.46377,10.489,0.026
2627.84167,10.648,0.024
2637.82716,10.481,0.022
2641.81978,11.22,0.022
2644.85048,10.981,0.024
2649.80595,10.822,0.051
2652.78908,11.072,0.025
2655.82913,11.426,0.029
2658.8036,11.324,0.025
2663.85423,11.343,0.025
2670.79014,11.401,0.022
2672.81135,11.421,0.023
2674.81018,10.608,0.025
2676.7849,10.954,0.024
2678.76677,11.236,0.022
2679.7317,10.841,0.025
2680.77145,11.33,0.023
2684.73088,11.135,0.023
2686.74716,10.77,0.025
2690.78216,11.36,0.024
2692.8344,11.498,0.028
2694.74067,11.363,0.024
2696.75768,10.72,0.026
2698.79365,11.163,0.021
2700.74012,11.284,0.022
2704.72345,11.49,0.027
2706.71132,10.416,0.022
2710.68947,11.189,0.023
2714.67169,11.353,0.023
2720.77191,11.301,0.028
2725.68607,11.069,0.023
2727.67975,11.296,0.021
2731.79165,10.561,0.023
2733.80475,11.012,0.022
2735.69934,11.075,0.023
2736.78,10.438,0.024
2738.63497,10.394,0.024
2740.63348,10.825,0.023
2750.62063,10.722,0.025
2751.73518,11.362,0.048
2754.63509,11.327,0.021
2756.63448,11.354,0.022
2759.54113,11.15,0.032
2760.71121,10.952,0.026
2762.67876,11.197,0.047
2764.65478,11.326,0.022
2766.68257,11.437,0.023
2775.60257,10.403,0.054
2782.61851,10.897,0.022
2784.58444,11.132,0.022
2786.57972,11.322,0.023
2790.48833,11.422,0.027
2792.52419,10.429,0.025
2804.53144,10.891,0.032
2809.53119,10.836,0.022
2811.52952,11.165,0.023
2821.5458,11.16,0.024
2831.47768,10.938,0.025
2835.48203,11.324,0.023
2838.47585,11.227,0.021
2841.48941,10.879,0.024
2974.85456,10.731,0.025
2978.84672,11.313,0.023
2986.83832,11.015,0.024
2992.83046,11.444,0.03
2996.83182,10.894,0.024
3005.83221,11.361,0.022
3008.84833,11.198,0.025
3011.72242,10.406,0.04
3011.77572,10.621,0.029
3011.8022,10.709,0.03
3011.82788,10.741,0.05
3011.85396,10.919,0.029
3012.82405,11.45,0.049
3019.79548,11.514,0.026
3024.85837,10.519,0.026
3028.8654,11.167,0.022
3031.79951,10.515,0.022
3034.78932,11.477,0.023
3041.81026,10.471,0.03
3050.75029,11.082,0.027
3053.74185,10.626,0.025
3055.80921,11.173,0.028
3060.76201,11.043,0.026
3066.71066,11.407,0.028
3068.73298,10.426,0.026
3073.73494,10.387,0.026
3075.74659,10.906,0.025
3077.79615,11.31,0.024
3080.65869,10.506,0.035
3082.70092,11.084,0.032
3086.69524,11.376,0.031
3088.69844,11.469,0.034
3090.70107,10.668,0.033
3092.69499,11.019,0.022
3096.65883,11.32,0.024
3102.66085,10.837,0.028
3104.67472,11.252,0.023
3106.66905,11.348,0.024
3110.67713,10.415,0.047
3112.68041,10.856,0.022
3114.7347,11.256,0.023
3116.74218,11.391,0.022
3121.60971,11.263,0.023
3128.57863,11.317,0.037
3132.59108,10.482,0.022
3134.60231,10.858,0.024
3142.62343,10.399,0.026
3145.63219,11.487,0.026
3158.6365,11.321,0.026
3162.50296,11.367,0.025
3164.52207,10.686,0.024
3169.57758,10.419,0.023
3176.57805,10.887,0.022
3183.54126,11.104,0.024
3185.55242,11.293,0.027
3189.48829,11.5,0.027
3355.8564,11.24,0.027
3386.83861,11.395,0.043
3389.83058,11.365,0.039
3392.82764,11.266,0.042
3395.82343,10.966,0.03
3404.82346,11.324,0.031
3407.77223,11.09,0.031
3409.83194,11.456,0.032
3412.76881,11.026,0.044
3414.80745,11.327,0.026
3417.74449,10.964,0.026
3419.80666,11.385,0.033
3421.77037,11.325,0.038
3430.74856,10.412,0.023
3432.74527,10.834,0.031
3438.70524,11.343,0.024
3442.68746,10.954,0.023
3448.70026,11.403,0.039
3448.70302,11.365,0.033
3450.69056,11.536,0.028
3458.67132,11.357,0.026
3460.67232,11.414,0.028
3462.67852,10.43,0.033
3464.71102,10.958,0.027
3466.75502,11.344,0.03
3469.70412,10.891,0.029
3471.70716,11.194,0.029
3473.72356,11.395,0.025
3478.61423,11.261,0.041
3483.61004,11.2,0.033
3487.63118,11.494,0.049
3490.64461,11.382,0.033
3496.64507,10.939,0.025
3499.64816,10.424,0.025
3501.65972,10.934,0.032
3504.52103,11.518,0.029
3511.53156,10.43,0.027
3517.54213,11.311,0.036
3520.64259,11.282,0.035
3523.50647,10.685,0.032
3525.55513,11.18,0.026
3538.55485,10.726,0.025
3542.51337,11.277,0.044
3544.56958,11.374,0.035
3556.51809,11.536,0.025
3559.53834,11.409,0.036
3565.4915,10.754,0.033
3570.49455,10.732,0.029
3574.49638,11.33,0.027
3586.46226,11.423,0.031
3706.85517,11.528,0.029
3715.85081,10.874,0.028
3720.8389,10.804,0.03
3724.85562,11.336,0.026
3732.85184,11.126,0.028
3736.83083,11.363,0.026
3740.81458,10.56,0.028
3744.81689,11.28,0.029
3748.79555,11.418,0.03
3751.82715,11.419,0.035
3756.85805,11.416,0.033
3759.80817,11.163,0.037
3762.8025,10.78,0.048
3765.79281,10.927,0.045
3768.78167,11.316,0.035
3772.7428,10.485,0.029
3775.76738,11.486,0.031
3778.74836,11.373,0.031
3787.80362,10.62,0.039
3790.72699,11.366,0.028
3792.78528,10.458,0.043
3795.71452,11.353,0.028
3797.73743,10.874,0.032
3799.81501,11.017,0.03
3802.69265,11.545,0.033
3804.75127,10.718,0.034
3811.71387,11.043,0.03
3813.73418,11.291,0.041
3815.78222,11.705,0.034
3817.82066,10.393,0.034
3820.64465,11.383,0.045
3822.69379,11.447,0.039
3824.7539,10.603,0.032
3827.62137,11.426,0.032
3829.65764,11.356,0.039
3831.65233,10.558,0.037
3833.63746,10.994,0.032
3848.59655,10.778,0.038
3850.62771,11.17,0.029
3852.62955,11.354,0.029
3854.63384,11.425,0.031
3856.69904,10.665,0.035
3866.56224,11.477,0.037
3868.58377,10.518,0.038
3870.5829,10.968,0.026
3872.59356,11.309,0.035
3875.67031,11.124,0.037
3881.60801,11.498,0.029
3886.51461,11.355,0.024
3893.48478,11.51,0.031
3897.48348,10.857,0.03
3899.54643,11.355,0.04
3901.56752,11.355,0.025
3903.58807,10.849,0.029
3905.59098,10.752,0.029
3907.58624,11.136,0.035
4091.83193,11.326,0.032
4105.84493,11.534,0.028
4127.79562,11.356,0.026
4133.77897,11.254,0.032
4140.82548,11.354,0.029
4143.74785,11.167,0.028
4145.83511,11.329,0.032
4149.75353,10.603,0.032
4151.79745,10.927,0.03
4154.71692,11.488,0.03
4156.76292,10.791,0.03
4160.81584,11.361,0.025
4166.79825,10.799,0.029
4174.63964,11.382,0.026
4176.69809,10.413,0.033
4179.69085,11.378,0.037
4181.70061,10.719,0.033
4183.74463,10.95,0.037
4193.66764,10.567,0.028
4198.72162,10.802,0.045
4207.69944,11.267,0.032
4231.50642,11.624,0.028
4233.54438,11.366,0.043
4235.54899,10.819,0.03
4237.57595,10.811,0.035
4253.53503,11.37,0.029
4259.61988,11.193,0.04
4267.55223,10.483,0.042
4269.57606,11.019,0.03
4278.5502,11.35,0.025
4282.55174,10.417,0.039
4289.48502,10.398,0.03
4291.51175,11.087,0.035
4295.51435,11.364,0.026
4297.51391,11.5,0.029
4304.4782,10.461,0.026
4441.85507,11.082,0.029
4454.84174,10.549,0.034
4458.83396,11.247,0.029
4471.8303,10.847,0.031
4484.83415,10.78,0.027
4487.8046,11.372,0.027
4493.84343,11.178,0.03
4497.7976,11.378,0.026
4503.77082,10.879,0.034
4508.82276,11.012,0.035
4511.75434,10.96,0.033
4515.7462,11.108,0.034
4521.77024,11.101,0.032
4523.81193,10.852,0.03
4526.69741,11.471,0.03
4528.75473,10.587,0.036
4531.68812,11.407,0.025
4535.69375,10.766,0.031
4537.72661,11.243,0.028
4539.72623,11.414,0.037
4541.72238,11.596,0.028
4548.69442,11.304,0.032
4550.81607,11.053,0.038
4553.63932,11.447,0.03
4555.67452,10.518,0.027
4557.72409,11.156,0.029
4559.73875,11.271,0.031
4561.78737,11.442,0.035
4564.60676,11.07,0.026
4566.64349,11.349,0.032
4568.66548,11.349,0.036
4570.64548,10.673,0.027
4575.61623,11.498,0.033
4579.61829,11.051,0.03
4582.61834,10.549,0.029
4585.63293,11.439,0.027
4587.67742,10.891,0.034
4589.72195,11.237,0.033
4592.54036,11.266,0.033
4594.59139,10.878,0.028
4596.59342,11.147,0.031
4603.54535,11.3,0.043
4607.54424,11.447,0.038
4609.59256,10.759,0.036
4611.62277,11.202,0.03
4616.57092,11.058,0.032
4618.59282,11.348,0.029
4622.58563,11.466,0.034
4630.48843,11.266,0.032
4632.55285,11.838,0.031
4639.56278,10.38,0.028
4642.51999,11.702,0.034
4644.52968,11.204,0.03
4646.52994,10.627,0.039
4649.50906,11.471,0.039
4652.49668,11.346,0.03
4659.50126,11.583,0.028
4662.50286,11.338,0.038
4666.47113,10.725,0.027
4670.47379,11.113,0.036
4674.4709,11.364,0.028
4801.85336,10.667,0.028
4815.84768,11.278,0.031
4822.8296,11.355,0.031
4826.83523,10.399,0.029
4830.82817,11.175,0.034
4834.82281,11.388,0.027
4838.8177,10.697,0.031
4842.81454,11.267,0.028
4848.87451,10.829,0.031
4851.81911,11.504,0.032
4855.8115,10.989,0.027
4860.80609,10.92,0.029
4863.7946,10.403,0.028
4866.78962,11.422,0.028
4869.78859,11.317,0.027
4871.79535,11.439,0.034
4875.81875,10.901,0.03
4881.72938,11.378,0.026
4884.72054,11.215,0.03
4892.81537,11.123,0.035
4898.76619,11.516,0.039
4903.75185,11.457,0.042
4905.8103,10.576,0.044
4908.65995,11.402,0.038
4914.69917,11.11,0.038
4916.74325,11.325,0.046
4919.63435,10.749,0.037
4921.78514,11.324,0.046
4926.65122,11.109,0.04
4937.68201,10.557,0.045
4939.72739,10.936,0.046
4947.65901,11.61,0.04
4949.68602,10.768,0.047
4952.60327,11.534,0.045
4962.58115,11.391,0.037
4964.62199,10.426,0.049
4967.61329,11.385,0.048
4975.64527,11.352,0.039
4985.50119,11.114,0.043
5012.47856,11.202,0.048
5014.54882,11.341,0.043
5021.52166,11.487,0.04
5023.52402,10.445,0.048
5032.47504,11.097,0.047
5040.46629,10.551,0.041
