1869.84909,10.798,0.027
1870.84908,10.647,0.027
1871.84671,10.488,0.027
1872.85618,10.373,0.028
1873.85333,10.206,0.026
1874.85325,10.11,0.031
1876.84801,9.911,0.025
1877.83083,9.813,0.023
1878.83968,9.723,0.025
1879.82919,9.681,0.023
1880.83711,10.081,0.029
1881.82485,10.226,0.022
1884.84652,9.51,0.033
1885.79159,9.547,0.024
1886.83033,9.495,0.023
1887.80662,9.541,0.024
1889.80723,9.52,0.026
1899.84722,9.597,0.024
1899.8556,9.567,0.027
1902.81263,9.618,0.022
1902.82781,9.639,0.023
1904.79756,9.656,0.022
1904.81274,9.661,0.023
1906.79506,9.69,0.024
1906.81282,9.682,0.022
1908.77997,9.736,0.022
1908.80728,9.729,0.022
1913.80881,9.918,0.022
1913.83291,9.9,0.022
1915.7688,9.977,0.023
1915.79594,9.955,0.022
1918.7282,10.104,0.024
1918.75805,10.088,0.025
1919.79985,10.128,0.025
1919.86691,10.155,0.023
1921.76847,10.2,0.023
1922.82289,10.254,0.024
1922.87922,10.232,0.024
1924.79124,10.335,0.025
1924.82055,10.311,0.022
1925.78955,10.377,0.026
1925.80695,10.397,0.024
1926.78604,10.428,0.025
1926.80793,10.38,0.022
1928.80023,10.503,0.024
1928.82733,10.498,0.022
1929.78629,10.563,0.022
1930.77974,10.598,0.022
1930.86818,10.618,0.022
1931.80269,10.668,0.023
1932.79126,10.697,0.023
1933.838,10.751,0.022
1933.84364,10.764,0.024
1935.66867,10.86,0.023
1935.67757,10.853,0.022
1935.82245,10.87,0.024
1937.72767,11.015,0.023
1938.79447,11.11,0.023
1940.73686,11.232,0.022
1945.79264,11.58,0.023
1945.81995,11.621,0.023
1947.71207,11.767,0.025
1947.74465,11.81,0.025
1948.74825,11.926,0.024
1948.77966,11.843,0.023
1949.78223,12.014,0.033
1949.82336,12.005,0.032
1950.72,11.971,0.034
1950.73762,12.055,0.034
1953.72904,12.178,0.027
1953.75029,12.227,0.027
1954.73109,12.322,0.031
1954.74884,12.305,0.028
1955.7263,12.334,0.031
1958.71268,12.662,0.024
1958.72817,12.687,0.025
1961.69752,12.951,0.025
1961.72009,12.873,0.024
1962.72948,12.969,0.029
1962.74726,12.925,0.03
1963.70864,13.026,0.029
1964.70749,13.241,0.026
1964.73228,13.07,0.025
1965.70061,13.351,0.025
1965.71844,13.151,0.025
1967.69527,13.473,0.027
1968.69496,13.487,0.029
1968.71734,13.402,0.03
1982.68868,14.636,0.033
1985.68189,14.068,0.032
2000.64742,14.185,0.042
2014.60831,13.257,0.039
2016.59803,13.143,0.041
2025.54073,12.247,0.024
2025.56507,12.223,0.023
2026.57062,12.124,0.027
2026.59366,12.088,0.023
2027.56477,12.031,0.026
2027.57653,12.112,0.024
2030.54478,11.881,0.03
2030.5682,11.91,0.025
2031.55665,11.896,0.027
2031.5688,11.766,0.025
2032.55582,11.774,0.028
2032.56759,11.779,0.023
2033.54948,11.734,0.027
2033.57027,11.74,0.025
2034.55005,11.696,0.027
2034.57086,11.741,0.024
2038.56471,11.44,0.028
2038.57765,11.441,0.025
2052.49342,10.207,0.028
2052.51594,10.199,0.025
2054.50819,9.986,0.038
2055.52442,9.886,0.03
2056.49362,9.796,0.028
2057.48752,9.708,0.024
2058.48351,9.652,0.028
2058.51836,9.622,0.025
2064.46636,9.348,0.03
2064.47402,9.376,0.03
2067.4921,9.295,0.025
2068.4594,9.261,0.029
2069.49016,9.274,0.023
2070.47582,9.292,0.023
2071.49691,9.268,0.027
2080.45297,9.29,0.025
2080.47031,9.285,0.025
2082.48649,9.339,0.024
2082.50164,9.306,0.025
2085.49749,9.376,0.022
2086.45736,9.448,0.026
2087.49566,9.446,0.023
2088.50033,9.51,0.028
2094.46841,9.659,0.021
2094.4905,9.655,0.028
2096.49626,9.682,0.037
2096.5186,9.72,0.025
2103.51602,10.011,0.023
2104.47903,10.073,0.026
2106.48648,10.182,0.025
2116.49106,10.836,0.024
2117.47104,10.922,0.027
2214.86384,12.339,0.034
2222.84285,11.608,0.049
2226.8405,11.402,0.031
2230.84397,10.989,0.034
2233.83059,10.733,0.032
2235.83708,10.5,0.034
2237.83692,10.465,0.032
2240.81943,10.357,0.033
2242.82568,10.334,0.039
2244.81973,10.353,0.042
2244.83744,10.304,0.04
2248.79508,10.323,0.035
2248.8154,10.327,0.036
2250.80347,10.326,0.038
2250.82397,10.292,0.041
2252.81933,10.245,0.037
2255.81025,10.22,0.037
2255.82573,10.17,0.035
2257.80741,10.157,0.041
2257.82288,10.137,0.041
2260.85663,10.106,0.045
2262.81919,10.063,0.046
2266.80577,10.002,0.046
2441.49407,9.11,0.025
2443.49855,9.113,0.021
2443.50905,9.136,0.022
2445.50284,9.158,0.021
2445.51559,9.163,0.023
2453.46917,9.38,0.033
2453.48896,9.395,0.027
2464.51753,9.988,0.029
2465.47567,10.05,0.031
2467.45869,10.168,0.023
2469.45374,10.294,0.032
2470.45966,10.411,0.029
2483.46926,11.333,0.047
2577.86747,12.054,0.03
2622.8155,9.675,0.027
2625.80339,9.683,0.023
2625.82614,9.692,0.024
2628.81117,9.695,0.027
2634.85438,9.752,0.029
2637.83309,9.853,0.024
2638.82657,9.877,0.024
2641.79797,9.984,0.025
2641.84589,9.979,0.02
2644.82417,10.086,0.025
2644.83031,10.06,0.023
2646.82737,10.167,0.023
2650.76226,10.338,0.024
2651.82169,10.39,0.021
2652.78333,10.46,0.025
2657.79049,10.775,0.024
2658.78392,10.854,0.025
2659.80597,10.953,0.021
2660.79941,11.022,0.039
2661.83004,11.069,0.025
2662.79263,11.175,0.025
2663.80943,11.277,0.027
2664.80025,11.347,0.021
2665.83599,11.752,0.022
2666.80142,11.584,0.022
2667.82155,11.59,0.026
2671.78948,12.015,0.022
2673.80022,12.17,0.021
2675.76361,12.359,0.021
2675.78604,12.385,0.029
2677.74933,12.52,0.021
2677.7603,12.568,0.024
2679.72555,12.709,0.024
2681.73675,12.827,0.02
2683.74358,13.127,0.023
2685.73818,13.172,0.023
2689.7629,13.964,0.024
2689.76946,13.531,0.033
2693.78273,13.823,0.021
2693.79395,13.881,0.022
2695.76121,13.683,0.025
2698.67596,14.183,0.025
2698.70845,14.16,0.021
2700.72712,14.002,0.025
2700.75084,14.556,0.02
2704.72008,14.136,0.022
2706.69424,14.355,0.022
2706.72851,14.888,0.024
2719.76042,14.778,0.022
2730.6907,14.546,0.02
2732.79916,14.13,0.026
2733.70971,14.351,0.023
2734.64447,14.778,0.022
2734.77587,14.046,0.029
2736.62739,13.842,0.021
2736.64137,14.583,0.021
2738.61817,13.808,0.023
2739.81275,14.069,0.022
2741.6687,13.55,0.022
2741.67755,13.554,0.022
2744.65894,12.952,0.021
2747.73342,12.723,0.022
2751.57936,12.427,0.021
2752.67333,12.325,0.02
2754.58779,12.26,0.021
2754.77091,12.21,0.019
2756.58722,12.166,0.025
2756.71938,12.101,0.02
2760.59616,11.77,0.02
2760.63604,11.78,0.019
2762.58947,11.595,0.024
2764.57396,11.451,0.021
2764.61145,11.435,0.02
2769.73056,11.04,0.032
2782.61656,9.828,0.025
2782.62406,9.821,0.02
2784.58254,9.68,0.03
2786.57785,9.632,0.03
2786.58537,9.614,0.02
2789.57374,9.537,0.035
2790.50099,9.521,0.051
2791.61258,9.537,0.026
2792.52995,9.493,0.021
2794.54454,9.477,0.029
2795.50815,9.381,0.046
2797.52311,9.37,0.031
2804.52993,9.373,0.029
2808.6223,9.423,0.024
2810.53557,9.476,0.022
2812.53357,9.49,0.023
2812.53658,9.498,0.033
2821.54455,9.684,0.023
2826.51266,9.846,0.022
2826.51564,9.852,0.021
2829.55544,9.991,0.024
2832.48025,10.161,0.024
2834.48598,10.272,0.024
2836.48826,10.414,0.022
2839.48735,10.627,0.025
2842.49672,10.841,0.052
2845.49296,11.074,0.022
2853.46672,11.688,0.025
2859.47066,12.159,0.022
2862.46463,12.681,0.029
2868.46629,13.096,0.025
2944.86252,11.381,0.035
2949.86175,10.919,0.025
2957.8492,10.091,0.025
2961.85073,9.889,0.026
2965.84114,9.757,0.028
2967.85042,9.63,0.023
2971.83375,9.469,0.024
2973.84486,9.424,0.043
2975.81453,9.354,0.032
2976.84588,9.295,0.043
2978.82089,9.282,0.022
2979.84166,9.21,0.028
2981.82632,9.226,0.027
2983.83054,9.205,0.031
2985.81195,9.198,0.024
2986.84456,9.187,0.024
2988.83458,9.253,0.039
2989.8425,9.164,0.021
2991.84937,9.228,0.023
2992.84647,9.238,0.026
2995.80196,9.301,0.03
2995.84587,9.282,0.023
3000.83883,9.42,0.023
3003.82297,9.557,0.023
3005.84408,9.634,0.023
3007.77659,9.718,0.023
3010.82986,9.9,0.022
3011.81375,9.964,0.03
3015.81888,10.245,0.024
3017.78786,10.388,0.022
3018.79873,10.444,0.026
3024.84949,10.996,0.025
3028.86162,11.325,0.022
3031.7709,11.605,0.024
3031.80031,11.633,0.022
3034.75655,11.945,0.024
3034.79016,11.892,0.022
3037.84952,12.229,0.022
3041.75202,12.543,0.025
3043.79233,12.901,0.028
3043.81139,12.8,0.028
3046.72698,12.985,0.024
3046.75581,12.947,0.024
3049.72351,13.374,0.022
3049.75413,13.459,0.023
3052.71448,13.353,0.033
3052.75065,13.531,0.029
3054.76733,14.076,0.024
3057.70191,13.744,0.023
3059.76377,13.776,0.022
3069.73228,14.697,0.025
3082.73155,15.056,0.023
3108.75118,14.248,0.022
3113.5985,13.323,0.021
3113.61975,13.363,0.02
3115.61234,12.938,0.022
3115.63492,12.958,0.02
3122.58291,12.493,0.023
3124.60678,12.398,0.022
3124.62279,12.305,0.021
3126.62403,12.093,0.024
3127.73417,12.135,0.035
3127.76199,12.19,0.039
3132.52499,11.791,0.021
3132.52816,11.862,0.022
3134.54965,11.662,0.029
3142.57517,10.917,0.03
3145.60223,10.642,0.023
3153.5617,10.072,0.025
3158.65603,9.939,0.027
3163.65679,9.912,0.023
3167.48704,9.914,0.021
3169.53077,9.909,0.023
3179.5157,10.028,0.022
3182.58837,10.097,0.045
3184.56828,10.143,0.024
3187.51509,10.219,0.024
3190.54719,10.323,0.024
3357.84002,9.918,0.025
3362.81019,10.081,0.036
3386.82872,11.062,0.037
3388.78714,11.192,0.033
3392.82849,11.43,0.045
3394.83126,11.616,0.034
3397.76366,11.802,0.045
3399.78723,11.801,0.027
3399.82603,11.832,0.039
3402.79791,12.124,0.028
3402.81876,12.058,0.028
3404.86769,12.192,0.034
3405.76433,12.206,0.026
3407.73679,12.331,0.037
3408.75119,12.408,0.036
3409.80439,12.499,0.034
3411.74644,12.603,0.032
3412.7336,12.694,0.031
3413.82311,13.05,0.031
3414.79247,12.841,0.025
3417.70509,13.058,0.033
3418.79492,12.966,0.033
3419.76087,13.021,0.032
3420.80166,13.25,0.032
3421.7577,13.444,0.039
3422.82156,13.462,0.041
3423.76367,13.514,0.042
3424.78272,13.168,0.03
3425.75533,13.269,0.028
3426.76112,13.321,0.025
3430.80667,13.965,0.028
3432.80452,13.855,0.038
3433.77833,13.744,0.03
3436.70053,13.517,0.025
3439.7305,14.29,0.024
3439.77181,14.417,0.028
3442.84276,14.191,0.028
3443.65711,13.853,0.026
3444.78438,13.764,0.031
3445.69064,14.052,0.038
3446.79869,13.726,0.023
3447.69312,13.869,0.042
3449.64882,13.929,0.027
3452.64369,13.391,0.028
3452.65147,13.448,0.031
3454.71499,14.314,0.039
3454.72015,13.667,0.031
3456.73072,13.653,0.032
3456.73592,13.512,0.033
3458.71447,13.466,0.034
3458.72514,13.542,0.027
3460.71525,12.939,0.028
3460.72775,13.169,0.027
3463.59297,12.998,0.025
3463.60799,12.991,0.028
3465.63685,12.694,0.022
3465.6596,12.536,0.033
3467.84318,12.502,0.025
3468.63003,12.309,0.03
3468.79977,12.279,0.025
3472.63897,11.98,0.028
3472.65147,12.071,0.028
3474.66744,11.716,0.024
3474.70259,11.863,0.027
3476.73282,11.663,0.037
3477.55962,11.616,0.031
3478.70093,11.545,0.036
3479.599,11.487,0.036
3480.69394,11.417,0.034
3481.59756,11.351,0.024
3482.70517,11.364,0.03
3483.63211,11.218,0.039
3484.74354,11.302,0.036
3486.76537,11.086,0.031
3489.60168,10.956,0.031
3490.61354,10.942,0.046
3491.60933,10.801,0.035
3492.61262,10.79,0.03
3495.6051,10.585,0.021
3496.61475,10.51,0.042
3497.645,10.482,0.031
3499.60268,10.324,0.027
3500.64929,10.227,0.037
3501.62521,10.17,0.031
3502.66677,10.046,0.033
3503.68089,9.98,0.029
3506.69751,9.77,0.029
3508.70437,9.615,0.022
3509.69377,9.569,0.034
3511.60107,9.459,0.024
3512.61979,9.438,0.025
3515.65636,9.322,0.033
3516.62314,9.344,0.026
3517.64129,9.299,0.023
3518.66747,9.305,0.05
3518.68223,9.302,0.052
3518.68476,9.338,0.026
3518.68729,9.335,0.03
3520.58838,9.297,0.027
3521.592,9.319,0.027
3522.61105,9.318,0.037
3523.596,9.343,0.028
3525.61593,9.36,0.024
3526.6233,9.35,0.036
3528.62902,9.362,0.026
3529.61706,9.374,0.026
3530.63314,9.385,0.029
3538.5531,9.559,0.024
3538.559,9.54,0.022
3540.60194,9.602,0.031
3540.60519,9.611,0.025
3543.56989,9.684,0.027
3543.57683,9.675,0.029
3547.55387,9.784,0.024
3547.55714,9.786,0.023
3552.55122,9.983,0.035
3561.50093,10.548,0.041
3561.5041,10.477,0.025
3563.51916,10.622,0.022
3570.49325,11.138,0.026
3570.50147,11.114,0.022
3574.49507,11.442,0.023
3574.50337,11.402,0.022
3577.5131,11.654,0.039
3577.51648,11.68,0.043
3584.50559,12.06,0.026
3585.47492,12.184,0.024
3587.47552,12.305,0.021
3589.50464,12.478,0.034
3591.46834,12.463,0.03
3593.47815,12.596,0.026
3699.85293,9.47,0.034
3702.84544,9.481,0.024
3704.84315,9.434,0.025
3706.83749,9.428,0.033
3708.84445,9.404,0.025
3713.85037,9.431,0.026
3714.83183,9.43,0.028
3717.84875,9.448,0.03
3718.84773,9.486,0.03
3721.84973,9.591,0.027
3725.83139,9.713,0.026
3726.81882,9.754,0.027
3728.84955,9.86,0.028
3730.85862,9.919,0.035
3732.82057,10.052,0.029
3734.82796,10.137,0.035
3736.80339,10.319,0.03
3738.81536,10.452,0.028
3739.82415,10.514,0.025
3742.80181,10.74,0.027
3742.81507,10.744,0.032
3745.81737,11.047,0.029
3746.80235,11.123,0.032
3748.80788,11.276,0.032
3749.86197,11.413,0.027
3751.79922,11.62,0.03
3752.83024,11.712,0.03
3754.78808,11.915,0.039
3755.8031,12.023,0.03
3757.77477,11.785,0.034
3758.79827,12.263,0.033
3760.76651,12.476,0.04
3761.7972,12.629,0.027
3764.78704,12.965,0.026
3766.75391,13.418,0.05
3767.78386,13.302,0.031
3772.73823,13.589,0.032
3773.75441,13.659,0.039
3775.71827,13.793,0.029
3776.75691,13.531,0.031
3787.87344,14.22,0.024
3790.69232,15.176,0.038
3790.72823,14.442,0.033
3795.68711,15.086,0.027
3797.71808,14.234,0.036
3812.70983,14.507,0.032
3814.73477,14.281,0.032
3818.67571,14.465,0.034
3820.69973,14.103,0.04
3821.63657,14.457,0.042
3822.73467,14.247,0.034
3823.6811,14,0.039
3825.69535,13.429,0.03
3827.59578,13.658,0.03
3827.74171,13.907,0.027
3829.64867,13.234,0.04
3829.84549,13.264,0.038
3831.64246,13.379,0.029
3832.61138,13.371,0.032
3833.63436,13.14,0.035
3834.64744,12.976,0.028
3835.65686,13.175,0.036
3836.67115,13.071,0.031
3837.6931,13.005,0.038
3847.77156,12.308,0.04
3847.78047,12.194,0.038
3849.70283,12.135,0.037
3849.73092,12.092,0.037
3851.70306,12.048,0.04
3851.73126,11.98,0.027
3853.75471,11.876,0.029
3853.78192,11.823,0.027
3856.56323,11.655,0.031
3856.56889,11.675,0.035
3858.66692,11.581,0.044
3860.69117,11.379,0.033
3860.69676,11.326,0.022
3862.61022,11.176,0.03
3862.61337,11.162,0.035
3864.63454,10.958,0.029
3866.56802,10.877,0.035
3866.64918,10.866,0.032
3868.59038,10.71,0.031
3868.69167,10.742,0.03
3870.58874,10.568,0.024
3870.68748,10.569,0.03
3872.60028,10.425,0.027
3872.68557,10.419,0.04
3875.67986,10.285,0.029
3876.63445,10.23,0.049
3880.55469,10.015,0.032
3881.61423,9.947,0.022
3882.58912,9.913,0.035
3883.65893,9.861,0.025
3886.6195,9.796,0.026
3887.62163,9.79,0.024
3889.62475,9.786,0.025
3890.60832,9.737,0.026
3892.60902,9.736,0.028
3894.64322,9.716,0.026
3896.63236,9.676,0.026
3898.51576,9.698,0.029
3898.66121,9.667,0.03
3900.54564,9.696,0.029
3901.51891,9.675,0.024
3902.58152,9.721,0.036
3903.54918,9.722,0.022
3904.601,9.726,0.03
3905.54239,9.749,0.024
3906.61033,9.829,0.036
3907.54586,9.827,0.023
3908.61073,9.865,0.028
4104.79773,10.778,0.038
4107.82708,10.946,0.026
4126.80059,12.68,0.026
4129.78563,12.676,0.025
4132.77329,12.893,0.024
4135.76076,13.059,0.024
4137.80841,13.228,0.025
4140.75538,13.17,0.026
4142.8215,13.58,0.026
4145.75073,13.678,0.038
4149.73562,13.899,0.029
4151.78456,13.854,0.035
4156.77965,13.941,0.032
4159.70829,13.941,0.026
4161.74749,14.172,0.03
4166.80962,14.038,0.031
4172.7184,13.928,0.035
4174.73241,13.883,0.03
4176.80732,13.634,0.042
4179.74145,13.486,0.037
4181.75534,13.608,0.033
4183.78256,13.359,0.034
4185.81223,13.299,0.036
4191.67386,12.595,0.024
4193.75086,12.353,0.052
4194.77028,12.263,0.027
4196.80052,12.268,0.039
4199.61269,11.971,0.047
4202.70006,11.717,0.036
4204.71388,11.611,0.025
4207.74096,11.365,0.032
4213.66134,10.938,0.044
4216.65263,10.614,0.029
4228.72564,9.724,0.028
4230.72172,9.71,0.036
4232.72058,9.578,0.025
4234.67768,9.499,0.027
4234.71267,9.528,0.027
4245.58208,9.583,0.04
4245.59084,9.534,0.042
4247.58598,9.64,0.026
4253.52811,9.693,0.027
4253.54123,9.713,0.025
4255.59825,9.754,0.037
4255.61215,9.742,0.025
4257.58657,9.752,0.038
4257.60308,9.787,0.037
4259.60953,9.839,0.033
4259.627,9.835,0.051
4267.55873,10.06,0.023
4269.57446,10.107,0.023
4269.58258,10.144,0.023
4272.54283,10.239,0.035
4272.54605,10.23,0.025
4274.58838,10.413,0.027
4276.53734,10.388,0.034
4277.58128,10.427,0.026
4278.5867,10.499,0.025
4282.54074,10.717,0.032
4282.58721,10.728,0.048
4284.55895,10.83,0.041
4284.59751,10.858,0.035
4290.56493,11.247,0.025
4290.59326,11.274,0.026
4292.52585,11.458,0.023
4292.55754,11.441,0.024
4294.53818,11.563,0.024
4294.56577,11.664,0.039
4296.53014,11.729,0.031
4296.56053,11.677,0.035
4298.53479,11.887,0.035
4298.56518,11.801,0.034
4300.49563,12.083,0.03
4304.49447,12.398,0.024
4305.51868,12.502,0.024
4307.52693,12.595,0.029
4308.51014,12.747,0.049
4311.50445,12.852,0.027
4311.5248,12.952,0.027
4315.48367,13.178,0.041
4315.48667,13.215,0.025
4319.47791,13.49,0.025
4319.48086,13.621,0.023
4330.46989,14.162,0.03
4430.85166,9.481,0.031
4440.83766,9.765,0.03
4448.85204,9.958,0.031
4456.82517,10.273,0.033
4460.81685,10.427,0.031
4464.80261,10.688,0.024
4467.8486,10.89,0.029
4470.83472,11.145,0.039
4474.86048,11.438,0.039
4481.86236,11.975,0.036
4485.81513,12.344,0.046
4488.8116,12.597,0.027
4491.82743,12.791,0.033
4492.73709,12.817,0.025
4494.84452,12.846,0.023
4498.80146,13.198,0.031
4501.77945,13.485,0.032
4504.76224,13.406,0.025
4507.74814,13.288,0.033
4510.75141,13.563,0.037
4514.74144,14.355,0.042
4518.78853,14.01,0.031
4521.77397,14.129,0.029
4523.84128,14.046,0.025
4526.69864,13.993,0.03
4528.75592,14.31,0.034
4531.68948,13.991,0.027
4535.69673,14.3,0.027
4537.72807,13.886,0.03
4537.83235,13.7,0.027
4539.72771,13.783,0.038
4541.72392,13.323,0.027
4543.73317,13.112,0.03
4545.71915,13.046,0.033
4547.55921,12.865,0.037
4548.79829,12.737,0.031
4551.68297,12.684,0.024
4551.72297,12.482,0.026
4553.71604,12.223,0.023
4555.73144,12.161,0.023
4557.78408,11.98,0.028
4558.58651,11.902,0.033
4559.82412,11.868,0.027
4562.61186,11.603,0.032
4564.68917,11.502,0.024
4566.6751,11.379,0.027
4568.68403,11.23,0.025
4568.80238,11.246,0.037
4570.67343,11.088,0.024
4572.63891,11.026,0.025
4573.60828,10.929,0.031
4575.63408,10.835,0.029
4576.62313,10.735,0.042
4579.63454,10.568,0.031
4579.77388,10.533,0.028
4582.63321,10.299,0.029
4582.77489,10.283,0.028
4586.56319,9.959,0.028
4588.64176,9.764,0.032
4590.7138,9.634,0.03
4592.57098,9.537,0.038
4592.66291,9.517,0.032
4594.61289,9.459,0.025
4594.67999,9.436,0.033
4596.61967,9.316,0.028
4596.67948,9.318,0.023
4606.62397,9.195,0.034
4607.55483,9.159,0.034
4609.5995,9.22,0.029
4611.62632,9.23,0.029
4616.56898,9.271,0.026
4616.58021,9.257,0.026
4618.59087,9.289,0.026
4618.59906,9.3,0.028
4622.58382,9.408,0.03
4622.59198,9.387,0.029
4626.6245,9.511,0.03
4626.62777,9.514,0.027
4629.48811,9.638,0.032
4630.62295,9.678,0.028
4631.56313,9.729,0.029
4632.64253,9.741,0.031
4633.59322,9.802,0.032
4639.56954,10.054,0.026
4643.60386,10.305,0.031
4645.6119,10.378,0.04
4652.59619,10.862,0.028
4654.56206,11.039,0.038
4659.50905,11.444,0.028
4662.51792,11.831,0.038
4664.54368,11.972,0.027
4667.5135,12.377,0.026
4671.5073,12.792,0.025
4674.51126,13.016,0.029
4685.4794,14.615,0.033
4687.49776,14.149,0.032
4795.85354,10.119,0.038
4800.83998,10.157,0.037
4806.8401,10.225,0.03
4810.84138,10.327,0.035
4814.843,10.528,0.033
4819.8515,10.786,0.028
4822.858,10.961,0.029
4826.81566,11.312,0.032
4830.81481,11.661,0.041
4837.84779,12.436,0.034
4845.84657,13.235,0.026
4849.87128,13.41,0.035
4852.81656,13.639,0.037
4856.81045,13.859,0.051
4860.84139,14.158,0.024
4863.82008,14.638,0.032
4892.85013,15.704,0.035
4898.77122,14.235,0.041
4903.75936,14.103,0.048
4905.81453,13.911,0.039
4908.66616,13.68,0.039
4914.70415,13.441,0.042
4916.76504,13.022,0.036
4918.8511,12.788,0.049
4921.65414,12.734,0.035
4926.67432,12.32,0.039
4931.65084,12.031,0.045
4933.69428,11.982,0.045
4937.77657,11.687,0.036
4945.64276,10.736,0.037
4947.6948,10.393,0.034
4949.72421,10.06,0.044
4952.62493,9.674,0.049
4962.58695,9.204,0.047
4964.62782,9.136,0.046
4966.7504,9.141,0.044
4969.53545,9.103,0.038
4972.62425,9.096,0.034
4972.6716,9.099,0.039
4986.49871,9.327,0.041
4988.55136,9.363,0.041
4990.60705,9.42,0.043
4994.60249,9.577,0.035
5006.61976,10.302,0.047
5013.53308,10.95,0.042
5015.56694,11.156,0.037
5019.5345,11.423,0.048
5021.55995,11.681,0.036
5023.56074,11.911,0.034
5024.47008,11.945,0.039
5037.48087,12.969,0.038
5040.48097,13.894,0.036
5042.51164,13.686,0.042
5048.48796,13.7,0.038
5057.48791,15.254,0.039
