1869.84909,11.348,0.027
1871.84671,10.994,0.027
1873.85333,11.287,0.026
1877.83083,11.369,0.023
1879.82919,10.98,0.023
1881.82485,11.358,0.022
1885.79159,11.358,0.024
1887.80662,11,0.024
1889.80723,11.358,0.026
1899.84722,11.151,0.024
1902.81263,11.031,0.022
1904.79756,11.192,0.022
1906.79506,11.428,0.024
1908.77997,11.191,0.022
1913.80881,11.153,0.022
1915.7688,11,0.023
1918.7282,11.231,0.024
1919.79985,11.055,0.025
1919.86691,11.366,0.023
1922.82289,10.988,0.024
1924.79124,11.351,0.025
1925.78955,11.179,0.026
1926.78604,10.985,0.025
1928.80023,11.389,0.024
1929.78629,11.136,0.022
1930.77974,10.987,0.022
1931.80269,11.183,0.023
1932.79126,11.387,0.023
1933.84364,10.977,0.024
1935.66867,11.117,0.023
1935.82245,11.302,0.024
1937.72767,11.387,0.023
1938.79447,10.986,0.023
1940.73686,11.204,0.022
1945.79264,11.044,0.023
1947.71207,10.986,0.025
1948.74825,11.354,0.024
1949.78223,11.049,0.033
1950.72,11.032,0.034
1953.72904,11.258,0.027
1954.73109,11.005,0.031
1955.7263,11.007,0.031
1958.71268,11.064,0.024
1961.69752,11.365,0.025
1962.72948,10.987,0.029
1963.70864,11.01,0.029
1964.70749,11.231,0.026
1965.70061,11.339,0.025
1966.70299,11.055,0.028
1967.69527,11.01,0.027
1968.69496,11.224,0.029
1971.70917,11.054,0.048
1977.66479,11.41,0.037
1978.70225,11.066,0.045
1980.67233,11.181,0.043
1981.68723,11.246,0.036
1982.66612,11.043,0.036
1984.65788,11.187,0.034
1985.657,11.399,0.033
1993.65951,11.286,0.036
1994.63907,11.137,0.035
1995.6347,10.998,0.037
1996.63328,11.137,0.041
1997.6339,11.409,0.042
2025.54073,11.141,0.024
2026.57062,11.135,0.027
2027.56477,11,0.026
2030.54478,11.301,0.03
2031.55665,11.027,0.027
2032.55582,11.066,0.028
2033.54948,11.318,0.027
2034.55005,11.243,0.027
2038.57765,11.03,0.025
2052.49342,11.006,0.028
2056.49362,10.996,0.028
2058.48351,11.396,0.028
2064.46636,11.038,0.03
2068.4594,10.978,0.029
2070.47582,11.322,0.023
2080.47031,11.031,0.025
2082.50164,11.109,0.025
2086.45736,11.316,0.026
2088.50033,11.163,0.028
2094.4905,11.08,0.028
2096.5186,11.304,0.025
2104.47903,11.184,0.026
2117.47104,11.302,0.027
2214.86384,11.077,0.034
2222.84285,11.035,0.049
2226.8405,11.071,0.031
2230.84397,11.115,0.034
2233.83059,11.003,0.032
2235.83708,11.377,0.034
2237.83692,10.935,0.032
2240.81943,11.211,0.033
2242.82568,11.11,0.039
2244.81973,11.171,0.042
2244.83744,11.087,0.04
2248.79508,11.245,0.035
2248.8154,11.168,0.036
2250.80347,11.011,0.038
2250.82397,11.084,0.041
2255.81025,11.353,0.037
2257.80741,11.008,0.041
2257.82288,10.942,0.041
2260.85663,11.009,0.045
2262.81919,11.189,0.046
2443.50905,11.367,0.022
2445.51559,10.974,0.023
2453.48896,10.979,0.027
2465.47567,11.012,0.031
2469.45374,11.012,0.032
2577.86747,11.22,0.03
2622.79954,11.311,0.024
2622.8155,11.185,0.027
2625.80339,11.319,0.023
2625.82614,11.372,0.024
2628.81117,11.083,0.027
2634.85438,10.989,0.029
2637.83309,11.279,0.024
2638.82657,11.067,0.024
2641.79797,11.349,0.025
2641.84589,11.173,0.02
2644.82417,11.248,0.025
2644.83031,11.317,0.023
2646.82737,11.012,0.023
2650.76226,11.234,0.024
2651.82169,11.009,0.021
2652.78333,11.122,0.025
2655.7928,10.971,0.024
2657.79049,11.35,0.024
2658.78392,11.108,0.025
2659.80597,11.054,0.021
2660.79941,11.281,0.039
2661.83004,11.141,0.025
2662.79263,11.097,0.025
2664.80025,11.312,0.021
2665.83599,11.083,0.022
2666.80142,11.01,0.022
2667.82155,11.158,0.026
2671.78948,11.017,0.022
2673.80022,11.144,0.021
2675.76361,10.989,0.021
2677.74933,11.395,0.021
2679.72555,11.033,0.024
2685.73818,11.349,0.023
2689.7629,11.217,0.024
2691.75591,11.012,0.026
2691.76473,11.016,0.029
2693.78273,11.112,0.021
2693.79395,11.036,0.022
2695.76121,11.069,0.025
2698.67596,11.317,0.025
2700.72712,11.204,0.025
2704.72008,11.218,0.022
2706.69424,11.127,0.022
2710.66326,11.269,0.023
2712.64906,10.974,0.022
2714.64347,11.344,0.023
2715.78577,11.342,0.024
2719.62325,11.195,0.023
2719.76042,11.257,0.022
2720.75111,11.39,0.025
2724.69578,11.212,0.031
2727.67437,10.975,0.03
2730.6907,11.003,0.02
2732.79916,11.021,0.026
2734.64447,11.121,0.022
2736.62739,11.009,0.021
2738.61817,11.274,0.023
2739.81275,11.175,0.022
2741.67755,11.23,0.022
2742.82625,11.453,0.027
2743.63693,10.984,0.023
2747.78993,11.193,0.041
2751.57936,11.11,0.021
2754.58779,11.323,0.021
2756.58722,11.029,0.025
2760.59616,11.01,0.02
2762.58947,11.239,0.024
2764.57396,10.979,0.021
2769.73056,10.98,0.032
2782.61656,10.981,0.025
2784.58254,11.143,0.03
2786.57785,11.174,0.03
2789.57374,11.365,0.035
2791.61258,11.049,0.026
2794.54454,11.146,0.029
2797.52311,11.253,0.031
2804.52993,11.032,0.029
2808.6223,11.291,0.024
2810.53557,11.113,0.022
2812.53357,11.122,0.023
2821.54455,11.275,0.023
2826.51266,11.116,0.022
2832.48025,11.147,0.024
2834.48598,11.206,0.024
2836.48826,11.064,0.022
2839.48735,11.055,0.025
2842.49672,11.064,0.052
2845.49296,11.35,0.022
2853.46672,11.37,0.025
2859.47066,10.985,0.022
2862.46463,11.097,0.029
2868.46629,11.234,0.025
2944.86252,11.374,0.035
2949.86175,11.087,0.025
2957.8492,11.105,0.025
2961.85073,10.999,0.026
2965.84114,11.004,0.028
2971.83375,11.212,0.024
2975.81453,11.14,0.032
2976.84588,11.23,0.043
2978.82089,11.002,0.022
2981.82632,10.964,0.027
2985.81195,11.034,0.024
2986.84456,11.067,0.024
2988.83458,11.196,0.039
2991.84937,11.423,0.023
2992.84647,11.09,0.026
2995.80196,11.196,0.03
3000.83883,11.045,0.023
3005.84408,11.004,0.023
3011.81375,11.356,0.03
3015.81888,11.32,0.024
3018.79873,11.134,0.026
3024.84949,10.983,0.025
3028.86162,10.971,0.022
3031.7709,11.395,0.024
3034.75655,11.059,0.024
3037.84952,11.253,0.022
3041.75202,10.977,0.025
3043.79233,11.29,0.028
3046.72698,11.008,0.024
3049.72351,11.024,0.022
3049.75413,10.965,0.023
3052.71448,11.255,0.033
3054.76733,11.228,0.024
3057.70191,11.056,0.023
3059.76377,11.282,0.022
3061.79681,11.141,0.022
3064.68493,11.405,0.03
3067.72624,11.402,0.022
3069.73228,10.942,0.025
3071.74835,11.317,0.024
3073.79256,11.186,0.025
3076.64659,11.337,0.035
3078.68595,11.031,0.023
3080.69968,11.118,0.028
3082.73155,11.287,0.023
3086.7211,11.286,0.032
3088.73121,10.971,0.027
3090.767,11.308,0.033
3092.72258,10.971,0.022
3096.70395,11.008,0.021
3098.70157,11.229,0.025
3100.72583,11.002,0.026
3102.73283,11.398,0.025
3104.75141,11.003,0.023
3106.75148,11.244,0.024
3108.75118,11.04,0.022
3111.54965,10.983,0.052
3113.5985,11.09,0.021
3115.61234,11.241,0.022
3122.58291,10.946,0.023
3124.60678,11.266,0.022
3126.62403,11.083,0.024
3127.73417,10.997,0.035
3132.52499,11.232,0.021
3134.54965,10.937,0.029
3142.57517,11.026,0.03
3145.60223,10.991,0.023
3153.5617,11.014,0.025
3158.65603,11.327,0.027
3163.65679,11.057,0.023
3167.48704,11.14,0.021
3169.53077,10.997,0.023
3179.5157,11.237,0.022
3182.58837,11.327,0.045
3184.56828,10.972,0.024
3187.51509,11.335,0.024
3190.54719,11.202,0.024
3357.83032,11.242,0.026
3357.84002,11.329,0.025
3362.81019,11.284,0.036
3380.86669,11.376,0.045
3385.79712,11.258,0.038
3386.82872,11.054,0.037
3388.78714,11.026,0.033
3391.77525,11.01,0.029
3392.82849,11.246,0.045
3394.83126,11.008,0.034
3397.76366,11.276,0.045
3399.82603,11.019,0.039
3402.79791,11.106,0.028
3404.86769,11.33,0.034
3407.73679,11.095,0.037
3409.80439,11.284,0.034
3412.7336,11.043,0.031
3414.79247,11.039,0.025
3417.70509,11.133,0.033
3418.79492,11.054,0.033
3419.76087,11.004,0.032
3421.7577,11.424,0.039
3423.76367,10.978,0.042
3425.75533,11.41,0.028
3431.76326,10.976,0.031
3433.77833,11.233,0.03
3436.79301,11.381,0.026
3439.77181,11.053,0.028
3443.65711,11.165,0.026
3445.69064,11.27,0.038
3447.69312,10.956,0.042
3452.64369,10.985,0.028
3454.71499,11.097,0.039
3456.73072,11.216,0.032
3458.71447,11.078,0.034
3460.71525,11.182,0.028
3463.59297,11.397,0.025
3465.63685,11.122,0.022
3468.63003,10.98,0.03
3468.79977,11.152,0.025
3472.65147,11.019,0.028
3474.70259,11.041,0.027
3477.55962,10.974,0.031
3479.599,11.15,0.036
3481.59756,11.074,0.024
3483.63211,11.029,0.039
3486.76537,11.088,0.031
3490.61354,11.332,0.046
3492.61262,10.987,0.03
3496.61475,11.066,0.042
3499.60268,11.055,0.027
3501.62521,11.359,0.031
3503.68089,11.088,0.029
3506.69751,11.008,0.029
3509.69377,11.009,0.034
3512.61979,11.105,0.025
3516.62314,11.175,0.026
3520.58838,11.052,0.027
3522.61105,11.094,0.037
3526.6233,11.028,0.036
3528.62902,11.341,0.026
3530.63314,10.974,0.029
3538.5531,11.28,0.024
3540.60194,11.274,0.031
3543.56989,10.992,0.027
3547.55387,10.974,0.024
3561.50093,11.232,0.041
3570.49325,11.318,0.026
3574.49507,11.261,0.023
3577.5131,11.364,0.039
3585.47492,11.263,0.024
3591.46834,11.005,0.03
3699.85293,11.049,0.034
3702.84544,10.999,0.024
3706.83749,11.02,0.033
3713.85037,11.057,0.026
3717.84875,11.061,0.03
3721.84973,11.005,0.027
3725.83139,11.018,0.026
3726.81882,10.981,0.027
3728.84955,11.225,0.028
3730.85862,10.999,0.035
3732.82057,11.393,0.029
3734.82796,11.005,0.035
3736.80339,11.352,0.03
3738.81536,10.985,0.028
3739.82415,11.261,0.025
3742.80181,11.003,0.027
3742.81507,10.987,0.032
3745.81737,11.023,0.029
3746.80235,10.95,0.032
3748.80788,11.237,0.032
3751.79922,11.19,0.03
3752.83024,11.103,0.03
3754.78808,11.114,0.039
3755.8031,11.243,0.03
3757.77477,11.082,0.034
3758.79827,11.053,0.033
3760.76651,11.428,0.04
3764.78704,11.233,0.026
3766.75391,10.974,0.05
3767.78386,11.265,0.031
3772.73823,11.336,0.032
3775.71827,11.05,0.029
3780.72029,11.434,0.032
3783.77312,11.334,0.039
3787.78799,11.392,0.032
3787.87344,11.023,0.024
3790.69232,11.008,0.038
3790.72823,11.007,0.033
3792.76166,11.158,0.036
3795.68711,11.059,0.027
3797.71808,11.055,0.036
3799.77058,11.351,0.036
3802.6661,11.01,0.043
3804.73947,11.134,0.03
3804.76271,11.154,0.036
3806.72246,11.046,0.037
3809.73869,10.998,0.032
3811.77143,11.219,0.034
3813.80701,11.189,0.036
3814.73477,11.147,0.032
3816.62029,11.123,0.027
3816.76015,11.019,0.028
3818.67571,11.03,0.034
3818.85765,11.084,0.032
3820.69973,11.307,0.04
3822.73467,11.155,0.034
3824.81303,11.003,0.029
3827.59578,10.968,0.03
3827.74171,11.259,0.027
3829.64867,11.16,0.04
3831.64246,11.105,0.029
3833.63436,11.188,0.035
3835.65686,11.153,0.036
3837.6931,10.967,0.038
3847.77156,11.045,0.04
3849.70283,10.964,0.037
3851.70306,11.336,0.04
3853.75471,11.22,0.029
3853.78192,11.363,0.027
3856.56323,11.191,0.031
3858.66692,11.131,0.044
3860.69117,11.012,0.033
3862.61022,10.958,0.03
3864.63454,11.196,0.029
3866.64918,11.112,0.032
3868.69167,10.934,0.03
3870.68748,11.286,0.03
3872.68557,11.019,0.04
3876.63445,11.184,0.049
3880.55469,11.234,0.032
3882.58912,10.963,0.035
3886.6195,11.088,0.026
3890.60832,11.067,0.026
3892.60902,11.146,0.028
3894.64322,11.267,0.026
3896.63236,11.043,0.026
3898.51576,11.039,0.029
3900.54564,11.394,0.029
3902.58152,11.007,0.036
3904.601,11.08,0.03
3906.61033,11.183,0.036
3908.61073,11.033,0.028
4091.82183,11.157,0.031
4104.79773,11.081,0.038
4107.82708,11.043,0.026
4126.80059,11.321,0.026
4127.76571,11.169,0.026
4129.78563,11.159,0.025
4132.77329,11.006,0.024
4133.74614,11.066,0.039
4135.76076,11.119,0.024
4135.81282,10.95,0.026
4137.79421,11.263,0.026
4137.80841,11.402,0.025
4139.85838,11.053,0.029
4140.75538,10.962,0.026
4142.72806,11.299,0.027
4142.8215,11.036,0.026
4144.79167,11.043,0.026
4145.75073,11.167,0.038
4147.7078,11.381,0.034
4149.73562,11.06,0.029
4151.78456,10.992,0.035
4152.77355,11,0.026
4156.77965,11.066,0.032
4157.68926,11,0.027
4159.70829,11.198,0.026
4159.74217,11.106,0.047
4161.73527,11.173,0.029
4161.74749,11.281,0.03
4163.73859,11.037,0.035
4163.75416,10.982,0.048
4165.77276,11.435,0.052
4166.80962,11.029,0.031
4168.78462,11.147,0.034
4172.7184,10.907,0.035
4173.74981,11.351,0.032
4174.73241,11.278,0.03
4176.80732,11.379,0.042
4179.74145,10.917,0.037
4180.82298,11.311,0.038
4181.75534,11.31,0.033
4183.62781,11.406,0.028
4183.78256,11.013,0.034
4185.67802,11.098,0.03
4185.81223,11.08,0.036
4190.7603,11.03,0.03
4191.67386,11.173,0.024
4192.74275,11.151,0.029
4193.75086,11.313,0.052
4194.77028,10.97,0.027
4196.80052,11.258,0.039
4197.77688,11.143,0.037
4199.61269,11.299,0.047
4200.70876,11.085,0.025
4202.70006,11.146,0.036
4203.71045,10.992,0.03
4204.71388,11.111,0.025
4205.71586,11.369,0.028
4207.74096,10.956,0.032
4213.65346,11.116,0.048
4213.66134,11.144,0.044
4216.64966,11,0.031
4216.65263,10.944,0.029
4228.68788,11.153,0.025
4228.72564,11.374,0.028
4230.68625,11.091,0.03
4230.72172,10.918,0.036
4232.68629,11.227,0.039
4232.72058,11.347,0.025
4234.67768,11.078,0.027
4234.71267,10.97,0.027
4245.58208,11.047,0.04
4247.58598,11.186,0.026
4253.52811,10.984,0.027
4255.59825,11.041,0.037
4257.58657,11.194,0.038
4259.60953,10.95,0.033
4267.55061,11.152,0.03
4267.55873,11.124,0.023
4269.57446,11.162,0.023
4269.58258,11.551,0.023
4272.54283,11.019,0.035
4272.54605,10.945,0.025
4274.58838,11.155,0.027
4276.53734,10.946,0.034
4277.58128,11.315,0.026
4278.5867,11.608,0.025
4282.54074,11.404,0.032
4282.58721,11.095,0.048
4284.55895,11.003,0.041
4284.59751,11.085,0.035
4290.56493,11.182,0.025
4290.59326,11.073,0.026
4292.52585,10.966,0.023
4292.55754,11.014,0.024
4294.53818,11.285,0.024
4294.56577,11.136,0.039
4296.53014,11.01,0.031
4296.56053,11.081,0.035
4298.53479,11.291,0.035
4298.56518,11.097,0.034
4300.49563,10.991,0.03
4304.49447,10.957,0.024
4305.51868,11.186,0.024
4307.52693,10.984,0.029
4308.51014,10.936,0.049
4311.50445,11.051,0.027
4311.5248,10.966,0.027
4315.48367,11.123,0.041
4315.48667,11.091,0.025
4319.47791,11.136,0.025
4319.48086,11.078,0.023
4330.46989,11.504,0.03
4429.84082,11.37,0.029
4430.85166,11.067,0.031
4436.85805,11.315,0.028
4440.82215,11.192,0.027
4440.83766,11.202,0.03
4448.81075,11.158,0.024
4448.85204,11.36,0.031
4452.80819,11.132,0.036
4455.83522,11.062,0.025
4456.82517,11.292,0.033
4459.81997,10.992,0.033
4460.81685,11.303,0.031
4462.83106,11.005,0.026
4464.80261,11.182,0.024
4467.8486,11.147,0.029
4468.85554,11.308,0.036
4470.83472,10.977,0.039
4474.86048,10.979,0.039
4479.81082,11.104,0.039
4481.86236,10.983,0.036
4482.81376,10.998,0.03
4485.81513,11.063,0.046
4486.74534,11.152,0.027
4488.8116,11.323,0.027
4489.77583,11.252,0.027
4491.82743,11.237,0.033
4492.73709,11.098,0.025
4494.84452,11.04,0.023
4498.80146,11.035,0.031
4499.71466,10.947,0.03
4502.73914,11.081,0.031
4504.76224,11.342,0.025
4505.72806,11.338,0.028
4507.74814,11.039,0.033
4507.81558,11.328,0.031
4510.71678,11.114,0.029
4510.75141,10.956,0.037
4514.74144,11.002,0.042
4516.7417,11.389,0.04
4516.75941,11.264,0.037
4518.77445,10.984,0.031
4518.78853,10.958,0.031
4520.83065,11.041,0.032
4521.77397,10.999,0.029
4523.6855,10.97,0.025
4523.84128,11.244,0.025
4525.73942,11.122,0.032
4526.69864,11.06,0.03
4527.79377,11.365,0.028
4528.75592,11.316,0.034
4530.66575,11.164,0.027
4531.68948,10.965,0.027
4532.74116,11.382,0.028
4535.69673,11.012,0.027
4535.83086,11.235,0.027
4537.72807,11.098,0.03
4537.83235,11.047,0.027
4539.72771,11.163,0.038
4540.63633,11.037,0.035
4541.72392,11.059,0.027
4542.67767,11.019,0.037
4543.73317,11.154,0.03
4547.55921,11.266,0.037
4548.79829,11.024,0.031
4551.68297,11.009,0.024
4551.72297,11.172,0.026
4553.71604,11.013,0.023
4553.75462,11.004,0.038
4555.73144,11.317,0.023
4555.79342,11.191,0.024
4557.78408,10.994,0.028
4558.58651,11.328,0.033
4559.82412,11.047,0.027
4560.62965,11.09,0.028
4562.61186,12.259,0.032
4562.66291,10.989,0.028
4564.68917,11.336,0.024
4564.72956,11.168,0.029
4566.6751,10.992,0.027
4566.75033,11.183,0.031
4568.68403,11.428,0.025
4568.80238,11.053,0.037
4571.55844,11.119,0.027
4572.63891,11.213,0.025
4573.60828,11.348,0.031
4575.63408,11.004,0.029
4576.62313,11.107,0.042
4579.63454,11.046,0.031
4579.77388,11.079,0.028
4582.63321,11.032,0.029
4582.77489,11.416,0.028
4585.66357,11.07,0.026
4586.56319,11.299,0.028
4587.70538,11.39,0.031
4588.64176,12.154,0.032
4590.51269,11.31,0.031
4590.7138,11.156,0.03
4592.57098,11.104,0.038
4592.66291,11.299,0.032
4594.61289,11.011,0.025
4594.67999,11.083,0.033
4596.61967,11.38,0.028
4596.67948,11.166,0.023
4602.621,10.967,0.033
4606.62397,11.007,0.034
4607.55483,11.02,0.034
4608.63004,11.346,0.035
4609.5995,11.285,0.029
4611.56551,10.996,0.036
4611.62632,11.181,0.029
4616.56898,11.27,0.026
4618.59087,11.019,0.026
4618.59906,10.932,0.028
4622.58382,11.023,0.03
4622.59198,10.991,0.029
4626.6245,11.014,0.03
4626.62777,11.063,0.027
4629.48811,11.245,0.032
4630.62295,11.082,0.028
4631.56313,11.048,0.029
4632.64253,11.115,0.031
4633.59322,11.081,0.032
4639.5611,11.126,0.029
4639.56954,11.1,0.026
4641.59739,10.983,0.025
4643.60059,11.315,0.032
4643.60386,11.335,0.031
4645.6119,10.986,0.04
4646.49017,11.157,0.043
4648.58505,11.239,0.035
4651.50486,10.977,0.032
4652.59619,11.145,0.028
4653.50928,11.358,0.026
4654.56206,10.982,0.038
4657.54569,11.062,0.041
4659.50905,10.99,0.028
4662.51792,11.045,0.038
4663.52542,11.035,0.041
4664.54368,11.371,0.027
4666.52943,10.958,0.031
4667.5135,11.094,0.026
4670.51869,11.019,0.035
4671.5073,11.101,0.025
4674.48878,11.051,0.03
4674.51126,10.973,0.029
4681.48684,11.199,0.032
4684.47594,11.265,0.03
4685.4794,11.19,0.033
4687.49776,11.19,0.032
4691.48418,11.049,0.033
4698.47412,10.952,0.032
4779.86282,11.352,0.031
4794.84287,11.077,0.032
4795.85354,11.447,0.038
4798.85436,11.137,0.028
4800.83998,11.086,0.037
4802.83359,11.066,0.031
4806.82732,11.111,0.026
4806.8401,11.116,0.03
4810.83381,11.132,0.033
4810.84138,11.185,0.035
4814.82339,11.127,0.034
4814.843,11.255,0.033
4819.84317,11.229,0.028
4819.8515,11.223,0.028
4822.83949,11.258,0.026
4822.858,11.394,0.029
4826.80408,11.117,0.03
4826.81566,11.129,0.032
4830.80125,11.139,0.037
4830.81481,11.16,0.041
4833.84075,11.047,0.027
4837.79544,11.001,0.034
4837.84779,11.12,0.034
4843.80721,11.311,0.03
4845.84657,11.145,0.026
4846.83593,11.368,0.025
4849.7875,11.016,0.036
4849.87128,11.367,0.035
4852.78181,11.072,0.03
4852.81656,11.013,0.037
4856.77827,11.051,0.035
4856.81045,10.932,0.051
4860.7879,10.971,0.033
4860.84139,11.023,0.024
4863.75644,11.359,0.035
4863.82008,11.137,0.032
4866.75695,11.171,0.032
4866.80484,11.376,0.027
4869.74269,11.007,0.035
4869.78019,11.049,0.034
4871.78687,11.125,0.034
4872.75102,11.051,0.03
4876.80253,10.956,0.032
4877.70568,11.037,0.031
4879.76224,11.214,0.026
4882.72822,11.215,0.037
4883.70836,11.366,0.033
4884.82738,11.022,0.033
4886.74641,11.256,0.051
4887.76338,11.085,0.045
4889.6882,11.025,0.048
4891.76942,11.129,0.046
4892.85013,11.261,0.035
4898.77122,11.344,0.041
4899.77275,11.024,0.046
4903.75936,11.095,0.048
4903.77453,11.038,0.05
4905.81453,11.36,0.039
4905.83439,11.208,0.047
4908.66616,11.189,0.039
4914.68519,11.217,0.037
4914.70415,11.277,0.042
4916.72691,11,0.037
4916.76504,11.63,0.036
4918.81385,11.032,0.043
4918.8511,11.081,0.049
4921.63711,10.989,0.043
4921.65414,10.982,0.035
4926.63789,11.031,0.042
4926.67432,11.286,0.039
4931.65084,11.32,0.045
4933.69428,11.089,0.045
4937.67152,11.08,0.043
4937.77657,11.257,0.036
4939.71674,11.002,0.042
4945.64276,11.066,0.037
4947.6948,11.016,0.034
4949.72421,11.375,0.044
4952.62493,11.037,0.049
4962.57873,11.235,0.044
4962.58695,11.076,0.047
4964.62782,10.987,0.046
4966.7504,10.945,0.044
4969.53545,11.045,0.038
4969.6331,11.085,0.042
4972.62425,10.992,0.034
4972.6716,11.025,0.039
4986.49871,11.028,0.041
4988.55136,11.128,0.041
4990.60705,11.322,0.043
4994.60249,11.368,0.035
5006.61976,11.257,0.047
5013.52891,11.006,0.044
5013.53308,10.927,0.042
5015.56367,11.179,0.047
5015.56694,11.149,0.037
5019.5345,11.26,0.048
5021.55677,11.094,0.037
5021.55995,11.11,0.036
5023.56074,11.145,0.034
5024.47008,11.29,0.039
5037.48087,10.928,0.038
5039.47105,11.398,0.04
5040.48097,11.071,0.036
5041.49912,11.005,0.038
5042.51164,11.376,0.042
5048.48244,11.045,0.04
5048.48796,11.033,0.038
5057.48791,10.999,0.039
