1899.84343,10.204,0.059
1919.80673,9.734,0.067
1921.75049,10.012,0.072
1924.80532,10.279,0.07
1925.80292,10.074,0.057
1926.7904,9.921,0.07
1929.83012,9.539,0.062
1930.83833,9.644,0.061
1931.83532,9.772,0.06
1936.7463,10.258,0.059
1938.7332,9.9,0.06
1940.74423,9.324,0.061
1945.80171,10.166,0.051
1947.73239,10.336,0.064
1948.75168,10.153,0.064
1949.80255,9.932,0.054
1950.72628,9.856,0.054
1953.73086,9.616,0.049
1954.74193,9.711,0.052
1955.7281,9.848,0.048
1958.719,10.27,0.049
1961.71538,9.905,0.048
1962.74703,9.713,0.05
1963.71497,9.226,0.05
1964.71156,9.53,0.048
1965.71371,9.662,0.047
1967.69717,9.927,0.049
1968.70136,10.074,0.047
1971.71578,10.257,0.062
1977.66676,9.665,0.053
1978.70658,9.8,0.056
1979.67556,9.943,0.054
1980.68108,10.089,0.051
1981.68704,10.271,0.051
1982.66598,10.317,0.05
1984.67802,9.961,0.049
1985.66595,9.858,0.049
2093.53581,9.617,0.076
2235.83461,10.001,0.051
2237.83437,10.29,0.058
2242.82288,9.173,0.059
2441.49243,9.478,0.051
2443.48807,9.726,0.05
2445.49915,10.045,0.054
2453.4591,9.536,0.05
2456.46907,9.929,0.06
2463.49788,9.404,0.059
2465.51642,9.605,0.049
2467.50856,9.831,0.056
2469.50655,10.146,0.055
2473.47276,9.959,0.048
2482.52557,10.318,0.051
2489.47306,9.661,0.05
2495.4796,10.209,0.049
2502.48704,9.856,0.05
2503.50558,9.987,0.052
2508.48361,9.926,0.054
2512.48236,9.615,0.049
2622.78919,10.283,0.072
2624.83808,9.935,0.067
2628.79816,9.613,0.052
2634.8504,10.234,0.07
2637.82901,9.579,0.066
2641.79376,9.798,0.067
2644.8175,10.247,0.068
2651.79264,9.583,0.065
2657.76808,10.282,0.061
2659.7973,9.916,0.072
2661.8145,9.223,0.069
2663.80975,9.628,0.068
2665.81555,9.911,0.082
2667.83116,10.226,0.061
2670.77713,10.014,0.065
2672.82832,9.506,0.068
2674.81555,9.558,0.068
2676.77178,9.815,0.075
2678.76513,10.128,0.073
2680.75841,10.318,0.072
2684.70769,9.279,0.069
2686.73188,9.612,0.074
2688.7386,9.837,0.071
2690.73862,10.181,0.069
2692.79808,10.282,0.075
2696.76335,9.242,0.065
2698.79939,9.631,0.074
2704.73796,10.228,0.071
2706.70996,9.878,0.069
2712.65801,9.968,0.066
2714.65237,10.258,0.066
2717.66678,9.958,0.071
2719.75128,9.241,0.054
2721.6952,9.597,0.073
2722.81362,9.723,0.067
2724.7049,10.024,0.068
2725.86195,10.22,0.074
2727.70937,10.312,0.076
2733.7099,9.653,0.062
2734.77909,9.767,0.068
2736.64391,10.056,0.077
2738.62352,10.314,0.069
2739.81339,10.193,0.071
2741.67825,9.879,0.069
2742.82666,9.327,0.074
2744.6594,9.562,0.068
2747.73398,9.974,0.057
2750.77148,10.302,0.079
2752.67404,9.947,0.064
2754.7717,9.212,0.07
2756.72025,9.628,0.053
2757.81214,9.725,0.059
2759.66357,10.021,0.066
2760.75078,10.196,0.071
2762.71002,10.286,0.056
2766.69343,9.249,0.066
2775.64964,9.998,0.054
2782.68157,9.982,0.09
2782.68729,9.978,0.053
2784.61068,10.272,0.062
2786.60142,10.131,0.062
2790.49173,9.462,0.067
2791.69753,9.618,0.069
2794.54762,10.063,0.066
2808.668,10.293,0.071
2810.55325,9.999,0.073
2819.54026,10.281,0.061
2821.57098,10.147,0.063
2826.54789,9.62,0.05
2829.57286,10.052,0.057
2831.59625,10.297,0.061
2833.56821,10.007,0.064
2835.55891,9.632,0.058
2838.55125,9.675,0.062
2841.56583,10.102,0.063
2843.54629,10.321,0.053
2853.47876,10.168,0.054
2855.52985,10.321,0.054
2859.5255,9.207,0.063
2861.5239,9.623,0.062
2864.51957,10.032,0.071
2868.49242,10.042,0.056
2875.47589,9.948,0.075
2877.48175,10.262,0.069
2958.84874,10.234,0.062
2962.84422,9.865,0.066
2971.83574,10.394,0.048
2975.81632,9.224,0.06
2978.82258,9.751,0.047
2981.82783,10.188,0.068
2985.80829,9.9,0.063
2988.83078,9.55,0.071
3008.81298,9.923,0.059
3011.82196,9.516,0.071
3015.82414,10.061,0.053
3018.80427,10.283,0.066
3024.86511,9.681,0.059
3031.78709,9.988,0.064
3034.76434,9.422,0.066
3037.8568,9.854,0.072
3041.77076,10.316,0.068
3043.81154,9.915,0.066
3046.75093,9.518,0.05
3049.73589,9.887,0.048
3052.73058,10.282,0.063
3054.80055,10.019,0.049
3057.7138,9.296,0.064
3059.78997,9.661,0.064
3064.78959,10.26,0.076
3067.74713,9.815,0.059
3069.74772,9.459,0.058
3071.76163,9.825,0.053
3073.81002,10.029,0.056
3076.66352,10.287,0.06
3078.71471,9.887,0.074
3080.75441,9.219,0.058
3082.81041,9.666,0.069
3086.74185,10.243,0.053
3088.76077,10.219,0.069
3090.79706,9.878,0.068
3092.74125,9.342,0.058
3096.71716,9.969,0.059
3098.70492,10.24,0.063
3100.72889,10.175,0.053
3102.73368,9.852,0.064
3104.75464,9.482,0.069
3106.75248,9.731,0.065
3108.75227,10.015,0.062
3110.8528,10.312,0.068
3113.56552,9.924,0.051
3115.6169,9.219,0.05
3118.68332,9.791,0.063
3122.59743,10.309,0.058
3124.61367,9.996,0.053
3126.62846,9.494,0.056
3127.74299,9.366,0.075
3129.75132,9.697,0.074
3131.77179,9.979,0.071
3142.58262,9.864,0.052
3145.60983,10.278,0.061
3153.61038,9.765,0.054
3163.68678,9.586,0.071
3165.68768,9.857,0.075
3169.5008,10.304,0.061
3178.58881,10.037,0.054
3182.54542,10.075,0.067
3184.55429,9.705,0.067
3189.63191,9.92,0.075
3219.51837,9.642,0.052
3355.81323,10.285,0.077
3363.80425,9.881,0.05
3389.80879,10.261,0.052
3392.79482,9.946,0.057
3395.81655,9.505,0.067
3398.77335,9.907,0.072
3400.83327,10.211,0.05
3403.81094,10.034,0.072
3408.81892,9.651,0.076
3411.75176,10.1,0.054
3414.72245,10.206,0.067
3425.7686,10.258,0.057
3427.81,9.964,0.071
3438.69574,10.049,0.063
3442.67028,9.544,0.066
3444.70726,9.819,0.055
3446.71004,10.119,0.069
3450.69249,9.972,0.044
3453.62568,9.414,0.051
3455.67356,9.703,0.055
3457.67594,9.998,0.067
3459.67396,10.259,0.064
3461.68562,10.107,0.072
3463.74835,9.732,0.055
3465.78094,9.52,0.052
3468.70418,9.897,0.051
3470.71614,10.216,0.066
3472.76627,10.23,0.069
3474.84835,9.877,0.071
3477.57564,9.537,0.056
3481.61768,10.123,0.072
3483.63999,10.288,0.054
3486.76694,9.836,0.058
3489.77686,9.605,0.073
3497.7743,9.915,0.072
3503.55609,9.885,0.071
3506.591,10.308,0.05
3509.63361,9.876,0.049
3511.68017,9.37,0.065
3515.68828,9.962,0.055
3521.59871,9.839,0.058
3523.60128,9.475,0.073
3525.62121,9.731,0.053
3529.62258,10.289,0.077
3538.57022,9.922,0.053
3540.61114,10.198,0.056
3547.66061,9.566,0.055
3547.66302,9.563,0.048
3547.66551,9.576,0.049
3547.66877,9.572,0.047
3547.67127,9.607,0.047
3547.67378,9.581,0.047
3547.67627,9.594,0.047
3547.67876,9.567,0.051
3547.68206,9.573,0.048
3547.68456,9.599,0.048
3547.68707,9.565,0.047
3547.68957,9.595,0.048
3547.69206,9.594,0.052
3547.69457,9.579,0.049
3562.59792,10.059,0.056
3564.57012,10.309,0.069
3570.522,9.523,0.067
3574.52225,10.081,0.062
3576.5609,10.305,0.07
3584.53137,9.818,0.072
3587.49405,10.262,0.068
3589.52118,10.133,0.075
3592.48418,9.24,0.074
3600.50431,10.255,0.076
3607.48602,9.78,0.072
3675.86099,9.557,0.069
3702.84156,10.126,0.072
3706.83134,9.935,0.074
3725.83392,10.093,0.073
3732.82309,9.384,0.079
3739.82541,10.322,0.076
3742.83352,9.81,0.07
3745.84733,9.627,0.068
3748.83778,10.025,0.07
3754.80372,9.88,0.071
3757.79146,9.648,0.071
3760.78445,10.082,0.074
3763.7774,10.219,0.061
3766.77934,9.369,0.057
3772.75956,10.157,0.076
3775.73986,10.132,0.075
3780.7374,9.587,0.073
3783.78306,10.061,0.081
3788.77579,9.901,0.073
3791.7109,9.559,0.078
3793.75621,9.801,0.075
3795.80791,10.108,0.07
3800.7401,9.822,0.08
3803.6768,9.594,0.079
3805.72306,9.84,0.075
3808.71436,10.255,0.077
3810.78262,10.119,0.076
3812.85247,9.761,0.078
3815.64563,9.64,0.077
3817.69583,9.9,0.072
3819.75693,10.219,0.059
3822.61764,10.04,0.075
3824.68869,9.594,0.071
3826.69785,9.534,0.075
3831.59742,10.245,0.074
3833.64807,10.186,0.078
3835.661,9.84,0.079
3837.7016,9.438,0.077
3850.63235,9.64,0.055
3854.64434,10.206,0.075
3861.59109,9.559,0.069
3863.58901,9.905,0.074
3865.6004,10.107,0.076
3867.6435,10.33,0.072
3869.64196,9.952,0.077
3871.63414,9.287,0.069
3874.72634,9.729,0.076
3882.52396,9.801,0.055
3886.52461,9.724,0.07
3888.54982,10.042,0.069
3890.54807,10.322,0.069
3892.55457,10.019,0.073
3894.62268,9.512,0.058
3902.49437,10.305,0.071
3904.52922,9.985,0.075
3906.55007,9.284,0.071
4091.80681,9.83,0.054
4103.82654,9.685,0.054
4106.80698,9.967,0.056
4125.7817,9.962,0.048
4128.78089,9.488,0.049
4136.81491,10.02,0.057
4141.80328,9.687,0.053
4146.7979,10.299,0.054
4150.7416,9.404,0.05
4152.77688,9.576,0.049
4154.81255,9.851,0.054
4159.75903,10.119,0.054
4161.76026,9.794,0.053
4163.76172,9.512,0.064
4168.81376,10.169,0.054
4173.76211,9.619,0.051
4176.64685,9.676,0.051
4181.6354,10.274,0.067
4183.69721,10.008,0.052
4185.69712,9.359,0.05
4188.84192,9.704,0.05
4190.76156,9.976,0.051
4192.74412,10.267,0.05
4194.77167,10.11,0.056
4197.77762,9.21,0.061
4200.71038,9.769,0.049
4203.71222,10.193,0.051
4205.71771,10.282,0.051
4208.78263,9.535,0.059
4213.67685,9.959,0.054
4216.66996,10.306,0.052
4229.59143,10.134,0.049
4231.59579,9.807,0.049
4233.59771,9.509,0.046
4235.59674,9.756,0.053
4237.61538,10.036,0.058
4246.5543,9.672,0.049
4249.52749,10.105,0.05
4253.56225,9.988,0.047
4254.71106,9.825,0.054
4257.55245,9.611,0.057
4259.573,9.836,0.051
4267.60123,9.218,0.055
4269.62897,9.629,0.05
4272.58367,10.058,0.046
4274.60306,10.304,0.044
4277.59273,9.885,0.047
4284.58429,10.149,0.055
4286.57852,10.333,0.065
4290.58366,9.278,0.043
4292.54794,9.6,0.045
4294.55704,9.866,0.045
4296.54835,10.184,0.05
4298.55304,10.275,0.056
4300.512,9.93,0.056
4303.54649,9.546,0.047
4305.5335,9.762,0.047
4311.51249,10.025,0.056
4317.50818,9.803,0.048
4330.4748,10.034,0.051
4332.49885,10.309,0.052
4339.47988,9.638,0.05
4343.47844,10.217,0.052
4429.85191,9.521,0.053
4437.82029,10.335,0.053
4441.8337,9.303,0.05
4458.79883,10.093,0.055
4462.79867,10.032,0.051
4465.82352,9.322,0.061
4469.79153,9.952,0.053
4473.83173,10.169,0.057
4480.81557,9.858,0.056
4484.81576,10.271,0.052
4487.78791,9.727,0.052
4490.78187,9.624,0.05
4492.84905,10.04,0.051
4499.72232,9.522,0.054
4502.75353,9.696,0.051
4505.74666,10.132,0.051
4507.81877,10.299,0.057
4510.73988,10.096,0.053
4516.74228,10.007,0.068
4518.77576,10.278,0.056
4520.84304,10.038,0.063
4523.69507,9.241,0.048
4525.75596,9.66,0.048
4527.90096,9.959,0.059
4530.6855,10.311,0.053
4532.77084,10.008,0.047
4536.68585,9.573,0.049
4538.72221,9.759,0.052
4540.77793,10.143,0.052
4542.71339,10.315,0.058
4546.74286,9.247,0.057
4548.74325,9.625,0.057
4551.68422,10.036,0.053
4553.71709,10.3,0.052
4555.73254,10.06,0.05
4557.78786,9.617,0.052
4559.82928,9.535,0.05
4562.6133,9.942,0.051
4564.69087,10.268,0.047
4566.6766,10.186,0.051
4568.68844,9.867,0.048
4570.67816,9.409,0.049
4572.62869,9.69,0.05
4574.64509,9.965,0.057
4576.66939,10.272,0.056
4579.7882,10.303,0.06
4583.55751,9.618,0.054
4586.58572,10.031,0.047
4588.64977,10.33,0.051
4590.71863,9.994,0.057
4592.70871,9.594,0.047
4594.71401,9.566,0.046
4596.71854,9.827,0.048
4601.58464,10.235,0.053
4603.63518,9.859,0.053
4607.63599,9.703,0.056
4609.69828,9.981,0.05
4611.66296,10.724,0.052
4616.61101,9.219,0.048
4623.68265,10.297,0.047
4626.54238,9.916,0.05
4630.56718,9.667,0.05
4632.59801,9.972,0.054
4639.60298,9.305,0.052
4641.63536,9.589,0.052
4652.62037,9.552,0.052
4654.58997,9.765,0.052
4656.57606,10.074,0.057
4659.57374,10.268,0.056
4664.59568,9.563,0.057
4667.53539,9.948,0.048
4671.52929,10.205,0.048
4679.55558,10.028,0.051
4686.52177,9.252,0.058
4698.48894,9.326,0.051
4701.47717,9.805,0.052
4704.47549,10.24,0.058
4793.84941,9.69,0.06
4798.83996,10.267,0.055
4802.81908,9.248,0.051
4806.81719,9.883,0.053
4810.82393,10.243,0.051
4814.8162,9.337,0.057
4819.83384,10.117,0.051
4822.83059,10.198,0.049
4826.79251,9.464,0.054
4830.79363,10.032,0.05
4833.833,10.243,0.051
4837.78427,9.224,0.049
4845.82261,10.216,0.056
4848.80192,9.499,0.055
4851.83579,9.687,0.051
4855.80109,10.265,0.051
4860.80565,9.238,0.059
4863.77438,9.726,0.053
4866.76752,10.188,0.052
4869.78131,10.088,0.051
4872.75192,9.233,0.06
4875.82604,9.802,0.056
4881.71433,9.992,0.052
4884.71997,9.331,0.055
4892.78276,10.144,0.072
4906.65945,9.746,0.075
4908.74767,9.574,0.072
4914.78,10.3,0.076
4919.69437,9.379,0.072
4921.82919,9.737,0.074
4946.64174,9.933,0.078
4984.59656,10.315,0.075
4994.64675,10.163,0.076
5006.6145,10.21,0.07
5022.5816,9.851,0.072
5031.5468,10.305,0.07
5037.50523,9.623,0.069
5039.50229,9.912,0.075
5041.51242,10.233,0.07
5048.51607,9.575,0.074
