1878.8212,11.177,0.047
1886.80934,11.066,0.044
1888.81292,11.031,0.051
1899.83671,10.919,0.039
1918.73351,10.8,0.045
1919.80673,10.801,0.046
1921.75049,10.781,0.05
1922.83939,10.783,0.038
1924.80532,10.768,0.049
1925.80292,10.761,0.047
1926.7904,10.75,0.049
1929.83012,10.788,0.045
1930.83833,10.803,0.043
1931.83532,10.814,0.043
1936.7463,10.859,0.042
1938.7332,10.869,0.044
1940.74423,10.856,0.044
1945.80171,10.929,0.039
1947.73239,10.954,0.045
1948.75168,10.956,0.046
1949.80255,10.971,0.041
1950.72628,10.961,0.041
1953.73086,11.046,0.039
1954.74036,11.026,0.038
1955.73549,11.013,0.036
1958.719,11.132,0.042
1961.71538,11.186,0.039
1962.74703,11.085,0.042
1963.71497,11.144,0.043
1964.71156,11.103,0.039
1965.71371,11.123,0.04
1967.69717,11.148,0.041
1968.70136,11.149,0.041
1971.71578,11.136,0.051
1977.66676,11.277,0.047
1978.70658,11.198,0.05
1979.67556,11.264,0.049
1980.68108,11.207,0.047
1981.68704,11.272,0.045
1982.66598,11.244,0.044
1984.67802,11.189,0.046
1985.66595,11.18,0.048
2093.53581,10.905,0.053
2232.8553,11.224,0.046
2234.84028,11.208,0.041
2236.84453,11.206,0.044
2239.84678,11.214,0.047
2241.83123,11.24,0.043
2441.49243,10.874,0.04
2443.48807,10.925,0.039
2445.49915,10.928,0.041
2453.4591,10.893,0.045
2456.46907,10.966,0.051
2463.49788,10.97,0.043
2465.51642,10.973,0.044
2467.50856,10.95,0.042
2469.50655,10.978,0.047
2473.47276,10.961,0.043
2482.52557,10.99,0.049
2489.47306,10.969,0.042
2495.4796,11.025,0.046
2502.48704,11.089,0.047
2503.50558,11.076,0.049
2508.48361,11.076,0.04
2512.48236,11.108,0.042
2622.787,11.262,0.037
2622.78919,11.261,0.05
2624.83808,11.17,0.048
2625.80709,11.319,0.036
2628.79816,11.279,0.045
2634.8504,11.255,0.048
2637.82696,11.256,0.033
2637.82901,11.258,0.046
2641.79376,11.285,0.046
2644.81555,11.247,0.033
2644.8175,11.208,0.047
2651.79264,11.073,0.051
2657.76808,10.959,0.048
2659.7973,10.95,0.053
2661.8145,10.967,0.049
2663.80975,10.907,0.049
2665.81555,10.82,0.058
2665.83657,10.964,0.052
2667.83116,10.931,0.045
2670.77713,10.831,0.047
2672.82832,10.808,0.048
2674.81555,10.8,0.048
2676.77178,10.771,0.053
2678.76513,10.767,0.051
2680.75841,10.741,0.052
2684.70769,10.765,0.049
2686.73188,10.717,0.052
2688.7386,10.748,0.052
2690.73862,10.782,0.05
2692.79808,10.718,0.055
2696.76335,10.737,0.049
2698.79939,10.711,0.054
2704.73796,10.821,0.052
2706.70996,10.744,0.051
2712.65801,10.666,0.054
2714.65237,10.843,0.047
2717.66678,10.759,0.052
2719.75128,10.722,0.046
2721.6952,10.705,0.058
2722.81362,10.79,0.051
2724.7049,10.729,0.052
2725.86195,10.891,0.052
2727.70937,10.759,0.053
2733.7099,10.868,0.047
2734.77909,10.953,0.049
2736.64391,10.852,0.052
2738.62352,10.839,0.052
2739.81339,10.928,0.049
2741.67825,10.891,0.052
2742.82666,11.001,0.053
2744.6594,11.013,0.049
2747.73398,11.042,0.049
2750.77148,11.125,0.054
2752.67404,11.092,0.045
2754.7717,11.159,0.048
2756.72025,11.179,0.041
2757.81214,11.231,0.05
2759.66357,11.255,0.046
2760.75078,11.392,0.055
2762.71002,11.321,0.048
2766.69343,11.314,0.046
2775.64964,11.334,0.04
2782.68729,11.371,0.043
2784.61068,11.333,0.045
2786.60142,11.351,0.044
2790.49173,11.224,0.051
2791.69753,11.457,0.048
2794.54762,11.232,0.058
2808.668,11.34,0.05
2810.55325,11.33,0.052
2819.54026,11.335,0.043
2821.57098,11.285,0.045
2826.54789,11.23,0.039
2829.57286,11.297,0.047
2831.59625,11.282,0.044
2833.56821,11.257,0.052
2835.55891,11.421,0.041
2838.55125,11.218,0.043
2841.56583,11.202,0.044
2843.54629,11.217,0.044
2853.47876,11.101,0.041
2855.52985,11.098,0.041
2859.5255,11.112,0.046
2861.5239,11.076,0.044
2864.51957,11.133,0.051
2868.49242,11.157,0.041
2875.47589,11.177,0.051
2877.48175,11.171,0.05
2955.85972,10.973,0.037
2958.84874,10.994,0.045
2962.84422,10.991,0.049
2971.83574,11.031,0.039
2975.81632,11.017,0.043
2978.82258,11.025,0.04
2981.82783,11.079,0.047
2985.80829,11.115,0.045
2988.83078,11.148,0.049
3008.81298,11.174,0.044
3011.82196,11.208,0.05
3015.82414,11.207,0.043
3018.80427,11.163,0.047
3024.86511,11.165,0.044
3031.78709,11.251,0.046
3034.76434,11.256,0.047
3037.8568,11.294,0.05
3041.77076,11.323,0.047
3043.81154,11.399,0.048
3046.75093,11.379,0.042
3049.73589,11.392,0.039
3052.73058,11.485,0.045
3054.80055,11.451,0.041
3057.7138,11.359,0.046
3059.78997,11.42,0.046
3064.78959,11.408,0.055
3067.74713,11.334,0.044
3069.74772,11.226,0.042
3071.76163,11.218,0.043
3073.81002,11.207,0.046
3076.66352,11.181,0.044
3078.71471,11.154,0.054
3080.75441,11.065,0.048
3082.81041,11.093,0.048
3086.74185,11.12,0.044
3088.76077,11.001,0.048
3090.79706,10.987,0.05
3092.74125,11.025,0.043
3096.71716,10.95,0.044
3098.70492,10.929,0.045
3100.72889,10.925,0.045
3102.73368,10.921,0.045
3104.75464,10.931,0.049
3106.75248,10.929,0.047
3108.75227,10.961,0.046
3110.8528,10.996,0.047
3113.56552,10.959,0.044
3115.6169,10.988,0.042
3118.68332,11.018,0.046
3122.59743,11.046,0.043
3124.61367,11.068,0.045
3126.62846,11.061,0.046
3127.74299,11.077,0.051
3129.75132,11.075,0.051
3131.77179,11.056,0.051
3142.58262,11.076,0.043
3145.60983,11.108,0.045
3153.61038,11.125,0.045
3163.68678,11.153,0.049
3165.68768,11.217,0.053
3169.5008,11.268,0.05
3178.58881,11.282,0.048
3182.54542,11.286,0.048
3184.55429,11.27,0.048
3189.63191,11.358,0.053
3219.51837,11.347,0.04
3357.83416,11.014,0.049
3386.8164,11.047,0.048
3389.79958,11.059,0.045
3392.81036,11.169,0.047
3396.74202,11.145,0.043
3399.77976,11.141,0.046
3400.83327,11.12,0.041
3405.76013,11.125,0.045
3408.74441,11.187,0.045
3408.81892,11.145,0.056
3411.7382,11.184,0.044
3413.8104,11.216,0.044
3416.72805,11.26,0.043
3418.7855,11.232,0.043
3420.78935,11.236,0.053
3422.81112,11.264,0.045
3424.7758,11.273,0.044
3426.76186,11.291,0.041
3427.81,11.308,0.051
3430.81009,11.335,0.038
3432.82189,11.358,0.039
3436.69544,11.331,0.036
3439.73538,11.388,0.039
3444.80068,11.466,0.037
3446.84403,11.395,0.039
3452.64475,11.351,0.036
3454.71606,11.443,0.037
3456.73182,11.382,0.039
3458.72109,11.343,0.041
3460.7229,11.322,0.043
3462.86318,11.379,0.044
3465.60493,11.317,0.04
3467.7806,11.367,0.038
3470.5869,11.312,0.037
3472.64097,11.342,0.042
3474.67036,11.296,0.034
3476.73415,11.181,0.041
3478.70232,11.275,0.043
3480.69627,11.175,0.046
3482.70663,11.236,0.043
3484.74503,11.163,0.043
3489.59561,11.146,0.038
3491.60249,11.107,0.051
3495.59913,11.053,0.036
3497.63838,11.031,0.036
3504.68841,10.967,0.054
3508.69428,10.951,0.035
3511.59753,10.982,0.036
3515.64087,10.971,0.039
3517.6327,10.95,0.04
3521.57972,10.973,0.039
3523.58383,11.021,0.047
3525.60594,11.027,0.044
3529.6092,11.07,0.046
3538.52579,11.167,0.037
3540.5975,11.135,0.043
3543.56618,11.185,0.046
3547.66061,11.279,0.046
3547.66302,11.218,0.039
3547.66551,11.227,0.039
3547.66877,11.227,0.038
3547.67127,11.219,0.039
3547.67378,11.241,0.039
3547.67627,11.272,0.038
3547.67876,11.252,0.041
3547.68206,11.221,0.04
3547.68456,11.232,0.038
3547.68707,11.211,0.038
3547.68957,11.193,0.037
3547.69206,11.24,0.04
3547.69457,11.252,0.041
3554.60079,11.312,0.04
3558.5299,11.312,0.042
3562.52781,11.359,0.041
3564.53503,11.386,0.039
3569.54824,11.359,0.037
3573.55162,11.443,0.038
3575.56925,11.398,0.037
3578.53836,11.376,0.041
3583.51671,11.409,0.047
3586.49636,11.276,0.043
3588.53661,11.392,0.05
3591.48761,11.291,0.046
3594.49744,11.287,0.047
3600.48166,11.279,0.043
3603.47828,11.243,0.041
3607.47213,11.272,0.043
3702.85616,11.372,0.045
3706.85729,11.361,0.049
3714.81029,11.471,0.044
3718.81454,11.414,0.05
3722.81214,11.351,0.047
3726.80463,11.303,0.047
3734.80308,11.2,0.048
3737.82188,11.157,0.045
3740.84304,11.148,0.044
3744.79208,11.069,0.051
3748.77388,11.121,0.051
3751.8131,11.067,0.043
3754.80172,11.09,0.045
3757.81719,11.066,0.041
3760.79617,11.089,0.048
3763.78721,11.064,0.058
3766.77312,11.114,0.048
3769.76727,11.112,0.051
3772.77562,11.073,0.045
3775.76748,11.022,0.046
3780.78855,11.066,0.046
3783.82214,11.1,0.045
3787.84671,11.044,0.046
3790.72124,11.052,0.046
3795.69527,11.181,0.043
3797.75352,11.144,0.045
3800.67549,11.17,0.049
3802.73874,11.253,0.051
3804.75766,11.174,0.048
3806.75145,11.224,0.044
3809.75308,11.226,0.045
3811.79035,11.306,0.043
3813.85516,11.267,0.046
3816.65013,11.291,0.045
3818.70955,11.279,0.046
3820.73226,11.335,0.046
3822.751,11.368,0.053
3824.831,11.371,0.042
3827.62607,11.369,0.047
3829.66828,11.393,0.039
3831.67175,11.521,0.044
3833.66671,11.441,0.049
3835.67701,11.433,0.047
3837.71454,11.368,0.046
3847.70238,11.404,0.053
3849.6623,11.413,0.043
3851.6597,11.37,0.043
3853.70053,11.343,0.04
3858.58757,11.332,0.045
3860.61248,11.363,0.045
3862.58291,11.263,0.042
3864.6084,11.232,0.042
3866.62333,11.327,0.044
3868.66276,11.19,0.049
3870.65708,11.145,0.043
3872.65446,11.124,0.046
3876.61186,11.142,0.04
3881.68038,11.029,0.043
3886.50731,10.994,0.04
3888.54072,11.01,0.056
3890.54174,10.977,0.04
3892.5482,10.931,0.04
3894.62016,10.932,0.036
3902.49187,10.92,0.04
3904.52659,10.951,0.042
3906.54656,10.939,0.041
3908.54728,10.981,0.046
3913.64732,11.06,0.042
4103.83667,11.412,0.04
4106.8164,11.317,0.041
4126.79586,11.226,0.039
4129.77732,11.146,0.039
4132.76845,11.147,0.041
4134.80569,11.121,0.041
4136.83593,11.141,0.041
4139.74953,11.074,0.037
4141.81035,11.069,0.038
4144.74482,11.005,0.044
4146.81199,10.971,0.042
4150.73988,11.002,0.039
4152.78402,10.984,0.037
4154.82269,10.967,0.04
4157.70579,10.926,0.041
4159.76617,10.946,0.037
4161.76922,10.922,0.038
4163.78075,10.922,0.048
4165.79088,11.036,0.043
4168.823,10.912,0.04
4173.76925,10.994,0.038
4176.65647,11.013,0.045
4179.70929,11.059,0.038
4181.72278,11.101,0.045
4183.76014,11.167,0.044
4185.79532,11.153,0.041
4189.64396,11.223,0.036
4191.66836,11.219,0.036
4193.69677,11.243,0.039
4198.76391,11.257,0.049
4202.66507,11.295,0.039
4204.69206,11.378,0.039
4207.70968,11.324,0.04
4215.6832,11.433,0.037
4226.60365,11.317,0.057
4228.62239,11.362,0.037
4230.62595,11.318,0.039
4232.62348,11.333,0.039
4234.6279,11.319,0.037
4238.67385,11.342,0.043
4245.55865,11.398,0.054
4246.73407,11.318,0.037
4250.47946,11.279,0.036
4254.5049,11.154,0.039
4256.59399,11.156,0.035
4258.62361,11.118,0.034
4267.51152,10.875,0.038
4269.54178,10.833,0.035
4274.57322,10.687,0.035
4277.58031,10.668,0.039
4283.60252,10.633,0.039
4285.59794,10.66,0.04
4289.60203,10.649,0.038
4291.60651,10.694,0.036
4293.59689,10.705,0.035
4295.59993,10.713,0.036
4297.59611,10.736,0.04
4299.5704,10.707,0.038
4301.53651,10.745,0.043
4303.56609,10.779,0.036
4305.54837,10.807,0.035
4308.53881,10.903,0.048
4311.53715,10.834,0.037
4317.52617,10.915,0.036
4329.49306,11.122,0.05
4331.49638,11.126,0.038
4337.47649,11.224,0.037
4430.83846,10.902,0.042
4438.83783,10.903,0.046
4442.82844,10.864,0.039
4455.82101,10.994,0.043
4459.81522,11.065,0.045
4462.84908,11.09,0.038
4465.83747,11.108,0.043
4469.80025,11.243,0.039
4473.83709,11.289,0.043
4477.83915,11.337,0.039
4480.82127,11.407,0.05
4484.83432,11.383,0.038
4487.7981,11.484,0.039
4490.79132,11.446,0.037
4493.77963,11.512,0.039
4497.78853,11.457,0.037
4503.75416,11.39,0.039
4506.75568,11.441,0.038
4508.81346,11.484,0.04
4511.73441,11.452,0.04
4518.71374,11.419,0.037
4520.77737,11.35,0.042
4522.82306,11.329,0.037
4525.69557,11.243,0.042
4527.75981,11.268,0.04
4529.82468,11.2,0.04
4532.67625,11.176,0.038
4535.76713,11.181,0.04
4537.76806,11.123,0.036
4540.6524,11.121,0.046
4542.70724,10.979,0.04
4546.73416,10.986,0.042
4548.74154,10.949,0.04
4551.67796,10.903,0.038
4553.71117,10.901,0.038
4555.72656,10.902,0.036
4557.78016,10.884,0.037
4559.82006,10.89,0.045
4562.60339,10.828,0.038
4564.68164,10.869,0.037
4566.67025,10.853,0.039
4568.67929,10.895,0.041
4570.66353,10.865,0.036
4572.63432,10.863,0.039
4574.65295,10.936,0.042
4576.68159,10.922,0.04
4579.79715,10.915,0.041
4586.60356,11.008,0.04
4588.66211,11.085,0.041
4590.73827,11.087,0.046
4599.53704,11.194,0.041
4601.58249,11.222,0.037
4603.63299,11.207,0.038
4607.63379,11.284,0.043
4609.69236,11.26,0.04
4611.66066,11.259,0.041
4616.51314,11.383,0.037
4618.55771,11.366,0.037
4623.6618,11.398,0.038
4626.53036,11.332,0.036
4628.55029,11.393,0.038
4630.56197,11.356,0.037
4632.58682,11.34,0.038
4639.5216,11.376,0.038
4641.57321,11.319,0.037
4643.57664,11.343,0.043
4645.58678,11.294,0.045
4647.6081,11.207,0.049
4650.53736,11.246,0.054
4654.53952,11.139,0.042
4656.55192,10.967,0.046
4659.5709,11.011,0.041
4662.58251,10.906,0.051
4664.58651,10.964,0.041
4667.53248,10.887,0.038
4671.52635,10.764,0.036
4677.54474,10.757,0.045
4683.47195,10.731,0.046
4685.48888,10.639,0.046
4687.50196,10.758,0.044
4690.51038,10.742,0.037
4694.48961,10.715,0.047
4698.49089,10.789,0.045
4701.47907,10.741,0.038
4704.47826,10.836,0.047
4771.86794,11.491,0.039
4778.86425,11.441,0.044
4793.85602,11.085,0.047
4805.8488,10.884,0.041
4809.84123,10.795,0.04
4814.81384,11.173,0.045
4819.84521,10.759,0.041
4822.84474,10.82,0.038
4826.80594,10.774,0.039
4830.80213,10.789,0.04
4834.79243,10.885,0.04
4837.81951,10.905,0.041
4845.83638,10.994,0.041
4848.82117,11.021,0.043
4851.80661,11.33,0.043
4860.84322,11.154,0.039
4863.81181,11.201,0.041
4866.80666,11.223,0.039
4869.76168,11.26,0.04
4872.73943,11.337,0.041
4875.80864,11.346,0.044
4877.84874,11.371,0.037
4883.72158,11.361,0.038
4892.69994,11.312,0.051
4898.73472,11.308,0.051
4902.73771,11.345,0.055
4905.71548,11.294,0.051
4907.81062,11.242,0.051
4917.63053,11.138,0.053
4919.69827,11.1,0.057
4921.83311,11.124,0.056
4926.66631,11.092,0.055
4929.73468,11.059,0.056
4932.69108,11.042,0.056
4934.71534,10.998,0.057
4938.81736,10.986,0.053
4946.64808,10.901,0.056
4948.75749,10.874,0.051
4959.62255,10.925,0.055
4966.7287,10.964,0.056
4972.62654,11.033,0.05
4988.63567,11.292,0.058
4994.6414,11.442,0.053
5014.53788,11.658,0.057
5022.57463,11.624,0.058
5024.57751,11.752,0.057
5042.53196,11.472,0.056
5057.47511,11.086,0.056
