1870.84233,9.359,0.057
1872.84698,9.573,0.055
1876.83649,9.89,0.054
1878.8328,9.839,0.036
1884.83486,8.862,0.05
1886.81162,8.665,0.05
1888.81522,8.52,0.064
1899.85289,8.757,0.046
1902.82058,8.924,0.047
1904.80546,9.031,0.047
1906.80065,9.177,0.047
1908.79267,9.286,0.047
1913.82319,9.162,0.046
1915.78131,8.914,0.047
1918.74107,8.817,0.05
1919.85941,8.795,0.046
1921.76089,8.724,0.048
1922.87392,8.697,0.047
1924.8129,8.704,0.047
1925.8083,8.715,0.058
1926.80928,8.72,0.047
1928.82193,8.805,0.046
1929.83603,8.844,0.044
1931.73237,8.975,0.061
1932.81074,9.061,0.045
1933.86146,9.181,0.044
1935.83385,9.364,0.043
1937.75344,9.548,0.044
1939.72776,9.69,0.044
1945.80674,9.257,0.042
1947.74055,8.984,0.049
1948.78245,8.807,0.048
1949.81496,8.748,0.048
1950.73168,8.745,0.047
1953.73669,8.647,0.043
1954.75279,8.624,0.034
1955.7496,8.629,0.045
1958.73155,8.688,0.043
1961.72348,8.807,0.043
1962.75061,8.851,0.047
1963.72081,8.907,0.045
1964.72214,8.952,0.043
1965.71955,8.994,0.043
1966.72558,9.066,0.044
1967.7075,9.119,0.044
1968.71175,9.183,0.045
1971.7263,9.318,0.046
1977.68385,9.144,0.056
1981.70908,8.774,0.05
1982.67633,8.772,0.048
1984.68162,8.838,0.053
1985.67178,8.841,0.051
1993.67004,8.842,0.057
1994.65628,8.871,0.056
2025.56678,8.828,0.05
2026.58866,8.862,0.054
2027.58498,8.944,0.053
2030.55838,9.119,0.054
2031.57506,9.161,0.054
2032.57386,9.235,0.053
2033.56541,9.306,0.05
2034.56373,9.346,0.051
2038.56885,9.377,0.058
2053.5326,8.815,0.055
2055.48901,8.846,0.056
2056.53058,8.867,0.051
2057.51991,8.874,0.053
2059.48654,8.95,0.059
2062.50396,9.096,0.057
2068.48537,9.241,0.054
2070.47452,9.282,0.05
2079.46546,8.917,0.051
2082.4706,8.83,0.053
2085.49134,8.68,0.05
2087.49143,8.698,0.053
2094.46239,9.014,0.05
2096.49026,9.167,0.058
2103.50554,9.54,0.05
2106.47834,9.298,0.05
2116.48761,8.627,0.047
2130.483,9.462,0.049
2222.85933,9.035,0.047
2227.84735,9.52,0.054
2229.8568,9.723,0.043
2233.84185,9.856,0.036
2235.85019,9.453,0.041
2237.84777,8.866,0.039
2240.83031,8.598,0.039
2244.83058,8.503,0.051
2248.8035,8.618,0.043
2250.81934,8.683,0.05
2252.81195,8.802,0.047
2255.82089,8.995,0.045
2257.82047,9.138,0.044
2441.4967,8.714,0.045
2443.49451,8.741,0.044
2445.50554,8.827,0.044
2453.46304,9.432,0.052
2454.5235,9.531,0.037
2456.47297,9.648,0.052
2460.46927,9.488,0.056
2466.46192,8.658,0.041
2468.52945,8.629,0.04
2476.47874,8.712,0.059
2483.46121,9.074,0.061
2489.49027,9.388,0.052
2499.46788,8.737,0.043
2506.46549,8.663,0.061
2622.80343,9.229,0.047
2625.80951,8.849,0.048
2628.81458,8.775,0.043
2635.77744,8.68,0.063
2638.81423,8.716,0.054
2641.82893,8.837,0.045
2644.82511,9.053,0.047
2649.80968,9.69,0.044
2651.80486,9.885,0.049
2657.77589,9.348,0.061
2659.80734,9.079,0.046
2661.82232,8.871,0.047
2663.81568,8.703,0.048
2665.82116,8.595,0.053
2667.83944,8.522,0.047
2670.7805,8.56,0.044
2672.83173,8.615,0.045
2674.82153,8.699,0.046
2676.77985,8.8,0.044
2678.76861,8.902,0.043
2680.76418,9.024,0.048
2684.7182,9.251,0.049
2686.74677,9.295,0.051
2690.74448,9.018,0.052
2692.80395,8.88,0.057
2694.73582,8.824,0.045
2696.76695,8.778,0.045
2698.80301,8.714,0.047
2700.79439,8.692,0.046
2704.75079,8.771,0.047
2706.72048,8.853,0.044
2710.68266,9.106,0.048
2712.66853,9.412,0.048
2714.6628,9.634,0.045
2717.67039,9.943,0.049
2719.80156,9.883,0.041
2721.69877,9.586,0.05
2722.82009,9.373,0.047
2724.72677,8.987,0.039
2725.88263,8.879,0.052
2727.7129,8.723,0.045
2733.71336,8.537,0.044
2734.78255,8.593,0.045
2736.6497,8.64,0.045
2738.63155,8.733,0.049
2739.82909,8.785,0.048
2741.68163,8.877,0.044
2742.83002,8.944,0.05
2744.66273,9.064,0.048
2747.73727,9.24,0.048
2750.77471,9.239,0.046
2754.77486,8.886,0.045
2756.72338,8.873,0.044
2757.81525,8.823,0.058
2759.66665,8.819,0.044
2760.75383,8.792,0.049
2764.68039,8.675,0.044
2775.70479,9.274,0.044
2783.5513,9.734,0.042
2785.55308,9.5,0.042
2786.65018,9.355,0.043
2790.49881,8.833,0.062
2791.70218,8.79,0.048
2804.57511,8.793,0.052
2809.57274,9.087,0.043
2811.56651,9.17,0.045
2812.64668,9.247,0.047
2819.60018,9.083,0.044
2821.60968,8.765,0.045
2826.58724,8.712,0.042
2831.60484,8.65,0.046
2838.55491,8.936,0.044
2843.54985,9.5,0.058
2855.53322,8.873,0.043
2867.48098,8.66,0.044
2875.4862,9.111,0.051
2878.47525,9.244,0.043
2962.85211,8.689,0.046
2971.84783,9.327,0.045
2975.82605,9.625,0.046
2978.84033,9.578,0.048
2982.81996,8.996,0.059
2986.81307,8.66,0.05
2989.83442,8.602,0.049
2992.83369,8.57,0.054
2995.83312,8.678,0.041
3000.83573,8.973,0.046
3003.81995,9.211,0.05
3007.77074,9.445,0.04
3010.81898,9.384,0.042
3013.81745,8.998,0.047
3017.78219,8.707,0.039
3025.77436,8.669,0.046
3029.85389,8.846,0.045
3032.78717,9.007,0.053
3035.77544,9.26,0.048
3039.85706,9.487,0.046
3042.76967,9.487,0.049
3045.74847,9.236,0.047
3049.70329,8.922,0.039
3052.73442,8.834,0.04
3053.81413,8.773,0.051
3062.8296,8.733,0.058
3066.70565,8.916,0.047
3068.74392,9.027,0.046
3070.75392,9.149,0.041
3073.67762,9.275,0.042
3075.72913,9.273,0.05
3079.75258,9.091,0.045
3081.79118,8.846,0.067
3085.79366,8.731,0.053
3087.79514,8.647,0.053
3090.62865,8.615,0.067
3092.67614,8.86,0.046
3096.66568,8.872,0.047
3098.67791,9.019,0.045
3102.70649,9.351,0.044
3104.71958,9.538,0.045
3106.71972,9.691,0.04
3108.72197,9.711,0.046
3112.74444,9.085,0.049
3114.77637,8.762,0.047
3116.82213,8.707,0.046
3121.6812,8.622,0.047
3125.66059,8.712,0.046
3127.67039,8.812,0.06
3129.71531,8.92,0.053
3131.73427,9.046,0.046
3133.73724,9.162,0.047
3145.55619,8.789,0.038
3153.68951,8.683,0.04
3156.56896,8.686,0.046
3159.58059,8.781,0.057
3162.59348,8.91,0.047
3164.61617,9.062,0.038
3167.61423,9.407,0.046
3169.64752,9.609,0.047
3176.64044,9.533,0.047
3179.54047,9.29,0.045
3182.60848,8.749,0.047
3184.58002,8.592,0.049
3187.52414,8.499,0.042
3190.55711,8.537,0.048
3355.82282,8.805,0.053
3357.83707,8.955,0.037
3363.83487,9.532,0.058
3386.83932,8.744,0.047
3387.79422,8.737,0.046
3389.83125,9.045,0.039
3392.81966,8.986,0.049
3396.75634,9.171,0.052
3396.76197,9.17,0.036
3399.78346,9.221,0.034
3402.80401,9.116,0.047
3405.76573,8.903,0.054
3408.75259,8.786,0.057
3411.75045,8.776,0.05
3414.73447,8.742,0.048
3416.81097,8.739,0.051
3419.72707,8.812,0.039
3421.77525,8.885,0.06
3425.77247,9.17,0.056
3431.78185,9.509,0.05
3438.71836,9.089,0.048
3442.69718,8.732,0.037
3444.71604,8.9,0.061
3446.72344,8.581,0.038
3448.71085,8.561,0.037
3450.70037,8.628,0.037
3453.64122,8.783,0.061
3455.67985,8.897,0.057
3457.67967,9.029,0.05
3459.67784,9.152,0.047
3461.69014,9.314,0.05
3463.75288,9.478,0.051
3465.79151,9.582,0.04
3468.71976,9.308,0.039
3470.73585,8.902,0.037
3472.78189,8.637,0.051
3475.58768,8.639,0.05
3477.6311,8.649,0.055
3479.62737,8.614,0.046
3481.62774,8.648,0.046
3483.64948,8.693,0.045
3486.77281,8.912,0.06
3489.78272,9.137,0.053
3491.77345,9.256,0.047
3497.77746,9.455,0.049
3501.49723,9.034,0.037
3503.5601,8.801,0.046
3506.59552,8.753,0.038
3509.63747,8.728,0.038
3511.68308,8.703,0.041
3515.71287,8.731,0.052
3517.7016,8.814,0.043
3523.6181,9.162,0.058
3529.63997,9.303,0.045
3538.59731,8.807,0.039
3540.62967,8.785,0.052
3543.59868,8.658,0.06
3547.56993,8.623,0.047
3561.51565,9.626,0.051
3563.52771,9.664,0.048
3570.55969,8.649,0.05
3574.54949,8.591,0.05
3577.53302,8.577,0.052
3585.49289,9.026,0.048
3587.51739,9.183,0.046
3590.50756,9.346,0.053
3593.48174,9.382,0.049
3601.48807,8.704,0.052
3608.47353,8.761,0.052
3702.84723,8.673,0.051
3706.83923,8.611,0.054
3714.81602,8.972,0.055
3718.81787,9.21,0.057
3722.81924,9.339,0.05
3726.81006,8.91,0.051
3730.84607,8.762,0.064
3734.8151,8.835,0.062
3741.84852,8.818,0.051
3744.84511,8.941,0.057
3748.78353,9.258,0.058
3751.81601,9.534,0.055
3757.80961,9.467,0.053
3760.79414,9.008,0.049
3766.8321,8.681,0.054
3769.78803,8.692,0.061
3772.77367,8.654,0.05
3778.74988,8.891,0.057
3780.80286,8.989,0.055
3783.84277,9.309,0.058
3788.78045,9.378,0.055
3791.7218,9.26,0.058
3793.76086,9.003,0.053
3795.81338,8.795,0.05
3798.69874,8.802,0.063
3800.75169,8.685,0.06
3803.68892,8.626,0.064
3805.72684,8.666,0.052
3808.71816,8.783,0.055
3810.78968,8.899,0.055
3813.65046,9.191,0.068
3815.69946,9.426,0.058
3817.70887,9.651,0.055
3819.76357,9.794,0.054
3822.63692,9.652,0.055
3824.69319,9.222,0.05
3826.70239,8.84,0.057
3828.73537,8.711,0.05
3831.60188,8.678,0.05
3833.65583,9.191,0.06
3835.66925,8.644,0.06
3837.70599,8.659,0.053
3848.66217,9.504,0.069
3850.68007,9.612,0.058
3852.69035,9.513,0.05
3856.7385,8.667,0.05
3861.60819,8.532,0.048
3863.60226,8.563,0.052
3865.61756,8.612,0.052
3867.66014,8.657,0.054
3869.66853,8.711,0.058
3871.65726,8.81,0.048
3874.74061,9,0.051
3882.62015,9.624,0.052
3886.66898,9.505,0.05
3890.63919,9.051,0.048
3892.61812,8.93,0.056
3894.65013,8.784,0.048
3898.51938,8.587,0.053
3900.5496,8.543,0.056
3902.58523,8.569,0.056
3904.60837,8.619,0.052
3906.62449,8.698,0.05
3908.61864,8.78,0.052
4089.81987,8.504,0.038
4103.84385,9.21,0.033
4103.84596,9.21,0.045
4106.83757,9.427,0.039
4106.84236,9.422,0.044
4126.78981,8.697,0.04
4129.77547,8.852,0.041
4132.77545,9.026,0.049
4135.7637,9.355,0.048
4137.80214,9.515,0.045
4139.85939,9.578,0.04
4142.74945,9.411,0.041
4145.73495,9.026,0.041
4145.74522,9.003,0.031
4151.68998,8.712,0.046
4151.79294,8.726,0.034
4153.77973,8.689,0.041
4155.82941,8.644,0.057
4158.71149,8.697,0.044
4160.75729,8.749,0.039
4162.74991,8.843,0.048
4164.76211,8.947,0.051
4167.72239,9.074,0.05
4172.7825,9.277,0.042
4175.65695,9.268,0.049
4177.77694,9.151,0.048
4180.6861,8.824,0.05
4182.71247,8.747,0.049
4184.73426,8.743,0.048
4187.83478,8.644,0.047
4190.62627,8.686,0.042
4192.66698,8.768,0.043
4194.70001,8.823,0.042
4197.69385,9.023,0.042
4200.64988,9.25,0.04
4203.65575,9.483,0.04
4205.66238,9.58,0.044
4208.72944,9.433,0.049
4213.72259,8.665,0.047
4216.70981,8.679,0.039
4227.61869,8.872,0.04
4229.62617,9.047,0.041
4231.63463,9.245,0.046
4233.63306,9.489,0.038
4235.63135,9.724,0.046
4237.6473,9.87,0.062
4246.56646,8.622,0.048
4249.565,8.55,0.045
4253.62234,8.589,0.05
4255.656,8.665,0.039
4257.65399,8.73,0.055
4273.61073,9.031,0.039
4276.54033,8.941,0.047
4278.58973,8.883,0.04
4282.5903,8.844,0.057
4284.60063,8.786,0.041
4290.59647,8.886,0.038
4292.56077,8.999,0.039
4294.56904,9.125,0.038
4296.56383,9.261,0.044
4298.5685,9.399,0.048
4300.52026,9.502,0.047
4303.55116,9.546,0.042
4305.53739,9.358,0.04
4307.56384,9.066,0.045
4311.5178,8.673,0.043
4317.5119,8.664,0.041
4331.48241,9.439,0.04
4340.47393,8.982,0.045
4430.84381,9.478,0.049
4431.83763,9.467,0.037
4435.82917,9.18,0.03
4438.84379,8.725,0.048
4439.83744,8.707,0.039
4442.83541,8.692,0.046
4448.82258,8.609,0.042
4452.82294,8.797,0.052
4456.81274,8.983,0.051
4456.81552,9.087,0.039
4460.80265,9.326,0.052
4464.796,9.56,0.042
4467.82827,9.397,0.047
4470.82069,8.936,0.054
4474.85634,8.767,0.067
4478.78213,8.675,0.053
4481.85134,8.694,0.049
4485.82602,8.829,0.042
4488.80078,9.017,0.046
4491.81667,9.208,0.044
4494.77359,9.313,0.039
4498.78877,9.101,0.043
4501.78166,8.899,0.043
4504.76371,8.775,0.039
4507.7504,8.769,0.047
4516.75266,8.803,0.059
4518.77951,8.925,0.05
4520.84778,9.089,0.048
4523.70848,9.312,0.038
4525.76324,9.436,0.042
4528.68947,9.57,0.049
4530.76089,9.539,0.039
4536.73083,8.783,0.038
4538.77086,8.754,0.039
4540.8222,8.729,0.049
4542.73175,8.71,0.043
4546.75286,8.682,0.05
4548.7486,8.762,0.047
4551.68898,8.846,0.041
4553.72165,8.946,0.043
4555.74875,9.067,0.04
4557.82324,9.158,0.042
4560.6057,9.236,0.042
4562.65657,9.358,0.042
4564.72305,9.329,0.038
4566.74069,9.178,0.044
4570.81856,8.787,0.039
4572.66074,8.771,0.043
4574.66923,8.645,0.046
4576.69833,8.593,0.051
4579.80506,8.636,0.049
4583.56937,8.758,0.042
4586.59494,8.95,0.045
4588.65305,9.171,0.048
4590.72196,9.373,0.055
4592.71197,9.631,0.044
4594.72067,9.83,0.04
4595.72184,9.862,0.029
4596.73057,9.773,0.039
4599.54482,9.438,0.044
4601.58838,9.039,0.042
4603.63815,8.829,0.045
4607.6396,8.642,0.046
4609.7056,8.588,0.045
4611.66897,8.607,0.042
4616.68066,8.861,0.041
4618.69487,9.042,0.054
4622.65152,9.175,0.043
4629.53978,8.957,0.046
4631.58455,8.786,0.046
4633.60342,8.723,0.049
4639.6411,8.71,0.044
4644.5426,8.74,0.043
4646.54298,8.811,0.056
4648.60682,8.887,0.044
4651.52193,9.148,0.053
4653.52758,9.324,0.043
4655.51062,9.503,0.044
4657.55919,9.729,0.05
4659.6005,9.895,0.048
4663.49889,9.741,0.054
4666.51516,9.112,0.043
4670.51162,8.549,0.048
4672.54467,8.446,0.043
4677.48746,8.542,0.045
4679.51137,8.599,0.044
4682.49859,8.715,0.048
4684.50462,8.857,0.053
4686.50621,8.972,0.049
4700.47044,8.839,0.044
4703.4712,8.724,0.048
4778.85971,8.972,0.037
4794.85233,9.113,0.043
4794.85754,9.115,0.039
4805.85127,8.543,0.048
4809.84457,8.757,0.047
4810.84368,8.828,0.051
4814.83353,9.041,0.045
4819.84782,9.403,0.047
4821.84722,9.443,0.03
4822.84813,9.361,0.042
4825.83404,8.923,0.038
4826.80859,8.79,0.045
4829.81317,8.706,0.034
4830.80568,8.696,0.042
4833.79988,8.695,0.033
4834.796,8.64,0.043
4837.82723,8.698,0.044
4845.84004,9.229,0.049
4848.82486,9.526,0.049
4851.84683,9.786,0.045
4855.82542,9.386,0.04
4860.8269,8.937,0.052
4863.78143,8.787,0.044
4866.80966,8.645,0.042
4869.78915,8.599,0.044
4872.75559,8.64,0.049
4875.83066,8.75,0.048
4881.7301,9.053,0.043
4884.72465,9.189,0.043
4892.80441,9.032,0.062
4904.69354,8.732,0.064
4906.73985,8.799,0.06
4918.62243,9.852,0.057
4920.80575,9.677,0.065
4926.73185,8.633,0.058
4929.77185,8.578,0.067
4946.71853,9.581,0.064
4948.79506,9.719,0.065
4962.63371,8.58,0.062
4969.67035,8.867,0.058
4972.70971,9.094,0.058
4985.54406,9.222,0.059
4989.65254,8.838,0.068
4991.66373,8.802,0.063
5015.59005,9.29,0.068
5021.57078,8.712,0.063
5023.57262,8.727,0.06
5037.53885,9.076,0.057
5039.53175,9.292,0.066
5041.53845,9.53,0.06
5165.85363,8.953,0.061
