1899.84343,10.9,0.042
1919.80673,10.984,0.046
1921.75049,11.138,0.05
1924.80532,10.84,0.049
1925.80292,10.957,0.047
1926.7904,11.072,0.049
1929.83012,10.591,0.045
1930.83833,10.781,0.043
1931.83532,10.939,0.043
1936.7463,10.696,0.042
1938.7332,10.938,0.044
1940.74423,11.189,0.044
1945.80171,11.081,0.039
1947.73239,11.045,0.045
1948.75168,10.582,0.046
1949.80255,10.678,0.041
1950.72628,10.864,0.041
1953.73086,11.163,0.039
1954.74036,10.7,0.038
1954.76567,10.685,0.035
1955.7281,10.634,0.038
1958.719,11.076,0.042
1961.71538,10.548,0.039
1962.74703,10.738,0.042
1963.71497,10.908,0.043
1964.71156,11.014,0.039
1965.71371,11.131,0.04
1967.69717,10.603,0.041
1968.70136,10.657,0.041
1971.71578,11.06,0.051
1977.66676,10.993,0.047
1978.70658,11.171,0.05
1979.67556,11.025,0.049
1980.68108,10.595,0.047
1981.68704,10.722,0.045
1982.66598,10.827,0.044
1984.67802,11.105,0.046
1985.66595,11.17,0.048
2093.53581,11.136,0.053
2232.8553,11.013,0.046
2234.84028,11.192,0.041
2236.84453,10.582,0.044
2239.84678,10.982,0.047
2241.83123,11.101,0.043
2249.83486,10.597,0.045
2255.8342,10.557,0.047
2441.49243,10.563,0.04
2443.48807,10.894,0.039
2445.49915,11.108,0.041
2453.4591,10.844,0.045
2454.515,10.604,0.055
2456.46907,10.921,0.051
2463.49788,10.932,0.043
2465.51642,11.139,0.044
2467.50856,10.63,0.042
2469.50655,10.887,0.047
2473.47276,10.577,0.043
2482.52557,10.898,0.049
2489.47306,11.08,0.042
2495.4796,10.952,0.046
2502.48704,11.065,0.047
2503.50558,11.201,0.049
2508.48361,11.022,0.04
2512.48236,10.665,0.042
2622.78919,10.904,0.05
2624.83808,11.153,0.048
2628.79816,10.869,0.045
2634.8504,10.773,0.048
2637.82901,11.129,0.046
2641.79376,10.873,0.046
2644.8175,11.081,0.047
2651.79264,10.837,0.051
2657.76808,11.088,0.048
2659.7973,10.684,0.053
2661.8145,10.961,0.049
2663.80975,11.165,0.049
2665.81555,10.59,0.058
2667.83116,10.895,0.045
2670.77713,10.951,0.047
2672.82832,10.719,0.048
2674.81555,11.029,0.048
2676.77178,11.146,0.053
2678.76513,10.662,0.051
2680.75841,10.962,0.052
2684.70769,10.575,0.049
2686.73188,10.91,0.052
2688.7386,11.156,0.052
2690.73862,10.57,0.05
2692.79808,10.878,0.055
2696.76335,10.749,0.049
2698.79939,10.787,0.054
2701.74429,11.157,0.035
2703.74276,10.569,0.035
2704.73796,10.704,0.052
2705.7351,10.904,0.037
2706.70996,10.961,0.051
2712.65801,10.97,0.054
2714.65237,11.175,0.047
2717.66678,10.718,0.052
2719.75128,11,0.046
2719.85174,11.057,0.04
2721.6952,11.089,0.058
2722.81362,10.585,0.051
2724.7049,10.857,0.052
2725.86195,10.976,0.052
2727.70937,11.115,0.053
2728.71302,10.788,0.039
2733.7099,11.129,0.047
2734.77909,10.937,0.049
2736.64391,10.678,0.052
2738.62352,10.95,0.052
2739.81339,11.082,0.049
2741.67825,10.659,0.052
2742.82666,11.108,0.053
2744.6594,10.931,0.049
2747.73398,10.849,0.049
2750.77148,10.888,0.054
2752.67404,11.124,0.045
2754.7717,10.545,0.048
2756.72025,10.85,0.041
2757.81214,10.986,0.05
2759.66357,11.17,0.046
2760.75078,10.694,0.055
2762.71002,10.736,0.048
2766.69343,10.96,0.046
2775.64964,10.808,0.04
2782.68729,10.881,0.043
2784.61068,11.107,0.045
2786.60142,10.588,0.044
2790.49173,11.072,0.051
2791.69753,11.169,0.048
2794.54762,10.734,0.058
2808.668,10.924,0.05
2810.55325,11.132,0.052
2819.54026,10.624,0.043
2821.57098,10.967,0.045
2826.54789,10.776,0.039
2829.57286,11.12,0.047
2831.59625,10.592,0.044
2833.56821,10.895,0.052
2835.55891,11.114,0.041
2838.55125,10.623,0.043
2841.56583,11.071,0.044
2843.54629,10.886,0.044
2853.47876,10.955,0.041
2855.52985,11.173,0.041
2859.5255,10.905,0.046
2861.5239,11.121,0.044
2864.51957,10.663,0.051
2868.49242,11.145,0.041
2875.47589,10.958,0.051
2877.48175,10.718,0.05
2958.84874,10.89,0.045
2962.84422,11.047,0.049
2971.83574,10.761,0.039
2975.81632,11.045,0.043
2978.82258,10.571,0.04
2981.82783,10.942,0.047
2985.80829,10.644,0.045
2988.83078,11.08,0.049
3008.81298,11.148,0.044
3011.82196,10.718,0.05
3015.82414,11.116,0.043
3018.80427,10.826,0.047
3024.86511,10.802,0.044
3031.78709,10.824,0.046
3034.76434,11.138,0.047
3037.8568,10.783,0.05
3041.77076,10.972,0.047
3043.81154,10.69,0.048
3046.75093,11.123,0.042
3049.73589,10.627,0.039
3052.73058,11.052,0.045
3053.82545,11.2,0.039
3054.80055,10.848,0.041
3057.7138,10.865,0.046
3059.78997,11.135,0.046
3064.78959,10.955,0.055
3067.74713,10.771,0.044
3069.74772,10.76,0.042
3071.76163,11.01,0.043
3073.81002,10.94,0.046
3076.66352,10.84,0.044
3078.71471,11.069,0.054
3080.75441,10.877,0.048
3082.81041,10.817,0.048
3086.74185,10.85,0.044
3088.76077,10.753,0.048
3090.79706,11.024,0.05
3092.74125,11.103,0.043
3096.71716,10.921,0.044
3098.70492,11.129,0.045
3100.72889,10.611,0.045
3102.73368,10.913,0.045
3104.75464,11.099,0.049
3106.75248,10.561,0.047
3108.75227,10.862,0.046
3110.8528,11.149,0.047
3113.56552,10.564,0.044
3115.6169,10.9,0.042
3118.68332,10.923,0.046
3122.59743,10.999,0.043
3124.61367,11.087,0.045
3126.62846,10.633,0.046
3127.74299,10.801,0.051
3129.75132,11.099,0.051
3131.77179,10.773,0.051
3142.58262,11.093,0.043
3145.60983,10.614,0.045
3153.61038,10.882,0.045
3163.68678,10.805,0.049
3165.68768,10.769,0.053
3169.5008,11.086,0.05
3177.7118,10.666,0.035
3178.58881,10.764,0.048
3182.54542,10.963,0.048
3184.55429,10.748,0.048
3189.63191,10.606,0.053
3219.51837,11.177,0.04
3355.81323,10.688,0.055
3386.8164,11.175,0.048
3386.84745,11.143,0.036
3389.79958,10.832,0.045
3389.80879,10.835,0.043
3390.78818,10.943,0.046
3392.81036,11.219,0.047
3395.81655,10.707,0.048
3398.77335,11.145,0.05
3400.83327,10.592,0.041
3403.81094,10.989,0.053
3408.81892,10.769,0.056
3411.75176,11.137,0.047
3414.72245,10.706,0.047
3425.7686,10.911,0.049
3427.81,10.737,0.051
3438.69574,10.818,0.045
3442.67028,11.042,0.049
3444.70726,10.998,0.045
3446.71004,10.824,0.049
3452.64475,10.631,0.036
3452.67964,10.621,0.033
3455.67356,11.058,0.043
3457.67594,10.951,0.048
3459.67396,10.721,0.046
3461.68562,10.978,0.049
3463.74835,11.083,0.043
3465.78094,10.679,0.043
3468.70418,11.1,0.045
3470.71614,10.817,0.046
3472.76627,10.797,0.048
3474.84835,11.009,0.05
3477.57564,10.572,0.046
3481.61768,11.089,0.05
3483.63999,10.735,0.045
3486.76694,10.896,0.046
3489.77686,10.88,0.052
3497.7743,10.673,0.049
3503.55609,10.563,0.051
3506.591,11.027,0.039
3509.63361,10.564,0.04
3511.68017,10.863,0.046
3515.68828,10.739,0.044
3521.59871,10.939,0.047
3523.60128,10.738,0.054
3529.62258,10.67,0.057
3538.57022,11.004,0.043
3540.61114,11.085,0.046
3547.66061,10.687,0.046
3547.66302,10.701,0.039
3547.66551,10.723,0.039
3547.66877,10.69,0.038
3547.67127,10.705,0.039
3547.67378,10.714,0.039
3547.67627,10.708,0.038
3547.67876,10.668,0.041
3547.68206,10.726,0.04
3547.68456,10.679,0.038
3547.68707,10.703,0.038
3547.68957,10.703,0.037
3547.69206,10.698,0.04
3547.69457,10.658,0.041
3562.59792,10.772,0.046
3564.57012,11.07,0.049
3570.522,11.017,0.048
3574.52225,10.673,0.043
3576.5609,10.953,0.05
3584.53137,11.133,0.052
3587.49405,10.701,0.047
3589.52118,10.977,0.054
3592.48418,10.676,0.053
3600.50431,10.726,0.055
3607.48602,10.809,0.051
3675.86099,10.6,0.052
3702.84156,10.724,0.05
3706.83134,11.057,0.051
3725.83392,11.1,0.05
3732.82309,10.924,0.054
3739.82541,10.568,0.054
3742.83352,10.938,0.049
3745.84733,10.794,0.049
3748.83778,10.926,0.049
3754.80372,10.89,0.051
3757.79146,11.125,0.049
3760.78445,10.794,0.054
3763.7774,11.161,0.052
3766.77934,10.744,0.051
3772.75956,10.645,0.054
3775.73986,11.114,0.051
3780.7374,10.896,0.052
3783.78306,11.025,0.055
3788.77579,11.121,0.05
3791.7109,10.644,0.055
3793.75621,10.946,0.052
3795.80791,11.158,0.048
3800.7401,10.949,0.056
3803.6768,10.647,0.054
3805.72306,10.817,0.054
3808.71436,11.16,0.053
3810.78262,10.612,0.054
3812.85247,10.916,0.054
3815.64563,11.052,0.054
3817.69583,10.696,0.051
3819.75693,10.933,0.049
3822.61764,10.808,0.053
3824.68869,10.804,0.048
3826.69785,11.067,0.05
3831.59742,10.868,0.051
3833.64807,11.127,0.053
3835.661,10.683,0.054
3837.7016,10.845,0.053
3850.63235,10.832,0.047
3854.64434,10.78,0.054
3861.59109,10.579,0.049
3863.58901,10.888,0.052
3865.6004,11.11,0.052
3867.6435,10.637,0.05
3869.64196,10.859,0.057
3871.63414,11.083,0.049
3874.72634,10.607,0.054
3882.52396,10.824,0.047
3886.52461,10.833,0.049
3888.54982,10.777,0.052
3890.54807,11.023,0.049
3892.55457,11.005,0.051
3894.62268,10.718,0.041
3902.49437,10.902,0.053
3904.52922,11.146,0.054
3906.55007,10.548,0.051
4091.80681,10.589,0.046
4103.82654,10.94,0.043
4106.80698,10.854,0.045
4125.7817,10.885,0.041
4128.78089,11.188,0.043
4136.81491,10.602,0.046
4141.80328,11.091,0.044
4146.7979,11.004,0.045
4150.7416,10.778,0.042
4152.77688,11.05,0.042
4154.81255,11.031,0.045
4159.75903,11.086,0.043
4161.76026,10.789,0.045
4163.76172,10.845,0.048
4168.81376,10.554,0.044
4173.76211,11.114,0.04
4176.64685,10.826,0.042
4181.6354,10.619,0.051
4183.69721,10.902,0.043
4185.69712,11.126,0.041
4188.84192,10.731,0.04
4190.76156,10.998,0.041
4192.74412,11.186,0.04
4194.77167,10.621,0.042
4197.77762,11.03,0.047
4200.71038,10.559,0.039
4203.71222,10.989,0.042
4205.71771,11.134,0.044
4208.78263,10.818,0.046
4213.67685,10.562,0.042
4216.66996,11.019,0.039
4229.59143,11.033,0.04
4231.59579,11.044,0.041
4233.59771,10.709,0.037
4235.59674,10.954,0.044
4237.61538,11.135,0.046
4246.5543,10.783,0.038
4249.52749,11.16,0.04
4253.56225,10.846,0.037
4254.71106,11.018,0.042
4257.55245,10.861,0.045
4259.573,10.777,0.043
4267.60123,10.974,0.044
4269.62897,11.137,0.04
4272.58367,10.827,0.038
4274.60306,11.089,0.036
4277.59273,10.583,0.037
4282.56785,11.139,0.047
4284.58429,10.661,0.043
4286.57852,11,0.052
4290.58366,10.62,0.035
4292.54794,10.932,0.037
4294.55704,11.189,0.037
4296.54835,10.567,0.042
4298.55304,10.88,0.043
4300.512,11.102,0.046
4303.54649,10.63,0.037
4305.5335,10.935,0.037
4311.51249,10.918,0.043
4317.50818,10.856,0.038
4330.4748,10.851,0.043
4332.49885,11.104,0.042
4339.47988,11.181,0.041
4343.47844,10.885,0.041
4429.85191,11.125,0.041
4437.82029,10.608,0.042
4441.8337,11.206,0.04
4458.79883,10.904,0.045
4462.79867,10.577,0.04
4465.82352,10.972,0.047
4469.79153,10.63,0.042
4473.83173,11.183,0.046
4480.81557,11.159,0.044
4484.81576,10.896,0.042
4487.78791,10.866,0.041
4490.78187,10.925,0.038
4492.84905,11.185,0.04
4499.72232,11.173,0.043
4502.75353,10.777,0.043
4505.74666,11.187,0.041
4507.81877,10.556,0.045
4510.73988,10.988,0.045
4516.74228,10.957,0.052
4518.77576,11.169,0.044
4520.84304,10.582,0.049
4523.69507,11.033,0.039
4525.75596,11.104,0.039
4527.90096,10.763,0.048
4530.6855,11.127,0.043
4532.77084,10.748,0.038
4536.68585,11.068,0.039
4538.72221,10.979,0.043
4540.77793,10.764,0.043
4542.71339,10.978,0.046
4546.74286,10.633,0.044
4548.74325,11.011,0.044
4551.68422,10.892,0.043
4553.71709,10.787,0.042
4555.73254,11.03,0.041
4557.78786,11.037,0.043
4559.82928,10.728,0.041
4562.6133,11.102,0.041
4564.69087,10.796,0.039
4566.6766,10.787,0.044
4568.68844,11.102,0.041
4570.67816,11.001,0.04
4572.62869,10.717,0.04
4576.66939,11.195,0.044
4579.7882,10.832,0.047
4583.55751,10.958,0.044
4586.58572,10.92,0.039
4588.64977,11.161,0.042
4590.71863,10.582,0.044
4592.70871,10.89,0.039
4594.71401,11.098,0.037
4596.71854,10.778,0.04
4601.58464,11.158,0.042
4603.63518,10.555,0.042
4607.63599,11.099,0.045
4609.69828,10.664,0.041
4611.66296,10.814,0.042
4616.61101,10.564,0.04
4623.68265,10.718,0.041
4626.54238,11.087,0.04
4630.56718,10.769,0.04
4632.59801,11.039,0.043
4639.60298,11.151,0.042
4641.63536,10.695,0.042
4652.62037,11.184,0.042
4654.58997,10.609,0.043
4656.57606,10.816,0.046
4659.57374,11.148,0.044
4664.59568,11.053,0.045
4667.53539,10.677,0.04
4671.52929,11.093,0.039
4679.55558,10.923,0.042
4686.52177,10.624,0.046
4698.48894,11.088,0.043
4701.47717,10.87,0.041
4704.47549,11.136,0.048
4793.84941,11.24,0.047
4798.83996,11.034,0.043
4802.81908,10.685,0.045
4806.81719,11.126,0.043
4810.82393,10.911,0.041
4814.8162,10.575,0.046
4819.83384,11.138,0.04
4822.83059,10.816,0.04
4826.79251,10.837,0.044
4830.79363,10.983,0.041
4833.833,10.573,0.043
4837.78427,11.113,0.042
4845.82261,10.951,0.045
4848.80192,10.859,0.044
4851.83579,11.14,0.042
4855.80109,10.931,0.042
4860.80565,10.758,0.046
4863.77438,11.176,0.042
4866.76752,10.669,0.043
4869.78131,11.134,0.042
4872.75192,10.666,0.047
4875.82604,11.047,0.046
4881.71433,10.974,0.043
4884.71997,10.703,0.044
4892.78276,10.753,0.056
4906.65945,10.919,0.058
4908.74767,11.157,0.057
4914.78,11.143,0.06
4919.69437,10.929,0.057
4921.82919,11.173,0.058
4946.64174,11.14,0.06
4984.59656,11.084,0.06
4994.64675,10.663,0.06
5006.6145,10.574,0.058
5022.5816,11.01,0.055
5031.5468,10.837,0.053
5037.50523,11.09,0.056
5039.50229,10.682,0.058
5041.51242,11,0.054
5048.51607,11.088,0.058
