2637.84607,14.053,0.034
2641.85435,13.783,0.03
2645.84391,13.53,0.034
2650.83874,13.839,0.028
2659.85528,13.77,0.034
2667.85375,13.127,0.03
2670.81753,13.284,0.029
2673.80356,13.247,0.03
2677.7944,13.939,0.036
2681.77743,13.534,0.03
2683.76793,13.885,0.036
2685.78687,13.4,0.028
2698.73757,13.722,0.027
2700.7701,13.314,0.028
2704.75058,13.812,0.031
2706.74162,13.221,0.028
2710.71663,13.726,0.029
2712.70973,13.192,0.035
2714.69879,13.594,0.034
2720.6661,13.619,0.036
2726.68801,13.643,0.031
2730.67742,13.049,0.032
2732.78518,13.861,0.035
2734.66114,13.904,0.035
2736.65752,13,0.031
2738.65295,13.709,0.032
2740.65367,13.745,0.032
2750.67219,13.752,0.034
2751.75482,13.584,0.031
2752.62665,13.837,0.031
2754.70487,13.523,0.039
2756.68426,13.96,0.046
2761.59639,13.733,0.035
2763.59277,13.191,0.031
2766.59859,13.353,0.034
2776.56454,13.851,0.042
2783.58306,13.694,0.035
2785.5824,13.96,0.033
2787.55557,13.38,0.032
2790.57838,13.443,0.037
2793.50316,13.249,0.033
2796.495,13.188,0.033
2812.50709,13.994,0.034
2820.50357,13.426,0.033
2836.46152,13.98,0.04
2997.85946,13.818,0.029
3005.86579,13.143,0.031
3009.8517,13.944,0.029
3019.83425,13.412,0.034
3029.85903,13.32,0.033
3035.81981,13.411,0.037
3047.76904,13.271,0.035
3061.75706,13.683,0.042
3064.74621,13.761,0.038
3067.76326,13.711,0.03
3077.80906,13.372,0.036
3086.71108,13.294,0.045
3088.71622,13.837,0.036
3090.73609,14.077,0.034
3092.70546,13.261,0.029
3104.6925,13.461,0.043
3106.68681,13.815,0.035
3108.69015,13.68,0.034
3110.69491,13.541,0.029
3112.69911,13.779,0.028
3118.67424,13.765,0.033
3122.60629,13.67,0.042
3134.63048,13.675,0.034
3142.64368,14.015,0.041
3145.65027,13.711,0.044
3164.56924,13.548,0.03
3167.57371,13.465,0.031
3175.5294,13.864,0.032
3177.54441,13.193,0.028
3184.51943,13.745,0.028
3386.8477,13.899,0.091
3389.81573,13.564,0.045
3402.78451,13.783,0.043
3404.87994,13.476,0.038
3407.78046,14.114,0.05
3410.76959,13.989,0.054
3413.75656,13.844,0.039
3415.78238,13.359,0.049
3418.74596,13.326,0.044
3419.87438,13.018,0.092
3419.87678,12.929,0.103
3419.8793,12.886,0.096
3419.88182,13.133,0.085
3419.88513,12.995,0.092
3419.89002,13.123,0.073
3419.89252,13.246,0.08
3419.89502,13.092,0.081
3419.89752,13.104,0.08
3419.89998,13.099,0.072
3419.90246,13.199,0.071
3420.78961,14.123,0.052
3422.8608,13.111,0.053
3430.83251,13.439,0.073
3432.83239,13.769,0.086
3436.70749,13.331,0.037
3439.70883,13.385,0.049
3442.81517,13.571,0.065
3444.70454,13.801,0.048
3450.64765,13.72,0.044
3459.74526,13.977,0.037
3462.62725,14.077,0.042
3464.71595,13.239,0.069
3466.76412,13.871,0.072
3471.72694,13.977,0.043
3473.76477,13.481,0.037
3476.60916,13.742,0.039
3478.61144,13.558,0.051
3483.66714,13.642,0.068
3487.66055,13.488,0.056
3492.66097,14.077,0.101
3496.66929,13.636,0.038
3499.67153,13.565,0.057
3502.51541,13.376,0.051
3504.60623,14.032,0.066
3511.58544,13.81,0.038
3521.56718,13.122,0.075
3523.57119,13.593,0.075
3525.59401,13.859,0.063
3530.53207,13.288,0.079
3539.55485,13.216,0.07
3543.5158,13.956,0.084
3547.51192,13.782,0.086
3554.53036,13.257,0.048
3558.50483,13.814,0.066
3736.85385,13.686,0.052
3740.8482,13.791,0.049
3748.8352,14.153,0.039
3757.8087,14.036,0.043
3767.77785,13.729,0.047
3773.77669,13.815,0.058
3779.75941,14.321,0.05
3783.84858,13.658,0.092
3788.75734,14.006,0.076
3791.72817,13.805,0.064
3793.73673,13.693,0.044
3795.80771,13.667,0.046
3798.70718,13.545,0.049
3801.69823,13.454,0.051
3804.68753,13.437,0.046
3806.70839,13.755,0.059
3810.80954,13.937,0.077
3813.66857,13.714,0.046
3815.67912,14.2,0.078
3817.74892,13.277,0.059
3819.7911,13.873,0.069
3822.6412,13.621,0.043
3824.66097,13.707,0.036
3826.73136,13.356,0.077
3828.7609,13.897,0.044
3831.61591,13.585,0.045
3833.62959,13.743,0.04
3850.72451,13.453,0.075
3855.67884,13.787,0.061
3860.54132,13.614,0.038
3865.61461,13.154,0.049
3867.6571,13.651,0.051
3871.64495,13.543,0.057
3875.62799,13.902,0.086
3882.577,13.795,0.096
3887.56128,13.857,0.056
3893.54206,13.696,0.055
3897.53543,13.516,0.07
3901.58387,13.603,0.09
3904.51157,13.26,0.07
3906.52809,13.646,0.04
4129.79729,13.882,0.061
4141.7676,13.825,0.039
4143.86512,13.427,0.052
4152.76052,13.405,0.039
4154.83132,13.692,0.051
4157.726,13.495,0.043
4159.74645,13.674,0.078
4161.73871,13.283,0.048
4173.83277,13.704,0.048
4185.81522,13.306,0.047
4215.67083,13.276,0.054
4227.68187,13.263,0.045
4232.5171,13.627,0.052
4254.59515,13.388,0.051
4257.54266,13.355,0.047
4276.5282,13.648,0.047
4284.49893,13.551,0.067
4296.47092,13.678,0.07
4497.82684,14.015,0.04
4506.78857,14.005,0.087
4522.84345,13.662,0.053
4525.73772,13.732,0.068
4532.81022,13.357,0.038
4538.75898,13.463,0.067
4552.74318,13.586,0.047
4559.68469,13.468,0.068
4561.71466,13.896,0.054
4585.66627,13.386,0.043
4587.70799,12.899,0.053
4592.58673,13.438,0.061
4596.62733,13.34,0.041
4607.60728,13.327,0.065
4609.6488,13.63,0.043
4623.58524,13.479,0.073
4641.51701,13.443,0.043
4647.53637,12.98,0.066
4670.47154,13.76,0.045
4849.82384,13.415,0.042
4860.84977,13.856,0.037
4863.82845,13.848,0.073
4884.75797,13.766,0.049
4905.72963,13.905,0.048
4908.69084,13.788,0.046
4918.6575,13.58,0.075
4921.66312,13.396,0.052
4985.57989,13.122,0.072
