1870.85996,8.669,0.044
1873.86114,8.748,0.045
1876.85191,8.81,0.032
1878.85035,8.847,0.033
1880.85013,8.904,0.036
1885.82969,9.042,0.03
1887.83306,9.093,0.031
1889.82878,9.137,0.063
1900.79521,9.503,0.032
1902.83138,9.554,0.032
1903.8024,9.573,0.031
1904.82123,9.633,0.034
1905.80652,9.699,0.03
1906.82118,9.707,0.033
1907.80297,9.742,0.028
1908.82047,9.771,0.031
1913.8456,9.937,0.03
1915.80862,9.998,0.033
1915.81586,9.987,0.029
1920.77461,10.116,0.032
1920.78186,10.142,0.03
1922.76355,10.172,0.034
1922.77577,10.191,0.031
1924.82902,10.227,0.029
1925.83085,10.24,0.033
1925.84058,10.294,0.028
1926.82533,10.26,0.033
1926.83034,10.279,0.029
1928.86571,10.353,0.03
1929.87063,10.342,0.029
1930.76494,10.398,0.026
1931.76676,10.437,0.03
1931.87123,10.458,0.027
1933.76914,10.468,0.029
1933.78573,10.514,0.026
1935.68721,10.534,0.029
1935.68981,10.53,0.03
1937.77387,10.585,0.03
1937.77823,10.594,0.028
1939.75879,10.636,0.027
1939.77293,10.64,0.026
1945.83494,10.852,0.025
1945.83745,10.793,0.03
1947.76676,10.921,0.031
1947.77031,10.946,0.029
1949.72402,10.921,0.032
1949.73253,10.959,0.034
1950.7411,10.935,0.033
1950.7508,10.976,0.03
1953.75218,11.021,0.028
1953.76066,11.001,0.031
1955.76376,11.069,0.033
1958.74521,11.084,0.027
1961.73494,11.168,0.028
1961.73999,11.173,0.026
1962.75982,11.185,0.032
1963.74761,11.176,0.028
1963.74932,11.142,0.031
1964.74313,11.199,0.026
1964.75178,11.168,0.029
1965.72881,11.204,0.027
1966.73523,11.198,0.029
1967.75133,11.155,0.03
1968.72823,11.153,0.028
1968.73215,11.161,0.032
1971.74904,11.056,0.039
1977.6932,10.844,0.04
1977.69593,10.876,0.04
1978.73143,10.821,0.047
1979.69853,10.766,0.043
1979.70752,10.735,0.048
1980.69712,10.707,0.049
1981.71927,10.633,0.042
1981.72426,10.616,0.045
1982.69751,10.581,0.033
1982.70149,10.601,0.038
1984.69105,10.461,0.046
1984.69604,10.476,0.043
1985.69077,10.422,0.036
1985.69251,10.405,0.037
1993.70695,10.014,0.046
1993.71097,10.021,0.051
1994.67406,9.976,0.039
1995.6851,9.967,0.043
1996.66684,9.941,0.045
1996.66865,9.932,0.046
1997.66667,9.892,0.046
1997.67071,9.875,0.05
1998.66249,9.868,0.049
1998.66514,9.881,0.052
2000.65649,9.816,0.045
2008.62813,9.739,0.056
2011.62445,9.779,0.053
2011.63109,9.745,0.054
2014.62088,9.739,0.055
2014.62567,9.76,0.055
2016.61595,9.757,0.054
2018.61243,9.78,0.055
2018.61437,9.772,0.057
2025.57867,9.855,0.034
2025.5834,9.853,0.031
2026.60303,9.846,0.036
2026.60726,9.846,0.039
2027.59464,9.842,0.041
2027.59712,9.839,0.034
2030.579,9.854,0.039
2030.58328,9.863,0.04
2032.58127,9.838,0.034
2032.58593,9.856,0.034
2033.58052,9.851,0.031
2033.58257,9.834,0.036
2034.58245,9.808,0.037
2037.60121,9.816,0.039
2038.5925,9.8,0.043
2052.5243,9.616,0.038
2052.52879,9.609,0.04
2053.54973,9.612,0.036
2053.55193,9.598,0.033
2054.54756,9.593,0.04
2055.53644,9.581,0.042
2056.53571,9.589,0.034
2056.54701,9.616,0.039
2057.53193,9.581,0.039
2057.5341,9.579,0.032
2058.52808,9.578,0.036
2058.53269,9.558,0.037
2062.52537,9.556,0.051
2064.5169,9.523,0.04
2064.51901,9.547,0.038
2067.50178,9.523,0.039
2067.50638,9.504,0.042
2069.50061,9.507,0.036
2070.5206,9.53,0.032
2070.52299,9.496,0.035
2078.47961,9.509,0.035
2081.47443,9.525,0.031
2081.47915,9.499,0.036
2083.55725,9.472,0.038
2083.56144,9.494,0.035
2086.49391,9.404,0.035
2088.49073,9.392,0.034
2088.49487,9.401,0.034
2093.53037,9.287,0.035
2103.48531,9.07,0.033
2105.51374,9.042,0.037
2116.47425,8.81,0.032
2130.46225,8.775,0.037
2134.46336,8.831,0.043
2143.46795,8.961,0.047
2227.86141,10.955,0.054
2233.84861,10.945,0.038
2235.85696,11.017,0.048
2237.85457,11.033,0.044
2240.83713,10.984,0.04
2240.84865,10.95,0.042
2242.84337,10.892,0.046
2242.85425,10.929,0.056
2244.85054,10.881,0.052
2248.83114,10.735,0.045
2250.84216,10.682,0.047
2252.83105,10.613,0.049
2257.84045,10.441,0.05
2264.83101,10.255,0.053
2266.83025,10.218,0.054
2270.80304,10.132,0.06
2442.47442,9.689,0.044
2442.47686,9.709,0.036
2444.47551,9.722,0.028
2444.47749,9.74,0.038
2446.58807,9.778,0.032
2452.455,9.878,0.03
2452.45691,9.892,0.026
2454.52767,9.957,0.032
2454.52955,9.937,0.029
2459.48895,10.103,0.024
2460.45769,10.14,0.029
2463.47208,10.167,0.026
2463.50119,10.188,0.025
2465.51147,10.248,0.026
2465.52012,10.255,0.024
2467.49898,10.308,0.025
2467.51461,10.313,0.023
2469.50371,10.368,0.029
2469.51231,10.38,0.027
2473.46982,10.47,0.029
2473.47618,10.494,0.028
2482.51328,10.705,0.036
2482.53102,10.724,0.039
2489.46056,10.877,0.054
2489.4783,10.787,0.043
2493.46302,10.92,0.035
2499.46554,10.833,0.035
2500.46812,10.851,0.031
2502.49727,10.865,0.033
2622.84977,8.976,0.03
2625.84376,8.968,0.03
2625.85314,8.988,0.028
2628.82411,8.983,0.03
2628.83383,8.986,0.03
2629.81118,8.979,0.032
2629.81598,8.989,0.03
2635.78477,9.011,0.035
2635.79439,8.993,0.035
2635.8146,8.996,0.031
2635.81656,8.995,0.032
2638.85601,9.009,0.037
2642.80824,9.013,0.029
2642.81083,9.043,0.025
2645.82517,9.025,0.027
2645.83013,9.071,0.027
2649.80782,9.049,0.04
2649.81741,9.054,0.045
2651.82972,9.043,0.03
2651.83705,9.074,0.033
2654.86528,9.056,0.031
2655.79642,9.061,0.028
2658.79371,9.077,0.03
2658.80809,9.081,0.028
2662.8142,9.057,0.03
2662.81927,9.081,0.033
2664.8262,9.065,0.028
2666.84947,9.071,0.031
2666.85221,9.071,0.03
2669.80788,9.08,0.025
2669.8119,9.071,0.027
2672.78335,9.102,0.027
2672.79449,9.096,0.029
2674.82384,9.119,0.029
2674.8266,9.132,0.027
2676.78726,9.154,0.025
2676.79369,9.141,0.028
2678.7733,9.172,0.027
2678.77835,9.184,0.026
2679.73834,9.203,0.029
2679.74347,9.206,0.03
2680.77388,9.21,0.028
2680.77787,9.209,0.029
2684.74358,9.33,0.028
2684.74983,9.32,0.031
2686.75206,9.409,0.028
2686.75379,9.383,0.032
2690.74985,9.549,0.03
2690.7563,9.531,0.03
2692.80699,9.602,0.027
2692.81343,9.607,0.028
2694.75023,9.679,0.025
2694.7542,9.689,0.028
2696.78369,9.743,0.026
2696.78895,9.742,0.025
2698.81978,9.798,0.035
2700.80423,9.863,0.028
2700.80938,9.88,0.031
2704.77437,9.958,0.026
2706.74499,9.995,0.026
2706.7492,9.991,0.025
2710.70872,10.051,0.026
2712.70424,10.053,0.026
2712.71058,10.038,0.027
2714.67915,10.055,0.028
2717.67814,10.121,0.028
2717.69369,10.089,0.034
2719.78354,10.123,0.049
2721.70846,10.109,0.03
2721.71118,10.12,0.028
2722.83508,10.115,0.031
2724.72282,10.132,0.027
2724.72552,10.159,0.029
2727.71799,10.189,0.027
2727.72067,10.181,0.026
2731.8071,10.216,0.029
2731.80977,10.237,0.029
2733.82394,10.229,0.029
2733.83187,10.264,0.029
2735.70808,10.267,0.029
2736.80387,10.265,0.032
2738.65983,10.339,0.029
2738.67774,10.306,0.033
2740.65806,10.353,0.032
2740.66067,10.358,0.025
2741.82325,10.367,0.036
2743.6736,10.419,0.034
2744.8035,10.396,0.043
2747.80524,10.444,0.049
2749.79037,10.523,0.029
2751.58216,10.539,0.027
2751.59391,10.526,0.028
2752.7902,10.556,0.029
2755.61041,10.607,0.026
2755.61518,10.613,0.025
2756.74276,10.613,0.027
2758.78259,10.641,0.029
2760.64542,10.664,0.027
2760.65023,10.678,0.026
2761.8083,10.702,0.031
2764.71571,10.739,0.028
2766.71076,10.726,0.029
2782.63155,10.831,0.025
2783.71118,10.8,0.037
2784.59755,10.823,0.026
2785.64305,10.793,0.028
2786.5929,10.804,0.025
2787.59478,10.843,0.026
2790.5107,10.783,0.03
2790.62014,10.814,0.033
2791.71049,10.816,0.03
2791.72916,10.806,0.033
2794.57355,10.748,0.034
2805.65542,10.47,0.047
2808.63292,10.406,0.026
2809.65537,10.353,0.028
2810.54618,10.368,0.026
2811.62067,10.3,0.025
2812.54662,10.277,0.026
2813.60266,10.24,0.026
2820.58393,10.008,0.028
2821.5074,9.986,0.027
2826.62797,9.77,0.048
2830.53269,9.614,0.028
2832.51486,9.937,0.03
2834.51601,9.485,0.032
2836.51335,9.408,0.027
2839.5548,9.299,0.029
2841.56233,9.247,0.025
2842.50763,9.198,0.04
2845.50385,9.123,0.027
2851.48964,8.92,0.026
2854.49239,8.82,0.026
2858.49336,8.707,0.029
2860.49561,8.66,0.029
2866.49844,8.568,0.028
2877.47244,8.638,0.03
2883.47173,8.686,0.034
2962.8563,9.804,0.042
2967.85496,9.799,0.037
2973.85153,9.908,0.036
2975.84595,9.984,0.03
2981.83463,10.049,0.042
2983.83792,10.188,0.052
2985.83662,10.161,0.034
2987.83806,10.241,0.029
2989.83134,10.232,0.032
2990.84229,10.292,0.032
2992.85543,10.322,0.041
2994.82621,10.335,0.025
2997.84737,10.376,0.029
3000.85585,10.395,0.033
3003.84169,10.389,0.035
3005.81938,10.445,0.043
3007.79576,10.458,0.032
3008.83596,10.425,0.032
3010.84609,10.487,0.032
3012.81417,10.42,0.037
3016.84881,10.412,0.031
3019.83652,10.378,0.047
3020.8412,10.445,0.048
3025.7988,10.367,0.034
3025.8095,10.434,0.028
3029.87173,10.388,0.033
3032.83533,10.447,0.04
3032.84066,10.454,0.034
3035.79905,10.41,0.027
3035.81263,10.454,0.028
3039.8426,10.437,0.032
3042.80059,10.424,0.033
3042.81243,10.434,0.035
3046.73381,10.401,0.037
3047.74587,10.42,0.039
3050.72574,10.346,0.03
3051.73808,10.404,0.045
3053.75763,10.287,0.03
3053.81271,10.307,0.028
3061.74247,10.133,0.029
3061.74814,10.134,0.029
3064.71845,10.045,0.032
3064.73453,10.048,0.04
3067.77429,9.935,0.034
3067.77738,9.968,0.031
3069.77765,9.832,0.034
3071.76846,9.799,0.034
3073.85278,9.713,0.033
3076.69714,9.592,0.03
3080.76924,9.478,0.057
3082.82861,9.373,0.032
3085.72912,9.311,0.028
3086.80304,9.262,0.032
3089.6664,9.197,0.034
3091.70695,9.12,0.041
3093.70534,9.088,0.032
3097.686,9.028,0.033
3099.73754,9.019,0.039
3101.76624,8.983,0.033
3103.79202,8.99,0.042
3105.77452,8.945,0.033
3107.77908,8.935,0.03
3109.78953,8.93,0.03
3110.81327,9.031,0.033
3112.59797,8.898,0.031
3114.66242,8.875,0.028
3121.62606,8.806,0.03
3125.63765,8.792,0.034
3127.65259,8.816,0.051
3129.69759,8.782,0.039
3131.71351,8.788,0.037
3133.71662,8.794,0.034
3144.72813,8.806,0.028
3153.53654,8.91,0.034
3155.59199,8.926,0.051
3158.64645,8.983,0.056
3160.64526,9.027,0.034
3163.65318,9.051,0.033
3165.65104,9.079,0.031
3168.67003,9.108,0.033
3171.66332,9.146,0.032
3175.65071,9.175,0.034
3176.60819,9.174,0.035
3180.65896,9.217,0.032
3183.63374,9.214,0.032
3185.62491,9.199,0.038
3189.51181,9.225,0.033
3189.61725,9.235,0.042
3219.50797,9.344,0.029
3355.84458,9.289,0.028
3363.83764,9.126,0.043
3384.79937,8.914,0.062
3387.82602,8.886,0.04
3390.8292,8.879,0.036
3394.84994,8.854,0.03
3397.81064,8.871,0.038
3400.79774,8.799,0.035
3403.81511,8.757,0.036
3406.78341,8.716,0.051
3409.78472,8.725,0.033
3412.77675,8.674,0.033
3414.82845,8.65,0.033
3417.75602,8.611,0.036
3419.82101,8.535,0.049
3422.74637,8.517,0.063
3424.7885,8.55,0.047
3426.76832,8.524,0.031
3431.80939,8.523,0.044
3433.84647,8.514,0.046
3438.73719,8.471,0.029
3442.73277,8.456,0.031
3444.74077,8.49,0.04
3446.75436,8.473,0.037
3448.7479,8.453,0.042
3450.73021,8.577,0.043
3453.66323,8.621,0.054
3455.67082,8.618,0.044
3457.71185,8.684,0.037
3459.70798,8.708,0.026
3461.74126,8.981,0.033
3463.85616,8.843,0.036
3466.62828,8.917,0.033
3473.67158,9.136,0.029
3475.7647,9.209,0.052
3477.76348,9.253,0.038
3481.655,9.355,0.03
3484.63848,10.266,0.054
3487.79241,9.463,0.035
3490.77889,9.531,0.041
3492.77479,9.568,0.04
3496.77118,9.659,0.027
3500.56281,9.741,0.038
3502.58721,9.798,0.032
3504.58556,9.842,0.042
3508.67222,9.903,0.026
3512.56096,10.027,0.03
3516.56552,10.118,0.038
3518.6534,10.124,0.048
3522.48645,10.217,0.037
3524.52612,10.272,0.038
3526.54609,10.349,0.032
3528.55057,10.371,0.033
3530.5625,10.44,0.034
3539.50331,10.498,0.045
3542.5539,10.675,0.039
3544.62733,10.663,0.034
3550.58616,10.673,0.037
3553.63271,10.672,0.032
3556.55055,10.649,0.027
3559.56619,10.585,0.047
3561.58195,10.593,0.03
3563.5785,10.557,0.031
3569.5923,10.5,0.032
3573.57502,10.439,0.033
3576.53187,10.635,0.03
3578.56912,10.372,0.034
3584.52183,10.271,0.032
3587.48378,10.273,0.027
3589.51049,10.256,0.03
3594.48211,10.247,0.032
3600.49671,10.168,0.041
3603.4847,10.125,0.031
3607.47842,10.045,0.032
3716.83841,8.529,0.034
3720.83414,8.637,0.04
3724.85063,8.772,0.036
3727.85851,8.878,0.036
3732.83756,9.019,0.046
3736.81963,9.186,0.05
3739.83971,9.303,0.036
3743.83537,9.418,0.034
3747.82352,9.551,0.036
3753.8614,9.717,0.041
3758.81291,9.782,0.039
3761.81938,9.855,0.045
3764.81288,9.858,0.048
3767.82613,9.953,0.04
3770.79772,9.991,0.049
3773.78559,9.979,0.045
3779.77118,10.106,0.051
3787.89696,10.257,0.041
3790.74473,10.337,0.041
3792.79681,10.719,0.057
3795.73183,10.579,0.032
3797.84466,10.474,0.034
3800.71394,10.469,0.045
3803.71608,10.583,0.053
3805.75006,10.659,0.044
3808.74054,10.691,0.049
3812.74037,10.738,0.044
3814.75836,10.762,0.04
3816.78165,10.782,0.04
3819.65578,10.816,0.036
3821.71496,10.867,0.049
3823.74571,10.944,0.048
3825.7714,10.937,0.038
3828.63693,10.947,0.037
3830.68904,11.029,0.044
3832.68643,11.001,0.041
3834.67697,10.983,0.042
3836.69385,11.021,0.047
3847.80176,10.937,0.044
3849.74452,11.007,0.032
3851.74647,10.975,0.034
3853.79287,10.968,0.03
3856.57442,10.895,0.049
3860.70234,10.872,0.033
3862.61933,10.809,0.034
3867.59044,10.622,0.043
3869.58994,10.651,0.041
3871.58219,10.602,0.033
3882.53134,10.272,0.045
3886.53716,10.106,0.03
3888.55543,9.967,0.044
3890.55435,9.928,0.033
3894.58721,9.691,0.031
3897.56722,9.522,0.043
3899.59836,9.433,0.049
3901.63868,9.285,0.035
3903.64063,9.205,0.03
3905.63941,9.083,0.032
3907.64766,9.019,0.031
4090.83337,10.838,0.037
4103.85757,11.095,0.033
4106.856,11.033,0.035
4126.82156,10.958,0.029
4129.80751,10.834,0.037
4132.80988,10.734,0.043
4135.79277,10.601,0.033
4140.83996,10.351,0.03
4143.77677,10.122,0.042
4150.76916,9.662,0.031
4152.82054,9.525,0.032
4155.73642,9.282,0.057
4157.85176,9.208,0.035
4160.72582,9.077,0.05
4162.76637,8.87,0.045
4172.90233,8.685,0.049
4175.69173,8.467,0.036
4177.82605,8.446,0.035
4180.71169,8.409,0.039
4182.80761,8.411,0.035
4184.75311,8.401,0.044
4187.85267,8.392,0.036
4190.65249,8.416,0.029
4196.63686,8.42,0.052
4198.68528,8.531,0.053
4200.8051,8.523,0.028
4203.7297,8.504,0.034
4205.73234,8.54,0.036
4208.81951,8.544,0.052
4212.82918,8.483,0.046
4227.60329,8.476,0.026
4229.61325,8.445,0.031
4231.61834,8.544,0.041
4233.62014,8.5,0.027
4235.61837,8.501,0.049
4237.63509,8.549,0.059
4249.5439,8.676,0.049
4253.54437,8.781,0.03
4254.69621,8.799,0.035
4257.54713,8.854,0.042
4259.5676,8.924,0.033
4267.57122,9.111,0.044
4269.59511,9.107,0.062
4272.54926,9.265,0.047
4277.46556,9.349,0.028
4283.53019,9.527,0.034
4285.53467,9.496,0.058
4289.53459,9.645,0.031
4291.55151,9.701,0.026
4293.54502,9.758,0.026
4295.55092,9.816,0.04
4297.54906,9.842,0.042
4299.52411,9.855,0.031
4304.49069,9.922,0.04
4306.52777,9.978,0.026
4312.52059,10.024,0.039
4315.52697,10.068,0.036
4319.4967,10.123,0.044
4331.47402,10.221,0.027
4334.49466,10.252,0.031
4339.47524,10.316,0.052
4343.47373,10.525,0.053
4441.85052,9.133,0.036
4453.84598,8.797,0.056
4457.84563,8.669,0.04
4461.83362,8.563,0.034
4464.84305,8.475,0.03
4468.82256,8.429,0.041
4476.84935,8.418,0.051
4480.80197,8.467,0.041
4484.86931,8.475,0.031
4487.84145,8.488,0.031
4491.79314,8.487,0.044
4499.76591,8.506,0.033
4502.78777,8.514,0.042
4505.77693,8.557,0.035
4508.77818,8.579,0.035
4511.76792,8.58,0.031
4518.74747,8.699,0.032
4522.79591,8.797,0.028
4524.86343,8.884,0.031
4527.71731,8.899,0.032
4529.78129,8.998,0.038
4532.71037,9.064,0.033
4535.79954,9.17,0.029
4537.81377,9.266,0.027
4540.68914,9.366,0.044
4542.72581,9.414,0.037
4551.865,9.793,0.052
4554.65506,9.903,0.037
4558.78078,10.104,0.035
4560.7843,10.13,0.03
4563.63014,10.243,0.034
4565.69558,10.272,0.032
4569.68268,10.377,0.034
4571.68129,10.406,0.034
4574.54716,10.526,0.04
4577.8351,10.582,0.041
4580.67289,10.571,0.034
4583.74552,10.65,0.03
4586.74219,10.649,0.029
4588.78538,10.835,0.036
4591.55694,10.641,0.044
4593.59039,10.735,0.035
4595.594,10.653,0.026
4597.57997,10.684,0.029
4599.60371,10.647,0.035
4606.6469,10.678,0.045
4608.65097,10.706,0.034
4610.73184,10.638,0.031
4616.59389,10.87,0.028
4618.61281,10.734,0.027
4623.68058,10.755,0.031
4626.53933,10.771,0.029
4631.57381,10.802,0.032
4633.59726,11.044,0.035
4639.57799,10.842,0.032
4641.61206,10.828,0.032
4643.61313,10.806,0.037
4645.61886,10.758,0.042
4647.6392,10.772,0.041
4650.5484,10.692,0.06
4652.57369,10.645,0.031
4654.55014,10.688,0.036
4659.51781,10.464,0.037
4661.59657,10.421,0.042
4664.50456,10.299,0.036
4666.57146,10.225,0.036
4670.53053,10.065,0.042
4672.55524,10.014,0.036
4677.4747,9.832,0.037
4679.5001,9.721,0.032
4682.48461,9.634,0.035
4686.48667,9.46,0.039
4691.50064,9.271,0.034
4698.48077,9.114,0.034
4701.47239,9.064,0.033
4704.47075,8.981,0.035
4792.85552,8.989,0.049
4801.85416,9.086,0.036
4808.84658,9.423,0.035
4815.85348,9.584,0.041
4823.8331,9.883,0.035
4827.82419,10.047,0.039
4831.8218,10.164,0.035
4835.81061,10.318,0.05
4838.83562,10.425,0.034
4842.80379,10.541,0.036
4846.8199,10.665,0.03
4851.79823,10.784,0.032
4860.85766,10.942,0.036
4863.8289,10.887,0.034
4866.82663,10.887,0.033
4869.80096,10.894,0.035
4872.77739,10.795,0.042
4877.82316,10.842,0.033
4883.755,10.789,0.034
4886.78066,10.759,0.063
4889.73223,10.696,0.053
4892.72762,10.667,0.041
4898.83978,10.559,0.054
4904.75303,10.512,0.054
4906.80827,10.493,0.054
4909.6859,10.523,0.05
4914.72412,10.429,0.052
4916.81939,10.36,0.048
4919.65924,10.24,0.047
4921.82004,10.214,0.048
4926.69519,10.101,0.042
4932.67569,9.966,0.052
4934.70242,9.975,0.063
4946.65909,9.78,0.062
4959.68528,9.669,0.063
4962.59005,9.671,0.049
4964.63086,9.641,0.061
4966.75341,9.619,0.051
4969.54264,9.572,0.058
4972.63081,9.569,0.045
4988.62461,9.137,0.06
4994.63563,8.883,0.047
5002.63456,8.607,0.056
5006.63665,8.504,0.046
5014.4756,8.455,0.06
5022.54883,8.434,0.055
5024.54512,8.402,0.056
5037.48401,8.448,0.039
5041.48544,8.492,0.048
5057.4943,8.539,0.051
5064.4752,8.637,0.057
