1871.84444,11.827,0.084
1873.85094,12.633,0.077
1875.83631,12.89,0.079
1877.82596,13.046,0.061
1877.85091,13.026,0.054
1879.82419,12.233,0.057
1881.81976,12.756,0.049
1885.78846,13.052,0.045
1885.83663,11.719,0.056
1887.80118,12.429,0.054
1887.83766,12.599,0.055
1889.80166,12.93,0.061
1899.82965,12.618,0.04
1900.79664,11.748,0.064
1902.79945,12.59,0.048
1903.80367,12.771,0.069
1904.78178,12.863,0.057
1905.80768,12.997,0.065
1906.77681,12.94,0.055
1907.80402,11.789,0.047
1908.77116,11.98,0.055
1913.81545,12.95,0.04
1913.84897,12.485,0.049
1915.76186,11.819,0.049
1915.81195,12.113,0.057
1918.7234,12.757,0.056
1918.7838,12.857,0.06
1919.80178,12.885,0.05
1920.7777,13.074,0.065
1921.74534,12.93,0.047
1922.77152,11.851,0.052
1922.83181,12.291,0.046
1924.80936,12.818,0.047
1924.82468,12.771,0.047
1925.798,12.848,0.049
1925.8362,13.004,0.05
1926.79446,12.916,0.044
1926.82591,12.895,0.044
1928.80216,12.54,0.051
1928.86623,11.896,0.056
1929.78564,11.861,0.043
1930.76035,12.192,0.045
1930.80516,12.386,0.042
1931.82767,12.71,0.043
1931.8666,12.878,0.041
1933.72197,12.936,0.042
1933.78102,12.975,0.042
1935.67186,13.006,0.041
1937.71814,11.863,0.044
1937.78789,12.271,0.044
1939.70333,12.558,0.04
1939.794,12.778,0.04
1941.70503,12.909,0.043
1945.81402,12.659,0.053
1945.85675,12.78,0.042
1947.72181,12.879,0.048
1947.79053,12.861,0.045
1948.7541,13.044,0.054
1949.80635,13.041,0.064
1950.71888,12.858,0.069
1953.73801,12.611,0.053
1953.76498,12.668,0.047
1954.73451,12.816,0.049
1954.77118,12.813,0.047
1955.72964,13.102,0.048
1955.77651,12.971,0.039
1955.88863,12.997,0.045
1958.72729,11.883,0.057
1958.7607,11.82,0.052
1961.70107,12.739,0.051
1961.75707,12.835,0.048
1962.72831,12.967,0.061
1962.79016,13.025,0.052
1964.71782,12.811,0.053
1964.76754,13.018,0.042
1965.70169,12.709,0.055
1965.74864,11.779,0.045
1966.70632,11.874,0.058
1966.75511,12.173,0.046
1967.70089,12.441,0.059
1967.76462,12.615,0.05
1968.70741,12.701,0.059
1968.75467,12.768,0.048
1971.76125,12.878,0.055
1976.80161,12.946,0.052
1977.72046,12.971,0.052
1978.71099,12.919,0.067
1978.75607,12.942,0.053
1979.67927,12.865,0.068
1979.72346,12.848,0.056
1980.67586,12.439,0.067
1980.70557,11.782,0.057
1981.6953,12.234,0.06
1981.72779,12.476,0.051
1982.6697,12.462,0.058
1982.70778,12.556,0.048
1984.65925,12.94,0.064
1984.71083,13.18,0.054
1985.66067,13.113,0.063
1985.70551,12.985,0.053
1993.67477,12.899,0.07
1993.71968,12.939,0.064
1994.64297,13.179,0.067
1994.6989,12.209,0.063
1995.63639,12.219,0.071
1996.6374,12.101,0.072
1996.68175,12.389,0.06
1997.64235,12.697,0.07
1997.68162,12.57,0.057
1998.68013,12.915,0.064
2000.67147,13.011,0.06
2025.54599,11.945,0.048
2025.60384,11.955,0.053
2026.58276,12.321,0.054
2026.61901,12.583,0.054
2027.57238,12.633,0.037
2027.61309,12.721,0.051
2030.59511,12.93,0.049
2032.56368,11.872,0.071
2032.59989,11.888,0.057
2033.56198,12.135,0.044
2033.59222,12.332,0.057
2034.56705,12.617,0.052
2034.58765,12.726,0.063
2037.61328,12.881,0.067
2052.51085,13.034,0.074
2052.54153,12.978,0.062
2053.5415,13.002,0.059
2053.57179,12.352,0.073
2054.56716,12.007,0.077
2055.49079,11.849,0.075
2056.54144,12.566,0.07
2056.55772,12.646,0.072
2057.52638,12.809,0.071
2057.55158,12.859,0.065
2058.52944,12.974,0.069
2058.557,12.859,0.07
2062.56104,12.247,0.064
2064.5375,12.712,0.065
2067.47176,13.129,0.075
2069.48599,11.87,0.07
2069.54155,12.071,0.069
2070.5298,12.532,0.069
2071.53411,12.639,0.071
2079.46811,12.637,0.074
2079.49109,12.811,0.074
2081.49876,12.915,0.063
2082.47571,12.869,0.061
2083.49913,11.682,0.064
2085.48275,12.409,0.06
2086.4811,12.618,0.071
2087.4761,12.847,0.054
2088.48261,12.959,0.063
2093.55298,12.956,0.052
2103.49307,12.922,0.055
2105.51936,12.196,0.052
2116.46281,12.936,0.042
2116.47794,13.165,0.05
2125.49111,12.927,0.069
2129.49385,12.647,0.066
2130.46897,12.902,0.05
2132.47463,12.978,0.058
2135.47981,12.328,0.056
2144.5203,12.984,0.055
2228.84307,11.741,0.063
2235.83022,11.802,0.058
2237.82994,12.507,0.057
2240.80963,12.937,0.056
2242.80906,12.824,0.061
2243.84828,12.361,0.06
2244.80968,12.129,0.063
2248.78966,13.084,0.062
2250.79308,11.815,0.061
2250.83988,11.984,0.059
2252.82867,12.778,0.059
2255.84773,12.932,0.058
2257.83777,12.134,0.062
2441.52987,12.358,0.041
2445.49479,13.127,0.044
2452.47607,12.985,0.047
2453.45485,13.078,0.06
2454.4858,12.841,0.057
2456.46484,12.09,0.06
2459.47209,13.044,0.041
2463.49375,12.324,0.043
2464.51761,12.775,0.038
2465.51901,13.007,0.048
2466.52514,12.939,0.041
2467.50211,13.005,0.04
2468.52408,12.288,0.035
2469.50916,11.947,0.052
2470.50586,12.357,0.041
2473.47544,12.975,0.048
2482.52163,12.986,0.064
2490.54089,11.937,0.049
2493.47177,12.609,0.053
2494.51671,12.971,0.048
2497.46476,12.816,0.049
2497.47673,13.075,0.039
2499.50445,12.612,0.041
2501.50732,13.196,0.062
2502.55539,12.944,0.058
2503.56232,12.924,0.058
2506.46977,12.234,0.063
2512.47142,11.771,0.043
2512.54684,12.259,0.043
2520.52542,12.342,0.042
2524.48216,12.869,0.057
2526.49803,11.707,0.059
2622.77751,11.917,0.031
2623.81836,12.561,0.041
2627.8435,13.025,0.043
2630.84393,12.755,0.045
2634.84319,13.071,0.028
2635.81123,12.262,0.044
2638.84792,13.046,0.047
2641.78653,12.909,0.026
2642.81172,12.686,0.043
2644.79632,12.317,0.032
2645.83086,12.798,0.041
2646.80834,12.805,0.036
2649.85429,12.238,0.046
2650.762,12.442,0.032
2651.83287,12.46,0.043
2652.78299,12.591,0.032
2654.86832,12.971,0.045
2658.79722,12.264,0.032
2660.79879,12.713,0.035
2660.8563,12.942,0.044
2662.79194,12.971,0.034
2662.81462,12.979,0.043
2664.80633,11.756,0.04
2664.82881,11.844,0.042
2666.81718,12.705,0.035
2666.86599,12.756,0.044
2669.7752,13.019,0.039
2669.82848,13.029,0.045
2671.79794,12.043,0.041
2672.80169,12.132,0.043
2673.81336,12.543,0.037
2675.77805,12.905,0.042
2675.78088,12.878,0.033
2677.75287,12.907,0.034
2677.78727,13.104,0.044
2679.72903,12.631,0.047
2679.76685,11.893,0.047
2681.72687,12.405,0.035
2681.76752,12.631,0.044
2683.73378,13.022,0.037
2683.76079,13.591,0.047
2685.72595,13.057,0.038
2685.75606,12.776,0.045
2689.76405,12.934,0.04
2689.77059,12.82,0.043
2691.7659,13.128,0.046
2693.78625,11.772,0.037
2693.82847,12.1,0.044
2695.75574,12.489,0.041
2695.78723,12.705,0.046
2698.69366,12.851,0.046
2698.74907,13.101,0.046
2700.743,12.99,0.038
2704.73497,12.94,0.046
2704.78589,12.959,0.05
2706.72065,12.856,0.039
2706.76696,13.014,0.048
2710.66455,12.2,0.032
2710.72609,12.626,0.047
2712.66178,12.783,0.03
2712.71923,12.856,0.048
2714.6471,13.01,0.03
2714.70159,12.993,0.047
2715.82032,12.34,0.038
2717.70944,12.456,0.049
2719.62477,12.639,0.033
2719.87129,12.926,0.05
2720.75266,13.133,0.034
2723.70909,11.885,0.053
2723.8527,12.734,0.044
2724.87019,13.072,0.048
2725.69144,12.583,0.033
2726.73068,12.985,0.047
2726.8717,12.855,0.033
2728.70088,13.103,0.041
2728.71456,12.961,0.044
2730.72703,12.026,0.048
2732.7775,12.861,0.033
2733.71617,12.942,0.048
2734.64878,12.822,0.034
2734.79047,12.983,0.051
2736.62952,12.888,0.039
2736.68198,12.947,0.045
2737.8292,12.588,0.037
2738.67992,12.001,0.045
2739.70564,12.473,0.035
2740.68749,12.77,0.047
2742.57873,12.816,0.043
2742.59772,12.91,0.047
2743.72935,13.041,0.036
2743.75316,12.362,0.045
2749.83727,11.943,0.033
2749.85168,11.76,0.046
2751.58684,12.928,0.041
2751.60073,12.927,0.042
2752.79031,12.531,0.035
2755.60365,12.623,0.035
2755.61986,12.632,0.04
2756.73838,12.938,0.027
2756.76272,12.913,0.04
2757.84731,12.054,0.053
2758.77827,12.06,0.029
2759.86437,12.916,0.052
2760.63878,12.046,0.031
2761.62119,12.421,0.041
2761.80405,12.962,0.029
2762.73081,13.122,0.048
2763.61062,12.855,0.043
2763.86002,11.83,0.047
2764.71155,13.002,0.036
2766.70212,11.933,0.034
2775.73498,12.704,0.036
2775.77274,12.814,0.046
2783.58579,12.303,0.052
2783.5955,12.379,0.061
2785.5853,12.8,0.037
2785.59503,12.928,0.049
2787.55864,13.026,0.042
2787.57548,12.999,0.054
2791.72115,12.967,0.032
2791.72646,12.889,0.048
2794.5635,13.104,0.037
2794.57097,12.98,0.046
2804.59626,12.156,0.039
2804.62674,12.476,0.045
2809.59693,13.023,0.037
2809.63219,12.706,0.044
2811.58304,12.14,0.033
2811.60669,12.264,0.045
2812.65176,12.731,0.034
2813.59153,12.746,0.043
2819.62901,12.657,0.036
2819.676,12.724,0.037
2821.62975,12.842,0.035
2821.66308,13.004,0.041
2826.62334,12.561,0.039
2830.57457,13.231,0.04
2831.62016,11.786,0.035
2832.53768,12.315,0.041
2834.53891,12.573,0.038
2835.64789,12.98,0.036
2838.56082,13.018,0.034
2841.59075,12.596,0.037
2843.56584,12.936,0.04
2853.51778,12.93,0.038
2853.55368,12.897,0.037
2855.53957,12.287,0.034
2855.54977,12.381,0.033
2859.54596,12.952,0.039
2861.53141,11.764,0.035
2861.53915,11.745,0.039
2864.52473,12.74,0.033
2864.53547,12.984,0.048
2868.4976,13.063,0.033
2875.5279,12.318,0.053
2876.47688,11.754,0.033
2877.52441,12.453,0.042
2878.48736,12.535,0.029
2879.52717,12.85,0.041
2883.47641,12.074,0.03
2883.49548,11.735,0.042
2885.51442,12.688,0.045
2894.49467,12.869,0.046
2898.48365,11.952,0.046
2900.48388,12.664,0.045
2957.85465,12.126,0.033
2976.84027,12.99,0.042
2981.82069,12.721,0.031
2984.84765,12.932,0.031
2988.80172,12.618,0.035
2990.84426,12.803,0.039
2991.83812,12.957,0.03
2994.82791,12.539,0.044
2994.8461,12.633,0.032
2997.82715,13.043,0.031
2997.85384,12.996,0.043
3005.82332,12.968,0.041
3008.80531,12.248,0.03
3008.83692,12.458,0.044
3011.80877,13.08,0.036
3012.81495,12.91,0.043
3015.82618,12.43,0.031
3018.80627,12.933,0.032
3019.83246,13.17,0.05
3025.75622,12.98,0.029
3025.80979,12.94,0.041
3029.85754,12.429,0.031
3030.78242,12.384,0.042
3032.77776,12.672,0.033
3035.76864,13.062,0.03
3036.82677,12.275,0.052
3041.76768,13.145,0.033
3041.81043,12.93,0.043
3043.80357,11.97,0.04
3043.82256,12.21,0.045
3046.73668,12.706,0.029
3047.76158,13.129,0.044
3049.73775,13.072,0.03
3051.75442,11.976,0.04
3052.735,12.294,0.03
3054.77188,13.001,0.045
3057.76134,12.731,0.042
3057.7674,12.433,0.051
3059.80477,12.691,0.032
3059.82756,12.74,0.039
3062.70291,13.023,0.039
3064.79393,11.837,0.034
3066.74555,12.325,0.041
3067.87856,13.008,0.034
3068.78446,12.877,0.039
3070.68363,13.061,0.032
3070.7692,12.93,0.044
3072.76467,11.781,0.031
3073.73817,12.124,0.041
3074.74035,12.553,0.032
3075.77558,12.912,0.041
3076.76602,13.015,0.029
3077.82632,13.048,0.043
3078.79927,12.121,0.035
3080.70932,11.87,0.052
3081.64449,11.827,0.031
3085.70231,13.042,0.031
3086.75335,11.792,0.045
3087.70488,11.892,0.034
3088.77001,12.735,0.042
3089.72934,12.543,0.032
3090.8041,13.127,0.045
3091.74143,12.926,0.03
3093.73038,12.907,0.03
3096.73982,12.671,0.042
3097.68094,12.839,0.03
3098.72201,13.049,0.042
3099.73247,12.925,0.032
3100.73611,12.976,0.043
3102.74827,12.445,0.047
3103.78703,12.659,0.036
3104.76705,13.059,0.044
3105.76953,13.172,0.033
3106.76496,12.94,0.042
3107.77412,12.112,0.032
3108.76936,12.052,0.044
3109.78137,12.499,0.034
3111.6139,12.372,0.039
3112.56598,12.394,0.028
3113.68072,13.113,0.042
3114.62027,12.93,0.034
3115.67988,12.976,0.042
3116.63534,12.773,0.035
3118.7198,12.779,0.037
3121.7307,12.987,0.032
3122.64108,12.963,0.042
3123.79382,12.484,0.042
3124.66272,12.192,0.039
3125.68289,12.608,0.036
3126.64646,12.741,0.043
3127.67991,13.119,0.033
3128.64457,12.781,0.046
3130.67884,11.87,0.044
3131.74644,12.534,0.036
3132.68485,12.639,0.042
3134.68729,13.093,0.042
3142.70213,13.05,0.04
3145.55809,13.095,0.028
3145.70197,12.103,0.041
3153.72897,12.584,0.032
3154.56404,12.071,0.04
3156.67351,12.973,0.045
3158.72477,11.822,0.039
3162.52058,12.064,0.041
3164.53668,12.801,0.031
3164.5451,12.884,0.041
3166.74416,12.206,0.049
3167.54543,13.145,0.029
3169.51157,12.172,0.041
3169.60131,12.589,0.028
3176.61098,12.567,0.054
3178.60291,12.966,0.041
3179.53062,12.964,0.03
3182.60391,12.087,0.028
3184.57555,12.719,0.03
3186.63863,12.885,0.034
3187.68232,12.001,0.046
3190.52352,11.878,0.029
3191.64701,12.576,0.072
3355.83861,13.003,0.048
3357.81841,11.971,0.042
3363.83112,12.701,0.062
3365.84911,12.492,0.057
3384.80023,13.04,0.058
3386.80979,12.181,0.049
3387.82674,12.619,0.056
3390.83387,13.056,0.063
3392.79681,12.775,0.064
3394.84463,12.668,0.046
3396.752,12.619,0.042
3397.85641,12.883,0.042
3399.7734,13.077,0.042
3400.82153,12.032,0.037
3402.80805,12.668,0.038
3404.82361,12.969,0.051
3405.75387,13.198,0.054
3407.80272,11.819,0.048
3408.73709,11.838,0.043
3410.79112,12.836,0.046
3411.73439,12.9,0.048
3413.77573,13.041,0.063
3413.80668,13.168,0.048
3416.77265,12.453,0.045
3418.78931,12.992,0.052
3419.76488,13.069,0.063
3420.79046,13.087,0.067
3422.81507,12.314,0.048
3424.77691,12.728,0.06
3424.82081,12.8,0.055
3426.75541,13.075,0.035
3426.79646,12.917,0.046
3430.78775,12.457,0.044
3431.74315,12.567,0.047
3432.79076,12.981,0.048
3433.79662,12.907,0.053
3434.84856,13.066,0.055
3438.71372,12.39,0.048
3438.75189,12.512,0.06
3442.6806,12.922,0.049
3442.75057,13.07,0.051
3444.69799,11.775,0.049
3444.76564,12.564,0.053
3446.77717,12.836,0.037
3448.71134,13.095,0.048
3450.70266,12.977,0.051
3450.78041,11.731,0.054
3453.62984,11.966,0.049
3455.67031,12.839,0.046
3455.68878,12.902,0.046
3457.68274,12.938,0.044
3457.72986,12.981,0.047
3459.68137,11.906,0.042
3459.73917,12.367,0.043
3461.69773,12.601,0.035
3463.76011,12.942,0.043
3464.66083,12.957,0.047
3465.79797,12.255,0.065
3468.74946,12.916,0.035
3469.70848,12.898,0.043
3470.84391,12.537,0.035
3471.71091,12.892,0.042
3473.58996,13.112,0.054
3473.73158,12.183,0.036
3475.71278,12.775,0.065
3475.80683,12.974,0.044
3477.84342,12.889,0.042
3479.64041,12.841,0.046
3481.64037,11.868,0.038
3481.68062,12.211,0.045
3483.65706,12.594,0.056
3483.6809,12.663,0.047
3489.78652,12.745,0.042
3489.80675,13.036,0.044
3491.80064,12.94,0.047
3491.83195,12.79,0.054
3497.8328,12.946,0.038
3499.55684,12.696,0.048
3501.51474,13.065,0.054
3501.56723,12.868,0.051
3503.62085,12.033,0.047
3503.63375,12.098,0.039
3506.66109,13.13,0.038
3509.64385,11.891,0.042
3509.65891,11.774,0.043
3511.68962,12.709,0.048
3511.69438,12.709,0.036
3515.71755,11.946,0.039
3515.73653,11.727,0.039
3517.70643,12.453,0.039
3517.73001,12.595,0.045
3521.62199,13.045,0.04
3521.63078,13.122,0.042
3523.62315,13.036,0.034
3523.6358,12.881,0.055
3525.66212,12.472,0.045
3529.646,12.987,0.054
3538.63613,11.806,0.039
3538.68731,12.197,0.047
3540.65681,12.664,0.042
3540.68104,12.841,0.069
3543.63094,12.802,0.035
3543.65755,13.14,0.043
3547.57463,12.234,0.045
3554.67385,12.656,0.038
3558.55077,12.952,0.056
3558.62638,12.997,0.036
3560.56061,12.656,0.045
3560.6241,11.987,0.04
3562.54347,12.351,0.045
3563.47814,12.594,0.036
3564.54458,12.865,0.038
3565.4865,13.045,0.036
3570.59515,12.722,0.035
3570.64536,12.927,0.043
3574.56123,12.949,0.036
3574.58193,12.389,0.037
3576.60954,12.6,0.047
3577.54061,12.527,0.053
3578.61097,12.912,0.048
3584.60003,12.668,0.042
3585.50899,12.636,0.035
3587.51445,12.905,0.04
3587.52426,13.013,0.039
3589.5413,12.228,0.043
3589.54343,12.097,0.044
3591.58665,12.608,0.051
3592.49653,12.62,0.041
3593.56898,13.08,0.042
3602.54507,12.923,0.044
3603.49695,12.941,0.036
3606.50013,12.48,0.04
3607.49176,12.662,0.037
3618.51826,12,0.044
3631.48556,13.108,0.046
3703.82686,12.977,0.067
3707.81477,11.915,0.044
3713.84361,12.05,0.044
3715.854,12.539,0.055
3717.84143,13.101,0.049
3720.83002,12.995,0.042
3721.84245,11.987,0.043
3725.81381,12.876,0.037
3727.84409,12.761,0.053
3728.83787,11.927,0.055
3732.80888,13.053,0.05
3732.84569,12.926,0.044
3736.79531,12.099,0.052
3736.82447,12.138,0.045
3739.81583,12.961,0.048
3739.85204,13.001,0.045
3742.82054,11.868,0.045
3743.83722,12.175,0.05
3745.8419,12.802,0.061
3747.82498,12.877,0.057
3748.82808,13.014,0.051
3751.79869,12.314,0.054
3751.80871,12.403,0.043
3754.80915,13.129,0.05
3757.79812,11.81,0.049
3757.8257,11.998,0.057
3760.78914,12.892,0.039
3760.82873,12.895,0.049
3763.83895,12.173,0.058
3766.76858,12.453,0.045
3767.78701,12.941,0.059
3769.75518,12.942,0.069
3770.81893,13.046,0.048
3772.76591,11.978,0.05
3774.76121,12.715,0.046
3775.74768,13.119,0.045
3778.72609,13.076,0.044
3780.77515,12.359,0.054
3780.78479,12.377,0.041
3783.84794,12.7,0.065
3788.78174,12.743,0.049
3788.81987,12.931,0.048
3791.70066,13.176,0.046
3791.75875,12.85,0.053
3793.76836,11.769,0.043
3793.82462,12.281,0.057
3796.68563,12.544,0.048
3796.74866,12.767,0.048
3798.76139,12.892,0.071
3798.83576,13.011,0.046
3801.67675,12.822,0.058
3802.69398,12.085,0.049
3804.66255,12.577,0.045
3804.76789,13.088,0.054
3806.71407,12.925,0.047
3806.82112,12.494,0.057
3809.73209,12.344,0.045
3809.7601,12.371,0.052
3811.76499,13.091,0.04
3811.79735,13.147,0.05
3813.80143,13.033,0.043
3814.69236,13.033,0.055
3816.63977,12.336,0.043
3816.74425,12.267,0.047
3818.69218,12.611,0.042
3818.8279,12.935,0.057
3820.72756,12.858,0.044
3821.6895,12.928,0.051
3822.74632,11.834,0.034
3823.73686,12.237,0.046
3824.82094,12.903,0.032
3825.75869,12.859,0.043
3827.61554,12.894,0.047
3827.82334,12.991,0.039
3829.66365,12.853,0.047
3830.65734,12.255,0.051
3831.66715,12.079,0.04
3832.70567,12.759,0.045
3833.65983,12.764,0.042
3834.70384,13.014,0.046
3835.67332,12.795,0.039
3836.71183,12.939,0.048
3837.71009,11.875,0.039
3848.75025,12.991,0.05
3850.73162,13.01,0.038
3850.76322,11.778,0.047
3852.7643,12.432,0.039
3852.805,12.628,0.048
3855.59918,12.606,0.051
3859.6915,12.023,0.039
3859.69774,11.982,0.048
3861.67169,12.69,0.034
3861.68758,12.738,0.04
3863.63055,13.005,0.037
3863.64345,13.001,0.047
3865.64823,13.078,0.035
3865.65451,12.924,0.051
3867.68047,12.276,0.036
3867.68679,12.361,0.044
3869.69588,12.913,0.032
3869.70977,12.878,0.044
3871.68638,12.951,0.059
3871.70024,12.959,0.045
3874.76832,12.706,0.04
3874.79091,12.77,0.043
3877.4806,12.342,0.049
3877.53775,12.537,0.05
3880.60782,12.947,0.062
3882.62814,12.309,0.05
3882.63447,12.342,0.05
3887.51103,13.006,0.042
3887.57155,12.987,0.042
3891.52337,12.39,0.037
3891.56081,12.572,0.041
3893.55244,13.063,0.038
3893.5705,12.951,0.044
3894.77433,12.203,0.036
3896.64042,12.213,0.038
3897.75172,12.926,0.046
3898.6777,12.984,0.053
3900.53519,12.932,0.045
3900.69142,12.905,0.04
3902.56916,13.081,0.048
3904.58419,12.278,0.052
3905.51358,12.233,0.033
3906.60163,12.802,0.041
3907.52857,12.92,0.038
3908.59711,13.007,0.045
3911.71765,12.891,0.047
3983.48905,11.762,0.056
4091.7972,12.856,0.042
4104.80545,12.862,0.058
4105.81737,12.999,0.041
4107.83548,12.136,0.042
4109.83961,12.71,0.043
4126.78501,13.06,0.039
4126.83871,12.973,0.06
4129.76521,11.938,0.041
4129.86594,12.566,0.039
4132.75636,12.853,0.037
4132.8356,12.827,0.045
4135.75254,13.041,0.037
4135.81495,11.728,0.048
4137.8088,12.531,0.035
4140.743,12.946,0.042
4141.79259,12.909,0.052
4142.81018,12.007,0.047
4144.78115,12.302,0.051
4145.73625,12.45,0.037
4151.67888,12.442,0.036
4151.72306,11.712,0.065
4153.76854,12.789,0.034
4153.84284,12.881,0.044
4155.79689,12.949,0.052
4156.75451,12.968,0.051
4158.69645,12.042,0.038
4158.8196,12.541,0.056
4160.74924,12.766,0.032
4161.73752,12.806,0.048
4162.75104,12.958,0.067
4163.78513,13.11,0.041
4164.76612,12.152,0.04
4165.79931,12.207,0.049
4167.72702,12.617,0.035
4168.83136,13.043,0.036
4172.78442,12.079,0.052
4173.79305,12.57,0.035
4175.64505,12.505,0.04
4176.70587,12.9,0.048
4177.77162,12.847,0.041
4179.76066,11.866,0.037
4180.68727,11.79,0.038
4181.80172,12.783,0.044
4182.7165,12.825,0.065
4184.67657,12.955,0.041
4184.73549,12.953,0.039
4187.80599,12.55,0.032
4187.83524,12.875,0.041
4189.82318,12.99,0.035
4191.70136,12.917,0.034
4192.66828,12.854,0.038
4193.71412,12.946,0.036
4196.76061,12.654,0.041
4197.7039,12.758,0.036
4199.64045,12.946,0.045
4200.65131,12.98,0.034
4202.70351,12.231,0.037
4203.65727,12.499,0.04
4204.73074,12.904,0.039
4205.66395,12.911,0.04
4207.75529,12.292,0.043
4208.73108,11.877,0.046
4213.7653,12.936,0.051
4216.75381,12.45,0.049
4227.68716,12.878,0.042
4227.75151,12.953,0.037
4229.69148,12.982,0.038
4229.75324,11.833,0.041
4233.70022,12.93,0.035
4233.75596,12.964,0.04
4235.69747,13.013,0.043
4235.75973,12.972,0.061
4238.55087,13.052,0.04
4246.60654,12.017,0.04
4246.6096,12.103,0.039
4253.718,12.581,0.039
4255.71516,12.738,0.039
4255.74929,12.924,0.039
4258.4642,13.005,0.033
4258.48618,12.979,0.036
4268.57124,12.059,0.043
4273.61972,12.907,0.039
4273.63832,12.517,0.034
4276.55841,12.349,0.035
4278.59542,12.996,0.033
4278.60462,12.973,0.037
4282.60528,12.167,0.042
4282.62504,12.132,0.044
4284.61125,12.699,0.038
4284.63106,12.864,0.042
4290.60611,12.523,0.038
4290.62596,12.611,0.033
4292.56971,12.991,0.037
4292.58621,12.879,0.034
4296.57442,11.894,0.049
4296.5917,11.834,0.041
4298.58137,12.64,0.039
4298.59712,12.69,0.038
4300.52943,12.829,0.065
4300.54893,12.99,0.047
4302.60281,12.782,0.038
4303.55505,11.967,0.042
4304.54466,11.957,0.031
4305.54134,12.331,0.039
4306.56161,12.793,0.037
4307.56783,12.973,0.043
4308.60325,12.828,0.046
4311.52186,11.845,0.035
4311.57487,12.17,0.04
4316.60792,12.93,0.045
4317.51612,13.058,0.04
4330.56628,12.979,0.043
4331.48686,12.935,0.036
4332.56628,11.813,0.046
4336.54623,13.153,0.041
4338.49995,13.078,0.045
4340.49283,11.808,0.038
4342.51876,12.593,0.048
4343.47405,12.743,0.06
4344.52996,12.973,0.047
4347.50153,11.821,0.041
4349.50758,12.449,0.046
4352.49015,12.983,0.037
4355.49777,12.143,0.044
4358.48738,13.042,0.035
4360.48712,13.019,0.04
4429.85455,12.537,0.04
4435.85435,12.06,0.047
4437.82288,12.359,0.048
4439.8528,13.086,0.04
4441.83136,13.027,0.043
4443.84841,12.42,0.035
4454.8291,12.969,0.047
4455.8105,13.086,0.041
4458.82112,12.416,0.04
4459.7995,12.526,0.044
4462.81487,12.975,0.044
4462.82232,12.901,0.04
4465.83367,12.546,0.065
4465.85009,12.556,0.048
4469.79624,13.116,0.038
4469.81469,13.066,0.043
4473.83389,12.793,0.061
4473.83847,12.666,0.048
4477.8358,12.737,0.057
4477.84309,12.35,0.043
4480.81782,12.658,0.057
4480.8382,12.544,0.043
4484.82666,12.986,0.046
4484.85483,12.217,0.043
4487.79386,12.475,0.039
4487.83263,12.658,0.036
4490.78702,12.801,0.039
4491.80826,12.844,0.04
4494.82202,12.533,0.051
4497.78491,13.048,0.042
4498.83403,13.025,0.035
4501.82771,12.631,0.04
4503.74498,12.87,0.037
4504.80781,13.005,0.035
4506.7465,12.853,0.044
4507.79528,11.832,0.046
4508.80865,12.38,0.058
4510.78638,12.97,0.045
4511.72971,12.94,0.043
4515.73575,11.864,0.052
4517.76687,12.652,0.038
4518.70907,12.897,0.036
4519.7928,13.135,0.042
4520.77342,13.088,0.061
4522.75809,11.89,0.035
4522.8183,12.313,0.047
4524.81578,13.034,0.038
4525.68624,12.636,0.042
4527.73432,12.934,0.043
4527.74851,13.181,0.057
4529.80787,12.218,0.038
4529.81773,12.266,0.064
4532.68596,12.917,0.037
4532.72442,12.711,0.037
4535.77137,13.004,0.046
4535.79975,11.92,0.036
4537.78952,12.359,0.041
4537.81653,13.469,0.045
4540.64832,12.627,0.041
4540.70816,12.96,0.042
4542.70327,13.015,0.042
4542.83131,11.803,0.035
4546.72948,12.733,0.069
4546.7769,12.992,0.037
4548.73684,12.971,0.065
4548.76506,13.054,0.039
4551.67051,12.498,0.065
4551.70301,11.709,0.041
4553.70299,12.649,0.063
4553.73867,12.769,0.037
4555.71843,12.974,0.061
4555.76322,12.993,0.037
4557.77556,11.844,0.058
4558.65585,13.009,0.035
4559.81624,12.63,0.052
4560.70732,12.482,0.036
4562.59858,12.637,0.044
4562.75175,12.971,0.036
4564.67687,12.903,0.057
4564.83112,12.107,0.037
4566.66551,11.815,0.065
4567.63547,12.197,0.038
4568.67458,12.644,0.065
4569.68625,13.033,0.037
4570.65974,13.087,0.037
4571.68477,12.978,0.034
4572.63058,12.914,0.045
4573.6845,11.894,0.036
4574.64767,12.113,0.044
4575.70032,12.631,0.039
4576.67121,12.896,0.039
4577.85926,11.792,0.048
4580.68111,11.769,0.037
4583.57127,12.364,0.038
4583.75796,13.008,0.035
4586.6002,13.033,0.05
4586.75267,11.833,0.037
4588.65783,12.085,0.061
4588.80221,12.759,0.041
4590.73481,13.183,0.053
4591.57901,12.952,0.041
4592.72263,12.967,0.052
4593.65389,12.933,0.035
4594.73933,12.03,0.054
4595.62653,11.779,0.037
4596.74932,12.748,0.048
4597.61831,12.539,0.035
4599.53389,12.656,0.051
4599.63938,13.048,0.04
4601.5794,12.874,0.062
4601.64019,12.994,0.038
4603.62894,12.233,0.048
4603.66529,12.495,0.036
4607.63005,13.16,0.063
4607.73105,12.788,0.05
4609.6718,11.9,0.053
4610.55747,12.344,0.043
4611.6578,12.604,0.06
4612.60655,12.703,0.041
4617.63083,12.021,0.036
4620.59835,12.957,0.038
4620.63923,12.986,0.037
4623.5901,13.001,0.039
4623.61501,13.044,0.038
4627.55152,12.64,0.036
4627.56344,12.664,0.034
4629.55561,12.909,0.032
4629.5588,12.875,0.035
4630.75265,12.24,0.041
4631.60047,11.713,0.034
4632.692,12.772,0.04
4633.61618,12.597,0.04
4639.66492,12.683,0.042
4639.71137,12.549,0.049
4641.72174,12.935,0.041
4642.5398,12.757,0.037
4644.49878,13.069,0.037
4644.5501,12.966,0.036
4646.51229,13.046,0.058
4646.55075,11.861,0.04
4648.6029,12.705,0.05
4648.613,12.811,0.059
4650.68561,13.052,0.075
4651.52882,12.998,0.038
4652.6907,12.203,0.036
4653.53468,12.816,0.042
4654.66892,12.647,0.051
4655.51498,12.249,0.041
4656.64753,13.051,0.074
4657.56371,12.831,0.058
4659.58542,12.947,0.036
4659.60424,13.046,0.037
4661.66978,12.597,0.047
4662.60011,12.563,0.06
4664.51542,12.855,0.036
4666.49989,13.149,0.039
4666.58133,13.082,0.039
4669.58612,12.41,0.044
4670.54368,12.74,0.042
4672.49236,13.024,0.052
4672.56565,13.054,0.048
4674.55572,12.914,0.056
4674.60117,11.805,0.039
4678.57148,12.947,0.053
4681.50236,12.93,0.055
4681.52343,13.126,0.04
4683.51223,12.094,0.055
4683.52625,12.174,0.038
4685.53023,12.668,0.073
4687.5298,13.011,0.061
4687.5421,12.886,0.067
4690.51658,12.028,0.054
4693.5391,12.962,0.04
4698.55985,12.667,0.04
4699.49573,12.713,0.045
4701.49584,13.099,0.039
4702.47881,12.809,0.038
4703.51554,12.906,0.037
4705.48042,12.091,0.065
4705.54716,12.488,0.044
4709.51503,12.889,0.063
4725.48315,13.067,0.042
4793.84711,12.362,0.06
4798.84504,13.122,0.056
4802.82412,12.793,0.061
4806.81486,12.356,0.034
4808.84317,12.699,0.042
4810.81825,13.009,0.036
4814.8046,11.922,0.036
4816.82808,12.734,0.043
4819.83619,13.096,0.043
4820.82443,12.612,0.038
4822.83289,12.578,0.05
4824.8292,12.929,0.037
4826.79478,12.828,0.042
4828.8186,11.857,0.064
4830.79582,12.595,0.04
4833.8352,13.009,0.036
4836.81398,12.302,0.062
4837.78642,12.559,0.04
4839.84501,13.01,0.036
4842.83498,11.861,0.046
4843.81733,12.224,0.035
4846.82915,13.123,0.035
4846.83648,12.967,0.037
4849.80258,12.336,0.039
4849.82819,11.777,0.037
4852.79251,12.68,0.04
4852.84263,12.893,0.042
4856.7924,13.063,0.038
4856.84001,11.776,0.053
4860.83529,12.888,0.042
4861.80458,13.04,0.04
4863.8004,13.129,0.037
4865.77432,12.163,0.041
4866.78088,12.669,0.04
4868.80213,12.912,0.048
4869.75374,12.93,0.052
4871.78663,11.729,0.043
4872.73494,11.854,0.037
4875.80032,13.045,0.074
4877.84046,12.368,0.04
4881.77574,12.746,0.04
4883.71772,12.916,0.038
4884.76816,13.036,0.038
4886.76592,11.947,0.056
4887.79116,12.496,0.052
4890.75533,13.035,0.056
4892.69165,13.04,0.039
4901.756,12.229,0.051
4904.69485,12.784,0.044
4904.8126,12.885,0.05
4906.74123,12.814,0.05
4907.69764,12.952,0.045
4915.79803,12.289,0.048
4918.62706,12.57,0.038
4918.67765,12.603,0.046
4920.82762,12.398,0.07
4921.69973,12.894,0.049
4926.78146,13.137,0.047
4932.75614,12.886,0.05
4937.60361,13.009,0.045
4937.69046,11.856,0.054
4939.73601,12.824,0.05
4946.72043,12.773,0.042
4946.89114,12.808,0.077
4948.79699,13.376,0.04
4949.59744,12.748,0.049
4951.80288,12.448,0.051
4953.58316,11.854,0.043
4953.69679,12.635,0.053
4955.66854,12.923,0.046
4960.6788,12.333,0.046
4960.70085,12.775,0.052
4962.83488,12.964,0.058
4968.55249,11.952,0.047
4969.54747,12.257,0.051
4972.63667,12.907,0.052
4974.7439,12.681,0.052
4975.68219,12.644,0.045
4985.59235,13.048,0.065
4985.60831,12.924,0.045
4987.64503,12.744,0.051
4989.6819,12.638,0.053
4991.69482,12.92,0.047
4994.73979,12.061,0.058
5010.5433,12.606,0.053
5010.58094,11.761,0.05
5013.58684,12.753,0.049
5013.60754,12.95,0.048
5015.61834,12.819,0.048
5018.67876,12.563,0.048
5021.57691,12.769,0.044
5023.52048,12.974,0.047
5023.57899,13.006,0.048
5032.51997,12.049,0.058
5037.55911,12.878,0.054
5039.55515,11.775,0.05
5039.59985,12.032,0.052
5041.55518,12.605,0.05
5041.58661,12.63,0.05
5048.60972,12.781,0.056
5049.50033,12.593,0.048
5064.53358,12.741,0.064
5069.53421,12.243,0.07
5072.53572,12.881,0.057
5087.48188,12.935,0.054
5090.48096,11.803,0.05
5165.83958,12.562,0.048
