2650.86986,10.479,0.026
2651.87164,10.634,0.026
2658.84723,10.388,0.029
2664.83523,10.536,0.03
2666.87524,10.582,0.029
2669.85576,10.307,0.032
2672.85971,10.624,0.028
2677.8263,10.368,0.033
2681.80791,11.029,0.023
2685.8006,10.386,0.026
2690.82219,10.481,0.036
2693.7878,10.584,0.025
2695.78909,10.413,0.044
2698.77683,10.471,0.024
2700.79153,10.565,0.027
2706.76631,10.35,0.023
2710.72101,10.702,0.022
2710.73914,11.021,0.025
2712.72779,10.443,0.026
2712.73907,10.553,0.025
2714.70777,10.377,0.029
2714.72821,10.348,0.029
2717.74644,10.446,0.034
2720.67506,10.418,0.027
2720.69883,10.58,0.028
2722.71526,10.454,0.031
2724.71651,10.361,0.027
2726.69698,10.53,0.022
2726.71786,10.408,0.03
2728.70846,10.74,0.027
2730.70923,10.978,0.026
2733.70508,10.404,0.023
2736.67995,10.503,0.026
2737.68119,10.67,0.023
2738.68694,10.887,0.031
2739.67139,10.845,0.025
2740.67843,10.719,0.026
2741.65694,10.39,0.026
2742.65149,10.353,0.026
2744.72693,10.511,0.034
2745.67331,10.379,0.042
2750.67889,10.971,0.025
2752.62848,10.331,0.023
2752.64763,10.344,0.023
2755.60723,10.948,0.026
2755.62574,10.623,0.026
2759.63206,10.649,0.023
2759.64376,10.88,0.033
2761.61259,10.383,0.026
2761.61522,10.387,0.031
2763.60896,10.392,0.023
2763.61627,10.385,0.024
2766.62153,10.705,0.024
2766.62908,10.643,0.025
2776.57339,10.94,0.025
2776.57842,10.994,0.027
2783.60172,10.365,0.027
2785.59878,10.502,0.025
2787.56213,10.692,0.023
2787.56732,10.782,0.024
2790.58744,10.453,0.038
2793.50501,11.011,0.027
2793.52861,10.839,0.028
2796.52517,10.625,0.031
2810.51129,10.346,0.025
2810.51424,10.341,0.025
2812.51135,10.479,0.025
2812.51432,10.462,0.025
2820.52185,10.372,0.023
2830.49179,10.34,0.027
2831.47066,10.483,0.029
2832.49369,10.438,0.04
2834.45894,10.979,0.029
2836.46357,10.555,0.026
2839.46734,10.34,0.029
2841.47743,10.39,0.024
2845.45965,10.963,0.037
3008.86098,10.384,0.028
3012.86502,11.009,0.038
3019.85669,10.464,0.039
3031.85374,10.584,0.03
3035.8347,10.521,0.026
3036.82662,10.353,0.043
3041.80747,10.955,0.042
3041.83548,10.609,0.038
3051.78213,10.988,0.029
3051.80968,10.769,0.031
3054.7959,10.494,0.029
3056.77789,10.344,0.026
3057.78899,10.343,0.038
3059.76988,10.663,0.029
3059.81137,10.353,0.027
3061.80316,10.647,0.025
3064.75661,10.373,0.044
3066.77634,10.376,0.032
3067.77333,10.422,0.03
3068.7783,10.417,0.03
3070.77584,10.684,0.034
3074.74163,10.4,0.034
3076.76435,10.351,0.027
3081.70782,10.529,0.03
3082.74497,10.786,0.036
3086.72919,10.38,0.036
3087.71085,10.57,0.045
3089.7352,10.625,0.031
3092.73049,10.807,0.026
3096.71672,10.354,0.027
3100.69746,11.04,0.034
3102.68067,10.465,0.032
3104.69466,10.335,0.033
3104.70293,10.388,0.03
3106.68895,10.425,0.027
3106.70235,10.427,0.028
3108.69231,10.625,0.035
3108.70292,10.477,0.029
3115.60703,10.984,0.037
3115.6263,10.681,0.039
3118.68955,10.5,0.038
3122.60841,10.365,0.027
3122.6371,10.37,0.027
3124.65441,10.329,0.029
3142.58738,10.349,0.025
3145.56317,11.011,0.026
3155.56345,10.758,0.035
3159.50614,10.31,0.031
3159.51684,10.347,0.043
3162.55944,10.401,0.028
3171.52121,10.354,0.032
3186.46958,10.456,0.031
3190.45852,10.454,0.03
3347.85706,10.541,0.046
3351.84357,10.586,0.045
3386.84397,10.397,0.041
3389.83588,10.508,0.029
3395.82536,10.418,0.039
3398.8149,10.497,0.037
3405.79482,10.379,0.03
3408.78597,10.552,0.032
3411.7751,10.84,0.034
3419.75631,11.023,0.032
3421.75555,10.708,0.04
3431.72799,10.521,0.032
3434.71612,10.347,0.032
3438.7072,11.021,0.027
3442.69609,10.39,0.026
3447.65652,10.748,0.036
3450.64765,10.353,0.03
3450.67721,10.528,0.037
3456.64826,11.027,0.036
3458.62844,10.472,0.03
3458.65752,10.829,0.032
3461.6472,10.303,0.044
3463.61818,10.606,0.031
3464.63715,10.539,0.027
3468.62756,10.59,0.025
3470.59769,10.384,0.027
3471.61719,10.361,0.026
3473.58622,10.929,0.039
3474.60643,10.817,0.026
3476.57821,10.525,0.052
3477.5984,10.608,0.046
3480.59606,10.371,0.032
3484.57796,10.983,0.047
3490.56608,10.374,0.039
3491.53775,10.671,0.033
3495.54516,10.67,0.027
3499.51619,10.446,0.036
3499.53646,10.361,0.028
3501.52066,10.721,0.029
3502.53648,10.698,0.028
3504.50495,10.515,0.034
3512.48955,10.982,0.03
3512.50442,11.078,0.046
3523.45758,10.535,0.037
3743.86433,11.028,0.033
3747.85291,10.361,0.035
3750.8544,10.449,0.036
3753.84579,10.991,0.045
3759.82515,10.464,0.036
3762.81722,11.024,0.04
3765.80436,10.392,0.04
3769.79676,10.574,0.036
3772.79581,10.936,0.03
3775.78691,10.383,0.033
3780.76665,10.98,0.042
3788.75402,10.605,0.036
3791.73698,10.666,0.036
3793.73894,10.433,0.034
3796.72753,10.443,0.025
3799.71847,11.02,0.029
3802.70726,10.431,0.048
3805.69634,10.496,0.038
3811.68734,10.472,0.037
3814.67651,10.395,0.034
3817.66851,11.003,0.035
3820.65737,10.463,0.038
3823.65788,10.409,0.038
3826.64856,10.912,0.037
3831.63354,10.339,0.039
3832.60869,10.454,0.035
3833.63181,10.392,0.042
3849.58181,10.388,0.037
3852.54682,10.793,0.034
3852.5774,10.479,0.029
3855.54834,10.69,0.048
3855.56829,11.448,0.031
3858.53677,10.403,0.036
3858.55917,10.415,0.034
3861.52566,10.702,0.031
3861.54518,10.487,0.029
3866.51585,10.38,0.036
3866.53685,10.54,0.037
3869.50489,10.443,0.042
3869.52413,10.42,0.041
3872.49492,11.041,0.031
3872.51518,10.881,0.032
3877.50552,10.379,0.028
3881.47992,10.946,0.03
3881.49717,10.664,0.029
3894.45438,10.477,0.035
4126.82656,10.435,0.03
4132.80651,10.977,0.031
4134.79822,10.582,0.042
4140.79187,10.717,0.03
4143.7748,10.56,0.03
4153.74579,10.454,0.031
4167.70695,10.628,0.031
4174.68742,10.357,0.028
4180.67803,10.62,0.036
4183.66915,10.325,0.033
4200.61591,10.39,0.031
4203.62219,10.38,0.028
4216.57535,10.867,0.03
4228.53873,10.365,0.027
4230.54225,10.375,0.031
4233.52591,11.054,0.025
4235.52876,10.828,0.028
4238.52061,10.351,0.036
4497.85745,10.601,0.028
4500.83759,10.356,0.046
4503.82889,10.881,0.036
4506.82691,10.574,0.032
4517.80139,10.37,0.04
4519.81286,10.374,0.036
4522.77747,11.007,0.028
4524.80334,11.009,0.031
4526.87416,10.591,0.043
4529.76474,10.479,0.028
4535.8347,10.621,0.039
4537.83538,11.014,0.029
4540.72818,10.777,0.043
4542.7491,11.061,0.032
4546.77413,10.265,0.039
4548.76512,10.323,0.045
4551.7096,11.028,0.04
4555.7718,11.056,0.033
4558.67719,10.669,0.026
4560.70212,10.803,0.029
4562.74792,10.613,0.036
4565.65667,10.664,0.028
4569.6761,10.761,0.033
4571.67378,10.99,0.033
4574.66382,10.441,0.039
4576.69206,10.408,0.042
4580.6392,10.953,0.039
4583.7046,11.023,0.031
4586.69234,10.438,0.03
4589.59687,10.66,0.033
4591.63069,10.696,0.034
4595.63972,10.469,0.026
4597.60971,10.676,0.029
4599.62986,10.899,0.038
4601.63674,11.016,0.04
4603.66147,10.926,0.041
4610.61237,11.044,0.035
4618.52657,10.533,0.034
4622.52254,10.415,0.037
4630.53627,10.481,0.032
4632.57951,10.594,0.036
4641.5252,10.398,0.031
4643.52836,10.323,0.032
4651.49485,10.423,0.039
4653.50327,10.357,0.032
4655.49569,10.62,0.035
4661.48063,10.345,0.032
4665.47305,10.747,0.034
4849.86269,10.37,0.036
4857.86013,10.598,0.027
4861.85694,10.394,0.035
4865.83436,11.684,0.049
4868.83409,10.722,0.035
4871.82861,10.365,0.044
4876.82763,10.768,0.037
4879.79859,10.364,0.032
4891.76708,10.662,0.04
4907.72828,10.417,0.044
4918.69839,10.497,0.045
4921.69899,11.013,0.05
4938.63833,10.91,0.053
4948.67513,10.422,0.05
4966.58421,10.66,0.049
