1887.85922,10.84,0.025
1889.85982,10.901,0.031
1900.8408,10.848,0.025
1903.84229,11.017,0.048
1954.78657,10.921,0.033
1955.78521,10.868,0.044
1980.85925,10.933,0.047
2103.52254,10.85,0.025
2117.46418,10.943,0.026
2255.86026,10.899,0.047
2257.86163,10.967,0.045
2446.58246,10.881,0.024
2454.53306,10.995,0.024
2468.46316,10.912,0.025
2625.8516,10.981,0.025
2628.84877,10.853,0.024
2629.85176,10.911,0.022
2642.84304,10.905,0.025
2646.82234,10.89,0.021
2652.84873,10.935,0.021
2657.83816,10.999,0.028
2665.80651,10.86,0.02
2671.81294,10.902,0.021
2674.80211,10.969,0.027
2676.82569,10.955,0.02
2678.7954,10.871,0.02
2679.76133,10.95,0.044
2680.79307,10.967,0.021
2684.77061,10.887,0.023
2691.81655,10.853,0.03
2693.85414,10.928,0.033
2695.78007,10.927,0.023
2698.75099,10.934,0.019
2700.78716,10.979,0.034
2704.77763,10.938,0.023
2706.75524,10.982,0.021
2712.73252,10.998,0.021
2714.71029,10.896,0.021
2719.74735,10.96,0.024
2721.71651,10.893,0.021
2723.71061,10.984,0.043
2724.87167,10.877,0.021
2726.72527,11.005,0.02
2728.69995,10.89,0.024
2732.82421,10.968,0.024
2736.66937,10.984,0.02
2738.66261,10.893,0.022
2740.6725,10.922,0.022
2742.61048,10.961,0.022
2747.64175,10.938,0.025
2750.69601,10.979,0.02
2751.7833,10.983,0.023
2754.6566,10.972,0.021
2756.65375,10.968,0.024
2758.75282,10.949,0.019
2762.61858,10.89,0.027
2764.60959,10.885,0.019
2766.69036,10.899,0.019
2782.62663,10.89,0.024
2784.59259,10.962,0.021
2786.5879,10.953,0.02
2790.51478,11.01,0.027
2792.53918,10.986,0.022
2795.52255,10.938,0.041
2804.53748,10.989,0.023
2808.62756,10.884,0.02
2810.5408,11.017,0.021
2812.53878,10.857,0.026
2819.5098,10.853,0.021
2821.55473,11.01,0.02
2829.47936,10.946,0.019
2831.53042,10.885,0.021
2835.51973,11.012,0.02
2838.51428,10.897,0.02
2841.52471,10.994,0.021
2843.51288,10.94,0.041
2859.47514,10.998,0.02
2861.48286,10.928,0.022
2866.47247,10.978,0.021
2997.85064,10.906,0.021
3003.86315,10.899,0.023
3011.8472,10.985,0.024
3020.85269,10.942,0.033
3025.86733,11.012,0.033
3030.8272,11.03,0.027
3036.82809,10.992,0.031
3041.8118,10.91,0.049
3051.77378,10.886,0.027
3053.82148,10.886,0.04
3056.78494,10.928,0.025
3059.77211,10.887,0.022
3061.82127,10.913,0.044
3064.76151,10.9,0.028
3067.78356,11.055,0.049
3069.78912,10.884,0.022
3074.77829,11.024,0.025
3076.80408,11.14,0.021
3078.86277,10.854,0.025
3081.71321,10.952,0.043
3085.72735,10.959,0.051
3087.73208,10.917,0.032
3089.75436,10.853,0.021
3091.76846,10.914,0.02
3096.69969,10.829,0.033
3101.69698,10.906,0.032
3103.69616,10.969,0.022
3105.67917,10.933,0.034
3107.68377,10.828,0.046
3109.68632,10.95,0.021
3111.76401,10.994,0.025
3113.7415,10.908,0.019
3115.76175,10.881,0.022
3121.6448,10.915,0.038
3129.62352,10.974,0.025
3131.61572,10.854,0.025
3144.63042,10.872,0.019
3146.68445,10.913,0.019
3156.54496,10.904,0.024
3159.5649,10.976,0.023
3162.58308,10.862,0.021
3164.59964,10.934,0.019
3169.64103,10.91,0.021
3176.63139,10.873,0.022
3184.49142,10.963,0.022
3186.57981,10.921,0.022
3190.50348,10.959,0.022
3219.50149,10.934,0.025
3384.86534,10.912,0.027
3388.82663,10.855,0.029
3391.84926,10.99,0.033
3395.86058,10.875,0.031
3402.87139,10.918,0.027
3405.82391,10.971,0.025
3408.80715,10.966,0.043
3411.79863,10.959,0.026
3414.7875,10.93,0.023
3416.84346,11.022,0.03
3419.78097,10.859,0.029
3421.81142,10.88,0.042
3431.81879,10.969,0.041
3438.75352,10.905,0.027
3444.7472,10.881,0.027
3446.76072,10.932,0.024
3448.75547,10.95,0.031
3450.76304,10.885,0.026
3457.72523,10.905,0.029
3459.72193,10.983,0.023
3461.76104,10.935,0.033
3464.66082,11.011,0.033
3466.68689,11,0.027
3471.6393,10.958,0.029
3473.67453,11.457,0.023
3477.77551,10.894,0.038
3479.68563,11.036,0.03
3489.63163,10.97,0.024
3491.63767,10.927,0.03
3495.63412,10.972,0.022
3497.67125,10.962,0.025
3502.70455,10.985,0.032
3504.74335,10.85,0.051
3512.57393,10.903,0.027
3516.5768,10.941,0.025
3522.49836,10.897,0.025
3524.52805,10.922,0.032
3528.55242,10.96,0.031
3530.56428,10.882,0.028
3542.55051,10.925,0.031
3544.62386,10.919,0.036
3550.57944,10.927,0.03
3556.58055,10.87,0.031
3560.50532,10.815,0.041
3570.50362,10.966,0.027
3574.5093,10.909,0.023
3577.51952,10.96,0.042
3584.51023,10.933,0.032
3587.47746,10.995,0.026
3594.47568,11.026,0.031
3734.85642,11.462,0.033
3738.84898,10.907,0.025
3742.84674,10.894,0.025
3746.83178,10.996,0.035
3750.83493,10.881,0.028
3758.8175,10.946,0.03
3761.84818,10.894,0.029
3764.84809,10.973,0.029
3767.84835,10.946,0.038
3770.81924,10.933,0.031
3773.81142,10.945,0.034
3776.79713,10.965,0.03
3779.79027,10.941,0.032
3787.88037,10.951,0.028
3790.76477,10.965,0.033
3795.75232,11,0.026
3798.74242,10.898,0.031
3802.7099,10.917,0.036
3804.76596,10.948,0.036
3806.80241,10.885,0.04
3812.75384,10.831,0.038
3814.77135,10.925,0.049
3816.79461,11.011,0.031
3819.67982,10.972,0.024
3821.75183,10.999,0.039
3823.82584,10.953,0.032
3826.66719,10.975,0.025
3830.73546,10.776,0.035
3832.7147,10.968,0.029
3834.69177,10.984,0.029
3847.79599,10.952,0.037
3849.73957,10.924,0.027
3851.73991,11.005,0.031
3854.58822,10.916,0.032
3856.6256,10.953,0.039
3867.60303,10.919,0.04
3869.60332,11.061,0.032
3871.59697,10.913,0.029
3874.71431,10.841,0.029
3882.60025,10.907,0.039
3886.62669,10.898,0.026
3894.58401,10.977,0.025
3897.56396,10.929,0.031
3899.59231,10.997,0.032
3901.63263,10.984,0.024
3903.63133,10.913,0.029
3905.63013,10.887,0.033
3907.63117,11,0.029
3909.45507,10.961,0.027
3909.45767,10.928,0.03
3909.46031,10.969,0.028
3909.46275,10.913,0.03
3909.46525,10.961,0.026
3909.46779,10.92,0.029
3909.47032,10.936,0.028
3909.47285,10.962,0.03
3909.47538,10.937,0.027
3909.47794,10.896,0.027
3909.48039,10.907,0.026
3909.48283,10.957,0.029
3909.48538,10.914,0.031
3909.4879,10.925,0.029
3909.49043,10.891,0.028
3909.493,10.89,0.029
3909.49553,10.906,0.027
3909.49797,10.896,0.025
3909.50118,10.894,0.03
3909.50367,10.905,0.032
3909.50861,10.924,0.03
3909.51108,10.906,0.028
3909.51357,10.939,0.03
3909.5161,10.907,0.03
3909.51862,10.958,0.031
3909.52107,10.896,0.028
3909.52614,10.892,0.032
3909.52866,10.879,0.034
3909.53118,10.835,0.032
3909.53444,10.865,0.029
3909.53693,10.869,0.032
3909.53943,10.84,0.036
3909.54189,10.9,0.028
3909.54439,10.881,0.03
3909.5477,10.887,0.03
3909.55006,10.864,0.031
3909.55263,10.906,0.032
3909.55517,10.874,0.033
3909.5577,10.914,0.03
3909.56012,10.886,0.028
3909.5626,10.806,0.034
3909.56511,10.91,0.031
3909.56754,10.916,0.029
3909.57004,10.906,0.027
3909.57258,10.893,0.032
3909.57511,10.898,0.027
3909.57765,10.934,0.028
3909.58015,10.903,0.031
3909.58341,10.85,0.028
3909.58593,10.923,0.028
3909.58845,10.848,0.031
3909.59091,10.928,0.029
3909.59341,10.888,0.03
3909.59589,10.915,0.03
3909.59842,10.908,0.025
3909.60093,10.909,0.028
3909.60343,10.934,0.023
3909.60594,10.914,0.025
3909.60844,10.909,0.027
3909.61094,10.916,0.025
3909.61338,10.911,0.027
3909.61586,10.914,0.025
3909.61837,10.961,0.025
3909.62087,10.913,0.027
3909.62336,10.972,0.024
3909.62588,10.952,0.023
3909.62838,10.883,0.028
3909.63162,10.95,0.027
3909.63399,10.954,0.025
3909.63652,10.955,0.023
3909.639,10.93,0.023
3909.64153,10.962,0.023
3909.64405,10.95,0.023
3909.64654,10.969,0.028
3909.64904,10.968,0.026
3909.65151,11.32,0.026
3909.65404,11.397,0.036
3910.45413,10.997,0.025
3910.45731,10.998,0.024
3910.45985,10.94,0.027
3910.46231,10.996,0.028
3910.46481,10.999,0.033
3910.46732,10.945,0.028
3910.46985,11.003,0.032
3910.47237,10.987,0.04
3910.47565,10.968,0.026
3910.47817,10.987,0.028
3910.48067,10.984,0.027
3910.48319,10.995,0.029
3910.48569,10.94,0.026
3910.48821,10.92,0.032
3910.49329,10.962,0.04
3910.49585,10.977,0.031
3910.49837,10.956,0.036
3910.50087,10.972,0.035
3910.50341,10.978,0.034
3910.50595,10.955,0.028
3910.50845,10.975,0.029
3910.51096,10.969,0.034
3910.51345,10.969,0.032
3910.51598,10.923,0.029
3910.51848,10.946,0.029
3910.52096,10.976,0.03
3910.52348,10.936,0.029
3910.526,10.92,0.027
3910.52847,10.919,0.027
3910.53097,10.88,0.028
3910.53347,10.868,0.027
3910.53599,10.856,0.034
3910.53849,10.933,0.023
3910.541,10.939,0.028
3910.54347,10.921,0.025
3910.54681,10.919,0.026
3910.54917,10.907,0.025
3910.55167,10.941,0.028
3910.5541,10.913,0.03
3910.55662,10.936,0.032
3910.55914,10.924,0.036
3910.56167,10.952,0.035
3910.56418,10.898,0.027
3910.5692,10.909,0.038
3910.57169,10.895,0.032
3910.57422,10.94,0.03
3910.57796,10.926,0.024
3910.59941,10.905,0.031
3910.6026,10.899,0.025
3910.60511,10.89,0.022
3910.60762,10.903,0.024
3910.61007,10.915,0.027
3910.61257,10.87,0.026
3910.61508,10.9,0.024
3910.6176,10.919,0.024
3910.62012,10.887,0.025
3910.62264,10.863,0.029
3910.62514,10.823,0.038
3910.62885,10.923,0.052
3910.63702,10.943,0.046
3910.63955,10.898,0.05
3910.64456,10.851,0.053
3910.64705,10.892,0.051
3910.64958,10.904,0.05
3911.49827,11.003,0.043
3911.50071,11.003,0.033
3911.5042,11.009,0.027
3911.58236,10.904,0.042
3911.58479,10.921,0.034
3911.58729,10.923,0.029
3911.58979,10.93,0.026
3911.59558,10.921,0.033
3911.59807,10.919,0.029
3911.60059,10.88,0.031
3911.60309,10.923,0.045
3911.60559,10.907,0.045
3911.6081,10.91,0.03
3911.61059,10.912,0.032
3911.61313,10.933,0.027
3911.61565,10.936,0.03
3911.61815,10.933,0.03
3911.62064,10.881,0.032
3911.62314,10.894,0.03
3911.62558,10.891,0.03
3911.62809,10.905,0.029
3911.63057,10.892,0.028
3911.63308,10.889,0.029
3911.6356,10.874,0.028
3911.63814,10.901,0.033
3911.64064,10.893,0.029
3911.64315,10.89,0.029
3911.64562,10.895,0.032
3911.64816,10.878,0.044
3912.45483,10.978,0.025
3912.45736,10.955,0.026
3912.46082,10.906,0.03
3912.46325,11.005,0.026
3912.46578,10.966,0.027
3912.46827,10.983,0.031
3912.47148,10.978,0.024
3912.47552,11.023,0.037
3912.47801,11.025,0.036
3912.48049,10.962,0.03
3912.48293,10.962,0.043
3912.48544,10.932,0.035
3912.49049,10.927,0.04
3912.49299,10.924,0.04
3912.49545,10.916,0.043
3912.49797,10.972,0.033
3912.50051,11.03,0.044
3912.50395,11.067,0.042
3912.50883,11.05,0.043
3912.51134,11.026,0.037
3912.51381,11.051,0.04
3912.51633,10.926,0.039
3912.51884,11.021,0.042
3912.52134,10.997,0.039
3912.52379,11.047,0.041
3912.52632,11.008,0.038
3912.52885,10.998,0.038
3912.53237,11.023,0.027
3912.53474,11.011,0.034
3912.53724,11.018,0.027
3912.53975,11.004,0.03
3912.54224,10.998,0.035
3912.54469,11.079,0.034
3912.54721,11.01,0.029
3912.54974,10.936,0.035
3912.55225,11.023,0.034
3912.55475,11.084,0.032
3912.55726,11.025,0.033
3912.55976,10.957,0.029
3912.56304,11.032,0.029
3912.56554,11.031,0.03
3912.56805,11.014,0.033
3912.57057,11.03,0.026
3912.5731,10.949,0.03
3912.57554,11.026,0.028
3912.57796,10.975,0.027
3912.58046,11.024,0.034
3912.58297,10.991,0.025
3912.58547,10.999,0.027
3912.58797,10.964,0.031
3912.5905,10.963,0.028
3912.593,10.966,0.03
3912.59548,11.022,0.024
3912.59886,10.961,0.033
3912.60122,10.97,0.031
3912.60373,11.018,0.026
3912.60623,10.959,0.029
3912.60872,10.96,0.029
3912.61123,10.96,0.024
3912.61372,10.968,0.025
3912.61622,10.891,0.028
3912.61942,10.947,0.025
3912.62192,10.924,0.025
3912.62445,10.919,0.027
3912.62686,10.941,0.023
3912.62936,10.96,0.023
3912.63186,10.919,0.026
3912.63514,10.952,0.026
3912.63765,10.926,0.025
3912.64015,10.958,0.025
3912.64264,10.937,0.025
3912.64517,10.91,0.034
3913.45586,10.882,0.029
3913.46254,10.885,0.035
3913.46581,10.869,0.034
3913.46984,10.881,0.031
3913.47311,10.895,0.043
3913.47637,10.927,0.045
3913.47959,10.918,0.041
3913.48285,10.923,0.033
3913.48608,11.014,0.049
3913.48931,10.937,0.036
3913.4957,10.956,0.047
3913.50161,10.933,0.04
3913.50397,10.9,0.049
3913.50814,10.992,0.039
3913.51051,11.015,0.05
3913.51706,10.917,0.043
3913.51959,10.923,0.047
3913.52286,10.937,0.045
3913.52538,10.962,0.041
3913.52876,10.942,0.049
3913.532,11.01,0.033
3913.53527,11.02,0.034
3913.53849,10.86,0.041
3913.54489,11.048,0.035
3913.54829,11.025,0.035
3913.55066,10.974,0.039
3913.55406,11.021,0.04
3913.55642,11.092,0.04
3913.55894,10.95,0.037
3913.56147,11.357,0.034
3913.56394,10.981,0.032
3913.56642,10.983,0.034
3913.56885,11.024,0.033
3913.57139,10.974,0.031
3913.57481,10.967,0.03
3913.57885,11.017,0.037
3913.58121,11.026,0.025
3913.58374,11.032,0.027
3913.58877,11.06,0.029
3913.59132,11.001,0.026
3913.59385,11.687,0.032
3913.59636,12.421,0.03
3913.59885,11.025,0.028
3913.60221,11.035,0.027
3913.60457,11.019,0.029
3913.60712,11.024,0.028
3913.60961,10.995,0.028
3913.61213,11.006,0.025
3913.61464,10.993,0.028
3913.61715,10.981,0.025
3913.61966,11.011,0.025
3913.62215,11.02,0.033
3913.62467,11.028,0.024
3913.62718,10.992,0.024
3913.62968,11.009,0.028
3913.63218,10.989,0.027
3913.63461,10.989,0.028
3913.63798,10.979,0.028
3913.64112,11.004,0.031
3914.49282,10.902,0.035
3914.49518,10.881,0.037
3914.49768,10.875,0.038
3914.50136,10.914,0.043
3914.50373,10.879,0.034
3914.50627,10.924,0.04
3914.50874,10.853,0.035
3914.51123,10.884,0.038
3914.51372,10.856,0.037
3914.51703,10.889,0.03
3914.5194,10.928,0.033
3914.52189,10.905,0.031
3914.5244,10.838,0.034
3914.52689,10.914,0.034
3914.5294,10.962,0.023
3914.53189,10.952,0.03
3914.5357,10.913,0.026
3914.53807,11.219,0.026
3914.54177,11.722,0.025
3914.54413,10.997,0.024
3914.54662,11.028,0.028
3914.55168,10.949,0.027
3914.55421,10.891,0.027
3914.55671,10.953,0.026
3914.55922,10.952,0.031
3914.56427,10.97,0.036
3914.56679,10.993,0.032
3914.5693,10.933,0.03
3914.5718,10.937,0.032
3914.57431,10.973,0.027
3914.5768,10.929,0.029
3914.57923,10.982,0.027
3914.58174,10.942,0.027
3914.58423,10.993,0.026
3914.5875,10.913,0.032
3914.59001,10.988,0.034
3914.59253,10.967,0.025
3914.59498,11.002,0.029
3914.5975,10.985,0.027
3914.6,11.004,0.027
3914.60249,11,0.025
3914.605,10.989,0.026
3914.60752,10.995,0.024
3914.61002,10.977,0.026
3914.61254,11.014,0.026
3914.61583,11.01,0.025
3914.61836,10.997,0.029
3914.62086,11.009,0.027
3914.62337,10.983,0.025
3914.62587,10.982,0.032
3915.45888,10.918,0.029
3915.46224,10.883,0.031
3915.46593,10.938,0.032
3915.46875,10.911,0.033
3915.47125,10.868,0.032
3915.47372,10.863,0.031
3915.47622,10.894,0.032
3915.47868,10.892,0.032
3915.48119,10.903,0.034
3915.48372,10.89,0.034
3915.48623,10.875,0.033
3915.48874,10.875,0.031
3915.49125,10.869,0.032
3915.49369,10.86,0.031
3915.49695,10.934,0.032
3915.49947,10.931,0.034
3915.50199,10.873,0.03
3915.50528,10.918,0.04
3915.5078,10.92,0.046
3915.52271,10.921,0.031
3916.45497,10.958,0.03
3916.45768,10.972,0.028
3916.46044,10.958,0.03
3916.46303,10.978,0.034
3916.46546,11.005,0.027
3916.46869,11.001,0.025
3916.47105,10.99,0.026
3916.4736,10.994,0.025
3916.4761,10.962,0.026
3916.4786,10.954,0.027
3916.48108,10.924,0.029
3916.48356,10.959,0.042
3916.48608,10.942,0.039
3916.48862,10.984,0.04
3916.49115,10.956,0.039
3916.49709,10.942,0.032
3916.49945,10.928,0.042
3916.50196,10.865,0.047
3916.50449,10.875,0.035
3917.45868,10.995,0.034
3917.46143,11.038,0.036
3917.46397,11.078,0.034
3917.4665,11.051,0.033
3917.46996,10.959,0.038
3917.47232,11.089,0.038
3917.4748,11.057,0.041
3917.47733,11.021,0.043
3917.48076,10.996,0.04
3917.48313,11.014,0.04
3917.48652,10.959,0.042
3917.49142,10.945,0.044
3917.494,10.975,0.039
3917.49734,11.015,0.036
3917.49971,11.017,0.038
3917.50223,10.974,0.04
3918.45624,10.963,0.03
3918.45872,10.943,0.037
3918.46214,10.995,0.035
3918.4647,10.952,0.033
3918.46726,11.028,0.036
3918.47076,11,0.032
3918.47314,10.94,0.031
3918.47564,11.006,0.027
3918.47908,11.024,0.031
3918.48144,10.978,0.039
3918.48399,10.984,0.038
3918.48653,11.004,0.034
3918.48906,10.982,0.026
3918.49161,10.999,0.026
3918.49408,10.968,0.025
3918.49659,11.011,0.026
3918.49913,11.013,0.027
3918.50165,11.015,0.026
3918.50493,11.013,0.027
3918.50744,11.008,0.027
3918.50998,11.012,0.035
3918.51253,11.024,0.031
3918.51508,11.005,0.025
3918.51761,11.032,0.026
3918.52012,11.044,0.029
3918.5516,10.999,0.034
3918.55397,11.053,0.032
3918.55772,11,0.049
3919.45692,10.93,0.035
3919.46104,10.96,0.032
3919.46435,10.943,0.041
3919.46767,10.961,0.031
3919.47174,10.961,0.035
3919.47505,10.947,0.034
3919.47838,10.977,0.032
3919.48245,10.985,0.038
3919.48482,11.015,0.037
3919.48831,10.952,0.032
4104.84653,10.893,0.031
4133.82176,11.004,0.033
4140.85352,10.972,0.031
4143.79832,11.003,0.03
4150.78979,10.979,0.024
4153.7683,10.896,0.034
4158.75658,10.945,0.026
4160.79189,10.82,0.049
4167.7796,10.966,0.034
4173.72622,10.894,0.028
4180.7695,10.897,0.031
4183.69094,10.918,0.036
4185.71874,10.885,0.032
4188.85143,10.883,0.03
4194.70485,11.01,0.026
4197.70074,10.959,0.032
4200.67786,11.023,0.025
4203.67816,10.883,0.029
4205.68629,10.927,0.03
4216.6557,10.949,0.042
4232.72728,11.001,0.026
4234.71934,10.893,0.029
4237.54202,10.927,0.034
4253.55447,10.949,0.028
4257.60861,10.97,0.034
4259.63033,10.91,0.041
4267.56121,11.023,0.025
4269.58504,10.989,0.031
4276.5032,10.884,0.041
4284.57676,10.909,0.032
4286.57166,11.305,0.042
4292.53415,11.02,0.024
4294.54716,10.927,0.026
4296.53838,10.859,0.032
4298.54299,11.005,0.035
4304.48455,11.034,0.033
4306.51778,10.958,0.027
4311.49396,10.994,0.028
4458.84964,10.942,0.026
4462.84401,10.983,0.029
4468.84676,10.999,0.05
4472.86218,11.076,0.033
4482.85446,11.005,0.029
4490.83236,10.912,0.027
4494.88065,11.024,0.025
4498.84128,10.912,0.03
4501.8247,10.987,0.029
4504.80826,10.894,0.026
4507.7959,10.972,0.031
4510.78722,10.923,0.03
4517.76763,10.985,0.028
4522.81006,10.889,0.026
4527.88458,11.055,0.032
4530.73621,10.991,0.024
4532.82321,11.036,0.028
4536.72665,10.97,0.022
4538.76742,10.958,0.033
4540.81818,10.951,0.038
4543.7011,10.999,0.026
4545.73868,10.865,0.04
4551.82398,11.032,0.035
4554.67026,11.015,0.03
4558.79236,11.301,0.033
4561.64742,11.018,0.025
4565.74348,10.933,0.033
4567.78162,10.914,0.035
4570.62889,10.922,0.026
4572.65117,10.97,0.028
4576.67741,10.983,0.034
4580.63675,10.958,0.028
4583.69337,10.859,0.028
4586.68628,10.998,0.026
4588.71152,10.959,0.029
4591.56924,11.025,0.03
4593.61055,10.948,0.035
4595.60391,10.92,0.025
4597.5962,11.033,0.026
4606.63454,11.052,0.037
4608.63962,10.915,0.03
4611.57202,10.973,0.031
4616.58833,11.024,0.029
4618.60723,10.984,0.032
4622.59762,11,0.034
4631.50296,10.91,0.034
4639.57194,10.902,0.032
4641.6059,11.01,0.027
4643.60624,10.952,0.03
4646.49411,11,0.032
4651.50862,10.943,0.033
4653.51252,10.992,0.026
4659.51142,11.035,0.026
4662.52003,10.88,0.029
4664.54583,10.89,0.029
4667.51556,10.936,0.026
4671.50934,11.186,0.027
4674.51332,10.9,0.027
4686.47593,10.915,0.028
4690.47861,11.011,0.027
4694.47617,10.904,0.036
4823.86082,10.938,0.036
4827.86022,10.878,0.03
4835.84711,10.953,0.032
4839.83778,10.897,0.025
4843.83415,10.991,0.029
4850.8186,10.894,0.03
4856.87242,11.001,0.038
4860.86733,10.893,0.026
4863.86194,11.026,0.025
4866.85952,10.901,0.029
4869.83645,10.951,0.031
4872.80414,10.929,0.029
4876.85894,10.981,0.029
4879.78467,10.969,0.024
4891.74693,10.956,0.034
4895.79461,10.888,0.041
4899.80611,10.888,0.045
4904.76342,11.002,0.041
4906.83697,10.958,0.041
4909.70007,10.961,0.042
4914.73714,10.95,0.037
4917.68036,10.985,0.038
4919.72933,10.905,0.037
4921.8439,10.955,0.041
4926.6933,10.895,0.037
4933.71958,10.89,0.045
4935.82563,10.943,0.045
4938.61889,10.945,0.04
4940.65643,10.965,0.046
4945.72617,10.928,0.043
4948.58695,10.915,0.039
4962.59581,10.939,0.042
4964.63659,10.95,0.048
4967.62213,10.882,0.046
4969.64574,10.847,0.046
4972.69259,10.997,0.043
4988.58296,10.95,0.041
4994.61721,10.938,0.044
5013.47514,10.998,0.041
5015.55202,11.032,0.044
5019.52052,10.904,0.046
5021.5462,11.038,0.038
5023.54909,10.923,0.037
5031.51621,10.879,0.044
5041.47046,10.917,0.036
5048.48989,10.873,0.041
