2117.47316,10.235,0.029
2454.53978,10.39,0.028
2490.47075,10.251,0.03
2625.85892,10.476,0.028
2637.84734,10.287,0.024
2641.85814,10.222,0.023
2645.84772,10.219,0.023
2650.83306,10.218,0.021
2665.809,10.269,0.022
2668.83781,10.293,0.02
2671.80851,10.311,0.022
2674.81623,10.353,0.022
2676.83067,10.369,0.021
2678.80017,10.315,0.022
2679.76925,10.386,0.026
2680.79781,10.434,0.023
2684.77756,10.481,0.026
2686.77374,10.559,0.029
2691.81892,10.637,0.032
2693.86344,10.641,0.03
2695.78694,10.656,0.024
2698.75568,10.706,0.022
2700.79398,10.704,0.024
2704.77085,10.701,0.021
2710.73256,10.6,0.022
2712.72563,10.564,0.023
2714.71483,10.495,0.026
2719.66784,10.396,0.026
2720.79947,10.384,0.028
2722.71107,10.33,0.04
2724.71926,10.355,0.03
2726.70902,10.33,0.022
2728.71126,10.329,0.043
2730.70073,10.316,0.022
2732.8121,10.299,0.023
2734.68457,10.278,0.021
2736.67376,10.265,0.022
2738.67388,10.259,0.025
2740.68134,10.226,0.023
2742.6225,10.22,0.03
2747.64831,10.173,0.028
2750.70257,10.117,0.021
2752.6435,10.117,0.021
2754.73965,10.106,0.024
2756.69438,10.136,0.022
2758.75714,10.155,0.022
2760.62709,10.167,0.022
2762.6231,10.173,0.044
2764.61619,10.238,0.021
2766.70146,10.265,0.024
2775.67364,10.462,0.049
2784.61797,10.67,0.022
2786.60387,10.657,0.022
2790.51669,10.724,0.026
2792.54108,10.687,0.021
2795.52444,10.712,0.046
2804.55807,10.776,0.028
2809.55323,10.787,0.024
2811.55155,10.734,0.022
2813.55005,10.695,0.021
2819.56075,10.54,0.022
2829.49133,10.208,0.023
2831.55128,10.2,0.025
2835.52869,10.127,0.025
2838.52091,10.069,0.023
2841.53436,10.09,0.022
2843.51953,10.095,0.053
2859.48242,10.347,0.025
2862.46888,10.441,0.027
3005.8594,10.081,0.032
3009.84554,10.128,0.028
3013.85352,10.167,0.028
3020.85796,10.367,0.044
3030.84566,10.378,0.026
3033.84986,10.422,0.026
3036.83625,10.429,0.036
3051.76648,10.563,0.032
3053.83167,10.57,0.048
3056.78986,10.63,0.05
3059.76698,10.572,0.025
3061.81342,10.569,0.025
3064.7641,10.559,0.033
3067.84867,10.547,0.026
3074.78083,10.457,0.032
3076.82485,10.415,0.025
3078.87592,10.602,0.029
3081.71063,10.335,0.034
3085.74298,10.289,0.036
3087.74979,10.25,0.055
3089.80868,10.237,0.032
3091.84223,10.229,0.032
3096.70737,10.212,0.025
3101.70238,10.226,0.032
3103.69851,10.214,0.029
3109.68869,10.27,0.024
3111.76635,10.273,0.032
3115.76408,10.353,0.026
3121.6524,10.473,0.023
3129.62581,10.544,0.032
3131.61881,10.574,0.031
3133.62048,10.504,0.026
3144.63263,10.565,0.023
3146.69395,10.446,0.025
3156.54715,10.548,0.027
3159.56706,10.539,0.03
3162.58526,10.478,0.025
3164.6041,10.457,0.025
3167.60594,10.424,0.023
3171.5279,10.393,0.025
3175.52789,10.377,0.023
3177.5429,10.346,0.025
3184.50192,10.27,0.028
3186.58949,10.35,0.031
3190.50572,10.204,0.029
3384.85382,10.371,0.041
3388.85375,10.384,0.04
3392.83234,10.454,0.046
3396.82425,10.504,0.035
3402.87413,10.574,0.037
3408.81688,10.628,0.037
3411.80948,10.628,0.039
3414.79824,10.644,0.032
3417.77617,10.855,0.028
3419.83312,10.781,0.034
3424.79816,10.52,0.039
3431.81637,10.444,0.032
3433.8534,10.394,0.03
3438.74075,10.298,0.027
3442.74449,10.204,0.027
3444.75215,10.177,0.038
3446.7656,10.135,0.026
3448.8094,10.066,0.048
3450.80056,10.125,0.033
3456.72398,10.133,0.035
3458.72073,10.163,0.034
3463.6671,10.205,0.032
3465.7123,10.591,0.03
3468.68098,10.287,0.03
3470.68947,10.308,0.029
3472.6978,10.323,0.03
3477.62626,10.361,0.031
3489.63393,10.487,0.026
3497.6735,10.515,0.032
3500.68171,10.584,0.047
3502.71184,10.573,0.038
3506.55905,10.562,0.036
3511.57283,10.582,0.031
3517.57748,10.459,0.034
3520.66285,10.449,0.036
3522.66766,10.362,0.04
3525.54276,10.372,0.029
3529.56211,10.355,0.032
3542.55531,10.172,0.041
3552.57113,10.157,0.06
3561.50878,10.288,0.029
3570.52525,10.447,0.03
3574.5247,10.465,0.029
3578.50929,10.516,0.046
3585.48326,10.559,0.035
3593.46753,10.541,0.03
3735.86371,10.156,0.03
3739.85127,10.202,0.03
3743.85583,10.335,0.032
3747.84985,10.37,0.035
3751.83688,10.394,0.037
3758.82412,10.609,0.032
3761.86368,11.107,0.036
3764.83868,10.634,0.038
3767.83886,10.666,0.036
3770.82555,10.689,0.042
3773.82934,10.649,0.041
3776.80276,10.624,0.034
3788.80845,10.986,0.047
3791.76909,10.418,0.041
3793.81294,10.452,0.031
3796.74705,10.457,0.027
3798.81237,10.439,0.042
3802.71926,10.416,0.041
3804.76848,10.423,0.041
3806.80488,10.343,0.043
3811.82868,10.303,0.042
3814.70766,10.223,0.043
3816.74463,10.182,0.033
3818.81247,10.184,0.034
3821.68972,10.17,0.034
3823.72495,10.21,0.041
3825.75292,10.226,0.037
3827.82051,10.217,0.034
3830.66683,10.274,0.031
3832.6893,10.276,0.035
3848.64842,10.649,0.049
3850.66778,10.619,0.032
3852.67518,10.615,0.026
3854.68989,10.613,0.036
3856.72847,10.637,0.033
3859.61772,10.636,0.046
3861.6141,10.665,0.027
3866.60125,10.647,0.044
3868.62978,10.599,0.039
3870.62751,10.554,0.029
3872.62673,10.52,0.041
3876.60097,10.548,0.031
3879.64241,10.485,0.04
3881.66607,10.45,0.031
3886.5523,10.381,0.039
3888.56134,10.341,0.051
3894.58967,10.25,0.031
3897.56878,10.222,0.045
3901.6401,10.184,0.035
3904.50598,10.214,0.038
3906.52663,10.165,0.026
3908.53146,10.198,0.043
4105.84637,10.377,0.033
4125.81533,10.439,0.029
4134.81472,10.574,0.034
4139.85353,10.594,0.028
4142.80553,10.616,0.026
4145.79598,10.606,0.028
4149.79621,10.566,0.045
4151.83392,10.512,0.028
4154.76709,10.378,0.048
4157.76807,10.339,0.033
4161.79133,10.215,0.03
4166.80536,10.134,0.058
4175.71668,10.154,0.037
4177.86563,10.213,0.03
4182.823,10.285,0.036
4185.68912,10.278,0.05
4188.8233,10.319,0.026
4194.70717,10.341,0.05
4197.70382,10.316,0.031
4200.6836,10.328,0.025
4205.69125,10.326,0.027
4216.67758,10.416,0.039
4227.61339,10.625,0.025
4229.62331,10.52,0.028
4231.63248,10.585,0.052
4233.63087,10.561,0.024
4235.62827,10.578,0.028
4253.5772,10.39,0.024
4255.63033,10.354,0.027
4257.62578,10.336,0.041
4276.51042,10.302,0.028
4282.57186,10.272,0.041
4291.48918,10.276,0.026
4293.50138,10.317,0.027
4295.50161,10.315,0.024
4304.4969,10.383,0.026
4308.48227,10.461,0.04
4467.85181,10.256,0.033
4479.83653,10.412,0.037
4485.86036,10.365,0.033
4488.84928,10.468,0.031
4499.79421,10.509,0.034
4502.81555,10.579,0.04
4505.80682,10.565,0.034
4508.80627,10.569,0.031
4511.79625,10.596,0.039
4515.79815,10.531,0.051
4521.80796,10.454,0.031
4524.75642,10.343,0.026
4526.79474,10.346,0.033
4529.74921,10.321,0.025
4531.83094,10.252,0.044
4535.73903,10.227,0.033
4537.76438,10.242,0.027
4540.71903,10.254,0.042
4542.73604,10.278,0.032
4551.82043,10.249,0.04
4554.67895,10.261,0.037
4561.65878,10.327,0.026
4563.68922,10.285,0.031
4565.74587,10.296,0.033
4567.78414,10.266,0.036
4570.63781,10.286,0.025
4572.6534,10.291,0.031
4576.65831,10.257,0.043
4580.64518,10.384,0.035
4583.70787,10.453,0.03
4586.70035,10.462,0.026
4588.75011,10.503,0.038
4591.57675,10.505,0.034
4593.6507,10.56,0.032
4595.62154,10.614,0.026
4597.60797,10.57,0.026
4607.58179,10.507,0.032
4609.62912,10.487,0.036
4611.63374,10.382,0.029
4616.62106,10.253,0.026
4622.6216,10.225,0.032
4631.50591,10.26,0.033
4633.57358,10.251,0.037
4639.60694,10.336,0.029
4642.52658,10.335,0.03
4644.53613,10.351,0.027
4646.53639,10.325,0.038
4649.51565,10.322,0.036
4651.57738,10.348,0.045
4653.56763,10.316,0.032
4659.5244,10.349,0.036
4662.53677,10.34,0.036
4666.47802,10.407,0.029
4670.48341,10.433,0.038
4677.5044,10.5,0.034
4685.47328,10.513,0.036
4830.85177,10.305,0.038
4834.84727,10.378,0.031
4838.8427,10.39,0.028
4842.84401,10.515,0.033
4850.82796,10.493,0.034
4860.87088,10.543,0.032
4863.85226,10.543,0.029
4866.84415,10.511,0.035
4869.8392,10.512,0.034
4872.80679,10.434,0.038
4876.8347,10.458,0.037
4879.79091,10.452,0.028
4891.75672,10.329,0.036
4895.82058,10.333,0.046
4903.82996,10.182,0.06
4906.71802,10.207,0.042
4908.79169,10.202,0.045
4914.82526,10.677,0.048
4917.68869,10.273,0.042
4919.73843,10.292,0.042
4926.71549,10.353,0.045
4931.6882,10.421,0.061
4933.73503,10.417,0.062
4936.62745,10.413,0.049
4938.70657,10.417,0.058
4940.76475,10.415,0.06
4948.5976,10.512,0.044
4953.63661,10.804,0.06
4959.71131,10.547,0.059
4962.62128,10.538,0.049
4973.60798,10.427,0.052
4975.65934,10.431,0.047
4988.58594,10.283,0.06
4994.61959,10.263,0.049
5013.48443,10.38,0.05
5015.55504,10.306,0.054
5019.52272,10.354,0.06
5021.54836,10.356,0.045
5023.55134,10.342,0.041
5040.47494,10.424,0.048
5049.47544,10.485,0.053
