1870.85772,11.57,0.034
1873.8589,11.64,0.034
1876.84964,11.679,0.031
1878.84349,11.645,0.03
1880.84324,11.659,0.03
1886.84383,11.624,0.028
1888.84203,11.628,0.029
1899.86589,11.586,0.029
1902.83138,11.582,0.026
1904.82123,11.599,0.027
1906.82118,11.595,0.026
1908.82047,11.627,0.025
1913.8456,11.636,0.024
1915.80862,11.676,0.027
1918.78061,11.62,0.028
1920.77461,11.691,0.026
1922.76355,11.663,0.026
1925.83085,11.623,0.026
1926.82533,11.639,0.025
1928.86571,11.653,0.025
1929.87063,11.666,0.025
1931.76676,11.634,0.025
1933.76914,11.558,0.024
1935.68981,11.584,0.026
1937.77387,11.648,0.028
1939.75879,11.56,0.024
1945.83745,11.54,0.027
1947.76676,11.474,0.026
1949.73253,11.492,0.038
1950.7411,11.485,0.035
1953.76066,11.399,0.029
1954.76016,11.375,0.029
1955.75873,11.343,0.028
1958.74521,11.285,0.028
1961.73494,11.271,0.03
1962.75982,11.317,0.033
1963.74932,11.248,0.031
1964.75178,11.301,0.028
1965.72881,11.286,0.027
1966.73523,11.3,0.028
1967.75133,11.268,0.031
1968.73215,11.254,0.032
1971.74904,11.322,0.04
1977.6932,11.267,0.038
1978.73143,11.295,0.042
1979.70752,11.28,0.046
1980.69712,11.376,0.045
1981.71927,11.323,0.039
1982.70149,11.282,0.036
1984.69105,11.291,0.039
1985.69251,11.33,0.034
1993.71097,11.347,0.042
1994.67139,11.377,0.036
1995.6851,11.318,0.038
1996.66865,11.33,0.04
1997.67071,11.269,0.041
1998.66249,11.324,0.04
2000.66053,11.376,0.042
2011.63109,11.456,0.044
2014.62088,11.429,0.047
2016.61595,11.419,0.045
2018.61437,11.471,0.049
2025.57867,11.576,0.027
2026.60726,11.447,0.031
2027.59464,11.449,0.032
2030.58328,11.452,0.032
2032.58127,11.484,0.028
2033.58257,11.494,0.029
2034.58245,11.431,0.03
2037.60121,11.482,0.029
2038.5925,11.393,0.032
2052.52879,11.391,0.033
2053.54973,11.399,0.029
2054.54537,11.432,0.034
2055.53644,11.487,0.035
2056.54701,11.458,0.032
2057.53193,11.467,0.031
2058.53269,11.497,0.03
2062.52537,11.522,0.041
2064.5169,11.474,0.03
2067.50638,11.482,0.033
2070.52299,11.427,0.029
2078.47961,11.334,0.033
2081.47915,11.347,0.028
2083.55725,11.279,0.03
2086.49391,11.307,0.028
2088.49073,11.335,0.027
2093.53037,11.379,0.032
2103.48531,11.38,0.027
2105.51374,11.387,0.03
2116.47252,11.359,0.035
2116.47425,11.361,0.028
2125.52593,11.345,0.038
2130.46225,11.31,0.032
2134.46336,11.286,0.035
2143.46632,11.368,0.04
2240.85555,11.151,0.049
2243.83862,11.257,0.047
2247.8612,11.2,0.051
2249.83947,11.268,0.037
2251.83266,11.272,0.043
2255.84334,11.297,0.039
2257.83347,11.279,0.042
2442.47686,11.71,0.035
2444.47551,11.72,0.025
2446.58807,11.766,0.028
2452.455,11.77,0.03
2454.5126,11.915,0.027
2459.48895,11.808,0.027
2463.47208,11.761,0.025
2465.51147,11.75,0.033
2467.49898,11.757,0.025
2469.50371,11.733,0.036
2473.46982,11.727,0.035
2482.51328,11.616,0.041
2489.46056,11.391,0.046
2493.46302,11.253,0.041
2499.46554,11.044,0.033
2500.46812,11.008,0.036
2502.49727,10.994,0.04
2622.83314,11.871,0.028
2625.84376,11.858,0.027
2629.81118,11.82,0.027
2635.81656,11.754,0.027
2642.80824,11.699,0.025
2645.82517,11.661,0.025
2649.84173,11.663,0.036
2651.82972,11.625,0.026
2654.86528,11.549,0.027
2658.79371,11.547,0.028
2660.85579,11.47,0.037
2662.8142,11.493,0.025
2664.8262,11.439,0.024
2665.85511,11.501,0.038
2666.84947,11.45,0.026
2669.8119,11.398,0.023
2672.79449,11.399,0.025
2674.82384,11.429,0.03
2676.79369,11.425,0.023
2678.7733,11.468,0.024
2680.77787,11.425,0.025
2684.74983,11.387,0.026
2686.75379,11.402,0.027
2690.7563,11.425,0.028
2692.81343,11.402,0.025
2694.7542,11.449,0.025
2696.78369,11.394,0.023
2698.81978,11.465,0.032
2700.80423,11.43,0.027
2701.75262,11.443,0.024
2703.74885,11.402,0.023
2705.74348,11.463,0.026
2706.7492,11.463,0.026
2712.71058,11.496,0.023
2714.67915,11.47,0.027
2717.69369,11.514,0.027
2721.70846,11.524,0.025
2722.83508,11.589,0.029
2724.72282,11.556,0.027
2726.92085,11.561,0.028
2727.71799,11.537,0.024
2728.72857,11.543,0.04
2731.8071,11.573,0.027
2733.82394,11.549,0.026
2735.70808,11.527,0.024
2736.80387,11.589,0.026
2738.67774,11.587,0.027
2740.65806,11.618,0.028
2741.82325,11.539,0.031
2743.6736,11.551,0.029
2744.8035,11.517,0.039
2747.80524,11.593,0.036
2751.58216,11.556,0.025
2752.7902,11.587,0.027
2755.61041,11.518,0.024
2756.74276,11.512,0.024
2758.78259,11.514,0.025
2760.64542,11.484,0.023
2761.8083,11.504,0.025
2764.71571,11.511,0.025
2766.71076,11.516,0.024
2783.71118,11.316,0.033
2783.73202,11.354,0.026
2785.64305,11.375,0.026
2787.59478,11.267,0.023
2790.62014,11.285,0.033
2791.72916,11.199,0.028
2794.57355,11.178,0.031
2805.65542,10.943,0.037
2809.65537,10.903,0.026
2811.62067,10.847,0.024
2813.60266,10.85,0.023
2820.58393,10.809,0.024
2826.62797,10.844,0.044
2830.53269,10.895,0.024
2832.51486,10.948,0.025
2834.51601,10.987,0.026
2836.51335,10.997,0.025
2839.5548,11.056,0.026
2842.50763,11.086,0.036
2845.50385,11.173,0.025
2851.48964,11.315,0.025
2854.49239,11.366,0.024
2858.49336,11.394,0.024
2860.49561,11.457,0.025
2866.49844,11.507,0.029
2877.47244,11.697,0.025
2883.47173,11.775,0.028
2962.8563,11.425,0.034
2967.85496,11.436,0.029
2973.85153,11.435,0.027
2976.84716,11.466,0.025
2977.83594,11.384,0.035
2981.83463,11.404,0.033
2985.83662,11.329,0.027
2989.83134,11.277,0.026
2992.85543,11.218,0.031
3000.85585,11.268,0.027
3003.84169,11.259,0.027
3007.79576,11.321,0.026
3010.84609,11.35,0.026
3016.84881,11.346,0.025
3019.83652,11.439,0.034
3025.7988,11.44,0.03
3029.87173,11.455,0.026
3032.83533,11.482,0.033
3035.79905,11.543,0.024
3039.8426,11.524,0.026
3042.81243,11.425,0.028
3046.73381,11.473,0.032
3050.72574,11.494,0.024
3053.75763,11.479,0.025
3061.74247,11.373,0.024
3064.71845,11.393,0.026
3067.77429,11.282,0.028
3069.77765,11.434,0.027
3071.76846,11.276,0.028
3073.85278,11.265,0.027
3076.69714,11.236,0.025
3080.76924,11.157,0.05
3082.82861,11.183,0.025
3086.80304,11.173,0.026
3089.6664,11.063,0.027
3091.70695,11.132,0.035
3093.70534,11.094,0.028
3097.686,11.118,0.026
3099.73754,11.055,0.029
3101.76624,11.09,0.027
3103.79202,11.053,0.03
3105.77452,11.072,0.027
3107.77908,11.094,0.025
3109.78953,11.081,0.026
3112.59797,11.086,0.026
3114.66242,11.055,0.024
3121.62606,11.039,0.026
3125.63765,11.036,0.026
3127.65259,11.043,0.036
3129.69759,11.046,0.03
3131.71351,11.076,0.029
3133.71662,11.059,0.026
3144.72813,11.233,0.025
3153.53654,11.297,0.029
3155.59199,11.363,0.039
3158.64645,11.476,0.041
3160.64526,11.414,0.027
3163.65318,11.494,0.025
3165.65104,11.505,0.025
3168.67003,11.578,0.027
3171.66332,11.604,0.027
3175.65071,11.725,0.026
3177.67895,11.699,0.025
3180.65896,11.711,0.026
3183.63374,11.708,0.027
3185.62491,11.726,0.029
3189.51181,11.804,0.026
3355.84187,11.288,0.047
3363.83487,11.285,0.043
3387.79422,11.26,0.034
3390.81722,11.275,0.034
3394.84136,11.239,0.026
3397.80358,11.301,0.03
3400.79468,11.278,0.034
3406.78787,11.353,0.031
3409.77392,11.357,0.029
3412.77121,11.329,0.029
3414.82541,11.347,0.027
3417.76052,11.351,0.03
3419.80683,11.392,0.031
3421.82282,11.356,0.03
3424.73435,11.295,0.03
3426.76533,11.329,0.028
3430.83309,11.331,0.027
3432.83308,11.241,0.032
3436.72511,11.296,0.03
3439.75531,11.417,0.028
3443.70888,11.328,0.025
3445.73609,11.373,0.026
3447.73907,11.393,0.03
3449.77084,11.444,0.047
3452.66729,11.4,0.036
3454.72227,11.423,0.032
3456.73805,11.446,0.03
3458.72735,11.497,0.029
3460.7387,11.502,0.029
3463.63106,11.584,0.034
3465.68727,11.708,0.03
3467.86341,11.523,0.028
3470.6204,11.547,0.026
3472.66565,11.633,0.031
3474.70973,11.616,0.033
3476.8137,11.605,0.035
3478.75053,11.619,0.031
3480.7412,11.595,0.038
3481.47369,12.08,0.037
3482.73313,11.575,0.045
3489.61627,11.612,0.026
3491.62308,11.658,0.031
3495.61955,11.625,0.025
3497.66246,11.63,0.028
3500.66993,11.593,0.052
3502.695,11.644,0.048
3508.72054,11.554,0.025
3511.60412,11.498,0.026
3517.62794,11.499,0.03
3521.57783,11.468,0.041
3523.58114,11.486,0.031
3525.60402,11.492,0.026
3529.60721,11.508,0.029
3537.68027,11.492,0.048
3539.56891,11.509,0.038
3542.61303,11.446,0.032
3550.52351,11.498,0.032
3559.52014,11.444,0.039
3561.54118,11.391,0.028
3563.53063,11.44,0.026
3569.53411,11.395,0.025
3573.53942,11.322,0.026
3575.55661,11.35,0.025
3578.53541,11.316,0.026
3583.4945,11.301,0.036
3585.54333,11.266,0.031
3588.50555,11.302,0.033
3593.51086,11.267,0.031
3597.51365,11.31,0.048
3602.469,11.256,0.032
3604.50831,11.319,0.052
3703.85404,11.394,0.032
3715.84013,11.549,0.037
3719.84196,11.544,0.031
3724.84795,11.601,0.028
3727.85577,11.542,0.029
3731.85816,11.593,0.029
3735.82905,11.609,0.027
3739.8095,11.654,0.029
3743.82652,11.692,0.032
3746.85585,11.677,0.037
3750.81675,11.683,0.029
3753.85503,11.672,0.03
3756.82847,11.66,0.031
3759.85435,11.758,0.032
3762.81863,11.703,0.043
3765.81553,11.813,0.042
3769.75334,11.767,0.039
3772.79126,11.671,0.033
3775.77911,11.698,0.032
3778.7641,11.657,0.032
3787.80384,11.562,0.03
3790.74681,11.513,0.037
3792.79919,11.641,0.034
3795.72607,11.534,0.029
3797.81305,11.528,0.032
3800.71597,11.562,0.044
3803.70708,11.513,0.047
3805.75498,11.477,0.029
3808.74268,11.405,0.038
3810.81441,11.455,0.031
3813.67618,11.353,0.039
3815.7279,11.311,0.037
3817.72651,11.245,0.033
3819.77271,11.27,0.034
3822.65791,11.278,0.032
3824.70415,11.153,0.028
3826.71259,11.175,0.033
3828.7481,11.214,0.031
3831.62669,11.17,0.03
3833.67655,11.145,0.035
3835.68072,11.154,0.033
3837.71818,11.162,0.03
3847.68107,11.114,0.036
3849.64391,11.146,0.032
3851.64049,11.102,0.026
3853.67949,11.11,0.027
3858.59107,11.129,0.029
3862.59731,11.133,0.028
3864.62363,11.14,0.039
3866.63492,11.149,0.032
3868.67466,11.157,0.031
3870.66971,11.128,0.028
3872.66711,11.178,0.028
3876.6208,11.256,0.028
3881.68364,11.331,0.026
3886.53481,11.366,0.027
3888.553,11.396,0.031
3890.55119,11.439,0.026
3892.55763,11.485,0.041
3894.62579,11.517,0.029
3902.49727,11.536,0.026
3904.53291,11.583,0.027
3906.55271,11.598,0.039
3908.55342,11.614,0.034
3912.65672,11.642,0.027
4090.84238,11.282,0.032
4103.85396,11.307,0.029
4106.85242,11.266,0.03
4120.84186,11.27,0.032
4126.83002,11.271,0.028
4129.81023,11.275,0.03
4132.7979,11.26,0.041
4135.78287,11.238,0.032
4141.77807,11.257,0.028
4143.88249,11.235,0.03
4146.77202,11.212,0.041
4150.76542,11.167,0.04
4152.81226,11.142,0.031
4155.74229,11.15,0.032
4160.77974,11.098,0.027
4164.7835,11.105,0.036
4167.76895,11.093,0.031
4173.70747,11.073,0.03
4175.75916,11.092,0.035
4178.73726,11.141,0.045
4180.76575,11.156,0.042
4182.85526,11.198,0.034
4185.67107,11.202,0.029
4188.77569,11.212,0.027
4190.74459,11.237,0.03
4192.73401,11.266,0.03
4194.76438,11.295,0.045
4197.75908,11.277,0.039
4200.69811,11.371,0.026
4205.70772,11.348,0.035
4208.77339,11.446,0.043
4215.74395,11.499,0.029
4228.61564,11.574,0.031
4230.61841,11.577,0.031
4232.61515,11.568,0.03
4234.6211,11.494,0.028
4238.6617,11.554,0.035
4246.74207,11.42,0.031
4250.49534,11.392,0.029
4253.72699,11.334,0.032
4256.56714,11.278,0.029
4258.58873,11.279,0.03
4268.62201,11.082,0.039
4274.53164,10.965,0.025
4277.55571,10.941,0.026
4281.5591,10.909,0.035
4283.57993,10.939,0.031
4285.57821,10.908,0.032
4291.58885,10.908,0.028
4293.58185,10.927,0.028
4295.5857,10.933,0.027
4297.5847,10.898,0.038
4299.55892,10.902,0.028
4304.52454,10.926,0.032
4306.54613,10.936,0.026
4309.55809,10.924,0.035
4312.53502,10.871,0.039
4315.54174,10.97,0.038
4331.46874,11.073,0.042
4333.50501,11.052,0.029
4338.47258,11.042,0.029
4342.47553,11.059,0.031
4345.47225,11.159,0.039
4432.85602,10.926,0.033
4436.84462,10.894,0.033
4440.84524,10.922,0.03
4453.8355,10.907,0.039
4457.83369,10.935,0.03
4461.82139,10.955,0.031
4464.83677,10.955,0.031
4472.8463,10.941,0.048
4476.86289,10.995,0.048
4480.80411,10.984,0.033
4484.85987,11.012,0.034
4487.83776,10.997,0.045
4491.80457,11.061,0.037
4494.8758,11.032,0.028
4498.82019,11.022,0.033
4501.79523,11.027,0.033
4504.78429,11.034,0.026
4507.76836,11.026,0.035
4510.77573,11.036,0.035
4516.79085,11.017,0.048
4518.80403,11.071,0.032
4522.79798,11.072,0.028
4525.72077,11.016,0.031
4527.77956,10.966,0.035
4530.71432,10.961,0.028
4532.80592,10.966,0.025
4536.70529,10.948,0.027
4538.7479,10.884,0.027
4540.80275,10.888,0.034
4542.74155,10.835,0.031
4546.76123,10.783,0.032
4551.82933,10.684,0.036
4554.65713,10.721,0.033
4558.77623,10.675,0.027
4560.78137,10.671,0.03
4563.627,10.727,0.033
4565.69163,10.657,0.03
4567.68168,10.688,0.03
4569.67882,10.728,0.028
4571.66391,10.724,0.03
4573.679,10.727,0.031
4576.65212,10.744,0.035
4579.78406,10.802,0.03
4583.59635,10.834,0.027
4588.6761,10.862,0.034
4590.75347,10.929,0.033
4595.58618,10.935,0.027
4597.58527,10.929,0.028
4599.61005,10.958,0.034
4601.61271,11.254,0.043
4606.56918,10.997,0.044
4608.57387,10.964,0.028
4610.67501,11.012,0.031
4612.69656,10.941,0.032
4616.70282,11.017,0.034
4618.71026,11.028,0.032
4622.66115,11.084,0.029
4631.53359,11.169,0.029
4633.58318,11.103,0.031
4639.50607,11.155,0.038
4641.5629,11.214,0.03
4643.56623,11.203,0.034
4647.59115,11.239,0.043
4649.61344,11.247,0.041
4651.63852,11.184,0.043
4654.47841,11.257,0.049
4656.49139,11.201,0.032
4659.55609,11.267,0.031
4662.57903,11.23,0.044
4664.58372,11.208,0.032
4667.52966,11.273,0.028
4671.52348,11.229,0.039
4677.54174,11.275,0.037
4679.55192,11.29,0.03
4682.535,11.27,0.046
4686.49649,11.305,0.038
4691.50971,11.27,0.033
4697.49147,11.212,0.032
4700.48487,11.21,0.029
4702.49451,11.189,0.032
4708.47267,11.183,0.037
4807.84275,11.365,0.031
4815.82905,11.333,0.033
4819.85805,11.346,0.031
4823.83529,11.297,0.033
4827.82634,11.205,0.032
4831.8239,11.199,0.033
4835.81274,11.076,0.039
4838.8377,11.071,0.034
4842.8058,11.061,0.034
4846.82198,11.095,0.028
4850.78813,11.13,0.029
4853.82955,11.15,0.034
4857.78918,11.129,0.031
4861.78956,11.22,0.04
4865.76319,11.207,0.035
4871.77739,11.266,0.035
4877.82516,11.223,0.032
4889.73421,11.411,0.04
4892.72003,11.407,0.037
4901.73787,11.38,0.045
4907.68601,11.437,0.039
4909.77036,11.478,0.045
4914.71627,11.473,0.038
4916.78531,11.546,0.039
4921.69263,11.585,0.039
4926.68906,11.641,0.037
4932.69483,11.6,0.045
4936.75963,11.545,0.049
4938.82111,11.568,0.042
4946.66747,11.554,0.041
4948.76356,11.591,0.04
4959.61936,11.466,0.046
4966.73206,11.501,0.043
4969.54506,11.476,0.048
4972.63334,11.452,0.036
4974.7421,11.424,0.05
4994.6384,11.492,0.036
5021.62857,11.545,0.043
5024.47444,11.524,0.042
5041.49468,11.501,0.038
