1870.85772,11.801,0.038
1873.8589,12.029,0.037
1876.84964,11.93,0.034
1878.84349,11.749,0.035
1880.85013,11.934,0.034
1886.84383,11.696,0.031
1888.84203,12.004,0.034
1899.86589,12.027,0.034
1902.83138,11.852,0.03
1904.82123,11.744,0.03
1906.82118,12.046,0.03
1908.82047,11.756,0.031
1913.8456,11.797,0.027
1915.80862,11.736,0.03
1918.78061,11.788,0.032
1920.77461,11.98,0.033
1922.76355,11.725,0.031
1925.83085,12.018,0.03
1926.82533,11.838,0.029
1928.86571,11.726,0.03
1929.87063,11.863,0.033
1931.76676,11.88,0.032
1933.76914,11.747,0.03
1935.68981,11.795,0.032
1937.77387,11.747,0.035
1939.75879,12.076,0.032
1945.83745,11.894,0.037
1947.76676,11.996,0.032
1949.73253,11.861,0.055
1950.7411,11.995,0.052
1953.76066,11.75,0.039
1954.76016,11.95,0.038
1954.78718,11.958,0.04
1955.75873,11.768,0.036
1958.74521,11.952,0.039
1961.73494,12.066,0.039
1962.75982,11.995,0.04
1963.74932,11.619,0.039
1964.75178,11.793,0.036
1965.72881,11.912,0.034
1971.74904,11.678,0.047
1980.69712,11.903,0.052
1981.71927,11.848,0.047
1984.69105,11.855,0.046
2025.57867,11.778,0.029
2026.60726,11.9,0.033
2027.59464,11.889,0.033
2030.58328,12.045,0.036
2032.58127,11.705,0.033
2033.58257,11.917,0.034
2034.58245,11.969,0.032
2037.60121,11.82,0.032
2038.5925,11.974,0.034
2052.52879,11.942,0.038
2053.54973,11.806,0.032
2054.54537,11.755,0.04
2055.53644,11.991,0.038
2056.54701,11.896,0.035
2057.53193,11.704,0.034
2058.53269,11.788,0.035
2062.52537,11.952,0.043
2064.5169,11.717,0.034
2067.50638,11.822,0.038
2070.52299,12.047,0.032
2078.47961,11.81,0.044
2081.47915,11.941,0.03
2083.55725,11.797,0.035
2086.49391,11.782,0.034
2088.49073,11.955,0.032
2093.53037,12.143,0.04
2103.48531,11.959,0.031
2105.51374,11.771,0.034
2116.47425,11.683,0.034
2130.46225,11.876,0.038
2134.46336,11.781,0.04
2143.46795,11.705,0.057
2240.85555,11.481,0.056
2243.83862,11.398,0.056
2251.83266,12.27,0.053
2255.84334,11.875,0.049
2442.47686,12.051,0.043
2444.47551,11.692,0.033
2446.58807,11.727,0.036
2452.455,11.758,0.037
2454.5126,11.938,0.036
2459.48895,11.719,0.037
2463.47208,11.758,0.033
2465.51147,12.017,0.044
2467.49898,11.708,0.034
2469.50371,11.947,0.052
2473.46982,11.769,0.046
2482.51328,11.543,0.046
2489.46056,11.73,0.053
2493.46302,11.74,0.051
2499.46554,11.691,0.042
2500.46812,11.667,0.049
2502.49727,11.966,0.05
2622.83314,11.841,0.032
2625.84376,12.021,0.034
2629.81118,11.904,0.037
2635.81656,11.839,0.029
2642.80824,11.766,0.029
2645.82517,11.737,0.028
2649.84173,11.796,0.052
2651.82972,12.028,0.035
2654.86528,11.738,0.034
2658.79371,12.087,0.034
2660.85579,11.846,0.039
2662.8142,11.928,0.031
2664.8262,11.721,0.026
2665.85511,11.721,0.042
2666.84947,11.86,0.03
2669.8119,11.905,0.028
2672.79449,11.815,0.032
2674.82384,12.021,0.037
2676.79369,11.852,0.027
2678.7733,11.738,0.027
2680.77787,11.984,0.027
2684.74983,11.87,0.032
2686.75379,11.716,0.031
2690.7563,11.835,0.034
2692.81343,11.908,0.036
2694.7542,11.836,0.03
2696.78369,11.949,0.029
2698.81978,11.673,0.045
2700.80423,11.93,0.036
2701.75262,11.77,0.031
2703.74885,11.898,0.032
2705.74348,11.814,0.034
2706.7492,12.006,0.041
2712.71058,11.825,0.027
2714.67915,11.72,0.03
2717.69369,11.931,0.029
2721.70846,11.882,0.034
2722.83508,11.84,0.039
2726.92085,11.754,0.033
2727.71799,11.757,0.031
2728.72857,11.983,0.046
2731.8071,11.746,0.032
2733.82394,11.863,0.03
2735.70808,11.94,0.031
2736.80387,11.816,0.029
2738.67774,11.843,0.031
2740.65806,11.754,0.035
2741.82325,11.967,0.029
2743.6736,11.881,0.037
2747.80524,11.66,0.035
2751.58216,11.783,0.031
2752.7902,12.013,0.028
2755.61041,11.707,0.032
2756.74276,11.832,0.029
2758.78259,11.739,0.029
2760.64542,11.865,0.027
2761.8083,11.753,0.03
2764.71571,11.739,0.029
2766.71076,11.976,0.027
2783.73202,11.728,0.032
2785.64305,11.687,0.032
2787.59478,11.816,0.032
2790.62014,11.996,0.047
2791.72916,11.733,0.03
2794.57355,11.896,0.041
2805.65542,11.779,0.037
2809.65537,11.796,0.038
2811.62067,11.688,0.036
2813.60266,11.987,0.031
2820.58393,11.996,0.03
2826.62797,11.709,0.047
2830.53269,12.012,0.031
2832.51486,11.727,0.03
2834.51601,12.025,0.032
2836.51335,11.715,0.03
2839.5548,11.831,0.032
2842.50763,11.829,0.044
2845.50385,12.004,0.033
2851.48964,11.778,0.031
2854.49239,11.691,0.031
2858.49336,11.746,0.03
2860.49561,11.95,0.032
2866.49844,11.816,0.041
2877.47244,11.822,0.028
2883.47173,11.688,0.029
2962.8563,11.65,0.036
2967.85496,11.884,0.032
2973.85153,11.706,0.029
2976.84716,11.785,0.031
2977.83594,11.628,0.036
2981.83463,11.702,0.034
2985.83662,11.77,0.03
2989.83134,11.88,0.028
2992.85543,11.694,0.031
3003.84169,11.741,0.029
3007.79576,11.818,0.03
3010.84609,11.754,0.029
3016.84881,11.966,0.028
3019.83652,11.752,0.038
3025.7988,11.738,0.034
3029.87173,11.737,0.03
3032.83533,11.803,0.037
3035.79905,11.904,0.028
3039.8426,12.017,0.031
3042.81243,12.086,0.031
3046.73381,11.685,0.033
3050.72574,11.676,0.027
3061.74247,11.731,0.028
3064.71845,11.8,0.028
3067.77429,11.864,0.032
3069.77765,11.825,0.031
3071.76846,12.006,0.034
3073.85278,11.986,0.028
3076.69714,11.727,0.029
3080.76924,11.939,0.049
3082.82861,11.707,0.027
3086.80304,11.766,0.028
3089.6664,11.926,0.029
3091.70695,11.719,0.037
3093.70534,12.023,0.033
3097.686,11.858,0.028
3099.73754,11.778,0.031
3101.76624,11.954,0.029
3103.79202,11.808,0.032
3105.77452,11.963,0.029
3107.77908,11.724,0.027
3109.78953,11.943,0.029
3112.59797,11.747,0.028
3114.66242,11.899,0.029
3121.62606,11.873,0.03
3125.63765,11.984,0.027
3127.65259,11.7,0.036
3129.69759,11.735,0.03
3131.71351,12.028,0.03
3133.71662,11.712,0.029
3144.72813,11.734,0.028
3153.53654,11.839,0.031
3155.59199,12.168,0.037
3158.64645,11.754,0.039
3160.64526,11.913,0.03
3163.65318,11.965,0.028
3165.65104,11.709,0.027
3168.67003,11.955,0.029
3171.66332,12.02,0.029
3175.65071,11.929,0.028
3177.67895,11.847,0.031
3180.65896,11.746,0.028
3183.63374,11.736,0.032
3185.62491,11.937,0.03
3189.51181,11.711,0.029
3355.84187,11.981,0.048
3363.83487,11.83,0.044
3363.84665,11.919,0.047
3387.83934,11.718,0.033
3390.81722,11.757,0.041
3394.84136,11.708,0.028
3397.80358,11.738,0.037
3400.79468,11.799,0.039
3406.78787,11.924,0.032
3409.77392,11.867,0.031
3412.77121,11.73,0.029
3414.82541,12.078,0.03
3417.76052,12.03,0.036
3419.80683,11.834,0.036
3421.82282,11.727,0.033
3424.73435,12.058,0.031
3426.76533,11.749,0.031
3430.83309,11.974,0.031
3432.83308,11.695,0.034
3436.72511,11.958,0.033
3439.75531,11.862,0.031
3443.70888,12.001,0.028
3445.73609,11.684,0.029
3447.73907,11.986,0.034
3448.7479,11.94,0.045
3449.79031,11.739,0.053
3450.73021,11.889,0.039
3452.69261,11.692,0.044
3453.66323,11.935,0.048
3454.72227,12.029,0.035
3456.73805,11.768,0.034
3458.72735,12.017,0.033
3460.7387,11.74,0.036
3463.63106,11.766,0.04
3465.68727,12.031,0.035
3467.86341,11.772,0.033
3470.6204,11.755,0.031
3472.66565,11.961,0.034
3474.70973,11.823,0.036
3476.8137,11.723,0.04
3478.75053,11.902,0.035
3480.7412,11.84,0.044
3481.47369,11.81,0.042
3482.73313,11.801,0.05
3489.61627,11.836,0.031
3491.62308,11.893,0.033
3495.61955,11.793,0.03
3497.66246,11.734,0.032
3500.66993,11.737,0.056
3502.695,11.866,0.052
3508.72054,11.82,0.031
3511.60412,11.762,0.031
3517.62794,12,0.035
3521.57783,11.698,0.047
3523.58114,12.079,0.035
3525.60402,11.749,0.031
3529.60721,11.763,0.032
3537.68027,11.859,0.047
3539.56891,11.846,0.043
3542.61303,11.878,0.034
3550.52351,11.742,0.036
3559.52014,11.9,0.049
3561.54118,11.894,0.03
3563.53063,11.837,0.027
3569.53411,11.704,0.031
3573.53942,11.72,0.033
3575.55661,11.97,0.031
3578.53541,11.794,0.029
3583.4945,11.82,0.036
3585.54333,11.733,0.033
3588.50555,11.726,0.035
3593.51086,11.953,0.038
3597.51365,12.026,0.047
3602.469,11.793,0.035
3604.50831,11.842,0.054
3703.85404,11.747,0.037
3715.84013,11.771,0.04
3719.84196,11.888,0.031
3724.84795,11.966,0.029
3727.85577,11.887,0.032
3731.85816,11.986,0.031
3735.82905,11.926,0.03
3739.8095,12.195,0.029
3743.82652,11.819,0.037
3746.85585,11.969,0.04
3750.81675,11.914,0.032
3753.85503,11.858,0.032
3756.82847,11.713,0.035
3759.85435,11.773,0.036
3762.81863,11.706,0.053
3765.81553,11.941,0.047
3769.75334,11.69,0.045
3772.79126,12.198,0.039
3775.77911,12,0.031
3778.7641,11.893,0.035
3787.80384,12.054,0.03
3790.74681,11.959,0.042
3792.79919,11.671,0.037
3795.72607,11.703,0.034
3797.81305,11.76,0.037
3800.71597,11.972,0.044
3803.70708,11.933,0.05
3805.75498,12.111,0.03
3808.74268,12.056,0.041
3810.81441,11.91,0.032
3813.67618,11.722,0.043
3815.7279,11.95,0.047
3817.72651,11.741,0.038
3819.77271,11.766,0.036
3822.65791,12.019,0.037
3824.70415,11.744,0.03
3826.71259,11.859,0.035
3828.7481,11.867,0.034
3831.62669,11.756,0.035
3833.67655,12.004,0.039
3835.68072,11.79,0.032
3837.71818,11.829,0.031
3847.68107,11.688,0.038
3849.64391,11.783,0.037
3851.64049,11.916,0.03
3853.67949,11.889,0.029
3858.59107,11.98,0.032
3862.59731,11.992,0.034
3864.62363,11.756,0.043
3866.63492,11.933,0.038
3868.67466,11.866,0.033
3870.66971,11.83,0.033
3872.66711,11.797,0.034
3876.6208,11.776,0.031
3881.68364,11.725,0.03
3886.53481,11.769,0.031
3888.553,12.035,0.033
3890.55119,11.749,0.03
3892.55763,11.931,0.041
3894.62579,11.708,0.034
3902.49727,12.278,0.029
3904.53291,11.715,0.031
3906.55271,11.932,0.045
3908.55342,11.711,0.041
3912.65672,11.989,0.03
4090.84238,11.775,0.035
4103.85396,11.884,0.032
4106.85242,11.746,0.031
4120.84186,11.766,0.035
4126.83002,12.101,0.032
4129.81023,12.01,0.034
4132.7979,11.838,0.047
4135.78287,11.737,0.038
4141.77807,11.826,0.031
4143.88249,11.8,0.032
4146.77202,11.74,0.052
4150.76542,11.815,0.049
4152.81226,12.044,0.034
4155.74229,11.899,0.041
4160.77974,11.765,0.031
4164.7835,11.7,0.037
4167.76895,11.867,0.034
4173.70747,11.94,0.035
4175.75916,11.662,0.039
4178.73726,11.776,0.05
4180.76575,11.716,0.048
4182.85526,11.887,0.04
4185.67107,11.695,0.034
4188.77569,11.892,0.035
4190.74459,11.683,0.037
4192.73401,12.023,0.039
4194.76438,11.82,0.048
4197.75908,11.746,0.045
4200.69811,11.727,0.032
4205.70772,11.756,0.041
4208.77339,11.941,0.049
4215.74395,11.877,0.039
4228.61564,11.856,0.04
4230.61841,11.854,0.038
4232.61515,11.848,0.037
4234.6211,11.83,0.036
4238.6617,11.767,0.041
4246.74207,11.729,0.037
4250.49534,11.686,0.036
4253.72699,11.706,0.04
4256.56714,11.946,0.034
4258.58873,11.848,0.037
4268.62201,11.872,0.042
4274.53164,11.885,0.033
4277.55571,11.708,0.034
4281.5591,11.731,0.036
4283.57993,12.022,0.036
4285.57821,11.818,0.039
4293.58185,11.759,0.036
4295.5857,11.91,0.032
4297.5847,11.742,0.039
4299.55892,11.789,0.033
4304.52454,11.841,0.04
4306.54613,11.804,0.032
4309.55809,12.002,0.037
4312.53502,11.928,0.042
4315.54174,11.748,0.055
4331.46874,11.745,0.047
4333.50501,11.794,0.034
4338.47258,11.956,0.038
4342.47553,11.929,0.035
4345.47225,11.933,0.043
4432.85602,11.805,0.034
4436.84462,11.749,0.036
4440.84524,11.742,0.035
4453.8355,11.956,0.041
4457.83369,12.019,0.036
4461.82139,12.009,0.036
4464.83677,11.951,0.034
4472.8463,12.027,0.051
4476.86289,12.104,0.049
4480.80411,11.921,0.036
4484.85987,11.994,0.038
4487.83776,12.008,0.044
4491.80457,11.896,0.038
4494.8758,11.689,0.034
4498.82019,12.062,0.037
4501.79523,11.974,0.039
4504.78429,11.805,0.034
4507.76836,11.681,0.04
4510.77573,11.709,0.041
4516.79085,12.099,0.054
4518.80403,11.703,0.035
4522.79798,11.665,0.035
4525.72077,11.73,0.043
4527.77956,11.936,0.041
4530.71432,11.928,0.035
4532.80592,12.058,0.032
4536.70529,11.759,0.032
4538.7479,11.954,0.033
4540.80275,11.862,0.039
4542.74155,12.027,0.035
4546.76123,12.113,0.036
4551.82933,11.972,0.04
4554.65713,11.775,0.036
4558.77623,11.926,0.032
4560.78137,11.693,0.036
4563.627,11.974,0.039
4565.69163,11.74,0.035
4567.68168,12.102,0.034
4569.67882,11.763,0.032
4571.66391,11.927,0.034
4573.679,11.752,0.036
4576.65212,11.73,0.039
4579.78406,11.818,0.033
4583.59635,11.756,0.033
4588.6761,11.658,0.039
4590.75347,11.78,0.037
4595.58618,11.939,0.033
4597.58527,11.715,0.035
4599.61005,11.897,0.039
4601.61271,11.788,0.051
4606.56918,12.049,0.044
4608.57387,11.723,0.033
4610.67501,11.722,0.037
4612.69656,11.973,0.035
4616.70282,12.031,0.037
4618.71026,11.748,0.036
4622.66115,11.773,0.035
4631.53359,11.808,0.031
4633.58318,11.932,0.035
4639.50607,12.074,0.052
4641.5629,11.801,0.037
4643.56623,11.779,0.041
4647.59115,11.815,0.052
4649.61344,12.072,0.047
4651.63852,11.726,0.046
4654.47841,12.056,0.053
4656.49139,11.736,0.039
4659.55609,12.067,0.035
4662.57903,11.789,0.049
4664.58372,11.782,0.038
4667.52966,11.779,0.034
4671.52348,11.772,0.05
4679.55192,11.782,0.037
4682.535,11.846,0.052
4686.49649,11.669,0.044
4691.50971,11.838,0.039
4697.49147,11.743,0.038
4700.48487,11.801,0.035
4702.49451,11.8,0.038
4708.47267,11.705,0.041
4807.84275,12.083,0.035
4815.82905,11.753,0.036
4819.85805,12.06,0.034
4823.83529,11.859,0.037
4827.82634,11.808,0.037
4835.81274,11.692,0.042
4838.8377,12.158,0.037
4842.8058,11.738,0.039
4846.82198,11.738,0.032
4850.78813,11.76,0.032
4853.82955,11.777,0.037
4857.78918,11.712,0.035
4861.78956,11.728,0.039
4865.76319,11.883,0.035
4871.77739,11.782,0.038
4877.82516,11.801,0.037
4889.73421,11.779,0.042
4892.72003,12.087,0.039
4901.73787,11.734,0.047
4907.68601,11.708,0.041
4909.77036,11.695,0.043
4914.71627,11.989,0.039
4916.78531,11.815,0.042
4921.69263,11.977,0.039
4926.68906,11.719,0.037
4932.69483,11.978,0.046
4936.75963,11.807,0.052
4938.82111,12.011,0.046
4946.66747,11.888,0.041
4948.76356,11.897,0.043
4959.61936,11.815,0.047
4966.73206,11.897,0.044
4969.54506,11.763,0.047
4972.63334,11.897,0.037
4974.7421,12.053,0.051
4994.6384,11.799,0.038
5021.62857,11.967,0.048
5024.47444,11.734,0.043
5041.49468,11.996,0.042
