1877.85522,12.414,0.052
1886.8318,12.385,0.048
1888.83287,12.343,0.053
1907.79031,12.381,0.047
1913.84242,12.361,0.046
1918.7773,12.439,0.049
1920.76886,12.349,0.05
1922.76007,12.271,0.044
1924.82056,12.274,0.043
1925.82735,12.352,0.051
1926.8218,12.331,0.043
1928.85953,12.264,0.047
1929.86701,12.269,0.044
1931.75584,12.315,0.046
1933.76544,12.209,0.046
1935.84857,12.229,0.043
1937.80257,12.208,0.046
1939.78717,12.211,0.041
1945.85044,12.129,0.043
1947.78113,12.093,0.046
1949.72852,12.161,0.045
1950.76021,12.124,0.045
1953.76112,12.038,0.046
1954.76567,12,0.046
1958.75685,12.047,0.049
1961.74654,12.032,0.048
1962.78129,11.917,0.058
1963.75188,11.965,0.049
1964.75679,11.952,0.047
1965.74037,12.044,0.047
1966.74904,11.987,0.046
1967.75387,11.928,0.049
1968.73945,11.993,0.049
1971.75155,11.96,0.05
1977.70021,12.057,0.056
1978.73622,11.999,0.059
1979.71251,12.004,0.058
1980.70408,12.071,0.058
1981.72629,12.103,0.053
1982.70402,12.011,0.051
1984.7026,12.168,0.055
1985.69506,12.099,0.057
2025.59309,12.248,0.045
2034.5859,12.156,0.051
2053.56535,12.085,0.052
2055.54732,12.1,0.057
2056.55571,12.102,0.053
2071.5274,12.246,0.054
2083.5511,12.236,0.053
2086.47646,12.202,0.055
2116.46904,11.982,0.049
2125.50192,11.92,0.05
2129.50463,11.991,0.046
2135.50011,12.047,0.052
2142.48114,12.064,0.049
2145.47297,12.094,0.044
2241.85174,12.169,0.055
2249.83486,12.008,0.057
2255.8342,11.996,0.058
2442.48621,11.815,0.038
2445.56331,11.865,0.052
2452.46918,11.784,0.044
2454.515,11.909,0.059
2459.48312,11.854,0.04
2463.46636,11.86,0.039
2465.50126,11.856,0.045
2467.48653,11.824,0.037
2469.482,11.776,0.046
2473.4598,11.712,0.045
2482.49199,11.686,0.049
2491.47912,11.696,0.049
2497.4899,11.747,0.049
2499.50833,11.784,0.048
2502.50138,11.682,0.054
2503.5201,11.642,0.053
2511.5012,11.81,0.056
2521.47515,11.746,0.044
2526.47965,11.718,0.049
2622.84711,11.699,0.042
2625.84117,11.717,0.041
2629.80608,11.71,0.042
2635.80432,11.736,0.045
2638.83659,11.732,0.045
2641.84862,11.837,0.039
2644.84221,11.776,0.043
2649.84763,11.813,0.047
2651.82633,11.864,0.04
2654.8618,11.9,0.041
2658.78782,11.888,0.04
2660.85217,11.925,0.046
2662.81052,11.895,0.04
2664.82703,11.836,0.037
2666.85935,11.866,0.041
2669.81487,11.864,0.04
2672.79516,11.811,0.04
2674.83121,11.834,0.04
2676.79658,11.889,0.039
2678.78292,11.87,0.04
2680.78063,11.867,0.039
2684.75029,11.838,0.039
2686.76102,11.825,0.042
2688.75216,11.939,0.04
2690.75895,11.92,0.041
2692.81607,11.915,0.039
2694.75916,11.991,0.04
2697.73261,11.962,0.045
2701.74429,11.984,0.038
2703.74276,12,0.04
2705.7351,12.022,0.04
2707.73452,12.096,0.041
2709.70055,12.086,0.038
2711.67379,12.048,0.039
2712.81173,12.116,0.042
2714.69089,12.08,0.039
2717.69629,12.037,0.04
2719.85174,12.167,0.041
2721.72703,12.089,0.041
2724.86407,12.089,0.038
2726.7246,12.06,0.046
2728.71302,12.007,0.043
2730.70939,12.004,0.047
2732.82376,12.015,0.047
2736.65997,11.995,0.041
2738.6624,11.956,0.046
2740.68138,11.966,0.044
2742.59383,11.949,0.043
2743.75156,11.983,0.044
2749.81202,12.024,0.045
2751.59677,12.034,0.038
2755.61817,12.088,0.039
2756.75352,12.047,0.039
2757.84036,12.124,0.044
2761.61946,12.088,0.038
2762.72905,12.076,0.044
2763.84345,12.108,0.045
2775.65241,12.114,0.041
2782.6901,12.229,0.041
2784.61351,12.229,0.041
2785.75836,12.229,0.04
2787.70038,12.278,0.042
2790.76388,12.392,0.045
2793.52791,12.289,0.043
2796.52007,12.225,0.047
2808.67604,12.44,0.042
2810.55866,12.353,0.041
2811.71324,12.357,0.043
2813.6438,12.396,0.046
2819.54639,12.363,0.041
2821.57674,12.364,0.046
2826.55403,12.378,0.038
2829.57579,12.211,0.048
2831.59918,12.489,0.041
2833.57115,12.292,0.055
2834.6385,12.381,0.056
2836.55211,12.484,0.039
2839.60808,12.467,0.044
2842.53207,12.368,0.062
2845.52838,12.43,0.036
2853.48162,12.451,0.041
2854.56593,12.421,0.037
2858.56724,12.464,0.04
2862.53789,12.546,0.042
2866.55547,12.487,0.042
2875.50406,12.496,0.044
2877.50283,12.517,0.042
2879.50785,12.621,0.042
2883.48782,12.594,0.039
2885.50676,12.522,0.043
2975.83841,12.481,0.041
2978.85003,12.579,0.042
2982.83503,12.465,0.047
2986.82788,12.522,0.041
2989.84393,12.473,0.041
2996.8412,12.46,0.041
3005.8027,12.464,0.042
3008.82491,12.488,0.04
3012.79769,12.471,0.044
3016.8379,12.563,0.043
3019.82305,12.502,0.046
3025.79491,12.506,0.041
3030.78033,12.476,0.044
3033.80433,12.55,0.04
3036.81666,12.632,0.043
3041.79815,12.511,0.042
3043.82074,12.423,0.04
3047.7597,12.546,0.04
3051.7476,12.462,0.038
3053.82545,12.515,0.042
3056.77653,12.522,0.039
3059.7479,12.472,0.051
3061.80724,12.568,0.039
3064.74493,12.493,0.042
3067.83173,12.378,0.042
3069.79079,12.404,0.042
3071.77895,12.381,0.042
3073.86074,12.485,0.043
3076.70796,12.289,0.041
3078.75964,12.415,0.04
3080.78044,12.411,0.058
3082.85045,12.377,0.046
3089.66963,12.339,0.042
3091.73642,12.315,0.041
3093.71989,12.323,0.042
3097.69728,12.23,0.042
3099.74342,12.321,0.045
3101.77445,12.153,0.044
3103.80577,12.158,0.045
3105.7828,12.2,0.043
3107.78517,12.234,0.042
3109.82413,12.296,0.043
3112.60984,12.269,0.042
3114.67361,12.198,0.043
3116.66874,12.242,0.041
3125.64164,12.306,0.044
3127.65664,12.417,0.045
3129.70164,12.204,0.043
3131.71768,12.272,0.044
3133.72081,12.281,0.042
3144.73268,12.214,0.042
3153.61354,12.247,0.042
3158.67813,12.217,0.046
3160.68038,12.182,0.042
3163.68993,12.188,0.045
3165.69314,12.062,0.042
3168.71351,12.153,0.043
3177.7118,12.158,0.039
3180.61314,12.237,0.042
3183.60719,12.242,0.042
3185.59876,12.36,0.044
3187.62969,12.291,0.042
3219.52181,12.302,0.042
3354.84551,12.188,0.058
3356.85344,12.093,0.043
3358.82836,12.126,0.042
3386.84745,12.229,0.037
3387.83545,12.176,0.04
3390.78818,12.167,0.047
3390.83988,12.041,0.043
3394.83539,12.174,0.033
3397.81425,12.161,0.04
3397.82013,12.105,0.04
3400.81136,12.048,0.036
3400.81328,12.111,0.041
3403.84462,12.159,0.048
3406.79118,12.118,0.05
3409.79527,12.027,0.048
3412.78472,12.098,0.041
3415.76193,11.977,0.041
3418.75276,12.018,0.048
3422.82649,12.007,0.052
3424.80858,11.895,0.044
3426.78932,11.956,0.041
3430.85161,11.921,0.044
3433.72615,11.91,0.05
3436.77709,11.946,0.042
3439.76639,11.856,0.045
3452.67964,11.95,0.036
3454.72939,11.885,0.035
3454.73463,11.915,0.042
3456.74373,12.141,0.043
3458.7356,11.896,0.053
3460.74333,11.869,0.053
3460.75026,11.916,0.043
3463.64957,11.996,0.046
3465.70717,11.976,0.043
3468.68776,11.985,0.044
3470.6993,11.911,0.041
3472.6996,11.889,0.054
3472.73205,11.944,0.039
3474.7438,11.904,0.045
3476.85464,11.935,0.044
3479.66073,11.906,0.051
3481.65663,11.878,0.042
3483.67282,11.852,0.045
3486.79202,11.96,0.049
3489.8015,11.851,0.044
3491.82345,11.783,0.054
3495.63087,11.846,0.032
3497.82824,11.694,0.043
3501.5033,11.724,0.048
3503.59821,11.673,0.044
3506.61354,11.725,0.046
3509.64087,11.714,0.042
3511.68668,11.695,0.042
3515.69137,11.68,0.04
3517.67674,11.709,0.047
3521.6018,11.749,0.043
3525.62516,11.718,0.043
3538.57426,11.825,0.042
3540.61436,11.859,0.049
3547.66061,11.867,0.049
3547.66302,11.903,0.044
3547.66551,11.881,0.044
3547.66877,11.888,0.043
3547.67127,11.839,0.043
3547.67378,11.84,0.044
3547.67627,11.856,0.044
3547.67876,12.012,0.046
3547.68206,12.178,0.044
3547.68456,11.874,0.044
3547.68707,11.871,0.042
3547.68957,11.863,0.043
3547.69206,11.881,0.045
3547.69457,11.907,0.045
3550.60827,11.895,0.053
3552.67274,11.847,0.048
3555.67187,11.917,0.044
3563.55096,11.997,0.052
3569.63381,12.011,0.042
3573.59345,12.014,0.041
3575.60549,12.04,0.043
3578.54974,11.94,0.046
3584.53706,12.027,0.046
3589.48913,11.996,0.048
3593.5482,12.001,0.044
3597.54848,11.986,0.042
3601.5406,11.879,0.048
3604.49626,11.973,0.05
3608.48879,11.867,0.045
3618.48402,11.843,0.049
3622.47883,11.677,0.049
3699.85514,11.875,0.044
3704.84893,11.954,0.039
3708.84891,11.847,0.036
3714.84218,11.751,0.047
3714.84733,11.715,0.049
3719.82912,11.681,0.037
3719.83825,11.692,0.045
3724.83177,11.61,0.051
3727.82935,11.503,0.049
3727.83167,11.602,0.059
3731.84263,11.629,0.049
3731.84838,11.611,0.038
3735.81896,11.618,0.04
3738.85876,11.616,0.045
3739.80285,11.619,0.039
3746.80578,11.795,0.05
3750.80439,11.817,0.049
3750.80739,11.869,0.035
3753.82992,11.8,0.047
3753.83931,11.802,0.039
3756.81604,11.864,0.036
3756.82197,11.791,0.046
3759.83696,11.865,0.041
3762.82895,11.892,0.052
3765.81781,11.9,0.042
3765.81968,11.846,0.051
3769.77289,11.911,0.048
3769.77477,11.955,0.055
3772.80543,11.846,0.055
3772.80726,11.919,0.046
3775.79181,11.904,0.048
3788.80836,11.745,0.045
3791.74996,11.828,0.05
3792.80167,11.852,0.042
3793.80142,11.828,0.045
3795.73364,11.784,0.035
3796.74013,11.809,0.043
3797.86268,11.808,0.033
3798.8027,11.836,0.049
3801.72167,11.873,0.055
3804.71141,11.795,0.048
3806.77858,11.809,0.044
3809.75836,11.906,0.048
3811.79559,11.783,0.044
3814.69069,11.835,0.046
3816.73905,11.836,0.046
3817.74336,11.884,0.036
3818.80349,11.892,0.048
3821.66829,11.955,0.046
3823.71881,11.859,0.044
3825.74234,11.879,0.046
3826.71475,11.866,0.033
3827.80963,11.861,0.043
3830.64629,11.925,0.054
3832.69703,11.889,0.045
3834.68678,11.978,0.045
3836.70369,11.958,0.043
3848.64427,11.979,0.056
3850.66374,12.022,0.054
3852.67043,12.058,0.047
3856.72476,12.081,0.047
3861.56987,12.142,0.042
3863.60537,12.049,0.044
3865.62075,12.066,0.043
3867.66625,12.053,0.046
3869.67717,12.117,0.046
3871.66603,12.078,0.044
3874.7494,12.128,0.044
3882.6152,12.146,0.044
3886.6475,12.202,0.047
3890.62589,12.15,0.041
3892.61612,12.156,0.043
3894.64824,12.243,0.039
3896.65103,12.102,0.037
3897.69679,12.236,0.052
3898.68717,12.155,0.038
3900.52261,12.173,0.043
3902.55999,12.14,0.047
3902.71027,12.231,0.037
3904.57066,12.178,0.05
3906.58523,12.262,0.046
3908.58357,12.201,0.047
3912.68563,12.261,0.044
4090.82245,12.555,0.038
4103.85097,12.532,0.044
4106.82381,12.549,0.045
4106.84393,12.482,0.036
4126.83488,12.471,0.034
4127.82861,12.608,0.042
4129.81826,12.426,0.034
4132.80006,12.452,0.035
4132.8337,12.442,0.04
4135.78497,12.384,0.04
4135.80626,12.453,0.047
4136.82652,12.399,0.042
4139.81402,12.263,0.04
4141.78102,12.432,0.039
4142.80795,12.437,0.041
4144.77596,12.302,0.052
4145.79601,12.425,0.04
4147.75468,12.31,0.044
4149.80619,12.323,0.042
4151.71511,12.333,0.032
4152.77415,12.408,0.037
4153.80656,12.435,0.036
4154.84684,12.358,0.044
4156.73771,12.435,0.036
4156.74367,12.4,0.049
4158.8113,12.419,0.033
4158.81302,12.486,0.046
4160.82301,12.508,0.033
4160.8283,12.415,0.053
4162.77919,12.585,0.049
4162.78689,12.403,0.047
4164.78624,12.447,0.048
4164.79113,12.469,0.047
4167.73811,12.55,0.034
4167.7488,12.457,0.042
4172.79063,12.515,0.039
4175.69323,12.469,0.041
4175.69493,12.474,0.046
4175.72038,12.331,0.044
4177.83248,12.503,0.042
4177.84079,12.489,0.043
4180.71327,12.487,0.037
4182.80923,12.437,0.035
4185.67245,12.524,0.049
4185.75019,12.414,0.045
4187.88955,12.575,0.036
4190.64771,12.459,0.035
4190.74874,12.572,0.043
4191.67885,12.47,0.039
4192.69545,12.541,0.037
4194.73769,12.557,0.035
4194.76589,12.432,0.041
4197.7698,12.578,0.045
4200.68797,12.394,0.034
4200.70308,12.437,0.038
4203.70648,12.439,0.041
4205.69308,12.496,0.035
4205.71201,12.394,0.043
4208.75915,12.427,0.044
4208.77774,12.238,0.046
4213.68319,12.273,0.042
4216.67279,12.251,0.045
4227.61588,12.264,0.038
4228.63402,12.237,0.038
4230.63758,12.281,0.036
4234.63705,12.226,0.037
4235.53612,12.242,0.041
4237.58647,12.261,0.045
4238.69735,12.254,0.042
4246.57005,12.256,0.048
4246.75231,12.302,0.036
4249.56867,12.276,0.043
4253.56966,12.286,0.041
4253.72935,12.299,0.041
4254.72965,12.316,0.043
4257.55553,12.246,0.042
4259.57994,12.311,0.041
4267.60741,12.475,0.044
4269.64044,12.435,0.044
4272.58683,12.403,0.038
4274.6062,12.355,0.039
4277.59589,12.408,0.042
4283.65539,12.421,0.051
4285.64293,12.277,0.045
4289.63897,12.366,0.043
4291.60964,12.412,0.038
4291.64271,12.341,0.04
4293.6331,12.382,0.039
4295.64894,12.521,0.042
4297.60312,12.508,0.035
4297.63956,12.399,0.045
4299.60963,12.383,0.046
4301.56839,12.47,0.048
4303.58181,12.413,0.04
4305.56248,12.277,0.04
4307.58272,12.334,0.047
4310.59472,12.281,0.044
4312.59173,12.385,0.047
4316.55903,12.246,0.042
4330.47854,12.127,0.042
4332.5018,12.082,0.041
4334.52189,12.083,0.041
4338.52795,12.094,0.042
4341.50894,11.994,0.042
4344.49554,12.028,0.044
4346.50338,12.015,0.044
4349.48139,12.071,0.043
4352.48141,12.069,0.039
4356.47879,12.066,0.046
4431.84936,11.988,0.038
4435.84272,11.925,0.037
4436.84684,11.949,0.04
4439.84468,11.872,0.038
4440.85405,11.805,0.046
4443.84196,11.918,0.033
4453.82113,11.921,0.041
4455.84341,11.927,0.045
4457.82,11.992,0.036
4457.82965,12.004,0.048
4461.81116,12.148,0.038
4463.83979,12.075,0.039
4464.82958,12.071,0.038
4467.82159,12.325,0.043
4467.85307,12.041,0.038
4472.83692,12.047,0.053
4476.83273,12.161,0.048
4476.84436,12.107,0.053
4479.82859,12.097,0.037
4480.84674,12.093,0.046
4484.84904,12.083,0.036
4484.8741,12.132,0.039
4487.82446,12.207,0.036
4487.84823,12.157,0.041
4491.80036,12.055,0.039
4494.80356,12.189,0.035
4494.81675,12.109,0.042
4494.8453,12.201,0.038
4498.8157,12.269,0.036
4498.84143,12.235,0.039
4501.79749,12.27,0.035
4504.78656,12.252,0.039
4507.78164,12.245,0.038
4507.78353,12.205,0.046
4510.7786,12.196,0.042
4510.78036,12.197,0.044
4516.79754,12.417,0.052
4517.75341,12.23,0.043
4518.80526,12.2,0.037
4519.78434,12.225,0.043
4520.85677,12.208,0.037
4522.73713,12.148,0.04
4523.73647,12.148,0.033
4524.79415,12.143,0.04
4525.80058,12.125,0.033
4529.72657,12.059,0.041
4529.82753,12.055,0.037
4530.82296,12.048,0.033
4531.78224,12.021,0.04
4532.7541,11.981,0.036
4536.73859,11.973,0.032
4538.77617,11.882,0.032
4540.6958,11.928,0.048
4540.82793,11.95,0.039
4542.73623,11.813,0.042
4546.76813,11.867,0.043
4547.75161,11.826,0.037
4548.75919,11.762,0.046
4551.69688,11.821,0.044
4552.73857,11.802,0.032
4553.72972,11.817,0.042
4554.76634,11.786,0.037
4555.75702,11.81,0.039
4560.64532,11.768,0.041
4562.69779,11.749,0.044
4563.73099,11.832,0.039
4565.77953,11.807,0.034
4566.77199,11.896,0.043
4567.83939,11.68,0.04
4569.61678,11.818,0.04
4571.66571,11.772,0.039
4573.68252,11.877,0.043
4575.69853,11.898,0.043
4577.85195,11.904,0.046
4580.67471,11.898,0.041
4583.59895,11.927,0.035
4583.74997,11.921,0.043
4586.62753,12.02,0.039
4593.56127,12.063,0.043
4595.5999,12.085,0.037
4595.60631,12.03,0.04
4597.59883,12.094,0.038
4599.62175,12.079,0.044
4601.62458,12.115,0.044
4601.63392,12.134,0.045
4603.6527,12.306,0.036
4603.65863,12.245,0.043
4607.65301,12.057,0.034
4607.66503,12.114,0.043
4609.71384,12.332,0.038
4610.55519,12.181,0.046
4611.68,12.144,0.044
4612.60346,12.165,0.051
4616.61407,12.123,0.042
4623.67161,12.106,0.038
4623.6918,12.22,0.045
4626.5455,12.16,0.039
4630.57041,12.093,0.041
4632.60131,12.046,0.041
4639.60634,11.824,0.04
4641.57649,11.81,0.037
4641.63859,11.853,0.043
4643.5799,11.887,0.037
4643.63926,11.796,0.047
4645.58994,11.858,0.043
4645.64882,11.834,0.049
4647.61121,11.87,0.05
4648.53715,11.788,0.042
4649.64103,11.856,0.041
4650.6082,11.847,0.059
4652.62968,11.81,0.043
4654.48237,11.785,0.036
4654.59908,11.915,0.044
4656.58585,11.788,0.046
4658.64841,11.795,0.043
4661.53696,11.76,0.045
4663.6069,11.858,0.051
4666.55269,11.787,0.047
4672.50937,11.857,0.042
4674.57547,11.898,0.045
4678.55751,11.861,0.049
4681.51361,11.916,0.051
4683.5173,11.965,0.049
4685.52298,11.967,0.051
4687.53475,11.903,0.051
4693.52971,11.941,0.049
4697.53222,12.045,0.041
4700.49973,11.997,0.042
4702.50709,11.931,0.043
4704.52004,11.946,0.047
4708.513,11.984,0.046
4711.49318,11.95,0.05
4806.75379,11.907,0.05
4807.83664,11.985,0.038
4809.85564,12.154,0.041
4815.82236,12.112,0.046
4816.84561,12.058,0.042
4819.85528,12.071,0.037
4820.83234,12.038,0.043
4823.82363,12.158,0.033
4824.83459,12.163,0.049
4827.81483,12.279,0.037
4828.83301,12.242,0.047
4831.81358,12.261,0.037
4834.83813,12.136,0.036
4836.82592,12.165,0.048
4838.79952,12.233,0.053
4838.80234,12.171,0.039
4845.84767,12.142,0.046
4845.85052,12.099,0.035
4848.82995,12.111,0.042
4848.83198,12.05,0.044
4851.85507,12.156,0.034
4851.85702,12.138,0.043
4851.85945,12.102,0.039
4855.83242,12.116,0.037
4855.85362,11.998,0.042
4860.88002,12.125,0.042
4861.81446,12.206,0.053
4863.83079,12.152,0.036
4866.82161,11.968,0.035
4867.7867,12.005,0.044
4869.8155,11.986,0.033
4870.7937,11.946,0.043
4872.78067,11.958,0.037
4875.84539,11.977,0.038
4876.8214,11.987,0.043
4879.777,12.066,0.041
4881.74484,12.144,0.037
4881.79608,12.006,0.038
4882.756,12.028,0.044
4884.73356,12.149,0.035
4885.77273,12.108,0.05
4887.78245,12.092,0.049
4888.74321,12.11,0.05
4890.7395,12.131,0.047
4890.77156,12.155,0.05
4891.73304,12.169,0.049
4894.75762,12.199,0.042
4895.80275,12.111,0.05
4899.8133,12.275,0.058
4903.82009,12.273,0.054
4906.69594,12.323,0.053
4908.77865,12.274,0.053
4914.78254,12.317,0.055
4916.82273,12.228,0.043
4917.66902,12.224,0.053
4919.71807,12.297,0.051
4921.8351,12.297,0.053
4926.69957,12.231,0.042
4926.70962,12.326,0.05
4929.75396,12.368,0.059
4932.71286,12.398,0.057
4934.73629,12.442,0.057
4936.77783,12.387,0.057
4938.82281,12.454,0.042
4938.83915,12.446,0.055
4946.68231,12.432,0.052
4948.77515,12.497,0.052
4953.62874,12.27,0.057
4955.63519,12.545,0.059
4962.61138,12.577,0.056
4966.75856,12.587,0.056
4968.78022,12.578,0.045
4968.79371,12.631,0.053
4972.59818,12.562,0.054
4984.59977,12.814,0.052
4988.65355,12.621,0.058
4994.65081,12.757,0.053
5006.63152,12.65,0.059
5014.57739,12.562,0.052
5017.62443,12.444,0.057
5022.49386,12.529,0.053
5023.59741,12.453,0.049
5024.50034,12.442,0.05
5031.55725,12.389,0.051
5037.50835,12.507,0.051
5039.50555,12.445,0.05
5041.51557,12.388,0.049
5048.51915,12.452,0.056
5067.48184,12.565,0.059
5087.47853,12.618,0.054
