1877.85522,9.717,0.081
1886.8318,9.704,0.074
1888.83287,10.161,0.074
1900.81986,9.828,0.053
1907.79031,10.282,0.069
1913.84242,9.786,0.071
1918.7773,9.932,0.072
1920.76886,10.27,0.073
1922.76007,9.781,0.066
1924.82056,10.243,0.061
1925.82735,10.19,0.055
1926.8218,9.713,0.065
1928.85953,10.165,0.068
1929.86701,10.281,0.056
1931.75584,9.826,0.047
1933.76544,10.24,0.064
1935.84857,9.734,0.051
1937.80257,10.178,0.053
1939.78717,9.705,0.05
1945.85044,10.037,0.047
1947.78113,10.226,0.06
1949.72852,9.883,0.047
1950.76021,10.146,0.047
1953.76112,9.781,0.047
1954.76567,10.039,0.045
1954.78998,10.058,0.062
1958.75685,9.93,0.046
1961.74654,9.773,0.046
1962.78129,9.798,0.055
1963.75188,10.044,0.048
1964.75679,10.257,0.047
1965.74037,10.089,0.046
1966.74904,9.706,0.046
1967.75387,9.965,0.046
1968.73945,10.19,0.048
1971.75155,9.828,0.051
1977.70021,10.183,0.056
1978.73622,10.231,0.056
1979.71251,9.661,0.055
1980.70408,9.861,0.054
1981.72629,10.123,0.05
1982.70402,10.226,0.048
1984.7026,9.763,0.054
1985.69506,9.996,0.054
2025.59309,10.064,0.064
2034.5859,10.102,0.072
2040.5934,10.315,0.055
2053.56535,10.316,0.073
2055.54732,9.821,0.077
2056.55571,10.059,0.073
2071.5274,10.275,0.076
2083.5511,10.142,0.076
2086.47646,9.801,0.076
2116.46904,9.862,0.07
2125.50192,9.728,0.077
2129.50463,10.037,0.069
2135.50011,9.9,0.069
2142.48114,10.235,0.074
2145.47297,10.152,0.065
2241.85174,9.936,0.056
2249.83486,9.691,0.053
2255.8342,10.072,0.055
2442.48621,10.249,0.038
2445.56331,10.01,0.067
2452.46918,10.041,0.039
2454.515,10.006,0.065
2459.48312,10.104,0.041
2463.46636,10.09,0.04
2465.50126,10.184,0.039
2467.48653,9.94,0.039
2469.482,10.27,0.043
2473.4598,10.231,0.047
2482.49199,10.239,0.047
2491.47912,10.271,0.048
2497.4899,9.677,0.047
2499.50833,10.107,0.048
2502.50138,9.816,0.047
2503.5201,10.053,0.053
2511.5012,9.858,0.068
2521.47515,10.155,0.063
2526.47965,10.247,0.049
2622.84711,10.054,0.049
2625.84117,9.7,0.052
2629.80608,9.749,0.059
2635.80432,9.998,0.062
2638.83659,9.701,0.059
2641.84862,10.275,0.047
2644.84221,10.023,0.049
2649.84763,10.151,0.055
2651.82633,9.838,0.049
2654.8618,10.246,0.049
2658.78782,10.188,0.046
2660.85217,9.718,0.057
2662.81052,10.085,0.044
2664.82703,10.072,0.041
2666.85935,9.997,0.049
2669.81487,9.693,0.045
2672.79516,10.271,0.042
2674.83121,9.786,0.042
2676.79658,10.216,0.044
2678.78292,9.699,0.046
2680.78063,10.142,0.048
2684.75029,10.039,0.046
2686.76102,10.193,0.052
2688.75216,9.943,0.049
2690.75895,10.309,0.049
2692.81607,9.884,0.041
2694.75916,10.259,0.046
2697.73261,9.995,0.053
2701.74429,9.873,0.045
2703.74276,10.286,0.04
2705.7351,9.758,0.045
2707.73452,10.196,0.047
2709.70055,9.659,0.039
2711.67379,10.143,0.044
2712.81173,10.278,0.048
2714.69089,9.788,0.041
2717.69629,10.191,0.047
2719.85174,9.977,0.058
2721.72703,10.291,0.049
2724.86407,10.1,0.041
2726.7246,10.095,0.057
2728.71302,10.012,0.054
2730.70939,10.293,0.061
2732.82376,9.924,0.047
2736.65997,9.742,0.045
2738.6624,10.358,0.053
2740.68138,9.708,0.056
2742.59383,10.167,0.051
2743.75156,10.293,0.063
2749.81202,9.742,0.065
2751.59677,10.158,0.043
2755.61817,10.082,0.039
2756.75352,10.267,0.041
2757.84036,9.984,0.048
2761.61946,10.286,0.039
2762.72905,9.696,0.054
2763.84345,9.914,0.073
2775.65241,9.851,0.048
2782.6901,10.171,0.055
2784.61351,9.778,0.04
2785.75836,9.891,0.058
2787.70038,10.277,0.054
2790.76388,10.023,0.068
2793.52791,9.741,0.045
2796.52007,10.251,0.058
2808.67604,10.057,0.064
2810.55866,10.206,0.046
2811.71324,9.713,0.059
2813.6438,10.169,0.07
2819.54639,10.133,0.054
2821.57674,9.981,0.064
2826.55403,10.106,0.047
2829.57579,9.777,0.058
2831.59918,10.214,0.045
2833.57115,9.686,0.068
2834.6385,9.891,0.076
2836.55211,10.264,0.044
2839.60808,10.068,0.063
2842.53207,9.66,0.072
2845.52838,10.282,0.039
2853.48162,10.161,0.048
2854.56593,10.262,0.045
2858.56724,10.255,0.054
2862.53789,10.203,0.056
2866.55547,10.137,0.057
2875.50406,10.145,0.064
2877.50283,9.792,0.055
2879.50785,10.085,0.054
2883.48782,9.958,0.05
2885.50676,10.288,0.064
2975.83841,9.821,0.042
2978.85003,10.118,0.055
2982.83503,10.226,0.067
2986.82788,10.239,0.044
2989.84393,10.016,0.044
2996.8412,9.861,0.054
3005.8027,9.798,0.055
3008.82491,10.227,0.043
3012.79769,10.158,0.063
3016.8379,10.098,0.043
3019.82305,9.758,0.066
3025.79491,10.148,0.053
3030.78033,10.194,0.05
3033.80433,9.929,0.043
3036.81666,9.752,0.044
3041.79815,9.703,0.057
3043.82074,10.168,0.046
3047.7597,10.089,0.055
3051.7476,9.988,0.039
3053.82545,10.247,0.054
3056.77653,10.138,0.051
3059.7479,9.818,0.071
3061.80724,10.198,0.041
3064.74493,9.933,0.056
3067.83173,9.732,0.057
3069.79079,10.106,0.058
3071.77895,10.068,0.047
3073.86074,10.019,0.061
3076.70796,9.733,0.054
3078.75964,10.078,0.044
3080.78044,9.997,0.074
3082.85045,10.034,0.068
3089.66963,9.941,0.046
3091.73642,10.049,0.053
3093.71989,10.18,0.055
3097.69728,10.247,0.044
3099.74342,9.826,0.064
3101.77445,10.251,0.061
3103.80577,9.743,0.063
3105.7828,10.193,0.061
3107.78517,9.678,0.058
3109.82413,10.126,0.06
3112.60984,9.726,0.043
3114.67361,10.234,0.057
3116.66874,9.683,0.053
3125.64164,9.687,0.063
3127.65664,10.132,0.056
3129.70164,9.788,0.05
3131.71768,10.064,0.066
3133.72081,10.096,0.045
3144.73268,10.027,0.057
3153.61354,10.019,0.058
3158.67813,10.154,0.07
3160.68038,9.777,0.048
3163.68993,10.234,0.065
3165.69314,9.732,0.06
3168.71351,10.266,0.062
3177.7118,10.219,0.047
3180.61314,10.124,0.045
3183.60719,9.791,0.061
3185.59876,10.215,0.062
3187.62969,9.675,0.062
3219.52181,9.916,0.049
3354.84551,10.126,0.067
3356.85344,9.971,0.041
3358.82836,10.296,0.04
3386.84745,9.688,0.056
3387.83545,9.972,0.046
3390.78818,9.733,0.063
3390.83988,9.702,0.04
3394.83539,10.023,0.047
3394.85601,10.007,0.035
3397.81425,10.162,0.053
3397.85988,10.188,0.045
3400.81136,9.875,0.043
3400.81328,9.897,0.044
3403.84462,9.893,0.072
3406.79118,10.178,0.07
3409.79527,9.934,0.065
3412.78472,9.805,0.057
3415.76193,10.218,0.058
3418.75276,9.945,0.066
3422.82649,9.835,0.068
3424.80858,10.252,0.047
3426.78932,9.728,0.057
3430.85161,9.691,0.045
3433.72615,10.263,0.054
3436.77709,10.04,0.062
3439.76639,9.703,0.067
3449.70717,9.954,0.052
3452.67964,9.786,0.041
3452.70573,9.726,0.041
3454.72939,10.092,0.041
3454.73463,10.079,0.057
3456.74191,10.192,0.039
3456.74373,10.034,0.059
3458.73119,10.017,0.037
3458.7356,9.989,0.048
3460.74333,10.282,0.038
3460.75026,10.267,0.064
3463.64957,10.137,0.067
3465.70717,9.957,0.063
3468.68254,10.191,0.043
3468.68776,10.22,0.064
3470.6993,9.688,0.058
3472.6996,10.131,0.039
3472.73205,10.166,0.043
3474.7438,9.808,0.068
3474.85769,9.72,0.04
3476.85464,10.126,0.057
3479.66073,9.684,0.072
3481.65663,10.167,0.062
3483.67282,9.742,0.068
3486.79202,10.252,0.069
3489.8015,10.006,0.065
3491.82345,10.223,0.073
3495.63087,10.236,0.042
3497.82824,9.789,0.064
3497.83142,9.808,0.038
3501.5033,9.713,0.068
3503.59821,10.114,0.065
3506.61354,9.786,0.052
3509.64087,10.171,0.056
3511.68668,9.964,0.064
3515.69137,9.865,0.047
3517.67674,10.263,0.068
3521.6018,10.192,0.064
3525.62516,10.119,0.064
3538.57426,10.038,0.064
3540.61436,10.177,0.059
3547.66061,10.079,0.055
3550.60827,9.723,0.052
3552.67274,10.144,0.052
3555.67187,9.892,0.047
3563.55096,9.677,0.07
3569.63381,10.08,0.059
3573.59345,9.93,0.055
3575.60549,10.265,0.058
3578.54974,10.071,0.068
3584.53706,10.276,0.065
3589.48913,10.037,0.066
3593.5482,10.245,0.064
3597.54848,10.258,0.062
3601.5406,10.201,0.07
3604.49626,9.899,0.079
3608.48879,9.84,0.068
3618.48402,10.096,0.069
3622.47883,10.003,0.061
3699.85514,10.182,0.061
3704.84893,9.781,0.054
3705.84702,9.817,0.06
3708.84891,10.079,0.051
3714.84218,9.894,0.06
3716.84632,10.253,0.061
3719.82912,10.001,0.057
3719.83825,9.986,0.072
3724.82677,10.118,0.049
3724.83177,10.121,0.071
3727.82935,9.813,0.059
3728.8282,10.069,0.061
3731.84263,9.693,0.071
3731.84838,9.69,0.053
3732.86085,9.951,0.06
3735.81896,9.781,0.052
3736.83818,9.834,0.055
3738.85876,10.216,0.066
3739.80285,10.114,0.052
3740.82194,9.666,0.057
3744.8266,9.683,0.057
3746.80578,10.057,0.077
3748.81884,9.948,0.053
3750.80439,10.009,0.071
3750.80739,10.005,0.053
3752.80788,10.243,0.059
3753.83931,9.693,0.056
3755.83463,10.156,0.055
3756.81604,10.296,0.056
3756.82197,10.272,0.067
3758.82432,9.814,0.051
3759.83696,10.083,0.052
3761.83894,10.24,0.053
3762.82895,9.745,0.075
3765.81781,10.277,0.061
3765.81968,10.287,0.077
3769.77289,10.236,0.062
3769.77477,10.269,0.078
3772.80543,10.003,0.051
3772.80726,10.003,0.067
3775.79181,9.693,0.068
3775.80774,9.707,0.056
3778.76637,10.242,0.054
3788.80836,9.866,0.066
3790.74932,10.064,0.063
3791.74996,10.186,0.071
3792.80167,10.149,0.059
3793.80142,9.696,0.068
3795.73364,10.145,0.049
3795.83771,10.174,0.043
3796.74013,10.286,0.061
3797.86268,9.711,0.049
3798.8027,9.853,0.073
3800.71821,10.213,0.063
3801.72167,10.125,0.079
3803.70923,9.943,0.065
3804.71141,10.182,0.072
3806.77858,9.692,0.066
3808.74752,10.148,0.057
3809.75836,10.262,0.07
3810.8165,9.899,0.053
3811.79559,9.783,0.065
3814.69069,10.243,0.068
3816.73905,9.935,0.067
3817.74336,10.12,0.051
3818.80349,10.304,0.072
3819.78036,9.85,0.07
3821.66829,10.048,0.071
3822.66015,10.231,0.049
3823.71881,10.213,0.072
3824.72079,9.688,0.053
3825.74234,10.276,0.073
3826.71475,10.145,0.053
3827.80963,10.265,0.063
3830.64629,10.31,0.077
3832.69703,10.137,0.066
3834.68678,9.995,0.066
3836.70369,10.306,0.068
3848.64427,10.101,0.085
3850.66374,9.917,0.07
3852.67043,10.042,0.068
3853.70682,10.215,0.045
3856.72476,9.977,0.071
3861.56987,10.053,0.06
3863.60537,10.179,0.063
3865.62075,9.95,0.065
3867.66625,10.285,0.069
3869.67717,9.851,0.074
3871.66603,10.256,0.066
3874.7494,10.042,0.065
3881.62325,9.923,0.047
3882.6152,9.783,0.066
3886.6475,9.707,0.066
3887.65072,9.943,0.047
3889.65015,10.313,0.046
3889.69553,10.323,0.059
3890.62589,9.818,0.06
3892.61612,10.07,0.059
3894.64824,10.121,0.051
3896.65103,9.995,0.049
3896.66006,9.961,0.049
3897.69679,10.19,0.077
3898.68717,10.38,0.054
3900.52261,9.864,0.065
3900.69483,9.866,0.053
3902.55999,10.24,0.067
3902.71027,10.27,0.052
3904.57066,9.729,0.068
3906.58523,10.217,0.065
3908.58357,9.681,0.066
3912.68563,9.831,0.067
4090.82245,9.843,0.04
4103.85097,9.787,0.045
4106.82381,10.201,0.046
4106.84393,10.209,0.043
4126.83488,9.997,0.036
4127.82861,10.18,0.033
4129.81826,9.668,0.037
4132.80006,10.281,0.038
4133.84704,9.859,0.05
4135.78497,9.947,0.041
4135.80626,10.044,0.049
4136.82652,10.226,0.047
4139.81402,9.941,0.036
4141.78102,10.264,0.042
4142.80795,9.784,0.036
4144.77596,10.039,0.065
4145.79601,10.212,0.039
4147.75468,9.7,0.052
4149.80619,10.181,0.043
4151.71511,9.78,0.035
4152.77415,9.836,0.035
4153.80656,10.14,0.038
4154.84684,10.236,0.042
4156.73771,9.73,0.038
4156.74367,9.76,0.047
4158.8113,10.194,0.038
4158.81302,10.191,0.048
4160.75337,9.682,0.033
4160.82301,9.702,0.035
4162.77919,10.096,0.047
4162.78689,10.092,0.057
4162.81428,10.184,0.055
4164.78624,9.911,0.056
4164.79113,9.908,0.055
4164.82071,9.8,0.052
4167.73811,10.201,0.04
4167.7488,10.202,0.04
4172.79063,10.303,0.04
4172.80999,10.277,0.037
4175.69323,10.076,0.048
4175.72038,10.038,0.045
4177.83248,10.092,0.044
4180.71327,10.157,0.045
4180.79231,10.176,0.048
4182.80923,9.716,0.039
4183.70029,9.869,0.039
4185.75019,10.3,0.04
4187.88955,9.775,0.041
4188.8908,10.084,0.041
4190.64771,10.231,0.037
4190.74874,10.276,0.046
4191.67885,9.691,0.038
4192.69545,9.882,0.038
4193.72106,10.186,0.039
4194.73769,10.293,0.039
4194.76589,10.26,0.046
4196.77629,9.753,0.053
4197.7698,10.038,0.051
4200.68797,9.669,0.035
4200.70308,9.673,0.04
4203.68837,10.237,0.036
4203.70648,10.28,0.042
4204.73852,9.804,0.036
4205.69308,9.827,0.041
4205.71201,9.845,0.046
4208.75915,10.122,0.056
4208.77774,10.077,0.053
4213.68319,9.726,0.048
4216.67279,10.236,0.046
4228.63402,10.037,0.035
4228.66722,10.039,0.031
4230.63758,10.231,0.038
4230.66567,10.22,0.034
4232.63521,9.897,0.041
4234.63705,10.26,0.047
4234.66194,10.281,0.035
4235.53612,9.933,0.042
4237.58647,10.004,0.053
4238.69735,10.18,0.045
4238.73207,10.217,0.041
4245.56568,9.894,0.067
4246.57005,10.048,0.05
4246.68397,10.091,0.031
4246.75231,10.107,0.036
4249.56867,9.716,0.047
4250.50689,9.966,0.037
4253.56966,9.712,0.043
4253.72935,9.676,0.044
4253.73237,9.668,0.04
4256.57037,10.245,0.037
4257.55553,9.979,0.05
4258.59199,9.777,0.036
4259.57994,10.003,0.044
4267.60741,9.782,0.05
4268.67321,10.215,0.059
4269.64044,10.228,0.049
4272.58683,9.959,0.04
4274.6062,10.246,0.04
4277.59589,10.082,0.044
4283.65539,10.244,0.055
4285.60109,9.919,0.041
4285.64293,9.923,0.049
4289.60594,9.777,0.037
4289.63897,9.773,0.045
4291.60964,10.205,0.034
4293.59999,9.677,0.034
4293.6331,9.693,0.041
4295.60694,10.149,0.035
4295.64894,10.149,0.044
4297.60312,9.837,0.043
4297.63956,9.786,0.054
4299.60963,10.046,0.048
4301.56839,10.167,0.052
4303.56918,9.944,0.034
4303.58181,9.948,0.041
4305.56248,10.253,0.042
4307.58272,9.864,0.048
4310.58818,10.062,0.038
4310.59472,10.053,0.047
4312.59173,9.991,0.054
4316.55903,9.865,0.047
4330.47854,10.026,0.044
4332.5018,10.198,0.043
4334.52189,9.946,0.043
4338.52795,9.828,0.044
4341.50894,10.073,0.047
4344.49554,10.18,0.047
4346.50338,9.677,0.048
4349.48139,10.244,0.048
4352.48141,10.012,0.042
4356.47879,9.897,0.047
4431.84936,9.957,0.043
4435.84272,9.858,0.041
4436.84684,10.046,0.043
4439.84468,9.733,0.043
4440.85405,9.98,0.045
4443.84196,9.698,0.038
4453.82113,9.897,0.042
4455.84341,10.269,0.043
4457.82,9.793,0.044
4461.81116,9.716,0.044
4463.83979,10.178,0.036
4464.82958,10.259,0.039
4467.82159,10.114,0.044
4467.85307,10.104,0.042
4471.81719,10.03,0.046
4471.84152,9.962,0.052
4472.83692,10.157,0.069
4476.83273,10.13,0.062
4476.84436,10.082,0.059
4477.85368,10.262,0.04
4479.82859,9.789,0.043
4480.84674,10.006,0.051
4484.84904,9.936,0.04
4484.8741,9.939,0.037
4487.82446,9.855,0.039
4487.84823,9.799,0.039
4491.80036,10.192,0.046
4494.80356,10.167,0.036
4494.81675,10.149,0.045
4494.8453,10.16,0.034
4498.8157,10.107,0.036
4498.84143,10.059,0.035
4501.79749,9.709,0.038
4501.83763,9.723,0.036
4504.78656,10.26,0.046
4504.82238,10.236,0.032
4507.78164,10.121,0.043
4507.78353,10.119,0.05
4507.80892,10.08,0.042
4510.7786,9.772,0.044
4510.80302,9.786,0.045
4516.79754,10.093,0.065
4517.75341,10.344,0.05
4517.78935,10.212,0.042
4518.80526,9.815,0.045
4519.78434,9.815,0.048
4519.81977,9.816,0.04
4520.85677,10.08,0.044
4522.73713,10.17,0.042
4522.7685,10.185,0.033
4523.73647,9.694,0.034
4524.79415,9.951,0.043
4525.80058,10.16,0.035
4527.76181,9.77,0.041
4529.82753,10.082,0.031
4530.82296,10.269,0.034
4531.78224,10.063,0.042
4532.7541,9.696,0.033
4535.84052,10.231,0.035
4536.73859,9.704,0.033
4538.72517,10.057,0.04
4538.77617,10.112,0.035
4540.6958,10.029,0.059
4540.78487,9.947,0.041
4540.82793,9.895,0.042
4542.73623,10.052,0.051
4545.76224,9.609,0.059
4546.76813,9.926,0.05
4547.75161,10.164,0.046
4547.76918,10.171,0.042
4548.75919,10.275,0.052
4550.69615,9.782,0.039
4551.69688,10.06,0.047
4552.73857,10.188,0.035
4552.75642,10.177,0.032
4553.72972,10.202,0.045
4554.76634,9.692,0.044
4554.77796,9.7,0.045
4560.64532,10.064,0.042
4562.69779,10.118,0.045
4563.73099,9.718,0.038
4563.7661,9.736,0.033
4565.77953,10.205,0.035
4566.77199,10.237,0.044
4567.83939,9.691,0.041
4569.61678,10.099,0.045
4570.70808,10.218,0.035
4571.66571,10.023,0.046
4572.64621,9.757,0.042
4573.68252,10.014,0.047
4574.66648,10.213,0.045
4575.69853,10.227,0.048
4576.69484,9.661,0.05
4577.85195,9.992,0.056
4580.67471,9.898,0.045
4583.59895,10.184,0.038
4583.74997,10.219,0.046
4586.62753,9.916,0.04
4586.65619,9.916,0.034
4588.67792,10.256,0.042
4590.75549,9.877,0.046
4592.84219,10.233,0.037
4593.56127,10.149,0.046
4594.76865,9.752,0.031
4595.5999,9.96,0.035
4595.60631,9.966,0.042
4596.80098,10.18,0.033
4597.58981,10.261,0.034
4597.59883,10.261,0.041
4599.62175,9.853,0.048
4601.62458,10.267,0.04
4601.63392,10.264,0.046
4603.6527,9.754,0.041
4603.65863,9.738,0.05
4607.64822,9.686,0.039
4607.65301,9.672,0.039
4609.70904,10.159,0.035
4609.71384,10.147,0.04
4610.55519,10.291,0.045
4611.67247,9.846,0.035
4611.68,9.899,0.043
4612.60346,9.723,0.058
4615.7917,10.089,0.038
4616.54639,9.679,0.035
4616.61407,9.691,0.042
4617.68381,9.933,0.033
4623.63407,10.22,0.035
4623.67161,10.227,0.04
4626.5455,9.961,0.043
4630.57041,9.85,0.044
4632.59317,10.243,0.041
4632.60131,10.259,0.046
4639.60634,9.899,0.043
4640.67975,10.14,0.042
4641.57649,10.287,0.039
4641.63859,10.242,0.046
4642.65701,9.845,0.035
4643.5799,9.799,0.04
4643.63926,9.862,0.049
4644.67735,10.042,0.041
4645.58994,10.246,0.042
4645.64882,10.235,0.051
4646.67901,10.16,0.051
4647.61121,9.664,0.046
4648.53715,9.931,0.045
4649.55795,10.136,0.043
4649.64103,10.166,0.047
4650.6082,10.227,0.078
4651.59707,9.812,0.052
4652.62968,9.847,0.045
4653.61212,10.065,0.032
4654.48237,10.203,0.043
4654.59908,10.241,0.047
4655.55653,10.155,0.04
4656.58585,9.718,0.05
4658.64841,10.126,0.058
4661.53696,9.84,0.049
4663.56514,10.23,0.049
4663.6069,10.239,0.057
4664.64972,9.968,0.043
4666.54016,9.989,0.039
4666.55269,10.032,0.048
4672.50937,10.24,0.046
4674.57547,9.786,0.047
4678.55751,9.689,0.056
4681.51361,10.284,0.052
4683.5173,9.818,0.054
4685.52298,10.233,0.053
4687.53475,9.715,0.049
4693.52971,10.085,0.06
4697.53222,10.006,0.044
4700.49973,9.674,0.045
4702.50709,10.105,0.048
4704.52004,9.914,0.052
4708.513,10.198,0.051
4711.49318,10.099,0.051
4800.85484,10.219,0.052
4806.75379,9.712,0.051
4807.83664,9.918,0.047
4809.85564,10.289,0.045
4815.82236,9.741,0.049
4816.84561,9.942,0.042
4819.85528,9.727,0.048
4820.83234,9.867,0.043
4823.82363,10.039,0.037
4824.83459,9.722,0.044
4827.81483,10.216,0.042
4828.83301,9.695,0.042
4831.81358,10.262,0.042
4834.83813,10.086,0.041
4836.82592,10.196,0.046
4838.80234,9.926,0.042
4845.85052,10.098,0.042
4848.81036,10.171,0.046
4848.82995,10.152,0.043
4848.83198,10.197,0.047
4851.85507,9.894,0.039
4851.85945,9.916,0.038
4855.83242,9.765,0.041
4855.85362,9.771,0.045
4860.88002,9.911,0.047
4861.81446,10.142,0.06
4863.83079,9.879,0.041
4865.79366,10.061,0.051
4866.82161,10.241,0.041
4867.7867,10.221,0.05
4868.82371,9.331,0.041
4869.8155,9.941,0.037
4870.7937,10.148,0.046
4871.81187,10.268,0.049
4872.78067,9.784,0.044
4875.82044,10.175,0.039
4875.84539,10.262,0.045
4876.8214,10.077,0.048
4879.777,10.17,0.045
4881.74484,9.709,0.04
4881.79608,9.689,0.036
4884.73356,10.288,0.041
4884.78591,10.251,0.036
4885.77273,10.013,0.06
4887.78245,10.023,0.066
4888.74321,10.175,0.061
4890.7395,9.673,0.059
4890.77156,9.64,0.056
4891.73304,9.904,0.06
4894.75762,9.881,0.053
4894.80609,9.844,0.049
4895.80275,9.782,0.065
4899.8133,9.689,0.073
4903.82009,9.75,0.07
4905.73041,10.087,0.06
4905.73267,10.059,0.06
4906.69594,10.219,0.066
4908.6849,9.726,0.058
4908.77865,9.739,0.066
4914.78254,10.112,0.067
4916.82273,9.963,0.057
4917.66902,9.747,0.065
4919.71807,10.212,0.063
4921.8351,9.678,0.066
4926.69957,9.794,0.055
4926.70962,9.784,0.064
4929.75396,10.214,0.074
4932.71286,10.398,0.075
4934.73629,9.778,0.08
4936.77783,10.112,0.072
4938.82281,10.035,0.058
4938.83915,10.041,0.068
4939.85822,9.576,0.055
4946.68231,10.252,0.064
4948.77515,9.772,0.065
4953.62874,9.889,0.08
4955.63519,10.254,0.08
4962.61138,9.982,0.072
4966.75856,9.837,0.072
4966.76177,9.803,0.059
4968.78022,10.247,0.058
4968.79371,10.272,0.068
4972.59818,10.214,0.075
4984.59977,9.878,0.065
4988.65355,9.769,0.079
4994.65081,10.161,0.067
5006.63152,9.842,0.071
5014.57739,9.69,0.068
5017.62443,10.277,0.079
5021.5979,10.232,0.06
5022.49386,10.271,0.071
5023.59741,9.67,0.059
5024.50034,9.909,0.065
5031.55725,10.147,0.062
5037.50835,9.832,0.06
5039.50555,10.232,0.065
5041.51557,9.704,0.06
5048.51915,10.254,0.067
5067.48184,9.761,0.075
5087.47853,10.116,0.072
