1878.84127,10.873,0.035
1884.84797,10.88,0.037
1887.84613,10.843,0.047
1888.8351,10.807,0.038
1900.78784,10.862,0.036
1900.81533,10.867,0.044
1903.79735,10.885,0.036
1903.81966,10.854,0.046
1905.79432,10.875,0.038
1905.83073,10.86,0.045
1907.79302,10.874,0.034
1907.82728,10.896,0.038
1913.83837,10.923,0.034
1913.86273,10.898,0.047
1915.80137,10.924,0.034
1915.83033,10.928,0.042
1918.77332,10.946,0.036
1920.76734,10.986,0.037
1920.80106,11.019,0.048
1921.86945,10.98,0.032
1922.79506,11.014,0.042
1924.81676,11.025,0.033
1924.8367,11.009,0.039
1925.8189,11.018,0.037
1925.8552,11.071,0.037
1926.82039,11.047,0.034
1926.84938,11.046,0.037
1928.85587,11.071,0.032
1928.88317,11.086,0.038
1929.85648,11.082,0.031
1930.78611,11.146,0.034
1931.75453,11.147,0.033
1932.76754,11.145,0.038
1933.76416,11.166,0.032
1936.78692,11.144,0.034
1937.78639,11.136,0.033
1938.78548,11.146,0.036
1939.76555,11.149,0.031
1940.78276,11.128,0.034
1945.85543,11.141,0.032
1945.87942,11.177,0.034
1947.77229,11.164,0.033
1947.80796,11.165,0.036
1949.77727,11.163,0.043
1950.74746,11.177,0.037
1950.83644,11.143,0.042
1953.75331,11.147,0.035
1954.77766,11.145,0.03
1955.76717,11.106,0.032
1955.78692,11.138,0.032
1958.75139,11.114,0.034
1958.77346,11.104,0.038
1961.74336,11.126,0.036
1961.76538,11.117,0.036
1962.77091,11.063,0.044
1962.82692,11.092,0.039
1963.75793,11.082,0.038
1964.74894,11.113,0.033
1964.78974,11.094,0.034
1965.73723,11.052,0.034
1966.7414,11.101,0.034
1966.76121,11.135,0.036
1967.7485,11.136,0.037
1967.79184,11.161,0.037
1968.72933,11.199,0.036
1968.77221,11.191,0.038
1971.74621,11.237,0.047
1971.79026,11.262,0.04
1976.79886,11.231,0.044
1977.72449,11.308,0.047
1978.72861,11.287,0.049
1978.7787,11.278,0.043
1979.70471,11.307,0.047
1980.70099,11.209,0.045
1981.7254,11.265,0.043
1981.73409,11.233,0.046
1982.69868,11.219,0.041
1982.72765,11.266,0.038
1984.6972,11.283,0.037
1984.71725,11.205,0.045
1984.84945,11.218,0.04
1985.69866,11.171,0.041
1985.73036,11.201,0.041
1993.7082,11.13,0.045
1993.73732,11.09,0.047
1994.6803,11.061,0.042
1994.71242,11.043,0.044
1995.71209,11.132,0.043
1995.75405,11.065,0.044
1996.67482,11.111,0.045
1996.70205,11.097,0.048
1997.66796,11.065,0.044
1998.66647,11.085,0.049
2011.62842,11.082,0.05
2025.58506,10.758,0.034
2025.61235,10.81,0.055
2026.60471,10.807,0.037
2030.58077,10.789,0.039
2031.60513,10.831,0.038
2032.58996,10.833,0.039
2033.58454,10.856,0.037
2034.57998,10.855,0.036
2037.60544,10.902,0.041
2037.61707,10.891,0.057
2038.59958,10.908,0.04
2038.62256,10.871,0.055
2040.59174,10.906,0.043
2052.52648,10.84,0.042
2052.55166,10.86,0.056
2053.55412,10.871,0.041
2053.58224,10.897,0.046
2054.56612,10.873,0.043
2055.53861,10.863,0.041
2056.54475,10.862,0.04
2057.54084,10.826,0.04
2057.55945,10.849,0.05
2058.54168,10.842,0.04
2062.53433,10.906,0.047
2064.52648,10.843,0.041
2067.50424,10.828,0.04
2067.53279,10.87,0.049
2068.53009,10.921,0.039
2070.48657,10.898,0.037
2078.47758,10.86,0.04
2081.47715,10.831,0.037
2081.50814,10.854,0.051
2083.55303,10.835,0.036
2086.46876,10.816,0.04
2086.49035,10.826,0.049
2088.49323,10.825,0.038
2093.45822,10.844,0.037
2093.47247,10.835,0.052
2103.45852,10.85,0.048
2103.48117,10.862,0.033
2105.50963,10.857,0.037
2116.46428,10.906,0.043
2116.47252,10.882,0.035
2125.49921,10.826,0.047
2125.52593,10.86,0.038
2129.50183,10.83,0.046
2129.52632,10.826,0.036
2133.48194,10.8,0.035
2142.47353,10.863,0.04
2143.46632,10.896,0.04
2240.85555,11.106,0.049
2243.83862,11.067,0.047
2249.84861,11.05,0.042
2251.8484,11.083,0.04
2255.86109,11.069,0.047
2257.85107,11.107,0.045
2442.4838,10.815,0.03
2446.59315,10.853,0.034
2452.46649,10.905,0.033
2454.49255,10.935,0.032
2459.48483,10.961,0.031
2463.47021,10.971,0.032
2465.50962,10.997,0.039
2467.49481,10.995,0.032
2469.49957,11,0.04
2473.46803,11.026,0.039
2482.51155,10.984,0.043
2491.52948,11.113,0.046
2501.48037,11.252,0.04
2623.84143,10.886,0.036
2625.83904,10.855,0.032
2635.80944,10.868,0.037
2638.84164,10.86,0.035
2639.82512,10.873,0.034
2642.85473,10.887,0.032
2645.81767,10.847,0.032
2645.86404,10.872,0.036
2650.78348,10.876,0.032
2652.8184,10.868,0.033
2654.86031,10.76,0.031
2655.84373,10.805,0.033
2658.78641,10.774,0.031
2658.82249,10.755,0.031
2660.85079,10.777,0.038
2661.80235,10.757,0.035
2662.80207,10.782,0.03
2664.82101,10.812,0.031
2665.85688,10.805,0.037
2666.85582,10.83,0.04
2669.80913,10.81,0.031
2671.8147,10.868,0.031
2672.78457,10.894,0.034
2674.81093,10.873,0.037
2674.83006,10.887,0.031
2676.78845,10.892,0.03
2677.76509,10.905,0.035
2678.77954,10.888,0.031
2680.77506,10.882,0.034
2681.77622,10.91,0.031
2683.78111,10.832,0.032
2684.74474,10.838,0.032
2685.76707,10.848,0.033
2686.75771,10.841,0.032
2688.74891,10.838,0.033
2689.77431,10.86,0.039
2690.7625,10.793,0.033
2691.76966,10.802,0.041
2692.81962,10.828,0.032
2693.84457,10.816,0.034
2694.75135,10.82,0.031
2695.79358,10.802,0.034
2696.81138,10.823,0.031
2698.75757,10.824,0.031
2698.83055,10.835,0.035
2700.81468,10.813,0.036
2700.82194,10.818,0.031
2704.78571,10.903,0.03
2704.78988,10.9,0.035
2706.75087,10.897,0.031
2706.77585,10.921,0.039
2712.71224,11.017,0.031
2712.73483,11.036,0.035
2714.68773,11.082,0.029
2714.7195,11.032,0.031
2717.69087,11.053,0.038
2717.71811,11.091,0.033
2720.66652,11.083,0.033
2721.71242,11.073,0.032
2721.84437,11.207,0.053
2722.84515,11.108,0.034
2725.71148,11.105,0.032
2727.72197,11.128,0.03
2727.73332,11.192,0.032
2731.81111,11.177,0.032
2733.83322,11.213,0.032
2733.85288,11.213,0.037
2735.71211,11.235,0.03
2735.71906,11.275,0.031
2736.81327,11.278,0.032
2736.83341,11.268,0.037
2738.67951,11.293,0.034
2740.66891,11.323,0.031
2742.58811,11.434,0.033
2742.6192,11.411,0.032
2743.73358,11.362,0.034
2743.77407,11.48,0.037
2745.69478,11.449,0.041
2749.82971,11.452,0.034
2751.59552,11.431,0.029
2751.61022,11.495,0.037
2752.80424,11.432,0.031
2755.62849,11.401,0.03
2756.7522,11.367,0.03
2760.56803,11.522,0.035
2760.6568,11.346,0.035
2761.80341,11.35,0.039
2761.81735,11.358,0.038
2763.62864,11.292,0.031
2764.7177,11.342,0.03
2764.72482,11.334,0.034
2766.71276,11.335,0.033
2766.7316,11.296,0.038
2775.71276,11.679,0.031
2775.71548,11.065,0.032
2782.76091,10.978,0.035
2784.65029,10.956,0.033
2786.61388,10.993,0.035
2790.51302,10.987,0.033
2791.71283,10.94,0.034
2794.55743,10.952,0.031
2797.53849,10.952,0.039
2804.58056,10.957,0.038
2809.5782,10.916,0.038
2810.68071,10.918,0.032
2812.57739,10.931,0.031
2819.60642,10.922,0.031
2819.60941,10.949,0.031
2821.61269,10.927,0.034
2826.59349,10.92,0.03
2826.5965,10.961,0.029
2831.60784,10.891,0.031
2838.55788,10.822,0.03
2843.55281,10.863,0.039
2853.50504,10.98,0.031
2855.53612,11.017,0.03
2861.52779,10.972,0.032
2863.5344,10.911,0.035
2872.52555,10.789,0.032
2876.49646,10.795,0.032
2878.49754,10.798,0.045
2882.49295,10.763,0.051
2975.84347,10.999,0.033
2976.85237,11.035,0.034
2979.82851,11.091,0.032
2983.83517,11.154,0.044
2984.84908,11.134,0.04
2987.83242,11.142,0.031
2988.84805,11.147,0.038
2990.83691,11.102,0.033
2992.83978,11.181,0.036
2994.81821,11.167,0.031
2996.83596,11.194,0.034
2997.84442,11.204,0.032
3005.80572,11.36,0.032
3006.83008,11.514,0.045
3008.82788,11.236,0.032
3012.80348,11.349,0.034
3012.84342,11.295,0.036
3016.84347,11.215,0.03
3016.8599,11.269,0.035
3019.82867,11.217,0.038
3019.84276,11.119,0.043
3025.80606,11.065,0.031
3025.82846,11.106,0.035
3030.77624,11.105,0.032
3030.8169,11.135,0.037
3036.8023,11.217,0.032
3043.81948,11.152,0.034
3051.73363,11,0.032
3051.78138,11.011,0.033
3056.77009,10.972,0.03
3057.77272,10.965,0.037
3061.74956,11,0.031
3064.73854,11.025,0.037
3067.77879,11.095,0.032
3069.78443,11.15,0.033
3070.80521,11.113,0.033
3071.77523,11.102,0.033
3073.85473,11.136,0.034
3076.70676,11,0.031
3078.75036,11.013,0.034
3080.71892,10.91,0.057
3080.77119,10.972,0.05
3082.83063,10.869,0.031
3086.7578,10.803,0.035
3086.805,10.821,0.032
3089.65752,10.963,0.035
3090.80859,10.855,0.039
3091.71707,10.832,0.039
3092.773,10.925,0.032
3093.71062,10.861,0.033
3097.69346,10.929,0.032
3098.72648,10.987,0.034
3099.73959,10.971,0.035
3101.7683,10.989,0.035
3103.7941,10.949,0.036
3105.77888,10.965,0.034
3107.78118,10.936,0.034
3109.79164,10.917,0.031
3112.60585,10.89,0.03
3113.68793,10.856,0.029
3114.66958,10.802,0.029
3121.69453,10.858,0.032
3125.6768,10.858,0.033
3127.67894,10.874,0.039
3129.72106,10.841,0.035
3131.74233,10.897,0.035
3133.74533,10.866,0.033
3145.56189,10.823,0.03
3153.6984,10.834,0.03
3156.57218,10.83,0.033
3158.72037,10.831,0.036
3160.73077,10.861,0.049
3164.50846,10.844,0.029
3167.52229,10.819,0.031
3169.56358,10.842,0.036
3176.4767,10.813,0.031
3178.59997,10.836,0.032
3182.55085,10.848,0.035
3184.55963,10.837,0.035
3186.62815,10.822,0.035
3189.6454,10.844,0.038
3219.5446,10.727,0.034
3356.85049,11.023,0.045
3357.85444,11.052,0.038
3363.84665,10.968,0.043
3387.85098,10.779,0.04
3391.80568,10.799,0.034
3394.83831,10.773,0.032
3394.85888,10.814,0.046
3395.83032,10.832,0.041
3397.81223,10.822,0.034
3398.82834,10.809,0.042
3400.83057,10.828,0.044
3403.81915,10.81,0.047
3404.83255,10.854,0.043
3406.7848,10.856,0.04
3407.81696,10.829,0.043
3409.78608,10.813,0.039
3410.83854,10.822,0.044
3412.77823,10.844,0.046
3413.80489,10.855,0.047
3416.79459,10.835,0.044
3417.75735,10.876,0.036
3419.78325,10.882,0.045
3422.77554,10.86,0.046
3424.80138,10.806,0.045
3424.84055,10.815,0.045
3426.81089,10.825,0.035
3430.84806,10.743,0.035
3431.75355,10.721,0.042
3433.71633,10.721,0.037
3433.80638,10.665,0.045
3436.76793,10.696,0.034
3438.76128,10.737,0.039
3439.75722,10.829,0.041
3442.76,10.806,0.039
3443.70585,10.822,0.033
3444.77503,10.865,0.038
3445.7463,10.862,0.039
3446.78913,10.832,0.045
3447.763,10.827,0.035
3450.78039,10.831,0.034
3453.67521,10.859,0.048
3454.72756,10.86,0.034
3456.73999,10.87,0.033
3457.73985,10.881,0.039
3458.72931,10.859,0.033
3459.74662,10.87,0.038
3460.74149,10.838,0.035
3463.63708,10.85,0.034
3464.66605,10.874,0.033
3466.72564,10.859,0.038
3468.68553,10.836,0.033
3469.71369,11.095,0.03
3470.69419,10.804,0.032
3471.71607,10.814,0.036
3472.70255,10.816,0.033
3473.74824,10.846,0.029
3477.60684,10.804,0.045
3478.62635,10.845,0.045
3479.65847,10.809,0.043
3480.67879,10.863,0.045
3481.65104,10.837,0.034
3483.67048,10.83,0.04
3484.71731,10.871,0.047
3486.79048,10.792,0.039
3489.79381,10.85,0.042
3491.81489,10.895,0.035
3496.78205,10.899,0.031
3499.56417,10.861,0.035
3500.58762,10.973,0.037
3501.60094,10.936,0.031
3502.62489,10.984,0.042
3503.65368,10.974,0.034
3504.62231,11.021,0.043
3506.67042,11.052,0.042
3511.70065,11.069,0.033
3512.64411,11.091,0.038
3515.7161,11.064,0.034
3516.6457,11.087,0.032
3517.70484,11.047,0.034
3522.50721,11.039,0.051
3524.55627,11.071,0.044
3526.57935,11.094,0.041
3530.59737,11.094,0.043
3538.61615,11.153,0.031
3540.63297,11.122,0.036
3540.63923,11.154,0.043
3543.60191,11.207,0.039
3543.60812,11.162,0.035
3550.63747,11.221,0.036
3550.64071,11.243,0.041
3553.65218,11.304,0.039
3555.68568,11.306,0.039
3556.55914,11.355,0.031
3559.57481,11.302,0.044
3561.55737,11.243,0.046
3561.594,11.255,0.037
3563.58805,11.21,0.033
3570.5714,11.065,0.034
3574.55276,11.015,0.031
3574.55598,11.003,0.035
3576.5805,10.99,0.034
3578.58971,10.985,0.034
3584.56057,11.018,0.036
3587.50467,10.997,0.035
3589.53127,10.99,0.036
3592.4893,10.973,0.039
3594.53889,10.969,0.042
3602.52474,10.886,0.037
3606.48676,10.958,0.043
3619.4741,10.982,0.042
3708.85148,10.815,0.036
3714.85284,10.865,0.04
3722.8465,10.89,0.044
3724.82935,10.976,0.035
3726.83174,10.919,0.045
3727.83455,10.95,0.038
3731.85546,10.912,0.042
3732.85132,10.862,0.034
3733.83788,10.877,0.045
3735.82627,10.824,0.038
3736.83006,10.809,0.033
3736.84689,10.859,0.039
3739.8056,10.79,0.035
3740.83332,10.8,0.044
3744.82462,10.79,0.035
3744.83476,10.776,0.041
3746.84719,10.802,0.044
3747.74489,10.798,0.038
3747.80363,10.772,0.041
3747.80906,10.808,0.038
3747.81147,10.806,0.038
3747.81408,11.122,0.037
3747.81658,10.806,0.037
3747.81911,10.823,0.037
3748.82438,10.815,0.046
3750.8139,10.807,0.04
3752.8177,10.857,0.052
3753.85205,10.817,0.042
3755.84155,10.86,0.043
3756.82538,10.877,0.038
3758.82713,10.881,0.044
3759.84858,10.894,0.034
3761.85736,10.935,0.053
3762.82057,10.858,0.047
3762.85486,10.871,0.048
3764.85926,10.906,0.05
3768.79477,10.829,0.048
3768.79799,10.855,0.045
3772.74654,10.878,0.041
3772.77776,10.871,0.04
3775.77613,10.956,0.041
3775.81623,10.93,0.045
3778.7783,11.022,0.036
3778.80568,10.984,0.046
3781.81161,11.011,0.049
3788.80084,11.123,0.037
3788.82995,11.125,0.041
3791.73829,11.12,0.044
3791.77283,11.209,0.049
3793.7993,11.135,0.035
3793.83034,11.137,0.039
3796.73145,11.17,0.036
3796.75615,11.175,0.037
3798.79803,11.158,0.041
3798.84414,11.129,0.047
3801.70492,11.116,0.036
3802.7143,11.206,0.05
3804.71521,11.2,0.039
3804.79343,11.301,0.044
3806.75723,11.104,0.039
3809.75621,11.093,0.042
3810.71789,11.097,0.041
3811.79348,11.149,0.04
3812.76808,11.205,0.054
3813.86265,11.103,0.043
3814.77612,11.125,0.044
3816.67575,11.143,0.04
3816.79863,11.165,0.045
3818.72678,11.184,0.045
3820.7791,11.159,0.036
3821.77445,11.225,0.042
3822.83235,11.241,0.046
3824.68239,11.251,0.04
3825.65433,11.237,0.04
3826.7431,11.28,0.042
3827.69788,11.328,0.04
3828.8437,11.271,0.042
3829.75776,11.36,0.034
3831.65969,11.34,0.046
3831.80935,11.36,0.036
3833.71199,11.285,0.044
3833.71541,11.353,0.043
3835.70645,11.217,0.04
3835.71353,11.25,0.043
3837.73315,11.163,0.038
3837.73568,11.284,0.039
3850.69526,11.074,0.039
3852.69884,11.013,0.032
3852.70159,11.017,0.042
3854.73991,10.953,0.055
3856.77059,10.985,0.036
3856.77416,11.028,0.042
3859.63284,11,0.043
3861.61929,11.048,0.033
3861.63814,11.07,0.036
3863.61148,11.035,0.036
3865.62986,11.042,0.035
3865.65266,11.118,0.051
3867.67305,11.082,0.047
3867.68487,11.109,0.046
3869.7003,11.059,0.046
3871.67274,11.04,0.034
3871.69079,11.022,0.048
3874.75232,11.02,0.036
3877.51594,11.001,0.033
3877.55167,10.988,0.038
3880.60503,10.914,0.041
3880.61303,10.952,0.048
3882.63173,10.873,0.035
3882.64143,11.157,0.043
3886.67214,10.955,0.034
3886.71458,10.983,0.041
3890.64236,11.004,0.033
3890.68328,10.994,0.047
3892.65048,11.012,0.054
3894.65793,11.026,0.033
3894.66792,11.043,0.035
3897.70292,11.069,0.045
3900.52854,11.023,0.035
3900.5321,11.048,0.04
3902.56313,10.933,0.037
3904.57381,10.906,0.034
3904.58132,10.947,0.042
3906.59111,10.887,0.039
3906.59868,10.918,0.039
3908.58571,10.879,0.036
3908.59336,10.872,0.039
3913.65944,10.807,0.035
4104.81987,11.14,0.041
4106.81828,11.176,0.031
4107.84754,11.209,0.033
4127.83734,10.998,0.043
4131.79281,10.947,0.04
4134.81575,10.899,0.037
4137.79845,10.94,0.031
4140.81244,10.985,0.033
4141.86772,10.976,0.031
4142.87633,11.03,0.03
4145.79893,11.049,0.036
4149.80352,11.013,0.035
4151.74438,10.993,0.031
4152.76778,11.01,0.031
4154.83744,11.014,0.038
4157.77113,10.968,0.039
4159.8329,10.943,0.034
4162.7558,10.884,0.036
4164.81026,10.822,0.04
4165.79841,10.844,0.036
4167.747,10.85,0.037
4172.8041,10.83,0.032
4173.79221,10.816,0.029
4175.71782,10.846,0.034
4178.76634,10.992,0.049
4180.78969,10.934,0.038
4183.69572,10.846,0.033
4183.85456,10.858,0.035
4185.74757,10.876,0.034
4188.87261,10.838,0.036
4191.67627,10.842,0.04
4191.71048,10.844,0.03
4193.71925,10.869,0.034
4196.77364,10.822,0.042
4202.72582,10.833,0.035
4204.74752,10.803,0.033
4207.77127,10.887,0.035
4208.76979,10.939,0.043
4213.73085,10.96,0.035
4216.72127,10.916,0.034
4227.63881,10.748,0.03
4229.64455,10.763,0.03
4231.65689,10.72,0.033
4233.65193,10.753,0.033
4235.63788,10.718,0.034
4235.64947,10.771,0.033
4237.65313,10.834,0.042
4237.66181,10.765,0.048
4246.59428,10.878,0.031
4246.77417,10.857,0.028
4253.65257,10.868,0.035
4253.65937,10.939,0.043
4255.68995,10.829,0.033
4257.69154,10.829,0.038
4269.71113,10.813,0.033
4272.64138,10.869,0.032
4273.61744,10.857,0.032
4274.65138,10.868,0.031
4276.54679,10.887,0.041
4277.61573,10.9,0.032
4278.59295,10.892,0.03
4282.59352,10.865,0.043
4284.52268,10.863,0.035
4284.60463,10.84,0.032
4286.51941,10.836,0.033
4290.59285,10.858,0.032
4290.59968,10.791,0.031
4292.55714,10.858,0.031
4294.5654,10.894,0.031
4294.57224,10.891,0.031
4296.56017,10.948,0.035
4296.56701,10.928,0.035
4298.56484,10.954,0.036
4298.57546,10.96,0.035
4300.51904,10.974,0.044
4300.52343,10.947,0.036
4302.59455,10.974,0.032
4302.59636,10.953,0.033
4304.5382,10.994,0.032
4304.54,11.017,0.032
4306.55588,10.989,0.029
4306.55769,10.993,0.032
4308.59924,11.088,0.045
4309.5766,11.047,0.037
4311.57154,11.108,0.032
4312.53797,11.069,0.041
4315.54471,11.146,0.032
4319.51116,11.197,0.034
4330.50683,11.29,0.032
4330.50987,11.268,0.033
4332.53024,11.276,0.033
4333.50039,11.253,0.032
4334.54589,11.224,0.033
4337.50293,11.274,0.034
4339.48721,11.318,0.031
4341.49237,11.282,0.034
4342.49197,11.272,0.035
4344.47988,11.237,0.041
4344.51005,11.322,0.033
4346.5162,11.295,0.035
4347.48205,11.227,0.035
4349.48289,11.291,0.037
4351.47422,11.3,0.039
4352.48289,11.229,0.031
4355.4904,11.28,0.032
4358.48005,11.234,0.037
4437.84965,10.81,0.032
4437.85216,10.794,0.036
4442.85581,10.819,0.032
4455.83847,10.867,0.034
4455.84094,10.922,0.037
4459.83195,10.884,0.044
4463.84239,10.858,0.032
4467.82427,10.891,0.037
4469.82625,10.922,0.033
4471.83927,10.847,0.045
4473.84841,10.834,0.033
4477.86158,10.824,0.036
4481.83416,10.847,0.045
4485.84385,10.835,0.033
4485.84671,10.837,0.028
4488.8266,10.862,0.038
4491.83669,10.826,0.038
4491.84042,10.805,0.035
4494.84814,10.871,0.032
4498.84441,10.777,0.041
4501.80475,10.853,0.036
4501.83567,10.862,0.037
4503.81199,10.821,0.033
4504.81583,10.867,0.032
4507.80698,10.911,0.035
4510.79809,10.898,0.038
4514.82696,10.841,0.037
4517.7831,10.771,0.037
4519.80409,10.815,0.038
4522.76661,10.815,0.032
4524.82717,10.808,0.032
4527.75708,10.835,0.035
4529.82189,10.787,0.032
4532.73585,10.806,0.031
4535.75281,10.832,0.03
4535.81018,10.859,0.031
4537.82175,10.861,0.03
4540.72041,10.939,0.044
4542.84212,10.859,0.039
4546.78523,10.937,0.038
4548.77021,10.869,0.036
4551.7117,10.933,0.034
4553.7484,10.935,0.037
4555.77422,10.91,0.031
4558.67038,10.933,0.032
4560.73237,10.936,0.036
4562.7981,10.988,0.038
4565.64986,10.992,0.031
4567.71121,10.999,0.034
4569.70443,10.955,0.033
4571.70271,10.966,0.034
4573.70056,10.967,0.038
4575.71274,10.985,0.038
4576.68958,10.926,0.038
4577.86424,10.887,0.038
4579.8004,10.861,0.036
4580.69497,10.887,0.032
4583.83975,10.949,0.034
4583.84784,10.924,0.029
4586.62215,10.931,0.032
4586.76926,10.989,0.03
4589.5907,11.042,0.033
4590.75068,11.182,0.039
4591.63886,11.076,0.034
4593.68172,11.219,0.035
4595.64438,11.117,0.032
4597.62896,11.11,0.031
4599.65332,11.063,0.038
4601.64723,11.041,0.033
4603.66992,11.019,0.036
4607.67247,10.918,0.041
4610.562,10.934,0.035
4612.61112,10.927,0.039
4616.77299,10.926,0.04
4622.68812,10.995,0.036
4622.71861,10.978,0.038
4627.5409,11.08,0.032
4629.55136,11.113,0.03
4631.59615,11.069,0.035
4633.60684,11.06,0.036
4633.6101,11.072,0.036
4639.64856,11.078,0.034
4641.67347,11.068,0.033
4643.66958,11.028,0.038
4645.67533,11.064,0.042
4648.54899,11.04,0.034
4650.62173,11.023,0.042
4652.64425,11.065,0.032
4654.61647,11.102,0.036
4656.59948,11.092,0.044
4658.65444,11.059,0.042
4661.53951,11.127,0.037
4663.61014,11.09,0.038
4666.55503,11.092,0.033
4672.51242,10.925,0.035
4674.57773,10.922,0.035
4678.55965,10.929,0.038
4683.49803,10.996,0.045
4685.50751,11.043,0.04
4687.5194,11.054,0.051
4693.52334,11.017,0.05
4697.55338,11.017,0.033
4700.50437,10.998,0.033
4708.51541,10.92,0.042
4711.4949,10.877,0.039
4726.47841,10.905,0.044
4802.85144,10.901,0.039
4808.85397,10.835,0.033
4816.84821,10.756,0.032
4820.8299,10.784,0.035
4820.83502,10.755,0.033
4824.83222,10.811,0.031
4824.84076,10.798,0.036
4836.82369,10.893,0.042
4836.83224,10.915,0.034
4843.84981,10.943,0.037
4847.8056,10.692,0.033
4850.83081,10.762,0.032
4862.79265,10.957,0.032
4865.86471,10.969,0.042
4868.82751,10.968,0.037
4871.82221,10.96,0.038
4875.81849,10.915,0.035
4881.79416,10.963,0.031
4884.77664,10.938,0.033
4887.79958,10.967,0.056
4890.76548,10.934,0.051
4894.79938,10.996,0.045
4904.74821,11.023,0.048
4906.79005,11.013,0.047
4909.70584,11.097,0.057
4918.68878,11.05,0.047
4921.70853,11.035,0.051
4926.74826,11.025,0.042
4929.78417,10.941,0.058
4932.74848,10.906,0.058
4937.63807,10.963,0.046
4941.74653,10.93,0.055
4946.74232,10.957,0.044
4953.65854,10.902,0.056
4955.64838,10.92,0.052
4962.64149,10.86,0.047
4964.67909,10.89,0.057
4966.77285,10.875,0.053
4968.81506,10.878,0.046
4972.60243,10.974,0.057
4972.7238,10.604,0.047
4985.56455,10.894,0.044
4991.67108,10.819,0.048
4991.68298,10.813,0.048
4994.71904,10.823,0.05
4994.7223,10.828,0.046
5010.52801,10.939,0.049
5013.58113,10.918,0.05
5015.59664,10.972,0.056
5022.65265,10.879,0.051
5024.65955,10.851,0.049
5031.61672,10.896,0.041
5037.54861,10.853,0.044
5039.53898,10.855,0.048
5041.54497,10.846,0.045
5048.55288,10.792,0.047
5057.56782,10.81,0.049
5064.50021,10.831,0.056
5067.49446,10.89,0.057
5072.52821,10.922,0.056
5086.48909,10.808,0.056
5089.48202,10.809,0.053
