1878.84127,12.413,0.058
1880.8387,12.494,0.068
1884.84797,12.506,0.059
1887.84613,12.499,0.069
1888.8351,12.439,0.067
1889.84439,12.559,0.074
1900.78784,12.554,0.059
1900.81533,12.669,0.068
1903.79735,12.558,0.058
1903.81966,12.555,0.074
1905.79432,12.433,0.07
1905.83073,12.571,0.07
1907.79302,12.451,0.045
1907.82728,12.562,0.049
1913.83837,12.542,0.048
1913.86273,12.596,0.065
1915.80137,12.58,0.056
1915.83033,12.67,0.059
1918.77332,12.739,0.054
1920.76734,12.553,0.063
1920.80106,12.665,0.074
1921.86945,12.55,0.041
1922.79506,12.821,0.056
1924.81676,12.61,0.044
1924.8367,12.658,0.047
1925.8189,12.834,0.046
1925.8552,12.879,0.046
1926.82039,12.752,0.046
1926.84938,12.793,0.046
1928.85587,12.915,0.039
1928.88317,12.683,0.042
1929.85648,12.749,0.043
1930.78611,12.657,0.04
1931.75453,12.714,0.046
1932.76754,12.791,0.048
1933.76416,12.807,0.038
1936.78692,12.73,0.04
1937.78639,12.799,0.04
1938.78548,12.796,0.041
1939.76555,12.757,0.037
1940.78276,12.781,0.039
1945.85543,12.572,0.041
1945.87942,12.583,0.045
1947.77229,12.651,0.044
1947.80796,12.638,0.046
1949.77727,12.597,0.07
1950.74746,12.69,0.044
1950.83644,12.644,0.061
1953.75331,12.926,0.044
1954.76403,12.819,0.044
1954.78829,12.695,0.049
1955.76717,12.629,0.04
1955.78692,12.723,0.043
1958.75139,12.648,0.046
1958.77346,12.837,0.05
1961.74336,12.76,0.044
1961.76538,12.742,0.047
1962.77091,12.89,0.05
1962.82692,12.67,0.049
1963.75793,12.676,0.047
1964.74894,12.784,0.043
1964.78974,12.768,0.046
1965.73723,12.743,0.041
1966.7414,12.689,0.04
1966.76121,12.799,0.047
1967.7485,12.745,0.045
1967.79184,12.834,0.048
1968.72933,12.879,0.046
1968.77221,12.904,0.049
1971.79026,12.885,0.05
1976.79886,12.723,0.053
1977.72449,12.901,0.059
1978.7787,12.847,0.055
1980.70099,12.687,0.058
1981.7254,12.778,0.055
1981.73409,12.749,0.056
1982.69868,12.673,0.052
1982.72765,12.772,0.051
1984.6972,12.638,0.048
1984.71725,12.788,0.058
1984.84945,12.721,0.052
1985.69866,12.585,0.052
1985.73036,12.789,0.052
1993.7082,12.725,0.062
1993.73732,12.824,0.064
1994.6803,12.818,0.058
1994.71242,12.734,0.063
1995.71209,12.771,0.058
1995.75405,12.862,0.061
1996.67482,12.668,0.063
1996.70205,12.76,0.066
1997.66796,12.949,0.062
1997.69252,12.637,0.063
1998.66647,12.674,0.065
1998.68657,12.794,0.07
2000.69161,12.936,0.073
2011.62842,12.868,0.066
2025.58506,12.652,0.046
2025.61235,12.647,0.07
2026.60471,12.526,0.051
2026.63639,12.575,0.074
2027.62151,12.551,0.066
2030.58077,12.588,0.064
2030.60348,12.524,0.074
2031.60513,12.467,0.061
2031.62574,12.525,0.074
2032.58996,12.649,0.066
2032.60825,12.51,0.077
2033.58454,12.583,0.056
2033.605,12.615,0.064
2034.57998,12.662,0.054
2037.60544,12.524,0.073
2037.61707,12.595,0.091
2038.59958,12.61,0.069
2038.62256,12.509,0.082
2040.596,12.838,0.087
2052.52648,12.698,0.078
2052.55166,12.632,0.09
2053.55412,12.77,0.07
2053.58224,12.702,0.06
2054.55653,12.622,0.074
2054.58999,12.663,0.091
2055.53861,12.643,0.077
2056.54475,12.57,0.077
2056.57108,12.68,0.082
2057.54084,12.654,0.074
2057.55945,12.759,0.08
2058.54168,12.837,0.074
2058.56035,12.707,0.083
2062.53433,12.576,0.071
2064.52648,12.527,0.076
2067.50424,12.574,0.077
2067.53279,12.53,0.078
2068.53009,12.602,0.072
2068.54424,12.524,0.085
2069.54682,12.558,0.085
2070.48657,12.577,0.066
2070.5373,12.6,0.085
2071.54154,12.687,0.071
2078.47758,12.397,0.075
2079.49938,12.431,0.083
2081.47715,12.614,0.063
2081.50814,12.485,0.081
2083.50617,12.564,0.08
2083.55303,12.496,0.053
2086.46876,12.534,0.075
2086.49035,12.459,0.081
2087.50906,12.429,0.084
2088.49323,12.594,0.066
2093.45822,12.744,0.064
2093.46068,12.538,0.069
2093.47247,12.632,0.085
2095.4926,12.427,0.075
2103.45852,12.386,0.068
2103.48117,12.422,0.039
2105.48274,12.527,0.068
2105.50963,12.493,0.062
2116.47076,12.295,0.054
2125.51737,12.552,0.056
2129.50183,12.55,0.057
2129.52232,12.506,0.056
2129.52632,12.559,0.056
2132.48253,12.657,0.057
2133.48194,12.581,0.046
2145.47921,12.417,0.064
2242.85199,12.427,0.06
2244.84592,12.447,0.061
2248.85429,12.611,0.07
2250.83253,12.546,0.062
2252.82344,12.361,0.059
2252.85094,12.55,0.067
2257.83557,12.721,0.06
2441.52587,12.626,0.041
2442.4838,12.569,0.033
2442.52551,12.594,0.041
2443.52308,12.638,0.036
2445.52289,12.562,0.035
2446.59315,12.678,0.047
2452.46649,12.468,0.037
2452.48306,12.507,0.039
2454.49255,12.48,0.038
2459.4743,12.376,0.04
2459.48483,12.421,0.033
2463.46418,12.423,0.042
2463.47021,12.444,0.042
2465.49233,12.489,0.044
2465.50962,12.43,0.046
2467.47948,12.495,0.043
2467.49481,12.589,0.042
2469.49957,12.49,0.052
2473.45744,12.45,0.048
2473.46803,12.502,0.046
2482.48943,12.624,0.054
2482.51155,12.76,0.052
2491.4764,12.488,0.046
2491.52948,12.504,0.061
2497.48469,12.341,0.048
2499.50545,12.458,0.046
2501.48037,12.48,0.048
2501.52012,12.302,0.053
2521.48116,12.64,0.048
2623.84143,12.488,0.032
2625.83904,12.389,0.031
2629.80404,12.381,0.031
2635.80944,12.388,0.039
2635.82739,12.276,0.04
2638.84164,12.39,0.034
2639.82512,12.365,0.039
2642.80564,12.467,0.03
2642.85473,12.441,0.033
2645.81767,12.502,0.028
2645.86404,12.427,0.033
2650.78348,12.48,0.037
2651.82478,12.587,0.03
2652.8184,12.637,0.035
2654.86031,12.544,0.029
2655.84373,12.581,0.034
2658.78641,12.399,0.028
2658.82249,12.433,0.03
2660.85079,12.491,0.031
2661.80235,12.422,0.035
2662.80207,12.351,0.029
2664.82101,12.338,0.032
2665.85688,12.365,0.037
2666.85582,12.338,0.03
2669.80913,12.396,0.029
2671.8147,12.491,0.03
2672.78457,12.473,0.03
2674.81093,12.548,0.035
2674.83006,12.535,0.03
2676.78845,12.428,0.029
2677.76509,12.498,0.034
2678.77954,12.612,0.03
2680.77506,12.562,0.03
2681.77622,12.632,0.029
2683.78111,12.599,0.03
2684.74474,12.606,0.029
2685.76707,12.573,0.032
2686.75771,12.64,0.028
2688.74891,12.675,0.031
2689.77431,12.772,0.04
2690.7625,12.916,0.032
2691.76966,12.644,0.037
2692.81962,12.817,0.038
2693.84457,12.58,0.032
2694.75135,12.716,0.031
2695.79358,12.696,0.033
2696.81138,12.72,0.029
2698.75757,12.667,0.027
2698.83055,12.773,0.033
2700.81468,12.694,0.036
2700.82194,12.793,0.032
2704.78571,12.6,0.031
2704.78988,12.708,0.041
2706.75087,12.672,0.033
2706.77585,12.787,0.036
2712.71224,12.785,0.029
2712.73483,12.605,0.034
2714.68773,12.765,0.027
2714.7195,12.741,0.029
2717.69087,12.606,0.034
2717.71811,12.731,0.034
2720.66652,12.725,0.031
2721.71242,12.695,0.033
2722.84515,12.699,0.037
2723.74304,13.003,0.032
2725.71148,12.809,0.034
2727.72197,12.867,0.031
2727.73332,12.858,0.03
2731.81111,12.968,0.037
2731.82026,12.903,0.041
2733.83322,12.872,0.045
2733.85288,12.804,0.044
2735.71211,12.904,0.031
2735.71906,13.079,0.032
2736.81327,12.976,0.038
2736.83341,13.06,0.043
2738.67951,13.017,0.03
2740.66891,12.884,0.029
2742.58811,13.032,0.032
2742.6192,12.961,0.031
2743.73358,12.9,0.034
2743.77407,12.979,0.039
2745.69478,12.882,0.038
2749.82971,13.002,0.033
2749.83216,12.845,0.043
2751.59552,12.944,0.03
2751.61022,12.875,0.035
2752.80424,12.819,0.03
2755.62849,12.791,0.027
2756.7522,12.804,0.027
2758.78933,12.82,0.032
2760.56803,12.854,0.032
2760.6568,12.788,0.034
2761.80341,12.888,0.035
2761.81735,12.831,0.034
2763.62864,12.76,0.028
2764.7177,12.754,0.042
2764.72482,12.637,0.04
2766.71276,12.765,0.035
2766.7316,12.785,0.036
2775.71276,12.675,0.03
2775.71548,12.716,0.03
2782.76091,12.627,0.038
2784.65029,12.794,0.032
2784.6531,12.869,0.036
2786.61388,12.716,0.037
2787.72464,12.76,0.035
2790.51302,12.654,0.03
2791.50426,12.766,0.031
2791.71283,12.773,0.034
2793.56795,12.681,0.05
2794.55743,12.691,0.035
2796.55532,12.814,0.033
2797.53849,12.603,0.04
2804.58056,12.807,0.037
2808.7331,12.589,0.039
2809.5782,12.679,0.038
2810.58908,12.635,0.031
2810.68071,12.68,0.032
2812.57739,12.639,0.035
2819.60642,12.719,0.034
2819.60941,12.763,0.035
2821.61269,12.845,0.038
2821.6186,12.731,0.044
2826.59349,12.683,0.03
2826.5965,12.749,0.032
2831.60784,12.71,0.033
2831.61085,12.671,0.034
2834.64373,12.682,0.042
2836.55741,12.52,0.038
2838.55788,12.489,0.031
2839.61324,12.472,0.04
2842.53683,12.559,0.045
2843.55281,12.337,0.04
2845.53307,12.387,0.035
2853.50504,12.479,0.031
2853.508,12.551,0.031
2854.58671,12.399,0.037
2855.53612,12.472,0.033
2858.58616,12.644,0.037
2860.57488,12.63,0.036
2861.52779,12.692,0.034
2862.55183,12.589,0.038
2863.5344,12.699,0.043
2867.48443,12.67,0.032
2872.52555,12.707,0.032
2875.51262,12.808,0.041
2876.49646,12.578,0.031
2877.51138,12.668,0.034
2878.49754,12.57,0.044
2879.5141,12.575,0.031
2882.49295,12.612,0.049
2883.48922,12.581,0.033
2885.50814,12.353,0.037
2894.4789,12.51,0.038
2975.84347,12.466,0.035
2976.85237,12.404,0.036
2979.82851,12.512,0.035
2983.83517,12.439,0.038
2984.84908,12.445,0.034
2987.83242,12.349,0.031
2988.84805,12.374,0.037
2990.83691,12.349,0.032
2992.83978,12.407,0.034
2994.81821,12.418,0.032
2996.83596,12.402,0.032
2997.84442,12.311,0.031
3005.80572,12.338,0.031
3006.83008,12.313,0.039
3008.82788,12.249,0.031
3009.85544,12.274,0.034
3012.80348,12.537,0.031
3012.84342,12.254,0.034
3016.84347,12.378,0.031
3016.8599,12.438,0.031
3019.82867,12.495,0.034
3019.84276,12.422,0.036
3025.80606,12.48,0.03
3025.82846,12.574,0.032
3030.77624,12.55,0.028
3030.8169,12.439,0.034
3036.8023,12.505,0.031
3038.8752,12.403,0.035
3042.78503,12.42,0.035
3043.81948,12.527,0.034
3051.73363,12.594,0.031
3051.78138,12.592,0.031
3054.78279,12.56,0.032
3056.77009,12.56,0.029
3057.77272,12.606,0.035
3059.83516,12.583,0.031
3061.74956,12.6,0.03
3062.76646,12.913,0.039
3064.73854,12.578,0.032
3066.77652,12.572,0.03
3067.77879,12.425,0.03
3069.78443,12.71,0.035
3070.80521,12.486,0.039
3071.77523,12.57,0.032
3073.74505,12.409,0.034
3073.85473,12.478,0.033
3075.79804,12.423,0.032
3076.70676,12.458,0.029
3077.84095,12.611,0.036
3078.75036,12.593,0.033
3080.71892,12.774,0.053
3080.77119,12.431,0.046
3082.7718,12.628,0.032
3082.83063,12.621,0.031
3086.7578,12.666,0.034
3086.805,12.678,0.033
3089.65752,12.553,0.033
3090.80859,12.718,0.035
3091.71707,12.681,0.035
3092.773,12.734,0.031
3093.71062,12.708,0.03
3096.77675,13.165,0.033
3097.69346,12.73,0.031
3098.72648,12.671,0.032
3099.73959,12.708,0.034
3100.74347,12.589,0.036
3102.75275,12.627,0.033
3103.7941,12.601,0.033
3104.77147,12.699,0.033
3105.77888,12.748,0.033
3106.76939,12.611,0.034
3107.78118,12.611,0.033
3108.77377,12.745,0.032
3109.79164,12.692,0.032
3111.62629,12.712,0.031
3112.60585,12.681,0.029
3113.68793,12.598,0.033
3114.66958,12.666,0.033
3115.68704,12.688,0.034
3118.73037,12.821,0.033
3121.69453,12.637,0.028
3122.65299,12.838,0.031
3124.68002,12.915,0.029
3125.6768,13.037,0.035
3126.65076,12.897,0.033
3127.67894,13.128,0.036
3128.64867,13.042,0.031
3129.72106,12.944,0.032
3130.68816,13.034,0.037
3131.74233,13.069,0.03
3132.69419,12.894,0.031
3133.74533,12.932,0.031
3142.7112,12.873,0.033
3145.56189,12.819,0.028
3145.71103,12.784,0.033
3153.6984,12.824,0.029
3153.70155,12.849,0.029
3156.57218,12.642,0.032
3156.57533,12.733,0.034
3158.72037,12.689,0.032
3158.72353,12.738,0.036
3160.73077,12.544,0.041
3163.74806,12.716,0.037
3164.50846,12.629,0.03
3166.72889,12.742,0.035
3167.52229,12.629,0.03
3169.51997,12.797,0.052
3169.56358,12.801,0.033
3176.4767,12.604,0.028
3176.4825,12.681,0.034
3178.59997,12.649,0.029
3178.61382,12.573,0.029
3180.70642,12.593,0.03
3182.55085,12.795,0.05
3183.69802,12.94,0.032
3184.55963,12.725,0.033
3185.66478,12.781,0.036
3186.62815,12.836,0.031
3189.51888,12.784,0.036
3189.6454,12.658,0.036
3191.67,12.714,0.037
3219.5446,12.502,0.039
3219.54786,12.38,0.045
3356.85049,12.488,0.077
3387.84431,12.663,0.061
3390.84549,12.642,0.062
3394.83831,12.682,0.04
3394.85888,12.639,0.061
3397.81223,12.683,0.035
3400.80328,12.752,0.043
3400.82764,12.776,0.049
3403.81915,12.603,0.077
3404.83255,12.682,0.049
3406.7848,12.784,0.063
3407.81696,12.832,0.05
3409.78608,12.722,0.058
3410.83854,12.813,0.059
3412.77823,12.863,0.079
3413.80489,12.759,0.073
3416.79459,12.833,0.053
3417.75735,12.956,0.065
3419.78325,12.692,0.067
3422.77554,12.669,0.069
3424.80138,12.734,0.066
3424.84055,12.726,0.052
3426.81089,12.746,0.054
3430.84806,12.843,0.047
3431.75355,12.808,0.054
3433.71633,12.986,0.052
3433.80638,12.807,0.064
3436.76793,12.894,0.033
3438.76128,12.902,0.053
3442.76,12.95,0.057
3443.70585,12.818,0.047
3444.77503,12.909,0.054
3445.7463,12.943,0.056
3446.78913,12.831,0.08
3447.763,12.944,0.035
3448.81366,12.928,0.052
3449.77832,12.845,0.05
3450.80378,12.802,0.055
3452.67784,12.852,0.035
3453.67974,12.981,0.088
3454.72756,12.851,0.042
3456.73999,12.761,0.039
3457.73985,12.831,0.083
3458.72931,12.795,0.049
3459.74662,12.852,0.07
3460.74149,12.785,0.048
3463.63708,12.808,0.046
3464.66605,12.986,0.044
3466.72564,12.901,0.048
3468.68553,12.819,0.046
3469.71369,12.953,0.035
3470.69419,12.942,0.038
3471.71607,12.877,0.041
3472.70255,12.761,0.037
3473.74824,12.871,0.034
3475.83361,13.026,0.071
3477.60684,12.977,0.085
3478.62635,13.45,0.052
3479.65847,12.827,0.059
3480.67879,12.807,0.055
3481.65104,12.794,0.039
3483.67048,12.66,0.066
3484.71731,12.951,0.05
3486.79048,12.904,0.045
3487.82937,12.96,0.046
3489.79381,12.793,0.049
3490.79547,12.773,0.082
3491.81489,12.896,0.044
3492.79674,13.042,0.081
3496.78205,12.698,0.044
3499.56417,12.727,0.057
3500.58762,12.703,0.042
3501.60094,12.635,0.054
3502.62489,12.609,0.043
3503.65368,12.652,0.042
3504.62231,12.667,0.051
3506.67042,12.596,0.045
3508.74537,12.661,0.031
3510.80145,12.69,0.04
3511.70065,12.667,0.037
3512.64411,12.738,0.041
3515.7161,12.679,0.037
3516.6457,12.722,0.035
3517.70484,12.839,0.035
3522.50721,12.579,0.063
3524.55627,12.682,0.049
3526.57935,12.616,0.053
3530.59737,12.63,0.053
3538.61615,12.546,0.043
3540.63297,12.412,0.036
3540.63923,12.504,0.047
3543.60191,12.412,0.056
3543.60812,12.572,0.038
3550.63747,12.437,0.045
3550.64071,12.496,0.049
3553.65218,12.462,0.037
3555.68568,12.572,0.041
3556.55914,12.542,0.038
3559.53232,12.659,0.057
3559.57481,12.598,0.048
3561.55737,12.557,0.087
3561.594,12.576,0.039
3563.56546,12.521,0.046
3563.58805,12.619,0.037
3570.5714,12.464,0.047
3570.57865,12.553,0.056
3574.55276,12.402,0.034
3574.55598,12.444,0.036
3576.5805,12.451,0.043
3578.58971,12.394,0.039
3578.59293,12.456,0.04
3584.56057,12.334,0.041
3584.56383,12.482,0.043
3586.59889,12.325,0.056
3587.50467,12.371,0.051
3589.50134,12.483,0.053
3589.53127,12.464,0.056
3591.57908,12.41,0.049
3592.4893,12.556,0.073
3593.55796,12.454,0.048
3594.53889,12.594,0.067
3601.54946,12.502,0.078
3602.52474,12.494,0.039
3604.49802,12.37,0.047
3606.48676,12.379,0.042
3608.49046,12.48,0.078
3618.49116,12.357,0.043
3619.4741,12.536,0.07
3621.4984,12.574,0.07
3708.85148,12.493,0.052
3714.85284,12.29,0.054
3722.8465,12.481,0.06
3724.82935,12.376,0.036
3726.83174,12.5,0.061
3727.83455,12.445,0.037
3731.85546,12.599,0.07
3733.83788,12.518,0.078
3735.82627,12.457,0.068
3736.84689,12.504,0.054
3739.8056,12.547,0.039
3740.83332,12.546,0.06
3744.83476,12.538,0.051
3746.84719,12.469,0.045
3747.74489,12.564,0.037
3747.80363,12.468,0.058
3747.80906,12.664,0.046
3747.81147,12.649,0.053
3747.81408,12.494,0.043
3747.81658,12.47,0.048
3747.81911,12.53,0.049
3748.82438,12.478,0.065
3750.8139,12.58,0.065
3752.8177,12.42,0.087
3753.85205,12.465,0.049
3755.84155,12.527,0.057
3756.82538,12.3,0.042
3758.82713,12.361,0.057
3759.84858,12.46,0.04
3761.85736,12.39,0.076
3762.82057,12.558,0.062
3762.85486,12.415,0.064
3764.85926,12.396,0.068
3765.80512,12.558,0.059
3768.79477,12.494,0.048
3768.79799,12.518,0.068
3772.74654,12.585,0.07
3772.77776,12.575,0.046
3775.77613,12.605,0.049
3775.81623,12.727,0.06
3778.7783,12.453,0.043
3778.80568,12.618,0.068
3781.81161,12.472,0.06
3788.80084,12.595,0.05
3788.82995,12.683,0.048
3791.73829,12.625,0.053
3791.77283,12.579,0.07
3793.7993,12.625,0.04
3793.83034,12.703,0.043
3796.73145,12.58,0.054
3796.75615,12.636,0.046
3798.79803,12.579,0.046
3798.84414,12.686,0.069
3801.70492,12.542,0.047
3802.7143,12.744,0.05
3804.71521,12.78,0.05
3804.79343,12.634,0.048
3806.75723,12.521,0.051
3807.84619,12.704,0.059
3809.75621,12.548,0.081
3810.71789,12.692,0.057
3811.79348,12.629,0.069
3812.76808,12.783,0.092
3813.86265,12.764,0.043
3814.77612,12.87,0.053
3816.67575,12.779,0.069
3816.79863,12.897,0.056
3818.72678,12.787,0.085
3820.7791,12.844,0.041
3821.77445,12.77,0.047
3822.83235,12.819,0.059
3824.68239,12.99,0.04
3826.7431,12.801,0.056
3827.69788,12.72,0.077
3828.8437,12.711,0.049
3829.75776,12.787,0.051
3831.65969,12.698,0.058
3831.80935,12.874,0.05
3833.71199,12.684,0.047
3833.71541,12.856,0.064
3835.70645,12.678,0.047
3835.71353,12.786,0.067
3837.73315,12.812,0.043
3837.73568,12.838,0.05
3850.69526,12.796,0.049
3852.69884,12.809,0.033
3852.70159,12.822,0.051
3856.77059,12.732,0.044
3856.77416,12.941,0.056
3859.63284,12.902,0.059
3861.61929,12.801,0.036
3861.63814,12.917,0.039
3863.61148,12.856,0.065
3865.62986,13.068,0.037
3865.65266,12.736,0.082
3867.67305,12.688,0.084
3867.68487,12.981,0.084
3869.7003,12.897,0.054
3871.67274,12.829,0.043
3871.69079,12.909,0.082
3874.75232,12.879,0.044
3874.77266,12.798,0.05
3877.51594,12.917,0.038
3877.55167,12.772,0.045
3880.60503,12.753,0.042
3880.61303,12.743,0.05
3882.63173,12.76,0.051
3882.64143,12.757,0.059
3886.67214,12.774,0.039
3886.71458,12.673,0.062
3890.64236,12.701,0.037
3890.68328,12.584,0.069
3892.65048,12.47,0.056
3894.65793,12.761,0.037
3894.66792,12.672,0.035
3897.70292,12.819,0.051
3900.52854,12.763,0.04
3900.5321,12.904,0.043
3902.56313,12.699,0.037
3902.56627,12.815,0.044
3904.57381,12.719,0.046
3904.58132,12.754,0.043
3906.59111,12.693,0.063
3906.59868,12.741,0.043
3908.58571,12.68,0.055
3908.59336,12.743,0.046
3912.68847,12.66,0.053
3913.65944,12.602,0.05
4104.81987,12.231,0.054
4107.84754,12.244,0.043
4127.83734,12.535,0.073
4131.79281,12.383,0.068
4134.81575,12.456,0.054
4137.79845,12.343,0.063
4140.81244,12.356,0.042
4142.87633,12.406,0.038
4145.79893,12.469,0.049
4149.80352,12.426,0.038
4152.76778,12.502,0.037
4154.83744,12.449,0.078
4157.77113,12.569,0.06
4159.8329,12.596,0.058
4162.7558,12.482,0.037
4164.81026,12.602,0.056
4167.747,12.541,0.048
4175.71782,12.572,0.045
4177.80225,12.665,0.049
4178.76634,12.768,0.051
4180.78969,12.762,0.044
4183.69572,12.657,0.042
4185.74757,12.742,0.044
4188.7347,12.823,0.033
4188.87261,12.72,0.041
4191.67627,12.857,0.052
4193.71925,12.84,0.046
4194.76145,12.8,0.036
4196.77364,12.697,0.044
4197.75616,12.725,0.048
4202.72582,12.833,0.045
4204.74752,12.866,0.04
4205.70035,12.677,0.042
4207.77127,12.821,0.047
4208.76979,12.765,0.058
4213.72818,12.757,0.066
4213.73085,12.782,0.039
4216.71856,12.669,0.055
4216.72127,12.935,0.049
4227.62441,12.779,0.042
4227.63881,12.822,0.037
4229.6319,12.659,0.051
4229.64455,12.745,0.036
4231.6404,12.917,0.055
4231.65689,12.749,0.039
4233.63883,12.722,0.035
4233.65193,12.706,0.037
4235.63788,12.703,0.054
4235.64947,12.773,0.043
4237.66181,12.64,0.046
4246.59428,12.865,0.033
4253.65257,12.767,0.042
4253.65937,12.707,0.055
4255.68995,12.787,0.039
4255.69595,12.904,0.042
4257.69154,12.705,0.041
4257.69755,12.735,0.039
4269.71113,12.874,0.043
4272.64138,12.759,0.042
4273.61744,12.804,0.033
4274.65138,12.748,0.036
4276.54679,12.696,0.045
4277.61573,12.654,0.041
4278.59295,12.836,0.031
4282.59352,12.806,0.043
4284.52268,12.593,0.046
4284.60463,12.582,0.038
4286.51941,12.69,0.039
4290.59285,12.586,0.039
4290.59968,12.512,0.035
4292.55714,12.7,0.046
4294.5654,12.598,0.036
4294.57224,12.527,0.035
4296.56017,12.54,0.052
4296.56701,12.585,0.04
4298.56484,12.524,0.046
4298.57546,12.697,0.038
4300.51904,12.452,0.069
4300.52343,12.513,0.044
4302.59455,12.592,0.041
4302.59636,12.511,0.041
4304.5382,12.548,0.041
4304.54,12.415,0.04
4306.55588,12.622,0.034
4306.55769,12.601,0.038
4308.59924,12.612,0.047
4309.5766,12.603,0.057
4311.57154,12.608,0.036
4312.53797,12.589,0.039
4315.54471,12.64,0.04
4319.51116,12.609,0.037
4330.50683,12.488,0.035
4330.50987,12.513,0.044
4332.53024,12.495,0.043
4333.50039,12.37,0.041
4334.54589,12.501,0.042
4337.50293,12.461,0.04
4339.48721,12.487,0.035
4341.49237,12.609,0.042
4342.49197,12.482,0.045
4344.47988,12.692,0.062
4344.51005,12.786,0.043
4346.5162,12.546,0.048
4347.48205,12.61,0.045
4349.48289,12.513,0.055
4351.47422,12.497,0.062
4352.48289,12.484,0.035
4355.4904,12.49,0.033
4358.48005,12.513,0.048
4437.85216,12.457,0.044
4455.84094,12.328,0.06
4459.83195,12.331,0.053
4463.84239,12.421,0.041
4467.82427,12.515,0.045
4471.83927,12.485,0.069
4477.86158,12.466,0.046
4481.83416,12.606,0.059
4485.84385,12.62,0.044
4488.8266,12.538,0.05
4491.83669,12.428,0.041
4494.84814,12.355,0.041
4498.84441,12.386,0.043
4501.80475,12.405,0.05
4501.83567,12.492,0.048
4504.81583,12.468,0.04
4507.80698,12.527,0.041
4510.79809,12.5,0.057
4514.82696,12.49,0.046
4517.7831,12.414,0.045
4519.78239,12.417,0.069
4519.80409,12.416,0.048
4522.76661,12.442,0.038
4524.78875,12.477,0.038
4524.82717,12.493,0.041
4527.75708,12.527,0.048
4529.82189,12.614,0.039
4531.77079,12.595,0.046
4532.73585,12.556,0.037
4535.81018,12.629,0.044
4537.75735,12.546,0.041
4537.82175,12.482,0.042
4539.81365,12.711,0.072
4540.72041,12.686,0.051
4541.77873,12.554,0.041
4542.84212,12.494,0.041
4545.74435,12.658,0.051
4546.78523,12.584,0.05
4548.77021,12.683,0.038
4551.7117,12.69,0.048
4552.73669,12.643,0.045
4553.7484,12.578,0.039
4554.76441,12.616,0.038
4555.77422,12.899,0.039
4558.67038,12.649,0.043
4560.73237,12.758,0.049
4561.68898,12.732,0.035
4562.7981,12.704,0.064
4565.64986,12.678,0.042
4565.77657,12.698,0.036
4567.71121,12.869,0.041
4567.83355,12.652,0.04
4569.70443,12.76,0.037
4570.61885,12.823,0.036
4571.70271,12.928,0.038
4572.6442,13.051,0.042
4573.70056,12.879,0.048
4574.66024,12.717,0.038
4575.71274,12.76,0.048
4577.86424,13.012,0.042
4579.8004,12.799,0.039
4580.69497,12.791,0.039
4583.83975,12.813,0.042
4586.62215,12.803,0.036
4586.76926,12.882,0.038
4588.67328,12.781,0.039
4589.5907,12.813,0.042
4590.75068,12.963,0.043
4591.63886,13.028,0.038
4593.55874,13.043,0.036
4593.68172,12.968,0.042
4595.64438,12.939,0.036
4597.58761,12.932,0.047
4597.62896,12.997,0.038
4599.61243,13.001,0.042
4599.65332,13.287,0.049
4601.6184,12.929,0.05
4601.64723,13.109,0.043
4603.65031,13.116,0.042
4603.66992,13.003,0.042
4607.67247,13.072,0.069
4610.55212,12.949,0.06
4610.562,13.072,0.04
4612.60042,13.067,0.041
4612.61112,13.065,0.04
4616.7332,13.094,0.039
4616.77299,13.092,0.041
4622.68812,12.889,0.047
4622.71861,12.865,0.053
4627.5335,12.638,0.039
4627.5409,12.789,0.037
4629.54389,12.719,0.045
4629.55136,12.706,0.035
4631.58952,12.524,0.046
4631.59615,12.734,0.045
4633.60684,12.681,0.044
4633.6101,12.6,0.044
4639.64856,12.63,0.052
4641.66937,12.511,0.038
4641.67347,12.522,0.05
4643.66958,12.557,0.058
4645.67533,12.546,0.073
4648.54899,12.677,0.058
4650.62173,12.572,0.071
4652.64425,12.622,0.04
4654.61647,12.675,0.053
4656.59948,12.692,0.073
4658.65444,12.837,0.044
4661.53951,12.687,0.043
4663.61014,12.745,0.059
4666.55503,12.618,0.035
4672.51242,12.633,0.046
4674.57773,12.529,0.044
4678.55965,12.502,0.051
4682.54413,12.421,0.064
4683.49803,12.446,0.068
4684.54144,12.388,0.062
4685.50751,12.487,0.065
4687.5194,12.414,0.075
4693.52334,12.397,0.063
4697.55338,12.472,0.041
4700.50437,12.575,0.048
4701.48771,12.425,0.037
4704.48048,12.505,0.076
4708.48357,12.451,0.069
4708.51541,12.636,0.068
4711.4763,12.4,0.047
4711.4949,12.375,0.057
4726.47841,12.387,0.075
4820.8299,12.446,0.044
4824.83222,12.384,0.037
4836.82369,12.622,0.067
4843.84981,12.433,0.043
4847.8056,12.494,0.037
4850.83081,12.477,0.036
4862.79265,12.397,0.041
4865.86471,12.429,0.051
4868.82751,12.35,0.041
4871.82221,12.455,0.052
4875.81849,12.454,0.044
4881.79416,12.537,0.043
4884.77664,12.547,0.04
4887.79958,12.572,0.062
4890.76548,12.577,0.048
4894.79938,12.611,0.055
4904.74821,12.745,0.049
4906.79005,12.846,0.054
4909.70584,12.7,0.075
4918.68878,12.766,0.061
4921.70853,12.746,0.063
4926.74826,12.889,0.041
4929.78417,12.851,0.073
4932.74848,12.876,0.077
4937.63807,13.05,0.05
4941.74653,12.936,0.057
4946.74232,12.856,0.05
4953.65854,12.915,0.05
4955.64838,12.749,0.049
4960.61682,12.904,0.054
4962.64149,12.886,0.044
4964.67909,12.903,0.055
4966.77285,12.808,0.054
4967.66921,12.912,0.046
4968.81506,12.963,0.051
4969.68262,12.745,0.042
4972.60243,12.795,0.056
4972.7238,12.88,0.053
4985.55093,12.824,0.076
4985.56455,12.857,0.044
4991.67108,12.632,0.052
4991.68298,12.657,0.048
4994.71904,12.647,0.048
4994.7223,12.634,0.045
5010.52474,12.612,0.045
5010.52801,12.77,0.046
5013.57776,12.644,0.049
5013.58113,12.758,0.052
5015.59331,12.704,0.062
5015.59664,13.041,0.074
5021.57399,12.513,0.048
5022.65265,12.567,0.051
5023.57593,12.543,0.049
5024.65955,12.51,0.046
5031.61672,12.482,0.043
5037.5454,12.423,0.058
5037.54861,12.504,0.056
5039.53496,12.508,0.057
5039.53898,12.553,0.06
5041.54166,12.334,0.051
5041.54497,12.506,0.049
5048.54895,12.521,0.047
5048.55288,12.511,0.057
5057.56782,12.632,0.049
5064.49715,12.542,0.072
5064.50021,12.647,0.071
5067.49446,12.67,0.072
5072.52821,12.639,0.07
5086.48909,12.651,0.063
5089.48202,12.609,0.058
