1877.85522,10.537,0.081
1886.8318,10.593,0.074
1888.83287,10.58,0.074
1907.79031,10.495,0.069
1907.8361,10.525,0.06
1913.84242,10.599,0.071
1915.87257,10.574,0.068
1918.7773,10.574,0.072
1918.81329,10.584,0.069
1920.76886,10.629,0.073
1922.76007,10.63,0.066
1924.82056,10.609,0.061
1925.82735,10.613,0.055
1926.8218,10.644,0.065
1928.85953,10.648,0.068
1929.86701,10.654,0.056
1931.75584,10.635,0.047
1933.76544,10.57,0.064
1935.84857,10.499,0.051
1937.80257,10.577,0.053
1939.78717,10.55,0.05
1945.85044,10.639,0.047
1947.78113,10.63,0.06
1949.72852,10.844,0.047
1950.76021,10.635,0.047
1953.76112,10.635,0.047
1954.76957,10.621,0.045
1958.75685,10.612,0.046
1961.74654,10.552,0.046
1962.78129,10.599,0.055
1963.75188,10.538,0.048
1964.75679,10.52,0.047
1965.74037,10.482,0.046
1966.74904,10.494,0.046
1967.75387,10.51,0.046
1968.73945,10.529,0.048
1971.75155,10.569,0.051
1977.70021,10.627,0.056
1978.73622,10.676,0.056
1979.71251,10.612,0.055
1980.70408,10.606,0.054
1981.72629,10.572,0.05
1982.70402,10.614,0.048
1984.7026,10.653,0.054
1985.69506,10.664,0.054
2025.59309,10.538,0.064
2034.5859,10.628,0.072
2053.56535,10.555,0.073
2055.54732,10.594,0.077
2056.55571,10.607,0.073
2071.5274,10.564,0.076
2079.49109,10.526,0.043
2083.5511,10.611,0.076
2086.47646,10.584,0.076
2116.46281,10.554,0.04
2116.46904,10.627,0.07
2125.49111,10.578,0.058
2125.50192,10.61,0.077
2129.50463,10.582,0.069
2135.47981,10.548,0.062
2144.5203,10.589,0.049
2442.48621,10.491,0.038
2445.56331,10.579,0.067
2452.46918,10.575,0.039
2454.515,10.65,0.065
2459.48312,10.651,0.041
2463.46636,10.574,0.04
2465.50126,10.535,0.039
2467.48653,10.496,0.039
2469.482,10.496,0.043
2473.4598,10.539,0.047
2482.49199,10.61,0.047
2491.47912,10.591,0.048
2497.4899,10.473,0.047
2499.50833,10.535,0.048
2502.50138,10.593,0.047
2503.5201,10.612,0.053
2511.5012,10.688,0.068
2521.47515,10.529,0.063
2526.47965,10.519,0.049
2622.84711,10.596,0.049
2623.84619,10.597,0.048
2625.84117,10.623,0.052
2629.80608,10.636,0.059
2629.82912,10.602,0.051
2635.80432,10.648,0.062
2638.83659,10.492,0.059
2639.82933,10.534,0.047
2641.84862,10.535,0.047
2643.82087,10.586,0.052
2644.84221,10.603,0.049
2646.81706,10.592,0.046
2649.84763,10.62,0.055
2650.79479,10.579,0.042
2651.82633,10.617,0.049
2652.82932,10.626,0.058
2654.8618,10.638,0.049
2657.81848,10.543,0.051
2658.78782,10.553,0.046
2659.82692,10.526,0.049
2660.85217,10.535,0.057
2661.83864,10.506,0.058
2662.81052,10.506,0.044
2663.83438,10.484,0.059
2664.82703,10.477,0.041
2665.86545,10.487,0.072
2666.85935,10.52,0.049
2669.79596,10.569,0.044
2669.81487,10.549,0.045
2672.79516,10.578,0.042
2672.81787,10.605,0.049
2674.83121,10.593,0.042
2676.79658,10.595,0.044
2677.79886,10.56,0.053
2678.78292,10.586,0.046
2680.78063,10.618,0.048
2681.79626,10.593,0.051
2683.78911,10.57,0.051
2684.75029,10.639,0.046
2685.78729,10.585,0.056
2686.76102,10.584,0.052
2688.75216,10.559,0.049
2689.78242,10.486,0.057
2690.75895,10.506,0.049
2691.77291,10.473,0.053
2692.81607,10.512,0.041
2693.85703,10.469,0.061
2694.75916,10.526,0.046
2695.8016,10.53,0.05
2697.73261,10.561,0.053
2698.77534,10.519,0.061
2700.82252,10.569,0.051
2701.74429,10.581,0.045
2703.74276,10.603,0.04
2704.80002,10.583,0.056
2705.7351,10.603,0.045
2706.77906,10.588,0.05
2707.73452,10.603,0.047
2709.70055,10.593,0.039
2711.67379,10.612,0.044
2712.81173,10.561,0.048
2714.69089,10.564,0.041
2717.69629,10.509,0.047
2719.85174,10.494,0.058
2721.72703,10.474,0.049
2724.86407,10.547,0.041
2726.7246,10.565,0.057
2728.71302,10.597,0.054
2730.70939,10.599,0.061
2732.82376,10.575,0.047
2736.65997,10.594,0.045
2738.6624,10.607,0.053
2740.68138,10.558,0.056
2742.59383,10.501,0.051
2743.75156,10.548,0.063
2749.81202,10.528,0.065
2751.59677,10.525,0.043
2755.61817,10.555,0.039
2756.75352,10.603,0.041
2757.84036,10.666,0.048
2761.61946,10.591,0.039
2762.72905,10.601,0.054
2763.84345,10.671,0.073
2775.65241,10.52,0.048
2782.6901,10.578,0.055
2784.61351,10.626,0.04
2785.75836,10.665,0.058
2787.70038,10.578,0.054
2790.76388,10.636,0.068
2793.52791,10.592,0.045
2796.52007,10.653,0.058
2808.67604,10.571,0.064
2810.55866,10.548,0.046
2811.71324,10.628,0.059
2813.6438,10.619,0.07
2819.54639,10.584,0.054
2821.57674,10.647,0.064
2826.55403,10.589,0.047
2829.57579,10.428,0.058
2831.59918,10.505,0.045
2833.57115,10.547,0.068
2834.6385,10.601,0.076
2836.55211,10.545,0.044
2839.60808,10.609,0.063
2842.53207,10.598,0.072
2845.52838,10.596,0.039
2853.48162,10.679,0.048
2854.56593,10.581,0.045
2858.56724,10.47,0.054
2862.53789,10.519,0.056
2866.55547,10.598,0.057
2875.50406,10.575,0.064
2877.50283,10.655,0.055
2879.50785,10.627,0.054
2883.48782,10.542,0.05
2885.50676,10.531,0.064
2975.83841,10.554,0.042
2978.85003,10.583,0.055
2980.85407,10.589,0.042
2982.83503,10.739,0.067
2986.82788,10.598,0.044
2986.84823,10.631,0.045
2989.84393,10.571,0.044
2996.8412,10.535,0.054
2998.83872,10.486,0.051
3005.8027,10.619,0.055
3006.84533,10.531,0.062
3008.82491,10.625,0.043
3012.79769,10.59,0.063
3016.8379,10.642,0.043
3016.86668,10.567,0.055
3019.82305,10.693,0.066
3025.79491,10.483,0.053
3030.78033,10.559,0.05
3030.80555,10.533,0.055
3033.80433,10.601,0.043
3036.81666,10.605,0.044
3041.79815,10.606,0.057
3043.82074,10.616,0.046
3047.7597,10.609,0.055
3051.7476,10.529,0.039
3053.82545,10.517,0.054
3056.77653,10.49,0.051
3059.7479,10.599,0.071
3061.80724,10.586,0.041
3064.74493,10.65,0.056
3067.83173,10.617,0.057
3069.79079,10.636,0.058
3071.77895,10.668,0.047
3073.86074,10.608,0.061
3076.70796,10.614,0.054
3078.75964,10.567,0.044
3080.78044,10.54,0.074
3082.85045,10.514,0.068
3089.66963,10.599,0.046
3090.70892,10.599,0.041
3091.73642,10.573,0.053
3093.71989,10.642,0.055
3097.69728,10.599,0.044
3099.74342,10.598,0.064
3101.77445,10.672,0.061
3103.80577,10.638,0.063
3105.7828,10.659,0.061
3107.78517,10.568,0.058
3109.82413,10.513,0.06
3112.60984,10.459,0.043
3114.67361,10.532,0.057
3116.66874,10.552,0.053
3125.64164,10.629,0.063
3127.65664,10.685,0.056
3129.70164,10.62,0.05
3131.71768,10.58,0.066
3133.72081,10.6,0.045
3134.70854,10.567,0.052
3144.73268,10.56,0.057
3153.61354,10.582,0.058
3158.67813,10.7,0.07
3160.68038,10.631,0.048
3163.68993,10.582,0.065
3165.69314,10.484,0.06
3168.71351,10.507,0.062
3177.7118,10.631,0.047
3177.75285,10.614,0.047
3180.61314,10.595,0.045
3183.60719,10.639,0.061
3185.59876,10.645,0.062
3187.62969,10.654,0.062
3219.52181,10.531,0.049
3354.84551,10.643,0.067
3358.83211,10.563,0.069
3363.85551,10.479,0.063
3387.82153,10.521,0.06
3388.80435,10.54,0.065
3390.82462,10.462,0.062
3391.82985,10.475,0.06
3394.84265,10.66,0.057
3397.82013,10.574,0.042
3398.84831,10.594,0.058
3400.81328,10.636,0.044
3400.82153,10.593,0.034
3402.82313,10.598,0.042
3403.84462,10.631,0.072
3405.83771,10.617,0.072
3406.79118,10.629,0.07
3409.79527,10.64,0.065
3411.82429,10.573,0.06
3412.78472,10.584,0.057
3414.80777,10.533,0.055
3415.76193,10.543,0.058
3417.82658,10.484,0.067
3418.75276,10.534,0.066
3420.79302,10.5,0.068
3422.82649,10.585,0.068
3423.78325,10.51,0.062
3424.80858,10.593,0.047
3425.81647,10.637,0.059
3426.78932,10.629,0.057
3430.85161,10.608,0.045
3433.72615,10.652,0.054
3436.77709,10.61,0.062
3436.81794,10.591,0.059
3439.76639,10.6,0.067
3439.78955,10.59,0.057
3445.78715,10.48,0.056
3449.78269,10.584,0.048
3450.725,10.527,0.053
3452.68479,10.558,0.056
3453.68096,10.638,0.064
3454.73463,10.618,0.057
3455.70313,10.582,0.06
3456.74373,10.614,0.059
3458.7356,10.598,0.048
3460.75026,10.589,0.064
3462.68706,10.587,0.062
3463.64957,10.587,0.067
3465.70717,10.602,0.063
3468.68776,10.604,0.064
3470.6993,10.547,0.058
3472.73205,10.524,0.043
3474.66048,10.468,0.054
3474.7438,10.498,0.068
3479.66073,10.584,0.072
3481.65663,10.596,0.062
3483.67282,10.626,0.068
3486.79202,10.605,0.069
3489.8015,10.639,0.065
3491.82345,10.606,0.073
3497.82824,10.59,0.064
3500.6062,10.487,0.044
3501.5033,10.521,0.068
3503.59821,10.522,0.065
3506.61354,10.521,0.052
3509.64087,10.591,0.056
3511.68668,10.623,0.064
3515.69137,10.622,0.047
3517.67674,10.61,0.068
3521.6018,10.621,0.064
3525.62516,10.66,0.064
3538.57426,10.618,0.064
3540.61436,10.584,0.059
3550.60827,10.599,0.052
3552.67274,10.605,0.052
3555.67187,10.575,0.047
3563.55096,10.577,0.07
3569.63381,10.654,0.059
3573.59345,10.638,0.055
3575.60549,10.61,0.058
3578.54974,10.589,0.068
3584.53706,10.506,0.065
3589.48913,10.554,0.066
3593.5482,10.61,0.064
3597.54848,10.604,0.062
3601.5406,10.614,0.07
3604.49626,10.663,0.079
3608.48879,10.602,0.068
3618.48402,10.539,0.069
3622.47883,10.602,0.061
3714.84733,10.637,0.069
3719.83825,10.621,0.072
3724.83177,10.507,0.071
3726.84075,10.467,0.064
3727.83167,10.512,0.08
3731.84263,10.585,0.071
3733.84429,10.596,0.059
3735.8122,10.612,0.069
3737.83505,10.605,0.065
3738.85876,10.595,0.066
3741.83281,10.571,0.063
3742.80589,10.593,0.069
3745.82593,10.573,0.066
3746.80578,10.63,0.077
3749.82538,10.495,0.071
3750.80439,10.556,0.071
3753.81701,10.457,0.07
3753.82992,10.533,0.072
3756.82197,10.518,0.067
3757.81274,10.485,0.061
3762.82895,10.654,0.075
3763.84897,10.592,0.069
3765.81968,10.632,0.077
3767.815,10.672,0.069
3769.77477,10.587,0.078
3772.80726,10.655,0.067
3775.79181,10.645,0.068
3775.83504,10.633,0.065
3779.77192,10.555,0.073
3783.81202,10.469,0.071
3788.80836,10.586,0.066
3788.84917,10.583,0.064
3791.74996,10.65,0.071
3791.79714,10.604,0.066
3793.80142,10.619,0.068
3796.74013,10.594,0.061
3797.76854,10.58,0.064
3798.8027,10.607,0.073
3800.76851,10.637,0.077
3801.72167,10.568,0.079
3803.76308,10.475,0.073
3804.71141,10.594,0.072
3806.77858,10.534,0.066
3808.76456,10.468,0.065
3809.75836,10.49,0.07
3810.81968,10.485,0.064
3811.79559,10.537,0.065
3813.7245,10.544,0.069
3814.69069,10.552,0.068
3816.73905,10.562,0.067
3817.82335,10.62,0.064
3818.80349,10.631,0.072
3820.70898,10.608,0.068
3821.66829,10.626,0.071
3822.76672,10.615,0.065
3823.71881,10.582,0.072
3825.69654,10.567,0.071
3825.74234,10.624,0.073
3827.80963,10.63,0.063
3830.64629,10.666,0.077
3830.67512,10.568,0.067
3832.69703,10.61,0.066
3832.72578,10.537,0.068
3834.68678,10.545,0.066
3834.71186,10.516,0.062
3836.70369,10.53,0.068
3848.64427,10.642,0.085
3848.69638,10.636,0.082
3850.66374,10.65,0.07
3852.67043,10.605,0.068
3852.72156,10.563,0.057
3856.72476,10.64,0.071
3861.56987,10.575,0.06
3861.65979,10.585,0.057
3863.60537,10.563,0.063
3865.62075,10.493,0.065
3867.66625,10.489,0.069
3869.67717,10.581,0.074
3871.66603,10.555,0.066
3874.7494,10.694,0.065
3877.56782,10.651,0.06
3882.6152,10.598,0.066
3886.6475,10.63,0.066
3890.62589,10.566,0.06
3892.61612,10.516,0.059
3894.64824,10.51,0.051
3897.69679,10.546,0.077
3900.52261,10.583,0.065
3902.55999,10.603,0.067
3904.57066,10.642,0.068
3906.58523,10.624,0.065
3908.58357,10.6,0.066
3912.68563,10.618,0.067
4089.83777,10.508,0.049
4104.80324,10.688,0.054
4104.82189,10.513,0.056
4107.83086,10.591,0.043
4109.84838,10.6,0.047
4121.80352,10.535,0.048
4126.83677,10.624,0.043
4127.85471,10.639,0.044
4129.82012,10.648,0.044
4131.79831,10.588,0.047
4132.8337,10.642,0.048
4134.82774,10.612,0.049
4135.80626,10.65,0.049
4137.8276,10.606,0.044
4140.8338,10.518,0.043
4141.7828,10.54,0.046
4143.8366,10.554,0.045
4144.77596,10.533,0.065
4146.8196,10.491,0.049
4150.82349,10.598,0.044
4151.71687,10.579,0.042
4153.78661,10.596,0.046
4153.81867,10.612,0.043
4156.74367,10.64,0.047
4156.78478,10.598,0.044
4158.81302,10.599,0.048
4159.76739,10.558,0.045
4160.8283,10.605,0.051
4161.84181,10.65,0.047
4162.78689,10.638,0.057
4163.81798,10.598,0.059
4164.79113,10.641,0.055
4165.8297,10.605,0.057
4167.73979,10.601,0.047
4168.83448,10.583,0.049
4172.79684,10.512,0.045
4173.82064,10.543,0.047
4175.69493,10.523,0.055
4176.7386,10.495,0.047
4177.84079,10.539,0.047
4179.78605,10.628,0.049
4180.72241,10.664,0.052
4182.71431,10.607,0.045
4182.81416,10.63,0.047
4184.77399,10.676,0.05
4185.67245,10.672,0.065
4188.71598,10.595,0.037
4188.7771,10.611,0.04
4190.74874,10.657,0.046
4190.7511,10.574,0.041
4192.73828,10.622,0.043
4192.74748,10.567,0.042
4194.76589,10.629,0.046
4194.77516,10.515,0.043
4197.7698,10.542,0.051
4197.79396,10.509,0.054
4200.70308,10.526,0.04
4200.72224,10.48,0.038
4203.70648,10.552,0.042
4203.72157,10.516,0.038
4205.71201,10.591,0.046
4205.72711,10.518,0.046
4208.77774,10.543,0.053
4208.81193,10.621,0.055
4213.68319,10.587,0.048
4213.70259,10.549,0.044
4216.67279,10.621,0.046
4216.68806,10.572,0.041
4227.61588,10.52,0.04
4227.65967,10.475,0.039
4228.82186,10.484,0.045
4229.66323,10.49,0.038
4230.7931,10.501,0.043
4232.79347,10.501,0.05
4233.6722,10.537,0.035
4235.53612,10.751,0.042
4235.6728,10.576,0.041
4237.58647,10.628,0.053
4246.57005,10.668,0.05
4246.60501,10.866,0.038
4249.56867,10.592,0.047
4253.56966,10.574,0.043
4254.72965,10.526,0.048
4257.55553,10.507,0.05
4259.57994,10.539,0.044
4267.60741,10.65,0.05
4267.6329,10.623,0.047
4269.64044,10.634,0.049
4269.66286,10.65,0.043
4272.58683,10.648,0.04
4272.60365,10.608,0.038
4274.6062,10.623,0.04
4277.59589,10.656,0.044
4277.60249,10.6,0.039
4283.65539,10.513,0.055
4285.64293,10.464,0.049
4289.63897,10.541,0.045
4291.64271,10.588,0.04
4293.6331,10.606,0.041
4295.64894,10.615,0.044
4297.63956,10.629,0.054
4299.60963,10.587,0.048
4301.56839,10.636,0.052
4301.57152,10.578,0.045
4303.58181,10.651,0.041
4303.58574,10.598,0.038
4305.56248,10.602,0.042
4305.56561,10.585,0.038
4307.58272,10.591,0.048
4310.59472,10.571,0.047
4312.59173,10.516,0.054
4315.55676,10.49,0.037
4316.55903,10.572,0.047
4330.47854,10.626,0.044
4332.5018,10.639,0.043
4334.52189,10.624,0.043
4338.52795,10.527,0.044
4341.50894,10.621,0.047
4344.49554,10.516,0.047
4346.50338,10.599,0.048
4349.48139,10.605,0.048
4352.48141,10.624,0.042
4356.47879,10.646,0.047
4432.85053,10.616,0.05
4436.83881,10.653,0.048
4436.85038,10.602,0.048
4440.84268,10.603,0.045
4453.83181,10.509,0.046
4455.84578,10.444,0.047
4457.82965,10.582,0.05
4459.84078,10.538,0.053
4461.81818,10.623,0.048
4463.85392,10.595,0.043
4464.83187,10.672,0.046
4467.83341,10.534,0.051
4468.80956,10.623,0.047
4471.85373,10.54,0.056
4472.83692,10.62,0.069
4476.84436,10.592,0.059
4478.81808,10.512,0.056
4479.83966,10.469,0.048
4482.81621,10.648,0.055
4484.84616,10.542,0.044
4486.80324,10.559,0.051
4487.81731,10.598,0.046
4490.81026,10.595,0.04
4491.80631,10.724,0.054
4493.84695,10.595,0.042
4494.81675,10.614,0.045
4497.84647,10.606,0.038
4498.82193,10.615,0.043
4500.83943,10.615,0.057
4501.80688,10.627,0.046
4504.79621,10.544,0.059
4504.80076,10.555,0.038
4507.78353,10.501,0.05
4507.82048,10.511,0.048
4510.78036,10.552,0.049
4510.81219,10.58,0.05
4514.83977,10.589,0.048
4517.75341,10.826,0.05
4519.78434,10.589,0.048
4520.79187,10.617,0.047
4522.73713,10.663,0.042
4523.77549,10.719,0.04
4524.79415,10.632,0.043
4525.84065,10.596,0.04
4526.86097,10.647,0.043
4528.77161,10.556,0.043
4529.72657,10.591,0.043
4531.76636,10.525,0.04
4531.78224,10.561,0.042
4535.72741,10.557,0.045
4535.76318,10.462,0.043
4537.76453,10.519,0.041
4537.80474,10.529,0.038
4540.6958,10.553,0.059
4540.73612,10.535,0.057
4542.73623,10.608,0.051
4543.71957,10.604,0.048
4545.76716,10.592,0.065
4546.76813,10.639,0.05
4547.77569,10.609,0.045
4548.75919,10.649,0.052
4550.70664,10.586,0.046
4551.69688,10.646,0.047
4552.76541,10.579,0.041
4553.72972,10.632,0.045
4554.7863,10.604,0.05
4555.75702,10.572,0.043
4557.68792,10.574,0.041
4557.90505,10.643,0.047
4559.74929,10.568,0.041
4560.64532,10.554,0.042
4561.79827,10.509,0.041
4562.69779,10.509,0.045
4564.67475,10.473,0.04
4564.77623,10.467,0.048
4566.72687,10.512,0.041
4566.77199,10.52,0.044
4568.73481,10.559,0.04
4569.61678,10.564,0.045
4570.79185,10.585,0.04
4571.66571,10.613,0.046
4572.69367,10.592,0.042
4573.68252,10.688,0.047
4574.68844,10.568,0.046
4575.69853,10.635,0.048
4576.71177,10.62,0.048
4577.85195,10.623,0.056
4580.67471,10.607,0.045
4583.64444,10.581,0.041
4583.74997,10.655,0.046
4586.67561,10.594,0.037
4586.74417,10.595,0.044
4588.70483,10.52,0.043
4588.79225,10.552,0.049
4590.77047,10.471,0.048
4590.83014,10.505,0.046
4592.84712,10.465,0.043
4593.56127,10.529,0.046
4595.58978,10.53,0.038
4595.60631,10.541,0.042
4597.59883,10.541,0.041
4597.64604,10.579,0.04
4599.62175,10.625,0.048
4599.71131,10.575,0.047
4601.63392,10.642,0.046
4601.65487,10.604,0.039
4603.65863,10.62,0.05
4603.67793,10.625,0.045
4607.66503,10.617,0.05
4607.67961,10.524,0.076
4610.55519,10.653,0.045
4610.56833,10.603,0.044
4612.60346,10.673,0.058
4612.61751,10.605,0.059
4616.61407,10.549,0.042
4623.6918,10.545,0.046
4626.5455,10.566,0.043
4626.5617,10.585,0.045
4630.57041,10.635,0.044
4630.58511,10.575,0.04
4632.60131,10.564,0.046
4632.61449,10.605,0.045
4639.60634,10.61,0.043
4639.62437,10.645,0.043
4641.63859,10.609,0.046
4641.64969,10.599,0.038
4643.63926,10.55,0.049
4643.65278,10.492,0.062
4645.64882,10.56,0.051
4645.65805,10.503,0.043
4647.73009,10.483,0.046
4648.53715,10.475,0.045
4649.70931,10.467,0.055
4650.6082,10.535,0.078
4652.54094,10.513,0.048
4652.62968,10.54,0.045
4654.52713,10.612,0.042
4654.59908,10.579,0.047
4656.53843,10.598,0.045
4656.58585,10.649,0.05
4658.63441,10.656,0.053
4658.64841,10.594,0.058
4661.52802,10.58,0.047
4661.53696,10.61,0.049
4663.59858,10.63,0.052
4663.6069,10.597,0.057
4665.66944,10.659,0.049
4666.55269,10.658,0.048
4669.51609,10.598,0.045
4671.61063,10.591,0.039
4672.50937,10.617,0.046
4674.57547,10.52,0.047
4677.62349,10.484,0.047
4678.55751,10.55,0.056
4679.63579,10.513,0.041
4681.51361,10.581,0.052
4682.61763,10.54,0.041
4683.5173,10.64,0.054
4684.58889,10.597,0.044
4685.52298,10.612,0.053
4686.55963,10.607,0.046
4687.53475,10.614,0.049
4690.58354,10.576,0.04
4693.52971,10.632,0.06
4694.54705,10.58,0.053
4697.53222,10.592,0.044
4698.54838,10.576,0.046
4700.49973,10.591,0.045
4702.50709,10.481,0.048
4702.56933,10.505,0.042
4704.52004,10.476,0.052
4704.5555,10.488,0.044
4708.513,10.533,0.051
4708.53875,10.515,0.051
4711.49318,10.661,0.051
4711.50805,10.591,0.057
4716.51789,10.7,0.046
4722.48652,10.593,0.047
4726.48228,10.556,0.055
4729.48103,10.494,0.046
4802.84548,10.58,0.052
4806.75379,10.715,0.051
4806.85367,10.628,0.046
4815.82551,10.475,0.058
4819.8527,10.555,0.049
4820.83728,10.498,0.046
4823.82099,10.601,0.044
4824.84285,10.606,0.045
4827.81211,10.652,0.043
4828.84818,10.585,0.042
4831.81082,10.632,0.045
4834.8354,10.65,0.047
4836.83801,10.627,0.05
4838.79952,10.597,0.044
4845.84767,10.535,0.051
4848.81601,10.529,0.051
4848.83198,10.569,0.047
4851.85702,10.627,0.046
4855.83438,10.617,0.046
4855.86773,10.568,0.054
4860.88002,10.573,0.047
4861.81646,10.541,0.061
4863.8362,10.642,0.048
4865.79572,10.581,0.054
4867.7867,10.595,0.05
4868.84405,10.499,0.043
4870.7937,10.558,0.046
4871.83018,10.486,0.053
4875.82236,10.531,0.045
4876.8214,10.566,0.048
4879.777,10.608,0.045
4881.80557,10.621,0.043
4882.756,10.637,0.047
4884.79452,10.605,0.041
4885.77273,10.591,0.06
4887.81161,10.611,0.072
4888.74321,10.645,0.061
4890.78015,10.589,0.058
4891.73304,10.658,0.06
4894.83338,10.551,0.056
4895.80275,10.572,0.065
4899.8133,10.514,0.073
4903.82009,10.562,0.07
4906.69594,10.643,0.066
4906.80913,10.537,0.068
4908.77865,10.627,0.066
4909.72929,10.619,0.068
4914.78254,10.631,0.067
4914.87825,10.752,0.067
4917.66902,10.676,0.065
4917.7528,10.644,0.06
4919.71807,10.599,0.063
4919.78748,10.596,0.06
4921.8351,10.621,0.066
4926.70962,10.507,0.064
4926.73769,10.531,0.061
4929.75396,10.516,0.074
4929.77707,10.507,0.071
4932.71286,10.574,0.075
4932.74133,10.538,0.073
4934.73629,10.649,0.08
4936.77783,10.622,0.072
4937.64831,10.597,0.064
4938.83915,10.627,0.068
4939.7086,10.561,0.063
4946.68231,10.643,0.064
4946.8632,10.565,0.066
4948.77515,10.598,0.065
4953.62874,10.556,0.08
4955.63519,10.563,0.08
4962.61138,10.677,0.072
4962.64411,10.617,0.064
4966.75856,10.587,0.072
4966.7834,10.619,0.071
4968.79371,10.561,0.068
4968.822,10.576,0.066
4972.59818,10.633,0.075
4972.61116,10.596,0.061
4984.59977,10.517,0.065
4984.62076,10.45,0.063
4988.65355,10.621,0.079
4994.65081,10.656,0.067
5006.63152,10.581,0.071
5006.74006,10.525,0.065
5009.5664,10.448,0.069
5014.57739,10.533,0.068
5014.58145,10.499,0.061
5017.62443,10.613,0.079
5021.68876,10.589,0.062
5022.49386,10.573,0.071
5023.69179,10.592,0.059
5024.50034,10.623,0.065
5031.55725,10.614,0.062
5031.57202,10.593,0.055
5037.50835,10.547,0.06
5037.52064,10.499,0.053
5039.50555,10.531,0.065
5039.51223,10.45,0.062
5041.51557,10.528,0.06
5041.52228,10.501,0.056
5048.51915,10.634,0.067
5048.53145,10.552,0.06
5057.5416,10.598,0.066
5063.54666,10.553,0.06
5066.56261,10.451,0.07
5067.48184,10.522,0.075
5085.50257,10.566,0.058
5087.47853,10.634,0.072
5088.49865,10.554,0.071
