1900.84892,12.949,0.045
1900.85144,12.999,0.049
1905.8638,13.856,0.051
1907.8604,13.451,0.037
1914.81275,12.881,0.052
1919.82466,13.662,0.042
1928.78282,12.794,0.067
1929.86208,12.917,0.035
1931.80857,13.542,0.041
1933.81374,13.887,0.038
1935.86,13.82,0.039
1937.85276,12.923,0.038
1939.84162,12.732,0.04
1955.80251,12.93,0.051
1961.77633,13.48,0.043
1964.78728,13.406,0.042
1967.78691,12.604,0.043
1968.77869,12.544,0.046
1982.734,12.607,0.043
1994.71637,13.23,0.052
1997.70086,12.542,0.054
2025.61775,12.696,0.045
2026.63052,12.613,0.056
2027.62686,12.906,0.054
2030.60871,12.785,0.068
2032.6112,13.242,0.049
2052.55394,13.464,0.057
2055.55704,12.788,0.06
2103.49627,12.835,0.06
2106.47125,13.529,0.062
2130.47083,12.779,0.061
2134.46957,13.467,0.06
2465.50435,13.074,0.047
2467.51001,13.511,0.046
2474.48554,12.56,0.057
2489.48041,12.872,0.051
2624.85469,13.088,0.03
2630.85434,13.733,0.038
2638.85134,12.915,0.033
2642.8468,13.967,0.03
2646.82359,12.946,0.032
2650.82248,12.767,0.034
2660.81221,13.08,0.03
2666.80742,13.168,0.034
2669.84734,13.511,0.032
2672.83961,13.877,0.054
2677.80655,12.634,0.038
2679.8156,12.934,0.049
2681.79707,12.924,0.038
2692.83759,12.772,0.031
2694.7756,12.763,0.031
2697.79473,13.226,0.034
2699.76264,13.688,0.029
2701.7585,13.787,0.033
2703.75695,13.336,0.035
2705.74935,12.588,0.031
2707.74875,12.953,0.034
2709.72108,12.905,0.026
2711.7169,12.904,0.033
2713.70767,13.539,0.03
2714.81246,13.926,0.029
2719.7655,12.737,0.033
2723.71726,12.734,0.049
2724.88358,12.953,0.03
2726.73885,13.113,0.028
2728.7204,13.792,0.03
2733.7219,12.952,0.03
2734.79618,12.599,0.033
2736.69443,12.785,0.032
2738.69008,12.837,0.029
2742.63423,13.622,0.033
2747.69015,13.064,0.034
2750.73216,12.728,0.037
2751.81508,12.889,0.039
2754.67276,12.971,0.036
2757.80673,13.544,0.043
2759.66122,13.774,0.032
2760.74293,13.684,0.03
2762.70757,12.933,0.04
2764.6749,12.7,0.038
2766.72049,12.882,0.038
2782.59151,12.811,0.028
2783.7342,12.96,0.052
2785.66228,13.443,0.03
2787.61353,13.871,0.034
2790.63882,13.409,0.033
2793.53519,12.804,0.053
2796.53653,12.796,0.044
2805.67487,13.053,0.033
2809.67702,12.814,0.034
2811.63338,12.809,0.032
2813.61494,13.145,0.039
2820.63586,12.896,0.032
2838.51072,12.864,0.042
2841.52114,13.043,0.032
2851.51691,12.697,0.037
2866.51425,12.871,0.033
2877.4862,13.233,0.032
2996.85666,12.877,0.031
3005.85293,13.736,0.031
3009.83672,12.535,0.033
3013.84979,12.853,0.035
3025.87158,12.875,0.037
3030.85967,13.183,0.042
3034.82611,13.357,0.039
3042.80825,12.964,0.039
3051.79602,12.928,0.041
3054.79779,12.886,0.034
3057.79565,12.878,0.032
3057.79845,12.943,0.029
3057.80726,12.711,0.034
3059.84925,13.313,0.033
3066.78109,12.762,0.034
3068.7958,12.817,0.044
3070.78355,12.939,0.032
3075.79198,13.806,0.036
3082.80211,12.618,0.032
3086.76983,12.955,0.029
3088.81519,13.278,0.031
3093.69053,13.69,0.03
3097.70512,12.727,0.031
3102.71839,13.025,0.046
3106.7317,13.674,0.04
3110.82293,12.683,0.035
3113.63966,12.934,0.036
3115.67176,12.842,0.047
3118.71469,13.615,0.03
3124.67034,12.969,0.028
3142.66119,12.921,0.031
3145.67528,13.13,0.032
3162.64441,13.736,0.033
3164.66146,13.859,0.039
3167.6442,13.112,0.03
3169.66906,12.592,0.032
3176.66819,13.654,0.029
3185.48638,12.819,0.031
3187.54043,12.844,0.031
3385.83587,12.733,0.056
3388.85911,12.937,0.051
3392.85913,13.309,0.052
3396.84212,13.797,0.042
3404.84208,12.837,0.044
3407.82728,13.47,0.072
3410.83535,13.722,0.049
3413.80438,13.155,0.049
3416.80434,12.94,0.04
3419.79572,12.963,0.047
3432.82645,12.856,0.08
3439.77979,13.852,0.037
3443.74091,12.572,0.071
3445.77096,12.755,0.091
3447.79996,12.748,0.094
3449.79353,13,0.078
3452.71063,13.839,0.044
3458.74349,12.562,0.075
3460.75961,12.859,0.069
3463.68402,12.886,0.038
3465.72282,13.489,0.037
3468.70073,13.954,0.039
3473.75194,12.663,0.043
3474.7842,12.982,0.045
3475.84185,12.905,0.05
3477.63767,12.94,0.044
3479.67148,13.19,0.05
3481.66806,13.777,0.042
3489.68537,12.954,0.055
3491.69043,12.77,0.082
3497.71005,13.992,0.053
3497.71274,13.907,0.036
3500.72593,13.009,0.073
3503.5733,12.857,0.04
3506.61128,12.904,0.047
3516.59208,12.515,0.034
3520.56556,12.806,0.071
3522.58151,13.18,0.098
3524.58681,13.562,0.084
3526.59525,13.696,0.062
3530.60245,12.701,0.078
3540.51851,13.686,0.068
3550.5551,13.04,0.056
3556.54515,13.603,0.05
3559.56088,12.652,0.063
3561.57488,12.829,0.04
3573.56026,12.831,0.042
3575.57509,12.681,0.044
3578.53995,12.893,0.078
3583.53179,13.632,0.059
3586.50376,13.443,0.086
3589.48411,12.772,0.092
3600.48844,13.623,0.055
3603.47916,12.612,0.066
3607.47291,12.958,0.082
3740.85521,13.737,0.044
3743.85183,13.718,0.058
3744.85773,13.815,0.053
3747.84586,13.417,0.037
3748.8481,12.666,0.042
3751.83017,12.698,0.045
3752.83887,12.886,0.043
3759.82871,13.566,0.075
3759.83239,13.544,0.044
3763.82525,12.633,0.064
3767.82889,12.987,0.037
3770.85582,13.698,0.047
3770.85804,13.564,0.082
3774.79485,13.47,0.033
3778.79892,12.917,0.091
3780.80899,12.841,0.053
3787.86225,13.628,0.083
3787.8913,13.7,0.054
3790.78241,12.697,0.04
3793.76807,12.917,0.042
3793.77788,12.768,0.041
3799.75645,13.951,0.057
3804.78165,13.041,0.078
3804.79805,12.837,0.048
3807.83262,12.797,0.056
3813.77245,13.831,0.078
3814.80014,13.517,0.048
3815.84404,14.174,0.081
3816.8244,13.864,0.089
3818.70818,13.361,0.059
3820.7715,12.679,0.071
3821.80061,12.808,0.068
3822.81554,12.906,0.04
3824.68724,12.926,0.04
3825.68995,12.871,0.054
3826.73418,13.133,0.066
3828.76411,13.777,0.062
3829.82633,13.972,0.052
3832.67114,13.345,0.054
3834.69694,12.473,0.096
3847.73464,13.245,0.075
3849.69879,12.641,0.045
3849.74228,12.597,0.098
3851.69827,12.986,0.089
3851.74347,12.951,0.091
3853.7333,12.822,0.034
3853.7907,12.937,0.072
3856.60233,13.456,0.039
3862.63251,12.962,0.076
3867.69775,12.85,0.053
3869.72154,13.016,0.06
3871.71191,14.007,0.076
3875.63543,13.315,0.087
3877.71142,12.695,0.055
3880.70368,12.842,0.038
3882.60897,12.85,0.091
3883.53233,13.058,0.046
3886.6298,13.948,0.07
3887.56612,13.766,0.069
3896.54094,12.883,0.035
3898.56747,13.118,0.054
3902.59865,13.962,0.037
3904.6216,13.639,0.073
3906.63774,12.589,0.078
3908.63171,12.832,0.085
3912.6617,13.068,0.076
4105.85328,14.037,0.073
4135.83477,13.241,0.055
4135.8383,13.765,0.045
4140.87159,12.886,0.073
4143.82839,12.937,0.044
4144.8142,13.108,0.047
4146.80696,13.651,0.087
4150.8062,13.378,0.062
4153.78676,12.724,0.05
4154.78134,12.898,0.053
4160.76436,13.547,0.033
4163.76792,13.316,0.045
4168.80209,12.75,0.038
4173.7828,13.028,0.067
4176.73006,13.717,0.042
4179.7611,13.256,0.059
4181.79359,12.741,0.06
4184.69944,12.921,0.048
4184.71169,12.896,0.059
4187.82066,13.054,0.039
4190.69391,14.02,0.049
4196.67973,12.755,0.04
4202.6819,13.13,0.069
4204.70885,13.769,0.051
4207.72851,13.654,0.071
4207.73177,13.829,0.077
4215.70276,13.02,0.054
4215.75581,12.906,0.044
4228.73524,12.806,0.06
4230.65915,13.052,0.062
4230.73131,12.932,0.062
4232.73019,13.406,0.063
4234.72229,13.879,0.064
4250.57865,13.645,0.035
4253.57565,12.724,0.058
4254.57896,12.544,0.041
4256.64931,12.853,0.034
4259.6391,13.092,0.065
4267.53293,13.279,0.049
4269.59255,12.683,0.046
4281.49862,13.125,0.072
4283.53543,12.528,0.041
4285.5399,12.904,0.042
4289.53714,13.177,0.054
4289.54003,12.997,0.053
4291.55616,13.945,0.059
4293.54754,13.699,0.05
4295.55341,13.44,0.057
4297.55153,12.572,0.059
4305.47012,13.699,0.055
4315.52397,12.94,0.05
4317.48447,12.953,0.034
4332.47535,13.139,0.071
4478.86974,13.253,0.063
4486.8512,12.644,0.055
4497.87879,13.736,0.048
4500.85513,12.522,0.049
4503.83826,12.85,0.058
4506.8326,13.109,0.072
4514.81835,12.835,0.059
4514.82322,12.619,0.048
4517.79541,12.856,0.043
4517.8034,12.778,0.059
4522.82782,13.551,0.041
4525.76819,13.747,0.043
4528.77171,12.746,0.064
4531.75642,12.8,0.072
4535.76019,12.979,0.047
4537.78465,13.881,0.05
4538.73123,13.932,0.037
4542.85564,12.923,0.069
4543.71605,12.626,0.049
4545.75163,13.022,0.063
4550.77718,13.42,0.078
4552.80633,13.929,0.077
4552.80969,13.83,0.073
4557.68011,12.656,0.039
4557.69412,12.77,0.04
4559.72251,12.848,0.064
4559.72761,12.743,0.065
4561.75339,12.871,0.054
4561.77518,12.642,0.073
4564.66879,13.217,0.054
4564.6713,13.148,0.049
4566.70159,13.794,0.055
4566.71194,13.639,0.056
4568.72685,13.726,0.06
4570.73679,13.459,0.059
4570.77538,13.323,0.059
4572.67665,12.491,0.038
4572.68729,12.442,0.042
4577.81982,12.864,0.047
4583.73256,13.781,0.047
4586.72494,12.706,0.042
4588.77125,12.807,0.062
4591.5888,13.039,0.052
4591.59128,13.035,0.052
4593.66938,13.095,0.072
4595.62482,13.738,0.054
4595.63196,13.794,0.035
4597.6164,13.995,0.053
4597.62355,13.647,0.037
4599.6375,13.46,0.075
4606.61001,12.938,0.072
4608.6125,13.303,0.074
4608.64349,13.515,0.081
4610.72379,13.692,0.052
4616.59147,12.641,0.052
4622.60076,13.144,0.058
4626.64354,13.795,0.058
4632.52603,12.891,0.041
4632.52983,12.763,0.08
4639.54261,13.732,0.053
4639.57525,13.708,0.055
4641.58658,13.59,0.056
4641.60932,13.58,0.051
4643.6104,13.257,0.058
4647.62313,12.897,0.041
4648.51758,12.838,0.097
4652.56857,13.512,0.046
4652.60544,13.34,0.054
4659.49569,12.786,0.035
4661.59399,12.939,0.051
4662.5263,12.892,0.043
4664.50181,13.011,0.043
4664.55293,12.925,0.043
4666.56889,13.115,0.047
4672.55252,13.027,0.043
4677.46898,12.951,0.039
4687.47112,12.741,0.049
4697.49844,13.791,0.041
4703.47821,12.673,0.061
4708.4752,12.911,0.05
4835.85055,12.89,0.052
4839.84371,13.277,0.045
4843.84049,13.836,0.073
4844.86192,13.466,0.038
4851.84383,12.809,0.047
4851.85086,12.918,0.046
4856.8586,13.689,0.044
4857.82339,14.028,0.066
4861.86265,12.69,0.05
4865.82562,12.771,0.047
4868.84038,13.269,0.039
4868.84401,13.212,0.055
4877.85398,12.569,0.035
4877.85666,12.727,0.049
4886.80159,13.87,0.048
4889.76832,13.043,0.077
4892.76647,12.998,0.038
4892.77,12.904,0.049
4904.7833,12.879,0.077
4905.78654,12.656,0.042
4906.85992,12.791,0.049
4908.72523,12.88,0.043
4919.75473,12.621,0.066
4924.82438,12.922,0.051
4938.83138,12.68,0.061
4938.83474,13.032,0.08
4946.68793,13.249,0.069
4946.69987,13.412,0.045
4948.77978,12.655,0.066
4948.78551,12.633,0.068
4962.77354,12.973,0.064
4969.66266,13.013,0.061
4969.69483,12.989,0.077
5006.63388,12.746,0.089
5024.54778,12.775,0.047
