2653.87092,11.748,0.023
2659.85648,11.817,0.029
2664.84665,11.129,0.024
2668.87021,11.887,0.027
2672.86366,11.561,0.024
2678.82573,11.512,0.022
2683.82648,11.742,0.024
2685.8235,11.199,0.023
2693.80612,11.555,0.025
2698.82763,11.804,0.028
2700.81441,11.194,0.026
2704.79635,11.808,0.03
2710.76396,11.678,0.023
2712.75712,11.082,0.024
2717.7684,11.548,0.03
2720.71643,11.53,0.027
2722.72661,11.673,0.024
2724.73698,11.061,0.028
2726.736,11.514,0.032
2730.72752,11.05,0.034
2733.71651,11.132,0.023
2734.78569,11.722,0.027
2736.6982,11.11,0.024
2738.70517,11.483,0.024
2740.69893,11.677,0.022
2742.6668,10.986,0.029
2750.68133,11.499,0.024
2752.66622,11.701,0.024
2755.63736,11.622,0.024
2761.62701,11.655,0.023
2763.62574,10.994,0.023
2766.66157,11.14,0.031
2776.58339,11.608,0.024
2783.60912,11.523,0.022
2787.57013,10.981,0.022
2793.5451,11.084,0.025
2796.5465,11.037,0.029
2810.51718,11.458,0.024
2812.51727,11.607,0.021
2820.5248,11.008,0.02
2832.47102,11.102,0.022
2834.47673,11.42,0.023
2842.48745,11.65,0.028
2845.48368,11.58,0.022
3032.87367,11.634,0.03
3036.86344,11.357,0.034
3041.86586,11.655,0.03
3054.82397,11.359,0.022
3057.82302,11.331,0.024
3060.81256,11.31,0.024
3067.79571,11.655,0.031
3069.79635,11.273,0.027
3071.79206,11.597,0.028
3076.79566,11.442,0.024
3081.74807,11.302,0.036
3085.76055,11.689,0.034
3087.75974,11.374,0.032
3089.81096,11.706,0.033
3092.72008,11.611,0.032
3096.72955,11.315,0.023
3098.71955,11.611,0.024
3100.73609,11.62,0.028
3102.74819,11.283,0.028
3105.70415,11.305,0.027
3111.66899,11.186,0.023
3113.69061,11.593,0.023
3115.68964,11.757,0.025
3122.6578,11.54,0.023
3124.68473,11.742,0.021
3132.62532,11.179,0.026
3155.57364,11.436,0.031
3162.5329,11.089,0.032
3164.55209,11.554,0.023
3167.55544,11.522,0.023
3177.49398,11.001,0.025
3385.87217,11.171,0.026
3388.86243,11.22,0.03
3391.85583,11.222,0.024
3395.84462,11.663,0.025
3404.81461,11.68,0.028
3411.80652,11.375,0.026
3414.79514,11.35,0.025
3417.78679,11.336,0.026
3420.77758,11.374,0.028
3425.76871,11.581,0.03
3439.72798,11.691,0.026
3443.7177,11.637,0.027
3445.71201,11.768,0.028
3447.71428,11.322,0.031
3450.6983,11.286,0.033
3453.68618,11.237,0.026
3456.67675,11.313,0.027
3458.67587,11.594,0.026
3464.65673,11.614,0.026
3466.66297,11.781,0.023
3469.6552,11.749,0.023
3469.69137,11.443,0.028
3472.6362,11.82,0.027
3478.62264,11.879,0.026
3481.60603,11.767,0.027
3484.60657,11.747,0.036
3490.58552,11.764,0.031
3499.56706,11.802,0.035
3502.55535,11.715,0.026
3512.52449,11.522,0.025
3521.50628,11.572,0.027
3749.87285,11.656,0.029
3752.8623,11.614,0.029
3757.85347,11.009,0.027
3760.84525,11.009,0.025
3766.82694,10.964,0.032
3769.8271,11.045,0.028
3772.82,11.01,0.025
3775.80746,10.974,0.03
3778.79646,11,0.029
3788.768,11.629,0.027
3791.76599,11.638,0.026
3794.75758,11.635,0.026
3797.74689,11.663,0.026
3800.73593,11.707,0.034
3803.72584,11.532,0.032
3805.73077,11.036,0.026
3808.72206,11.116,0.029
3812.70727,11.605,0.027
3815.6971,11.703,0.03
3818.6867,11.612,0.026
3821.67658,11.555,0.029
3824.67756,11.641,0.03
3827.66587,11.659,0.028
3830.65659,11.651,0.029
3833.64649,11.602,0.032
3836.63661,11.58,0.03
3849.60767,11.348,0.029
3852.59755,11.354,0.028
3858.57542,11.329,0.025
3861.56688,11.305,0.027
3863.56938,11.678,0.026
3867.55681,11.278,0.037
3870.54611,11.271,0.025
3877.52791,11.781,0.031
3881.51553,11.642,0.025
3891.48752,11.23,0.024
3894.47423,11.24,0.027
3899.4654,11.504,0.033
4135.81538,11.153,0.028
4137.81545,11.534,0.025
4140.80475,11.525,0.024
4143.79521,11.576,0.026
4153.76535,11.102,0.025
4159.75831,11.1,0.025
4161.75028,11.49,0.032
4163.75096,11.699,0.027
4174.7178,11.039,0.025
4185.69344,11.548,0.028
4194.65758,11.479,0.026
4200.64718,11.44,0.022
4204.62665,11.059,0.032
4228.56632,11.127,0.025
4231.55769,11.198,0.028
4233.55913,11.423,0.023
4493.86475,11.314,0.025
4504.83489,11.361,0.023
4507.84386,11.31,0.03
4510.85499,11.411,0.037
4514.83751,11.277,0.033
4517.83233,11.225,0.029
4519.8259,11.309,0.028
4522.8017,11.349,0.024
4528.78886,11.352,0.032
4531.77893,11.346,0.033
4535.77831,11.527,0.027
4537.79634,11.379,0.027
4543.74773,11.305,0.028
4547.76509,11.327,0.033
4550.72597,11.79,0.029
4552.77474,11.39,0.025
4557.70793,11.568,0.026
4559.72949,11.644,0.025
4564.68641,11.232,0.023
4566.70332,11.673,0.03
4568.71441,11.59,0.027
4570.75454,11.43,0.026
4572.68888,11.604,0.027
4574.68034,11.754,0.03
4583.71261,11.281,0.027
4593.69067,11.914,0.037
4595.64703,11.737,0.024
4597.63219,11.243,0.024
4599.68971,11.639,0.034
4601.64862,12.265,0.027
4603.67128,11.368,0.03
4608.5549,11.554,0.029
4610.66108,11.287,0.03
4622.54469,11.778,0.033
4627.5355,11.145,0.022
4629.54597,11.529,0.038
4641.52842,11.547,0.026
4643.53242,11.844,0.031
4647.54765,11.595,0.035
4653.48954,11.527,0.024
4655.4874,11.681,0.027
4661.48392,11.798,0.03
4664.49234,11.927,0.034
4667.49157,11.792,0.026
4672.47486,11.432,0.033
4681.46556,11.248,0.03
4850.86807,10.973,0.028
4863.87877,11.653,0.026
4867.84571,11.465,0.034
4870.84962,11.487,0.03
4876.84783,11.469,0.028
4879.83433,11.449,0.026
4891.7891,11.428,0.031
4907.74838,11.153,0.035
4918.73146,11.406,0.036
4921.71717,11.388,0.036
