1877.85522,10.18,0.081
1886.8318,10.395,0.074
1888.83287,9.737,0.074
1907.79031,10.153,0.069
1907.8361,10.175,0.06
1913.84242,10.692,0.071
1915.87257,10.461,0.068
1918.7773,9.733,0.072
1918.81329,9.733,0.069
1920.76886,9.891,0.073
1920.80951,9.899,0.067
1922.76007,10.148,0.066
1922.80344,10.136,0.065
1924.82056,10.361,0.061
1925.82735,10.48,0.055
1925.84287,10.426,0.053
1926.8218,10.609,0.065
1926.8509,10.566,0.06
1928.85953,10.703,0.068
1928.88463,10.7,0.065
1929.86701,10.66,0.056
1930.78987,10.49,0.053
1931.75584,10.372,0.047
1932.77595,10.24,0.061
1933.76544,9.719,0.064
1935.84857,9.909,0.051
1937.80257,10.148,0.053
1938.78756,10.207,0.055
1939.78717,10.36,0.05
1940.78794,10.452,0.052
1945.85044,10.488,0.047
1946.73324,10.385,0.06
1947.78113,10.244,0.06
1948.76311,9.749,0.058
1949.72852,9.77,0.047
1950.73191,9.89,0.043
1950.76021,9.873,0.047
1953.76112,10.219,0.047
1953.77189,10.199,0.044
1954.76957,10.321,0.045
1954.79159,10.313,0.043
1955.79701,10.468,0.041
1958.75685,10.737,0.046
1961.74654,10.395,0.046
1961.77755,10.388,0.042
1962.78129,10.262,0.055
1962.83948,10.245,0.043
1963.75188,9.701,0.048
1964.71538,9.767,0.049
1964.75679,9.756,0.047
1965.74037,9.917,0.046
1965.76803,9.874,0.04
1966.74904,9.989,0.046
1966.79055,10.016,0.042
1967.75387,10.121,0.046
1967.82072,10.106,0.041
1968.73945,10.233,0.048
1968.79648,10.216,0.046
1971.75155,10.593,0.051
1971.79572,10.585,0.044
1976.81549,10.406,0.05
1977.70021,10.379,0.056
1977.73666,10.327,0.049
1978.73622,9.723,0.056
1979.67266,9.748,0.051
1979.71251,9.726,0.055
1980.70408,9.861,0.054
1980.71642,9.852,0.053
1981.72629,9.971,0.05
1981.73944,10.007,0.047
1982.70402,10.119,0.048
1982.73302,10.106,0.043
1984.7026,10.349,0.054
1984.73009,10.31,0.051
1984.84292,10.356,0.051
1985.69506,10.459,0.054
1985.74253,10.427,0.049
2025.59309,9.858,0.064
2034.5859,10.693,0.072
2053.56535,9.985,0.073
2054.60305,9.719,0.074
2055.54732,9.867,0.077
2056.55571,10.005,0.073
2067.56261,10.881,0.071
2068.55991,9.962,0.071
2070.54839,9.84,0.07
2071.5274,9.951,0.076
2079.50844,10.671,0.063
2083.51541,10.008,0.068
2083.5511,10.037,0.076
2085.51826,9.826,0.06
2086.47646,9.952,0.076
2104.52584,10.253,0.074
2116.46904,9.961,0.07
2125.50192,10.571,0.077
2129.50463,9.748,0.069
2135.50011,10.361,0.069
2136.47156,10.505,0.061
2142.48114,10.409,0.074
2145.47297,9.799,0.065
2158.50229,10.18,0.07
2440.54165,10.691,0.037
2442.48621,10.441,0.038
2442.54143,10.405,0.033
2443.53668,10.398,0.034
2445.56331,9.738,0.067
2452.46918,10.549,0.039
2452.49236,10.538,0.041
2456.50467,10.624,0.038
2459.48312,9.978,0.041
2459.49504,9.976,0.037
2463.46636,10.059,0.04
2464.48615,10.198,0.042
2465.50126,10.291,0.039
2466.50266,10.38,0.035
2467.48653,10.522,0.039
2468.51527,10.628,0.034
2469.482,10.718,0.043
2470.49242,10.678,0.04
2473.4598,10.427,0.047
2474.45866,10.006,0.048
2482.46999,10.545,0.046
2482.49199,10.517,0.047
2490.52014,9.711,0.039
2491.47912,9.803,0.048
2494.4822,10.175,0.04
2497.4899,10.51,0.047
2498.51521,10.613,0.043
2499.50833,10.706,0.048
2502.50138,10.436,0.047
2503.5201,10.38,0.053
2503.53455,10.381,0.045
2509.53137,10.176,0.067
2511.5012,10.35,0.068
2511.50873,10.34,0.063
2512.53875,10.498,0.039
2520.47829,9.744,0.044
2521.47515,9.801,0.063
2521.49713,9.797,0.061
2524.50277,10.169,0.039
2526.47965,10.38,0.049
2545.47874,10.663,0.055
2622.84711,10.419,0.049
2623.84619,10.357,0.048
2625.84117,9.742,0.052
2629.80608,10.195,0.059
2629.82912,10.156,0.051
2635.80432,10.657,0.062
2635.8317,10.68,0.05
2638.83659,10.367,0.059
2639.82933,10.032,0.047
2641.84862,9.795,0.047
2643.82087,10.035,0.052
2644.84221,10.151,0.049
2646.81706,10.352,0.046
2649.84763,10.745,0.055
2650.79479,10.681,0.042
2651.82633,10.597,0.049
2652.82932,10.434,0.058
2654.8618,10.056,0.049
2657.81848,9.945,0.051
2658.78782,10.049,0.046
2659.82692,10.164,0.049
2660.85217,10.271,0.057
2661.83864,10.368,0.058
2662.81052,10.502,0.044
2663.83438,10.583,0.059
2664.82703,10.672,0.041
2665.86545,10.717,0.072
2666.85935,10.648,0.049
2669.79596,10.146,0.044
2669.81487,10.109,0.045
2672.79516,9.943,0.042
2672.81787,9.941,0.049
2674.83121,10.166,0.042
2676.79658,10.36,0.044
2677.79886,10.517,0.053
2678.78292,10.607,0.046
2679.82872,10.71,0.057
2680.78063,10.665,0.048
2681.79626,10.668,0.051
2683.78911,10.427,0.051
2684.75029,10.181,0.046
2685.78729,9.749,0.056
2686.76102,9.817,0.052
2688.75216,10.061,0.049
2689.78242,10.181,0.057
2690.75895,10.261,0.049
2691.77291,10.353,0.053
2692.81607,10.454,0.041
2693.85703,10.635,0.061
2694.75916,10.675,0.046
2695.8016,10.706,0.05
2697.73261,10.45,0.053
2698.77534,10.483,0.061
2700.82252,9.734,0.051
2704.80002,10.165,0.056
2706.77906,10.353,0.05
2707.73452,10.491,0.047
2709.70055,10.659,0.039
2710.74038,10.677,0.043
2711.67379,10.653,0.044
2712.74267,10.485,0.047
2712.81173,10.462,0.048
2714.69089,10.248,0.041
2714.72267,10.225,0.044
2717.69629,9.908,0.047
2717.72374,9.919,0.061
2720.67449,10.239,0.052
2721.72703,10.348,0.049
2722.71482,10.515,0.058
2723.89292,10.611,0.056
2724.86407,10.689,0.041
2725.72609,10.8,0.061
2726.7246,10.683,0.057
2727.73428,10.455,0.048
2730.70939,9.709,0.061
2731.83036,9.792,0.05
2732.82376,9.934,0.047
2734.66345,10.113,0.048
2736.65997,10.325,0.045
2736.69861,10.375,0.067
2738.6624,10.634,0.053
2738.70794,10.612,0.062
2740.68138,10.777,0.056
2740.71999,10.737,0.06
2742.59383,10.546,0.051
2742.634,10.514,0.056
2743.75156,10.396,0.063
2743.78981,10.392,0.057
2749.81202,10.129,0.065
2749.81932,10.121,0.059
2751.59677,10.352,0.043
2751.61678,10.359,0.046
2755.61817,10.668,0.039
2755.64113,10.683,0.057
2756.75352,10.618,0.041
2756.81471,10.631,0.044
2757.84036,10.452,0.048
2758.79967,10.382,0.05
2760.66265,9.774,0.048
2761.61946,9.747,0.039
2761.82322,9.766,0.045
2762.72905,9.874,0.054
2763.63908,10.01,0.049
2763.84345,10.016,0.073
2766.74943,10.338,0.055
2775.65241,9.717,0.048
2775.69,9.707,0.065
2776.7808,9.741,0.066
2782.6901,10.425,0.055
2784.61351,10.643,0.04
2785.75836,10.687,0.058
2785.77087,10.746,0.058
2787.70038,10.522,0.054
2787.7172,10.513,0.044
2790.76388,9.731,0.068
2791.5062,9.737,0.061
2793.52791,9.993,0.045
2794.56704,10.078,0.052
2796.52007,10.339,0.058
2808.67604,10.007,0.064
2808.68355,9.981,0.051
2810.55866,10.188,0.046
2810.56389,10.203,0.061
2811.71324,10.324,0.059
2811.71921,10.319,0.056
2813.6438,10.552,0.07
2813.64668,10.515,0.044
2819.54639,10.362,0.054
2819.58402,10.649,0.049
2821.57674,9.75,0.064
2821.59876,9.74,0.055
2826.55403,10.298,0.047
2826.55937,10.295,0.037
2829.57579,10.653,0.058
2829.57874,10.645,0.063
2831.59918,10.684,0.045
2831.60214,10.64,0.048
2832.70004,10.511,0.059
2833.57115,10.406,0.068
2834.58751,10.336,0.053
2834.6385,10.307,0.076
2835.68266,9.783,0.053
2836.55211,9.746,0.044
2838.67573,9.996,0.052
2839.60808,10.107,0.063
2842.53207,10.391,0.072
2843.59146,10.515,0.054
2845.52838,10.704,0.039
2853.48162,9.95,0.048
2853.48694,9.982,0.038
2854.56593,10.096,0.045
2854.57203,10.103,0.044
2858.56724,10.524,0.054
2858.57531,10.934,0.052
2860.56629,10.667,0.056
2862.53789,10.594,0.056
2862.54586,10.556,0.057
2866.55547,9.738,0.057
2866.56074,9.726,0.049
2868.57943,9.96,0.047
2875.50406,10.688,0.064
2876.54037,10.666,0.058
2877.50283,10.575,0.055
2879.50785,10.366,0.054
2883.48782,9.933,0.05
2885.50676,10.165,0.064
2886.5149,10.259,0.044
2893.49053,10.437,0.054
2895.50568,9.998,0.054
2898.5022,9.937,0.057
2900.49722,10.167,0.05
2908.48345,10.4,0.058
2975.83841,10.174,0.042
2978.85003,10.527,0.055
2980.85407,10.69,0.042
2982.83503,10.587,0.067
2986.82788,9.744,0.044
2986.84823,9.71,0.045
2989.84393,10.08,0.044
2994.84006,10.611,0.051
2996.8412,10.739,0.054
2998.83872,10.401,0.051
3005.8027,10.161,0.055
3006.84533,10.299,0.062
3008.82491,10.505,0.043
3010.82225,10.675,0.047
3012.79769,10.57,0.063
3016.8379,9.742,0.043
3016.86668,9.703,0.055
3019.82305,10.061,0.066
3025.79491,10.691,0.053
3030.78033,10.088,0.05
3030.80555,10.025,0.055
3033.80433,9.916,0.043
3036.81666,10.259,0.044
3038.87926,10.463,0.055
3041.79815,10.636,0.057
3042.80764,10.608,0.061
3043.82074,10.419,0.046
3047.7597,9.79,0.055
3051.7476,10.259,0.039
3051.80061,10.258,0.05
3054.80491,10.583,0.049
3056.77653,10.695,0.051
3059.7479,10.302,0.071
3060.78579,10.094,0.041
3061.80724,9.741,0.041
3064.74493,10.028,0.056
3066.85172,10.368,0.046
3067.83173,10.368,0.057
3069.76235,10.635,0.041
3069.79079,10.586,0.058
3071.77895,10.634,0.047
3071.78619,10.701,0.054
3073.86074,10.471,0.061
3074.73273,10.392,0.051
3076.70796,9.743,0.054
3076.80386,9.736,0.039
3078.75964,9.922,0.044
3078.86175,9.945,0.051
3080.78044,10.152,0.074
3081.73939,10.275,0.051
3082.85045,10.38,0.068
3085.78677,10.673,0.056
3087.78836,10.608,0.041
3089.66963,10.359,0.046
3091.73642,9.738,0.053
3092.76384,9.772,0.04
3093.71989,9.885,0.055
3096.76509,10.259,0.037
3097.69728,10.367,0.044
3098.74797,10.499,0.05
3099.74342,10.541,0.064
3100.74995,10.685,0.043
3101.77445,10.717,0.061
3102.75919,10.637,0.053
3103.80577,10.405,0.063
3104.80366,10.403,0.044
3105.7828,10.179,0.061
3106.79679,9.705,0.056
3107.78517,9.796,0.058
3108.80099,9.901,0.04
3109.82413,10.049,0.06
3111.64593,10.32,0.038
3112.60984,10.331,0.043
3113.70737,10.465,0.048
3114.67361,10.578,0.057
3115.70677,10.707,0.056
3116.66874,10.717,0.053
3118.75965,10.441,0.051
3122.6623,9.756,0.049
3124.68936,10.028,0.049
3125.64164,10.107,0.063
3126.65505,10.231,0.047
3127.65664,10.375,0.056
3128.66007,10.421,0.045
3129.70164,10.572,0.05
3130.69735,10.674,0.054
3131.71768,10.686,0.066
3132.70844,10.635,0.048
3133.72081,10.473,0.045
3134.70854,10.38,0.052
3144.73268,10.561,0.057
3145.71833,10.672,0.047
3153.61354,9.883,0.058
3153.6584,9.87,0.038
3158.67813,10.414,0.07
3158.70167,10.417,0.064
3160.68038,10.642,0.048
3160.71257,10.604,0.069
3163.68993,10.489,0.065
3163.72793,10.472,0.062
3165.69314,10.273,0.06
3168.71351,9.898,0.062
3168.76013,9.889,0.061
3171.71415,10.191,0.056
3175.70236,10.653,0.053
3177.75285,10.696,0.047
3180.61314,10.313,0.045
3180.62693,10.315,0.058
3183.60719,9.859,0.061
3183.62164,9.874,0.04
3185.59876,10.101,0.062
3185.61275,10.074,0.043
3187.62969,10.323,0.062
3187.64092,10.282,0.045
3190.65897,10.653,0.059
3219.48606,10.511,0.043
3219.52181,10.553,0.049
3354.84551,10.582,0.067
3363.85551,9.856,0.063
3388.80435,10.59,0.065
3391.82985,9.944,0.06
3394.84265,9.98,0.057
3397.82013,10.251,0.042
3398.84831,10.379,0.058
3400.81328,10.604,0.044
3402.82313,10.667,0.042
3403.84462,10.585,0.072
3405.83771,10.346,0.072
3406.79118,9.962,0.07
3409.79527,9.951,0.065
3411.82429,10.159,0.06
3412.78472,10.245,0.057
3414.80777,10.471,0.055
3415.76193,10.579,0.058
3417.82658,10.707,0.067
3418.75276,10.603,0.066
3420.79302,10.39,0.068
3422.82649,9.729,0.068
3423.78325,9.803,0.062
3424.80858,9.954,0.047
3425.81647,10.033,0.059
3426.78932,10.176,0.057
3430.84081,10.6,0.061
3430.85161,10.596,0.045
3433.72615,10.604,0.054
3436.77709,10.043,0.062
3436.81794,10.017,0.059
3439.76639,9.93,0.067
3439.78955,9.952,0.057
3443.75392,10.39,0.038
3445.78715,10.58,0.056
3447.81995,10.697,0.065
3449.70717,10.437,0.052
3449.78269,10.444,0.048
3450.725,10.421,0.053
3452.68479,9.736,0.056
3452.70573,9.723,0.041
3453.68096,9.796,0.064
3454.73463,9.899,0.057
3455.70313,10.043,0.06
3456.74373,10.132,0.059
3457.7545,10.261,0.062
3458.7356,10.366,0.048
3459.75588,10.459,0.054
3460.75026,10.553,0.064
3462.68706,10.657,0.062
3463.64957,10.669,0.067
3464.74723,10.44,0.058
3465.70717,10.37,0.063
3466.79742,10.109,0.06
3468.68776,9.805,0.064
3469.75887,9.951,0.06
3470.6993,10.034,0.058
3471.77986,10.138,0.039
3472.73205,10.26,0.043
3474.66048,10.478,0.054
3474.7438,10.491,0.068
3476.72289,10.646,0.067
3478.70846,10.605,0.045
3479.66073,10.436,0.072
3480.69987,10.409,0.046
3481.65663,10.227,0.062
3482.71003,9.735,0.067
3483.67282,9.762,0.068
3484.74842,9.913,0.067
3486.79202,10.132,0.069
3487.83104,10.239,0.045
3489.8015,10.498,0.065
3490.8052,10.619,0.07
3491.82345,10.669,0.073
3492.80642,10.676,0.069
3496.79022,10.16,0.054
3497.82824,9.741,0.064
3500.6062,10.031,0.044
3501.5033,10.106,0.068
3502.63611,10.247,0.061
3503.59821,10.336,0.065
3504.64188,10.487,0.04
3506.61354,10.697,0.052
3508.73437,10.514,0.046
3509.64087,10.546,0.056
3510.79218,10.371,0.041
3511.68668,10.241,0.064
3512.63485,9.739,0.056
3515.82012,9.976,0.062
3517.67674,10.217,0.068
3518.63989,10.272,0.052
3521.6018,10.63,0.064
3521.77336,10.604,0.065
3523.73075,10.618,0.046
3525.62516,10.353,0.064
3525.80435,10.893,0.06
3530.51866,10.005,0.042
3538.57426,10.661,0.064
3538.58834,10.648,0.056
3540.61436,10.375,0.059
3540.61835,10.346,0.053
3542.75152,9.746,0.053
3550.60827,10.55,0.052
3550.63037,10.556,0.043
3552.67274,10.733,0.052
3552.68732,10.702,0.073
3555.67187,10.381,0.047
3555.6808,10.377,0.051
3558.69058,9.752,0.073
3560.69516,10.007,0.064
3563.49459,10.307,0.057
3563.55096,10.293,0.07
3565.49975,10.513,0.064
3569.63381,10.696,0.059
3569.637,10.506,0.053
3573.59345,9.755,0.055
3573.59664,9.725,0.054
3575.60549,9.977,0.058
3575.61148,9.982,0.053
3577.62462,10.233,0.06
3578.54974,10.286,0.068
3584.53706,10.537,0.065
3584.55139,10.546,0.061
3586.59197,10.335,0.061
3588.60473,9.738,0.053
3589.48913,9.946,0.066
3593.5482,10.281,0.064
3597.53568,10.702,0.066
3597.54848,10.695,0.062
3601.52957,10.361,0.063
3601.5406,10.346,0.07
3603.54498,9.75,0.063
3604.49626,9.842,0.079
3606.54952,10.066,0.056
3608.48879,10.266,0.068
3617.5217,9.874,0.059
3618.48402,9.745,0.069
3622.47883,10.168,0.061
3630.49038,10.367,0.065
3633.48798,9.735,0.068
3714.84733,10.426,0.069
3719.83825,10.523,0.072
3724.83177,9.859,0.071
3726.84075,10.09,0.064
3727.83167,10.227,0.08
3731.84263,10.602,0.071
3733.84429,10.663,0.059
3735.8122,10.37,0.069
3737.83505,9.812,0.065
3738.85876,9.757,0.066
3741.83281,10.092,0.063
3742.80589,10.157,0.069
3745.82593,10.527,0.066
3746.80578,10.69,0.077
3749.82538,10.512,0.071
3750.80439,10.395,0.071
3753.81701,9.713,0.07
3753.82992,9.738,0.072
3756.82197,10.115,0.067
3757.81274,10.397,0.061
3762.82895,10.721,0.075
3763.84897,10.684,0.069
3765.81968,10.38,0.077
3767.815,9.888,0.069
3769.77477,9.815,0.078
3772.80726,10.211,0.067
3775.79181,10.551,0.068
3775.83504,10.513,0.065
3779.77192,10.588,0.073
3783.81202,9.761,0.071
3788.80836,10.297,0.066
3788.84917,10.281,0.064
3791.74996,10.58,0.071
3791.79714,10.619,0.066
3793.80142,10.734,0.068
3796.74013,10.369,0.061
3797.76854,10.007,0.064
3798.8027,9.743,0.073
3800.76851,9.961,0.077
3801.72167,10.057,0.079
3803.76308,10.225,0.073
3804.71141,10.38,0.072
3805.821,10.502,0.067
3806.77858,10.597,0.066
3808.76456,10.672,0.065
3809.75836,10.597,0.07
3810.81968,10.379,0.064
3811.79559,10.378,0.065
3813.7245,9.761,0.069
3814.69069,9.799,0.068
3816.73905,10.056,0.067
3817.82335,10.152,0.064
3818.80349,10.268,0.072
3820.70898,10.456,0.068
3821.66829,10.606,0.071
3822.76672,10.67,0.065
3823.71881,10.657,0.072
3825.69654,10.407,0.071
3825.74234,10.393,0.073
3827.80963,10.012,0.063
3830.64629,9.903,0.077
3830.67512,9.947,0.067
3832.69703,10.169,0.066
3832.72578,10.178,0.068
3834.68678,10.353,0.066
3834.71186,10.346,0.062
3836.70369,10.624,0.068
3836.72454,10.486,0.072
3848.64427,10.276,0.085
3848.69638,10.245,0.082
3850.66374,10.466,0.07
3850.71169,10.47,0.063
3852.67043,10.787,0.068
3852.72156,10.665,0.057
3856.72476,10.392,0.071
3856.79258,10.362,0.068
3861.56987,10.022,0.06
3861.65979,10.033,0.057
3863.60537,10.243,0.063
3865.62075,10.462,0.065
3867.66625,10.671,0.069
3867.68997,10.623,0.07
3869.67717,10.655,0.074
3869.71304,10.616,0.072
3871.66603,10.36,0.066
3871.70347,10.37,0.062
3874.7494,9.777,0.065
3874.79411,9.798,0.06
3877.56782,10.108,0.06
3882.6152,10.655,0.066
3882.67408,10.683,0.063
3886.6475,10.386,0.066
3886.68682,10.742,0.057
3890.62589,9.879,0.06
3892.61612,10.12,0.059
3894.64824,10.355,0.051
3894.66177,10.313,0.05
3897.69679,10.806,0.077
3897.70604,10.68,0.072
3900.52261,10.497,0.065
3902.50359,10.274,0.064
3902.55999,10.243,0.067
3904.53979,9.756,0.063
3904.57066,9.97,0.068
3906.58523,10.018,0.065
3908.56057,10.221,0.062
3908.58357,10.204,0.066
3912.68563,10.65,0.067
4104.82189,10.312,0.056
4109.84838,10.633,0.047
4121.80352,10.518,0.048
4127.85471,10.373,0.044
4131.79831,9.988,0.047
4134.82774,10.26,0.049
4137.8276,10.579,0.044
4140.8338,10.562,0.043
4143.8366,9.832,0.045
4144.77596,9.747,0.065
4146.8196,9.969,0.049
4150.82349,10.398,0.044
4153.78661,10.653,0.046
4156.78478,10.347,0.044
4159.76739,9.769,0.045
4161.84181,9.999,0.047
4164.79113,10.306,0.055
4165.8297,10.413,0.057
4168.83448,10.662,0.049
4172.79684,10.366,0.045
4173.82064,9.87,0.047
4176.7386,9.943,0.047
4177.84079,10.045,0.047
4179.78605,10.285,0.049
4180.72241,10.376,0.052
4182.71431,10.612,0.045
4182.81416,10.606,0.047
4184.77399,10.686,0.05
4188.71598,9.972,0.037
4188.7771,9.968,0.04
4190.74874,9.824,0.046
4190.7511,9.829,0.041
4192.73828,10.077,0.043
4192.74748,10.075,0.042
4194.76589,10.324,0.046
4194.77516,10.29,0.043
4197.7698,10.627,0.051
4197.79396,10.602,0.054
4200.70308,10.618,0.04
4200.72224,10.583,0.038
4203.70648,10.01,0.042
4203.72157,9.991,0.038
4205.71201,9.835,0.046
4205.72711,9.821,0.046
4208.77774,10.162,0.053
4208.81193,10.175,0.055
4213.68319,10.698,0.048
4213.70259,10.694,0.044
4216.67279,10.49,0.046
4216.68806,10.461,0.041
4227.61588,10.627,0.04
4227.65967,10.629,0.039
4228.82186,10.694,0.045
4229.66323,10.687,0.038
4230.7931,10.618,0.043
4232.79347,10.374,0.05
4233.6722,10.062,0.035
4235.53612,9.786,0.042
4235.6728,9.82,0.041
4237.58647,10.009,0.053
4246.57005,10.42,0.05
4246.60501,10.435,0.038
4249.56867,9.727,0.047
4253.56966,10.147,0.043
4253.61801,10.139,0.042
4254.72965,10.259,0.048
4255.65176,10.356,0.041
4257.55553,10.595,0.05
4257.64978,10.61,0.048
4259.57994,10.693,0.044
4259.67798,10.7,0.059
4267.60741,10.02,0.05
4269.64044,10.19,0.049
4269.66286,10.201,0.043
4272.58683,10.626,0.04
4272.60365,10.555,0.038
4274.6062,10.739,0.04
4277.59589,10.401,0.044
4277.60249,10.36,0.039
4283.65539,10.118,0.055
4285.64293,10.401,0.049
4285.65185,10.368,0.049
4289.63897,10.674,0.045
4289.64868,10.7,0.04
4291.64271,10.469,0.04
4291.65237,10.456,0.042
4293.6331,10.208,0.041
4293.64202,10.199,0.039
4295.64894,9.783,0.044
4295.65789,9.775,0.038
4297.63956,10.056,0.054
4297.64903,10.042,0.049
4299.60963,10.242,0.048
4301.56839,10.484,0.052
4301.57152,10.484,0.045
4303.58181,10.647,0.041
4303.58574,10.66,0.038
4305.56248,10.695,0.042
4305.56561,10.615,0.038
4307.58272,10.386,0.048
4307.58588,10.39,0.043
4309.63404,9.714,0.062
4310.59472,9.758,0.047
4312.55001,9.993,0.054
4312.59173,10.031,0.054
4315.55676,10.35,0.037
4316.55903,10.425,0.047
4317.61813,10.58,0.037
4330.47854,10.31,0.044
4330.48161,10.312,0.039
4332.5018,10.566,0.043
4332.50486,10.509,0.041
4334.52189,10.71,0.043
4334.52495,10.666,0.038
4338.52795,10.306,0.044
4338.53097,10.267,0.04
4341.50894,9.872,0.047
4341.51196,9.891,0.041
4343.52115,10.607,0.04
4344.49554,10.184,0.047
4345.5359,10.389,0.051
4346.50338,10.472,0.048
4347.5339,10.535,0.048
4349.48139,10.699,0.048
4349.531,10.717,0.048
4352.48141,10.404,0.042
4352.50495,10.351,0.038
4356.47879,9.876,0.047
4357.50654,10.007,0.04
4359.50043,10.215,0.04
4364.49366,10.703,0.041
4436.85038,10.413,0.048
4455.84578,10.634,0.047
4459.84078,9.797,0.053
4463.85392,10.106,0.043
4467.83341,10.541,0.051
4471.85373,10.488,0.056
4472.83692,10.35,0.069
4476.84436,9.859,0.059
4478.81808,10.164,0.056
4482.81621,10.508,0.055
4486.80324,10.526,0.051
4490.81026,9.732,0.04
4493.84695,10.099,0.042
4497.84647,10.55,0.038
4500.83943,10.644,0.057
4501.80688,10.514,0.046
4504.80076,9.762,0.038
4507.82048,9.984,0.048
4510.81219,10.349,0.05
4514.83977,10.713,0.048
4517.75341,10.445,0.05
4519.78434,9.808,0.048
4520.79187,9.751,0.047
4523.77549,10.09,0.04
4524.79415,10.22,0.043
4525.84065,10.331,0.04
4526.86097,10.431,0.043
4528.77161,10.611,0.043
4531.76636,10.549,0.04
4531.78224,10.555,0.042
4535.72741,9.739,0.045
4535.76318,9.732,0.043
4537.76453,9.968,0.041
4537.80474,9.977,0.038
4540.6958,10.264,0.059
4540.73612,10.237,0.057
4542.73623,10.548,0.051
4543.71957,10.599,0.048
4545.76716,10.707,0.065
4546.76813,10.62,0.05
4547.77569,10.367,0.045
4548.75919,10.376,0.052
4550.70664,9.744,0.046
4551.69688,9.81,0.047
4552.76541,9.979,0.041
4553.72972,10.118,0.045
4554.7863,10.198,0.05
4555.75702,10.297,0.043
4557.68792,10.554,0.041
4557.90505,10.567,0.047
4559.74929,10.67,0.041
4560.64532,10.676,0.042
4561.79827,10.569,0.041
4562.69779,10.395,0.045
4564.67475,9.953,0.04
4564.77623,9.866,0.048
4566.72687,9.859,0.041
4566.77199,9.797,0.044
4568.73481,10.044,0.04
4569.61678,10.192,0.045
4570.79185,10.296,0.04
4571.66571,10.46,0.046
4572.69367,10.486,0.042
4573.68252,10.618,0.047
4574.68844,10.689,0.046
4575.69853,10.685,0.048
4576.71177,10.584,0.048
4577.85195,10.42,0.056
4579.81358,9.895,0.05
4580.67471,9.748,0.045
4583.64444,10.09,0.041
4583.74997,10.072,0.046
4586.67561,10.384,0.037
4586.74417,10.449,0.044
4588.70483,10.622,0.043
4588.79225,10.613,0.049
4590.77047,10.615,0.048
4590.83014,10.655,0.046
4592.84712,10.375,0.043
4593.56127,10.394,0.046
4595.58978,9.737,0.038
4595.60631,9.757,0.042
4597.59883,9.925,0.041
4597.64604,9.933,0.04
4599.62175,10.196,0.048
4599.71131,10.148,0.047
4601.63392,10.358,0.046
4601.65487,10.399,0.039
4603.65863,10.704,0.05
4603.67793,10.623,0.045
4607.66503,10.412,0.05
4607.67961,10.48,0.076
4610.55519,9.693,0.045
4610.56833,9.743,0.044
4612.60346,10.048,0.058
4612.61751,9.926,0.059
4616.61407,10.391,0.042
4616.64298,10.38,0.038
4623.6918,10.397,0.046
4626.5455,9.787,0.043
4626.5617,9.807,0.045
4630.57041,10.283,0.044
4630.58511,10.289,0.04
4632.60131,10.487,0.046
4632.61449,10.508,0.045
4639.62437,10.11,0.043
4641.63859,9.807,0.046
4641.64969,9.774,0.038
4643.63926,10.01,0.049
4643.65278,10.028,0.062
4645.64882,10.296,0.051
4645.65805,10.238,0.043
4647.73009,10.458,0.046
4648.53715,10.613,0.045
4649.70931,10.623,0.055
4650.6082,10.669,0.078
4652.54094,10.462,0.048
4652.62968,10.496,0.045
4654.52713,10.18,0.042
4656.53843,9.75,0.045
4656.58585,9.777,0.05
4658.63441,10.017,0.053
4658.64841,10.009,0.058
4661.52802,10.359,0.047
4661.53696,10.397,0.049
4663.59858,10.586,0.052
4663.6069,10.542,0.057
4665.66944,10.655,0.049
4666.55269,10.615,0.048
4669.51609,10.211,0.045
4671.61063,9.877,0.039
4672.50937,9.904,0.046
4674.57547,10.133,0.047
4677.62349,10.501,0.047
4678.55751,10.57,0.056
4679.63579,10.653,0.041
4681.51361,10.687,0.052
4682.61763,10.495,0.041
4683.5173,10.403,0.054
4684.58889,10.229,0.044
4685.52298,9.717,0.053
4686.55963,9.762,0.046
4687.53475,9.917,0.049
4690.58354,10.217,0.04
4693.52971,10.558,0.06
4694.54705,10.586,0.053
4697.53222,10.542,0.044
4698.54838,10.341,0.046
4700.49973,9.736,0.045
4700.55293,9.739,0.042
4702.50709,9.861,0.048
4702.56933,9.901,0.042
4704.52004,10.092,0.052
4704.5555,10.137,0.044
4708.513,10.522,0.051
4708.53875,10.53,0.051
4711.49318,10.678,0.051
4711.50805,10.616,0.057
4716.51789,9.751,0.046
4722.48652,10.441,0.047
4729.48103,10.265,0.046
4820.83728,9.735,0.046
4824.84285,10.145,0.045
4827.81211,10.472,0.043
4828.84818,10.571,0.042
4836.83801,9.775,0.05
4855.86773,10.435,0.054
4860.88002,10.725,0.047
4861.81646,10.6,0.061
4865.79572,9.726,0.054
4868.84405,10.199,0.043
4871.83018,10.34,0.053
4875.82236,10.691,0.045
4881.80557,9.748,0.043
4884.79452,10.1,0.041
4885.77273,10.199,0.06
4887.81161,10.439,0.072
4890.78015,10.701,0.058
4894.83338,10.331,0.056
4899.8133,10.11,0.073
4903.82009,10.541,0.07
4906.80913,10.663,0.068
4909.72929,10.347,0.068
4914.87825,10.133,0.067
4917.7528,10.409,0.06
4919.71807,10.657,0.063
4919.78748,10.651,0.06
4921.8351,10.678,0.066
4926.73769,9.77,0.061
4929.75396,10.084,0.074
4929.77707,10.083,0.071
4932.71286,10.432,0.075
4932.74133,10.428,0.073
4934.73629,10.631,0.08
4936.77783,10.652,0.072
4937.64831,10.554,0.064
4938.83915,10.391,0.068
4939.7086,10.381,0.063
4946.68231,10.265,0.064
4946.8632,10.31,0.066
4948.77515,10.563,0.065
4953.62874,10.376,0.08
4955.63519,9.961,0.08
4962.61138,10.411,0.072
4962.64411,10.386,0.064
4966.75856,10.672,0.072
4966.7834,10.729,0.071
4968.79371,10.373,0.068
4968.822,10.38,0.066
4972.59818,9.813,0.075
4972.61116,9.814,0.061
4984.59977,10.391,0.065
4984.62076,10.35,0.063
4988.65355,9.956,0.079
4993.7484,10.497,0.062
4994.65081,10.602,0.067
5006.63152,10.259,0.071
5006.74006,10.277,0.065
5009.5664,10.595,0.069
5014.57739,10.381,0.068
5014.58145,10.388,0.061
5017.62443,9.826,0.079
5021.68876,10.267,0.062
5022.49386,10.351,0.071
5023.69179,10.48,0.059
5024.50034,10.563,0.065
5031.55725,9.717,0.062
5031.57202,9.738,0.055
5037.50835,10.335,0.06
5037.52064,10.39,0.053
5039.50555,10.628,0.065
5039.51223,10.558,0.062
5041.51557,10.717,0.06
5041.52228,10.688,0.056
5048.51915,9.946,0.067
5048.53145,9.902,0.06
5057.5416,10.635,0.066
5063.54666,9.904,0.06
5066.56261,10.231,0.07
5067.48184,10.365,0.075
5085.50257,10.674,0.058
5087.47853,10.642,0.072
5088.49865,10.417,0.071
