1889.84439,13.763,0.074
1900.81533,13.575,0.068
1903.82182,13.676,0.075
1905.82367,13.543,0.069
1907.82018,13.624,0.047
1913.86032,13.481,0.053
1915.82789,13.44,0.057
1918.79985,13.427,0.057
1920.79856,13.266,0.066
1922.79255,13.424,0.052
1924.82948,13.509,0.045
1925.84556,13.334,0.06
1926.84459,13.467,0.049
1928.87346,13.355,0.045
1930.77898,13.359,0.041
1931.87883,13.414,0.039
1933.79515,13.417,0.041
1935.8547,13.34,0.037
1937.81485,13.269,0.045
1939.8107,13.43,0.038
1945.87595,13.127,0.037
1947.81048,13.368,0.043
1950.84267,13.133,0.058
1954.78829,13.544,0.049
1955.78692,13.383,0.043
1958.77513,13.425,0.046
1961.76704,13.503,0.043
1964.79139,13.619,0.038
1968.77838,13.473,0.042
2025.61409,14.011,0.061
2026.63369,13.818,0.062
2027.62782,13.956,0.068
2030.61199,14.008,0.064
2032.61458,13.927,0.062
2033.60236,13.855,0.061
2034.59772,13.766,0.064
2038.62441,13.738,0.078
2040.596,13.75,0.087
2052.55815,13.833,0.081
2053.58422,13.544,0.072
2055.56365,13.578,0.084
2056.57309,13.384,0.081
2057.56147,13.448,0.083
2058.56237,13.399,0.085
2064.54271,13.229,0.08
2067.53491,13.218,0.082
2068.54636,13.168,0.083
2069.55122,13.276,0.081
2070.53945,13.228,0.083
2071.5437,13.402,0.073
2079.50162,13.415,0.083
2083.50846,13.246,0.071
2085.50649,13.293,0.053
2087.47459,13.326,0.066
2093.47486,13.515,0.081
2103.45655,13.433,0.065
2105.48775,13.718,0.059
2115.60953,13.778,0.068
2117.50411,13.682,0.06
2125.48828,14.302,0.054
2132.47167,13.993,0.057
2135.47444,14.085,0.054
2142.4696,14.32,0.062
2144.51419,14.108,0.061
2443.52532,14.265,0.036
2464.51535,14.247,0.035
2466.52051,14.583,0.041
2490.53793,14.058,0.043
2500.50732,13.698,0.054
2512.54364,13.805,0.041
2520.51939,13.547,0.04
2524.47627,13.419,0.062
2526.48918,13.333,0.054
2535.48152,13.28,0.054
2635.82044,14.158,0.043
2642.82406,13.89,0.043
2645.83769,13.965,0.04
2652.79185,13.765,0.044
2655.83891,13.794,0.042
2658.81765,13.717,0.04
2661.79745,13.723,0.04
2663.8258,13.502,0.043
2671.8074,13.543,0.042
2674.80821,13.445,0.043
2677.76931,13.435,0.041
2679.7828,13.349,0.043
2681.78547,13.378,0.042
2683.77605,13.428,0.042
2685.7688,13.172,0.042
2689.77855,13.463,0.045
2691.77135,14.062,0.045
2693.84626,13.404,0.045
2695.79526,13.217,0.043
2698.75923,13.396,0.042
2700.81634,13.52,0.044
2704.79152,13.243,0.05
2706.77751,13.423,0.043
2710.73884,13.271,0.042
2712.73194,13.694,0.046
2714.72115,13.718,0.041
2717.71975,13.507,0.042
2720.67046,13.588,0.043
2722.71088,13.672,0.05
2723.8741,13.724,0.047
2724.74623,13.697,0.033
2727.72809,13.491,0.043
2731.82653,13.688,0.052
2733.86014,13.689,0.046
2735.73216,14.07,0.044
2737.68482,13.943,0.045
2738.84826,14.077,0.05
2740.7138,14.171,0.042
2742.62326,13.608,0.042
2743.78084,14.023,0.046
2749.77994,14.146,0.053
2751.60747,13.995,0.044
2758.79111,14.08,0.046
2760.65411,14.008,0.045
2764.72665,14.324,0.046
2766.73345,14.044,0.046
2782.59632,14.388,0.044
2785.6644,14.262,0.042
2787.62264,14.471,0.04
2791.74425,14.35,0.049
2794.6738,14.211,0.05
2809.52523,14.118,0.042
2810.6545,14.132,0.047
2812.5711,13.871,0.043
2820.63489,13.727,0.038
2822.66865,13.555,0.053
2830.54325,13.558,0.032
2840.57565,13.647,0.037
2853.63969,13.992,0.038
2854.50566,14.213,0.034
2975.84796,13.838,0.041
2979.84828,13.791,0.042
2987.8475,13.626,0.043
2990.85431,13.51,0.043
2994.83777,13.419,0.045
2998.82864,13.33,0.042
3009.85766,13.316,0.041
3012.84561,13.415,0.043
3016.85722,13.43,0.041
3025.81785,13.365,0.041
3030.79856,13.658,0.041
3034.79016,13.597,0.042
3042.78845,13.642,0.041
3051.78338,13.439,0.042
3054.78736,13.521,0.043
3057.78003,13.602,0.041
3059.83857,13.609,0.039
3062.76838,13.537,0.047
3066.78186,13.676,0.041
3068.81158,13.87,0.04
3077.84285,14.064,0.042
3082.78179,14.095,0.04
3086.76487,13.978,0.038
3088.80232,13.979,0.044
3101.77763,14.303,0.043
3107.7912,14.539,0.042
3114.68715,14.134,0.04
3121.66531,14.09,0.036
3125.65809,14.261,0.046
3155.61957,13.86,0.042
3160.66476,13.977,0.046
3163.67441,13.862,0.04
3165.66861,13.683,0.044
3168.69082,13.966,0.042
3175.66718,14.034,0.041
3177.71877,13.851,0.031
3180.6003,13.871,0.045
3183.59975,14.479,0.043
3185.59358,14.08,0.042
3190.63021,13.879,0.044
3356.85049,13.527,0.077
3387.84431,13.766,0.061
3390.84549,13.732,0.062
3392.835,13.5,0.062
3394.85888,13.802,0.061
3400.82764,13.932,0.049
3404.83255,13.85,0.049
3404.83714,13.848,0.054
3407.81696,13.736,0.05
3407.82236,14.025,0.045
3410.83549,14.206,0.058
3416.79927,14.334,0.046
3419.78325,14.101,0.067
3419.7878,14.259,0.068
3426.81557,14.275,0.044
3433.81439,13.965,0.05
3438.76128,13.857,0.053
3438.76589,13.963,0.049
3442.76,13.667,0.057
3442.76186,13.924,0.045
3444.77503,13.575,0.054
3444.77966,13.767,0.044
3446.79103,13.653,0.046
3448.81366,13.74,0.052
3450.80378,13.44,0.055
3453.67974,13.493,0.088
3457.73985,13.151,0.083
3459.74662,13.565,0.07
3464.66605,13.316,0.044
3465.72754,13.361,0.046
3466.72564,13.522,0.048
3469.71369,13.216,0.035
3471.71607,13.459,0.041
3473.74824,13.381,0.034
3477.63944,13.31,0.053
3478.62635,13.259,0.052
3479.67845,13.324,0.046
3480.67879,13.498,0.055
3483.67598,13.544,0.049
3487.82937,13.282,0.046
3490.79547,12.953,0.082
3492.79674,13.275,0.081
3496.78205,13.392,0.044
3500.58762,13.28,0.042
3502.62489,13.254,0.043
3503.62879,13.082,0.077
3504.62231,13.321,0.051
3508.74537,13.323,0.031
3510.80145,13.249,0.04
3511.69302,13.159,0.044
3512.64411,13.163,0.041
3515.69758,13.548,0.043
3516.6457,13.282,0.035
3517.67996,13.365,0.059
3521.60511,13.259,0.06
3522.50721,13.206,0.063
3524.55627,13.575,0.049
3525.62821,13.426,0.076
3526.57935,13.396,0.053
3529.62887,13.554,0.091
3530.59737,13.36,0.053
3538.61615,13.495,0.043
3539.58203,13.37,0.041
3540.63923,13.662,0.047
3550.54627,13.689,0.045
3550.64071,13.469,0.049
3552.64009,13.357,0.054
3555.64136,13.479,0.058
3555.68568,13.777,0.041
3560.6522,13.42,0.047
3561.55737,13.526,0.087
3562.66132,13.624,0.054
3563.56546,13.567,0.046
3564.59267,13.543,0.04
3569.55838,13.537,0.041
3570.57865,13.339,0.056
3574.55598,13.485,0.036
3574.63757,14.063,0.04
3577.55214,13.594,0.048
3578.59293,13.55,0.04
3583.52887,13.851,0.064
3584.56383,13.502,0.043
3585.58168,13.437,0.082
3586.59889,13.594,0.056
3589.50134,13.603,0.053
3589.59692,13.449,0.055
3591.57908,13.552,0.049
3592.50502,13.655,0.079
3593.55796,13.537,0.048
3594.55995,13.737,0.07
3600.48521,13.64,0.045
3601.54946,13.717,0.078
3602.51444,13.578,0.043
3604.54341,13.54,0.046
3608.49046,13.732,0.078
3608.51874,13.612,0.045
3616.49711,13.471,0.045
3618.49116,13.66,0.043
3619.48828,13.42,0.05
3621.4984,13.348,0.07
3733.83788,13.942,0.078
3740.83332,14.074,0.06
3744.83476,13.795,0.051
3755.84155,13.845,0.057
3758.82713,13.985,0.057
3761.85736,13.7,0.076
3762.85486,13.877,0.064
3764.85926,13.886,0.068
3772.77776,13.727,0.046
3775.81623,13.224,0.06
3778.80568,13.607,0.068
3788.82995,13.238,0.048
3791.77283,13.131,0.07
3793.83034,12.975,0.043
3796.75615,13.056,0.046
3798.84414,13.004,0.069
3802.7143,12.899,0.05
3804.79343,12.959,0.048
3807.84309,12.66,0.044
3807.84619,12.681,0.059
3810.71789,12.805,0.057
3812.76808,12.822,0.092
3814.77612,12.821,0.053
3816.79863,12.786,0.056
3821.77445,12.901,0.047
3824.68239,12.901,0.04
3826.7431,12.728,0.056
3828.8437,12.938,0.049
3831.65969,13.06,0.058
3833.71199,13.186,0.047
3835.70645,12.876,0.047
3837.73315,12.879,0.043
3837.73777,13.28,0.042
3847.72467,13.489,0.058
3849.68076,13.283,0.048
3850.69526,13.365,0.049
3852.70159,13.321,0.051
3856.77416,13.465,0.056
3860.64668,13.467,0.058
3861.63814,13.348,0.039
3862.63502,13.57,0.043
3864.64133,13.559,0.043
3865.65266,13.557,0.082
3866.65357,13.381,0.04
3868.69604,13.719,0.047
3869.7003,13.659,0.054
3871.69079,13.705,0.082
3874.77266,13.498,0.05
3875.77406,13.519,0.046
3877.55167,13.771,0.045
3880.61303,13.807,0.05
3882.64143,13.669,0.059
3883.71964,13.758,0.081
3886.71458,13.73,0.062
3890.68328,13.525,0.069
3891.58533,13.643,0.04
3892.65048,13.821,0.056
3893.59353,13.643,0.047
3894.66792,13.513,0.035
3900.5321,13.725,0.043
3902.56627,13.36,0.044
3904.58132,13.429,0.043
3905.49074,13.363,0.062
3906.59868,13.273,0.043
3907.51489,13.451,0.056
3908.59336,13.419,0.046
3909.72298,13.279,0.06
3912.68847,13.411,0.053
3913.70778,13.296,0.057
3981.48853,13.106,0.05
4104.81987,12.946,0.054
4107.84754,13.095,0.043
4127.83734,13.067,0.073
4131.79281,12.967,0.068
4134.81575,13.128,0.054
4137.79845,13.36,0.063
4140.81244,13.517,0.042
4142.87633,13.383,0.038
4145.79893,13.526,0.049
4145.82803,13.06,0.056
4152.76778,13.514,0.037
4154.83744,13.689,0.078
4157.77113,13.56,0.06
4159.8329,13.593,0.058
4172.8041,13.476,0.043
4175.71782,13.56,0.045
4180.78969,13.894,0.044
4193.71925,13.497,0.046
4202.72582,13.752,0.045
4204.74752,13.609,0.04
4207.77127,13.207,0.047
4213.73085,13.548,0.039
4216.72127,13.31,0.049
4227.63881,12.926,0.037
4229.64455,13.014,0.036
4231.65689,13.063,0.039
4233.65193,12.865,0.037
4235.64947,12.888,0.043
4237.66181,12.797,0.046
4253.65937,12.635,0.055
4255.69595,12.611,0.042
4257.69755,12.979,0.039
4269.71113,13.015,0.043
4272.64138,12.975,0.042
4274.54295,12.922,0.037
4274.65138,12.995,0.036
4277.61573,13.115,0.041
4278.63138,13.14,0.039
4284.52268,13.202,0.046
4284.64147,13.388,0.072
4286.51941,13.154,0.039
4290.59285,13.491,0.039
4292.55714,13.559,0.046
4294.5654,13.742,0.036
4296.56017,13.517,0.052
4298.56484,13.944,0.046
4300.51904,13.47,0.069
4302.59455,13.539,0.041
4302.60954,13.648,0.058
4304.5382,13.703,0.041
4311.57154,13.859,0.036
4330.50987,14.206,0.044
4331.50623,13.475,0.038
4339.48721,14.198,0.035
4346.5162,14.298,0.048
4352.48289,13.852,0.035
4358.48005,14.164,0.048
4437.85216,13.422,0.044
4455.84094,13.393,0.06
4459.83195,13.358,0.053
4463.84239,13.767,0.041
4471.83927,13.453,0.069
4481.83416,13.55,0.059
4485.84385,13.842,0.044
4488.8266,13.584,0.05
4494.84814,13.581,0.041
4498.84441,13.343,0.043
4501.83567,13.768,0.048
4504.81583,13.515,0.04
4507.80698,13.293,0.041
4510.79809,13.13,0.057
4514.82696,13.394,0.046
4519.80409,13.377,0.048
4522.76661,13.248,0.038
4524.82717,13.058,0.041
4527.75708,13.174,0.048
4529.82189,13.092,0.039
4532.73585,13.037,0.037
4535.81018,13.049,0.044
4537.82175,12.9,0.042
4540.72041,13.02,0.051
4542.84212,12.794,0.041
4546.78523,12.736,0.05
4548.77021,12.777,0.038
4551.7117,12.973,0.048
4553.7484,12.903,0.039
4555.77422,12.951,0.039
4558.67038,12.966,0.043
4560.73237,12.935,0.049
4562.7981,12.854,0.064
4565.64986,12.923,0.042
4567.71121,13.163,0.041
4569.70443,13.004,0.037
4571.70271,13.336,0.038
4573.70056,13.078,0.048
4575.71274,13.112,0.048
4577.86424,13.162,0.042
4579.80768,13.194,0.043
4580.69497,13.213,0.039
4583.83975,13.328,0.042
4586.76926,13.308,0.038
4589.5907,13.444,0.042
4591.63886,13.5,0.038
4593.68172,13.538,0.042
4595.64438,13.536,0.036
4597.62896,13.505,0.038
4599.65332,13.69,0.049
4601.64723,13.986,0.043
4603.66992,13.694,0.042
4607.67247,13.673,0.069
4610.562,14.075,0.04
4627.5409,13.738,0.037
4629.55136,14.296,0.035
4641.67347,14.32,0.05
4645.67533,14.204,0.073
4648.54899,14.343,0.058
4650.62173,14.247,0.071
4652.64425,14.324,0.04
4654.61647,14.339,0.053
4656.59948,13.92,0.073
4661.53951,13.732,0.043
4666.55503,13.934,0.035
4672.51242,13.69,0.046
4674.57773,13.679,0.044
4678.55965,13.847,0.051
4684.54798,13.769,0.056
4685.50751,13.52,0.065
4687.5194,13.702,0.075
4700.50437,13.525,0.048
4708.51541,13.522,0.068
4711.4949,13.475,0.057
4716.49266,13.404,0.052
4726.47841,13.472,0.075
4820.8299,13.68,0.044
4824.83222,13.719,0.037
4836.82369,13.664,0.067
4843.84981,13.349,0.043
4847.8056,13.292,0.037
4850.83081,13.416,0.036
4862.79265,13.328,0.041
4865.86471,13.34,0.051
4868.82751,13.519,0.041
4875.81849,13.271,0.044
4881.79416,13.332,0.043
4882.81768,13.347,0.04
4890.76548,13.548,0.048
4894.79938,13.831,0.055
4904.74821,13.625,0.049
4909.70584,13.365,0.075
4918.68878,14.208,0.061
4919.74676,13.407,0.048
4928.71845,13.667,0.049
4937.63807,13.602,0.05
4946.74232,13.956,0.05
4966.77285,13.626,0.054
4985.56455,14.007,0.044
5024.65955,13.777,0.046
5031.61672,13.742,0.043
5041.54497,13.972,0.049
5057.56782,13.383,0.049
5064.50021,13.455,0.071
5067.49446,13.331,0.072
5072.52821,13.409,0.07
5085.48639,13.239,0.053
5086.48909,13.198,0.063
5089.48202,13.137,0.058
