2056.58732,14.862,0.058
2057.57798,14.329,0.069
2058.57893,14.271,0.074
2067.54002,13.532,0.067
2068.55604,13.461,0.071
2069.56313,13.668,0.06
2070.55347,13.302,0.06
2079.51791,13.003,0.08
2081.52203,12.905,0.066
2083.51788,12.925,0.067
2085.52069,12.906,0.045
2086.52493,12.846,0.067
2087.51629,12.973,0.068
2088.51724,12.889,0.054
2093.48635,12.761,0.063
2102.47462,12.732,0.058
2104.53233,12.765,0.043
2106.53224,12.686,0.049
2115.60421,12.774,0.057
2117.50166,12.904,0.053
2125.48345,13.152,0.05
2129.48605,13.389,0.045
2131.52651,13.437,0.04
2134.48311,13.709,0.044
2141.47765,14.003,0.05
2144.47655,14.064,0.057
2623.85525,13.504,0.043
2804.73544,13.71,0.035
2808.74115,13.15,0.036
2810.59183,13.06,0.03
2812.56452,12.863,0.034
2820.58992,12.289,0.032
2822.63417,12.253,0.049
2830.53873,12.138,0.031
2831.65638,12.127,0.036
2833.6353,12.158,0.043
2840.57044,12.302,0.034
2842.56873,12.31,0.039
2845.55653,12.378,0.033
2851.49564,12.473,0.028
2853.62724,12.581,0.036
2859.57089,12.752,0.033
2861.5779,12.858,0.036
2865.52431,12.823,0.035
2867.5643,13.001,0.031
2872.47935,13.115,0.03
2875.54076,13.216,0.034
2895.48084,14.196,0.03
3054.81903,14.222,0.034
3057.84655,13.613,0.029
3060.79752,13.359,0.031
3069.76894,12.844,0.033
3071.79819,12.805,0.035
3075.81396,12.724,0.033
3078.73843,12.709,0.033
3080.79476,12.785,0.035
3085.77814,12.53,0.033
3087.77747,12.56,0.036
3090.71578,12.66,0.035
3092.75536,12.523,0.028
3096.75638,12.683,0.03
3098.74441,12.58,0.033
3100.74639,12.681,0.033
3103.74209,12.78,0.032
3105.73758,12.759,0.039
3107.74058,12.842,0.028
3109.74078,12.796,0.028
3111.83014,13.041,0.03
3114.65221,12.949,0.031
3116.6997,13.118,0.029
3121.67701,13.463,0.028
3125.66723,13.506,0.032
3130.67007,13.589,0.031
3132.67598,13.701,0.03
3134.67619,14.095,0.03
3142.67935,14.253,0.029
3384.84128,13.532,0.071
3388.81837,13.559,0.063
3399.80448,14.026,0.067
3556.62909,14.321,0.045
3559.61245,14.268,0.033
3561.61604,14.076,0.047
3563.59951,13.706,0.035
3569.54404,13.233,0.037
3571.62815,13.088,0.039
3574.63212,12.849,0.036
3577.54938,12.842,0.041
3583.50408,12.821,0.061
3585.55584,12.903,0.079
3587.56004,12.676,0.038
3589.57458,12.742,0.039
3592.49863,12.826,0.049
3596.53929,12.72,0.075
3600.5384,12.707,0.052
3602.54618,12.708,0.061
3606.50109,12.696,0.047
3615.52359,12.935,0.04
3628.48344,13.319,0.042
3814.79218,13.705,0.056
3816.81949,13.448,0.088
3819.72171,13.228,0.08
3821.81889,13.322,0.049
3824.70982,13.071,0.063
3826.75704,13.018,0.042
3829.69431,13.084,0.06
3831.74859,12.819,0.086
3833.7365,12.92,0.045
3835.73085,12.683,0.038
3837.74131,12.526,0.038
3847.70097,12.212,0.042
3849.69308,12.11,0.053
3851.69266,12.05,0.062
3853.72699,12.288,0.035
3855.82214,12.205,0.045
3860.65686,12.199,0.042
3862.65201,12.256,0.048
3864.65056,12.355,0.049
3868.66711,12.575,0.067
3870.66142,12.486,0.055
3872.65959,12.69,0.065
3875.76438,12.714,0.056
3881.64112,13.066,0.062
3886.58997,13.526,0.037
3888.59572,13.637,0.051
3890.5869,13.965,0.036
3892.59293,13.73,0.054
4104.84642,11.653,0.052
4109.86271,11.793,0.056
4128.81342,12.719,0.042
4134.84963,13.208,0.045
4142.89196,13.534,0.059
4145.8262,13.838,0.08
4311.54329,13.367,0.041
4316.57714,13.416,0.035
4329.47762,11.924,0.057
4333.47895,11.88,0.035
4336.55153,11.87,0.039
4342.51957,11.879,0.043
4345.48345,11.801,0.072
4347.50563,11.957,0.045
4349.51092,11.939,0.053
4352.4934,12.053,0.036
4356.4802,12.23,0.054
4361.48039,12.256,0.037
4565.6801,13.888,0.049
4569.71896,13.366,0.034
4571.72061,13.41,0.038
4573.7162,13.197,0.035
4580.78519,12.863,0.043
4585.63669,12.723,0.034
4587.68138,12.52,0.045
4589.73364,12.718,0.054
4591.72462,12.713,0.057
4593.75631,12.56,0.037
4595.82055,12.579,0.038
4597.7125,12.604,0.037
4606.63215,12.569,0.041
4608.63754,12.571,0.045
4610.72194,12.718,0.046
4616.73687,12.587,0.035
4622.69254,12.705,0.039
4633.54999,13,0.041
4640.67486,13.181,0.043
4642.63878,13.468,0.039
4644.65715,13.275,0.039
4646.64963,13.403,0.044
4653.55136,13.551,0.038
4655.52634,13.445,0.04
4827.85429,12.647,0.045
4835.84089,12.323,0.057
4839.83239,12.151,0.043
4843.82871,11.942,0.075
4847.8305,12.001,0.044
4852.81756,11.949,0.077
4856.8508,12.108,0.045
4861.83716,12.172,0.051
4865.81993,12.216,0.051
4869.81868,12.452,0.041
4872.82944,12.328,0.04
4879.87433,12.609,0.049
4882.80496,12.829,0.087
4885.79748,12.764,0.058
4888.79678,13.021,0.065
4891.78462,12.938,0.046
4895.82491,13.07,0.045
4899.82697,13.135,0.051
4909.74022,13.87,0.058
5085.48309,12.44,0.048
