1903.85103,11.673,0.034
1905.8597,11.685,0.031
1907.85621,11.737,0.029
1918.87587,11.8,0.034
1920.83051,11.793,0.031
1922.81447,11.803,0.031
1924.80152,11.764,0.031
1925.85657,11.767,0.028
1926.85303,11.734,0.029
1929.80123,11.72,0.029
1930.87414,11.739,0.027
1932.79683,11.713,0.028
1936.80549,11.69,0.027
1938.80958,11.666,0.029
1940.80063,11.643,0.027
1946.74549,11.545,0.031
1948.78432,11.459,0.03
1950.75518,11.461,0.039
1953.77879,11.45,0.032
1954.80068,11.437,0.037
1955.81066,11.409,0.033
1958.81895,11.468,0.035
1961.79575,11.467,0.036
1962.86071,11.507,0.037
1964.74501,11.542,0.032
1965.79809,11.509,0.034
1966.82737,11.546,0.033
1971.78226,11.649,0.04
1976.82711,11.714,0.041
1977.75266,11.758,0.042
1979.6937,11.744,0.045
1980.72573,11.727,0.047
1981.74653,11.759,0.042
1982.7447,11.722,0.038
1984.75068,11.767,0.043
1985.74516,11.861,0.043
1985.88293,11.835,0.043
1995.66735,11.898,0.045
1996.71714,11.986,0.047
1997.72201,11.945,0.047
2025.64799,12.006,0.031
2026.65625,11.995,0.032
2027.64817,11.991,0.033
2030.63693,11.991,0.033
2031.65168,12.017,0.033
2032.63723,11.991,0.03
2033.62504,12.061,0.03
2037.64067,11.953,0.034
2038.64258,12.04,0.039
2040.62803,11.992,0.042
2052.58102,11.987,0.038
2053.60488,12.016,0.037
2054.61942,12.018,0.052
2055.58755,11.99,0.038
2056.59369,11.978,0.038
2057.58209,11.982,0.036
2058.58305,11.973,0.037
2062.53752,12.114,0.041
2067.56786,12.099,0.033
2068.56489,12.209,0.037
2069.56974,12.222,0.036
2079.52247,12.233,0.035
2081.52896,12.196,0.034
2082.54893,12.154,0.029
2083.57023,12.119,0.04
2085.53675,12.09,0.03
2086.54092,12.131,0.034
2087.53012,12.099,0.035
2093.49348,11.937,0.037
2094.52431,11.98,0.037
2096.64076,11.979,0.044
2102.48649,11.734,0.033
2104.50121,11.618,0.037
2106.51019,11.532,0.031
2115.59377,11.261,0.037
2117.49352,11.222,0.029
2124.5577,11.093,0.033
2129.46887,10.955,0.029
2133.51579,10.853,0.029
2135.52399,10.833,0.031
2141.4696,10.806,0.029
2143.53022,10.775,0.03
2145.50518,10.795,0.03
2158.49507,11.157,0.03
2443.54387,11.65,0.025
2452.50634,11.679,0.034
2459.51192,11.676,0.031
2464.50004,11.695,0.034
2468.49954,11.703,0.029
2470.48131,11.758,0.035
2474.46788,11.812,0.043
2482.46339,11.804,0.04
2490.51339,11.878,0.035
2493.51617,11.863,0.04
2495.54581,11.934,0.039
2499.49758,11.904,0.03
2501.50038,11.98,0.046
2502.54844,11.923,0.042
2503.55755,11.892,0.041
2508.58107,11.957,0.039
2510.53893,11.947,0.048
2512.50602,11.885,0.029
2520.54582,11.866,0.026
2521.55524,11.856,0.026
2526.47741,11.824,0.037
2535.4842,11.817,0.035
2543.48225,11.759,0.029
2628.82965,11.248,0.037
2629.8422,11.219,0.028
2635.84094,11.183,0.028
2639.84092,11.226,0.028
2643.83485,11.177,0.031
2646.83849,11.196,0.03
2649.86357,11.229,0.041
2650.82248,11.168,0.031
2652.84767,11.239,0.034
2657.84391,11.247,0.031
2660.80721,11.341,0.033
2662.85744,11.368,0.026
2664.83555,11.43,0.027
2667.82752,11.495,0.029
2670.836,11.623,0.027
2673.82205,11.68,0.031
2676.80308,11.721,0.03
2678.81653,11.758,0.026
2679.7828,11.796,0.035
2680.8234,11.802,0.029
2684.81243,11.86,0.029
2686.8141,11.807,0.041
2688.79373,11.858,0.036
2690.80132,11.881,0.047
2693.80743,11.921,0.036
2696.79791,11.921,0.029
2698.84759,11.874,0.04
2700.8575,11.943,0.032
2704.81187,11.951,0.026
2706.79575,11.931,0.026
2710.75436,11.899,0.027
2712.75212,11.903,0.029
2714.73908,11.862,0.029
2717.74617,11.78,0.04
2722.73584,11.743,0.036
2724.74623,11.691,0.029
2726.75223,11.672,0.027
2728.74529,11.599,0.03
2730.74635,11.564,0.03
2733.74019,11.553,0.03
2735.73891,11.49,0.036
2737.69826,11.489,0.034
2739.72286,11.499,0.029
2741.69712,11.485,0.026
2743.67721,11.459,0.04
2744.80489,11.443,0.039
2747.82312,11.437,0.037
2750.86049,11.518,0.027
2752.71362,11.476,0.027
2755.65084,11.517,0.023
2757.62915,11.466,0.038
2759.67643,11.489,0.033
2760.80543,12.025,0.025
2762.72294,11.534,0.038
2763.82376,11.985,0.03
2769.75241,11.56,0.031
2775.65796,11.639,0.029
2782.64115,11.602,0.023
2783.76958,11.672,0.032
2785.69042,11.621,0.024
2787.64362,11.59,0.029
2790.66903,11.648,0.025
2796.53494,11.664,0.04
2805.68066,11.656,0.04
2809.68566,11.708,0.025
2811.64211,11.689,0.028
2812.75148,11.723,0.031
2820.64755,11.785,0.025
2822.67404,11.799,0.03
2830.55084,11.889,0.027
2831.67143,11.889,0.028
2840.58368,11.903,0.024
2842.57903,11.962,0.045
2845.56978,11.872,0.025
2851.5244,11.868,0.025
2853.63969,11.835,0.028
2855.57097,11.826,0.024
2858.6353,11.781,0.025
2860.59497,11.79,0.025
2862.57194,11.727,0.027
2866.57236,11.721,0.026
2868.59039,11.699,0.034
2872.59106,11.677,0.028
2876.5074,11.596,0.026
2878.50846,11.612,0.025
2882.49933,11.554,0.033
2884.50413,11.508,0.025
2885.55395,11.461,0.03
2894.51516,11.46,0.027
2901.49806,11.515,0.05
2905.49221,11.516,0.025
2909.48591,11.527,0.05
2912.48658,11.596,0.026
2987.85509,11.549,0.033
2991.85396,11.615,0.03
3003.84995,11.476,0.03
3007.83136,11.45,0.026
3017.84502,11.401,0.027
3025.84559,11.499,0.024
3030.8466,11.577,0.026
3034.81539,11.564,0.027
3041.82605,11.546,0.029
3051.83649,11.571,0.027
3054.83849,11.537,0.026
3057.87212,11.548,0.026
3060.81451,11.537,0.027
3069.85022,11.55,0.029
3071.81977,11.543,0.028
3074.78525,11.561,0.029
3077.75598,11.616,0.027
3079.83714,11.621,0.028
3082.73713,11.685,0.025
3086.79358,11.74,0.026
3088.86048,11.822,0.044
3091.72665,11.807,0.026
3096.77333,11.85,0.026
3098.7536,11.897,0.026
3100.76294,11.877,0.029
3102.76479,11.83,0.03
3104.81204,11.864,0.026
3106.80776,11.837,0.029
3108.84565,11.811,0.026
3111.67668,11.826,0.025
3113.71842,11.773,0.026
3115.71531,11.772,0.026
3118.77102,11.777,0.026
3122.67775,11.767,0.027
3124.71362,11.754,0.025
3126.66876,11.769,0.028
3128.66318,11.722,0.03
3130.70281,11.669,0.029
3132.7116,11.713,0.028
3134.71249,11.634,0.027
3142.72151,11.544,0.026
3145.7215,11.539,0.032
3153.61971,11.484,0.027
3160.68408,11.427,0.031
3163.69357,11.367,0.024
3165.70216,11.385,0.028
3168.7201,11.375,0.028
3171.69075,11.355,0.027
3175.6816,11.372,0.027
3177.71877,11.307,0.029
3180.61675,11.281,0.028
3183.61403,11.346,0.026
3185.60785,11.397,0.027
3187.63326,11.3,0.029
3190.65128,11.351,0.028
3266.48956,11.168,0.028
3385.82073,11.419,0.032
3388.84436,11.268,0.036
3392.84359,11.098,0.038
3399.84859,10.938,0.041
3403.82738,10.94,0.035
3409.84247,11.112,0.04
3412.8343,11.147,0.032
3421.81538,11.405,0.033
3424.80243,11.452,0.035
3426.84075,11.522,0.038
3431.84777,11.619,0.032
3434.77914,11.69,0.038
3438.79521,11.63,0.032
3442.78998,11.622,0.027
3444.81013,11.621,0.038
3449.81307,11.654,0.052
3454.79427,11.587,0.033
3456.7915,11.663,0.034
3458.81092,11.591,0.036
3461.70412,11.612,0.032
3463.7761,11.547,0.031
3465.87394,11.559,0.032
3468.75995,11.456,0.03
3470.85049,11.426,0.029
3473.67873,11.385,0.027
3475.7747,11.279,0.038
3477.79131,11.219,0.029
3479.7296,11.166,0.034
3481.71377,11.181,0.029
3483.70721,11.185,0.034
3487.67329,11.077,0.035
3490.69774,11.082,0.032
3492.69257,11.095,0.033
3496.6924,11.105,0.028
3499.69423,11.114,0.041
3501.74356,11.153,0.044
3503.72562,11.144,0.028
3506.72931,11.13,0.028
3511.79575,11.167,0.029
3515.76353,11.158,0.033
3517.75867,11.187,0.028
3521.66359,11.232,0.034
3523.669,11.231,0.047
3525.69636,11.286,0.035
3529.76893,11.323,0.036
3539.58877,11.457,0.03
3544.50576,11.488,0.032
3547.614,11.571,0.032
3554.60618,11.666,0.029
3556.64231,11.68,0.026
3559.64007,11.684,0.042
3561.64032,11.712,0.035
3563.60858,11.808,0.028
3569.5746,11.954,0.028
3571.64028,12.059,0.03
3574.6479,12.02,0.03
3576.65322,12.052,0.029
3578.65571,12.048,0.03
3583.541,12.129,0.042
3585.58484,12.08,0.029
3587.5894,12.092,0.028
3589.60012,12.025,0.03
3592.50827,11.962,0.046
3594.56314,11.985,0.03
3601.58764,11.712,0.031
3603.59232,11.746,0.029
3607.50938,11.557,0.032
3616.50015,11.503,0.032
3619.49515,11.605,0.036
3621.53913,11.556,0.047
3626.51378,11.599,0.03
3630.51451,11.478,0.033
3632.51685,11.683,0.035
3641.48239,11.566,0.033
3727.84903,11.726,0.035
3734.8481,11.713,0.04
3738.84316,11.578,0.038
3742.84069,11.596,0.036
3746.83107,11.56,0.046
3750.83822,11.558,0.04
3754.81954,11.702,0.041
3757.83889,11.465,0.04
3760.85188,11.537,0.044
3764.81631,11.572,0.048
3769.81047,11.583,0.046
3773.79847,11.477,0.036
3781.7986,11.57,0.04
3787.87394,11.525,0.032
3790.81201,11.502,0.036
3793.79514,11.46,0.034
3796.79564,11.429,0.035
3799.78186,11.502,0.038
3802.78243,11.546,0.044
3804.83003,11.456,0.041
3807.86588,11.531,0.033
3810.75532,11.565,0.034
3812.82392,11.54,0.034
3815.73798,11.619,0.039
3817.80833,11.614,0.036
3820.71544,11.671,0.033
3822.77722,11.695,0.035
3825.7065,11.714,0.036
3827.77628,11.809,0.054
3830.70131,11.783,0.032
3832.7444,11.731,0.032
3834.72515,11.751,0.035
3836.74098,11.688,0.038
3847.74335,11.702,0.038
3849.71173,11.666,0.031
3851.71212,11.656,0.032
3853.76745,11.652,0.03
3856.64136,11.65,0.035
3862.6547,11.651,0.029
3864.65594,11.627,0.031
3866.66381,11.714,0.032
3868.70624,11.698,0.035
3870.71562,11.736,0.036
3872.71297,11.668,0.041
3875.7933,11.79,0.039
3881.64672,11.829,0.03
3886.60962,11.934,0.03
3888.61698,11.915,0.046
3890.59866,11.914,0.032
3892.60207,11.941,0.039
3894.63649,12.026,0.028
3901.76415,11.896,0.033
3903.76549,11.824,0.031
3906.49867,11.778,0.031
3908.54121,11.736,0.033
4104.85135,12.003,0.039
4109.85633,11.977,0.037
4128.81506,12.103,0.03
4131.84788,12.07,0.038
4134.85466,11.947,0.032
4140.84136,12.017,0.036
4143.84648,11.966,0.036
4146.838,11.909,0.034
4150.83674,11.835,0.033
4153.80222,11.815,0.03
4156.79696,11.726,0.031
4159.79518,11.608,0.029
4161.86158,11.579,0.032
4164.77478,11.52,0.037
4167.78198,11.478,0.032
4176.75882,11.486,0.035
4179.7924,11.419,0.036
4182.73054,11.451,0.037
4184.80106,11.43,0.039
4188.73957,11.433,0.029
4190.78635,11.45,0.036
4192.76008,11.466,0.032
4194.78259,11.49,0.031
4197.80145,11.54,0.038
4200.72925,11.537,0.03
4203.73907,11.506,0.031
4205.7418,11.588,0.033
4208.82912,11.648,0.037
4212.83083,11.665,0.037
4215.76629,11.645,0.032
4228.69474,11.615,0.032
4230.69323,11.577,0.032
4232.69417,11.471,0.032
4234.68647,11.462,0.031
4238.74813,11.451,0.038
4246.70093,11.299,0.029
4250.57179,11.275,0.029
4253.7448,11.131,0.033
4255.7766,11.134,0.036
4258.53781,11.076,0.029
4268.71791,10.997,0.038
4274.54601,10.992,0.031
4276.70854,10.979,0.033
4278.63769,10.983,0.029
4282.63785,11.114,0.039
4284.64457,11.11,0.028
4290.63779,11.209,0.029
4292.59878,11.244,0.029
4296.60497,11.33,0.032
4298.60958,11.437,0.036
4300.55886,11.454,0.034
4302.61266,11.433,0.028
4304.55448,11.445,0.031
4306.57138,11.532,0.028
4308.61373,11.538,0.039
4311.58002,11.599,0.029
4316.61294,11.831,0.031
4319.62361,11.793,0.029
4329.50523,11.965,0.034
4331.51397,12.04,0.029
4333.51736,12.034,0.027
4336.56105,12.129,0.032
4340.50252,12.14,0.031
4342.52839,12.179,0.032
4344.53715,12.203,0.033
4346.5385,12.3,0.028
4348.55308,12.224,0.03
4351.49587,12.301,0.031
4354.51518,12.272,0.028
4356.53741,12.315,0.03
4358.52759,12.316,0.034
4360.51757,12.273,0.031
4363.5147,12.208,0.03
4372.48458,12.092,0.034
4456.8553,11.524,0.039
4461.85388,11.549,0.034
4465.84586,11.54,0.041
4470.847,11.582,0.045
4478.83944,11.462,0.038
4482.83881,11.577,0.038
4486.81986,11.386,0.038
4490.82273,11.205,0.031
4493.84933,11.114,0.03
4497.86655,10.986,0.029
4501.81476,10.936,0.034
4504.84952,10.84,0.029
4507.87072,10.843,0.035
4510.85734,10.861,0.043
4514.86574,10.818,0.033
4517.84044,10.87,0.033
4520.80506,10.899,0.033
4523.79318,10.934,0.03
4525.85778,10.976,0.032
4528.79348,11.004,0.034
4531.77956,11.017,0.03
4535.78788,11.01,0.034
4537.8233,11.054,0.03
4540.75873,11.119,0.035
4543.73446,11.084,0.034
4545.79999,11.16,0.042
4547.78867,11.144,0.034
4550.73416,11.254,0.032
4552.7951,11.317,0.03
4554.8128,11.404,0.036
4557.71499,11.462,0.031
4559.78243,11.719,0.03
4562.68651,11.525,0.032
4566.76345,11.673,0.033
4568.8554,11.664,0.044
4571.67655,11.716,0.032
4573.71851,11.704,0.033
4575.72537,11.764,0.031
4577.87471,11.746,0.034
4580.70129,11.892,0.03
4583.84196,11.857,0.03
4586.77156,11.802,0.032
4589.62581,11.909,0.031
4591.67767,11.901,0.029
4593.70971,11.878,0.029
4595.67486,11.887,0.029
4597.66699,11.88,0.03
4599.75182,11.955,0.035
4601.675,11.953,0.029
4603.69851,12.033,0.031
4607.69859,11.942,0.048
4610.57558,12.084,0.033
4612.62841,12.151,0.043
4616.62858,12.141,0.034
4626.56474,12.194,0.03
4630.59225,12.183,0.03
4632.62162,12.18,0.031
4638.71747,12.042,0.036
4640.68303,12.017,0.034
4642.66026,11.982,0.032
4644.68044,11.865,0.037
4646.68217,11.953,0.043
4648.72167,11.761,0.035
4651.55053,11.745,0.038
4653.5552,11.6,0.03
4655.53101,11.625,0.034
4659.61171,11.517,0.035
4661.69184,11.538,0.036
4664.51846,11.497,0.034
4666.58429,11.452,0.036
4670.54652,11.487,0.03
4672.56855,11.473,0.034
4674.63822,11.512,0.029
4678.57431,11.421,0.038
4681.5264,11.5,0.036
4683.52888,11.372,0.037
4685.53281,11.513,0.041
4687.54461,11.521,0.036
4691.58412,11.502,0.036
4697.50742,11.63,0.028
4699.52387,11.582,0.032
4701.52967,11.587,0.035
4703.53859,11.96,0.033
4705.56311,11.62,0.038
4708.56214,11.63,0.038
4716.49581,11.683,0.032
4720.53019,11.549,0.033
4724.49888,11.63,0.042
4730.49367,11.432,0.042
4734.48691,11.384,0.037
4739.486,11.222,0.032
4821.84779,12.096,0.034
4825.85355,12.193,0.039
4829.85469,12.318,0.039
4833.85461,12.335,0.035
4837.83883,12.266,0.034
4845.86342,12.141,0.033
4848.85596,12.133,0.032
4852.82429,12.041,0.036
4856.86177,12.036,0.032
4861.83975,11.958,0.042
4865.82653,12.206,0.038
4869.82022,12.06,0.03
4872.83762,11.955,0.034
4876.82714,11.971,0.034
4879.83736,12.022,0.036
4882.82398,12.035,0.031
4885.81597,11.988,0.041
4888.80397,12.019,0.041
4891.79464,11.963,0.039
4895.84455,11.889,0.04
4899.84799,11.84,0.048
4903.84775,11.692,0.044
4906.75668,11.691,0.045
4914.79926,11.489,0.041
4917.75571,11.475,0.041
4919.7904,11.489,0.04
4924.83192,11.37,0.048
4928.7399,11.414,0.05
4931.68982,11.36,0.048
4935.85887,11.385,0.049
4938.67686,11.294,0.052
4940.74005,11.27,0.048
4945.75368,11.25,0.042
4947.84223,11.245,0.043
4952.72536,11.223,0.045
4954.69345,11.266,0.04
4959.67487,11.196,0.047
4961.85349,11.247,0.049
4966.65401,11.232,0.042
4968.70428,11.259,0.042
4973.79555,11.212,0.044
4984.61067,11.218,0.045
4986.63659,11.204,0.05
4988.65809,11.208,0.05
4993.74628,11.287,0.041
5006.58608,11.339,0.049
5018.69597,11.406,0.051
5022.69492,11.491,0.053
5029.58592,11.548,0.046
5038.5403,11.751,0.05
5042.54532,11.645,0.045
5047.53834,11.81,0.048
5049.5706,11.749,0.052
5067.56586,12.2,0.052
5084.52462,11.891,0.047
5089.50391,11.86,0.049
5092.50811,11.826,0.047
