1902.85066,12.396,0.059
1904.85251,12.545,0.069
1906.85102,12.665,0.055
1914.8203,12.442,0.054
1919.82952,12.458,0.061
1921.82328,12.505,0.048
1924.88523,12.478,0.053
1925.82459,12.395,0.054
1929.78771,12.488,0.047
1930.87017,12.481,0.042
1932.81143,12.478,0.04
1937.83633,12.48,0.042
1939.8613,12.514,0.04
1946.77597,12.744,0.052
1948.80398,12.613,0.046
1950.76752,12.61,0.074
1958.83816,12.785,0.041
1961.79908,12.757,0.042
1962.85957,12.746,0.045
1964.75533,12.7,0.043
1965.80838,12.751,0.041
1967.8593,12.795,0.046
1971.78808,12.625,0.047
1976.82381,12.495,0.049
1977.76115,12.628,0.051
1979.71619,12.859,0.057
1982.82406,12.702,0.051
1984.75654,12.565,0.057
1993.77606,12.526,0.061
1995.68252,12.553,0.051
1996.72754,12.492,0.056
1997.72788,12.335,0.054
1998.72095,12.558,0.06
2000.71701,12.341,0.057
2011.62674,12.483,0.058
2014.68341,12.219,0.064
2025.65378,12.242,0.053
2026.66195,12.227,0.053
2027.65161,12.244,0.052
2030.6426,12.285,0.065
2031.65508,12.24,0.062
2032.64063,12.249,0.052
2033.62841,12.268,0.051
2037.67686,12.255,0.065
2038.64819,12.237,0.052
2040.63129,12.334,0.071
2052.58636,12.466,0.071
2053.60794,12.479,0.062
2054.61569,12.532,0.061
2055.59057,12.465,0.065
2057.58507,12.501,0.061
2062.568,12.64,0.071
2067.57985,12.605,0.057
2068.56763,12.573,0.067
2069.56799,12.535,0.072
2079.52497,12.648,0.076
2081.53143,12.419,0.05
2083.52499,12.371,0.073
2085.53228,12.509,0.049
2086.53428,12.432,0.062
2087.52792,12.407,0.052
2088.5289,12.497,0.055
2093.49567,12.406,0.055
2094.53099,12.47,0.066
2096.48771,12.58,0.07
2102.48164,12.557,0.052
2104.50314,12.73,0.049
2106.51209,12.771,0.048
2115.60218,12.65,0.058
2125.47907,12.824,0.054
2129.48165,12.555,0.055
2131.51986,12.575,0.058
2134.481,12.614,0.049
2141.47549,12.627,0.058
2141.47765,12.431,0.05
2144.47655,12.376,0.057
2442.54671,12.292,0.036
2443.55088,12.273,0.035
2452.50868,12.294,0.04
2453.5313,12.105,0.063
2459.50957,12.296,0.041
2463.54309,12.45,0.06
2464.49758,12.552,0.041
2468.48965,12.5,0.038
2470.47872,12.571,0.042
2476.47135,12.709,0.061
2482.47179,12.642,0.048
2490.52628,12.707,0.046
2494.48819,12.693,0.047
2498.52118,12.684,0.056
2502.49625,12.646,0.052
2503.51723,12.681,0.052
2512.50037,12.527,0.051
2521.48572,12.551,0.044
2529.47439,12.277,0.069
2635.8504,12.586,0.038
2641.85249,12.615,0.038
2645.84201,12.774,0.036
2650.83916,12.569,0.034
2653.83713,12.577,0.033
2657.86061,12.517,0.035
2660.83105,12.243,0.034
2663.81879,12.364,0.039
2667.80238,12.165,0.037
2670.844,12.241,0.034
2673.83922,12.162,0.036
2679.79243,12.233,0.038
2684.82722,12.369,0.034
2688.80709,12.391,0.034
2690.80696,12.367,0.04
2693.8839,12.44,0.034
2696.8061,12.463,0.033
2698.85174,12.391,0.038
2700.84692,12.465,0.039
2704.81784,12.529,0.037
2706.80159,12.548,0.034
2710.7579,12.489,0.033
2712.75808,12.449,0.035
2714.74506,12.513,0.036
2717.74978,12.5,0.037
2720.81694,12.445,0.037
2722.74175,12.501,0.035
2724.75437,12.526,0.04
2726.75586,12.637,0.032
2730.74997,12.62,0.034
2733.74381,12.643,0.034
2735.74704,12.654,0.037
2737.70188,12.72,0.035
2739.72881,12.733,0.035
2741.70072,12.716,0.033
2743.6808,12.658,0.034
2744.81346,12.678,0.047
2749.80689,12.685,0.038
2755.65663,12.605,0.035
2757.63957,12.494,0.033
2759.67988,12.507,0.035
2760.81637,12.446,0.037
2762.72635,12.394,0.036
2763.83256,12.531,0.039
2775.66815,12.367,0.032
2782.66288,12.337,0.033
2784.61763,12.309,0.035
2785.76247,12.277,0.037
2787.70447,12.323,0.038
2790.796,12.326,0.037
2793.55965,12.364,0.038
2797.54924,12.346,0.04
2808.65585,12.405,0.037
2811.71212,12.459,0.035
2813.64263,12.56,0.042
2821.52106,12.417,0.034
2826.53386,12.366,0.034
2830.51717,12.427,0.039
2831.64978,12.35,0.036
2833.6238,12.434,0.048
2840.56843,12.15,0.037
2842.5667,12.187,0.044
2845.55449,12.068,0.037
2851.60193,12.074,0.036
2858.54139,12.046,0.038
2859.60952,12.08,0.037
2861.60147,12.128,0.037
2866.49051,12.144,0.04
2868.51126,12.084,0.043
2872.51876,12.154,0.035
2876.49466,12.181,0.039
2878.49569,12.165,0.036
2885.48901,12.29,0.037
2895.50179,12.406,0.034
2898.49827,12.443,0.036
2900.49326,12.416,0.035
2905.48077,12.424,0.032
3006.86064,12.211,0.043
3010.84937,12.315,0.035
3017.8603,12.229,0.036
3030.87535,12.178,0.037
3041.8399,12.307,0.037
3051.84522,12.595,0.037
3054.84211,12.623,0.041
3057.86791,12.759,0.042
3060.82336,12.647,0.039
3063.82831,12.652,0.038
3067.81675,12.572,0.039
3073.77436,12.752,0.036
3079.75524,12.675,0.036
3081.82211,12.785,0.035
3085.8229,12.599,0.035
3087.82434,12.82,0.037
3090.72966,12.562,0.036
3092.79154,12.556,0.033
3096.78997,12.485,0.032
3098.76277,12.491,0.036
3103.76329,12.329,0.033
3105.75355,12.271,0.037
3107.75811,12.323,0.033
3109.76283,12.282,0.038
3114.67818,12.193,0.035
3116.70808,12.086,0.034
3125.70139,12.054,0.04
3131.68832,12.111,0.038
3133.69153,12.237,0.036
3144.69255,12.532,0.033
3158.61657,12.653,0.038
3160.62809,12.737,0.04
3163.63168,12.535,0.035
3165.62862,12.637,0.037
3168.64738,12.705,0.033
3171.64189,12.657,0.034
3173.7443,12.834,0.038
3176.72239,12.671,0.043
3179.55314,12.542,0.032
3189.55016,12.654,0.035
3191.67811,12.449,0.057
3219.47727,12.575,0.039
3268.49405,12.161,0.047
3385.84158,12.568,0.076
3389.83752,12.67,0.072
3393.84386,12.596,0.058
3397.82288,12.442,0.048
3405.82343,12.394,0.079
3408.84936,12.26,0.077
3411.84857,12.413,0.053
3414.84796,12.354,0.043
3417.84308,12.472,0.066
3426.78763,12.567,0.061
3432.85717,12.5,0.078
3436.79942,12.468,0.044
3439.79901,12.533,0.058
3443.7803,12.466,0.086
3445.79143,12.454,0.05
3450.74762,12.553,0.064
3453.69313,12.458,0.057
3455.70999,12.509,0.058
3459.78538,12.384,0.063
3462.72264,12.25,0.048
3464.77764,12.192,0.071
3466.8096,12.243,0.054
3469.7728,12.598,0.073
3471.81365,12.368,0.045
3474.68562,12.403,0.039
3475.59417,12.522,0.047
3475.59742,12.449,0.046
3475.60075,12.363,0.042
3475.60396,12.498,0.058
3475.60723,12.438,0.047
3475.6105,12.455,0.047
3475.61288,12.473,0.045
3475.61942,12.458,0.047
3475.62267,12.502,0.042
3475.62593,12.492,0.057
3475.62919,12.438,0.092
3475.63243,12.472,0.047
3475.63571,12.091,0.045
3475.63809,12.427,0.052
3475.64225,12.407,0.053
3475.64875,12.367,0.043
3475.65203,12.476,0.048
3475.65518,12.397,0.054
3475.65768,12.404,0.048
3475.66018,12.468,0.05
3475.66438,12.46,0.046
3475.66676,12.466,0.047
3475.67016,12.363,0.084
3475.67255,12.403,0.048
3475.67591,12.688,0.051
3475.67829,12.505,0.043
3475.68511,12.516,0.074
3475.69177,12.637,0.077
3475.69687,12.547,0.058
3475.70208,12.462,0.074
3475.71817,12.553,0.042
3475.73331,12.413,0.068
3475.76725,12.359,0.081
3475.79477,12.465,0.074
3475.82585,12.472,0.048
3475.85647,12.488,0.045
3475.89085,12.456,0.068
3475.92218,12.218,0.078
3476.52938,12.483,0.055
3476.59089,12.333,0.095
3476.62223,12.428,0.083
3476.65271,12.443,0.058
3476.67943,12.442,0.077
3476.71025,12.357,0.088
3476.74437,12.544,0.083
3478.72535,12.579,0.086
3482.72426,12.49,0.044
3489.74525,12.59,0.072
3497.75433,12.627,0.041
3500.77496,12.717,0.045
3502.84522,12.603,0.045
3504.78795,12.736,0.052
3506.46893,12.646,0.057
3506.47138,12.736,0.04
3506.47385,12.694,0.048
3506.49157,12.668,0.051
3506.54055,12.683,0.054
3506.55797,12.733,0.048
3506.58642,12.691,0.05
3506.67977,13.316,0.048
3506.70744,12.657,0.056
3506.73552,12.749,0.047
3506.76459,12.686,0.039
3506.79371,12.693,0.047
3506.82342,12.769,0.041
3506.85392,12.702,0.04
3508.66069,12.719,0.044
3508.69355,12.722,0.039
3508.72515,12.828,0.035
3508.75586,12.75,0.037
3508.78717,12.719,0.037
3508.81531,12.665,0.037
3515.66446,12.699,0.043
3517.6539,12.738,0.054
3522.71408,12.815,0.083
3524.73605,12.592,0.062
3526.76334,12.633,0.068
3528.762,12.567,0.09
3543.74373,12.415,0.058
3547.59203,12.291,0.07
3554.6319,12.448,0.038
3556.69031,12.35,0.059
3560.51353,12.469,0.057
3562.50553,12.318,0.078
3564.49988,12.402,0.048
3569.62221,12.28,0.04
3571.66079,12.265,0.038
3575.53783,12.171,0.043
3577.59274,12.134,0.043
3583.60794,12.151,0.063
3586.52502,12.243,0.042
3591.50799,12.207,0.069
3602.55921,12.447,0.041
3606.50631,12.614,0.042
3617.51499,12.644,0.038
3630.48339,12.745,0.043
3633.48363,12.61,0.045
3736.85489,12.457,0.041
3740.85004,12.399,0.047
3744.8528,12.335,0.045
3748.84315,12.246,0.042
3752.83386,12.18,0.044
3756.84133,12.142,0.05
3761.82322,12.223,0.056
3765.8257,12.253,0.055
3769.83026,12.473,0.056
3773.82899,12.564,0.069
3788.87634,12.858,0.059
3791.8169,12.956,0.04
3794.82968,12.948,0.06
3797.79938,13.001,0.059
3800.7959,13.166,0.085
3803.78718,13.025,0.062
3806.76588,12.902,0.077
3809.78971,12.748,0.068
3814.81645,12.7,0.084
3816.83537,12.736,0.06
3819.74072,12.569,0.088
3821.84287,12.642,0.081
3824.71918,12.402,0.044
3826.78551,12.34,0.041
3829.71156,12.255,0.059
3831.77417,12.214,0.08
3833.75629,12.233,0.042
3835.75052,12.267,0.053
3837.74755,12.136,0.04
3847.89261,12.091,0.087
3849.81025,12.205,0.067
3852.64889,12.111,0.063
3854.69316,12.186,0.084
3856.73194,12.149,0.063
3858.82243,12.243,0.051
3861.6178,12.332,0.051
3863.66033,12.241,0.047
3869.66416,12.404,0.043
3871.65344,12.373,0.055
3874.73975,12.362,0.049
3882.56712,12.63,0.078
3886.64153,12.505,0.049
3890.62481,12.425,0.048
3896.59598,12.345,0.044
3898.61403,12.459,0.082
3900.63398,12.355,0.072
3902.6505,12.454,0.048
3904.67406,12.414,0.04
3906.68983,12.436,0.062
3908.71203,12.525,0.059
3912.701,12.377,0.05
3981.51922,12.711,0.045
4105.84567,12.131,0.084
4125.83761,12.515,0.047
4129.8292,12.725,0.05
4132.84772,12.683,0.053
4143.80628,12.726,0.073
4146.84221,12.75,0.049
4150.84102,12.74,0.047
4153.8161,12.569,0.055
4156.80593,12.492,0.051
4159.80563,12.596,0.043
4162.78458,12.479,0.038
4164.83027,12.401,0.049
4174.72547,12.325,0.049
4176.82364,12.198,0.055
4179.81176,12.416,0.039
4182.73972,12.121,0.052
4184.794,12.096,0.072
4188.74415,12.081,0.036
4190.77276,12.056,0.052
4192.75819,12.098,0.04
4197.76506,12.083,0.075
4200.72738,12.234,0.037
4203.73714,12.362,0.064
4205.73986,12.307,0.061
4208.82796,12.301,0.046
4212.90064,12.36,0.041
4216.66679,12.557,0.048
4227.6786,12.715,0.049
4229.68138,12.749,0.044
4231.6941,12.887,0.059
4233.69363,12.88,0.036
4235.69085,12.995,0.06
4246.62757,12.828,0.041
4251.80341,12.841,0.051
4254.64272,12.632,0.059
4256.70304,12.69,0.041
4258.77688,12.575,0.038
4267.58905,12.329,0.035
4269.61997,12.273,0.037
4272.57413,12.155,0.039
4281.53306,12.043,0.07
4283.56369,11.929,0.07
4285.56278,11.992,0.063
4289.55774,12.059,0.039
4291.57724,12.071,0.048
4295.57406,12.215,0.036
4297.5738,12.306,0.048
4299.54802,12.392,0.053
4301.51534,12.443,0.053
4306.48017,12.542,0.042
4308.56775,12.592,0.068
4311.55095,12.703,0.046
4316.58481,12.787,0.043
4334.48379,12.936,0.044
4338.48719,12.91,0.04
4340.55426,12.702,0.041
4343.51192,12.831,0.06
4345.52271,12.732,0.049
4347.5238,12.636,0.043
4349.52407,12.611,0.043
4352.50092,12.571,0.034
4361.49591,12.347,0.04
4367.48433,12.212,0.04
4472.86436,12.318,0.048
4479.84771,12.431,0.048
4485.85957,12.648,0.055
4490.84753,12.995,0.058
4493.77259,12.939,0.039
4498.8634,13.236,0.058
4501.85577,13.206,0.047
4505.82158,13.311,0.041
4514.86349,12.929,0.055
4517.8457,12.73,0.04
4520.81727,12.503,0.057
4524.86975,12.196,0.053
4527.79478,12.184,0.048
4530.78535,12.109,0.048
4533.83677,12.181,0.049
4536.78301,12.223,0.035
4539.76787,12.208,0.039
4541.79984,12.316,0.037
4546.75031,12.438,0.069
4552.79065,12.576,0.039
4554.80833,12.665,0.049
4557.72047,12.59,0.045
4559.765,12.693,0.044
4561.82598,12.833,0.069
4564.69982,12.874,0.047
4566.74515,12.815,0.069
4568.79666,12.846,0.057
4570.83649,12.952,0.048
4572.72465,13.04,0.048
4574.69625,12.975,0.056
4579.75693,12.885,0.05
4582.7141,12.955,0.063
4585.76131,13.166,0.045
4587.79969,13.415,0.051
4590.63405,13.122,0.051
4592.67477,13.019,0.039
4594.68417,12.851,0.045
4596.68369,12.815,0.044
4602.6423,12.529,0.055
4606.66262,12.395,0.071
4608.66648,12.265,0.067
4610.75827,12.142,0.065
4612.76008,12.101,0.048
4616.76169,12.028,0.038
4622.71055,12.06,0.045
4639.59852,12.23,0.054
4641.63431,12.259,0.044
4643.63491,12.355,0.052
4650.59911,12.615,0.058
4652.61899,12.65,0.041
4656.57375,12.846,0.04
4661.49244,12.852,0.067
4663.55542,12.853,0.048
4665.64214,12.961,0.047
4677.59394,13.081,0.068
4679.5975,12.916,0.053
4682.58653,12.996,0.052
4690.55281,12.793,0.055
4694.52387,12.467,0.052
4698.52614,12.37,0.05
4700.5358,12.367,0.066
4702.55864,12.331,0.04
4704.54557,12.176,0.043
4708.53078,12.033,0.07
4716.51376,12.266,0.052
4721.51012,12.261,0.061
4725.50367,12.55,0.076
4728.48931,12.209,0.055
4830.85458,12.587,0.055
4834.85172,12.698,0.048
4838.84852,12.738,0.055
4842.84909,12.894,0.059
4846.84932,13.015,0.058
4853.83391,12.896,0.056
4857.83737,12.747,0.039
4861.86536,12.665,0.048
4865.84712,12.521,0.049
4869.84123,12.539,0.062
4872.84533,12.257,0.043
4879.89139,12.287,0.064
4882.83622,12.191,0.07
4885.8275,12.124,0.059
4891.80622,12.081,0.039
4895.88861,12.169,0.066
4899.88961,12.203,0.089
4906.86791,12.152,0.083
4909.7504,12.24,0.046
4914.81067,12.347,0.047
4917.76037,12.4,0.043
4919.79583,12.373,0.042
4926.76585,12.521,0.071
4929.79066,12.609,0.042
4934.74846,12.586,0.075
4936.79236,12.692,0.041
4946.74966,12.582,0.059
4955.68658,12.3,0.062
4961.67764,12.093,0.076
4966.63406,11.97,0.072
4968.68624,12.08,0.058
4975.80334,11.78,0.051
4991.60866,12.028,0.069
4994.67615,12.18,0.046
5002.67722,12.448,0.059
5006.68289,12.573,0.051
5009.56081,12.75,0.056
5017.52018,12.814,0.054
5021.61276,13.008,0.061
5023.6154,12.98,0.048
5029.62676,13.096,0.062
5048.51368,12.431,0.052
5057.52086,12.186,0.053
5085.49846,12.204,0.057
5088.49446,12.28,0.061
