2133.48851,12.204,0.045
2446.64519,11.949,0.035
2501.47082,12.135,0.052
2652.86314,12.039,0.025
2658.86548,11.814,0.027
2666.84445,11.721,0.029
2670.84752,11.784,0.027
2673.87538,11.707,0.026
2676.86113,11.741,0.028
2685.81976,12.196,0.027
2689.83515,12.162,0.028
2693.80725,11.757,0.039
2696.82605,11.859,0.029
2698.85727,12.249,0.026
2700.85017,11.968,0.027
2702.84749,11.895,0.027
2704.82782,11.758,0.026
2706.80927,11.713,0.026
2712.7679,12.24,0.026
2714.75809,12.255,0.029
2719.80702,11.831,0.031
2721.75767,11.838,0.031
2723.75776,11.872,0.028
2725.73765,11.712,0.029
2727.75272,11.754,0.022
2736.71676,11.804,0.03
2738.72608,11.839,0.026
2740.72894,11.779,0.039
2742.68869,12.13,0.029
2747.75236,11.778,0.031
2750.78983,11.707,0.025
2752.70573,11.99,0.025
2755.67248,11.733,0.026
2757.65774,11.7,0.028
2759.69117,11.795,0.024
2761.64875,11.801,0.027
2764.6955,11.685,0.032
2766.7928,12.429,0.043
2770.65679,11.878,0.024
2776.76931,12.002,0.039
2782.7119,11.679,0.045
2782.71452,11.772,0.039
2784.62618,11.778,0.027
2785.76404,11.758,0.025
2787.71316,11.819,0.028
2791.53819,12.222,0.03
2794.59785,11.735,0.026
2808.67864,11.698,0.03
2810.56121,11.856,0.029
2812.55467,11.766,0.026
2819.57581,11.848,0.028
2821.59075,11.836,0.029
2829.50345,12.208,0.028
2831.56299,11.706,0.031
2835.5378,11.902,0.029
2838.53004,12.224,0.031
2840.61098,11.684,0.029
2842.59363,11.744,0.029
2858.54472,11.876,0.029
2860.54595,11.818,0.029
2862.5271,11.662,0.031
2867.47625,12.117,0.03
2875.5046,11.973,0.028
2877.50333,12.399,0.027
3036.8567,11.616,0.044
3051.87423,11.752,0.03
3054.86369,11.799,0.03
3057.87163,11.715,0.04
3060.85557,12.017,0.031
3063.85606,11.979,0.038
3067.83115,11.958,0.029
3075.84562,11.814,0.044
3078.78715,11.8,0.031
3085.8105,11.655,0.03
3087.81188,11.739,0.027
3090.7464,11.901,0.029
3092.80195,11.919,0.031
3096.80322,12.139,0.025
3098.77831,12.104,0.028
3102.75878,11.745,0.029
3104.7853,11.922,0.036
3106.78599,11.924,0.031
3108.78753,11.832,0.028
3111.69656,12.171,0.044
3115.73287,11.808,0.03
3122.68656,11.847,0.027
3124.72517,12.145,0.024
3130.68608,11.598,0.033
3132.69207,11.742,0.029
3134.6944,11.782,0.029
3142.70893,11.742,0.027
3153.65106,12.234,0.028
3159.68872,11.931,0.037
3162.71249,11.926,0.031
3168.54469,12.234,0.027
3171.56902,12.187,0.031
3177.50627,11.673,0.047
3185.53164,11.605,0.03
3187.56438,11.833,0.029
3190.6036,12.076,0.027
3219.52716,12.003,0.04
3398.86201,11.971,0.044
3400.87137,12.088,0.031
3403.87512,11.902,0.035
3404.85125,11.817,0.036
3406.87534,11.832,0.032
3407.8884,11.91,0.036
3409.86499,11.689,0.036
3411.84712,11.771,0.041
3414.86226,11.68,0.032
3417.86939,11.631,0.043
3421.82551,11.912,0.031
3424.81571,12.132,0.032
3426.80688,12.156,0.029
3426.83528,12.022,0.031
3430.80066,11.834,0.032
3430.86003,11.939,0.04
3432.82019,12.063,0.037
3433.80486,11.879,0.029
3436.7951,11.721,0.028
3438.81033,11.792,0.028
3439.78936,11.724,0.051
3443.77588,11.655,0.037
3444.80716,11.736,0.026
3445.7785,11.722,0.033
3446.85133,11.976,0.026
3447.8737,12.218,0.037
3450.74552,12.221,0.029
3453.71743,11.889,0.028
3457.75158,12.137,0.031
3459.81641,11.71,0.033
3462.71782,11.726,0.031
3464.80926,11.838,0.032
3467.79576,12.028,0.032
3469.78423,12.202,0.029
3470.69754,11.69,0.039
3475.68841,11.956,0.041
3477.70602,11.828,0.036
3479.6931,12.073,0.048
3481.68615,12.135,0.032
3484.75697,11.518,0.051
3489.66502,11.735,0.04
3491.73655,11.936,0.053
3497.75097,11.824,0.029
3503.60562,12.043,0.031
3511.73644,11.946,0.03
3516.66743,11.74,0.031
3520.65529,12.09,0.05
3522.54769,11.756,0.033
3522.66343,12.029,0.05
3524.59915,11.737,0.032
3526.61031,11.746,0.029
3526.67338,11.984,0.047
3528.6151,11.726,0.035
3528.67653,12.156,0.038
3530.69073,11.97,0.037
3538.65329,11.812,0.036
3542.59455,11.772,0.045
3543.5449,12.206,0.034
3550.62435,11.662,0.037
3553.64556,11.74,0.033
3556.5566,11.812,0.033
3559.54421,11.741,0.039
3561.56923,11.772,0.04
3561.58794,12.071,0.041
3563.57371,11.799,0.032
3563.58543,11.923,0.028
3570.53806,11.737,0.033
3571.52264,11.745,0.033
3571.52763,11.74,0.035
3571.53005,11.76,0.031
3571.53417,11.743,0.032
3571.53655,11.698,0.03
3571.53903,11.767,0.03
3571.54152,11.694,0.03
3571.544,11.683,0.033
3571.54654,11.668,0.03
3571.54907,11.664,0.029
3571.55157,11.662,0.026
3571.55702,11.714,0.032
3571.56207,11.756,0.027
3571.56769,11.678,0.041
3571.57324,11.689,0.03
3571.5757,11.99,0.036
3571.58639,11.736,0.03
3571.60049,11.85,0.031
3574.54143,11.771,0.033
3575.52315,11.936,0.031
3576.56557,11.699,0.029
3578.5191,12.493,0.041
3578.58409,11.705,0.035
3584.54159,12.081,0.029
3585.51599,12.008,0.047
3587.4983,11.785,0.035
3587.52775,12.073,0.031
3589.52552,12.046,0.029
3590.51501,11.822,0.042
3593.48461,11.674,0.036
3600.50573,11.753,0.046
3602.47974,11.76,0.048
3602.51793,11.677,0.035
3606.4835,11.745,0.043
3757.86681,11.972,0.029
3760.87317,11.952,0.028
3764.87203,12.07,0.029
3770.86369,11.927,0.042
3774.84286,11.697,0.031
3782.85194,11.717,0.033
3782.87135,11.698,0.028
3788.84518,11.705,0.031
3791.82145,11.904,0.03
3794.81998,12.033,0.036
3794.84217,11.767,0.031
3797.7977,11.979,0.028
3803.78464,11.693,0.036
3806.7769,11.634,0.026
3809.78061,11.703,0.031
3812.75849,11.681,0.029
3814.77365,11.608,0.033
3816.84787,11.99,0.039
3819.73772,12.122,0.034
3821.83077,11.726,0.041
3824.72803,11.974,0.029
3826.82992,11.717,0.03
3829.70913,11.752,0.044
3831.73428,11.869,0.034
3833.72126,11.709,0.041
3835.71678,11.757,0.034
3837.7902,12.045,0.043
3850.77398,11.733,0.039
3853.73793,11.697,0.027
3856.63861,11.705,0.037
3858.77532,11.631,0.032
3860.7647,11.658,0.054
3862.64062,11.661,0.036
3863.66651,11.783,0.028
3864.64515,11.675,0.034
3866.70567,12.173,0.034
3867.66425,11.701,0.034
3868.71407,12.129,0.05
3870.72954,12.165,0.033
3872.72757,12.182,0.035
3874.74716,12.035,0.033
3882.67013,11.663,0.05
3887.56864,11.687,0.029
3891.55773,11.653,0.033
3893.63682,12.168,0.033
3896.68133,11.752,0.035
3899.53201,11.873,0.046
3901.61044,11.668,0.041
3903.60934,11.72,0.038
3905.60433,11.682,0.042
3907.60411,11.656,0.042
3909.66178,12.016,0.025
3913.66239,11.874,0.043
3917.65739,11.7,0.041
3983.47293,11.846,0.04
4128.87125,11.86,0.029
4132.86565,12.016,0.027
4135.88422,11.876,0.031
4141.85925,11.993,0.03
4144.85706,11.832,0.027
4152.82511,11.65,0.031
4158.80666,11.848,0.035
4165.81119,12.099,0.034
4168.87624,11.573,0.04
4174.75982,11.579,0.037
4176.85808,11.828,0.042
4184.76033,11.642,0.039
4190.71809,12.182,0.028
4200.71824,11.854,0.038
4203.79424,11.674,0.039
4205.77827,11.94,0.029
4213.7898,12.164,0.052
4229.72221,11.769,0.029
4233.72897,11.681,0.052
4245.58639,12.334,0.04
4247.59032,12.141,0.029
4256.63633,11.856,0.03
4258.63993,11.807,0.03
4268.60551,11.795,0.041
4273.64651,12.071,0.031
4278.61653,11.676,0.033
4281.54764,12.016,0.045
4282.6192,11.714,0.046
4283.57369,12.398,0.04
4291.54149,11.955,0.038
4293.53499,11.765,0.046
4295.54012,11.769,0.042
4299.51572,11.523,0.048
4299.55413,11.843,0.029
4301.51124,11.62,0.047
4303.56315,11.72,0.034
4304.50666,11.63,0.039
4308.53499,11.619,0.053
4309.55334,11.667,0.034
4311.53404,11.642,0.05
4312.52648,11.883,0.046
4317.52293,11.775,0.038
4332.48717,11.784,0.038
4339.48102,11.712,0.036
4493.8658,11.708,0.032
4501.86056,11.94,0.031
4505.85653,12.169,0.034
4514.88618,11.993,0.039
4518.81561,11.622,0.032
4521.83823,11.598,0.033
4524.82479,11.658,0.028
4527.82173,11.599,0.029
4530.80928,11.804,0.028
4533.84866,11.67,0.039
4536.81705,11.847,0.029
4539.7913,12.161,0.034
4541.80771,12.125,0.029
4546.79524,11.96,0.034
4548.78746,11.781,0.037
4550.79491,11.852,0.037
4551.75791,11.63,0.032
4558.7395,11.764,0.028
4560.76318,11.652,0.031
4563.71648,12.157,0.03
4565.76822,11.753,0.037
4567.82156,11.846,0.04
4570.69684,11.713,0.027
4572.71937,11.881,0.032
4574.71455,11.739,0.032
4576.72682,11.858,0.036
4577.82946,11.835,0.032
4580.67973,11.636,0.026
4583.75406,12.045,0.031
4586.74823,11.883,0.042
4589.64638,12.239,0.032
4590.65886,12.205,0.029
4591.68409,11.794,0.035
4593.72143,11.636,0.034
4595.68119,11.92,0.032
4597.66114,12.144,0.03
4599.74595,11.67,0.035
4601.67092,12.074,0.034
4603.69508,12.026,0.034
4610.60502,11.669,0.03
4612.63486,11.65,0.038
4617.61917,11.746,0.053
4620.62957,11.774,0.033
4623.60686,12.014,0.041
4627.58428,11.983,0.036
4629.56814,11.76,0.032
4631.60639,12.207,0.032
4633.6219,12.216,0.035
4640.59314,11.672,0.031
4642.58598,11.64,0.031
4644.60302,11.677,0.035
4646.59585,11.792,0.05
4648.62428,11.828,0.038
4651.53786,11.941,0.036
4653.54218,12.034,0.034
4655.51989,12.054,0.031
4657.56927,12.239,0.037
4663.53014,11.919,0.041
4666.53407,11.879,0.036
4670.52333,11.716,0.036
4672.54781,11.803,0.03
4677.49558,11.755,0.039
4679.51694,11.652,0.039
4682.50634,11.716,0.044
4684.50984,11.811,0.043
4686.49942,11.892,0.033
4686.50897,11.771,0.035
4700.47304,11.756,0.037
4703.47384,11.691,0.031
4708.47947,11.654,0.036
4868.87012,11.791,0.027
4872.8617,11.808,0.033
4876.88833,11.737,0.033
4886.84618,11.911,0.04
4892.82323,11.598,0.033
4901.81534,11.742,0.045
4904.84904,11.587,0.039
4907.78519,12.187,0.038
4915.79467,12.111,0.036
4918.75028,11.659,0.04
4921.74383,11.56,0.039
4926.82429,12.063,0.047
4929.7934,11.696,0.041
4937.70463,11.97,0.037
4947.66946,11.677,0.048
4954.67851,11.716,0.037
4960.69548,11.645,0.047
4963.64152,12.071,0.048
4968.60735,11.697,0.053
4974.59809,11.794,0.049
5010.53346,11.789,0.04
5010.56076,11.759,0.05
5015.60585,11.764,0.05
5023.58104,11.715,0.041
5040.49575,11.686,0.053
5041.49155,11.654,0.039
5042.51807,11.715,0.049
5049.50476,11.725,0.049
