1903.84228,11.134,0.038
1905.85549,11.145,0.036
1907.85196,11.102,0.032
1914.80834,11.121,0.036
1919.81456,11.084,0.037
1921.8136,11.114,0.035
1924.87766,11.112,0.036
1925.86787,11.087,0.032
1926.8643,11.124,0.031
1929.80544,11.135,0.032
1932.80097,11.169,0.032
1935.75708,11.197,0.031
1937.82602,11.203,0.031
1939.82881,11.216,0.031
1946.75408,11.235,0.036
1948.79288,11.243,0.035
1950.76138,11.254,0.031
1953.78253,11.216,0.036
1955.8121,11.235,0.034
1958.82035,11.268,0.04
1961.80389,11.226,0.039
1963.74156,11.228,0.036
1964.81052,11.246,0.036
1965.8108,11.258,0.036
1966.84818,11.272,0.039
1968.73362,11.28,0.039
1976.83278,11.342,0.043
1977.76101,11.387,0.044
1980.72681,11.395,0.047
1981.7476,11.383,0.044
1982.74574,11.35,0.041
1984.75173,11.368,0.047
1985.74952,11.384,0.048
1985.87948,11.308,0.049
1993.78699,11.381,0.047
1995.67531,11.437,0.051
1996.72262,11.433,0.047
1997.72749,11.411,0.046
1998.72058,11.367,0.05
2000.71663,11.383,0.05
2025.69331,11.336,0.033
2026.66849,11.33,0.042
2027.66047,11.367,0.033
2030.64247,11.366,0.032
2031.66401,11.322,0.032
2032.64276,11.345,0.031
2033.62835,11.349,0.034
2037.64176,11.334,0.04
2040.63588,11.323,0.042
2051.64945,11.222,0.039
2053.53528,11.182,0.041
2054.60722,11.237,0.042
2055.59114,11.206,0.039
2056.60406,11.221,0.041
2067.58545,11.2,0.042
2068.57553,11.189,0.038
2069.5804,11.181,0.039
2070.57086,11.156,0.039
2079.53556,11.155,0.035
2081.54213,11.158,0.036
2083.53576,11.138,0.035
2085.54091,11.111,0.033
2086.54285,11.145,0.037
2088.53757,11.121,0.037
2093.50914,11.131,0.037
2094.52641,11.14,0.042
2096.51731,11.118,0.043
2102.4955,11.174,0.036
2106.49445,11.128,0.036
2115.47141,11.186,0.037
2117.49164,11.137,0.035
2124.55597,11.144,0.042
2128.5119,11.092,0.035
2130.54264,11.153,0.036
2132.53653,11.099,0.036
2134.53764,11.107,0.038
2136.52906,11.111,0.035
2142.52852,11.128,0.037
2144.51106,11.131,0.037
2158.47741,11.134,0.037
2173.49494,11.088,0.041
2440.56197,11.19,0.037
2441.56536,11.187,0.036
2442.55953,11.158,0.037
2443.557,11.162,0.033
2452.52186,11.118,0.042
2454.54071,11.148,0.037
2456.51847,11.112,0.041
2459.51854,11.159,0.04
2464.50679,11.134,0.04
2466.4984,11.131,0.04
2473.48829,11.137,0.043
2476.48607,11.089,0.052
2481.46791,11.156,0.049
2490.50266,11.078,0.036
2493.51221,11.118,0.042
2495.53143,11.126,0.041
2497.52785,11.138,0.033
2499.49374,11.146,0.033
2501.49658,11.136,0.042
2502.54466,11.167,0.042
2503.5538,11.119,0.043
2508.51981,11.174,0.031
2511.55349,11.13,0.045
2512.5896,11.191,0.037
2521.53093,11.168,0.033
2524.52687,11.189,0.038
2529.51934,11.14,0.049
2540.50578,11.167,0.048
2545.50773,11.207,0.029
2548.48505,11.25,0.033
2553.48704,11.325,0.034
2624.85169,11.367,0.032
2630.8483,11.313,0.033
2635.84578,11.307,0.035
2639.84568,11.31,0.028
2643.8395,11.269,0.031
2646.84309,11.231,0.031
2650.82698,11.152,0.029
2657.83678,11.161,0.037
2660.80241,11.12,0.036
2663.81063,11.147,0.033
2669.8486,11.161,0.041
2672.86878,11.194,0.038
2677.82843,11.201,0.045
2679.8373,11.166,0.052
2684.81394,11.15,0.033
2686.81557,11.188,0.037
2688.81905,11.164,0.043
2690.80272,11.219,0.044
2693.80878,11.174,0.033
2696.80171,11.243,0.039
2699.74919,11.188,0.033
2701.77508,11.223,0.042
2703.76877,11.209,0.044
2705.76125,11.156,0.045
2707.76063,11.199,0.041
2709.74698,11.144,0.045
2711.73935,11.181,0.049
2717.82763,11.139,0.042
2720.68275,11.176,0.03
2722.73686,11.139,0.032
2724.75638,11.151,0.043
2726.76691,11.121,0.036
2728.76231,11.143,0.042
2730.76099,11.179,0.041
2733.75488,11.138,0.043
2735.75363,11.151,0.038
2737.70153,11.164,0.041
2739.73979,11.153,0.029
2741.70037,11.183,0.039
2743.68045,11.144,0.038
2744.81313,11.208,0.045
2750.86871,11.173,0.033
2755.65185,11.135,0.028
2757.63939,11.132,0.038
2759.69802,11.123,0.042
2761.63283,11.123,0.043
2764.69579,11.181,0.037
2766.77224,11.155,0.038
2770.66409,11.199,0.042
2775.79193,11.166,0.037
2783.61888,11.13,0.045
2785.62598,11.129,0.045
2786.85354,11.056,0.036
2791.72447,11.145,0.039
2809.63986,11.201,0.033
2810.78046,11.187,0.031
2812.58981,11.198,0.04
2813.75817,11.186,0.039
2819.68887,11.153,0.029
2821.67344,11.211,0.035
2830.5775,11.292,0.047
2833.65746,11.226,0.048
2840.59117,11.321,0.03
2845.57798,11.379,0.028
2853.55908,11.371,0.029
2855.55271,11.359,0.029
2860.58833,11.366,0.03
2862.56535,11.408,0.031
2867.50048,11.38,0.034
2878.5658,11.375,0.03
2882.53816,11.316,0.036
2884.54356,11.368,0.031
2885.57425,11.361,0.03
2894.49743,11.335,0.035
2896.53104,11.315,0.031
2898.52476,11.301,0.032
2900.51975,11.295,0.03
2904.51174,11.274,0.046
2906.50755,11.232,0.031
2909.51111,11.282,0.032
2912.50613,11.218,0.035
2995.85134,11.165,0.031
3003.85794,11.24,0.03
3007.83922,11.204,0.029
3011.84132,11.198,0.035
3017.82262,11.156,0.03
3025.86602,11.139,0.03
3030.85234,11.165,0.033
3034.81748,11.12,0.03
3041.83329,11.162,0.034
3051.83822,11.162,0.03
3054.84615,11.197,0.028
3061.79542,11.133,0.029
3064.80844,11.182,0.035
3070.85558,11.086,0.032
3073.77451,11.179,0.031
3075.87089,11.156,0.031
3078.76629,11.128,0.032
3085.81511,11.22,0.036
3087.8165,11.166,0.031
3090.72958,11.191,0.038
3092.79623,11.187,0.041
3096.79243,11.209,0.031
3098.77266,11.166,0.031
3100.77021,11.208,0.032
3102.77352,11.232,0.033
3104.82648,11.214,0.031
3106.82232,11.219,0.033
3108.85474,11.216,0.029
3111.67791,11.279,0.03
3113.72512,11.303,0.029
3115.7329,11.273,0.03
3122.68162,11.327,0.028
3124.72028,11.314,0.03
3126.67276,11.355,0.033
3128.66954,11.322,0.044
3130.70941,11.331,0.034
3132.7308,11.57,0.031
3134.73324,11.365,0.032
3142.74384,11.354,0.028
3146.55778,11.338,0.035
3154.56706,11.385,0.027
3158.76256,11.361,0.035
3165.81001,11.377,0.045
3169.51465,11.351,0.03
3175.76793,11.385,0.031
3178.55623,11.387,0.031
3180.66771,11.376,0.03
3183.64037,11.408,0.03
3185.63394,11.329,0.037
3187.6569,11.381,0.033
3190.675,11.405,0.039
3384.8538,11.14,0.043
3388.82598,11.066,0.037
3391.84844,11.083,0.044
3392.85255,11.134,0.038
3395.86235,11.096,0.034
3399.81131,11.116,0.033
3402.85343,11.144,0.028
3405.84219,11.173,0.045
3411.83927,11.17,0.035
3414.84369,11.237,0.035
3417.84999,11.203,0.038
3426.77621,11.286,0.04
3431.85907,11.215,0.037
3434.78401,11.239,0.036
3438.79681,11.218,0.033
3442.79137,11.243,0.03
3444.8165,11.214,0.033
3447.75792,11.317,0.03
3450.725,11.316,0.036
3450.767,11.248,0.048
3453.68096,11.363,0.044
3453.70646,11.316,0.051
3454.79557,11.322,0.032
3456.79276,11.278,0.033
3458.81216,11.35,0.031
3461.71458,11.489,0.034
3463.79652,11.385,0.029
3466.71348,11.349,0.032
3471.77357,11.36,0.026
3474.67884,11.33,0.03
3476.75376,11.297,0.032
3478.72894,11.312,0.031
3482.72764,11.407,0.038
3484.76149,11.498,0.046
3487.88064,11.347,0.034
3490.81305,11.687,0.036
3496.79893,11.376,0.03
3502.61952,11.362,0.036
3509.60559,11.29,0.027
3511.66925,11.265,0.03
3515.7496,11.252,0.032
3517.74346,11.237,0.029
3525.67198,11.222,0.044
3538.69475,11.263,0.03
3540.69099,11.3,0.044
3543.66781,11.261,0.036
3550.69233,11.218,0.04
3559.53665,11.162,0.046
3561.56431,11.147,0.031
3563.56977,11.135,0.032
3570.65561,11.144,0.031
3574.58509,11.133,0.03
3576.61351,11.14,0.03
3578.61788,11.158,0.034
3584.61384,11.196,0.036
3586.63318,11.21,0.036
3591.54402,11.234,0.035
3593.54667,11.432,0.033
3597.59754,11.165,0.046
3601.57886,11.186,0.035
3603.58476,11.17,0.03
3606.58631,11.162,0.032
3618.52587,11.16,0.036
3620.54897,11.186,0.045
3629.4791,11.154,0.035
3629.4817,11.147,0.039
3629.48496,11.186,0.036
3629.48751,11.142,0.04
3629.48999,11.142,0.036
3629.49251,11.124,0.036
3629.49494,11.159,0.036
3629.49737,11.177,0.035
3629.49988,11.13,0.036
3629.50238,11.348,0.035
3629.50491,11.558,0.035
3629.50744,11.242,0.035
3629.50997,11.17,0.036
3629.51247,11.167,0.035
3629.51805,11.174,0.035
3629.5239,11.192,0.037
3629.52922,11.14,0.036
3629.53205,11.137,0.033
3629.53424,11.128,0.037
3629.54933,11.117,0.041
3632.4973,11.183,0.038
3635.48907,11.189,0.052
3641.50353,11.084,0.031
3644.49851,11.086,0.038
3650.48697,11.15,0.033
3726.85594,11.291,0.039
3734.85914,11.308,0.042
3738.85114,11.297,0.036
3742.84973,11.359,0.041
3750.84405,11.235,0.042
3754.82443,11.324,0.04
3757.84378,11.307,0.035
3760.85839,11.321,0.045
3764.82182,11.246,0.045
3769.81928,11.288,0.041
3773.81063,11.265,0.039
3781.80712,11.256,0.037
3788.88594,11.198,0.036
3791.82963,11.208,0.039
3794.83106,11.253,0.034
3797.80059,11.216,0.032
3800.79695,11.253,0.037
3806.76704,11.298,0.035
3809.79065,11.299,0.036
3812.759,11.217,0.037
3815.74933,11.273,0.034
3817.81037,11.355,0.033
3820.73327,11.211,0.036
3822.80122,11.181,0.034
3825.7153,11.193,0.037
3827.79108,11.175,0.031
3830.7065,11.166,0.032
3832.75149,11.14,0.035
3834.74319,11.131,0.035
3836.75206,11.177,0.037
3848.75363,11.127,0.046
3850.76585,11.185,0.032
3852.80851,11.192,0.033
3859.72139,11.201,0.032
3861.71157,11.168,0.03
3867.69947,11.18,0.035
3869.72339,11.165,0.037
3871.71387,11.207,0.032
3874.80325,11.219,0.033
3877.59076,11.229,0.033
3880.63417,11.243,0.043
3882.68005,11.232,0.031
3887.61962,11.19,0.033
3889.6221,11.185,0.032
3891.59974,11.169,0.031
3893.60278,11.187,0.031
3896.66327,11.175,0.035
3898.69933,11.186,0.034
3900.71047,11.153,0.035
3902.72522,11.175,0.031
3904.75278,11.133,0.035
3906.74951,11.146,0.031
3909.69011,11.083,0.031
3913.69219,11.089,0.032
4104.86045,11.361,0.039
4109.86549,11.283,0.036
4128.82121,11.225,0.03
4131.86569,11.219,0.032
4134.87328,11.295,0.038
4141.83023,11.177,0.029
4144.86027,11.182,0.029
4152.82532,11.266,0.035
4155.8206,11.269,0.038
4158.80676,11.219,0.032
4161.78397,11.204,0.031
4164.77693,11.231,0.039
4167.78409,11.229,0.031
4173.83948,11.183,0.029
4176.76161,11.223,0.034
4179.80593,11.212,0.035
4182.74039,11.199,0.034
4184.80906,11.213,0.038
4188.75127,11.167,0.029
4190.79156,11.183,0.03
4192.78026,11.15,0.029
4194.7845,11.16,0.032
4197.80846,11.147,0.037
4200.7416,11.148,0.031
4203.75269,11.174,0.028
4205.75262,11.195,0.03
4208.84255,11.191,0.034
4215.70844,11.251,0.033
4227.76031,11.147,0.03
4229.76207,11.127,0.029
4231.76535,11.127,0.03
4233.76483,11.174,0.029
4235.78448,11.162,0.029
4238.59669,11.164,0.034
4246.69458,11.116,0.027
4250.59089,11.162,0.03
4253.74915,11.109,0.034
4255.78967,11.165,0.038
4258.54894,11.143,0.028
4268.57772,11.026,0.044
4273.6414,11.112,0.028
4276.56148,11.124,0.034
4278.6085,11.136,0.027
4283.74783,11.174,0.036
4285.73257,11.154,0.033
4289.72709,11.172,0.03
4291.72833,11.178,0.03
4293.71702,11.176,0.028
4296.46942,11.181,0.029
4298.50576,11.308,0.033
4300.48624,11.105,0.044
4302.58982,11.222,0.049
4304.53359,11.114,0.028
4306.5521,11.095,0.029
4308.59472,11.097,0.041
4310.67166,11.134,0.031
4315.67157,11.15,0.03
4319.56229,11.17,0.03
4330.60088,11.174,0.034
4332.59994,11.239,0.032
4334.58941,11.271,0.029
4339.5021,11.284,0.03
4343.56415,11.299,0.027
4345.58057,11.294,0.028
4348.49952,11.261,0.029
4350.51213,11.285,0.032
4352.53389,11.266,0.028
4355.53662,11.267,0.035
4357.53912,11.219,0.029
4359.53039,11.24,0.033
4361.529,11.212,0.03
4364.52253,11.294,0.03
4369.50069,11.292,0.035
4372.49539,11.281,0.037
4376.49014,11.253,0.028
4380.48626,11.272,0.035
4462.85545,11.224,0.033
4466.84569,11.181,0.036
4470.85388,11.138,0.046
4478.85164,11.186,0.039
4482.85414,11.182,0.035
4486.83305,11.198,0.032
4490.83169,11.146,0.029
4494.8098,11.14,0.03
4498.8562,11.168,0.032
4501.84829,11.164,0.038
4505.81165,11.203,0.032
4508.8773,11.202,0.032
4511.86007,11.2,0.028
4516.76136,11.167,0.044
4518.8231,11.18,0.033
4521.81399,11.162,0.029
4524.80302,11.191,0.028
4526.87587,11.131,0.028
4529.79027,11.134,0.027
4532.78661,11.094,0.029
4536.74858,11.164,0.028
4539.75805,11.104,0.041
4541.84792,11.189,0.028
4546.79871,11.134,0.034
4548.80086,11.161,0.033
4551.72609,11.123,0.03
4555.83877,11.169,0.028
4558.71476,11.136,0.029
4560.76635,11.158,0.032
4563.69522,11.133,0.035
4565.76207,11.131,0.026
4567.81542,11.118,0.028
4570.67469,11.15,0.027
4572.71351,11.162,0.031
4574.70382,11.164,0.032
4576.73029,11.187,0.032
4583.66516,11.174,0.029
4586.69508,11.184,0.03
4588.74567,11.202,0.035
4590.80302,11.208,0.031
4593.64137,11.21,0.028
4595.66608,11.179,0.028
4597.66933,11.153,0.029
4599.75403,11.17,0.032
4601.67716,11.111,0.029
4603.70076,11.118,0.032
4607.7458,11.14,0.034
4610.57708,11.112,0.032
4612.63852,11.199,0.041
4617.6339,11.213,0.032
4620.64303,11.242,0.033
4622.81403,11.238,0.033
4630.66458,11.241,0.029
4632.6703,11.218,0.029
4639.74272,11.225,0.03
4641.74174,11.192,0.029
4643.74075,11.194,0.039
4645.76893,11.137,0.034
4648.57429,11.205,0.032
4650.65027,11.182,0.031
4652.67028,11.186,0.027
4654.6505,11.2,0.039
4656.62805,11.233,0.03
4658.67342,11.261,0.04
4661.56141,11.242,0.033
4663.63909,11.201,0.038
4665.69518,11.244,0.036
4669.53965,11.218,0.033
4671.61605,11.235,0.029
4677.62915,11.235,0.036
4679.64153,11.208,0.032
4682.62403,11.194,0.036
4684.60756,11.207,0.038
4686.56532,11.231,0.038
4690.58988,11.152,0.033
4698.57454,11.234,0.035
4700.57812,11.245,0.037
4702.5922,11.195,0.034
4704.58219,11.198,0.036
4707.58209,11.214,0.039
4722.51252,11.167,0.034
4726.50858,11.218,0.038
4729.50146,11.178,0.036
4731.5273,11.197,0.05
4740.49389,11.147,0.032
4743.49876,11.224,0.039
4821.85628,11.149,0.033
4829.84801,11.198,0.032
4833.84801,11.24,0.034
4837.83641,11.25,0.035
4845.86579,11.144,0.034
4849.82246,11.154,0.033
4852.8585,11.152,0.03
4856.8589,11.093,0.031
4861.84608,11.139,0.045
4865.83565,11.171,0.04
4869.82301,11.174,0.032
4872.84031,11.153,0.034
4876.83341,11.121,0.033
4879.8496,11.164,0.03
4882.83009,11.132,0.031
4885.82882,11.121,0.043
4888.81306,11.189,0.044
4891.8074,11.144,0.038
4904.8425,11.142,0.044
4915.80825,11.197,0.041
4918.73994,11.195,0.045
4921.73128,11.177,0.044
4927.8578,11.18,0.047
4937.75153,11.145,0.044
4939.8323,11.186,0.044
4945.65946,11.18,0.043
4947.73039,11.137,0.042
4949.74327,11.154,0.042
4951.8365,11.186,0.043
4954.62539,11.221,0.046
4960.7044,11.244,0.048
4962.86894,11.178,0.046
4967.69314,11.156,0.051
4969.70713,11.186,0.048
4972.7583,11.207,0.042
4974.84017,11.236,0.051
4985.61924,11.224,0.045
4987.65164,11.157,0.05
4989.69012,11.144,0.047
4991.71461,11.145,0.048
4994.74293,11.123,0.044
5013.61076,11.189,0.049
5015.62235,11.162,0.047
5018.68194,11.161,0.048
5022.68671,11.148,0.049
5024.69148,11.187,0.049
5037.66781,11.189,0.042
5039.61836,11.176,0.043
5041.59979,11.188,0.042
5048.62442,11.174,0.047
5069.54183,11.127,0.049
5071.57082,11.149,0.049
5085.52998,11.185,0.045
5088.52595,11.214,0.05
5099.51356,11.182,0.048
5111.48643,11.177,0.045
