1903.84881,12.495,0.061
1905.8575,12.516,0.053
1907.85404,12.444,0.039
1914.80613,12.444,0.058
1919.81252,12.479,0.06
1921.81163,12.447,0.045
1924.87579,12.572,0.041
1925.86601,12.569,0.04
1926.85776,12.509,0.04
1929.80373,12.594,0.044
1932.79935,12.505,0.043
1936.80882,12.442,0.04
1938.81293,12.539,0.04
1940.80794,12.568,0.039
1948.79091,12.582,0.043
1950.75787,12.571,0.072
1953.78149,12.735,0.046
1955.80892,12.593,0.044
1958.80128,12.497,0.052
1961.79171,12.58,0.046
1962.8518,12.307,0.049
1966.82569,12.507,0.045
1976.82089,12.098,0.056
1982.74305,12.295,0.052
1984.7423,12.054,0.059
1985.75358,12.328,0.054
1993.77306,12.034,0.063
1995.66571,12.152,0.06
2025.64625,12.669,0.045
2026.6545,12.615,0.044
2027.64642,12.493,0.048
2030.6329,12.644,0.056
2031.64993,12.567,0.051
2032.63544,12.524,0.044
2033.62326,12.463,0.047
2037.63356,12.542,0.073
2040.6401,12.76,0.076
2052.57683,12.584,0.073
2053.60296,12.543,0.069
2054.6107,12.501,0.073
2055.58561,12.427,0.078
2056.59175,12.47,0.071
2057.58012,12.619,0.069
2058.58108,12.454,0.073
2062.56054,12.49,0.06
2067.57475,12.491,0.068
2068.56282,12.455,0.074
2069.56542,12.481,0.072
2070.55583,12.463,0.072
2079.5203,12.523,0.082
2081.52676,12.633,0.061
2083.52259,12.664,0.067
2085.52991,12.571,0.051
2086.5274,12.726,0.073
2087.521,12.77,0.067
2088.52426,12.846,0.062
2093.49118,12.847,0.073
2094.57412,12.753,0.053
2102.47949,12.94,0.054
2104.52365,13.128,0.045
2106.51446,12.915,0.043
2115.60019,12.717,0.054
2117.49993,12.668,0.049
2129.47752,12.758,0.044
2131.5135,12.592,0.054
2133.52683,12.735,0.049
2135.5375,12.733,0.049
2141.53292,12.675,0.043
2144.47494,12.635,0.054
2440.54902,12.557,0.034
2442.54423,12.605,0.033
2443.5417,12.655,0.035
2444.54187,12.593,0.035
2452.50409,12.699,0.043
2454.55526,12.578,0.051
2456.51405,12.762,0.041
2463.53197,12.839,0.047
2464.49304,12.664,0.042
2466.48476,12.673,0.046
2468.48511,12.811,0.039
2470.47428,12.561,0.044
2474.46311,12.585,0.046
2482.4653,12.376,0.052
2490.52441,12.434,0.047
2494.48403,12.382,0.044
2498.51699,12.386,0.053
2502.51779,12.221,0.055
2503.53175,12.317,0.054
2511.50582,12.274,0.048
2512.53582,12.298,0.039
2520.50327,12.409,0.037
2521.52015,12.369,0.03
2625.86329,12.49,0.036
2629.85167,12.229,0.033
2635.84321,12.193,0.028
2639.84324,12.199,0.025
2643.83719,12.123,0.025
2646.84088,12.282,0.025
2652.85711,12.349,0.027
2660.80522,12.373,0.035
2662.82258,12.449,0.036
2664.8336,12.476,0.032
2667.82561,12.556,0.032
2670.83411,12.479,0.031
2673.82017,12.593,0.028
2678.8147,12.608,0.026
2680.82156,12.64,0.032
2684.81065,12.598,0.031
2686.80773,12.498,0.033
2688.7874,12.62,0.032
2690.78951,12.492,0.034
2693.80097,12.51,0.034
2696.79616,12.708,0.032
2700.84172,12.621,0.032
2701.79461,12.644,0.036
2703.79287,12.651,0.038
2704.81019,12.695,0.03
2705.78152,12.649,0.039
2706.79404,12.786,0.033
2710.75267,12.562,0.028
2712.75045,12.679,0.03
2714.7374,12.783,0.031
2717.73926,12.748,0.036
2719.72722,12.6,0.039
2720.68006,12.528,0.033
2722.72269,12.564,0.029
2726.75058,12.578,0.033
2730.74469,12.509,0.031
2733.73852,12.429,0.031
2735.73486,12.345,0.031
2737.6966,12.421,0.03
2739.72119,12.206,0.031
2741.69544,12.233,0.031
2742.84387,12.229,0.04
2744.67214,12.209,0.031
2747.74923,12.179,0.027
2750.78678,12.175,0.041
2752.70049,12.213,0.029
2755.64911,12.15,0.029
2757.62315,12.196,0.03
2759.6698,12.184,0.027
2760.76447,12.213,0.028
2762.71629,12.242,0.036
2769.75059,12.29,0.039
2775.72523,12.34,0.032
2782.77376,12.559,0.032
2784.65579,12.525,0.029
2785.7809,12.638,0.034
2787.73232,12.588,0.027
2794.57933,12.683,0.033
2809.58441,12.758,0.029
2810.68434,12.78,0.04
2812.58104,12.735,0.032
2813.75088,12.836,0.036
2819.61535,12.675,0.031
2821.62157,12.711,0.042
2826.60931,12.814,0.031
2831.61648,12.735,0.031
2836.56043,12.788,0.033
2839.61626,12.767,0.035
2841.66445,12.772,0.035
2843.61493,12.863,0.051
2853.51102,12.483,0.031
2854.58972,12.432,0.036
2858.58917,12.473,0.033
2860.57787,12.326,0.031
2862.55482,12.234,0.035
2866.59383,12.262,0.034
2875.51556,12.081,0.046
2877.5143,12.203,0.035
2879.51702,12.324,0.029
2883.49209,12.356,0.03
2885.511,12.392,0.028
2895.52828,12.636,0.029
2898.50607,12.694,0.03
2900.50105,12.729,0.03
2904.49301,12.748,0.029
2906.49143,12.863,0.027
2989.85563,12.286,0.032
2994.85221,12.352,0.033
3003.84262,12.418,0.03
3011.83884,12.538,0.031
3017.84281,12.686,0.029
3025.85872,12.559,0.028
3030.86234,12.685,0.028
3041.829,12.6,0.033
3054.83122,12.555,0.03
3057.86211,12.36,0.038
3067.80587,12.485,0.031
3067.8689,12.302,0.03
3069.84825,12.428,0.038
3071.81781,12.46,0.032
3074.78324,12.586,0.032
3077.75405,12.506,0.029
3079.8063,12.558,0.027
3082.7352,12.48,0.029
3086.78591,12.524,0.029
3088.85857,12.439,0.031
3091.71928,12.458,0.032
3093.76744,12.469,0.029
3097.71594,12.425,0.029
3101.78061,12.439,0.031
3103.812,12.301,0.032
3105.80243,12.227,0.029
3107.80487,12.271,0.028
3110.66814,12.248,0.031
3112.71793,12.228,0.032
3114.75792,12.192,0.027
3116.77897,12.221,0.028
3121.71335,12.214,0.03
3125.6903,12.286,0.03
3127.68473,12.331,0.034
3129.72685,12.368,0.032
3131.75124,12.412,0.03
3133.75424,12.46,0.028
3144.79449,12.552,0.028
3153.70459,12.415,0.028
3156.59218,12.476,0.029
3158.7319,12.491,0.028
3160.75099,12.363,0.038
3163.75371,12.461,0.031
3169.51008,12.616,0.032
3176.49676,12.525,0.029
3178.63307,12.609,0.032
3180.73068,12.559,0.03
3183.71953,12.578,0.028
3185.67374,12.535,0.029
3187.71728,12.485,0.033
3190.70745,12.502,0.059
3385.84627,12.306,0.069
3389.84834,12.379,0.066
3393.84851,13.071,0.047
3397.8275,12.219,0.059
3403.82533,12.352,0.06
3406.84702,12.299,0.06
3409.84039,12.333,0.071
3409.84526,12.412,0.04
3412.83231,12.341,0.049
3418.87001,12.373,0.061
3421.81347,12.562,0.053
3424.79761,12.572,0.052
3426.83884,12.711,0.045
3431.8424,12.754,0.054
3432.86496,12.781,0.059
3436.80858,12.657,0.042
3438.79065,12.702,0.042
3442.78808,12.517,0.049
3444.80319,12.878,0.064
3446.84662,12.538,0.05
3450.75563,12.385,0.056
3453.69774,12.336,0.074
3456.78151,12.458,0.035
3458.79753,12.318,0.035
3459.79287,12.397,0.04
3460.81169,12.569,0.035
3462.72467,12.493,0.049
3464.77973,12.4,0.043
3465.76534,12.474,0.033
3466.81163,12.546,0.065
3469.77491,12.444,0.04
3471.82218,12.471,0.043
3474.69992,12.514,0.045
3475.7719,12.581,0.04
3476.81092,12.618,0.056
3477.78367,12.739,0.079
3478.74507,12.44,0.056
3479.72404,12.632,0.039
3481.70582,12.561,0.036
3482.72633,12.556,0.054
3483.69574,12.65,0.038
3486.78775,12.698,0.069
3487.67055,12.44,0.05
3489.79187,12.603,0.073
3490.68874,12.592,0.041
3491.81304,12.668,0.059
3492.68427,12.556,0.037
3496.68266,12.592,0.036
3497.818,12.597,0.044
3499.6852,12.531,0.053
3501.58339,12.552,0.077
3501.72162,12.523,0.037
3503.67078,12.654,0.046
3503.71362,12.655,0.035
3509.68504,12.624,0.045
3515.64017,12.612,0.038
3515.76136,12.56,0.035
3517.632,12.664,0.051
3517.75324,12.564,0.036
3520.75459,12.661,0.066
3522.68954,12.59,0.05
3525.67644,12.617,0.039
3526.73388,12.632,0.05
3528.74027,12.519,0.045
3529.67507,12.451,0.053
3537.69052,12.519,0.048
3538.61929,12.364,0.047
3540.64236,12.392,0.066
3543.61134,12.576,0.054
3543.74154,12.335,0.043
3547.58425,12.516,0.067
3550.64394,12.483,0.031
3552.6955,12.535,0.035
3554.60007,12.493,0.054
3555.68892,12.64,0.033
3556.63237,12.521,0.043
3559.62234,12.665,0.079
3560.70282,12.592,0.038
3563.49798,12.513,0.029
3563.60274,12.611,0.045
3565.50222,12.733,0.042
3569.57215,12.622,0.038
3570.58191,12.539,0.042
3571.63684,12.609,0.043
3573.64688,12.517,0.04
3574.64079,12.732,0.043
3575.66227,12.605,0.038
3576.65066,12.571,0.039
3578.55293,12.548,0.039
3578.65317,12.576,0.046
3584.56708,12.617,0.04
3586.60213,12.606,0.036
3587.56765,12.551,0.042
3589.57784,12.635,0.039
3591.5249,12.507,0.056
3593.53627,12.491,0.053
3596.5541,12.614,0.057
3600.54251,12.634,0.044
3601.5537,12.574,0.051
3602.54945,12.463,0.038
3603.56025,12.621,0.034
3604.56291,12.651,0.039
3606.56526,12.668,0.044
3608.53632,12.526,0.043
3615.52751,12.553,0.04
3618.49421,12.459,0.038
3619.4829,12.538,0.038
3620.52886,12.531,0.036
3626.49886,12.396,0.04
3630.49477,12.447,0.039
3633.49244,12.475,0.047
3639.48098,12.712,0.052
3727.85913,12.956,0.041
3737.85523,12.33,0.056
3741.85479,12.374,0.063
3745.84937,12.328,0.043
3749.84134,12.397,0.071
3753.83533,12.427,0.074
3754.82234,12.33,0.044
3757.80117,12.39,0.042
3761.82514,12.326,0.075
3765.70308,12.37,0.051
3765.73431,12.44,0.055
3765.76448,12.394,0.076
3765.79439,12.551,0.095
3765.82773,12.386,0.08
3769.83602,12.573,0.064
3773.83386,12.538,0.053
3777.82116,12.684,0.059
3787.89119,12.592,0.06
3790.82406,12.549,0.06
3793.80438,12.484,0.048
3794.8218,12.531,0.047
3796.79952,12.454,0.046
3799.80605,12.637,0.063
3800.77679,12.584,0.077
3802.81421,12.481,0.086
3804.83941,12.501,0.049
3806.75384,12.539,0.063
3807.87417,12.488,0.048
3809.78292,12.45,0.05
3810.77704,12.42,0.055
3812.75468,12.262,0.055
3815.81752,12.301,0.06
3818.73624,12.358,0.084
3819.73028,12.24,0.045
3820.80942,12.443,0.043
3821.82338,12.474,0.049
3823.72588,12.352,0.066
3825.77891,12.423,0.057
3828.71509,12.591,0.059
3829.70043,12.467,0.072
3830.78834,12.635,0.062
3831.75398,12.537,0.058
3832.75898,12.578,0.046
3833.75222,12.612,0.048
3834.74207,12.677,0.062
3835.74216,12.551,0.043
3836.74517,12.605,0.048
3837.74334,12.534,0.042
3847.72031,12.768,0.05
3849.71925,12.738,0.081
3850.72145,12.584,0.052
3851.71955,12.679,0.058
3853.77334,12.717,0.05
3856.64862,12.86,0.065
3856.81325,12.744,0.069
3858.71428,12.87,0.064
3861.66748,12.845,0.036
3862.67397,12.705,0.064
3863.66376,12.492,0.067
3864.6711,12.636,0.041
3866.66795,12.536,0.043
3868.65602,12.392,0.059
3869.67288,12.557,0.044
3870.65037,12.339,0.033
3871.66174,12.381,0.048
3872.64689,12.338,0.038
3875.75159,12.176,0.032
3877.80598,12.15,0.065
3882.58358,12.132,0.059
3883.59404,12.11,0.062
3886.61955,12.027,0.043
3887.59788,12.094,0.032
3888.63145,12.108,0.049
3890.60854,12.085,0.042
3891.58182,12.033,0.052
3892.60934,12.037,0.041
3893.59164,12.055,0.038
3898.69411,12.163,0.048
3899.62412,12.166,0.058
3900.70547,12.249,0.039
3901.66066,12.37,0.038
3903.66386,12.363,0.039
3904.74392,12.39,0.064
3905.66123,12.472,0.049
3907.66096,12.386,0.048
3909.68804,12.499,0.043
3913.68997,12.514,0.035
3981.54385,12.429,0.056
3983.50449,12.469,0.062
4106.84515,12.206,0.042
4125.83117,12.393,0.048
4128.85831,12.368,0.055
4132.83066,12.46,0.06
4135.87978,12.432,0.079
4143.80815,12.429,0.054
4146.84987,12.557,0.071
4150.8575,12.447,0.071
4153.83559,12.533,0.054
4156.83575,12.558,0.052
4159.8099,12.435,0.046
4162.78995,12.483,0.039
4165.78531,12.442,0.04
4166.81837,12.331,0.051
4174.73962,12.356,0.07
4176.83074,12.521,0.074
4179.8136,12.541,0.075
4182.7579,12.506,0.064
4184.82867,12.569,0.047
4188.76235,12.505,0.043
4190.8011,12.597,0.043
4192.77401,12.645,0.045
4199.68606,12.868,0.055
4200.74056,12.738,0.042
4202.74355,12.672,0.058
4203.75162,12.822,0.047
4205.75156,12.845,0.04
4207.79867,12.835,0.038
4208.84151,12.798,0.074
4212.84314,12.642,0.043
4215.77533,12.792,0.041
4228.70342,12.809,0.043
4230.7019,12.758,0.051
4232.70071,12.818,0.041
4234.69299,12.736,0.043
4238.75465,12.424,0.042
4245.61651,12.399,0.047
4246.62138,12.507,0.038
4246.78121,12.45,0.049
4253.60945,12.366,0.049
4255.64392,12.504,0.04
4257.63952,12.496,0.04
4259.67013,12.678,0.045
4273.72979,12.837,0.038
4278.5339,12.905,0.032
4281.53583,13.019,0.044
4282.58649,12.76,0.049
4283.57031,12.945,0.056
4285.57013,13.009,0.06
4289.56358,12.982,0.048
4290.60446,12.956,0.04
4291.58007,12.894,0.046
4292.568,12.757,0.042
4293.57369,12.707,0.057
4294.57626,12.413,0.036
4295.57693,12.898,0.042
4296.57104,12.941,0.037
4297.57669,12.792,0.042
4298.57946,12.621,0.035
4299.55093,12.703,0.042
4300.52746,12.758,0.059
4301.51827,12.707,0.062
4302.60038,12.493,0.038
4305.60379,12.559,0.049
4306.6258,12.663,0.041
4307.60549,12.469,0.053
4308.65076,12.585,0.06
4311.58769,12.559,0.042
4312.55764,12.627,0.05
4315.5643,12.53,0.039
4316.61809,12.635,0.042
4319.62579,12.646,0.048
4329.48373,12.521,0.052
4330.51304,12.655,0.033
4333.50418,12.488,0.041
4334.47431,12.621,0.04
4336.5581,12.66,0.038
4338.477,12.782,0.041
4340.49954,12.678,0.037
4340.5448,12.841,0.041
4342.52541,12.662,0.054
4342.54896,12.665,0.048
4344.53416,12.759,0.042
4344.55128,13.06,0.051
4346.5355,12.915,0.056
4346.5502,12.801,0.064
4349.48945,12.735,0.034
4351.53386,12.812,0.044
4354.52241,12.665,0.032
4354.52479,12.883,0.045
4357.48095,12.531,0.033
4360.47939,12.87,0.034
4361.48341,12.551,0.04
4363.50596,12.494,0.038
4365.49163,12.424,0.044
4458.85932,12.626,0.048
4465.85662,12.479,0.05
4473.86454,12.456,0.05
4479.84471,12.123,0.071
4485.86567,12.218,0.048
4490.85463,12.207,0.053
4498.86537,12.557,0.053
4502.81783,12.529,0.052
4505.84687,12.49,0.052
4516.78565,12.54,0.049
4518.83608,12.512,0.045
4521.81883,12.71,0.042
4525.87006,12.54,0.043
4528.80367,12.573,0.042
4531.7897,12.613,0.056
4533.83028,12.53,0.038
4535.79488,12.538,0.042
4537.839,12.631,0.056
4543.75494,12.547,0.046
4545.81483,12.489,0.043
4547.79996,12.685,0.052
4554.81901,12.44,0.046
4557.72945,12.48,0.045
4559.80038,12.388,0.047
4562.70616,12.39,0.049
4564.78372,12.275,0.043
4567.68951,12.376,0.045
4569.82344,12.392,0.046
4571.74053,12.489,0.042
4573.73436,12.486,0.043
4575.72268,12.553,0.043
4575.72951,12.497,0.04
4578.80048,12.29,0.037
4579.74747,12.423,0.044
4582.71042,12.435,0.05
4585.75848,12.58,0.043
4587.79686,12.393,0.048
4590.63721,12.427,0.048
4592.68698,12.535,0.046
4593.7651,12.429,0.035
4594.68897,12.447,0.039
4600.65712,12.244,0.044
4602.63662,12.116,0.043
4602.65352,12.258,0.05
4606.70048,12.279,0.044
4607.65183,12.248,0.056
4609.71268,12.169,0.066
4611.67888,12.116,0.048
4615.78471,12.13,0.047
4617.68219,12.195,0.045
4623.63258,12.224,0.039
4627.59169,12.146,0.039
4629.58089,12.189,0.038
4633.56217,12.114,0.037
4638.71261,12.265,0.055
4639.65177,12.277,0.052
4640.67802,12.088,0.053
4642.64191,12.317,0.057
4644.66046,12.281,0.05
4646.65277,12.531,0.06
4648.67869,12.559,0.067
4650.62494,12.418,0.067
4650.72375,12.511,0.048
4653.50174,12.492,0.037
4655.50614,12.563,0.039
4656.60286,12.507,0.059
4661.50214,12.656,0.042
4662.64471,12.908,0.05
4663.56377,12.779,0.062
4665.64751,12.609,0.054
4667.60589,12.752,0.046
4671.58622,12.738,0.047
4679.48797,12.49,0.033
4679.60315,12.501,0.056
4682.47682,12.437,0.04
4682.5929,12.584,0.065
4684.48235,12.277,0.033
4690.55571,12.032,0.05
4691.54542,12.031,0.066
4694.52696,12.135,0.06
4697.49859,12.219,0.041
4698.53219,12.31,0.054
4699.52098,12.217,0.056
4700.5389,12.179,0.049
4701.52675,12.195,0.052
4703.53551,12.221,0.042
4704.5495,12.351,0.05
4705.56011,12.287,0.049
4708.53552,12.284,0.067
4708.55906,12.392,0.066
4711.50366,12.303,0.04
4716.48991,12.444,0.051
4720.51103,12.404,0.045
4722.49449,12.593,0.05
4724.49567,12.516,0.07
4726.49094,12.632,0.074
4729.48552,12.498,0.057
4730.48956,12.567,0.077
4733.4839,12.511,0.065
4821.85874,12.447,0.044
4828.8616,12.152,0.056
4833.85761,12.146,0.042
4837.84744,12.205,0.065
4845.86913,12.318,0.051
4853.83011,12.344,0.073
4857.83355,12.431,0.056
4861.87234,12.495,0.048
4865.85423,12.59,0.047
4872.86793,12.604,0.047
4876.75576,12.772,0.047
4883.836,12.612,0.05
4886.82433,12.887,0.066
4892.79957,12.748,0.054
4901.81987,12.424,0.053
4904.80998,12.288,0.055
4907.82769,12.293,0.045
4909.74629,12.191,0.046
4917.77897,12.268,0.051
4918.73854,12.349,0.047
4924.81241,12.663,0.075
4928.75329,12.817,0.061
4935.84615,12.745,0.048
4936.80258,12.839,0.086
4938.87125,12.787,0.048
4940.73809,12.729,0.043
4946.86202,12.819,0.065
4947.67328,12.904,0.046
4949.6562,12.756,0.051
4951.81706,12.734,0.056
4954.69147,12.572,0.044
4955.69567,12.897,0.054
4966.65073,12.573,0.053
4967.68862,12.469,0.052
4968.70095,12.494,0.05
4969.70264,12.443,0.043
4972.74967,12.379,0.042
4984.60796,12.42,0.047
4985.58662,12.438,0.046
4991.61748,12.576,0.045
4993.71348,12.606,0.04
4994.6822,12.62,0.044
5021.61068,12.819,0.055
5023.61316,12.876,0.049
5037.55185,12.613,0.052
5039.54607,12.588,0.062
5042.50939,12.502,0.045
5047.50216,12.425,0.065
5048.55608,12.484,0.058
5049.54857,12.613,0.065
5057.57604,12.569,0.048
5071.48591,12.575,0.061
5084.51815,12.968,0.065
5085.50977,12.729,0.052
5087.48868,12.888,0.064
5090.48459,12.906,0.053
5093.4847,13.281,0.057
