1902.85264,10.949,0.042
1904.85449,10.906,0.046
1906.85578,10.813,0.042
1919.83608,10.801,0.041
1921.82984,10.808,0.041
1925.81961,10.688,0.041
1926.86221,10.544,0.039
1928.83325,10.524,0.037
1929.88697,10.474,0.049
1931.81493,10.206,0.038
1933.8205,10.004,0.036
1935.76452,9.716,0.037
1937.83277,9.454,0.035
1940.7945,9.093,0.035
1946.77847,8.745,0.041
1948.80647,8.681,0.038
1950.77389,8.646,0.039
1953.78819,8.653,0.035
1958.79217,8.673,0.032
1963.75448,8.739,0.033
1965.86131,8.789,0.038
1966.8568,8.762,0.035
1968.74446,8.706,0.034
1976.83682,8.299,0.043
1977.77936,8.274,0.042
1979.71783,8.16,0.044
1981.70587,8.122,0.038
1982.83526,8.045,0.04
1984.76505,8.059,0.051
1985.756,7.98,0.045
1993.78682,7.706,0.049
1994.8035,7.658,0.047
1995.77694,7.758,0.051
1996.74133,7.628,0.05
1997.73413,7.579,0.046
1998.73403,7.577,0.053
2000.72329,7.56,0.048
2011.65615,7.368,0.054
2014.68522,7.371,0.055
2025.6932,8.014,0.043
2026.67288,8.169,0.047
2027.66488,8.535,0.045
2031.66838,7.561,0.038
2032.65387,7.788,0.039
2033.63491,8.184,0.041
2037.69079,8.346,0.042
2040.6401,7.54,0.051
2051.65345,8.004,0.04
2053.54862,8.254,0.048
2054.6134,8.158,0.052
2056.60797,8.034,0.039
2057.59863,8.088,0.044
2059.61809,7.708,0.054
2067.58452,8.186,0.047
2068.57911,7.982,0.045
2069.5794,7.772,0.042
2070.56983,7.922,0.047
2081.54074,7.817,0.043
2083.53431,7.948,0.059
2085.5394,7.737,0.037
2086.54579,7.968,0.042
2088.53596,7.864,0.045
2093.50733,7.983,0.046
2094.52907,7.788,0.048
2102.49336,7.864,0.042
2104.49453,7.813,0.043
2106.49673,8.052,0.04
2115.46878,7.76,0.04
2124.56987,7.814,0.047
2129.46638,7.796,0.042
2133.51325,7.953,0.037
2135.52817,8.235,0.042
2141.52848,7.808,0.041
2144.47274,7.93,0.041
2158.48977,7.626,0.039
2440.56532,7.046,0.032
2443.55572,7.009,0.035
2444.5583,7.003,0.033
2452.52027,7.059,0.031
2454.53887,7.078,0.03
2456.51673,7.076,0.031
2459.52124,7.105,0.046
2464.50476,7.179,0.03
2466.50083,7.207,0.033
2468.49518,7.203,0.03
2470.49049,7.201,0.035
2476.47407,7.266,0.053
2481.46527,7.269,0.034
2490.51096,7.18,0.03
2493.5205,7.173,0.034
2502.4946,7.117,0.033
2503.51558,7.126,0.037
2512.49873,7.094,0.03
2524.48551,7.056,0.031
2529.49599,7.057,0.057
2535.47656,7.106,0.037
2635.85472,10.991,0.04
2641.85693,10.978,0.033
2645.84642,11.001,0.031
2650.84345,10.933,0.03
2653.8414,10.815,0.03
2657.85313,10.455,0.033
2660.82353,10.277,0.036
2663.82056,10.02,0.039
2670.84805,9.947,0.035
2673.84094,9.982,0.031
2676.82445,10.062,0.03
2679.79415,10.113,0.045
2684.82889,10.003,0.033
2686.84691,9.796,0.037
2688.83174,9.665,0.039
2690.80863,9.67,0.037
2699.76248,10.117,0.028
2701.78134,9.865,0.03
2703.78659,9.614,0.033
2705.7676,9.342,0.03
2707.77391,9.21,0.041
2709.75645,9.197,0.029
2711.74871,9.093,0.041
2713.74631,9.135,0.031
2715.73686,9.532,0.032
2717.83187,10.071,0.044
2721.81345,10.922,0.042
2723.75202,10.986,0.032
2725.73198,11.024,0.03
2727.74939,10.985,0.03
2731.84547,10.972,0.033
2734.69244,10.9,0.029
2736.71137,11.149,0.03
2738.72302,10.803,0.031
2740.7328,10.771,0.029
2742.66898,10.659,0.035
2743.81497,10.568,0.033
2745.71852,10.527,0.058
2749.77374,9.835,0.036
2751.65424,9.508,0.03
2755.66545,8.843,0.029
2757.64382,8.561,0.034
2759.69784,8.322,0.044
2761.63719,8.121,0.035
2764.69092,7.83,0.029
2766.8069,7.66,0.033
2770.66378,7.432,0.031
2775.70892,7.27,0.032
2776.80692,7.233,0.046
2782.63966,7.203,0.028
2783.76483,7.259,0.05
2785.68418,7.172,0.029
2787.63513,7.158,0.03
2791.76235,7.204,0.038
2796.54252,7.2,0.036
2804.74168,7.217,0.057
2808.744,7.311,0.036
2810.5947,7.242,0.03
2811.74147,7.245,0.036
2813.67063,7.312,0.034
2820.6078,7.177,0.033
2822.65207,7.177,0.036
2830.54877,7.209,0.038
2831.66936,7.206,0.038
2833.64298,7.222,0.06
2840.57867,7.286,0.034
2842.5768,7.301,0.05
2845.5675,7.258,0.03
2851.49867,7.219,0.029
2853.62724,7.185,0.031
2858.48376,7.113,0.032
2861.58092,7.043,0.033
2865.52734,6.962,0.036
2867.56731,6.945,0.032
2872.48235,6.964,0.029
2875.54375,7.014,0.037
2877.53771,7.031,0.033
2879.5404,7.047,0.03
2885.47821,7.157,0.034
2888.54302,7.213,0.036
2893.48039,7.255,0.035
2895.50012,7.296,0.033
2898.4966,7.284,0.034
2900.49157,7.307,0.036
2904.48571,7.322,0.035
2906.48899,7.327,0.036
3007.8465,7.222,0.036
3011.85162,7.199,0.05
3017.8648,7.142,0.043
3030.86956,7.006,0.036
3034.83595,7.009,0.036
3038.887,7.026,0.054
3042.81864,7.039,0.038
3051.87844,7.056,0.037
3055.7942,7.105,0.036
3055.85516,7.112,0.036
3061.81282,7.201,0.036
3064.81261,7.087,0.043
3068.75759,7.112,0.039
3070.84131,7.097,0.036
3073.77887,7.106,0.038
3079.76718,7.081,0.035
3081.84225,7.069,0.034
3085.84997,7.062,0.034
3088.73621,7.054,0.045
3090.79539,7.01,0.046
3093.727,7.077,0.033
3097.72652,7.204,0.034
3099.76463,7.285,0.04
3103.91711,7.18,0.046
3106.69952,7.062,0.033
3108.74598,7.026,0.03
3110.85172,7.011,0.036
3115.72988,7.044,0.036
3115.89445,7.064,0.041
3118.79614,7.095,0.056
3122.68897,7.174,0.03
3124.72762,7.192,0.031
3126.68264,7.218,0.039
3128.67412,7.252,0.036
3131.69064,7.273,0.041
3133.69387,7.283,0.036
3153.62833,7.042,0.035
3158.68757,6.964,0.051
3160.70305,6.936,0.045
3163.71465,6.949,0.032
3165.72378,6.928,0.036
3168.74609,6.951,0.041
3171.70455,6.943,0.035
3175.69269,6.944,0.036
3177.74245,6.951,0.042
3180.6197,6.99,0.032
3189.56067,7.092,0.041
3191.68919,7.126,0.047
3385.84627,8.517,0.048
3389.84834,9.418,0.055
3393.84386,10.843,0.051
3393.86578,10.899,0.059
3397.8275,10.887,0.046
3406.81237,10.996,0.042
3409.84526,11.011,0.041
3412.85626,10.921,0.04
3415.85724,10.603,0.04
3418.87001,9.975,0.048
3421.82958,9.904,0.052
3424.81151,9.831,0.037
3432.86496,9.616,0.049
3436.80858,9.465,0.047
3443.78828,9.844,0.033
3445.80382,10.164,0.032
3447.83759,10.539,0.045
3450.74762,10.309,0.043
3453.69313,9.926,0.048
3459.79287,8.751,0.038
3462.72467,8.333,0.044
3464.77973,8.119,0.031
3466.81163,7.911,0.043
3469.77491,7.755,0.038
3471.82218,7.646,0.038
3474.69992,7.523,0.04
3475.59417,7.507,0.04
3475.59742,7.503,0.034
3475.60075,7.509,0.032
3475.60396,7.502,0.042
3475.60723,7.5,0.04
3475.6105,7.49,0.04
3475.61288,7.491,0.053
3475.61942,7.488,0.054
3475.62267,7.508,0.049
3475.62593,7.503,0.056
3475.62919,7.491,0.067
3475.63243,7.5,0.055
3475.63571,7.544,0.051
3475.63809,7.49,0.052
3475.64225,7.488,0.053
3475.64875,7.512,0.052
3475.65203,7.499,0.054
3475.65518,7.505,0.056
3475.65768,7.48,0.049
3475.66018,7.501,0.055
3475.66438,7.496,0.054
3475.66676,7.495,0.053
3475.67016,7.609,0.064
3475.67255,7.565,0.053
3475.67591,7.533,0.054
3475.67829,7.514,0.053
3475.68511,7.508,0.059
3475.69177,7.49,0.061
3475.69687,7.486,0.06
3475.70208,7.496,0.059
3475.71817,7.492,0.049
3475.73331,7.55,0.056
3475.76725,7.524,0.067
3475.79477,7.558,0.057
3475.82585,7.514,0.05
3475.85647,7.494,0.051
3475.89085,7.484,0.055
3475.92218,7.553,0.066
3476.52938,7.481,0.058
3476.55822,7.514,0.046
3476.59089,7.489,0.054
3476.62223,7.465,0.051
3476.65271,7.458,0.043
3476.67943,7.485,0.047
3476.71025,7.473,0.046
3476.81092,7.496,0.049
3478.74507,7.462,0.038
3482.72633,7.375,0.044
3486.78775,7.339,0.066
3489.79187,7.286,0.04
3491.81304,7.287,0.047
3497.818,7.216,0.042
3503.67078,7.155,0.04
3506.46893,7.161,0.051
3506.47138,7.186,0.031
3506.47385,7.193,0.045
3506.49157,7.244,0.046
3506.54055,7.181,0.051
3506.55797,7.186,0.044
3506.58642,7.191,0.042
3506.67977,7.192,0.035
3506.70744,7.201,0.035
3506.73552,7.175,0.033
3506.76459,7.177,0.032
3506.79371,7.197,0.037
3506.82342,7.184,0.035
3506.85392,7.187,0.033
3508.66069,7.164,0.042
3508.69355,7.162,0.035
3508.72515,7.166,0.028
3508.75586,7.172,0.031
3508.78717,7.17,0.032
3509.68504,7.181,0.037
3515.64017,7.204,0.044
3517.632,7.249,0.041
3520.75459,7.248,0.048
3522.68954,7.261,0.047
3526.73388,7.238,0.048
3528.74027,7.254,0.042
3537.69052,7.103,0.059
3543.74154,7.039,0.052
3547.58425,6.976,0.044
3554.60007,7.004,0.04
3556.63237,7.018,0.032
3559.62234,7.031,0.049
3561.63103,7.117,0.044
3563.60274,7.075,0.037
3569.57215,7.158,0.036
3571.63684,7.167,0.04
3574.64079,7.14,0.038
3576.65066,7.121,0.038
3578.65317,7.098,0.039
3583.50735,7.015,0.051
3585.55912,7.057,0.043
3587.56765,6.983,0.038
3589.57784,6.986,0.037
3596.5541,7,0.042
3600.54251,7.031,0.054
3602.54945,7.044,0.043
3604.56291,7.055,0.042
3608.53632,7.077,0.041
3615.52751,7.135,0.044
3619.4829,7.145,0.038
3626.49886,7.219,0.036
3630.4997,7.221,0.046
3633.49739,7.191,0.043
3639.48098,7.192,0.043
3727.85913,7.315,0.048
3737.85523,7.263,0.047
3741.85479,7.35,0.047
3745.84937,7.523,0.042
3749.84134,7.745,0.055
3753.83533,8.254,0.054
3757.80117,8.972,0.044
3761.82514,10.269,0.054
3765.82773,10.62,0.051
3769.83602,10.508,0.049
3773.83386,10.349,0.05
3777.82116,10.53,0.047
3787.89119,10.938,0.044
3790.82406,10.909,0.05
3793.80438,11.003,0.044
3796.79952,11.139,0.048
3799.80605,10.924,0.046
3802.81421,10.921,0.063
3804.83941,11.012,0.049
3807.87417,10.979,0.044
3810.77704,10.986,0.048
3815.81752,10.891,0.046
3818.73624,10.903,0.055
3820.80942,10.855,0.048
3823.72588,10.987,0.054
3825.77891,10.935,0.048
3828.71509,10.802,0.044
3830.78834,10.663,0.046
3832.75898,10.425,0.042
3834.74207,10.082,0.046
3836.74517,9.761,0.054
3847.72031,7.8,0.052
3849.71925,7.685,0.047
3851.71955,7.67,0.043
3853.77334,7.802,0.038
3856.64862,8.026,0.047
3858.71428,8.487,0.056
3862.67397,8.962,0.043
3864.6711,9.442,0.04
3866.66795,9.869,0.04
3869.67288,10.808,0.05
3871.66174,11.025,0.04
3874.74515,11.034,0.037
3882.58358,11.042,0.042
3886.61955,11.015,0.036
3888.63145,11.001,0.055
3890.60854,11.028,0.037
3892.60934,11.059,0.043
3899.62412,11.035,0.063
3901.66066,11.024,0.038
3903.66386,11.041,0.036
3905.66123,11.043,0.037
3907.66096,11.046,0.038
3983.50449,11.025,0.066
4106.84515,10.997,0.041
4125.83117,11.058,0.035
4128.85831,11.044,0.037
4132.83066,11.067,0.045
4135.87978,11.084,0.054
4143.80815,11.018,0.04
4146.84987,11.023,0.04
4150.8575,11.079,0.042
4153.83559,11.066,0.039
4156.83575,11.007,0.037
4159.8099,11.095,0.034
4162.78995,11.037,0.043
4165.78531,11.086,0.04
4174.73962,11.058,0.041
4176.83074,11.081,0.048
4179.8136,11.058,0.052
4182.7579,10.988,0.048
4184.82867,11.068,0.044
4188.76235,11.035,0.035
4190.8011,11.058,0.033
4192.77401,11.015,0.045
4200.74056,11.051,0.034
4203.75162,11.055,0.032
4205.75156,11.1,0.036
4208.84151,11.123,0.05
4212.84314,11.035,0.047
4215.77533,11.042,0.035
4228.70342,11.069,0.033
4230.7019,11.065,0.038
4232.70071,11.103,0.038
4234.69299,11.061,0.035
4238.75465,11.045,0.044
4245.61651,10.997,0.064
4246.78121,11.037,0.037
4253.60945,10.969,0.037
4255.64392,11.029,0.034
4257.63952,10.972,0.047
4259.67013,11.119,0.051
4273.72979,11.006,0.032
4281.53583,10.987,0.038
4283.57031,11.032,0.042
4285.57013,11.001,0.04
4289.56358,11.04,0.035
4291.58007,11.023,0.033
4293.57369,11.02,0.054
4295.57693,11.026,0.033
4297.57669,11.043,0.044
4299.55093,11.01,0.034
4301.51827,11.071,0.043
4306.6258,11.02,0.032
4308.65076,11.002,0.054
4311.58769,11.027,0.035
4316.61809,10.995,0.039
4319.62579,11.001,0.033
4329.48373,10.935,0.046
4334.47431,10.977,0.033
4338.477,10.975,0.032
4340.5448,10.982,0.036
4342.54896,10.961,0.041
4344.55128,10.996,0.041
4346.5502,10.983,0.06
4349.49187,10.916,0.037
4351.53386,10.898,0.042
4354.52479,10.801,0.032
4361.48341,10.736,0.034
4365.49163,10.638,0.048
4458.85932,9.185,0.045
4465.85662,8.764,0.051
4473.86454,8.658,0.042
4479.84471,8.676,0.046
4485.86567,8.615,0.035
4490.85463,8.538,0.037
4498.86537,8.377,0.035
4502.81783,8.321,0.04
4505.84687,8.279,0.04
4516.78565,8.277,0.06
4518.83608,8.284,0.044
4521.81883,8.396,0.033
4525.87006,8.25,0.031
4528.80367,8.199,0.035
4531.7897,8.212,0.037
4535.79488,8.286,0.034
4537.839,8.42,0.036
4543.75494,9.071,0.04
4545.81483,9.443,0.053
4547.79996,9.905,0.045
4554.81901,11.015,0.042
4557.72945,10.974,0.034
4559.80038,10.962,0.034
4562.70616,10.866,0.036
4564.78372,10.805,0.033
4567.68951,10.68,0.034
4569.82344,10.646,0.036
4571.74053,10.776,0.036
4573.73436,10.785,0.037
4575.72951,10.835,0.038
4579.74747,10.886,0.042
4582.71042,10.963,0.038
4585.75848,11.06,0.04
4587.79686,11.051,0.041
4590.63721,11.054,0.04
4592.68698,11.013,0.036
4594.68897,11.057,0.033
4600.65712,10.997,0.036
4602.65352,11.093,0.04
4607.65183,11.007,0.04
4609.71268,11.005,0.039
4611.67888,11.027,0.036
4615.78471,11.042,0.038
4617.68219,11.028,0.033
4623.63258,11.064,0.034
4627.59169,10.989,0.031
4629.58089,10.967,0.03
4638.71261,10.627,0.046
4640.67802,10.52,0.04
4642.64191,10.279,0.037
4644.66046,10.069,0.037
4646.65277,9.801,0.052
4648.67869,9.573,0.042
4650.72375,9.376,0.036
4653.50174,9.107,0.034
4655.50614,8.927,0.036
4663.56377,8.527,0.046
4665.64751,8.532,0.041
4667.60589,8.511,0.037
4671.58622,8.525,0.032
4679.60315,8.579,0.035
4682.5929,8.591,0.042
4691.54542,8.452,0.042
4697.49859,8.233,0.031
4699.52098,8.189,0.035
4701.52675,8.104,0.038
4703.53551,8.002,0.038
4705.56011,7.94,0.041
4708.55906,7.866,0.043
4716.48991,7.654,0.04
4720.51103,7.62,0.04
4724.49567,7.619,0.048
4730.48956,7.69,0.052
4821.85874,7.445,0.042
4828.8616,7.434,0.044
4833.85761,7.439,0.042
4837.84744,7.486,0.04
4857.83355,7.657,0.036
4861.87234,7.78,0.038
4865.85423,7.91,0.05
4872.86793,8.454,0.043
4876.75576,8.591,0.047
4883.836,8.006,0.04
4886.82433,7.787,0.056
4901.81987,7.845,0.061
4907.82769,7.951,0.053
4917.77897,7.987,0.052
4924.81241,7.902,0.066
4928.75329,7.754,0.064
4938.87125,7.487,0.055
4946.86202,7.429,0.059
4949.6562,7.441,0.065
4951.81706,7.454,0.053
4955.69567,7.417,0.055
4966.65073,7.406,0.055
4968.70095,7.41,0.053
4984.60796,7.512,0.059
4991.61748,8.292,0.056
4994.6822,8.998,0.051
5021.61068,11.086,0.053
5023.61316,11.056,0.053
5047.50216,11.024,0.066
5049.54857,11.07,0.064
5071.48591,10.831,0.059
5075.54263,10.837,0.055
5084.51815,10.742,0.062
5087.48868,10.7,0.057
5090.48459,10.635,0.057
5093.4847,10.536,0.065
