1900.84503,11.04,0.028
1903.84881,10.926,0.029
1905.8575,10.864,0.028
1907.85404,10.82,0.025
1914.80613,10.789,0.028
1919.81252,10.859,0.031
1919.84511,10.864,0.034
1921.81163,10.95,0.027
1924.87579,11.016,0.028
1925.86601,10.988,0.025
1926.85776,11.043,0.025
1929.80373,11.161,0.025
1932.79935,11.309,0.026
1936.80882,11.32,0.025
1938.81293,11.365,0.025
1940.80794,11.41,0.025
1948.79091,11.411,0.027
1950.75787,11.247,0.037
1953.78149,11.185,0.031
1955.80892,11.021,0.029
1958.80128,11.102,0.034
1961.79171,10.961,0.031
1962.8518,10.779,0.036
1964.74331,10.985,0.029
1965.78012,10.764,0.03
1966.82569,10.762,0.032
1967.82875,10.787,0.034
1976.82089,10.738,0.042
1977.751,10.938,0.039
1979.69206,10.804,0.043
1981.74489,10.823,0.042
1982.74305,10.877,0.035
1984.7423,10.841,0.041
1985.75358,10.867,0.039
1993.77306,10.895,0.046
1995.66571,11.04,0.042
1996.71313,10.937,0.045
1997.72038,10.965,0.045
2025.64625,10.862,0.028
2026.6545,10.88,0.028
2027.64642,10.886,0.028
2030.6329,10.864,0.032
2031.64993,10.854,0.029
2032.63544,10.902,0.026
2033.62326,10.902,0.028
2037.63356,11.022,0.035
2040.6401,11.048,0.037
2052.57683,11.337,0.035
2053.60296,11.293,0.033
2054.6107,11.296,0.035
2055.58561,11.319,0.035
2056.59175,11.278,0.032
2057.58012,11.316,0.031
2058.58108,11.282,0.034
2062.56054,11.755,0.032
2067.57475,11.004,0.032
2068.56282,10.999,0.032
2069.56542,10.982,0.033
2070.55583,10.963,0.032
2079.5203,10.86,0.033
2081.52676,10.884,0.031
2083.52259,10.88,0.04
2085.52991,10.882,0.029
2086.5274,10.909,0.033
2087.521,10.906,0.031
2088.52426,10.932,0.03
2093.49118,10.934,0.034
2094.57412,10.944,0.029
2102.47949,11.01,0.029
2104.52365,10.999,0.03
2106.51446,11.051,0.027
2115.60019,11.105,0.029
2117.49993,11.132,0.03
2129.47752,11.046,0.027
2131.5135,10.993,0.028
2133.52683,10.906,0.028
2135.5375,10.919,0.03
2141.53292,10.732,0.033
2144.47494,10.691,0.029
2440.54902,11.138,0.026
2442.54423,11.178,0.024
2443.5417,11.237,0.025
2444.54187,11.234,0.027
2452.50409,11.326,0.032
2454.55526,11.238,0.049
2456.51405,11.325,0.03
2463.53197,11.315,0.031
2464.49304,11.174,0.029
2466.48476,11.185,0.029
2468.48511,11.145,0.028
2470.47428,11.18,0.029
2474.46311,11.09,0.034
2482.4653,11.017,0.035
2490.52441,10.915,0.036
2494.48403,10.916,0.031
2498.51699,10.927,0.033
2502.51779,10.981,0.041
2503.53175,11.037,0.039
2511.50582,11.259,0.035
2512.53582,11.249,0.03
2520.50327,11.32,0.025
2521.52015,11.303,0.022
2625.86329,11.02,0.036
2629.85167,10.967,0.027
2635.84321,11.124,0.027
2639.84324,11.118,0.023
2639.85962,11.109,0.03
2643.83719,11.08,0.024
2643.85087,11.002,0.028
2646.84088,11.041,0.023
2652.85711,10.838,0.025
2653.84333,10.784,0.029
2660.80522,10.822,0.034
2661.8289,10.781,0.03
2662.82258,10.768,0.029
2663.8362,10.811,0.034
2664.8336,10.795,0.03
2666.8327,10.811,0.031
2667.82561,10.812,0.028
2670.82408,10.808,0.03
2670.83411,10.873,0.026
2673.82017,10.89,0.024
2673.84496,10.835,0.029
2676.83339,10.853,0.032
2678.8147,10.995,0.023
2680.82156,10.876,0.036
2684.81065,10.903,0.033
2684.83755,10.946,0.032
2686.80773,10.995,0.033
2686.85087,10.958,0.035
2688.7874,11.022,0.033
2688.84749,11.025,0.03
2690.78951,11.056,0.032
2690.82052,11.051,0.037
2693.80097,10.954,0.04
2693.83388,11.029,0.031
2696.79616,11.005,0.036
2699.76656,11.068,0.033
2700.84172,11.2,0.026
2701.79461,11.128,0.03
2703.79287,11.144,0.027
2704.81019,11.156,0.023
2705.78152,11.14,0.031
2706.79404,11.034,0.027
2707.77778,11.091,0.029
2709.77254,11.039,0.027
2710.75267,10.956,0.026
2711.76249,11.042,0.034
2712.75045,10.938,0.031
2714.7374,10.859,0.031
2717.73926,10.809,0.032
2719.72722,10.893,0.029
2720.68006,10.918,0.028
2722.72269,10.815,0.025
2726.75058,10.698,0.032
2730.74469,10.785,0.029
2733.73852,10.807,0.03
2735.73486,10.978,0.023
2737.6966,10.907,0.032
2739.72119,11.056,0.026
2741.69544,11.071,0.03
2742.68066,11.145,0.028
2742.84387,11.028,0.035
2744.67214,11.057,0.028
2747.74923,11.275,0.026
2750.78678,11.201,0.031
2752.70049,11.169,0.026
2755.64911,11.263,0.025
2757.62315,11.049,0.031
2759.6698,11.151,0.024
2760.76447,11.182,0.023
2762.71629,11.104,0.028
2769.75059,10.864,0.036
2775.72523,10.863,0.03
2782.77376,10.845,0.026
2784.65579,10.858,0.024
2785.7809,10.837,0.025
2787.73232,10.909,0.024
2794.57933,11.099,0.028
2809.58441,11.117,0.023
2810.68434,11.09,0.028
2812.58104,11.002,0.029
2813.75088,11.064,0.03
2819.61535,10.985,0.023
2819.61826,11.002,0.025
2821.62157,10.962,0.024
2826.60931,10.989,0.024
2826.61737,11.007,0.024
2831.61648,11.076,0.024
2836.56043,11.052,0.024
2839.61626,11.025,0.028
2841.66445,11.14,0.027
2843.61493,11.055,0.046
2853.51102,11.145,0.023
2854.58972,11.113,0.025
2858.58917,11.088,0.026
2860.57787,11.128,0.025
2862.55482,11.115,0.029
2866.59383,11.195,0.027
2875.51556,11.038,0.028
2877.5143,10.98,0.026
2879.51702,10.99,0.026
2883.49209,10.927,0.025
2885.511,10.912,0.026
2895.52828,10.865,0.026
2898.50607,10.885,0.026
2900.50105,10.918,0.024
2904.49301,11.012,0.025
2906.49143,11.091,0.025
2989.85563,11.052,0.029
2994.85221,11.061,0.027
3003.84262,10.963,0.027
3007.85119,10.959,0.029
3011.83884,10.873,0.028
3011.85903,10.893,0.035
3017.84281,10.963,0.026
3025.85872,11.084,0.025
3030.86234,11.107,0.026
3041.829,11.112,0.028
3054.83122,10.83,0.025
3057.86211,10.821,0.036
3067.80587,10.934,0.027
3067.8689,10.919,0.026
3069.84825,10.958,0.027
3071.81781,10.978,0.028
3074.78324,11.07,0.027
3077.75405,11.062,0.026
3079.8063,11.061,0.023
3082.7352,11.105,0.025
3086.78591,11.058,0.024
3088.85857,11.061,0.025
3091.71928,11.054,0.032
3093.76744,11.011,0.026
3097.71594,10.962,0.025
3101.78061,10.978,0.027
3103.812,11.085,0.03
3105.80243,11.031,0.025
3107.80487,11.119,0.025
3110.66814,11.106,0.026
3112.71793,11.177,0.026
3114.75792,11.15,0.024
3116.77897,11.094,0.025
3121.71335,11.013,0.028
3125.6903,10.866,0.024
3127.68473,10.811,0.032
3129.72685,10.829,0.032
3131.75124,10.776,0.029
3133.75424,10.816,0.026
3144.79449,11.075,0.024
3153.70459,11.241,0.024
3156.59218,11.144,0.025
3158.7319,11.163,0.03
3160.75099,11.086,0.042
3163.75371,11.109,0.024
3169.51008,10.989,0.028
3176.49676,10.932,0.023
3178.63307,11.005,0.028
3180.73068,11.082,0.026
3183.71953,11.095,0.027
3185.67374,11.066,0.029
3187.71728,11.158,0.029
3190.70745,11.077,0.037
3385.84627,11.125,0.037
3389.84834,11.122,0.045
3393.84851,11.035,0.029
3397.8275,11.038,0.036
3403.82533,10.965,0.035
3405.84495,10.987,0.034
3406.84702,10.963,0.037
3409.84039,10.931,0.04
3412.83231,10.911,0.031
3418.8747,10.933,0.037
3421.81347,10.954,0.032
3421.85063,11.016,0.036
3424.79761,11.046,0.031
3426.83884,11.077,0.027
3431.8424,11.123,0.032
3436.80858,11.214,0.037
3436.82855,11.148,0.033
3438.79065,11.217,0.026
3442.78808,11.11,0.032
3443.81149,11.088,0.034
3444.80319,11.091,0.036
3446.84662,11.104,0.028
3450.75563,10.982,0.032
3453.69774,10.92,0.046
3456.78151,10.836,0.029
3458.79753,10.819,0.028
3459.79287,10.802,0.028
3460.81169,10.81,0.027
3462.72467,10.762,0.032
3463.71378,10.828,0.029
3464.77973,10.803,0.028
3465.76534,10.832,0.025
3466.81163,10.793,0.033
3468.74597,10.81,0.025
3470.84038,10.887,0.026
3471.82218,10.928,0.03
3473.67686,10.944,0.024
3474.69992,10.993,0.032
3475.7719,10.91,0.04
3476.81092,10.931,0.035
3477.78367,10.976,0.039
3478.74507,10.991,0.034
3479.72404,10.978,0.03
3481.70582,11.087,0.027
3483.69574,11.038,0.03
3487.67055,11.12,0.03
3490.68874,11.183,0.032
3491.81304,11.187,0.038
3492.68427,11.203,0.028
3496.68266,11.14,0.024
3497.818,11.208,0.031
3499.6852,11.195,0.029
3501.58339,11.253,0.036
3501.72162,11.232,0.029
3501.75089,11.144,0.034
3503.71362,11.176,0.027
3506.72138,11.114,0.026
3509.68504,11.066,0.032
3509.7136,11.019,0.025
3511.79363,11.008,0.027
3515.76136,10.901,0.031
3517.75324,10.922,0.026
3520.75459,10.969,0.037
3525.67644,11.026,0.027
3526.73388,11.002,0.038
3528.74027,11.009,0.033
3529.67507,11.034,0.042
3538.61929,10.973,0.028
3540.64236,11.013,0.034
3543.61134,10.992,0.033
3543.74154,11.007,0.04
3550.64394,11.105,0.028
3552.6955,11.236,0.03
3554.60007,11.233,0.033
3555.68892,11.214,0.024
3560.70282,11.195,0.032
3563.49798,11.202,0.024
3565.50222,11.22,0.033
3570.58191,11.007,0.027
3573.64688,10.887,0.03
3575.66227,10.892,0.028
3578.55293,10.859,0.025
3584.56708,10.861,0.026
3586.60213,10.868,0.028
3591.5249,11.031,0.034
3593.53627,11.029,0.029
3601.5537,11.088,0.031
3603.56025,11.058,0.027
3606.56526,11.116,0.031
3618.49421,11.011,0.028
3620.52886,10.925,0.029
3630.49477,10.73,0.031
3633.49244,10.748,0.036
3727.85155,11.014,0.028
3727.85913,11.049,0.034
3737.85523,10.903,0.037
3738.84862,10.829,0.032
3741.85479,10.746,0.036
3745.84937,10.81,0.03
3746.84796,10.807,0.048
3749.84134,10.793,0.039
3750.84089,10.868,0.03
3750.85249,10.792,0.04
3753.83533,10.879,0.041
3754.82234,10.883,0.034
3757.80117,10.914,0.032
3757.84173,10.961,0.028
3760.85469,11,0.031
3761.82514,10.932,0.041
3761.83536,10.89,0.047
3764.8191,11.023,0.036
3765.70308,11.045,0.033
3765.73431,11.107,0.034
3765.76448,11.003,0.038
3765.79439,11.048,0.045
3765.82773,11.009,0.041
3765.83238,11.013,0.043
3769.81332,11.03,0.032
3769.83602,11.018,0.039
3769.83815,11.012,0.042
3773.80519,10.961,0.039
3773.83386,10.978,0.036
3773.83592,11.056,0.041
3777.82116,10.972,0.036
3777.82307,10.968,0.039
3787.89119,11.045,0.034
3788.86538,11.04,0.032
3789.79864,11.023,0.034
3790.82406,11.022,0.039
3791.81287,11.039,0.037
3792.82309,11.129,0.046
3793.80438,11.015,0.032
3794.8218,11.046,0.03
3795.81861,11.043,0.034
3797.78818,10.987,0.032
3798.81744,10.926,0.045
3799.80605,10.948,0.036
3800.77679,10.97,0.04
3804.83941,10.912,0.036
3805.78364,10.901,0.033
3806.75384,10.956,0.036
3808.78869,10.969,0.037
3809.78292,10.916,0.033
3810.77704,10.915,0.037
3810.83047,11.566,0.038
3812.75468,10.901,0.035
3814.80134,10.964,0.036
3815.81752,10.981,0.035
3815.83542,10.985,0.036
3816.82557,11.015,0.035
3818.73624,11.047,0.043
3818.75707,11.06,0.04
3819.73028,11.059,0.036
3820.80942,11.104,0.033
3820.84667,11.116,0.04
3821.82338,11.059,0.031
3823.72588,11.163,0.042
3823.74669,11.109,0.038
3824.71513,11.151,0.031
3825.77891,11.108,0.035
3825.80046,11.173,0.037
3826.77031,11.161,0.03
3828.71509,11.219,0.035
3828.72483,11.206,0.032
3829.70043,11.192,0.037
3830.78834,11.259,0.036
3830.79672,11.27,0.038
3831.75398,11.24,0.033
3832.75898,11.282,0.032
3832.77786,11.297,0.034
3833.75222,11.263,0.035
3834.74207,11.261,0.036
3834.76989,11.264,0.037
3835.74216,11.296,0.033
3837.74334,11.229,0.031
3848.74124,11.208,0.047
3849.71925,11.215,0.04
3850.72145,11.126,0.03
3851.71955,11.207,0.034
3852.80161,11.16,0.035
3853.77334,11.129,0.03
3855.67089,11.116,0.046
3856.81325,11.083,0.038
3861.66748,10.99,0.027
3861.72245,11.038,0.03
3862.67397,10.95,0.035
3863.66376,11.022,0.036
3868.65602,10.935,0.037
3870.65037,10.972,0.03
3871.66174,10.975,0.031
3872.64689,11.011,0.026
3875.75159,11.015,0.028
3877.80598,10.996,0.033
3882.58358,11.029,0.033
3883.59404,11.105,0.03
3886.73451,11.15,0.031
3887.59788,11.116,0.026
3891.58182,11.099,0.028
3893.59164,11.264,0.028
3896.65481,11.168,0.03
3897.61075,11.095,0.035
3898.69411,11.161,0.031
3900.70547,11.099,0.032
3901.66066,11.169,0.03
3902.71992,11.168,0.028
3903.66386,11.082,0.028
3904.74392,11.06,0.033
3906.7475,11.002,0.03
3909.68804,11.005,0.028
3913.68997,11.033,0.029
3981.54385,11.057,0.038
4106.84515,10.9,0.033
4125.83117,11.224,0.032
4128.85831,11.33,0.034
4132.83066,11.269,0.039
4133.82345,11.239,0.039
4135.87978,11.135,0.045
4136.83678,11.096,0.035
4143.80815,10.821,0.036
4146.84987,10.745,0.033
4150.8575,10.728,0.039
4153.83559,10.766,0.032
4156.83575,10.853,0.034
4159.8099,10.967,0.031
4162.78995,11.069,0.033
4165.78531,11.216,0.032
4166.83019,11.312,0.042
4174.73962,11.225,0.04
4176.83074,11.049,0.044
4179.8136,10.959,0.046
4181.73702,11.063,0.045
4182.7579,10.971,0.042
4182.76698,10.962,0.032
4184.82867,10.952,0.034
4188.76235,10.856,0.031
4189.71105,10.75,0.029
4189.7298,10.922,0.027
4190.8011,10.818,0.028
4192.77401,10.771,0.039
4193.74345,10.826,0.033
4199.68606,11.173,0.041
4200.74056,10.879,0.029
4200.74908,10.912,0.028
4202.74355,10.94,0.035
4203.75162,10.954,0.03
4203.76941,10.934,0.029
4204.76328,10.956,0.03
4205.75156,10.909,0.031
4205.76326,10.983,0.032
4207.79867,10.879,0.032
4208.84151,10.953,0.039
4208.85494,10.931,0.034
4212.84314,10.882,0.037
4213.75204,10.954,0.032
4215.77533,10.888,0.03
4216.74173,10.898,0.029
4228.70342,10.922,0.031
4229.67298,10.867,0.026
4229.70959,10.944,0.027
4230.7019,10.977,0.034
4231.68567,10.942,0.032
4231.71712,11.017,0.033
4232.70071,11.021,0.032
4234.69299,11.024,0.03
4235.68249,11.006,0.027
4235.71465,11.091,0.031
4238.75465,11.101,0.035
4245.61651,11.191,0.046
4246.62138,11.036,0.028
4246.66415,11.191,0.03
4246.78121,11.221,0.033
4251.81523,10.938,0.047
4253.60945,11.044,0.032
4254.64476,11.033,0.029
4256.71101,10.989,0.03
4257.63952,10.944,0.035
4259.67013,11,0.042
4269.72424,10.917,0.028
4269.73342,10.946,0.03
4272.67108,10.864,0.031
4272.69539,11.02,0.028
4273.72979,10.956,0.028
4274.67261,10.996,0.028
4274.69774,11.014,0.031
4278.5339,10.987,0.025
4282.58649,10.929,0.036
4283.71699,11.037,0.04
4285.57013,11.014,0.033
4285.68089,11.014,0.036
4286.59193,11,0.034
4289.56358,10.983,0.031
4289.6776,11.001,0.029
4290.60446,10.88,0.029
4291.58007,11.011,0.03
4291.67665,10.997,0.027
4292.568,10.971,0.027
4293.57369,11.004,0.049
4293.66476,11.099,0.028
4294.57626,11.019,0.027
4295.68064,11.07,0.029
4296.57104,10.915,0.03
4297.57669,11.058,0.034
4297.67098,11.005,0.032
4298.57946,10.948,0.031
4299.64613,11.042,0.035
4300.52746,10.959,0.038
4301.60034,11.042,0.032
4303.60854,10.994,0.032
4305.60379,10.887,0.04
4306.6258,10.942,0.028
4306.64452,10.962,0.028
4307.60549,10.915,0.033
4308.65076,10.899,0.041
4308.65677,10.958,0.039
4311.58769,10.903,0.03
4311.59065,10.878,0.029
4312.55764,10.846,0.036
4315.5643,10.796,0.028
4316.61809,10.923,0.034
4316.62109,10.959,0.03
4317.62564,10.882,0.03
4319.62579,10.945,0.03
4319.62881,10.932,0.028
4330.51304,10.963,0.025
4330.51625,11.008,0.028
4334.49496,10.992,0.027
4336.5581,10.903,0.029
4338.49727,10.979,0.027
4340.49954,11.009,0.029
4340.5448,11.029,0.03
4340.56509,10.982,0.033
4342.52541,10.895,0.036
4342.54896,10.986,0.034
4342.56977,10.983,0.035
4344.53416,11.045,0.033
4344.55128,11.094,0.035
4344.56676,11.013,0.034
4346.5355,10.999,0.032
4346.56564,11.077,0.028
4348.57093,11.088,0.035
4351.49918,11.174,0.035
4351.53148,11.15,0.035
4354.51767,11.124,0.028
4354.52241,11.102,0.026
4354.52479,11.131,0.029
4356.53988,11.193,0.03
4357.48095,11.073,0.025
4360.47939,11.025,0.029
4361.49971,11.067,0.027
4363.50596,10.973,0.029
4363.53622,11.061,0.032
4368.50828,10.989,0.034
4371.49009,11.039,0.032
4375.48677,10.976,0.032
4458.85932,11.206,0.036
4465.85662,11.103,0.039
4473.86454,11.013,0.036
4479.84471,11.017,0.04
4485.86567,11.118,0.031
4490.85463,11.069,0.032
4498.86537,11.094,0.032
4502.81783,11.103,0.036
4505.84687,11.233,0.035
4505.84876,11.066,0.035
4516.78565,11.099,0.045
4516.79117,11.18,0.048
4518.83608,11.246,0.035
4519.80543,11.23,0.032
4521.79362,11.155,0.029
4521.81883,11.277,0.029
4524.85782,11.26,0.027
4525.87006,11.291,0.029
4528.80367,11.37,0.031
4528.82109,11.379,0.033
4531.7897,11.334,0.035
4533.83028,11.309,0.033
4535.79488,11.298,0.031
4537.839,11.252,0.034
4538.78485,11.215,0.029
4539.75647,11.15,0.038
4541.7957,11.07,0.027
4543.75494,11.104,0.033
4543.77906,11.123,0.032
4545.81483,11.072,0.041
4545.8285,11.006,0.037
4547.79996,11.045,0.034
4547.81176,11.019,0.033
4552.81862,10.981,0.03
4553.81433,10.954,0.028
4554.81901,11.031,0.035
4555.73934,11.034,0.03
4557.72945,10.996,0.031
4557.79977,11.008,0.033
4559.80038,11.01,0.03
4560.7284,11.017,0.029
4562.70616,11.042,0.03
4562.78528,11.133,0.028
4564.78372,11.072,0.039
4567.68951,11.095,0.029
4567.71355,11.192,0.032
4569.82894,11.198,0.031
4571.74053,11.182,0.031
4571.7493,11.187,0.032
4573.72157,11.112,0.03
4573.73436,11.173,0.031
4573.74318,11.191,0.031
4575.72268,11.176,0.03
4575.72951,11.168,0.03
4575.74048,11.141,0.03
4578.80048,11.151,0.033
4579.76198,11.119,0.033
4580.77668,11.074,0.028
4582.71042,11.148,0.032
4582.73564,11.075,0.032
4585.75848,11.053,0.034
4587.79686,11.014,0.036
4590.63721,11.034,0.033
4592.68698,10.99,0.031
4592.70141,10.978,0.028
4593.7651,10.944,0.027
4594.68897,10.905,0.029
4596.70252,10.934,0.027
4600.65712,10.897,0.031
4602.63662,10.856,0.032
4602.65352,10.877,0.033
4602.66012,10.897,0.032
4606.70048,10.833,0.038
4607.65183,10.912,0.033
4607.67568,10.873,0.035
4609.56604,10.874,0.028
4609.71268,10.913,0.037
4611.67888,10.915,0.032
4615.78471,10.91,0.034
4616.79917,10.949,0.031
4617.68219,10.936,0.032
4622.72162,10.933,0.031
4623.63258,10.965,0.03
4627.59169,10.93,0.028
4629.58089,10.946,0.027
4630.65862,10.899,0.028
4630.66828,10.938,0.029
4633.56217,10.918,0.031
4638.71261,10.967,0.037
4639.65802,10.977,0.03
4640.67802,10.95,0.033
4641.68324,10.989,0.031
4642.64191,11.022,0.034
4643.67898,11.016,0.038
4644.66046,11.009,0.031
4645.68477,10.97,0.047
4646.65277,10.988,0.045
4647.75236,11.007,0.041
4648.67869,11.028,0.04
4650.72375,10.915,0.032
4652.54695,10.964,0.034
4653.50174,10.889,0.03
4654.53304,10.934,0.032
4655.50614,10.867,0.03
4656.54541,10.894,0.031
4661.50214,10.785,0.03
4661.51872,10.788,0.032
4663.56377,10.839,0.038
4663.59016,10.856,0.038
4665.64751,10.835,0.034
4665.66758,10.862,0.032
4667.60589,10.891,0.031
4667.68555,10.895,0.04
4671.58622,10.905,0.029
4677.60619,10.939,0.034
4679.60315,10.977,0.031
4679.60983,10.992,0.032
4682.47682,11.007,0.032
4682.5929,10.981,0.037
4682.59976,11.054,0.038
4684.48235,10.983,0.028
4684.56708,11.007,0.036
4691.54542,11.081,0.037
4691.55713,11.037,0.034
4694.61321,11.041,0.038
4698.60512,11.033,0.035
4700.5389,10.994,0.029
4701.52675,10.972,0.032
4703.50422,11.001,0.036
4703.53551,10.949,0.031
4705.52906,10.865,0.038
4705.56011,10.951,0.033
4708.54404,10.915,0.038
4708.55906,10.917,0.037
4710.58938,10.926,0.051
4711.50366,10.849,0.032
4716.55565,10.895,0.033
4721.53798,10.922,0.035
4722.49449,10.876,0.035
4725.52231,10.99,0.044
4726.49094,11.011,0.043
4728.49863,10.963,0.038
4733.4839,10.989,0.039
4743.4916,11.178,0.033
4821.85874,11.022,0.034
4828.8616,11.013,0.037
4833.85761,10.971,0.034
4837.84744,10.993,0.039
4844.86482,11.034,0.037
4845.86913,11.061,0.037
4848.83345,11.099,0.032
4853.83011,11.321,0.045
4857.83355,11.149,0.033
4857.85262,11.097,0.029
4861.87234,11.526,0.034
4865.85423,11.114,0.041
4869.84998,11.001,0.038
4872.86793,10.975,0.034
4872.86993,10.976,0.033
4876.75576,10.898,0.038
4876.84056,10.952,0.033
4883.836,10.879,0.035
4886.82433,10.92,0.046
4886.84948,10.925,0.044
4892.79957,11.073,0.043
4901.81987,11.064,0.045
4904.80998,11.014,0.048
4907.82769,11.07,0.042
4915.81935,10.962,0.044
4917.77897,10.918,0.041
4918.73854,10.851,0.044
4918.75533,10.906,0.045
4921.72976,10.898,0.04
4921.74911,10.887,0.042
4926.7948,10.855,0.043
4929.81433,10.861,0.05
4936.80258,10.971,0.052
4937.70044,10.952,0.045
4938.87125,10.947,0.043
4939.75364,11.028,0.05
4946.86202,11.025,0.045
4947.67328,11.089,0.04
4949.6562,11.082,0.048
4949.71657,11.122,0.045
4951.83133,11.111,0.04
4954.65045,11.09,0.043
4955.69567,11.191,0.044
4961.69858,11.181,0.049
4966.65073,11.013,0.043
4966.66464,11.142,0.043
4968.70095,11.071,0.04
4968.7156,11.045,0.046
4969.70264,11.05,0.038
4972.74967,10.97,0.041
4973.82641,11.003,0.046
4985.62765,10.956,0.043
4991.63705,10.993,0.044
4993.71348,11.013,0.043
4994.69885,11.026,0.043
5021.61068,11.072,0.041
5021.62582,11.117,0.042
5023.61316,11.066,0.041
5023.62888,11.118,0.04
5024.64723,11.093,0.046
5025.63969,11.141,0.05
5031.63637,11,0.046
5031.63959,11.064,0.047
5037.55185,10.835,0.04
5037.55509,10.972,0.037
5039.54607,10.87,0.046
5039.54936,10.973,0.042
5042.50939,10.873,0.046
5048.56011,10.962,0.042
5057.57604,11.056,0.043
5057.58278,11.159,0.05
5063.59172,11.156,0.047
5085.50977,10.84,0.044
5085.51289,10.995,0.043
5088.5057,10.879,0.046
5088.50882,10.97,0.048
5098.51639,10.818,0.051
5105.49468,11.02,0.05
