1903.85103,11.962,0.035
1905.8597,11.971,0.033
1907.85621,11.887,0.033
1918.87587,12.011,0.036
1919.84725,11.787,0.045
1920.83051,11.792,0.034
1921.83844,11.785,0.044
1922.81447,11.845,0.036
1924.80152,11.835,0.034
1925.83062,11.712,0.047
1925.85657,11.752,0.034
1926.85303,11.844,0.032
1926.86838,11.817,0.041
1929.80123,11.847,0.036
1929.82121,11.774,0.042
1930.87414,11.865,0.035
1931.81923,11.808,0.043
1932.79683,11.895,0.034
1933.82443,11.813,0.041
1935.87879,11.798,0.038
1936.80549,11.94,0.035
1938.80589,11.919,0.043
1938.80958,11.853,0.035
1940.80063,11.912,0.035
1940.82907,11.85,0.041
1946.74549,11.915,0.038
1946.78678,12.123,0.047
1948.78432,12.12,0.037
1948.8179,11.957,0.044
1950.75518,11.917,0.057
1950.78448,12.085,0.046
1953.77879,12.14,0.043
1953.79167,12.075,0.044
1954.80068,12.195,0.047
1954.8072,12.127,0.039
1955.81066,12.205,0.043
1955.82363,11.965,0.04
1958.81895,12.179,0.047
1958.87556,11.794,0.047
1961.79575,12.071,0.047
1961.82453,12.098,0.046
1962.86071,11.868,0.047
1962.90928,11.87,0.057
1964.74501,11.825,0.042
1965.79809,12.092,0.043
1965.90029,11.73,0.04
1966.82737,12.12,0.043
1971.78226,11.88,0.051
1976.82711,12.025,0.052
1977.75266,11.816,0.053
1979.6937,12.084,0.057
1979.76105,11.827,0.052
1980.72573,11.838,0.058
1981.74653,11.872,0.053
1981.75725,11.898,0.047
1982.7447,11.869,0.049
1984.75068,11.895,0.054
1984.76832,11.743,0.052
1985.74516,11.865,0.052
1985.88293,11.969,0.051
1993.80358,11.85,0.055
1995.66735,11.98,0.056
1995.71307,12.035,0.052
1997.72201,11.951,0.056
2025.64799,11.782,0.031
2025.66969,11.823,0.045
2026.65625,11.836,0.031
2027.64817,11.839,0.034
2030.63693,11.884,0.034
2031.65168,11.856,0.034
2032.63723,11.905,0.031
2033.62504,12.007,0.031
2037.64067,11.938,0.033
2037.65954,11.768,0.05
2038.64258,11.925,0.039
2040.62803,12.017,0.046
2052.58102,11.837,0.04
2052.60156,11.97,0.053
2053.60488,11.904,0.039
2054.61942,12.022,0.055
2055.58755,11.826,0.041
2056.59369,11.828,0.041
2057.58209,11.806,0.038
2058.58305,11.812,0.04
2062.53752,11.846,0.041
2067.56786,11.761,0.034
2067.60026,11.813,0.05
2068.56489,11.859,0.041
2069.56974,11.815,0.04
2079.52247,12.076,0.048
2081.52896,12.053,0.036
2082.54893,11.918,0.031
2083.57023,11.847,0.038
2085.53675,12.075,0.035
2086.54092,12.068,0.038
2087.53012,12.052,0.04
2093.49348,11.905,0.042
2093.51658,12.025,0.051
2094.52431,11.965,0.039
2096.64076,11.802,0.046
2102.48649,11.816,0.037
2102.50959,11.801,0.046
2104.50121,11.867,0.038
2106.51019,11.833,0.032
2109.54976,11.992,0.041
2115.48526,11.774,0.043
2115.59377,12.042,0.043
2117.49352,11.845,0.03
2124.46553,11.882,0.048
2124.5577,11.946,0.039
2129.46887,11.969,0.03
2133.51579,11.813,0.03
2135.52399,11.814,0.032
2141.4696,12.118,0.031
2141.52044,11.806,0.043
2143.53022,11.807,0.032
2145.50518,11.903,0.032
2158.49507,12.105,0.037
2443.54387,11.831,0.035
2452.50634,12.093,0.042
2454.55751,11.823,0.04
2459.51192,12.057,0.04
2463.53657,11.993,0.056
2464.50004,12.034,0.043
2468.49954,11.942,0.039
2470.48131,11.854,0.045
2474.46788,11.811,0.052
2482.46339,11.796,0.05
2490.51339,11.862,0.045
2493.51617,11.804,0.048
2495.54581,11.941,0.047
2499.49758,11.697,0.04
2501.50038,11.876,0.059
2502.54844,11.861,0.051
2503.55755,11.926,0.05
2508.58107,12.111,0.05
2510.53893,11.85,0.051
2512.50602,11.842,0.038
2520.54582,11.775,0.032
2521.55524,11.82,0.028
2526.47741,12.065,0.041
2535.4842,12.145,0.044
2543.48225,12.076,0.031
2629.8422,11.939,0.03
2631.86057,11.917,0.044
2635.84094,11.974,0.029
2639.84092,12.088,0.028
2643.83485,12.081,0.033
2643.8531,12.008,0.039
2646.83849,12.187,0.03
2650.82248,12.046,0.03
2650.85971,12.035,0.04
2652.84767,12.159,0.033
2653.85014,12.127,0.039
2657.86891,12.1,0.038
2660.80721,11.811,0.032
2662.85744,12.07,0.027
2663.82218,11.913,0.041
2664.83555,11.95,0.028
2666.83965,11.892,0.04
2667.82752,11.839,0.032
2670.82851,11.86,0.041
2670.836,11.865,0.029
2673.82205,11.845,0.037
2673.84935,11.908,0.04
2676.80308,11.838,0.029
2676.83533,11.816,0.038
2678.81653,11.808,0.029
2680.8234,11.781,0.03
2684.81243,11.8,0.03
2684.83942,11.771,0.038
2686.8141,11.836,0.039
2686.85272,11.787,0.039
2688.79373,11.971,0.035
2688.85428,11.801,0.037
2690.80132,11.939,0.042
2690.82463,11.76,0.042
2693.80743,11.94,0.037
2693.84048,11.786,0.038
2696.79791,11.925,0.03
2698.84759,11.826,0.04
2700.8575,11.794,0.033
2701.79882,11.941,0.038
2704.81187,11.922,0.029
2705.78795,12.117,0.038
2706.79575,12.044,0.027
2707.77952,11.99,0.038
2709.77897,12.167,0.038
2710.75436,12.015,0.03
2711.76665,12.122,0.042
2712.75212,11.966,0.035
2713.76636,12.09,0.04
2714.73908,11.82,0.034
2717.74617,11.826,0.037
2719.73425,11.791,0.039
2721.7576,11.91,0.045
2722.73584,11.861,0.034
2725.74669,11.818,0.04
2726.75223,11.832,0.03
2727.77106,11.89,0.045
2730.74635,11.848,0.032
2733.74019,11.828,0.032
2734.71446,11.835,0.038
2735.73891,11.842,0.037
2736.7285,12.138,0.043
2737.69826,11.923,0.041
2739.72286,11.811,0.033
2741.69712,11.987,0.027
2742.68462,12.042,0.041
2743.67721,12.077,0.042
2747.82312,11.982,0.035
2750.80452,11.848,0.04
2750.86049,12.169,0.027
2752.71362,11.962,0.03
2752.72263,11.951,0.042
2755.65084,11.817,0.025
2757.62915,11.908,0.04
2759.67643,11.963,0.034
2759.72658,11.987,0.043
2760.80543,11.867,0.027
2762.72294,12.161,0.039
2763.82376,11.826,0.033
2769.75241,11.937,0.033
2775.65796,11.815,0.033
2775.68607,11.883,0.058
2782.64115,11.855,0.028
2785.69042,11.785,0.025
2787.64362,12.159,0.032
2790.66903,11.816,0.029
2796.53494,11.919,0.039
2805.68066,11.841,0.044
2809.68566,11.839,0.027
2811.64211,12.097,0.032
2812.75148,11.867,0.03
2820.64755,12.112,0.028
2820.66748,12.017,0.037
2822.67404,11.971,0.032
2826.70302,11.849,0.034
2830.55084,11.896,0.033
2831.67143,12.109,0.032
2840.58368,11.861,0.029
2842.57903,12.16,0.045
2845.56978,11.856,0.032
2851.5244,12.056,0.031
2853.66256,11.867,0.035
2855.57097,11.944,0.03
2858.6353,11.799,0.029
2860.59497,11.863,0.028
2862.57194,11.976,0.03
2866.57236,12.163,0.03
2868.59039,11.966,0.037
2872.59106,12.031,0.029
2876.5074,11.795,0.03
2878.50846,11.853,0.027
2882.49933,11.849,0.035
2884.50413,11.842,0.028
2885.55395,11.932,0.031
2894.51516,11.843,0.028
2901.49806,11.853,0.047
2905.49221,11.931,0.026
2909.48591,12.203,0.049
2912.48658,12.071,0.027
2987.85509,11.868,0.033
2991.85396,11.752,0.032
3003.84995,11.869,0.032
3007.83136,11.936,0.03
3007.85609,11.86,0.041
3011.85646,11.907,0.042
3017.84502,12.003,0.027
3025.84559,12.058,0.026
3030.8466,12.107,0.027
3030.87671,11.887,0.04
3034.81539,11.918,0.029
3041.82605,11.884,0.03
3051.83649,11.853,0.028
3054.83849,11.872,0.028
3057.87212,12.02,0.029
3060.81451,12.062,0.028
3069.85022,11.835,0.03
3071.81977,11.894,0.03
3074.78525,11.882,0.029
3077.75598,12.151,0.028
3078.78867,12.051,0.037
3079.83714,11.837,0.03
3081.77622,12.153,0.038
3082.73713,11.99,0.028
3086.79358,12.077,0.029
3088.75513,11.968,0.041
3088.86048,11.826,0.041
3090.81742,12.047,0.045
3091.72665,11.873,0.029
3096.77333,12.08,0.029
3097.72789,11.825,0.04
3098.7536,11.908,0.027
3100.76294,11.922,0.03
3102.76479,11.84,0.031
3104.81204,12.035,0.027
3106.80776,12.151,0.028
3108.84565,11.979,0.027
3110.69651,11.833,0.038
3111.67668,11.996,0.027
3113.71842,11.84,0.028
3114.80075,12.004,0.038
3115.71531,11.864,0.027
3118.77102,11.778,0.029
3122.67775,12.167,0.029
3124.71362,11.915,0.028
3125.71599,11.904,0.039
3126.66876,12.02,0.03
3128.66318,12.017,0.033
3130.70281,12.101,0.029
3132.7116,11.98,0.028
3134.71249,12.001,0.03
3142.72151,12.035,0.026
3145.7215,12.123,0.033
3153.61971,11.875,0.031
3160.68408,11.86,0.031
3163.69357,11.895,0.025
3165.70216,11.838,0.029
3168.7201,11.932,0.029
3171.69075,11.888,0.028
3175.6816,11.825,0.029
3180.61675,12.064,0.028
3183.61403,12.101,0.027
3185.60785,12.091,0.027
3187.63326,12.04,0.029
3190.65128,11.96,0.029
3266.48956,11.859,0.035
3385.82073,12.01,0.035
3385.85738,11.837,0.046
3388.84436,11.881,0.037
3389.86345,11.79,0.052
3393.85361,11.856,0.039
3397.84173,12.005,0.039
3399.84859,12.007,0.042
3402.82753,12.122,0.04
3403.82738,12.149,0.036
3405.8506,12.046,0.047
3409.81554,12.02,0.049
3409.84247,12.091,0.04
3412.8343,12.071,0.035
3415.86297,12.059,0.043
3418.87671,11.993,0.044
3421.81538,11.869,0.036
3421.85537,12.063,0.057
3424.80243,11.899,0.039
3424.83611,11.857,0.05
3426.84075,11.912,0.041
3427.82592,11.855,0.046
3431.84777,11.944,0.037
3432.81491,11.743,0.043
3434.77914,11.856,0.039
3436.83062,11.9,0.041
3438.79521,12.076,0.035
3442.78998,11.894,0.032
3444.81013,11.781,0.038
3446.77492,11.902,0.042
3448.76582,12.016,0.05
3449.74117,12.325,0.042
3450.82616,11.849,0.032
3452.73721,12.104,0.045
3453.70997,11.927,0.04
3454.79427,11.971,0.035
3454.81738,11.775,0.046
3456.7915,11.91,0.036
3456.80795,11.859,0.045
3458.81092,11.87,0.042
3458.82663,11.889,0.043
3461.70412,11.835,0.036
3461.73542,11.923,0.044
3463.7761,12.055,0.033
3465.87394,11.829,0.034
3466.73885,11.929,0.041
3468.75995,12.029,0.034
3470.85049,11.791,0.032
3472.71616,11.832,0.04
3473.67873,11.845,0.032
3474.76901,12.008,0.045
3475.7747,12.037,0.036
3477.70141,11.79,0.046
3477.79131,12.186,0.032
3479.7296,11.817,0.036
3481.71377,11.841,0.032
3481.74232,11.838,0.04
3483.70721,11.835,0.037
3487.67329,11.991,0.043
3490.69774,11.955,0.032
3490.72824,11.8,0.042
3492.69257,11.927,0.034
3492.72623,11.798,0.057
3496.6924,11.963,0.034
3496.71974,11.792,0.039
3499.69423,11.877,0.043
3499.71828,11.798,0.046
3501.74356,11.838,0.047
3501.76481,11.687,0.046
3503.72562,11.914,0.03
3504.62492,11.903,0.043
3506.72931,11.863,0.036
3508.6796,12.104,0.035
3511.79575,11.868,0.03
3512.65126,11.874,0.037
3515.76353,11.84,0.034
3517.75867,11.866,0.032
3518.64333,11.822,0.057
3521.66359,11.877,0.038
3523.669,11.955,0.044
3525.69636,12.144,0.036
3529.76893,11.877,0.036
3530.56044,12.077,0.044
3539.58877,12.018,0.036
3539.60126,11.943,0.045
3544.50576,11.802,0.035
3544.52615,11.85,0.048
3547.614,11.889,0.036
3554.60618,12.177,0.041
3554.62666,11.945,0.037
3556.64231,11.892,0.028
3559.64007,11.978,0.047
3561.64032,11.901,0.041
3562.48127,11.941,0.048
3563.60858,12.073,0.03
3564.52449,11.829,0.039
3569.5746,11.93,0.032
3571.64028,12.098,0.034
3574.6479,12.053,0.033
3576.65322,12.017,0.031
3578.65571,12.065,0.03
3583.541,11.855,0.046
3585.58484,11.873,0.031
3587.5894,11.805,0.031
3589.60012,11.871,0.031
3592.50827,12.058,0.051
3594.56314,11.791,0.03
3601.58764,11.799,0.03
3603.59232,11.786,0.031
3607.50938,12.099,0.035
3616.50015,11.896,0.034
3619.49515,11.893,0.034
3621.53913,12.155,0.045
3626.51378,11.973,0.034
3630.51451,11.853,0.034
3632.51685,11.847,0.033
3641.48239,11.74,0.037
3727.84903,11.859,0.036
3734.8481,11.886,0.038
3737.86009,11.836,0.051
3738.84316,11.79,0.041
3741.8632,12.312,0.05
3742.84069,11.746,0.039
3746.83107,11.857,0.044
3749.85545,11.823,0.051
3750.83822,11.75,0.044
3753.84708,11.883,0.052
3754.81954,11.84,0.044
3757.83148,11.89,0.046
3757.83889,11.836,0.045
3760.85188,11.799,0.048
3760.86438,11.778,0.056
3764.81631,12.031,0.053
3764.83041,11.963,0.049
3769.81047,12.122,0.05
3773.79847,11.987,0.038
3773.84258,12.01,0.05
3778.81623,12.092,0.049
3781.7986,11.901,0.041
3782.86019,11.926,0.042
3787.87394,11.929,0.033
3789.80061,11.884,0.048
3790.81201,11.928,0.039
3793.79514,11.8,0.033
3795.82745,11.901,0.044
3796.79564,11.838,0.034
3798.82354,11.974,0.05
3799.78186,11.807,0.038
3802.78243,11.787,0.045
3802.78794,11.865,0.055
3804.83003,11.88,0.042
3805.81071,11.816,0.042
3807.86588,12.051,0.035
3808.79804,11.802,0.048
3810.75532,11.906,0.036
3812.82392,11.774,0.035
3815.73798,12.06,0.043
3816.76942,11.854,0.043
3817.80833,11.807,0.039
3818.88533,12.14,0.047
3820.71544,12.116,0.035
3821.75811,11.912,0.043
3822.77722,11.825,0.039
3823.84076,11.788,0.043
3825.7065,11.933,0.036
3827.77628,11.853,0.057
3828.85313,11.782,0.042
3830.70131,11.993,0.034
3831.73599,12.199,0.044
3832.7444,12.093,0.035
3833.77674,12.026,0.043
3834.72515,11.95,0.036
3835.77078,12.082,0.041
3836.74098,11.96,0.04
3837.76101,12.179,0.042
3847.74335,11.937,0.035
3847.76831,12.205,0.047
3849.71173,11.825,0.034
3849.75319,11.978,0.041
3851.71212,11.822,0.034
3851.75165,11.916,0.05
3853.76745,11.974,0.032
3853.80054,12.113,0.043
3856.64136,12.02,0.035
3856.66718,11.829,0.048
3858.78905,12.09,0.04
3860.85513,11.84,0.039
3862.6547,12.016,0.033
3862.68421,11.913,0.042
3864.65594,12.058,0.033
3866.66381,11.974,0.035
3866.67309,11.948,0.043
3868.70624,11.815,0.035
3868.70882,11.855,0.051
3870.71562,11.981,0.036
3870.71831,11.764,0.042
3872.71297,11.875,0.05
3872.71565,11.768,0.051
3875.7933,11.935,0.044
3879.62908,11.95,0.051
3881.64672,12.015,0.03
3881.65953,12,0.042
3886.60962,11.851,0.032
3888.61698,11.746,0.045
3890.59866,11.781,0.036
3890.63571,11.826,0.039
3892.60207,11.734,0.039
3892.626,11.78,0.043
3894.63649,11.792,0.032
3901.76415,11.794,0.033
3903.76549,11.823,0.032
3906.49867,11.851,0.033
3906.52723,12.017,0.041
3908.54121,12.155,0.034
3908.57551,11.896,0.042
4104.85135,11.925,0.04
4106.8473,11.842,0.045
4109.85633,11.864,0.04
4125.83969,11.791,0.047
4128.81506,11.916,0.034
4129.8339,11.803,0.042
4131.84788,11.826,0.043
4132.84966,11.729,0.053
4134.85466,11.778,0.034
4136.81606,11.941,0.04
4139.84011,11.903,0.043
4140.84136,11.856,0.042
4142.84113,11.822,0.041
4143.84648,11.851,0.037
4145.86078,11.913,0.039
4146.838,11.965,0.036
4150.83674,11.946,0.035
4152.83944,11.927,0.039
4153.80222,12.053,0.033
4155.84908,11.919,0.05
4156.79696,12.001,0.033
4158.85,11.938,0.044
4159.79518,11.931,0.031
4161.80619,12.034,0.042
4161.86158,11.873,0.034
4164.77478,11.834,0.039
4164.81707,12.131,0.048
4167.78198,11.798,0.032
4167.81555,12.08,0.041
4173.85326,12.116,0.039
4176.75882,11.894,0.037
4179.7924,11.893,0.039
4179.83532,11.93,0.043
4182.73054,11.91,0.043
4182.78099,11.794,0.04
4184.80106,11.89,0.042
4185.76249,11.775,0.042
4188.73957,11.941,0.034
4189.73164,12.011,0.04
4190.78635,11.834,0.038
4191.74952,11.851,0.039
4192.76008,11.86,0.036
4193.76298,11.868,0.039
4194.78259,11.884,0.035
4196.80633,11.636,0.048
4197.80145,11.882,0.038
4199.72514,12.093,0.047
4200.72925,12.185,0.035
4202.77694,11.849,0.038
4203.73907,12.142,0.035
4204.79679,11.835,0.04
4205.7418,12.135,0.036
4207.85196,11.86,0.038
4208.82912,11.775,0.039
4212.81282,11.77,0.044
4212.83083,11.759,0.037
4215.75176,12.092,0.038
4215.76629,12.067,0.037
4228.69474,11.805,0.036
4228.7295,11.827,0.038
4230.69323,11.836,0.037
4230.72571,11.853,0.037
4232.69417,11.756,0.034
4232.72473,11.84,0.036
4234.68647,11.79,0.034
4234.71696,11.79,0.039
4238.74813,11.847,0.042
4246.64749,12.061,0.038
4246.70093,11.767,0.035
4250.57179,11.766,0.035
4250.60425,11.86,0.037
4253.7448,11.811,0.039
4255.7766,11.895,0.036
4258.53781,11.909,0.034
4258.57052,11.747,0.038
4268.71791,11.875,0.042
4268.76317,11.804,0.037
4274.54601,12.151,0.037
4274.58184,11.84,0.039
4276.70854,12.145,0.038
4276.76866,11.738,0.041
4278.63769,11.825,0.034
4278.64523,11.857,0.037
4282.63785,11.84,0.039
4282.64418,11.83,0.047
4284.64457,11.778,0.032
4284.64762,11.812,0.042
4290.63779,11.821,0.036
4290.64088,11.812,0.036
4292.59878,11.904,0.036
4292.60189,11.939,0.036
4296.6081,11.903,0.038
4298.60958,11.893,0.044
4298.6127,11.831,0.04
4300.55886,12.097,0.037
4300.56199,12.13,0.044
4302.61266,11.947,0.033
4302.61582,11.905,0.039
4304.55448,11.987,0.039
4304.55763,12.015,0.037
4306.57138,11.999,0.034
4306.57455,12.062,0.041
4308.61373,12.035,0.04
4308.61689,11.991,0.042
4311.58002,12.109,0.034
4312.67951,11.8,0.041
4315.67681,11.777,0.037
4316.61294,12.076,0.036
4319.56747,11.864,0.038
4319.62361,12.109,0.036
4329.50523,11.878,0.037
4329.52719,11.789,0.043
4331.51397,11.897,0.039
4331.52875,11.891,0.041
4333.51736,11.819,0.033
4333.52717,11.761,0.043
4336.56105,11.795,0.038
4336.56419,11.827,0.037
4340.50252,11.947,0.039
4340.50564,11.888,0.041
4342.52839,11.869,0.035
4342.53151,11.799,0.04
4344.53715,11.843,0.037
4344.54025,11.822,0.04
4346.5385,11.852,0.032
4346.5416,11.808,0.04
4348.55308,11.83,0.039
4348.55617,11.787,0.039
4350.55792,11.84,0.04
4351.49587,12.093,0.035
4352.56869,11.811,0.035
4354.51518,12.02,0.032
4356.48967,12.045,0.039
4356.53741,11.96,0.037
4358.50244,12.152,0.039
4358.52759,12.061,0.037
4360.49209,12.034,0.041
4360.51757,12.149,0.036
4363.50958,12.172,0.037
4363.5147,12.193,0.036
4367.5167,12.093,0.04
4372.48458,11.84,0.039
4373.49253,11.832,0.042
4377.48882,11.828,0.038
4380.48779,11.836,0.042
4385.48684,11.802,0.039
4456.8553,12.094,0.042
4461.85388,12.012,0.038
4465.84586,11.949,0.043
4470.847,12.018,0.045
4478.83944,11.99,0.042
4479.85268,11.898,0.04
4482.83881,11.888,0.04
4486.81986,11.823,0.044
4486.85025,11.914,0.039
4490.82273,11.799,0.035
4490.85884,11.836,0.038
4493.84933,11.879,0.034
4494.83701,11.819,0.039
4497.86655,11.836,0.034
4498.87478,11.828,0.042
4501.81476,11.848,0.037
4502.82647,11.753,0.046
4504.84952,11.81,0.034
4505.85703,11.819,0.041
4507.87072,11.781,0.037
4510.85734,11.869,0.043
4514.86574,11.81,0.035
4516.79319,12.137,0.05
4517.84044,11.764,0.036
4519.81201,11.881,0.041
4520.80506,12.076,0.036
4522.83284,11.832,0.037
4523.79318,12.102,0.035
4525.83013,11.889,0.037
4525.85778,11.803,0.036
4528.79348,12.234,0.038
4528.8231,12.059,0.042
4531.81724,12.093,0.044
4535.78788,11.945,0.037
4535.82205,12.103,0.039
4537.8233,12.257,0.036
4538.79091,11.907,0.038
4540.75873,11.953,0.038
4540.85597,11.894,0.041
4543.73446,11.774,0.038
4543.78517,11.814,0.039
4545.79999,11.884,0.042
4545.84364,12.131,0.042
4547.78867,11.86,0.037
4548.75631,11.736,0.042
4550.73416,11.738,0.036
4551.75921,11.71,0.042
4552.7951,11.849,0.033
4554.8128,11.976,0.037
4557.71499,11.932,0.035
4558.80483,11.833,0.037
4559.78243,11.794,0.035
4561.7317,11.891,0.04
4562.68651,12.085,0.037
4563.84211,12.003,0.037
4566.76345,11.918,0.035
4568.78828,11.762,0.048
4568.8554,11.947,0.045
4570.82959,11.805,0.036
4571.67655,11.986,0.036
4572.74608,11.921,0.037
4573.71851,12.127,0.035
4574.73096,12.103,0.04
4575.72537,12.141,0.034
4576.74619,11.953,0.039
4577.87471,12.101,0.035
4579.83961,11.808,0.039
4580.70129,11.908,0.032
4583.69611,11.891,0.037
4583.84196,11.827,0.035
4586.72748,12.068,0.036
4586.77156,11.888,0.038
4588.77384,11.941,0.039
4589.62581,11.887,0.035
4590.81992,11.807,0.04
4591.67767,11.815,0.034
4593.648,11.776,0.036
4593.70971,11.879,0.034
4595.67486,11.825,0.035
4595.71261,11.863,0.036
4597.66699,11.819,0.035
4597.6937,11.807,0.036
4599.75182,12.079,0.037
4601.675,11.737,0.033
4601.72377,11.846,0.039
4603.69851,11.848,0.035
4603.73295,11.864,0.039
4607.69859,11.782,0.046
4607.73516,11.841,0.04
4610.57558,12.008,0.036
4610.60214,12.068,0.039
4612.62841,12.33,0.043
4612.65927,11.851,0.039
4616.62858,12.161,0.037
4616.66012,11.91,0.038
4618.6779,12.003,0.042
4621.81772,11.887,0.055
4624.65001,12.049,0.038
4626.56474,11.784,0.038
4626.58232,11.888,0.039
4630.59225,11.894,0.035
4630.6191,11.985,0.037
4632.62162,12.008,0.033
4632.63956,12.037,0.038
4638.71747,11.947,0.045
4638.72835,11.85,0.04
4640.68303,12.05,0.04
4640.69376,11.876,0.04
4642.66026,12.218,0.035
4642.67701,12.129,0.043
4644.68044,12.085,0.043
4644.69726,11.916,0.047
4646.68217,12.169,0.046
4646.70838,11.915,0.052
4648.72167,11.843,0.04
4648.74818,11.789,0.055
4651.55053,11.878,0.036
4651.55373,11.929,0.043
4653.5552,11.912,0.034
4653.55829,11.87,0.039
4655.53101,12.031,0.038
4655.53416,12.043,0.04
4659.61171,11.873,0.037
4659.61581,11.749,0.039
4661.69184,12.012,0.042
4662.6084,11.827,0.041
4664.51846,11.999,0.036
4664.61963,11.756,0.041
4666.58429,11.899,0.042
4666.63832,11.832,0.041
4670.54652,12.158,0.037
4670.60509,11.903,0.04
4672.56855,11.982,0.041
4672.63213,11.734,0.048
4674.63822,11.833,0.035
4675.6711,11.863,0.046
4678.57431,12.071,0.046
4681.5264,11.835,0.041
4681.58514,12.005,0.049
4683.52888,11.811,0.04
4683.58437,12.006,0.047
4685.53281,11.896,0.047
4685.56474,12.078,0.051
4687.54461,11.86,0.041
4687.55608,11.919,0.052
4691.58412,11.991,0.04
4691.59107,12.025,0.045
4694.63791,11.9,0.041
4697.50742,11.773,0.034
4698.61282,12.059,0.042
4699.52387,11.756,0.038
4700.61098,12.055,0.042
4701.52967,11.723,0.04
4702.61615,12.114,0.04
4703.53859,11.82,0.035
4705.56311,11.812,0.041
4707.58817,11.996,0.047
4708.56214,11.799,0.041
4710.54851,11.951,0.055
4715.58378,11.827,0.041
4716.49581,11.93,0.035
4720.53019,11.893,0.037
4720.53614,11.838,0.042
4724.49888,12.069,0.047
4724.50566,12.145,0.051
4730.49367,12.031,0.046
4730.50098,12.042,0.054
4734.48691,12.064,0.04
4734.4934,12.071,0.043
4738.50376,12.178,0.04
4739.486,12.037,0.034
4741.50068,12.084,0.042
4744.49494,12.094,0.052
4748.49545,11.991,0.047
4821.84779,11.927,0.036
4822.85794,11.813,0.047
4829.85469,11.928,0.043
4833.85461,12.061,0.036
4834.86007,12.002,0.041
4837.83883,12.082,0.036
4838.85597,12.071,0.037
4842.85866,12.08,0.042
4845.86342,12.065,0.035
4846.85173,12.1,0.039
4848.85596,12.089,0.035
4849.86137,12.014,0.043
4852.82429,11.876,0.04
4852.86736,12.097,0.039
4856.86177,12.054,0.033
4857.84889,12.002,0.043
4861.83975,11.882,0.043
4862.82129,11.792,0.039
4865.82653,11.848,0.036
4866.84966,11.829,0.04
4869.82022,11.823,0.035
4870.817,11.818,0.041
4872.83762,11.761,0.035
4876.82714,11.804,0.036
4877.8009,11.793,0.039
4879.83736,11.781,0.041
4881.80768,11.836,0.037
4882.82398,11.813,0.035
4884.83708,11.783,0.048
4885.81597,11.851,0.042
4887.85335,11.86,0.057
4888.80397,11.926,0.042
4891.78901,12.025,0.047
4891.79464,11.959,0.041
4895.84455,11.817,0.039
4895.87995,11.769,0.049
4899.84799,11.753,0.046
4899.88172,11.823,0.053
4903.84775,11.784,0.042
4903.87394,11.749,0.049
4906.75668,11.856,0.044
4906.78502,12.081,0.048
4914.79926,12.158,0.04
4914.82886,11.976,0.05
4917.75571,11.837,0.041
4917.78356,11.942,0.046
4919.7904,11.929,0.044
4920.75929,11.853,0.053
4924.83192,12.167,0.046
4924.8516,12.034,0.052
4928.7399,11.816,0.047
4928.77196,11.732,0.05
4931.68982,12.126,0.044
4931.72808,11.829,0.049
4935.85887,12.053,0.048
4936.6991,12.087,0.053
4938.67686,12.115,0.048
4938.76682,11.763,0.048
4940.74005,11.86,0.047
4940.87286,11.939,0.05
4945.75368,11.825,0.042
4945.79084,11.825,0.046
4947.84223,11.892,0.042
4948.68139,11.896,0.048
4950.80017,11.875,0.052
4952.72536,12.073,0.043
4952.75035,11.948,0.053
4954.69345,12.016,0.04
4954.71993,12.102,0.045
4959.67487,11.809,0.045
4959.70874,11.959,0.051
4961.85349,11.797,0.046
4962.66031,11.833,0.051
4966.65401,11.822,0.041
4967.70718,11.975,0.055
4968.70428,11.937,0.042
4969.72121,12.094,0.056
4972.77456,11.958,0.058
4973.79555,11.919,0.042
4974.85111,11.877,0.053
4984.61067,12.047,0.042
4986.63659,11.943,0.046
4988.65809,11.819,0.046
4988.67314,11.922,0.054
4993.74628,11.95,0.041
4993.75192,11.851,0.048
5006.58608,11.864,0.052
5006.61069,11.961,0.052
5015.67112,12.009,0.055
5018.69597,11.983,0.048
5018.7087,11.821,0.052
5020.71843,11.859,0.054
5022.69492,12.019,0.056
5022.70644,11.908,0.05
5024.71025,11.794,0.053
5029.58592,11.807,0.046
5029.59264,11.809,0.052
5038.5403,12.123,0.049
5038.57007,11.902,0.052
5040.55043,11.995,0.053
5042.54532,12.082,0.045
5042.55253,11.997,0.049
5047.53834,12.204,0.047
5047.57085,11.987,0.05
5049.5706,12.028,0.052
5049.59368,12.096,0.051
5067.56586,12.212,0.058
5067.58095,12.154,0.056
5069.58935,12.123,0.055
5071.60469,11.957,0.056
5084.52462,11.826,0.051
5084.53282,11.794,0.053
5086.53831,11.782,0.051
5089.50391,11.802,0.051
5089.50974,11.768,0.051
5092.50811,11.807,0.052
5110.49498,12.153,0.055
