1902.8614,8.369,0.049
1907.86709,8.68,0.046
1914.85707,8.427,0.037
1918.84546,8.49,0.041
1920.8486,8.537,0.037
1922.84192,8.55,0.038
1924.83088,8.568,0.038
1925.87475,8.365,0.038
1930.80168,8.665,0.034
1932.83179,8.677,0.032
1935.79272,8.201,0.032
1937.86902,8.22,0.032
1940.81406,8.673,0.034
1946.79686,8.547,0.036
1948.82793,8.532,0.036
1950.79681,8.484,0.036
1958.81243,8.335,0.03
1961.8233,8.589,0.03
1963.77526,8.676,0.031
1964.83716,8.27,0.031
1966.76522,8.227,0.032
1967.88934,8.669,0.033
1976.84802,8.238,0.04
1978.75067,8.319,0.04
1979.76004,8.543,0.041
1980.7449,8.398,0.058
1983.89219,8.563,0.042
1984.79228,8.482,0.047
1985.77411,8.448,0.043
1997.74559,8.255,0.045
1998.74764,8.676,0.051
2000.73699,8.735,0.048
2014.70345,8.471,0.051
2016.69777,8.417,0.051
2018.69156,8.38,0.055
2026.67766,8.288,0.035
2027.67188,8.656,0.036
2030.65948,8.231,0.038
2031.67985,8.721,0.036
2032.67025,8.269,0.04
2033.64875,8.713,0.036
2040.64712,8.288,0.053
2051.65603,8.436,0.039
2053.56271,8.317,0.039
2054.62731,8.594,0.045
2055.60678,8.408,0.039
2056.61279,8.592,0.035
2057.61243,8.297,0.038
2058.60316,8.63,0.042
2062.5797,8.735,0.041
2065.76051,8.267,0.044
2067.6031,8.205,0.037
2068.59743,8.706,0.041
2069.58424,8.478,0.039
2070.57467,8.655,0.039
2079.55485,8.498,0.037
2081.54557,8.551,0.035
2083.54815,8.57,0.04
2085.54645,8.568,0.033
2086.55735,8.316,0.036
2087.55583,8.576,0.036
2088.54076,8.334,0.037
2093.54745,8.742,0.038
2094.55185,8.354,0.039
2096.52754,8.349,0.037
2102.49816,8.254,0.036
2104.51061,8.279,0.049
2106.49924,8.447,0.039
2115.48033,8.378,0.034
2124.55998,8.638,0.042
2129.46428,8.243,0.038
2133.51113,8.371,0.036
2135.52606,8.235,0.036
2141.467,8.376,0.036
2143.52489,8.39,0.035
2158.48752,8.277,0.043
2440.57691,8.209,0.027
2441.58025,8.675,0.033
2442.56312,8.232,0.028
2443.5628,8.642,0.03
2452.53865,8.471,0.034
2454.54855,8.529,0.034
2456.53744,8.57,0.028
2459.53278,8.327,0.033
2463.54309,8.311,0.036
2464.53248,8.646,0.029
2466.51475,8.69,0.029
2468.50459,8.715,0.029
2469.52217,8.222,0.03
2490.50665,8.379,0.028
2493.51839,8.574,0.033
2497.53609,8.603,0.032
2503.47369,8.709,0.033
2508.50044,8.237,0.032
2509.55186,8.66,0.058
2520.51019,8.499,0.03
2521.52706,8.442,0.03
2635.8504,8.542,0.032
2635.85896,8.516,0.041
2642.86958,8.312,0.043
2653.85748,8.703,0.032
2658.83318,8.262,0.033
2660.83105,8.281,0.033
2661.83138,8.562,0.031
2663.84206,8.527,0.038
2668.83127,8.529,0.031
2671.84903,8.396,0.031
2674.83766,8.555,0.038
2677.8106,8.291,0.044
2679.79243,8.263,0.029
2684.85932,8.707,0.032
2686.85824,8.717,0.032
2688.85749,8.687,0.035
2690.82333,8.649,0.037
2694.89786,8.626,0.037
2697.82747,8.354,0.031
2699.84019,8.427,0.031
2701.80221,8.519,0.031
2703.80271,8.556,0.028
2705.78684,8.566,0.047
2707.79217,8.57,0.03
2709.7779,8.59,0.029
2711.78002,8.631,0.03
2713.7629,8.678,0.034
2715.7627,8.712,0.034
2723.76355,8.636,0.036
2725.74573,8.584,0.029
2727.75873,8.558,0.03
2731.86386,8.548,0.032
2736.7252,8.566,0.031
2738.73005,8.56,0.032
2740.74892,8.565,0.03
2742.68366,8.643,0.032
2743.8549,8.334,0.032
2749.809,8.234,0.033
2751.67377,8.217,0.031
2755.69518,8.24,0.029
2759.72317,8.296,0.03
2761.64665,8.425,0.029
2764.70039,8.445,0.033
2766.83031,8.511,0.033
2770.68067,8.346,0.031
2782.66288,8.218,0.025
2783.83119,8.703,0.032
2787.66541,8.652,0.031
2790.69365,8.248,0.03
2791.80582,8.67,0.04
2808.65865,8.613,0.031
2810.57895,8.708,0.029
2811.72727,8.264,0.032
2813.65472,8.223,0.031
2821.52624,8.296,0.034
2826.53679,8.491,0.029
2831.52504,8.568,0.034
2832.6402,8.43,0.034
2834.55846,8.352,0.035
2835.65583,8.539,0.035
2838.63301,8.321,0.033
2840.68763,8.328,0.032
2845.67771,8.655,0.031
2851.60193,8.723,0.025
2851.61232,8.698,0.031
2854.51569,8.289,0.029
2858.54443,8.366,0.034
2859.61818,8.543,0.035
2861.6045,8.503,0.035
2866.54613,8.576,0.03
2868.57436,8.558,0.03
2872.51876,8.646,0.028
2872.57646,8.588,0.029
2876.50474,8.703,0.03
2878.50577,8.716,0.033
2885.48901,8.251,0.03
2886.48579,8.598,0.033
2892.54567,8.536,0.039
2895.49559,8.513,0.032
2895.50179,8.518,0.028
2898.49827,8.397,0.03
2900.49326,8.355,0.027
2905.48077,8.619,0.028
2905.50519,8.607,0.033
3008.85316,8.475,0.04
3012.85717,8.542,0.047
3019.81938,8.249,0.054
3031.84663,8.222,0.035
3035.84328,8.287,0.031
3041.87004,8.427,0.038
3051.88751,8.559,0.032
3055.81794,8.663,0.038
3062.79932,8.204,0.038
3069.8071,8.557,0.035
3072.80729,8.395,0.038
3077.85102,8.431,0.037
3080.78402,8.563,0.05
3085.82583,8.287,0.036
3087.82873,8.259,0.038
3090.75582,8.792,0.038
3092.8241,8.746,0.042
3096.82764,8.707,0.035
3098.80045,8.642,0.034
3101.63703,8.408,0.055
3104.77954,8.523,0.037
3106.78033,8.499,0.04
3108.78191,8.463,0.03
3111.69879,8.574,0.041
3113.76181,8.571,0.029
3115.77453,8.563,0.034
3118.84362,8.316,0.033
3122.69176,8.215,0.031
3124.73043,8.208,0.034
3126.69162,8.214,0.034
3128.67922,8.23,0.035
3131.71174,8.616,0.045
3133.71351,8.59,0.032
3144.69255,8.806,0.026
3144.72686,8.559,0.029
3153.64954,8.221,0.03
3159.62955,8.202,0.057
3162.64097,8.632,0.035
3164.65663,8.596,0.031
3166.77164,8.641,0.032
3169.54872,8.512,0.032
3171.64189,8.493,0.029
3172.68841,8.455,0.054
3173.7443,8.427,0.036
3176.5368,8.308,0.035
3178.68101,8.34,0.043
3182.5609,8.227,0.031
3186.56537,8.214,0.036
3189.60103,8.725,0.038
3191.67811,8.731,0.04
3191.72919,8.738,0.047
3219.48064,8.21,0.031
3277.49579,8.318,0.037
3385.86284,8.536,0.048
3389.86673,8.564,0.047
3397.84878,8.701,0.042
3406.82599,8.235,0.046
3409.86548,8.584,0.041
3413.81732,8.479,0.065
3419.83734,8.451,0.049
3422.8429,8.522,0.063
3425.80914,8.269,0.048
3436.81628,8.659,0.04
3443.79755,8.271,0.042
3445.84353,8.311,0.045
3448.77916,8.469,0.046
3450.77151,8.406,0.053
3453.71403,8.552,0.041
3453.71944,8.551,0.045
3455.73279,8.589,0.042
3460.8035,8.27,0.035
3463.73544,8.726,0.041
3465.78906,8.691,0.036
3468.76435,8.217,0.038
3470.85408,8.204,0.039
3473.70678,8.574,0.034
3477.83092,8.648,0.049
3479.77518,8.506,0.035
3481.74016,8.528,0.047
3483.71169,8.402,0.042
3490.71363,8.56,0.049
3492.71874,8.664,0.046
3496.71138,8.74,0.03
3499.71331,8.238,0.045
3501.7599,8.206,0.054
3504.63099,8.551,0.059
3508.68387,8.549,0.032
3508.79003,8.593,0.032
3508.79252,8.612,0.029
3508.80561,8.663,0.036
3509.46069,8.565,0.04
3511.61099,8.541,0.032
3515.67833,8.56,0.044
3517.66198,8.559,0.043
3521.63026,8.673,0.046
3523.63429,8.644,0.041
3537.75288,8.672,0.038
3542.58056,8.459,0.052
3547.72312,8.478,0.038
3554.68857,8.571,0.034
3558.56765,8.737,0.044
3560.57276,8.692,0.059
3562.55059,8.691,0.048
3564.55138,8.668,0.035
3569.62901,8.254,0.037
3571.67051,8.262,0.041
3574.67575,8.582,0.038
3577.56346,8.494,0.035
3583.61979,8.564,0.039
3586.52827,8.284,0.048
3588.56582,8.27,0.055
3591.5115,8.703,0.043
3597.50633,8.671,0.05
3601.50919,8.613,0.041
3606.54351,8.361,0.048
3617.51822,8.303,0.041
3628.50949,8.71,0.041
3631.4955,8.256,0.044
3634.48688,8.586,0.045
3641.4877,8.455,0.04
3739.86221,8.732,0.043
3744.86414,8.208,0.058
3748.85288,8.285,0.045
3752.84909,8.361,0.047
3756.84757,8.48,0.053
3761.84161,8.355,0.046
3765.83961,8.267,0.05
3769.85629,8.583,0.052
3773.84926,8.199,0.048
3779.81619,8.273,0.054
3783.85453,8.312,0.05
3789.80505,8.498,0.039
3792.83414,8.382,0.049
3795.82499,8.565,0.038
3798.81471,8.234,0.054
3802.77973,8.213,0.053
3804.84476,8.22,0.052
3807.87683,8.729,0.042
3810.78619,8.223,0.044
3815.83089,8.601,0.047
3818.76942,8.445,0.05
3821.75605,8.44,0.051
3823.83871,8.532,0.055
3828.83505,8.605,0.049
3831.72873,8.273,0.048
3833.76613,8.3,0.052
3835.7629,8.26,0.05
3837.74975,8.333,0.045
3847.91511,8.204,0.053
3849.81265,8.308,0.039
3852.66689,8.46,0.037
3854.73224,8.433,0.057
3856.75201,8.475,0.043
3861.64746,8.582,0.038
3866.52731,8.234,0.047
3870.6819,8.213,0.041
3872.68009,8.269,0.048
3875.77027,8.687,0.041
3877.8213,8.694,0.037
3881.57113,8.491,0.04
3883.64145,8.484,0.044
3887.64132,8.437,0.038
3889.64299,8.403,0.037
3891.61936,8.34,0.038
3893.61278,8.304,0.041
3899.63202,8.253,0.054
3901.67173,8.26,0.04
3903.67253,8.209,0.043
3905.66987,8.224,0.051
3907.67527,8.245,0.038
4106.86358,8.578,0.042
4125.86785,8.273,0.037
4129.85462,8.445,0.046
4133.83454,8.588,0.049
4137.82438,8.573,0.034
4144.81471,8.226,0.038
4152.84952,8.214,0.036
4155.84374,8.65,0.058
4158.83303,8.542,0.033
4161.8138,8.49,0.039
4164.81317,8.513,0.042
4174.74881,8.735,0.046
4176.84352,8.696,0.045
4179.83336,8.23,0.04
4182.77906,8.715,0.041
4185.75417,8.229,0.037
4188.89485,8.687,0.04
4191.71585,8.368,0.035
4193.75861,8.382,0.039
4198.78267,8.399,0.057
4202.72361,8.48,0.041
4204.76911,8.31,0.036
4207.80173,8.6,0.047
4212.90595,8.274,0.053
4216.69742,8.215,0.038
4228.773,8.408,0.038
4230.77066,8.477,0.03
4232.769,8.537,0.032
4234.78385,8.544,0.049
4246.63942,8.698,0.034
4253.64381,8.28,0.038
4255.67997,8.294,0.034
4257.67859,8.358,0.046
4259.71136,8.401,0.049
4267.59554,8.566,0.04
4269.62297,8.574,0.041
4272.5806,8.225,0.032
4274.59922,8.22,0.032
4283.63681,8.626,0.039
4285.63024,8.623,0.038
4289.62979,8.535,0.032
4291.63347,8.472,0.039
4293.62305,8.459,0.029
4295.6363,8.432,0.03
4297.63014,8.384,0.041
4299.5994,8.354,0.033
4301.56085,8.316,0.039
4307.51657,8.19,0.044
4309.60889,8.262,0.047
4311.65927,8.215,0.049
4315.50061,8.295,0.036
4317.56932,8.24,0.03
4329.585,8.544,0.036
4334.48699,8.268,0.039
4338.49038,8.239,0.032
4340.55744,8.234,0.036
4342.5621,8.289,0.047
4344.56293,8.212,0.05
4346.56182,8.18,0.038
4349.50107,8.616,0.04
4351.54304,8.596,0.045
4354.53313,8.367,0.031
4362.49203,8.577,0.031
4367.49741,8.306,0.04
4375.4809,8.227,0.035
4480.84926,8.276,0.051
4486.87423,8.325,0.052
4491.83294,8.71,0.049
4499.82606,8.528,0.039
4502.84874,8.398,0.041
4506.82592,8.525,0.04
4516.7996,8.667,0.059
4519.82803,8.238,0.043
4525.88392,8.239,0.035
4528.81846,8.587,0.04
4535.80718,8.398,0.034
4538.78225,8.408,0.033
4540.84859,8.405,0.04
4543.77639,8.601,0.041
4545.83245,8.574,0.049
4547.86004,8.576,0.04
4552.816,8.262,0.037
4555.74592,8.673,0.034
4557.8206,8.686,0.033
4560.72652,8.265,0.034
4562.79254,8.264,0.034
4565.71836,8.479,0.035
4567.77213,8.528,0.041
4570.70637,8.553,0.032
4572.73369,8.562,0.038
4574.72889,8.591,0.042
4580.73813,8.655,0.037
4583.87334,8.293,0.036
4587.62906,8.225,0.043
4589.69812,8.181,0.039
4591.71007,8.219,0.037
4593.74896,8.454,0.031
4595.81316,8.259,0.031
4597.7036,8.354,0.033
4601.73068,8.467,0.034
4607.66438,8.559,0.038
4609.80495,8.57,0.038
4611.78869,8.563,0.034
4615.82829,8.591,0.038
4617.69053,8.698,0.035
4623.64382,8.636,0.033
4627.60442,8.571,0.031
4629.59143,8.516,0.032
4638.76368,8.508,0.042
4640.73637,8.547,0.035
4642.7232,8.564,0.038
4644.7439,8.595,0.04
4647.50485,8.181,0.043
4649.57046,8.224,0.047
4651.61246,8.186,0.048
4653.6358,8.188,0.031
4655.57672,8.266,0.038
4662.51189,8.483,0.039
4664.54172,8.458,0.037
4666.59293,8.477,0.035
4670.55515,8.326,0.047
4672.58136,8.325,0.037
4681.5358,8.712,0.041
4683.53673,8.698,0.046
4694.61022,8.538,0.045
4699.48602,8.43,0.06
4701.50444,8.367,0.039
4703.52398,8.365,0.041
4705.55453,8.335,0.042
4708.55578,8.626,0.04
4721.51341,8.229,0.042
4725.50671,8.252,0.053
4728.49245,8.508,0.05
4837.85618,8.672,0.039
4846.85535,8.493,0.036
4857.86268,8.286,0.044
4862.84452,8.693,0.038
4866.86477,8.705,0.038
4870.82447,8.69,0.039
4875.8576,8.341,0.039
4881.81574,8.546,0.034
4884.84819,8.364,0.045
4887.83829,8.558,0.065
4894.85173,8.238,0.046
4898.87282,8.277,0.056
4902.82813,8.225,0.063
4907.83927,8.62,0.058
4914.82066,8.529,0.063
4917.79393,8.372,0.05
4920.75048,8.587,0.057
4926.78645,8.733,0.05
4929.80595,8.226,0.059
4935.76638,8.253,0.064
4937.8173,8.291,0.053
4940.68734,8.469,0.057
4945.77589,8.562,0.058
4948.66975,8.576,0.055
4950.79787,8.383,0.058
4954.71763,8.267,0.054
4962.69313,8.196,0.063
4967.71668,8.636,0.057
4969.73059,8.631,0.051
4972.80517,8.292,0.049
4984.63132,8.618,0.064
4991.63149,8.21,0.051
4994.694,8.704,0.048
5006.70195,8.522,0.055
5009.56398,8.559,0.064
5019.60283,8.626,0.066
5021.62333,8.703,0.05
5023.62629,8.713,0.047
5025.63702,8.724,0.065
5047.62869,8.366,0.067
5057.5257,8.238,0.056
5066.53213,8.544,0.062
5080.5071,8.32,0.066
5087.49648,8.699,0.049
5090.49234,8.223,0.059
