1885.84848,12.77,0.03
1887.85405,12.211,0.031
1889.85223,12.523,0.036
1900.82714,12.36,0.029
1903.82898,12.489,0.033
1905.83771,12.787,0.031
1907.83418,12.187,0.03
1914.78805,11.906,0.032
1914.86456,12.204,0.036
1915.86797,12.199,0.033
1918.81108,12.149,0.033
1918.85496,11.695,0.039
1920.80727,12.493,0.033
1920.86491,12.535,0.039
1922.80115,12.585,0.032
1922.85572,12.758,0.037
1924.79234,11.961,0.033
1924.84971,12.211,0.039
1925.8405,12.508,0.043
1926.8392,12.651,0.029
1928.8773,12.355,0.032
1928.87923,11.919,0.04
1930.78276,12.395,0.033
1930.84797,12.538,0.037
1932.77342,12.605,0.032
1932.84485,12.661,0.038
1935.72545,12.564,0.03
1935.80823,12.591,0.038
1937.81083,12.301,0.037
1938.82082,11.701,0.038
1939.81268,12.491,0.034
1945.88994,11.846,0.038
1946.81755,12.548,0.042
1947.82614,12.237,0.037
1948.8492,11.994,0.043
1949.78472,12.574,0.056
1950.84859,12.479,0.054
1953.77336,12.348,0.044
1953.8001,12.47,0.044
1954.79302,12.064,0.045
1954.81513,12.139,0.047
1955.78937,12.289,0.04
1955.82968,11.687,0.044
1955.88996,11.821,0.037
1958.87918,12.146,0.046
1961.77885,11.908,0.048
1961.83731,12.169,0.051
1962.84312,12.254,0.047
1963.80354,12.52,0.045
1964.79429,12.089,0.041
1964.85775,12.341,0.044
1965.77385,12.374,0.041
1966.77807,12.677,0.045
1966.78444,12.587,0.05
1967.80581,12.44,0.043
1968.77854,11.745,0.046
1968.79087,11.77,0.051
1971.79686,12.041,0.057
1976.81654,12.336,0.049
1976.86347,12.587,0.046
1977.73091,12.232,0.052
1978.80092,11.918,0.055
1978.81078,11.932,0.049
1979.82431,12.524,0.051
1980.7579,12.403,0.053
1981.73596,11.733,0.048
1981.78634,12.073,0.051
1982.73401,12.388,0.047
1982.7562,12.793,0.048
1984.73105,11.985,0.052
1984.80597,12.338,0.051
1984.84907,12.215,0.044
1985.73223,12.568,0.047
1985.80278,11.703,0.05
1993.74588,12.347,0.048
1993.83381,12.265,0.049
1994.78227,12.2,0.053
1995.75343,11.675,0.051
1995.7674,11.586,0.047
1996.77532,12.441,0.049
1997.77048,12.305,0.048
1998.69967,11.662,0.051
1998.76773,11.852,0.048
2000.77119,12.295,0.049
2008.6814,11.684,0.059
2009.72082,12.396,0.058
2014.74005,12.407,0.059
2016.72154,12.481,0.05
2025.62123,12.714,0.027
2025.71987,11.668,0.038
2026.64076,12.612,0.029
2027.6327,12.273,0.027
2027.70017,12.41,0.038
2030.61698,12.375,0.026
2030.68328,12.464,0.037
2031.63848,11.854,0.028
2031.69809,12.049,0.037
2032.61506,12.651,0.025
2032.6874,12.695,0.037
2033.60733,12.518,0.026
2033.68156,12.517,0.036
2034.60047,12.001,0.028
2037.62675,12.297,0.035
2037.65993,12.285,0.039
2040.62393,12.44,0.054
2040.67781,12.571,0.052
2052.5636,12.501,0.029
2052.61109,12.68,0.035
2053.65535,12.526,0.035
2054.59297,12.027,0.038
2054.65397,12.237,0.049
2055.57138,12.736,0.031
2055.63126,12.356,0.038
2056.58309,12.571,0.026
2056.63509,12.562,0.036
2057.57149,12.21,0.03
2057.62944,12.349,0.042
2058.56572,12.478,0.029
2058.63224,11.723,0.036
2067.53628,12.097,0.03
2067.60567,12.399,0.037
2068.55009,12.35,0.032
2068.60899,11.72,0.037
2069.55267,12.569,0.034
2069.61376,12.539,0.035
2070.54987,12.391,0.031
2070.60201,12.471,0.036
2079.51244,12.493,0.042
2079.57138,13.906,0.046
2081.57649,11.859,0.035
2082.60338,12.836,0.04
2083.51944,12.515,0.037
2085.52234,12.738,0.029
2085.56999,12.564,0.036
2086.57309,12.618,0.04
2087.48584,12.155,0.032
2088.56671,11.69,0.038
2093.4884,12.468,0.034
2093.52042,12.479,0.04
2094.55803,12.156,0.041
2094.60078,12.319,0.03
2102.46811,12.666,0.034
2103.54688,12.58,0.042
2104.52133,12.163,0.036
2104.54668,12.082,0.037
2105.53903,12.613,0.039
2106.52364,12.568,0.034
2106.54776,12.625,0.037
2115.50101,12.847,0.036
2115.59616,11.768,0.038
2116.51575,12.528,0.04
2117.49599,12.33,0.028
2117.51914,12.386,0.039
2124.49072,12.066,0.039
2125.46366,12.766,0.036
2128.4875,11.637,0.038
2129.47172,12.642,0.037
2130.50258,12.508,0.036
2131.51234,11.975,0.03
2132.5078,12.743,0.038
2133.52117,12.604,0.034
2134.50406,12.123,0.038
2135.54099,11.68,0.034
2136.50043,12.574,0.039
2141.47522,11.871,0.035
2141.50334,12,0.038
2144.47199,12.107,0.033
2145.49329,12.034,0.042
2158.50113,11.891,0.038
2169.51052,12.711,0.049
2178.50413,12.036,0.05
2185.50958,11.996,0.051
2204.49717,12.4,0.052
2248.85311,11.86,0.051
2440.54555,12.297,0.042
2440.59114,12.424,0.046
2442.53629,12.422,0.043
2442.59751,12.676,0.045
2443.53833,12.451,0.04
2446.59856,12.599,0.037
2452.4988,12.444,0.045
2454.50857,12.097,0.054
2454.57254,12.135,0.047
2456.50889,12.387,0.043
2456.55684,12.472,0.042
2459.562,12.609,0.054
2462.54081,12.537,0.05
2464.5644,12.106,0.044
2465.55462,12.103,0.049
2466.51628,12.338,0.04
2466.5418,12.476,0.045
2467.54898,12.266,0.043
2468.51073,11.695,0.043
2468.54349,11.741,0.041
2469.53787,12.58,0.049
2470.49714,12.279,0.047
2470.55312,12.358,0.05
2473.53012,12.395,0.052
2481.49753,11.885,0.055
2487.61001,12.28,0.047
2490.48736,12.341,0.052
2490.51841,12.338,0.044
2493.49019,12.565,0.052
2495.49579,12.185,0.05
2497.50336,12.338,0.046
2498.51126,11.803,0.042
2499.47394,12.468,0.052
2501.48592,11.79,0.053
2502.51683,12.494,0.044
2502.53401,12.487,0.046
2503.53084,12.566,0.043
2503.54314,12.505,0.05
2508.57982,12.169,0.05
2510.53775,12.468,0.056
2510.6297,12.556,0.042
2512.50488,12.708,0.046
2512.51237,12.526,0.053
2519.58223,11.97,0.06
2520.57831,12.54,0.038
2521.588,12.391,0.037
2524.48983,12.209,0.042
2524.57611,12.303,0.049
2526.51776,12.553,0.05
2526.61378,12.508,0.04
2535.5706,12.042,0.045
2545.48505,11.75,0.027
2545.50627,12.719,0.036
2547.51187,12.593,0.034
2552.50588,11.6,0.044
2554.50461,12.259,0.054
2558.49478,12.122,0.049
2559.5162,12.09,0.048
2560.52296,12.534,0.034
2562.52103,11.86,0.036
2566.49534,12.733,0.042
2623.84913,12.559,0.026
2628.85374,11.592,0.037
2635.82295,12.745,0.026
2639.82048,12.6,0.024
2642.84764,12.601,0.044
2646.79347,12.544,0.027
2650.78763,12.341,0.03
2651.84614,12.049,0.037
2652.82702,12.534,0.04
2655.85646,11.69,0.037
2657.81137,12.206,0.033
2659.81751,12.538,0.032
2659.83111,12.619,0.036
2661.83614,12.001,0.037
2662.84994,12.601,0.039
2663.83182,12.568,0.032
2664.85177,12.387,0.037
2665.8579,11.579,0.037
2667.85295,12.482,0.042
2668.85908,11.946,0.032
2671.81548,11.969,0.04
2671.83392,12.184,0.042
2674.81635,12.25,0.024
2674.84595,12.264,0.042
2677.77516,12.177,0.036
2679.81416,12.545,0.041
2681.79781,12.591,0.032
2683.79061,12.428,0.029
2685.78875,11.913,0.027
2685.80704,11.679,0.043
2689.78382,12.655,0.029
2689.8384,12.626,0.045
2691.77426,12.331,0.029
2693.84686,12.844,0.032
2694.79102,12.272,0.038
2697.85649,12.584,0.04
2698.77656,11.832,0.026
2699.87765,12.009,0.042
2700.82601,12.57,0.036
2701.83785,12.257,0.045
2704.79429,12.26,0.034
2704.81238,12.34,0.036
2706.81238,12.546,0.038
2710.79224,12.439,0.044
2712.73688,12.589,0.042
2712.7929,12.105,0.044
2714.7261,12.21,0.032
2714.78333,12.264,0.045
2717.72471,12.305,0.034
2717.80604,12.723,0.051
2720.67545,12.298,0.03
2720.7226,12.442,0.043
2722.71574,12.612,0.03
2722.76436,12.329,0.047
2724.72852,12.071,0.045
2724.77164,12.336,0.04
2726.77966,12.677,0.044
2727.74209,12.289,0.04
2728.77169,12.031,0.047
2730.77611,12.499,0.045
2731.83358,12.326,0.04
2733.76766,12.604,0.039
2734.65272,12,0.027
2735.76419,11.785,0.045
2736.69946,12.563,0.034
2737.73451,12.391,0.042
2738.70879,11.792,0.043
2740.72084,12.452,0.034
2742.63484,12.515,0.034
2743.7104,12.502,0.049
2743.79065,12.463,0.039
2744.82646,12.465,0.047
2749.83432,11.7,0.029
2749.85577,11.813,0.052
2751.61764,11.69,0.033
2751.70196,12.13,0.048
2754.70962,12.378,0.047
2755.64435,12.449,0.034
2755.86217,12.254,0.035
2756.82322,12.362,0.03
2757.70714,12.476,0.044
2758.80293,12.175,0.031
2759.75643,12.541,0.037
2760.67277,12.364,0.048
2761.68926,12.179,0.046
2761.84187,12.367,0.041
2763.63092,12.443,0.037
2764.72714,12.293,0.04
2766.73882,12.59,0.03
2775.73246,11.793,0.049
2775.78182,12.209,0.047
2782.78139,12.448,0.027
2783.63214,12.503,0.045
2784.65848,12.259,0.038
2784.8774,12.669,0.036
2785.78363,12.216,0.027
2786.61558,12.511,0.046
2787.7351,12.52,0.028
2787.77926,12.579,0.055
2790.90406,12.064,0.036
2794.5684,12.029,0.043
2794.61975,12.224,0.04
2809.59501,12.484,0.042
2810.75425,12.613,0.03
2810.77788,12.526,0.039
2812.58233,12.526,0.043
2812.59883,12.608,0.046
2813.75221,12.757,0.03
2813.76485,12.651,0.041
2819.62726,12.585,0.036
2819.68385,11.919,0.039
2821.62802,12.067,0.039
2821.67103,12.296,0.048
2835.70919,12.179,0.039
2836.56271,12.394,0.036
2838.70008,12.296,0.039
2840.73507,12.663,0.035
2841.6698,12.551,0.032
2853.51638,12.534,0.035
2854.71061,12.489,0.033
2858.6054,12.252,0.043
2860.58114,12.475,0.028
2861.62957,12.35,0.034
2862.55818,11.871,0.031
2866.60453,12.906,0.03
2875.51938,11.655,0.029
2878.56414,12.081,0.038
2882.56986,11.747,0.034
2883.52959,12.534,0.04
2884.55868,12.55,0.028
2885.52994,11.838,0.041
2888.55722,12.154,0.038
2896.51548,12.626,0.031
2898.51798,12.08,0.027
2900.513,12.627,0.026
2904.50504,12.462,0.038
2908.48964,12.042,0.027
2908.56464,12.367,0.037
2910.55746,12.665,0.038
2911.48823,12.243,0.028
2912.54765,11.846,0.036
2922.51814,11.78,0.035
2928.50874,12.198,0.035
2930.51835,12.62,0.035
2933.50417,12.624,0.035
2986.85145,12.632,0.027
2989.85426,12.642,0.033
3016.86424,12.428,0.031
3019.84442,12.918,0.034
3030.81825,12.921,0.027
3031.86669,12.294,0.044
3035.85811,11.799,0.034
3041.81775,12.085,0.029
3043.82443,12.495,0.032
3057.85523,12.502,0.028
3060.78993,12.525,0.026
3066.85314,12.763,0.026
3066.8654,12.661,0.036
3069.76372,12.554,0.031
3072.83126,11.63,0.035
3074.73405,12.17,0.027
3075.85679,12.046,0.035
3076.80931,12.927,0.027
3078.81135,12.027,0.034
3078.86564,12.231,0.033
3085.79606,11.874,0.032
3087.79756,12.624,0.042
3089.78824,12.797,0.039
3090.71016,12.909,0.033
3092.78288,11.652,0.033
3096.75849,12.527,0.03
3097.73118,12.461,0.038
3103.84011,12.699,0.037
3104.80477,12.469,0.029
3106.74299,12.604,0.033
3108.79412,12.218,0.04
3108.8075,12.322,0.025
3111.73141,12.293,0.037
3113.78939,12.578,0.048
3115.84106,12.28,0.042
3128.64974,11.766,0.033
3130.68853,12.405,0.041
3132.69962,11.914,0.028
3134.70203,12.719,0.027
3142.71466,12.243,0.026
3142.82194,12.191,0.034
3145.71461,11.91,0.029
3146.60224,12.637,0.033
3153.71333,12.642,0.026
3156.58265,12.569,0.027
3158.7277,12.832,0.03
3158.79098,12.267,0.043
3160.74115,12.513,0.036
3163.74965,12.655,0.028
3166.75009,12.186,0.035
3169.50623,12.545,0.038
3175.76168,12.258,0.028
3178.55312,11.674,0.027
3178.58437,11.851,0.034
3180.6646,12.619,0.027
3180.68905,12.625,0.035
3183.63731,12.829,0.027
3185.63085,11.829,0.029
3187.67491,12.472,0.036
3362.85698,12.72,0.039
3387.85247,12.544,0.049
3389.87336,12.736,0.044
3391.80694,11.959,0.032
3395.83722,11.723,0.036
3396.84469,12.702,0.039
3398.82927,11.952,0.038
3399.85859,12.79,0.051
3402.82017,12.404,0.034
3403.85451,12.703,0.047
3405.83206,11.812,0.044
3406.86683,12.813,0.04
3408.82932,12.051,0.04
3411.8261,12.241,0.037
3414.80944,12.337,0.032
3417.81212,12.443,0.043
3417.82801,12.485,0.047
3420.78183,12.63,0.038
3423.86303,12.566,0.042
3425.82577,11.88,0.038
3426.82366,12.686,0.046
3427.83626,12.566,0.044
3431.82516,12.314,0.038
3432.84045,11.72,0.039
3433.88107,12.701,0.039
3438.76913,11.963,0.04
3442.76749,12.023,0.045
3444.7955,12.503,0.039
3446.81994,12.798,0.042
3446.83899,12.73,0.03
3449.71446,12.82,0.042
3449.79991,12.529,0.054
3449.81769,12.11,0.043
3452.71875,12.763,0.05
3452.74385,12.307,0.034
3452.82799,11.886,0.046
3452.83091,11.843,0.035
3454.76809,12.371,0.038
3454.83803,12.518,0.044
3456.76831,12.539,0.038
3456.8247,12.641,0.04
3458.78425,12.101,0.034
3458.83515,12.397,0.043
3460.79478,12.554,0.032
3463.68583,12.833,0.036
3464.75981,12.475,0.038
3465.74562,11.828,0.032
3466.83136,12.528,0.043
3468.73427,12.063,0.032
3469.78989,11.961,0.036
3470.76988,12.467,0.033
3472.75131,11.644,0.04
3473.65379,12.503,0.035
3474.841,12.595,0.046
3475.73925,11.858,0.034
3477.7391,12.501,0.044
3477.74614,12.51,0.032
3479.70024,12.744,0.044
3481.7,12.743,0.032
3481.76734,12.382,0.038
3483.75744,12.602,0.039
3487.66477,12.321,0.033
3490.67701,12.454,0.04
3490.75798,12.587,0.041
3492.67503,12.515,0.034
3496.67704,12.503,0.041
3496.75232,12.659,0.043
3499.67958,12.766,0.051
3499.76172,11.698,0.051
3501.71374,12.369,0.041
3503.70327,12.565,0.036
3504.67115,12.372,0.046
3506.71096,12.639,0.05
3508.88227,12.571,0.034
3509.70288,12.456,0.032
3511.73835,12.334,0.029
3515.73953,12.068,0.031
3515.74567,12.162,0.036
3517.73316,12.626,0.029
3517.73945,12.523,0.041
3521.63658,12.217,0.039
3521.68356,12.413,0.043
3523.64156,12.658,0.034
3523.6898,12.653,0.046
3525.66881,11.972,0.03
3525.71788,12.16,0.04
3529.66367,12.682,0.044
3538.63295,12.05,0.03
3538.69115,12.369,0.034
3540.65002,12.642,0.037
3540.68734,12.697,0.036
3543.61377,12.471,0.031
3544.78582,12.555,0.04
3550.64922,12.637,0.041
3552.69742,12.067,0.028
3555.69104,12.17,0.028
3558.63394,12.159,0.036
3558.69555,12.485,0.042
3560.63239,12.867,0.036
3560.70505,12.807,0.031
3562.64433,11.825,0.034
3563.50113,12.535,0.034
3564.58317,12.399,0.036
3570.59081,12.567,0.029
3570.65243,12.581,0.037
3573.65289,12.602,0.036
3573.70285,12.66,0.039
3575.67082,12.173,0.028
3575.71597,12.363,0.034
3577.74108,12.691,0.036
3578.5569,12.474,0.025
3584.57318,12.514,0.026
3584.61089,12.505,0.035
3586.60814,12.753,0.03
3586.63099,12.537,0.038
3590.7009,12.853,0.039
3591.53107,12.622,0.028
3593.50275,12.591,0.035
3593.5433,12.656,0.029
3601.56102,12.443,0.03
3602.62646,12.065,0.036
3603.56779,12.684,0.027
3609.50665,12.91,0.049
3618.49954,12.207,0.025
3618.52319,12.178,0.035
3620.53691,12.756,0.03
3620.54703,12.66,0.052
3622.57013,11.959,0.042
3626.60468,11.747,0.036
3630.49949,12.596,0.03
3630.56356,12.615,0.036
3632.56994,11.986,0.035
3633.49722,12.574,0.028
3635.55291,12.285,0.049
3639.55439,11.765,0.039
3642.49041,11.701,0.035
3642.55483,12.043,0.041
3646.54833,12.224,0.038
3649.51531,11.685,0.054
3651.51735,12.463,0.036
3654.53026,12.726,0.035
3658.50844,12.229,0.034
3661.50277,12.499,0.037
3664.4987,12.548,0.037
3725.857,11.747,0.033
3733.84708,12.574,0.034
3737.8377,12.414,0.035
3741.82759,12.385,0.035
3745.82045,11.729,0.034
3747.86201,12.459,0.042
3749.81444,12.749,0.041
3751.86074,12.244,0.042
3753.80518,12.54,0.037
3755.85599,11.777,0.042
3757.80987,12.567,0.038
3758.86415,12.103,0.043
3760.8353,12.618,0.044
3762.86177,11.565,0.049
3763.84607,12.699,0.047
3767.80514,12.648,0.035
3770.84845,12.888,0.042
3774.78767,12.356,0.034
3774.83265,12.504,0.041
3778.77324,11.815,0.039
3780.83498,12.763,0.043
3782.84537,11.724,0.042
3788.85735,12.275,0.038
3791.79973,12.448,0.041
3794.80772,12.608,0.037
3795.8505,12.089,0.042
3797.7715,12.632,0.038
3798.84812,12.291,0.043
3800.75716,12.671,0.037
3802.81684,11.736,0.045
3803.76431,12.752,0.047
3805.82563,12.153,0.041
3806.73323,12.631,0.036
3808.82806,12.138,0.042
3809.76638,12.718,0.039
3811.80004,12.293,0.038
3811.82721,12.593,0.045
3814.72724,12.455,0.044
3814.81899,12.415,0.048
3816.77434,12.749,0.034
3817.79768,12.542,0.044
3818.89028,12.56,0.029
3820.78509,12.571,0.041
3821.71452,12.684,0.034
3823.76255,12.589,0.034
3823.77747,12.592,0.043
3825.81034,12.073,0.037
3825.84828,12.276,0.048
3828.68538,11.889,0.039
3828.76634,12.221,0.043
3830.76674,12.514,0.034
3831.75714,12.402,0.04
3832.73915,11.711,0.034
3833.81742,12.579,0.039
3834.71722,12.336,0.036
3835.80808,12.131,0.041
3836.7264,12.774,0.04
3837.82745,12.63,0.042
3848.79169,12.338,0.045
3850.72586,12.649,0.029
3850.80767,12.697,0.036
3852.74969,11.787,0.028
3852.83828,12.205,0.038
3855.60705,12.51,0.051
3859.7069,12.66,0.045
3859.77013,11.725,0.037
3861.69371,12.223,0.031
3861.76229,12.502,0.037
3863.65401,12.579,0.035
3863.74299,12.628,0.036
3865.66057,11.754,0.033
3865.72068,11.971,0.038
3867.69207,12.856,0.03
3869.71522,12.072,0.034
3869.73546,11.689,0.041
3871.7065,12.328,0.029
3871.73444,12.415,0.04
3874.80006,12.613,0.034
3874.82382,12.588,0.035
3877.55999,12.322,0.038
3877.64737,12.553,0.042
3880.69299,12.665,0.036
3882.64344,12.05,0.033
3882.72407,11.908,0.035
3886.75195,11.962,0.031
3887.66977,12.52,0.04
3889.66985,12.395,0.04
3891.65211,12.377,0.038
3892.71974,11.991,0.035
3893.63394,12.547,0.038
3894.6932,12.496,0.033
3896.67786,12.692,0.047
3898.70828,12.206,0.038
3900.53783,12.392,0.034
3902.57155,12.654,0.033
3902.72837,12.116,0.034
3904.59044,12.331,0.029
3904.7567,12.561,0.037
3906.60727,12.776,0.039
3906.75275,11.67,0.035
3908.59959,12.086,0.027
3908.82127,12.605,0.034
3912.73876,12.186,0.033
3981.55092,12.417,0.033
3981.58663,12.48,0.042
4104.8245,12.265,0.037
4107.85038,12.387,0.049
4121.80082,12.082,0.035
4126.85753,12.874,0.038
4127.84755,12.625,0.031
4131.79542,12.612,0.035
4134.81741,12.422,0.033
4134.82933,12.379,0.036
4137.81797,12.595,0.036
4140.81389,12.637,0.033
4142.82232,11.705,0.032
4143.82016,12.588,0.035
4145.88829,12.086,0.037
4150.8266,12.862,0.037
4152.86633,11.928,0.038
4153.79785,12.676,0.042
4156.78618,12.581,0.043
4156.83018,12.768,0.042
4159.76877,12.745,0.032
4159.8754,11.741,0.036
4161.84657,12.463,0.035
4162.86057,11.909,0.042
4163.8201,12.67,0.044
4165.8499,12.109,0.043
4166.80965,12.666,0.034
4168.84499,12.29,0.039
4172.80476,11.749,0.032
4174.77407,12.46,0.036
4175.73692,11.622,0.037
4177.80831,12.596,0.037
4180.80468,12.841,0.051
4181.71454,12.049,0.039
4183.77599,12.573,0.033
4183.80177,12.8,0.048
4185.80204,12.069,0.036
4186.84844,11.919,0.039
4189.69239,12.635,0.034
4189.77113,12.287,0.041
4191.71633,12.126,0.035
4193.72223,12.629,0.032
4193.793,12.764,0.04
4196.77743,12.681,0.041
4196.81831,12.377,0.044
4199.75148,12.256,0.038
4202.72649,11.635,0.039
4202.82282,12.038,0.049
4204.7482,12.58,0.034
4204.831,12.573,0.038
4207.77277,12.616,0.032
4207.87167,12.589,0.037
4215.72675,11.988,0.038
4216.74793,12.673,0.04
4227.68426,12.58,0.041
4227.75701,12.583,0.037
4229.68782,12.556,0.031
4229.7588,11.702,0.043
4231.69709,12.238,0.038
4231.7621,12.523,0.04
4233.69663,12.448,0.04
4233.76159,12.807,0.035
4235.69392,12.062,0.028
4238.64927,12.097,0.047
4246.60156,12.436,0.038
4246.80224,11.813,0.037
4250.71098,12.58,0.037
4253.68818,12.436,0.038
4253.78199,12.093,0.048
4255.71274,12.14,0.033
4256.60906,12.671,0.035
4257.7144,12.349,0.037
4268.58001,12.061,0.038
4272.70302,12.033,0.036
4273.6438,12.721,0.039
4274.69881,12.619,0.037
4276.57125,12.645,0.036
4277.62111,12.405,0.03
4278.61176,12.171,0.041
4283.71836,12.681,0.035
4283.7532,11.795,0.04
4285.68233,12.288,0.034
4285.74284,12.433,0.038
4289.67919,11.83,0.035
4289.73333,12.081,0.037
4291.67831,12.355,0.034
4291.73382,12.594,0.035
4293.66649,12.736,0.032
4293.72254,12.057,0.035
4295.7324,12.493,0.034
4297.67287,12.397,0.031
4299.64891,11.713,0.029
4301.60316,12.627,0.035
4301.65069,12.571,0.045
4303.61068,12.483,0.032
4303.64069,12.617,0.035
4305.60663,12.033,0.03
4305.61762,12.146,0.036
4307.60842,12.565,0.031
4307.61522,12.671,0.036
4311.70123,12.843,0.046
4312.56159,11.774,0.038
4315.51131,11.801,0.048
4315.56755,11.967,0.033
4317.57935,12.521,0.042
4317.62898,12.39,0.033
4330.51946,12.567,0.031
4330.5989,12.661,0.035
4332.5348,11.766,0.03
4334.55051,12.557,0.031
4338.58131,12.179,0.036
4338.61582,12.453,0.039
4341.52583,12.348,0.034
4341.53504,12.33,0.036
4343.53589,12.528,0.03
4343.54507,12.718,0.045
4345.55526,12.44,0.04
4345.5644,12.146,0.037
4347.5501,12.456,0.036
4347.56654,12.762,0.044
4349.54797,11.64,0.039
4349.55795,11.701,0.038
4351.56392,12.561,0.039
4352.51147,11.784,0.03
4354.5497,12.506,0.036
4356.57012,11.858,0.038
4357.5169,12.428,0.03
4358.55442,12.474,0.038
4359.50781,11.803,0.031
4360.55748,12.571,0.04
4361.51142,12.264,0.035
4362.59808,12.25,0.035
4364.5799,12.594,0.038
4371.48359,12.457,0.035
4373.50644,12.614,0.036
4376.53528,11.915,0.036
4379.49663,11.674,0.033
4382.49761,11.899,0.034
4385.49696,12.154,0.035
4387.50866,12.592,0.037
4389.51078,11.815,0.039
4436.85371,12.517,0.04
4455.84893,11.635,0.033
4459.84369,12.837,0.037
4463.85759,12.717,0.033
4467.83695,12.532,0.041
4478.82466,12.083,0.039
4482.82305,12.01,0.035
4486.80542,12.457,0.033
4488.83935,12.097,0.038
4490.80317,12.45,0.029
4492.84097,11.634,0.041
4493.83213,12.65,0.031
4497.84354,12.535,0.034
4499.8461,12.094,0.052
4503.83765,12.599,0.04
4504.79762,12.447,0.03
4506.85053,12.642,0.05
4507.82226,12.422,0.034
4510.81801,12.538,0.037
4510.83662,12.582,0.041
4514.8556,12.648,0.035
4517.80818,12.47,0.034
4519.83804,11.768,0.034
4519.84265,11.627,0.046
4522.78273,11.657,0.031
4522.84876,11.909,0.035
4524.84901,12.507,0.03
4525.8443,12.128,0.039
4527.76665,12.434,0.033
4528.85888,12.474,0.041
4530.75423,12.687,0.03
4531.84892,12.496,0.043
4533.82157,12.728,0.033
4535.84763,12.233,0.039
4536.75544,12.512,0.029
4538.80749,12.246,0.03
4538.83273,12.435,0.036
4541.72337,12.195,0.03
4541.80988,12.535,0.036
4543.79355,12.622,0.031
4545.76342,11.971,0.038
4546.82777,12.097,0.038
4547.77762,12.512,0.033
4548.87195,12.541,0.038
4550.70789,12.408,0.031
4551.78547,12.396,0.041
4552.7674,11.798,0.03
4554.78821,12.473,0.037
4557.69324,12.6,0.03
4559.75115,12.033,0.031
4559.75798,11.945,0.038
4561.80027,12.426,0.029
4561.82887,12.47,0.035
4564.67073,12.242,0.032
4564.76381,12.516,0.042
4566.72897,12.645,0.035
4566.84177,11.751,0.038
4569.74233,12.008,0.035
4570.807,12.645,0.03
4571.7703,12.473,0.04
4572.69561,11.71,0.034
4573.76357,12.628,0.036
4574.68458,12.244,0.032
4576.70795,12.611,0.032
4578.81209,12.439,0.039
4579.809,11.779,0.03
4583.64716,12.649,0.03
4585.71309,12.013,0.036
4586.66427,12.586,0.035
4588.69662,12.12,0.033
4589.85756,12.222,0.035
4590.76572,12.583,0.036
4592.68074,11.738,0.035
4592.84318,12.282,0.032
4594.72915,12.607,0.036
4594.7703,12.601,0.032
4596.74013,12.516,0.034
4596.80192,11.695,0.028
4599.58546,12.684,0.032
4599.66197,12.634,0.039
4601.63052,12.155,0.03
4601.70112,12.407,0.034
4603.65512,12.464,0.032
4603.71943,12.745,0.038
4607.74265,12.585,0.039
4610.57059,12.614,0.033
4610.63605,12.535,0.038
4612.61991,11.816,0.047
4612.67817,11.918,0.041
4616.79964,11.903,0.035
4617.65343,12.532,0.041
4620.53612,12.451,0.036
4620.6676,12.791,0.045
4622.75016,12.101,0.038
4622.83295,12.428,0.038
4630.66069,12.545,0.03
4630.68514,12.549,0.035
4632.66711,11.941,0.03
4632.68318,12.086,0.035
4639.6628,11.703,0.036
4639.73986,12.024,0.035
4641.68451,12.452,0.03
4641.73891,12.528,0.035
4643.68029,12.618,0.036
4643.73795,11.995,0.04
4645.68688,12.494,0.053
4647.78951,13.007,0.044
4648.55515,12.044,0.034
4650.62779,12.581,0.028
4652.58739,11.76,0.035
4652.64971,12.024,0.028
4654.56884,12.442,0.037
4654.6229,12.515,0.049
4656.56376,12.598,0.035
4656.60599,12.767,0.029
4658.64323,12.553,0.04
4658.65765,12.31,0.035
4661.54371,12.173,0.033
4661.54693,12.214,0.037
4663.61436,12.733,0.035
4663.62555,12.795,0.038
4665.67873,12.326,0.04
4665.68549,12.384,0.037
4667.70444,12.623,0.035
4671.60235,12.36,0.048
4671.61334,12.506,0.032
4677.61569,12.573,0.043
4677.62642,12.622,0.048
4679.63058,11.845,0.035
4679.63883,11.869,0.046
4682.61268,12.099,0.052
4682.62144,12.081,0.047
4684.57947,12.489,0.037
4684.60495,12.513,0.035
4686.55471,12.717,0.037
4686.56279,12.767,0.035
4690.57884,12.624,0.034
4694.55029,12.388,0.041
4697.64333,12.472,0.035
4698.55174,12.267,0.033
4700.55636,12.669,0.034
4701.6347,12.544,0.038
4702.57276,11.999,0.031
4703.63741,11.919,0.042
4704.55983,12.532,0.037
4706.58664,11.818,0.05
4709.53784,11.712,0.04
4716.62714,11.783,0.036
4721.57319,12.687,0.043
4722.49919,11.799,0.031
4724.61031,12.795,0.038
4726.49652,13.028,0.039
4729.49115,11.724,0.039
4730.51898,12.631,0.036
4733.48958,12.729,0.036
4733.54785,12.719,0.037
4737.55297,12.678,0.041
4743.52299,12.767,0.043
4745.53705,12.362,0.043
4748.53564,12.533,0.042
4755.51049,12.31,0.041
4758.50819,12.511,0.044
4820.84427,12.475,0.033
4824.84657,12.377,0.029
4828.85096,12.001,0.03
4836.84142,12.578,0.035
4838.86222,12.248,0.036
4843.86383,12.492,0.039
4844.84402,12.427,0.033
4847.86762,12.638,0.035
4848.80647,12.064,0.037
4850.86113,12.676,0.039
4851.86214,12.452,0.033
4855.85613,12.056,0.034
4861.81939,12.217,0.039
4862.84979,11.904,0.042
4865.79853,11.97,0.035
4867.85292,12.586,0.05
4868.84668,12.227,0.033
4870.86828,12.631,0.04
4871.83604,12.305,0.037
4875.83122,12.041,0.033
4875.87764,12.209,0.039
4879.82658,11.806,0.043
4881.79778,12.322,0.03
4883.82086,12.876,0.044
4884.79698,12.439,0.031
4890.78245,12.477,0.047
4891.81694,12.387,0.04
4894.8396,12.497,0.052
4901.87838,12.5,0.046
4905.78862,12.101,0.043
4906.83577,11.891,0.036
4909.73136,12.555,0.044
4916.74782,12.663,0.041
4918.85071,12.499,0.047
4921.71698,12.27,0.037
4921.78789,12.596,0.044
4926.77724,12.394,0.037
4927.85436,12.696,0.041
4932.75195,11.931,0.041
4932.86373,12.365,0.046
4935.74321,12.13,0.047
4937.65022,12.516,0.037
4937.80223,12.593,0.043
4939.71057,12.2,0.036
4940.72779,12.681,0.043
4945.89053,12.507,0.043
4946.87334,12.076,0.047
4948.72145,12.315,0.043
4951.80822,12.488,0.038
4955.67742,11.93,0.037
4955.73278,12.196,0.047
4962.81061,12.259,0.038
4966.67529,12.734,0.045
4966.82153,11.914,0.042
4968.72625,12.351,0.044
4969.56606,12.555,0.042
4972.64034,11.696,0.039
4974.74695,12.705,0.042
4985.58832,11.824,0.035
4985.65196,12.101,0.043
4987.66689,12.452,0.047
4989.67164,11.72,0.045
4989.70006,11.847,0.046
4991.69153,12.429,0.039
4991.72426,12.536,0.043
4994.72773,12.547,0.037
4994.74979,12.549,0.043
5010.54046,12.452,0.045
5013.55059,12.606,0.046
5015.57624,12.04,0.043
5018.67338,12.453,0.041
5021.78916,12.483,0.051
5022.6702,12.076,0.046
5024.50512,12.258,0.043
5024.67663,12.524,0.046
5037.55738,12.505,0.051
5039.55179,11.983,0.038
5039.61612,11.791,0.041
5041.5527,12.248,0.036
5041.59675,12.472,0.046
5048.56284,12.193,0.04
5048.62228,12.437,0.043
5064.50564,12.566,0.048
5071.56041,12.526,0.044
5071.56797,12.461,0.043
5075.59514,12.324,0.045
5088.51306,12.218,0.044
5089.56787,12.013,0.046
5092.53862,12.071,0.041
5099.51176,11.868,0.043
5110.52641,12.655,0.045
