1885.84848,9.565,0.038
1887.85405,9.649,0.04
1889.85223,9.733,0.049
1900.82714,9.888,0.036
1903.82898,9.847,0.041
1905.83771,9.803,0.039
1907.83418,9.733,0.034
1914.78805,10.082,0.04
1914.86456,9.584,0.04
1915.86797,9.568,0.04
1918.81108,9.526,0.042
1918.85496,9.508,0.041
1920.80727,9.523,0.042
1920.86491,9.496,0.042
1922.80115,9.497,0.037
1922.85572,9.527,0.038
1924.79234,9.518,0.04
1924.84971,9.541,0.037
1925.8405,9.535,0.05
1926.8392,9.531,0.033
1928.8773,9.564,0.039
1928.87923,9.584,0.044
1930.78276,9.601,0.033
1930.84797,9.58,0.034
1932.77342,9.644,0.034
1932.84485,9.634,0.035
1935.72545,9.694,0.034
1935.80823,9.685,0.033
1937.81083,9.724,0.034
1938.82082,9.685,0.035
1939.81268,9.722,0.031
1945.88994,9.749,0.038
1946.81755,9.68,0.04
1947.82614,9.709,0.037
1948.8492,9.689,0.039
1949.78472,9.721,0.038
1950.84859,9.714,0.035
1953.77336,9.673,0.034
1953.8001,9.675,0.034
1954.79302,9.682,0.037
1954.81513,9.668,0.038
1955.78937,9.668,0.031
1955.82968,9.653,0.03
1955.88996,9.678,0.031
1958.79298,9.629,0.035
1958.87918,9.627,0.03
1961.77885,9.603,0.034
1961.83731,9.581,0.031
1962.84312,9.613,0.04
1963.80354,9.591,0.03
1964.79429,9.591,0.032
1964.85775,9.606,0.031
1965.77385,9.618,0.032
1966.77807,9.627,0.033
1966.78444,9.628,0.03
1967.80581,9.637,0.033
1968.77854,9.649,0.033
1968.79087,9.656,0.035
1971.79686,9.729,0.041
1976.81654,9.891,0.044
1976.86347,9.835,0.038
1977.73091,9.879,0.042
1978.80092,9.889,0.041
1978.81078,9.914,0.044
1979.73699,9.914,0.044
1979.82431,9.909,0.041
1980.71742,9.937,0.048
1980.7579,9.906,0.043
1981.73596,9.935,0.039
1981.78634,9.925,0.037
1982.73401,9.889,0.036
1982.7562,9.875,0.032
1984.73105,9.818,0.047
1984.80597,9.837,0.045
1984.84907,9.841,0.042
1985.73223,9.826,0.043
1985.80278,9.803,0.043
1993.74588,9.551,0.05
1993.83381,9.588,0.05
1994.78227,9.544,0.047
1995.75343,9.514,0.048
1995.7674,9.565,0.05
1996.70613,9.537,0.049
1996.77532,9.53,0.046
1997.77048,9.521,0.044
1998.69967,9.524,0.053
1998.76773,9.521,0.049
2000.69344,9.495,0.05
2000.77119,9.517,0.049
2008.6814,9.571,0.047
2009.72082,9.559,0.058
2014.65622,9.665,0.054
2014.74005,9.631,0.056
2016.72154,9.717,0.048
2025.62123,9.722,0.036
2025.71987,9.726,0.038
2026.64076,9.733,0.04
2027.6327,9.717,0.036
2027.70017,9.692,0.038
2030.61698,9.623,0.034
2030.68328,9.634,0.034
2031.63848,9.599,0.038
2031.69809,9.586,0.036
2032.61506,9.583,0.034
2032.6874,9.581,0.034
2033.60733,9.544,0.035
2033.68156,9.539,0.035
2034.60047,9.51,0.037
2037.62675,9.437,0.045
2037.65993,9.438,0.046
2040.62393,9.379,0.063
2040.67781,9.397,0.059
2052.5636,9.506,0.039
2052.61109,9.507,0.035
2053.65535,9.522,0.038
2054.59297,9.514,0.053
2054.65397,9.528,0.057
2055.57138,9.546,0.041
2055.63126,9.543,0.041
2056.58309,9.578,0.035
2056.63509,9.57,0.036
2057.57149,9.585,0.039
2057.62944,9.609,0.044
2058.56572,9.623,0.038
2058.63224,9.628,0.04
2067.53628,9.635,0.041
2067.60567,9.636,0.04
2068.55009,9.628,0.041
2068.60899,9.625,0.039
2069.55267,9.586,0.042
2069.61376,9.595,0.037
2070.54987,9.582,0.04
2070.60201,9.574,0.036
2079.51244,9.482,0.038
2079.57138,9.489,0.037
2081.57649,9.48,0.038
2082.60338,9.521,0.042
2083.51944,9.505,0.044
2085.52234,9.502,0.035
2085.56999,9.517,0.035
2086.57309,9.507,0.038
2087.48584,9.499,0.039
2088.56671,9.518,0.037
2093.4884,9.585,0.043
2093.52042,9.729,0.041
2094.55803,9.586,0.044
2094.60078,9.595,0.038
2102.46811,9.716,0.041
2103.54688,9.767,0.046
2104.52133,9.729,0.048
2104.54668,9.737,0.04
2105.53903,9.726,0.038
2106.52364,9.725,0.041
2106.54776,9.729,0.037
2115.50101,9.621,0.038
2116.51575,9.571,0.035
2117.51914,9.555,0.038
2124.49072,9.51,0.042
2125.46366,9.506,0.045
2125.51013,9.498,0.055
2128.4875,9.52,0.037
2129.47172,9.518,0.042
2130.50258,9.54,0.036
2131.51234,9.551,0.04
2132.5078,9.545,0.039
2133.52117,9.576,0.061
2134.50406,9.611,0.037
2135.49231,9.602,0.045
2136.50043,9.607,0.039
2142.4784,9.627,0.045
2145.4772,9.623,0.049
2158.50113,9.619,0.039
2169.51052,9.58,0.043
2178.50413,9.634,0.04
2185.50958,9.638,0.043
2204.49717,9.505,0.039
2248.85311,9.472,0.049
2252.85411,9.445,0.054
2256.83863,9.509,0.054
2440.54555,9.535,0.034
2440.59114,9.478,0.037
2442.53629,9.534,0.036
2442.59751,9.516,0.031
2443.53833,9.581,0.029
2446.59856,9.602,0.028
2452.4988,9.673,0.039
2454.50857,9.673,0.048
2454.57254,9.646,0.041
2456.50889,9.689,0.036
2456.55684,9.657,0.033
2459.562,9.583,0.047
2462.54081,9.569,0.036
2464.5644,9.507,0.033
2465.55462,9.458,0.033
2466.51628,9.445,0.031
2466.5418,9.436,0.033
2467.54898,9.399,0.033
2468.51073,9.426,0.035
2468.54349,9.389,0.03
2469.53787,9.378,0.031
2470.49714,9.397,0.035
2470.55312,9.347,0.034
2473.53012,9.349,0.038
2474.46103,9.347,0.038
2481.49753,9.533,0.045
2482.46807,9.615,0.041
2487.61001,9.695,0.044
2490.48736,9.777,0.039
2490.51841,9.741,0.029
2493.49019,9.775,0.038
2495.49579,9.785,0.041
2497.50336,9.79,0.032
2498.51126,9.731,0.03
2499.47394,9.703,0.038
2501.48592,9.691,0.045
2502.51683,9.682,0.034
2502.53401,9.686,0.039
2503.53084,9.67,0.039
2503.54314,9.701,0.046
2508.57982,9.605,0.039
2510.53775,9.62,0.063
2510.6297,9.577,0.034
2512.50488,9.625,0.032
2512.51237,9.626,0.04
2519.58223,9.728,0.038
2520.57831,9.72,0.027
2521.588,9.715,0.029
2524.48983,9.734,0.029
2524.57611,9.751,0.043
2526.51776,9.766,0.055
2526.61378,9.743,0.034
2529.50045,9.711,0.053
2535.5706,9.627,0.032
2545.48505,9.536,0.034
2545.50627,9.509,0.031
2547.51187,9.476,0.034
2552.50588,9.467,0.034
2554.50461,9.521,0.051
2558.49478,9.539,0.031
2559.5162,9.535,0.046
2560.52296,9.566,0.037
2562.52103,9.584,0.039
2566.49534,9.652,0.036
2623.84913,9.699,0.032
2628.85374,9.714,0.041
2635.82295,9.574,0.033
2639.82048,9.509,0.029
2642.84764,9.522,0.041
2646.79347,9.46,0.03
2650.78763,9.472,0.032
2651.84614,9.525,0.03
2652.82702,9.449,0.04
2655.85646,9.488,0.033
2657.81137,9.487,0.037
2659.81751,9.519,0.035
2659.83111,9.508,0.036
2661.83614,9.565,0.048
2662.84994,9.55,0.034
2663.83182,9.565,0.046
2664.85177,9.569,0.035
2665.8579,9.553,0.053
2667.85295,9.591,0.045
2668.85908,9.585,0.045
2671.81548,9.541,0.039
2671.83392,9.563,0.039
2674.81635,9.494,0.033
2674.84595,9.518,0.04
2677.77516,9.512,0.038
2679.81416,9.457,0.045
2681.79781,9.446,0.032
2683.79061,9.453,0.029
2685.78875,9.468,0.034
2685.80704,9.503,0.045
2689.78382,9.458,0.035
2689.8384,9.486,0.049
2691.77426,9.461,0.036
2693.84686,9.451,0.046
2694.79102,9.43,0.032
2697.85649,9.451,0.044
2698.77656,9.45,0.029
2699.87765,9.441,0.047
2700.82601,9.469,0.058
2701.83785,9.448,0.05
2704.79429,9.526,0.061
2704.81238,9.505,0.034
2706.81238,9.557,0.037
2710.79224,9.593,0.038
2712.73688,9.557,0.046
2712.7929,9.599,0.041
2714.7261,9.571,0.042
2714.78333,9.531,0.041
2717.72471,9.48,0.037
2717.80604,9.473,0.056
2720.67545,9.434,0.033
2720.7226,9.421,0.034
2722.71574,9.438,0.031
2722.76436,9.397,0.042
2724.72852,9.405,0.048
2724.77164,9.412,0.038
2726.77966,9.426,0.04
2727.74209,9.411,0.047
2728.77169,9.412,0.046
2730.77611,9.454,0.043
2731.83358,9.405,0.042
2733.76766,9.487,0.036
2734.65272,9.477,0.03
2735.76419,9.486,0.045
2736.69946,9.498,0.033
2737.73451,9.532,0.038
2738.70879,9.498,0.042
2740.72084,9.534,0.034
2742.63484,9.568,0.034
2743.7104,9.581,0.048
2743.79065,9.586,0.041
2744.82646,9.602,0.05
2749.83432,9.631,0.036
2749.85577,9.63,0.051
2751.61764,9.644,0.031
2751.70196,9.675,0.046
2754.70962,9.721,0.053
2755.64435,9.72,0.04
2755.86217,9.701,0.03
2756.82322,9.712,0.034
2757.70714,9.731,0.043
2758.80293,9.759,0.035
2759.75643,9.748,0.036
2760.67277,9.756,0.051
2761.68926,9.803,0.046
2761.84187,9.763,0.045
2763.63092,9.835,0.044
2764.72714,9.774,0.043
2766.73882,9.765,0.034
2775.73246,9.64,0.051
2775.78182,9.685,0.056
2782.78139,9.523,0.037
2783.63214,9.548,0.045
2784.65848,9.561,0.036
2784.8774,9.579,0.034
2785.78363,9.568,0.035
2786.61558,9.635,0.043
2787.7351,9.648,0.033
2787.77926,9.67,0.043
2790.90406,9.753,0.034
2794.5684,9.9,0.039
2794.61975,9.899,0.034
2809.59501,9.985,0.063
2810.75425,9.921,0.036
2810.77788,9.907,0.037
2812.58233,9.872,0.047
2812.59883,9.869,0.044
2813.75221,9.846,0.039
2813.76485,9.846,0.039
2819.62726,9.721,0.039
2819.68385,9.712,0.031
2821.62802,9.684,0.043
2821.67103,9.685,0.045
2835.70919,9.677,0.037
2836.56271,9.699,0.039
2838.70008,9.677,0.036
2840.73507,9.711,0.035
2841.6698,9.737,0.045
2853.51638,9.755,0.034
2854.71061,9.753,0.028
2858.6054,9.724,0.031
2860.58114,9.706,0.034
2861.62957,9.688,0.034
2862.55818,9.7,0.037
2866.60453,9.601,0.034
2875.51938,9.667,0.039
2878.56414,9.74,0.031
2882.56986,9.827,0.039
2883.52959,9.849,0.029
2884.55868,9.845,0.035
2885.52994,9.845,0.031
2888.55722,9.871,0.031
2896.51548,9.647,0.042
2898.51798,9.563,0.034
2900.513,9.499,0.033
2904.50504,9.44,0.046
2908.48964,9.438,0.036
2908.56464,9.434,0.033
2910.55746,9.486,0.038
2911.48823,9.559,0.034
2912.54765,9.55,0.032
2922.51814,9.81,0.035
2928.50874,9.852,0.036
2930.51835,9.829,0.033
2933.50417,9.823,0.031
2986.85145,9.539,0.036
2989.85426,9.461,0.046
3016.86424,9.557,0.039
3019.84442,9.55,0.05
3030.81825,9.519,0.034
3031.86669,9.507,0.047
3035.85811,9.504,0.034
3041.81775,9.498,0.044
3043.82443,9.462,0.049
3057.85523,9.596,0.036
3060.78993,9.66,0.036
3066.85314,9.606,0.035
3066.8654,9.605,0.031
3069.76372,9.543,0.04
3072.83126,9.454,0.038
3074.73405,9.397,0.034
3075.85679,9.352,0.032
3076.80931,9.349,0.034
3078.81135,9.316,0.034
3078.86564,9.312,0.035
3085.79606,9.386,0.044
3087.79756,9.429,0.061
3089.78824,9.491,0.046
3090.71016,9.49,0.046
3092.78288,9.563,0.032
3096.75849,9.636,0.038
3097.73118,9.612,0.035
3103.84011,9.572,0.041
3104.80477,9.584,0.039
3106.74299,9.559,0.033
3108.79412,9.571,0.042
3108.8075,9.575,0.034
3111.73141,9.567,0.042
3113.78939,9.542,0.048
3115.84106,9.541,0.035
3128.64974,9.506,0.039
3130.68853,9.463,0.058
3132.69962,9.441,0.039
3134.70203,9.379,0.033
3142.71466,9.4,0.03
3142.82194,9.416,0.03
3145.71461,9.504,0.039
3146.60224,9.507,0.028
3153.71333,9.526,0.035
3156.58265,9.479,0.036
3158.7277,9.485,0.044
3158.79098,9.471,0.057
3160.74115,9.521,0.052
3163.74965,9.569,0.036
3166.75009,9.576,0.03
3169.50623,9.605,0.043
3175.76168,9.66,0.037
3178.55312,9.733,0.034
3178.58437,9.714,0.029
3180.6646,9.76,0.036
3180.68905,9.78,0.036
3183.63731,9.842,0.035
3185.63085,9.864,0.039
3187.67491,9.904,0.04
3362.85698,9.837,0.047
3387.85247,9.58,0.065
3389.87336,9.581,0.049
3391.80694,9.545,0.038
3395.83722,9.493,0.044
3396.84469,9.508,0.043
3398.82927,9.467,0.042
3399.85859,9.439,0.053
3402.82017,9.468,0.035
3403.85451,9.443,0.049
3405.83206,9.493,0.064
3406.86683,9.533,0.037
3408.82932,9.533,0.046
3411.8261,9.594,0.04
3414.80944,9.616,0.033
3417.81212,9.531,0.053
3417.82801,9.557,0.045
3420.78183,9.479,0.043
3423.86303,9.415,0.045
3425.82577,9.438,0.043
3426.82366,9.414,0.046
3427.83626,9.426,0.045
3431.82516,9.48,0.047
3432.84045,9.505,0.041
3433.88107,9.529,0.043
3438.76913,9.603,0.037
3442.76749,9.707,0.047
3444.7955,9.692,0.055
3446.81994,9.697,0.035
3446.83899,9.696,0.031
3449.71446,9.638,0.046
3449.79991,9.626,0.049
3452.71875,9.583,0.046
3452.82799,9.582,0.038
3454.76809,9.561,0.04
3454.83803,9.542,0.055
3456.76831,9.515,0.041
3456.8247,9.531,0.039
3458.78425,9.496,0.052
3458.83515,9.499,0.041
3460.79478,9.439,0.037
3463.68583,9.449,0.038
3464.75981,9.425,0.03
3465.74562,9.422,0.034
3466.83136,9.415,0.041
3468.73427,9.432,0.032
3469.78989,9.443,0.03
3470.76988,9.477,0.037
3472.75131,9.485,0.035
3473.65379,9.482,0.028
3474.841,9.484,0.047
3475.73925,9.492,0.054
3477.7391,9.505,0.039
3477.74614,9.503,0.037
3479.70024,9.562,0.056
3481.7,9.539,0.037
3481.76734,9.556,0.035
3483.75744,9.664,0.038
3487.66477,9.578,0.037
3490.67701,9.624,0.052
3490.75798,9.646,0.042
3492.67503,9.668,0.039
3496.67704,9.7,0.041
3496.75232,9.696,0.031
3499.67958,9.642,0.057
3499.76172,9.616,0.06
3501.71374,9.652,0.046
3503.70327,9.648,0.039
3504.67115,9.673,0.043
3506.71096,9.582,0.056
3508.88227,9.491,0.027
3509.70288,9.476,0.032
3511.73835,9.426,0.032
3515.73953,9.397,0.042
3515.74567,9.425,0.036
3517.73316,9.42,0.032
3517.73945,9.45,0.04
3521.63658,9.468,0.044
3521.68356,9.451,0.046
3523.64156,9.51,0.042
3523.6898,9.487,0.047
3525.66881,9.542,0.038
3525.71788,9.527,0.036
3529.66367,9.6,0.051
3538.63295,9.538,0.033
3538.69115,9.539,0.029
3540.65002,9.459,0.042
3540.68734,9.488,0.037
3543.61377,9.428,0.043
3544.78582,9.408,0.043
3550.64922,9.418,0.054
3552.69742,9.483,0.038
3555.69104,9.506,0.028
3558.63394,9.505,0.035
3558.69555,9.49,0.056
3560.63239,9.52,0.038
3560.70505,9.533,0.039
3562.64433,9.551,0.036
3563.50113,9.522,0.04
3564.58317,9.519,0.032
3570.59081,9.504,0.036
3570.65243,9.483,0.037
3573.65289,9.524,0.039
3573.70285,9.499,0.037
3575.67082,9.535,0.034
3575.71597,9.504,0.036
3577.74108,9.547,0.039
3578.5569,9.562,0.033
3584.57318,9.554,0.034
3584.61089,9.547,0.034
3586.60814,9.558,0.037
3586.63099,9.531,0.036
3590.7009,9.529,0.039
3591.53107,9.522,0.038
3593.50275,9.505,0.034
3593.5433,9.502,0.038
3601.56102,9.472,0.042
3602.62646,9.463,0.042
3603.56779,9.445,0.037
3609.50665,9.637,0.058
3618.49954,9.747,0.037
3618.52319,9.72,0.04
3620.53691,9.764,0.041
3620.54703,9.767,0.058
3622.57013,9.75,0.041
3626.60468,9.741,0.034
3630.49949,9.72,0.042
3630.56356,9.713,0.043
3632.56994,9.684,0.043
3633.49722,9.807,0.039
3635.55291,9.659,0.06
3639.55439,9.556,0.04
3642.49041,9.527,0.046
3642.55483,9.522,0.039
3646.54833,9.515,0.032
3649.51531,9.508,0.052
3651.51735,9.553,0.04
3654.53026,9.622,0.039
3658.50844,9.658,0.039
3661.50277,9.746,0.041
3664.4987,9.737,0.039
3725.857,9.555,0.044
3733.84708,9.566,0.036
3737.8377,9.601,0.039
3741.82759,9.684,0.039
3745.82045,9.807,0.039
3747.86201,9.818,0.047
3749.81444,9.832,0.051
3751.86074,9.826,0.049
3753.80518,9.803,0.045
3755.85599,9.775,0.049
3757.80987,9.702,0.042
3758.86415,9.678,0.043
3760.8353,9.63,0.044
3762.86177,9.616,0.053
3763.84607,9.616,0.053
3767.80514,9.622,0.046
3770.84845,9.679,0.054
3774.78767,9.69,0.043
3774.83265,9.887,0.049
3778.77324,9.679,0.046
3780.83498,10.083,0.049
3782.84537,9.616,0.047
3788.85735,9.599,0.046
3791.79973,9.591,0.044
3794.80772,9.633,0.046
3795.8505,9.666,0.038
3797.7715,9.722,0.04
3798.84812,9.694,0.044
3800.75716,9.676,0.047
3802.81684,9.701,0.05
3803.76431,9.589,0.055
3805.82563,9.871,0.04
3806.73323,9.686,0.041
3808.82806,9.676,0.046
3809.76638,9.66,0.046
3811.80004,9.651,0.042
3811.82721,9.63,0.047
3814.72724,9.602,0.049
3814.81899,9.549,0.049
3816.77434,9.55,0.038
3817.79768,9.563,0.042
3818.89028,9.513,0.04
3820.78509,9.492,0.049
3821.71452,9.505,0.041
3823.76255,9.479,0.048
3823.77747,9.468,0.048
3825.81034,9.533,0.048
3825.84828,9.533,0.062
3828.68538,9.584,0.041
3828.76634,9.59,0.041
3830.76674,9.587,0.037
3831.75714,9.61,0.043
3832.73915,9.59,0.039
3833.81742,9.594,0.043
3834.71722,9.605,0.05
3835.80808,9.585,0.043
3836.7264,9.621,0.049
3837.82745,9.586,0.04
3848.79169,9.517,0.06
3850.72586,9.522,0.036
3850.80767,9.528,0.036
3852.74969,9.548,0.035
3852.83828,9.564,0.046
3855.60705,9.537,0.062
3859.7069,9.505,0.048
3859.77013,9.561,0.035
3861.69371,9.544,0.033
3861.76229,9.557,0.034
3863.65401,9.548,0.049
3863.74299,9.546,0.034
3865.66057,9.57,0.039
3865.72068,9.563,0.038
3867.69207,9.563,0.04
3869.71522,9.532,0.053
3869.73546,9.585,0.052
3871.7065,9.578,0.037
3871.73444,9.604,0.038
3874.80006,9.582,0.037
3874.82382,9.579,0.038
3877.55999,9.571,0.034
3877.64737,9.561,0.035
3880.69299,9.561,0.033
3882.64344,9.577,0.038
3882.72407,9.553,0.036
3886.75195,9.553,0.037
3887.66977,9.522,0.036
3889.66985,9.518,0.032
3891.65211,9.484,0.033
3892.71974,9.507,0.04
3893.63394,9.478,0.037
3894.6932,9.442,0.037
3896.67786,9.447,0.038
3898.70828,9.43,0.041
3900.53783,9.457,0.041
3902.57155,9.42,0.041
3902.72837,9.428,0.036
3904.59044,9.421,0.035
3904.7567,9.418,0.037
3906.60727,9.447,0.04
3906.75275,9.413,0.039
3908.59959,9.42,0.034
3908.82127,9.42,0.038
3912.73876,9.468,0.035
3981.55092,9.502,0.043
3981.58663,9.519,0.046
4104.8245,10.002,0.046
4107.85038,9.938,0.062
4121.80082,9.743,0.044
4126.85753,9.678,0.034
4127.84755,9.691,0.033
4131.79542,9.737,0.037
4134.81741,9.828,0.039
4134.82933,9.806,0.039
4137.81797,9.836,0.044
4140.81389,9.801,0.035
4142.82232,9.771,0.03
4143.82016,9.741,0.038
4145.88829,9.69,0.043
4150.8266,9.635,0.044
4152.86633,9.569,0.034
4153.79785,9.571,0.047
4156.78618,9.532,0.041
4156.83018,9.533,0.036
4159.76877,9.548,0.032
4159.8754,9.573,0.032
4161.84657,9.58,0.037
4162.86057,9.6,0.048
4163.8201,9.567,0.053
4165.8499,9.653,0.054
4166.80965,9.623,0.039
4168.84499,9.652,0.038
4172.80476,9.69,0.032
4174.77407,9.884,0.031
4175.73692,9.694,0.042
4177.80831,9.699,0.035
4180.80468,9.649,0.062
4181.71454,9.679,0.052
4183.77599,9.653,0.039
4183.80177,9.638,0.058
4185.80204,9.704,0.041
4186.84844,9.676,0.037
4189.69239,9.684,0.032
4189.77113,9.704,0.036
4191.71633,9.688,0.037
4193.72223,9.671,0.036
4193.793,9.663,0.037
4196.77743,9.616,0.058
4196.81831,9.604,0.055
4199.75148,9.553,0.048
4202.72649,9.463,0.042
4202.82282,9.48,0.042
4204.7482,9.432,0.034
4204.831,9.425,0.034
4207.77277,9.377,0.041
4207.87167,9.415,0.037
4213.76136,9.511,0.042
4215.72675,9.569,0.032
4216.74793,9.596,0.044
4227.68426,9.596,0.03
4227.75701,9.595,0.031
4229.68782,9.564,0.029
4229.7588,9.564,0.04
4231.69709,9.545,0.046
4231.7621,9.548,0.038
4233.69663,9.484,0.042
4233.76159,9.474,0.032
4235.69392,9.442,0.03
4238.64927,9.416,0.049
4246.60156,9.433,0.04
4246.80224,9.398,0.03
4250.71098,9.442,0.033
4253.68818,9.478,0.039
4253.78199,9.518,0.05
4255.71274,9.442,0.034
4256.60906,9.428,0.03
4257.7144,9.405,0.044
4268.58001,9.454,0.036
4272.70302,9.491,0.037
4273.6438,9.503,0.036
4274.69881,9.502,0.038
4276.57125,9.487,0.031
4277.62111,9.504,0.028
4278.61176,9.522,0.04
4283.71836,9.388,0.047
4283.7532,9.411,0.046
4285.68233,9.39,0.039
4285.74284,9.389,0.035
4289.67919,9.332,0.033
4289.73333,9.343,0.033
4291.67831,9.357,0.03
4291.73382,9.354,0.029
4293.66649,9.353,0.028
4293.72254,9.362,0.028
4295.7324,9.402,0.03
4297.67287,9.459,0.038
4299.64891,9.473,0.032
4301.60316,9.508,0.034
4301.65069,9.723,0.046
4303.61068,9.54,0.03
4303.64069,9.529,0.029
4305.60663,9.573,0.03
4305.61762,9.559,0.031
4307.60842,9.565,0.034
4307.61522,9.58,0.031
4311.70123,9.547,0.048
4312.56159,9.54,0.045
4315.51131,9.494,0.034
4315.56755,9.508,0.033
4317.57935,9.444,0.043
4317.62898,9.471,0.035
4330.51946,9.45,0.031
4330.5989,9.458,0.031
4332.5348,9.46,0.029
4334.55051,9.488,0.03
4338.58131,9.526,0.035
4338.61582,9.542,0.033
4341.52583,9.569,0.036
4341.53504,9.578,0.032
4343.53589,9.564,0.032
4345.55526,9.57,0.045
4345.5644,9.563,0.033
4347.5501,9.582,0.032
4347.56654,9.568,0.047
4349.54797,9.589,0.039
4349.55795,9.574,0.039
4351.56392,9.548,0.039
4352.51147,9.543,0.031
4354.5497,9.5,0.032
4356.57012,9.53,0.032
4357.5169,9.516,0.029
4358.55442,9.494,0.031
4359.50781,9.504,0.033
4360.55748,9.485,0.04
4361.51142,9.494,0.033
4362.59808,9.473,0.031
4364.5799,9.498,0.033
4371.48359,9.509,0.038
4373.50644,9.502,0.037
4376.53528,9.526,0.032
4379.49663,9.522,0.029
4382.49761,9.485,0.028
4385.49696,9.501,0.03
4387.50866,9.463,0.03
4389.51078,9.482,0.038
4436.85371,9.444,0.043
4455.84893,9.656,0.036
4459.84369,9.631,0.049
4463.85759,9.627,0.036
4467.83695,9.592,0.046
4478.82466,9.751,0.053
4482.82305,9.833,0.042
4486.80542,9.882,0.037
4488.83935,9.87,0.039
4490.80317,9.862,0.033
4492.84097,9.85,0.037
4493.83213,9.808,0.031
4497.84354,9.792,0.033
4499.8461,9.758,0.05
4503.83765,9.761,0.044
4504.79762,9.756,0.029
4506.85053,9.745,0.041
4507.82226,9.754,0.042
4510.81801,9.741,0.044
4510.83662,9.717,0.045
4514.8556,9.735,0.044
4517.80818,9.747,0.044
4519.83804,9.756,0.04
4519.84265,9.759,0.045
4522.78273,9.739,0.032
4522.84876,9.754,0.03
4524.84901,9.731,0.03
4525.8443,9.728,0.031
4527.76665,9.752,0.035
4528.85888,9.758,0.037
4530.75423,9.752,0.031
4531.84892,9.746,0.033
4533.82157,9.734,0.039
4535.84763,9.788,0.036
4536.75544,9.781,0.03
4538.80749,9.798,0.03
4538.83273,9.796,0.031
4541.72337,9.833,0.031
4541.80988,9.815,0.03
4543.79355,9.871,0.036
4545.76342,9.817,0.059
4546.82777,9.818,0.04
4547.77762,9.996,0.04
4548.87195,9.755,0.039
4550.70789,9.759,0.037
4551.78547,9.769,0.046
4552.7674,9.742,0.031
4554.78821,9.773,0.047
4557.69324,9.803,0.033
4559.75115,9.812,0.032
4559.75798,9.833,0.034
4561.80027,9.857,0.031
4561.82887,9.875,0.032
4564.67073,9.893,0.031
4564.76381,9.867,0.03
4566.72897,9.901,0.035
4566.84177,9.903,0.035
4568.74319,9.863,0.035
4569.74233,9.88,0.035
4570.807,9.862,0.031
4571.7703,9.842,0.039
4572.69561,9.849,0.037
4573.76357,9.849,0.037
4574.68458,9.83,0.037
4576.70795,9.824,0.039
4578.81209,9.765,0.043
4579.809,9.744,0.039
4583.64716,9.614,0.031
4585.71309,9.542,0.032
4586.66427,9.554,0.031
4588.69662,9.499,0.038
4589.85756,9.49,0.031
4590.76572,9.485,0.044
4592.68074,9.494,0.032
4592.84318,9.493,0.037
4594.72915,9.525,0.028
4594.7703,9.5,0.031
4596.74013,9.536,0.028
4596.80192,9.547,0.03
4599.58546,9.589,0.039
4599.66197,9.735,0.04
4601.63052,9.642,0.033
4601.70112,9.636,0.031
4603.65512,9.684,0.039
4603.71943,9.692,0.04
4607.74265,9.764,0.038
4610.57059,9.815,0.036
4610.63605,9.816,0.033
4612.61991,9.839,0.065
4612.67817,9.864,0.041
4616.79964,9.778,0.037
4617.65343,9.739,0.033
4620.53612,9.69,0.037
4620.6676,9.67,0.048
4622.75016,9.637,0.037
4622.83295,9.632,0.033
4630.66069,9.555,0.031
4630.68514,9.548,0.03
4632.66711,9.538,0.033
4632.68318,9.553,0.031
4639.6628,9.541,0.039
4639.73986,9.538,0.032
4641.68451,9.552,0.032
4641.73891,9.556,0.032
4643.68029,9.588,0.041
4643.73795,9.562,0.04
4645.68688,9.574,0.042
4647.78951,9.51,0.046
4648.55515,9.54,0.035
4650.62779,9.545,0.031
4652.58739,9.536,0.03
4652.64971,9.538,0.03
4654.56884,9.509,0.037
4654.6229,9.497,0.04
4656.56376,9.491,0.033
4656.60599,9.496,0.034
4658.64323,9.471,0.05
4658.65765,9.487,0.051
4661.54371,9.526,0.036
4661.54693,9.539,0.037
4663.61436,9.524,0.043
4663.62555,9.536,0.041
4665.67873,9.534,0.042
4665.68549,9.544,0.038
4667.70444,9.745,0.035
4671.60235,9.559,0.04
4671.61334,9.558,0.031
4677.61569,9.574,0.038
4677.62642,9.572,0.041
4679.63058,9.598,0.029
4679.63883,9.581,0.044
4682.61268,9.581,0.037
4682.62144,9.597,0.047
4684.57947,9.619,0.035
4684.60495,9.617,0.038
4686.55471,9.63,0.038
4686.56279,9.645,0.039
4690.57884,9.649,0.031
4694.55029,9.647,0.051
4697.64333,9.598,0.033
4698.55174,9.599,0.036
4700.55636,9.558,0.031
4701.6347,9.524,0.031
4702.57276,9.519,0.033
4703.63741,9.497,0.039
4704.55983,9.483,0.039
4706.58664,9.467,0.038
4707.5653,9.469,0.045
4709.53784,9.441,0.044
4716.62714,9.485,0.036
4721.57319,9.593,0.042
4722.49919,9.552,0.041
4724.61031,9.594,0.044
4726.49652,9.582,0.047
4729.49115,9.598,0.041
4730.51898,9.583,0.04
4733.48958,9.602,0.039
4733.54785,9.557,0.035
4737.55297,9.535,0.041
4743.52299,9.583,0.046
4745.53705,9.631,0.041
4748.53564,9.637,0.045
4755.51049,9.644,0.036
4758.50819,9.529,0.046
4820.84427,9.508,0.046
4824.84657,9.504,0.035
4828.85096,9.482,0.036
4836.84142,9.431,0.045
4838.86222,9.433,0.038
4843.86383,9.382,0.043
4844.84402,9.366,0.046
4847.86762,9.344,0.036
4848.80647,9.345,0.046
4850.86113,9.39,0.042
4851.86214,9.388,0.034
4855.85613,9.49,0.043
4861.81939,9.67,0.056
4862.84979,9.67,0.041
4865.79853,9.729,0.05
4867.85292,9.738,0.053
4868.84668,9.718,0.038
4870.86828,9.684,0.042
4871.83604,9.675,0.048
4875.83122,9.634,0.035
4875.87764,9.618,0.04
4879.82658,9.588,0.039
4881.79778,9.595,0.034
4883.82086,9.579,0.042
4884.79698,9.608,0.035
4890.78245,9.544,0.063
4891.81694,9.574,0.043
4894.8396,9.584,0.059
4901.87838,9.671,0.059
4904.76206,9.71,0.055
4905.78862,9.728,0.052
4906.83577,9.712,0.051
4909.73136,9.75,0.066
4916.74782,9.71,0.048
4918.85071,9.97,0.058
4921.71698,9.779,0.052
4921.78789,9.804,0.051
4926.77724,9.826,0.052
4927.85436,9.862,0.048
4932.75195,9.941,0.063
4932.86373,9.931,0.061
4935.74321,10.001,0.061
4937.65022,10.009,0.051
4937.80223,10.018,0.053
4939.71057,10.059,0.048
4940.72779,10.042,0.052
4945.89053,10.013,0.05
4946.87334,10.075,0.054
4948.72145,10.069,0.05
4951.80822,10.04,0.053
4955.67742,9.925,0.051
4955.73278,9.918,0.062
4962.81061,9.918,0.056
4966.67529,9.878,0.054
4966.82153,9.881,0.06
4968.72625,9.988,0.051
4969.56606,9.877,0.063
4972.64034,9.842,0.053
4974.74695,9.803,0.054
4985.58832,9.761,0.048
4985.65196,9.716,0.049
4987.66689,9.753,0.06
4989.67164,9.771,0.066
4989.70006,9.738,0.06
4991.69153,9.758,0.057
4991.72426,9.742,0.053
4994.72773,9.744,0.053
4994.74979,9.754,0.05
5010.54046,9.692,0.059
5013.55059,9.662,0.056
5015.57624,9.628,0.054
5018.67338,9.667,0.057
5021.78916,9.687,0.056
5022.6702,9.676,0.059
5024.50512,9.656,0.052
5024.67663,9.682,0.064
5037.55738,9.454,0.055
5039.55179,9.469,0.052
5039.61612,9.44,0.045
5041.5527,9.484,0.045
5041.59675,9.463,0.049
5048.56284,9.618,0.051
5048.62228,9.637,0.05
5064.50564,9.62,0.065
5071.56041,9.645,0.058
5071.56797,9.641,0.05
5075.59514,9.639,0.054
5088.51306,9.491,0.061
5089.56787,9.458,0.059
5092.53862,9.416,0.044
5099.51176,9.427,0.052
5110.52641,9.479,0.053
