1903.84228,11.972,0.038
1905.85549,11.93,0.037
1907.85196,11.889,0.035
1914.80834,12.039,0.036
1919.81456,11.887,0.039
1921.8136,12.075,0.037
1924.87766,12.137,0.038
1925.86787,11.989,0.036
1926.8643,12.017,0.034
1929.80544,11.914,0.037
1932.80097,12.125,0.037
1935.75708,12.235,0.035
1937.82602,12.194,0.037
1939.82881,12.374,0.036
1946.75408,11.849,0.041
1948.79288,11.865,0.04
1950.76138,11.991,0.035
1953.78253,12.064,0.044
1954.80448,12.01,0.046
1955.8121,12.019,0.042
1958.82035,12.224,0.051
1961.80389,12.164,0.048
1963.74156,11.98,0.044
1964.81052,11.914,0.045
1965.8108,12.378,0.043
1966.84818,11.904,0.047
1968.73362,12.221,0.047
1976.83278,12.116,0.052
1977.76101,12.145,0.052
1980.72681,12.264,0.056
1981.7476,11.995,0.054
1982.74574,11.994,0.05
1984.75173,12.201,0.055
1985.74952,12.163,0.055
1985.87948,12.412,0.058
1996.72262,12.167,0.056
2025.69331,12.211,0.033
2026.66849,12.046,0.042
2027.66047,11.82,0.033
2030.64247,11.988,0.032
2031.66401,11.948,0.031
2032.64276,11.861,0.032
2033.62835,12.254,0.033
2037.64176,11.966,0.04
2051.64945,11.962,0.041
2053.53528,12.257,0.043
2054.60722,12.043,0.041
2055.59114,12.146,0.041
2056.60406,11.93,0.042
2067.58545,11.971,0.042
2068.57553,11.839,0.039
2069.5804,12.323,0.04
2070.57086,11.825,0.04
2079.53556,12.316,0.046
2081.54213,12.283,0.036
2083.53576,12.026,0.036
2085.54091,11.931,0.037
2086.54285,12.258,0.039
2088.53757,12.305,0.038
2093.50914,12.22,0.037
2094.52641,11.897,0.044
2096.51731,11.917,0.045
2102.4955,11.921,0.038
2106.49445,11.889,0.037
2115.47141,12.24,0.039
2117.49164,12.265,0.036
2124.55597,11.865,0.042
2128.5119,12.078,0.036
2130.54264,12.206,0.036
2132.53653,11.963,0.035
2134.53764,11.839,0.04
2136.52906,11.88,0.036
2140.47501,11.974,0.042
2142.52852,12.214,0.037
2144.51106,11.92,0.037
2158.47741,11.879,0.041
2173.48973,12.07,0.055
2179.50838,11.865,0.053
2440.56197,12.155,0.045
2441.56536,11.901,0.042
2442.55953,12.269,0.046
2443.557,11.918,0.042
2452.52186,12.268,0.051
2454.54071,12.231,0.044
2454.57077,12.218,0.044
2456.51847,11.988,0.047
2459.51854,12.193,0.045
2463.55693,12.185,0.044
2464.50679,12.339,0.048
2466.4984,12.217,0.048
2473.48829,11.982,0.052
2481.46791,12.249,0.058
2490.50266,12.096,0.044
2493.51221,11.849,0.049
2495.53143,11.919,0.049
2497.52785,11.892,0.041
2499.49374,12.307,0.041
2501.49658,12.049,0.051
2502.54466,11.879,0.05
2503.5538,12.346,0.051
2508.51981,12.254,0.038
2511.55349,11.852,0.053
2512.5896,12.204,0.043
2521.53093,11.858,0.035
2524.52687,12.017,0.045
2529.51934,12.23,0.059
2540.50578,11.93,0.058
2545.50773,11.914,0.031
2548.48505,11.999,0.035
2553.48704,12.237,0.037
2624.85169,12.1,0.032
2630.8483,11.954,0.033
2635.84578,12.029,0.034
2639.84568,11.91,0.029
2643.8395,12.077,0.032
2646.84309,11.867,0.032
2650.82698,12.233,0.031
2657.83678,12.113,0.038
2660.80241,12.151,0.035
2663.81063,11.86,0.032
2669.8486,11.955,0.043
2672.86878,11.98,0.04
2677.82843,11.967,0.045
2679.8373,11.85,0.054
2684.81394,11.945,0.035
2685.80931,12.169,0.035
2686.81557,11.827,0.037
2688.81905,12.023,0.042
2690.80272,12.235,0.042
2693.80878,11.96,0.036
2696.80171,11.928,0.041
2699.74919,11.907,0.034
2701.77508,11.955,0.043
2703.76877,11.895,0.046
2703.77977,11.882,0.036
2705.76125,12.168,0.045
2707.76063,12.514,0.046
2709.74698,12.109,0.044
2711.73935,12.069,0.047
2717.82763,11.989,0.045
2719.77482,12.065,0.034
2720.68275,12.156,0.03
2722.73686,11.935,0.034
2724.75638,12.069,0.043
2726.76691,12.165,0.037
2727.78115,12.024,0.046
2728.76231,12.324,0.041
2730.76099,12.248,0.044
2733.75488,12.333,0.044
2735.75363,12.35,0.041
2737.70153,11.92,0.041
2739.73979,11.86,0.03
2741.70037,12.073,0.04
2743.68045,12.427,0.04
2744.81313,12.296,0.047
2750.86871,12.268,0.035
2755.65185,12.317,0.031
2757.63939,11.991,0.042
2759.69802,12.264,0.04
2761.63283,11.961,0.047
2764.69579,12.397,0.041
2766.77224,12.057,0.039
2770.66409,11.864,0.042
2775.79193,12.063,0.034
2775.7943,12.118,0.043
2783.61888,12.043,0.045
2783.63507,12.039,0.038
2785.62598,11.909,0.046
2786.85354,11.987,0.037
2791.72447,11.867,0.039
2809.63986,12.183,0.034
2810.78046,12.241,0.031
2812.58981,12.274,0.043
2813.75817,11.981,0.038
2819.68887,11.892,0.033
2821.67344,12.112,0.036
2830.5775,11.939,0.049
2833.65746,12.071,0.047
2840.59117,12.116,0.032
2840.75678,11.985,0.036
2845.57798,12.23,0.034
2853.55908,12.063,0.033
2853.56202,12.067,0.033
2855.55271,12.311,0.033
2860.58833,11.901,0.03
2862.56535,12.246,0.032
2867.50048,12.146,0.04
2878.5658,12.244,0.031
2882.53816,11.867,0.036
2884.54356,11.923,0.033
2885.57425,12.266,0.031
2894.49743,11.878,0.044
2896.53104,11.876,0.032
2898.52476,12.046,0.033
2900.51975,12.232,0.031
2904.51174,11.861,0.045
2906.50755,11.829,0.031
2909.51111,12.064,0.03
2912.50613,12.243,0.035
2995.85134,11.882,0.034
3003.85794,11.995,0.032
3007.83922,11.9,0.034
3011.84132,12.181,0.035
3017.82262,11.848,0.031
3025.86602,11.966,0.031
3030.85234,11.977,0.032
3034.81748,12.035,0.031
3041.83329,12.136,0.034
3051.83822,12.193,0.03
3054.84615,11.85,0.031
3061.79542,12.108,0.031
3064.80844,11.87,0.035
3070.85558,11.92,0.033
3073.77451,12.141,0.033
3075.87089,11.876,0.032
3078.76629,11.961,0.033
3085.81511,11.828,0.036
3087.8165,11.921,0.033
3090.72958,12.059,0.036
3092.79623,11.867,0.042
3096.79243,12.226,0.032
3098.77266,12.116,0.032
3100.77021,11.89,0.033
3102.77352,11.852,0.033
3104.82648,11.937,0.032
3106.82232,11.813,0.033
3108.85474,11.88,0.031
3111.67791,12.165,0.031
3113.72512,12.192,0.031
3115.7329,12.106,0.031
3122.68162,11.846,0.03
3124.72028,11.875,0.03
3126.67276,12.065,0.034
3128.66954,12.29,0.044
3130.70941,12.138,0.034
3132.7308,12.356,0.032
3134.73324,12.275,0.033
3134.77992,12.041,0.036
3142.74384,11.842,0.03
3146.55778,12.316,0.034
3154.56706,11.868,0.03
3158.76256,11.966,0.034
3165.81001,11.935,0.044
3169.51465,11.931,0.031
3175.76793,11.955,0.031
3178.55623,11.992,0.031
3180.66771,12.028,0.031
3183.64037,11.911,0.03
3185.63394,12.127,0.036
3187.6569,12.19,0.032
3190.675,11.879,0.047
3384.8538,12.036,0.042
3385.82954,11.861,0.051
3387.85412,11.867,0.044
3388.82598,11.935,0.035
3391.85448,12.037,0.051
3392.85255,11.924,0.036
3395.86235,12.187,0.035
3399.81131,11.898,0.035
3402.85343,12.194,0.031
3405.84219,12.248,0.043
3411.83927,11.894,0.036
3414.84369,12.228,0.036
3417.84999,12.004,0.041
3426.77621,11.867,0.042
3431.85907,11.967,0.039
3434.78401,12.166,0.037
3438.79681,12.217,0.04
3442.79137,11.828,0.036
3444.8165,11.836,0.035
3447.75792,11.899,0.032
3450.767,12.179,0.05
3453.70646,12.123,0.052
3454.79557,12.066,0.033
3456.79276,11.83,0.036
3458.81216,11.791,0.032
3461.71458,11.911,0.038
3463.79652,11.825,0.031
3466.71348,11.797,0.036
3471.77357,12.102,0.03
3474.67884,11.812,0.036
3476.75376,12.221,0.031
3478.72894,11.828,0.034
3482.72764,11.949,0.041
3484.76149,11.925,0.046
3487.88064,12.045,0.037
3490.81305,12.054,0.037
3496.79893,11.914,0.035
3502.61952,11.979,0.037
3509.60559,12.089,0.032
3511.66925,11.875,0.034
3515.7496,11.93,0.035
3517.74346,11.921,0.031
3525.67198,11.976,0.046
3538.69475,12.187,0.033
3540.69099,12.094,0.043
3543.66781,12.247,0.038
3550.69233,12.155,0.037
3559.53665,12.228,0.047
3561.56431,12.167,0.033
3563.56977,12.204,0.032
3570.65561,11.865,0.033
3574.58509,11.899,0.032
3576.61351,11.967,0.03
3578.61788,11.842,0.037
3584.61384,12.031,0.04
3586.63318,12.078,0.039
3591.54402,12.038,0.038
3593.54667,11.898,0.033
3597.59754,11.928,0.048
3601.57886,11.939,0.034
3603.58476,12.137,0.03
3606.58631,11.882,0.032
3618.52587,12.039,0.037
3620.54897,12.137,0.044
3629.4791,11.822,0.036
3629.4817,11.88,0.039
3629.48496,11.886,0.037
3629.48751,11.891,0.04
3629.48999,11.898,0.035
3629.49251,11.863,0.036
3629.49494,11.981,0.034
3629.49737,11.95,0.035
3629.49988,11.943,0.034
3629.50238,11.941,0.034
3629.50491,12.03,0.033
3629.50744,12.022,0.034
3629.50997,12.276,0.034
3629.51247,12.352,0.034
3629.51805,12.168,0.034
3629.5239,12.17,0.035
3629.52922,12.172,0.034
3629.53205,12.172,0.035
3629.53424,12.329,0.037
3629.54933,12.217,0.04
3632.4973,12.209,0.037
3635.48907,12.01,0.048
3641.50353,12.157,0.033
3644.49851,12.177,0.041
3650.48697,11.881,0.035
3726.85594,12.158,0.042
3734.85914,11.865,0.042
3738.85114,12.186,0.038
3742.84973,12.052,0.045
3750.84405,12.112,0.046
3754.82443,12.035,0.04
3757.84378,12.049,0.04
3760.85839,11.806,0.049
3764.82182,12.354,0.047
3769.81928,12.365,0.043
3773.81063,12.054,0.04
3781.80712,12.038,0.037
3788.88594,11.93,0.039
3791.82963,11.871,0.04
3794.83106,12.126,0.038
3797.80059,12.224,0.036
3800.79695,12.033,0.036
3806.76704,11.839,0.037
3809.79065,12.224,0.039
3812.759,11.991,0.04
3815.74933,11.865,0.038
3817.81037,11.892,0.035
3820.73327,11.868,0.039
3822.80122,11.901,0.036
3825.7153,11.876,0.039
3827.79108,12.065,0.034
3830.7065,11.862,0.035
3832.75149,11.941,0.04
3834.74319,11.826,0.037
3836.75206,11.908,0.04
3848.75363,11.942,0.043
3850.76585,11.809,0.034
3852.80851,11.775,0.033
3859.72139,12.201,0.034
3861.71157,12.007,0.034
3867.69947,11.924,0.038
3869.72339,12.271,0.036
3871.71387,12.205,0.034
3874.80325,12.051,0.033
3877.59076,12.23,0.039
3880.63417,11.836,0.043
3882.68005,11.845,0.033
3887.61962,11.823,0.036
3889.6221,12.037,0.037
3891.59974,12.16,0.035
3893.60278,12.092,0.034
3896.66327,11.806,0.042
3898.69933,11.785,0.032
3900.71047,11.827,0.035
3902.72522,11.943,0.03
3904.75278,11.929,0.036
3906.74951,12.04,0.032
3909.69011,12.08,0.03
3913.69219,12.187,0.033
4104.86045,11.967,0.042
4109.86549,11.864,0.038
4128.82121,11.983,0.033
4131.86569,12.054,0.034
4134.87328,12.139,0.039
4137.84617,11.949,0.038
4141.83023,12.162,0.03
4144.86027,11.86,0.031
4152.82532,11.858,0.035
4155.8206,11.968,0.041
4158.80676,12.261,0.034
4161.78397,12.164,0.033
4164.77693,11.836,0.039
4167.78409,11.863,0.033
4173.83948,11.964,0.033
4176.76161,11.824,0.038
4179.80593,12.13,0.036
4182.74039,12.029,0.039
4184.80906,12.485,0.039
4188.75127,11.817,0.034
4190.79156,11.895,0.033
4192.78026,11.876,0.032
4197.80846,11.892,0.036
4200.7416,11.869,0.035
4203.75269,12.13,0.031
4205.75262,11.898,0.032
4208.84255,11.865,0.034
4215.70844,12.059,0.037
4227.76031,12.306,0.035
4229.76207,12.167,0.034
4231.76535,12.216,0.034
4233.76483,11.922,0.033
4235.78448,12.008,0.032
4238.59669,12.217,0.037
4246.69458,12.185,0.031
4250.59089,12.297,0.035
4253.74915,12.241,0.038
4255.78967,11.996,0.038
4258.54894,12.022,0.031
4268.57772,11.88,0.045
4273.6414,12.218,0.033
4276.56148,12.103,0.038
4278.6085,12.254,0.03
4283.74783,12.235,0.035
4285.73257,12.024,0.034
4289.72709,11.965,0.034
4291.72833,11.968,0.035
4293.71702,12.344,0.034
4296.46942,12.342,0.032
4298.50576,12.495,0.034
4300.48624,12.041,0.039
4302.58982,12.044,0.047
4304.53359,11.984,0.033
4306.5521,11.896,0.033
4308.59472,11.875,0.04
4310.67166,12.146,0.034
4315.67157,12.156,0.035
4319.56229,11.911,0.034
4330.60088,12.095,0.037
4332.59994,12.195,0.037
4334.58941,12.095,0.033
4339.5021,11.872,0.034
4343.56415,11.869,0.031
4345.58057,11.859,0.03
4348.49952,11.97,0.032
4350.51213,11.974,0.034
4352.53389,12.099,0.032
4355.53662,11.924,0.037
4357.53912,11.947,0.033
4359.53039,12.037,0.036
4361.529,12.351,0.035
4364.52253,12.05,0.034
4369.50069,12.089,0.038
4372.49539,11.821,0.036
4376.49014,12.052,0.03
4380.48626,12.186,0.035
4462.85545,12.171,0.037
4466.84569,11.863,0.038
4470.85388,12.122,0.046
4478.85164,12.04,0.04
4482.85414,12.123,0.036
4486.83305,12.291,0.035
4490.83169,11.947,0.033
4494.8098,12.011,0.035
4498.8562,12.045,0.037
4501.84829,11.884,0.042
4505.81165,12.36,0.034
4508.8773,11.937,0.035
4511.86007,12.015,0.031
4516.76136,11.914,0.042
4518.8231,11.828,0.034
4521.81399,12.217,0.035
4524.80302,12.203,0.032
4526.87587,12.074,0.033
4529.79027,12.253,0.03
4532.78661,11.98,0.032
4536.74858,12.136,0.031
4539.75805,12.168,0.044
4541.84792,11.896,0.03
4546.79871,11.999,0.036
4548.80086,12.063,0.035
4551.72609,12.192,0.033
4555.83877,11.872,0.033
4558.71476,12.371,0.033
4560.76635,12.224,0.038
4563.69522,12.31,0.038
4565.76207,12.038,0.029
4567.81542,11.887,0.031
4570.67469,12.265,0.032
4572.71351,12.322,0.035
4574.70382,12.022,0.035
4576.73029,12.067,0.034
4583.66516,11.947,0.033
4586.69508,12.164,0.034
4588.74567,12.286,0.04
4590.80302,12.235,0.035
4593.64137,11.949,0.032
4595.66608,11.943,0.032
4597.66933,11.817,0.034
4599.75403,11.926,0.034
4601.67716,12.235,0.032
4603.70076,12.144,0.034
4607.7458,12.148,0.04
4610.57708,11.89,0.035
4612.63852,12.043,0.042
4617.6339,11.976,0.037
4620.64303,12.202,0.036
4622.81403,12.177,0.038
4630.66458,11.914,0.032
4632.6703,11.989,0.032
4639.74272,11.946,0.033
4641.74174,11.873,0.032
4643.74075,11.905,0.041
4645.76893,11.902,0.039
4648.57429,11.858,0.032
4650.65027,12.212,0.033
4652.67028,12.134,0.031
4654.6505,11.886,0.041
4656.62805,11.951,0.033
4658.67342,11.791,0.039
4661.56141,12.28,0.036
4663.63909,11.946,0.04
4665.69518,11.762,0.039
4669.53965,11.885,0.037
4671.61605,11.904,0.033
4677.62915,11.881,0.041
4679.64153,12.088,0.038
4682.62403,11.949,0.041
4684.60756,12.125,0.043
4686.56532,12.011,0.043
4690.58988,11.849,0.04
4698.57454,12.437,0.041
4700.57812,12.08,0.042
4702.5922,11.952,0.039
4704.58219,11.837,0.042
4707.58209,12.176,0.039
4722.51252,12.095,0.035
4726.50858,11.881,0.043
4729.50146,11.98,0.04
4731.5273,12.178,0.05
4740.49389,11.905,0.034
4743.49876,12.079,0.041
4821.85628,12.268,0.035
4829.84801,11.951,0.032
4833.84801,12.268,0.035
4837.83641,12.012,0.035
4845.86579,11.984,0.035
4849.82246,11.87,0.034
4852.8585,12.274,0.03
4856.8589,12.182,0.033
4861.84608,12.618,0.045
4865.83565,11.959,0.039
4869.82301,12.117,0.034
4872.84031,11.813,0.034
4876.83341,11.99,0.034
4879.8496,11.857,0.033
4882.83009,11.991,0.032
4885.82882,12.346,0.041
4888.81306,12.089,0.043
4891.8074,11.891,0.038
4894.90064,11.94,0.044
4902.85818,11.789,0.047
4904.8425,12.039,0.045
4915.80825,11.936,0.041
4918.73994,11.876,0.043
4921.73128,12.243,0.043
4927.8578,12.186,0.047
4937.75153,12.108,0.041
4939.8323,12.225,0.042
4945.65946,11.97,0.041
4947.73039,12.14,0.04
4949.74327,12.18,0.043
4951.8365,12.054,0.041
4954.62539,11.93,0.044
4960.7044,11.912,0.045
4962.86894,12.259,0.043
4967.69314,12.036,0.052
4969.70713,12.121,0.051
4972.7583,12.058,0.04
4985.61924,11.954,0.043
4987.65164,11.923,0.047
4991.71461,11.945,0.045
4994.74293,12.287,0.042
5013.61076,11.944,0.049
5015.62235,11.86,0.044
5018.68194,12.335,0.047
5022.68671,11.925,0.05
5037.66781,12.22,0.044
5039.61836,12,0.045
5041.59979,11.974,0.043
5048.62442,11.919,0.047
5071.57082,12.256,0.048
5085.52998,11.997,0.045
5088.52595,12.36,0.049
5099.51356,11.874,0.047
5111.48643,11.922,0.043
