1929.85092,13.293,0.065
2125.49472,13.806,0.072
2129.4973,12.679,0.051
2132.47796,12.513,0.059
2135.4808,12.528,0.066
2140.48667,12.816,0.058
2497.48013,13.148,0.052
2502.48429,13.165,0.052
2503.50281,13.146,0.05
2511.4933,13.467,0.052
2521.4785,13.628,0.04
2652.86675,13.313,0.039
2671.85228,13.589,0.031
2678.84183,12.833,0.036
2681.84696,12.461,0.032
2685.83745,12.666,0.038
2686.82694,12.496,0.03
2689.81796,12.576,0.036
2693.90052,13.054,0.031
2699.79668,13.062,0.031
2709.79467,13.257,0.031
2711.78987,13.405,0.034
2713.7849,13.409,0.038
2715.77995,13.585,0.038
2720.82672,13.723,0.033
2722.76259,13.518,0.031
2726.77425,13.594,0.033
2727.79079,13.576,0.042
2730.76835,13.574,0.029
2737.72262,13.651,0.036
2739.74486,13.548,0.032
2743.69918,13.45,0.035
2744.73899,13.438,0.058
2749.8,12.607,0.035
2755.69988,12.512,0.038
2757.67383,13.037,0.032
2759.72097,12.636,0.041
2761.66493,12.349,0.048
2763.65907,12.47,0.03
2764.79376,13.386,0.029
2770.74124,13.193,0.029
2775.6776,13.15,0.052
2782.6536,13.147,0.034
2785.70036,13.437,0.037
2787.65351,13.415,0.029
2791.78487,13.629,0.037
2808.63933,13.548,0.036
2810.57597,13.696,0.035
2811.72428,12.768,0.033
2820.68802,12.497,0.034
2831.65184,12.97,0.036
2838.57045,12.708,0.033
2840.62164,12.978,0.034
2842.60154,12.986,0.036
2845.60747,13.312,0.033
2851.58018,13.39,0.033
2858.53168,13.226,0.031
2860.53969,13.31,0.032
2866.5378,13.643,0.036
2868.56598,13.422,0.035
2876.53398,13.595,0.031
2878.53039,13.512,0.035
2885.48416,13.552,0.036
2892.4845,13.558,0.032
3032.86819,12.299,0.038
3036.85817,12.482,0.043
3042.86429,12.812,0.034
3056.82376,13.357,0.048
3056.85936,13.238,0.04
3059.84476,13.504,0.039
3067.83579,13.519,0.031
3082.79335,13.88,0.04
3091.82246,13.375,0.034
3096.78754,13.52,0.037
3098.78577,13.095,0.042
3100.78277,12.539,0.032
3103.77943,12.357,0.051
3105.76692,12.406,0.037
3107.77148,12.554,0.03
3109.77345,12.802,0.035
3112.70803,12.424,0.036
3114.75609,12.918,0.038
3116.77716,13.117,0.033
3121.7167,12.931,0.049
3125.70655,13.054,0.037
3127.69845,13.164,0.048
3153.64408,13.416,0.037
3163.64928,13.627,0.037
3165.64182,13.37,0.045
3168.66031,13.289,0.046
3171.65424,13.238,0.037
3175.63883,12.97,0.035
3177.66398,12.559,0.031
3180.59039,13.145,0.037
3185.65716,12.73,0.033
3187.69133,13.18,0.032
3398.86735,12.953,0.062
3405.84977,13.295,0.047
3409.84943,13.47,0.045
3413.84242,12.969,0.048
3417.84084,13.568,0.043
3421.82798,13.426,0.053
3424.84341,13.458,0.04
3427.8338,13.509,0.053
3431.8787,13.464,0.055
3434.8309,13.701,0.043
3442.82181,13.399,0.047
3444.82179,13.311,0.05
3447.78552,13.601,0.048
3449.83433,12.37,0.056
3452.78585,13.175,0.039
3454.8083,12.329,0.075
3454.81668,12.495,0.086
3458.80729,12.798,0.044
3458.84761,12.803,0.056
3461.74655,12.606,0.047
3461.75725,12.477,0.06
3464.73715,12.639,0.042
3464.74577,12.652,0.079
3466.78641,12.86,0.071
3466.79587,12.927,0.043
3469.76778,12.969,0.045
3471.79128,13.119,0.082
3474.71702,12.876,0.046
3474.72793,13.032,0.051
3476.81691,13.431,0.096
3478.75459,13.345,0.057
3480.74447,13.148,0.047
3480.75033,13.505,0.101
3482.73644,13.407,0.075
3486.73715,13.097,0.049
3489.77322,13.694,0.076
3491.76552,14.05,0.075
3497.75661,13.712,0.045
3497.77377,13.454,0.04
3500.78326,13.357,0.086
3501.60839,13.478,0.038
3503.64892,13.813,0.042
3503.68004,13.65,0.089
3506.69688,13.352,0.065
3509.69313,13.461,0.055
3516.66211,13.731,0.051
3517.65123,13.774,0.047
3520.77474,12.703,0.1
3522.70298,12.908,0.087
3524.72789,12.516,0.049
3528.75087,12.964,0.07
3530.63291,13.002,0.051
3544.52814,12.447,0.049
3547.64341,13.142,0.061
3554.62911,13.228,0.041
3558.54003,13.109,0.05
3560.55296,13.418,0.099
3562.53213,13.117,0.07
3564.53928,13.272,0.044
3575.60035,13.552,0.054
3577.60883,13.555,0.052
3583.58772,13.695,0.083
3586.51688,13.401,0.099
3591.49612,13.506,0.043
3596.56108,13.293,0.085
3602.55363,12.355,0.053
3606.5035,12.404,0.064
3617.50965,12.792,0.05
3754.86507,13.043,0.042
3760.86217,13.107,0.04
3764.86176,13.137,0.062
3764.8675,13.331,0.042
3774.8526,13.484,0.07
3789.83893,13.787,0.038
3794.85832,13.661,0.065
3795.84487,13.74,0.045
3797.8311,13.737,0.064
3798.83436,13.698,0.086
3800.87932,12.47,0.045
3803.82677,12.847,0.077
3804.85174,12.609,0.073
3806.81163,12.4,0.038
3809.81882,12.542,0.062
3810.81134,12.607,0.08
3813.83544,12.848,0.052
3814.8352,13.08,0.057
3816.78798,12.694,0.049
3817.77948,12.682,0.054
3819.77528,12.747,0.048
3819.83094,13.063,0.082
3822.75974,12.761,0.042
3822.76526,12.997,0.045
3824.8533,13.109,0.037
3825.75781,13.158,0.042
3827.76411,13.254,0.09
3827.82246,13.186,0.048
3830.73989,13.296,0.045
3830.75373,13.242,0.043
3832.77037,13.225,0.076
3832.77301,13.223,0.061
3834.76251,13.313,0.083
3834.76746,13.451,0.053
3836.7639,13.376,0.041
3847.83521,13.429,0.102
3849.78523,13.432,0.076
3850.75105,13.531,0.093
3852.67844,13.52,0.051
3855.67716,13.76,0.058
3856.74287,13.574,0.086
3859.74253,13.494,0.076
3861.6581,13.592,0.076
3861.72853,13.677,0.042
3865.68768,13.289,0.044
3869.75591,13.034,0.077
3870.68424,13.579,0.043
3871.77789,12.426,0.053
3872.68237,13.6,0.057
3875.64953,13.617,0.087
3875.7725,12.771,0.068
3877.73757,12.636,0.051
3880.7297,12.667,0.051
3881.65656,13.341,0.066
3886.63884,12.531,0.064
3887.63011,12.437,0.039
3889.6293,12.474,0.055
3890.62219,12.492,0.058
3891.60962,12.509,0.069
3892.61485,12.647,0.07
3893.6094,12.579,0.064
3896.61457,12.723,0.039
3898.63911,12.876,0.073
3898.70566,13.277,0.057
3900.65636,13.256,0.064
3900.71667,13.416,0.039
3902.67557,13.463,0.062
3904.6999,13.619,0.101
3906.71224,13.511,0.047
3909.67114,13.487,0.068
3913.67113,13.716,0.105
3981.50571,13.48,0.065
4133.85882,13.2,0.041
4142.86609,13.395,0.046
4150.87438,13.476,0.048
4151.86576,13.28,0.043
4153.87519,12.599,0.049
4156.85638,12.428,0.042
4162.83542,12.525,0.043
4168.86143,13.002,0.054
4179.81926,13.182,0.048
4189.74484,13.122,0.048
4189.74796,13.58,0.039
4191.76297,13.47,0.038
4193.76998,13.402,0.048
4227.70061,13.16,0.039
4229.70412,13.464,0.054
4231.70862,12.797,0.06
4233.71019,12.366,0.042
4235.70529,12.387,0.069
4235.70825,12.663,0.069
4246.65091,12.93,0.04
4246.65365,12.964,0.046
4253.64016,12.977,0.048
4256.68064,13.3,0.047
4258.70835,13.608,0.04
4267.58643,13.182,0.055
4267.62987,13.589,0.072
4269.61729,13.217,0.062
4269.66054,13.622,0.046
4272.60043,13.597,0.047
4274.61205,13.458,0.058
4277.59911,13.341,0.044
4291.64627,13.517,0.046
4293.63582,13.728,0.051
4294.54748,13.44,0.06
4295.65161,13.422,0.053
4308.57237,12.5,0.062
4311.55896,12.381,0.054
4311.56882,12.518,0.055
4316.58945,12.894,0.046
4333.48622,13.304,0.037
4504.87364,13.522,0.041
4508.86778,12.578,0.046
4516.8542,12.625,0.048
4519.85504,12.877,0.045
4523.83245,13.074,0.036
4526.83551,13.047,0.048
4529.83462,13.173,0.039
4532.82476,13.229,0.043
4533.86357,13.34,0.043
4536.79706,13.236,0.049
4555.81174,13.527,0.052
4558.75748,13.665,0.053
4560.80331,13.454,0.045
4561.7967,13.612,0.054
4563.73872,13.781,0.055
4565.7834,13.831,0.062
4567.84342,13.548,0.066
4568.86289,12.533,0.075
4583.70052,13.592,0.038
4586.7222,12.451,0.037
4593.66045,12.43,0.039
4593.77389,13.255,0.059
4595.69453,12.789,0.052
4597.68082,12.622,0.047
4599.76411,13.106,0.066
4601.68539,13.171,0.071
4602.65709,12.775,0.057
4609.61794,12.987,0.075
4611.64603,13.265,0.077
4616.6404,13.391,0.054
4622.63793,13.414,0.069
4627.59472,13.542,0.05
4627.59765,13.492,0.055
4629.58279,13.488,0.052
4639.62085,13.543,0.048
4641.64708,13.391,0.046
4648.53503,13.516,0.097
4650.61837,13.744,0.07
4652.62748,13.107,0.041
4652.64169,12.781,0.042
4654.6108,13.261,0.085
4656.58076,13.34,0.06
4656.59602,13.347,0.045
4659.57974,13.05,0.038
4660.53835,13.181,0.044
4662.59309,12.46,0.058
4664.60716,12.682,0.038
4666.62881,13.073,0.042
4667.55552,12.599,0.045
4671.54851,12.712,0.05
4677.51013,12.614,0.075
4679.52639,13.023,0.082
4679.5812,13.216,0.045
4682.5159,13.171,0.06
4682.56511,13.285,0.052
4684.52022,13.294,0.075
4690.54484,13.382,0.037
4691.53024,13.391,0.05
4697.53694,13.378,0.041
4700.52505,13.606,0.074
4702.50869,13.399,0.036
4865.88146,12.473,0.041
4869.87341,12.79,0.054
4879.84845,12.882,0.051
4883.84034,13.497,0.099
4886.87532,13.287,0.055
4890.82688,13.489,0.069
4898.9007,14.148,0.071
4902.85369,13.504,0.058
4905.84273,13.444,0.062
4906.86395,13.778,0.087
4907.81715,13.298,0.076
4914.8422,13.439,0.07
4914.85292,13.406,0.082
4924.88928,12.473,0.082
4926.78927,13.789,0.054
4932.77087,12.775,0.051
4938.75504,12.513,0.074
4939.78442,12.623,0.062
4945.76097,12.885,0.078
4948.68626,12.52,0.044
4948.68949,12.614,0.067
4954.72937,13.293,0.083
4962.66448,13.097,0.046
4966.65842,12.947,0.054
4968.70936,12.872,0.057
4969.73258,13.457,0.066
4984.63305,13.279,0.048
4991.68924,13.504,0.052
5006.66044,12.445,0.08
5010.55507,13.638,0.054
5017.61834,12.747,0.068
5022.57863,12.678,0.057
5022.65031,13,0.053
5024.58152,12.911,0.063
5037.49705,13.033,0.048
5048.50831,13.279,0.053
5057.50723,13.297,0.061
5085.49042,12.474,0.048
5089.47606,12.479,0.048
