1905.87103,9.728,0.075
1907.86527,9.706,0.054
1919.8312,9.722,0.059
1921.8249,9.612,0.053
1926.80909,9.742,0.057
1930.81787,9.677,0.048
1932.80551,9.723,0.049
1936.83397,9.71,0.043
1938.83451,9.727,0.042
1940.81981,9.64,0.049
1946.7639,9.704,0.052
1948.79596,9.697,0.053
1950.76367,9.762,0.038
1953.78487,9.737,0.039
1954.80448,9.732,0.04
1955.81901,9.651,0.039
1958.86629,9.73,0.035
1961.81306,9.663,0.036
1963.76245,9.713,0.035
1964.83369,9.724,0.034
1965.88594,9.711,0.037
1967.76198,9.664,0.036
1976.84207,9.698,0.043
1978.73999,9.715,0.043
1979.74929,9.621,0.043
1980.73166,9.714,0.043
1981.75247,9.714,0.041
1982.75065,9.653,0.036
1984.76123,9.729,0.047
1985.768,9.674,0.045
1993.79869,9.594,0.052
1995.69884,9.713,0.054
1996.74195,9.702,0.051
1997.74156,9.682,0.05
2000.73295,9.763,0.048
2030.65547,9.708,0.055
2031.66918,9.659,0.062
2033.64478,9.706,0.052
2052.59426,9.651,0.067
2054.63269,9.73,0.063
2055.60769,9.691,0.065
2062.58311,9.748,0.069
2069.58995,9.747,0.063
2070.5804,9.63,0.059
2079.54057,9.658,0.053
2082.57144,9.688,0.063
2083.56576,9.709,0.059
2085.54361,9.63,0.055
2086.55227,9.711,0.06
2088.54704,9.625,0.058
2094.53579,9.645,0.064
2102.50484,9.726,0.056
2104.5061,9.743,0.062
2106.50606,9.652,0.057
2117.48954,9.788,0.062
2124.46777,9.693,0.063
2128.50746,9.608,0.056
2130.53592,9.754,0.062
2134.52854,9.771,0.059
2136.52445,9.725,0.06
2140.47501,9.642,0.069
2141.5183,9.637,0.058
2143.51914,9.744,0.063
2145.50367,9.753,0.061
2173.48973,9.708,0.076
2179.50838,9.701,0.05
2440.5693,9.713,0.036
2441.5749,9.743,0.042
2443.55975,9.712,0.028
2452.52454,9.736,0.033
2454.54593,9.655,0.036
2456.53022,9.754,0.037
2459.52797,9.722,0.061
2463.5296,9.656,0.062
2463.55046,9.712,0.054
2466.51228,9.675,0.029
2469.48563,9.644,0.033
2470.5139,9.648,0.039
2473.49592,9.688,0.038
2476.48403,9.794,0.056
2481.47488,9.648,0.04
2490.50948,9.755,0.03
2493.50768,9.738,0.032
2495.52469,9.648,0.038
2497.5256,9.687,0.031
2499.48919,9.734,0.031
2500.50346,9.671,0.041
2501.49429,9.644,0.041
2502.54235,9.694,0.037
2508.51745,9.713,0.032
2511.5511,9.633,0.046
2520.49489,9.713,0.039
2521.51658,9.761,0.048
2524.51936,9.748,0.039
2526.54815,9.672,0.066
2544.5063,9.673,0.035
2546.51459,9.735,0.057
2548.49882,9.682,0.041
2553.49839,9.71,0.036
2625.86109,9.726,0.055
2635.85268,9.669,0.045
2639.85263,9.687,0.044
2643.84647,9.728,0.043
2650.83628,9.657,0.037
2657.85748,9.617,0.046
2660.82781,9.661,0.046
2663.81543,9.64,0.041
2666.83028,9.682,0.041
2669.85785,9.668,0.051
2673.80516,9.723,0.043
2676.80949,9.749,0.041
2679.78622,9.731,0.048
2684.81869,9.729,0.053
2688.82832,9.666,0.056
2690.81286,9.719,0.053
2693.82576,9.704,0.063
2696.82771,9.781,0.053
2701.7893,9.745,0.047
2703.78223,9.652,0.05
2703.78747,9.644,0.041
2705.77849,9.7,0.047
2707.77473,9.729,0.047
2709.76946,9.676,0.038
2711.75939,9.657,0.05
2713.74708,9.749,0.048
2715.7496,9.655,0.043
2719.72402,9.771,0.055
2719.77292,9.712,0.062
2721.75033,9.64,0.074
2723.75271,9.719,0.057
2725.73264,9.737,0.048
2727.75238,9.635,0.051
2727.79085,9.725,0.056
2731.84612,9.732,0.043
2734.70238,9.746,0.051
2736.71202,9.643,0.049
2738.73054,9.774,0.059
2742.67734,9.673,0.056
2743.82069,9.713,0.047
2744.73,9.779,0.064
2749.82617,9.749,0.046
2751.65496,9.645,0.047
2755.67754,9.72,0.035
2757.64459,9.688,0.04
2761.64032,9.736,0.039
2764.70098,9.67,0.045
2766.80778,9.649,0.045
2775.69504,9.778,0.057
2776.78329,9.771,0.048
2782.74453,9.739,0.04
2784.64813,9.745,0.056
2787.72212,9.688,0.044
2791.52576,9.699,0.049
2794.60703,9.701,0.057
2808.73126,9.657,0.051
2810.58729,9.754,0.046
2811.73879,9.703,0.056
2813.668,9.673,0.045
2821.52351,9.701,0.058
2826.57973,9.741,0.034
2832.55941,9.733,0.062
2836.70361,9.631,0.059
2840.59868,9.609,0.046
2845.59052,9.735,0.034
2853.49494,9.727,0.04
2854.58047,9.735,0.037
2858.58552,9.67,0.039
2859.64795,9.723,0.044
2861.62182,9.782,0.048
2866.58758,9.712,0.044
2874.5976,9.683,0.051
2876.59,9.738,0.047
2878.58932,9.653,0.064
2882.54981,9.749,0.055
2884.55294,9.696,0.048
2885.58631,9.738,0.044
2893.51217,9.759,0.053
2895.52257,9.637,0.047
2901.5268,9.671,0.058
2905.5186,9.678,0.045
2908.52847,9.668,0.054
2911.48954,9.708,0.046
2922.48632,9.685,0.056
2991.85641,9.707,0.051
3005.85856,9.686,0.039
3009.8444,9.753,0.041
3013.85723,9.72,0.047
3017.86208,9.652,0.044
3030.86491,9.646,0.037
3034.83267,9.741,0.048
3041.84637,9.701,0.049
3051.84861,9.655,0.043
3054.86845,9.697,0.039
3061.81404,9.746,0.038
3064.81642,9.711,0.049
3068.75873,9.676,0.035
3073.79329,9.715,0.045
3076.77353,9.723,0.043
3078.84245,9.736,0.045
3081.77335,9.682,0.047
3085.83079,9.63,0.047
3087.83221,9.744,0.044
3090.74879,9.65,0.055
3092.81197,9.707,0.036
3096.81838,9.724,0.042
3098.79609,9.687,0.048
3100.78814,9.632,0.038
3102.78468,9.735,0.039
3104.84304,9.656,0.035
3106.83838,9.765,0.048
3108.8713,9.64,0.045
3111.69957,9.678,0.049
3113.74464,9.746,0.039
3115.76499,9.68,0.034
3118.83093,9.746,0.044
3122.69257,9.752,0.032
3124.73125,9.629,0.036
3126.68647,9.662,0.044
3128.68494,9.751,0.051
3130.71528,9.629,0.039
3132.73668,9.737,0.048
3134.7391,9.626,0.039
3134.77272,9.658,0.051
3142.74704,9.766,0.034
3146.56357,9.661,0.032
3153.67192,9.759,0.032
3153.79097,9.696,0.034
3153.80446,9.706,0.033
3153.8232,9.757,0.033
3153.86156,9.761,0.035
3154.49396,9.649,0.034
3154.87205,9.722,0.036
3158.7101,9.677,0.054
3160.72103,9.765,0.074
3163.73504,9.748,0.047
3165.7529,9.619,0.055
3168.76312,9.714,0.045
3171.7202,9.65,0.044
3175.71109,9.707,0.035
3177.78036,9.712,0.053
3177.78331,9.706,0.052
3180.63537,9.744,0.049
3183.63008,9.739,0.048
3185.62128,9.631,0.035
3187.64937,9.701,0.052
3190.66745,9.764,0.05
3219.54129,9.737,0.036
3385.82954,9.715,0.062
3387.85412,9.723,0.061
3388.85266,9.76,0.045
3392.85255,9.637,0.057
3396.83509,9.706,0.051
3403.83832,9.763,0.062
3406.85616,9.756,0.067
3409.85627,9.746,0.059
3412.84459,9.69,0.054
3415.83403,9.727,0.058
3418.85856,9.663,0.069
3421.84421,9.684,0.05
3424.83093,9.675,0.057
3427.8207,9.707,0.058
3436.80969,9.707,0.041
3445.80755,9.772,0.046
3450.767,9.683,0.059
3453.70646,9.658,0.068
3455.72095,9.703,0.044
3457.75921,9.679,0.044
3459.76907,9.679,0.06
3462.72644,9.675,0.057
3464.78414,9.731,0.05
3467.73099,9.753,0.051
3469.81107,9.696,0.052
3472.70992,9.727,0.048
3474.75573,9.733,0.044
3477.68014,9.624,0.037
3479.74329,9.981,0.049
3481.72235,9.62,0.054
3483.72253,9.742,0.044
3487.69076,9.667,0.039
3492.70539,9.931,0.057
3496.69814,9.647,0.032
3499.70081,9.632,0.055
3501.74663,9.718,0.075
3503.74061,9.662,0.051
3506.74298,9.655,0.032
3509.72992,9.625,0.042
3511.798,9.7,0.048
3515.77062,9.741,0.042
3517.76099,9.732,0.053
3523.70703,9.743,0.058
3525.73805,9.656,0.052
3530.55047,9.741,0.052
3537.78434,9.713,0.061
3539.60327,9.697,0.04
3544.51579,9.729,0.078
3547.63114,9.728,0.036
3554.64718,9.661,0.048
3556.74231,9.653,0.035
3559.73661,9.639,0.055
3562.4753,9.743,0.05
3564.51854,9.705,0.045
3569.66765,9.756,0.046
3571.69298,9.623,0.049
3574.70041,9.659,0.049
3577.56997,9.761,0.052
3583.66605,9.664,0.054
3586.53755,9.717,0.057
3588.57441,9.655,0.069
3590.65861,9.702,0.052
3593.49354,9.682,0.052
3597.55861,9.667,0.068
3601.54865,9.742,0.056
3603.5589,9.66,0.051
3606.56392,9.633,0.049
3617.54596,9.786,0.05
3620.49043,9.711,0.059
3622.54937,9.625,0.06
3628.53322,9.624,0.051
3629.4791,9.689,0.056
3629.4817,9.718,0.059
3629.48496,9.7,0.057
3629.48751,9.714,0.059
3629.48999,9.735,0.056
3629.49251,9.737,0.056
3629.49494,9.746,0.057
3629.49737,9.751,0.055
3629.49988,9.76,0.055
3629.50238,9.747,0.055
3629.50491,9.74,0.054
3629.50744,9.762,0.055
3629.50997,9.782,0.056
3629.51247,9.77,0.056
3629.51805,9.774,0.056
3629.5239,9.752,0.058
3629.52922,9.737,0.056
3629.53424,9.746,0.059
3629.54933,9.763,0.061
3631.50247,10.008,0.055
3633.52186,9.737,0.06
3642.5078,9.672,0.049
3649.48845,9.651,0.05
3728.85237,9.745,0.059
3736.85211,9.674,0.058
3740.8463,9.682,0.063
3744.84882,9.767,0.061
3748.83905,9.733,0.056
3752.82962,9.655,0.066
3756.84385,9.711,0.063
3759.85821,9.672,0.055
3767.83139,9.696,0.064
3772.82742,9.758,0.056
3775.84618,9.718,0.061
3779.80933,9.702,0.067
3783.85015,9.693,0.063
3789.79346,9.647,0.062
3795.81359,9.67,0.058
3802.76464,9.746,0.073
3804.85664,9.737,0.061
3807.88157,9.743,0.055
3810.77886,9.653,0.055
3812.83933,9.664,0.055
3815.76868,9.76,0.058
3817.81409,9.669,0.056
3820.75546,9.706,0.055
3822.80953,9.76,0.059
3825.73514,9.64,0.062
3827.80567,9.695,0.052
3830.72975,9.737,0.056
3832.76323,9.672,0.053
3834.75365,9.722,0.053
3836.7679,9.694,0.058
3848.73775,9.719,0.072
3850.7528,9.674,0.056
3852.79652,9.71,0.056
3861.71811,9.734,0.051
3863.69538,9.724,0.056
3865.68942,9.671,0.055
3867.70254,9.759,0.065
3869.7308,9.623,0.063
3871.72408,9.712,0.055
3874.81494,9.895,0.055
3877.59812,9.744,0.049
3882.68665,9.742,0.054
3886.71194,9.876,0.052
3890.67998,9.615,0.052
3894.66469,9.731,0.046
3897.70987,9.667,0.073
3902.55387,9.757,0.068
3904.57849,9.637,0.052
3906.59591,9.727,0.05
3908.59065,9.702,0.058
3981.54269,9.704,0.052
4105.85594,9.753,0.046
4125.82473,9.699,0.036
4128.84601,9.615,0.035
4132.82403,9.758,0.047
4135.85293,9.763,0.05
4141.83274,9.724,0.038
4144.86701,9.661,0.041
4155.83928,9.72,0.044
4158.8285,9.854,0.043
4161.79934,9.662,0.042
4164.79986,9.685,0.051
4167.79374,9.659,0.04
4173.84231,9.732,0.038
4176.77824,9.66,0.042
4179.82028,9.74,0.045
4182.76282,9.663,0.039
4184.83239,9.623,0.048
4188.76989,9.689,0.034
4190.80682,9.683,0.035
4192.7832,9.663,0.036
4194.78746,9.749,0.042
4197.81145,9.736,0.058
4200.75047,9.727,0.034
4203.77155,9.753,0.036
4205.76807,9.675,0.039
4208.86051,9.766,0.045
4213.73877,9.663,0.041
4216.72924,9.655,0.038
4227.70257,9.729,0.032
4229.70617,9.701,0.039
4231.71291,9.686,0.037
4233.71239,9.737,0.032
4235.71047,9.651,0.036
4250.60055,9.756,0.04
4253.75828,9.708,0.04
4255.79269,9.623,0.051
4258.55975,9.723,0.036
4269.70076,9.644,0.035
4272.62496,9.744,0.033
4274.637,9.624,0.035
4276.77774,9.677,0.045
4278.65339,9.669,0.035
4282.6564,9.784,0.054
4284.66144,9.674,0.045
4290.65317,9.618,0.032
4296.61031,9.676,0.038
4298.61493,9.664,0.043
4300.57221,9.701,0.043
4302.6207,9.639,0.039
4304.56406,9.651,0.033
4306.581,9.734,0.034
4308.61919,9.63,0.052
4310.67934,9.674,0.039
4312.68186,9.658,0.047
4315.67918,9.66,0.037
4319.56988,9.719,0.033
4330.49638,9.737,0.035
4332.5193,9.705,0.037
4334.53576,9.705,0.033
4338.56027,9.669,0.035
4341.52287,9.667,0.038
4343.53208,9.726,0.035
4345.54757,9.697,0.036
4347.54313,9.655,0.036
4349.54095,9.755,0.044
4351.55747,9.634,0.048
4354.54242,9.668,0.035
4356.55523,9.73,0.037
4358.54784,9.736,0.035
4360.52459,9.615,0.059
4363.52099,9.648,0.034
4368.5068,9.723,0.041
4371.48853,9.701,0.042
4375.48524,9.668,0.036
4377.50429,9.716,0.037
4380.49369,9.712,0.043
4471.85955,9.735,0.057
4479.85037,9.729,0.044
4485.86197,9.643,0.037
4488.84834,9.663,0.041
4492.82206,9.768,0.038
4498.85864,9.724,0.036
4501.8509,9.713,0.037
4505.81502,9.644,0.04
4514.88895,9.712,0.044
4518.79838,9.639,0.044
4521.8201,9.636,0.036
4524.81824,9.682,0.036
4527.81543,9.684,0.035
4530.80293,9.667,0.036
4533.85285,9.725,0.038
4536.8014,9.734,0.034
4539.78437,9.684,0.054
4542.7835,9.707,0.046
4546.80819,9.636,0.043
4548.80802,9.756,0.042
4551.74788,9.677,0.045
4553.80942,9.665,0.036
4555.86177,9.764,0.04
4558.73375,9.662,0.034
4560.78831,9.751,0.035
4563.7179,9.652,0.036
4565.7697,9.692,0.036
4567.82307,9.761,0.038
4570.69852,9.701,0.035
4572.72856,9.726,0.039
4574.71874,9.724,0.043
4576.73335,9.625,0.045
4579.82924,9.707,0.05
4583.67771,9.765,0.036
4586.7172,9.686,0.034
4588.76377,9.731,0.04
4593.64485,9.68,0.035
4595.68711,9.708,0.032
4597.68604,9.656,0.033
4599.76954,9.659,0.043
4601.69015,9.698,0.036
4603.71077,9.71,0.042
4610.58759,9.732,0.04
4612.64608,9.607,0.045
4616.65312,9.689,0.034
4618.67083,9.701,0.044
4626.57938,9.709,0.034
4630.60919,9.653,0.036
4632.63172,9.73,0.037
4639.64025,9.747,0.037
4641.66438,9.662,0.035
4643.66494,9.702,0.04
4645.66994,9.747,0.036
4647.74215,9.743,0.042
4649.72798,9.748,0.054
4652.54413,9.708,0.046
4654.53032,9.645,0.039
4656.54162,9.741,0.044
4658.63753,9.759,0.05
4663.60186,9.76,0.044
4665.67261,9.719,0.045
4667.68798,9.719,0.054
4671.596,9.664,0.033
4677.60891,9.728,0.042
4679.62384,9.76,0.035
4682.60676,9.731,0.043
4684.5698,9.746,0.043
4686.54767,9.649,0.04
4690.57493,9.729,0.037
4698.52266,9.635,0.043
4700.53242,9.716,0.035
4702.55718,9.695,0.038
4704.54491,9.607,0.046
4707.55963,9.68,0.053
4716.5449,9.714,0.043
4721.53629,9.783,0.043
4725.51974,9.657,0.054
4731.48298,9.654,0.06
4739.50639,9.725,0.044
4829.8578,9.684,0.053
4833.86012,9.754,0.05
4837.84987,9.703,0.039
4846.83871,9.739,0.04
4849.85529,9.767,0.046
4852.86507,9.725,0.038
4857.82332,9.708,0.037
4861.86747,9.72,0.04
4865.85,9.693,0.049
4869.84311,9.649,0.04
4872.84706,9.634,0.046
4876.83676,9.719,0.043
4879.86337,9.69,0.043
4883.79715,9.732,0.038
4886.82634,9.745,0.064
4892.81688,9.758,0.056
4904.80577,9.872,0.059
4907.77896,9.745,0.057
4915.81504,9.693,0.057
4918.7511,9.68,0.06
4921.7448,9.672,0.056
4926.79052,9.759,0.056
4929.81086,9.726,0.065
4932.7654,9.764,0.071
4934.8288,9.677,0.073
4937.7062,9.751,0.06
4939.7559,9.682,0.058
4945.6688,9.7,0.055
4947.73353,9.772,0.057
4949.74649,9.638,0.059
4951.83962,9.688,0.059
4954.64611,9.687,0.054
4959.75531,9.708,0.069
4962.65729,9.71,0.067
4967.70326,9.637,0.059
4969.71811,9.742,0.053
4972.77079,9.723,0.056
4974.8473,9.734,0.06
4984.64189,9.661,0.063
4988.6752,9.661,0.071
4993.75406,9.661,0.059
5009.56957,9.697,0.065
5014.58465,9.691,0.056
5017.63162,9.71,0.074
5019.68027,9.641,0.07
5021.69189,9.756,0.057
5023.69509,9.602,0.058
5031.59925,9.635,0.049
5037.53211,9.73,0.048
5039.52482,9.63,0.056
5041.53482,9.719,0.052
5048.54863,9.69,0.054
5057.56072,9.955,0.056
5063.57081,9.746,0.06
5084.56726,9.669,0.058
5089.52742,9.651,0.065
5092.52452,9.644,0.057
5098.50266,9.634,0.064
5105.4931,9.748,0.07
5111.494,9.838,0.055
