1903.84228,10.776,0.038
1905.85549,10.777,0.036
1907.85196,10.781,0.032
1914.80834,10.709,0.036
1914.8619,10.733,0.032
1918.85233,10.698,0.034
1919.81456,10.681,0.037
1920.8623,10.663,0.034
1921.8136,10.654,0.035
1922.85314,10.65,0.031
1924.84717,10.616,0.031
1924.87766,10.648,0.036
1925.86787,10.628,0.032
1926.8643,10.617,0.031
1926.87742,10.602,0.033
1928.8418,10.611,0.035
1929.80544,10.599,0.032
1930.84324,10.571,0.029
1932.80097,10.583,0.032
1932.84239,10.566,0.029
1935.75708,10.596,0.031
1935.80493,10.577,0.028
1937.82602,10.614,0.031
1938.81767,10.585,0.03
1939.82881,10.604,0.031
1946.75408,10.642,0.036
1946.80802,10.597,0.034
1948.79288,10.632,0.035
1948.8461,10.658,0.032
1950.76138,10.699,0.031
1953.78253,10.691,0.036
1953.79788,10.668,0.034
1954.81292,10.736,0.05
1955.8121,10.708,0.034
1955.82748,10.712,0.033
1958.82035,10.748,0.04
1958.87702,10.708,0.035
1961.80389,10.729,0.039
1961.83517,10.716,0.037
1963.74156,10.759,0.036
1963.80144,10.729,0.032
1964.81052,10.748,0.036
1964.85566,10.74,0.031
1965.8108,10.744,0.036
1966.78237,10.751,0.035
1966.84818,10.839,0.039
1967.91055,10.707,0.047
1968.73362,10.741,0.039
1971.8956,10.763,0.041
1976.83278,10.781,0.043
1976.86823,10.731,0.04
1977.76101,10.744,0.044
1978.7784,10.744,0.045
1979.78118,10.764,0.042
1980.72681,10.731,0.047
1981.7476,10.787,0.044
1981.78443,10.75,0.038
1982.74574,10.769,0.041
1982.75875,10.778,0.038
1983.89879,10.778,0.041
1984.75173,10.797,0.047
1984.80854,10.791,0.043
1985.74952,10.77,0.048
1985.80536,10.805,0.043
1985.87948,10.795,0.049
1993.78699,10.801,0.047
1994.67502,10.752,0.04
1995.67531,10.803,0.051
1996.72262,10.813,0.047
1996.7826,10.797,0.044
1997.72749,10.769,0.046
1998.72058,10.755,0.05
1998.775,10.778,0.047
2000.71663,10.743,0.05
2000.76428,10.76,0.045
2008.68418,10.72,0.047
2016.72896,10.762,0.048
2025.68406,10.754,0.031
2025.69331,10.753,0.033
2026.66849,10.773,0.042
2026.70204,10.782,0.031
2027.66047,10.775,0.033
2027.6986,10.757,0.032
2030.64247,10.774,0.032
2030.68852,10.748,0.033
2031.66401,10.758,0.032
2031.70321,10.745,0.038
2032.64276,10.75,0.031
2032.69028,10.746,0.035
2033.62835,10.75,0.034
2033.67551,10.766,0.028
2037.64176,10.736,0.04
2037.66509,10.751,0.039
2040.63588,10.768,0.042
2040.68071,10.729,0.048
2051.64945,10.786,0.039
2052.61398,10.756,0.039
2053.53528,10.788,0.041
2053.65825,10.787,0.037
2054.60722,10.776,0.042
2054.65686,10.835,0.045
2055.59114,10.819,0.039
2055.63646,10.755,0.039
2056.60406,10.829,0.041
2056.64025,10.792,0.036
2057.63457,10.791,0.043
2058.63515,10.779,0.037
2067.58545,10.745,0.042
2067.61079,10.817,0.038
2068.57553,10.812,0.038
2068.61407,10.79,0.04
2069.5804,10.8,0.039
2069.61892,10.787,0.034
2070.57086,10.819,0.039
2070.60485,10.789,0.04
2079.53556,10.859,0.035
2079.57417,10.854,0.035
2081.54213,10.883,0.036
2081.57927,10.826,0.036
2082.60845,10.861,0.035
2083.53576,10.846,0.035
2083.58827,10.926,0.041
2085.54091,10.86,0.033
2085.57274,10.882,0.03
2086.54285,10.877,0.037
2087.57843,10.848,0.039
2088.53757,10.843,0.037
2088.56944,10.848,0.034
2093.50914,10.877,0.037
2093.52311,10.887,0.038
2094.52641,10.891,0.042
2094.56071,10.892,0.036
2096.51731,10.88,0.043
2102.4955,10.92,0.036
2102.53427,10.919,0.032
2103.54948,10.933,0.046
2104.5538,10.897,0.032
2105.54625,10.948,0.034
2106.49445,10.949,0.036
2106.5526,10.933,0.034
2115.47141,10.807,0.037
2115.50578,10.774,0.033
2116.51824,10.694,0.032
2117.49164,10.715,0.035
2117.5216,10.667,0.032
2124.49311,10.501,0.039
2124.55597,10.489,0.042
2128.48984,10.421,0.03
2128.5119,10.454,0.035
2130.51629,10.398,0.034
2130.54264,10.402,0.036
2132.51235,10.407,0.032
2132.53653,10.412,0.036
2134.50633,10.363,0.03
2134.53764,10.401,0.038
2136.50268,10.356,0.032
2136.52906,10.397,0.035
2141.50553,10.417,0.035
2142.52852,10.403,0.037
2143.49965,10.424,0.032
2144.51106,10.412,0.037
2145.491,10.443,0.034
2151.54465,10.437,0.042
2156.52979,10.529,0.044
2158.47741,10.562,0.037
2169.5056,10.757,0.041
2172.54505,10.749,0.034
2173.49494,10.784,0.041
2178.50149,10.784,0.038
2185.49749,10.821,0.041
2189.50367,10.779,0.048
2440.56197,10.682,0.037
2440.5985,10.657,0.03
2441.56536,10.7,0.036
2441.59951,10.675,0.026
2442.55953,10.673,0.037
2443.557,10.669,0.033
2446.60137,10.676,0.026
2452.52186,10.768,0.042
2452.5584,10.755,0.044
2454.54071,10.797,0.037
2454.57077,10.746,0.036
2456.51847,10.774,0.041
2456.55956,10.742,0.032
2459.51854,10.798,0.04
2463.55693,10.75,0.032
2464.50679,10.758,0.04
2464.55127,10.732,0.034
2465.55047,10.748,0.036
2466.4984,10.743,0.04
2466.54672,10.725,0.035
2467.55159,10.743,0.028
2468.54612,10.709,0.027
2469.54046,10.715,0.036
2470.5629,10.648,0.04
2473.48829,10.717,0.043
2473.53268,10.673,0.044
2476.48607,10.701,0.052
2481.46791,10.74,0.049
2481.50229,10.694,0.046
2490.48973,10.677,0.037
2490.50266,10.669,0.036
2493.49253,10.65,0.04
2493.51221,10.685,0.042
2495.4981,10.631,0.047
2495.53143,10.631,0.041
2497.50567,10.606,0.035
2497.52785,10.625,0.033
2499.49374,10.61,0.033
2501.48817,10.562,0.043
2501.49658,10.613,0.042
2502.53625,10.577,0.037
2502.54466,10.588,0.042
2503.54537,10.569,0.045
2503.5538,10.557,0.043
2508.51981,10.539,0.031
2511.55349,10.48,0.045
2512.51451,10.471,0.028
2512.5896,10.476,0.037
2519.60153,10.405,0.04
2520.60423,10.432,0.028
2521.53093,10.512,0.033
2521.61386,10.422,0.026
2524.52687,10.477,0.038
2524.58765,10.461,0.039
2529.51934,10.5,0.049
2540.50578,10.604,0.048
2540.50861,10.499,0.045
2543.53759,10.576,0.031
2545.50773,10.643,0.029
2545.51051,10.601,0.025
2547.51365,10.656,0.031
2548.48505,10.673,0.033
2549.51152,10.677,0.03
2552.50763,10.73,0.038
2553.48704,10.747,0.034
2558.49648,10.819,0.04
2559.5179,10.841,0.05
2560.52465,10.848,0.029
2568.49551,10.835,0.033
2624.85169,10.635,0.032
2630.8483,10.613,0.033
2635.84578,10.652,0.035
2639.84568,10.661,0.028
2643.8395,10.66,0.031
2643.85834,10.66,0.03
2646.84309,10.653,0.031
2650.82698,10.639,0.029
2651.84803,10.648,0.028
2655.85839,10.607,0.029
2657.83678,10.63,0.037
2659.83307,10.59,0.03
2660.80241,10.602,0.036
2662.85196,10.595,0.03
2663.81063,10.587,0.033
2664.85379,10.61,0.029
2667.85502,10.607,0.031
2669.8486,10.653,0.041
2671.83603,10.66,0.029
2672.86878,10.647,0.038
2677.82843,10.713,0.045
2679.8373,10.679,0.052
2684.81394,10.708,0.033
2685.80931,10.691,0.029
2686.81557,10.722,0.037
2688.81905,10.718,0.043
2689.8407,10.712,0.03
2690.80272,10.715,0.044
2693.80878,10.698,0.033
2696.80171,10.706,0.039
2697.85889,10.696,0.027
2699.74919,10.702,0.033
2700.83269,10.689,0.036
2701.77508,10.714,0.042
2703.76877,10.748,0.044
2703.77977,10.767,0.028
2705.76125,10.742,0.045
2707.76063,10.766,0.041
2707.81409,10.749,0.045
2709.74698,10.789,0.045
2709.80076,10.751,0.035
2711.73935,10.776,0.049
2711.80587,10.786,0.036
2713.7909,10.764,0.037
2717.82763,10.768,0.042
2719.77482,10.72,0.027
2720.68275,10.721,0.03
2721.76883,10.728,0.035
2722.73686,10.701,0.032
2724.75638,10.678,0.043
2726.76691,10.706,0.036
2727.78115,10.715,0.039
2728.76231,10.687,0.042
2730.76099,10.692,0.041
2733.75488,10.72,0.043
2734.72681,10.718,0.034
2735.75363,10.741,0.038
2736.74084,10.741,0.028
2737.70153,10.739,0.041
2738.75479,10.924,0.038
2739.73979,10.78,0.029
2740.76443,10.795,0.039
2741.70037,10.758,0.039
2742.70807,10.775,0.043
2743.68045,10.799,0.038
2744.81313,10.741,0.045
2750.82606,10.741,0.03
2750.86871,10.766,0.033
2752.73043,10.718,0.027
2755.65185,10.699,0.028
2755.71312,10.681,0.029
2757.63939,10.678,0.038
2757.68715,10.697,0.038
2759.69802,10.687,0.042
2759.75252,10.708,0.03
2761.63283,10.702,0.043
2761.69218,10.683,0.027
2763.68169,10.69,0.026
2764.69579,10.711,0.037
2766.74412,10.695,0.028
2766.77224,10.708,0.038
2770.66409,10.692,0.042
2775.79193,10.646,0.037
2775.7943,10.659,0.036
2783.61888,10.696,0.045
2783.63507,10.65,0.03
2785.62598,10.635,0.045
2786.61849,10.603,0.028
2786.85354,10.668,0.036
2791.72447,10.651,0.039
2809.63986,10.643,0.033
2809.64256,10.64,0.029
2810.78046,10.669,0.031
2810.78316,10.637,0.029
2812.58981,10.644,0.04
2812.60163,10.659,0.027
2813.75817,10.703,0.039
2813.76764,10.675,0.035
2819.68887,10.741,0.029
2819.69435,10.743,0.026
2821.67344,10.734,0.035
2830.5775,10.79,0.047
2831.71319,10.805,0.027
2832.7534,10.802,0.028
2833.65746,10.829,0.048
2834.61022,10.814,0.028
2835.72864,10.824,0.028
2838.71928,10.834,0.027
2840.59117,10.84,0.03
2840.75678,10.79,0.03
2845.57798,10.838,0.028
2853.55908,10.901,0.029
2853.56202,10.873,0.024
2854.71303,10.882,0.024
2855.55271,10.881,0.029
2858.60777,10.915,0.025
2859.67312,10.905,0.031
2860.58833,10.882,0.03
2861.63192,10.885,0.029
2862.56535,10.91,0.031
2867.50048,10.892,0.034
2867.50585,10.849,0.039
2874.57416,10.717,0.043
2876.57214,10.637,0.033
2878.5658,10.61,0.03
2878.56874,10.665,0.029
2882.53816,10.574,0.036
2883.53452,10.55,0.028
2884.54356,10.544,0.031
2885.53201,10.602,0.028
2885.57425,10.545,0.03
2888.55927,10.504,0.03
2893.56954,10.547,0.03
2894.49743,10.546,0.035
2895.57587,10.592,0.03
2896.53104,10.594,0.031
2898.52476,10.581,0.032
2900.51975,10.609,0.03
2904.51174,10.7,0.046
2905.55006,10.68,0.028
2906.50755,10.682,0.031
2908.56647,10.699,0.029
2909.51111,10.71,0.032
2910.55928,10.739,0.051
2912.50613,10.724,0.035
2912.54945,10.724,0.027
2915.55693,10.74,0.029
2922.51984,10.73,0.03
2926.50041,10.697,0.041
2928.5104,10.675,0.03
2931.50074,10.677,0.027
2933.50837,10.697,0.028
2995.85134,10.647,0.031
3003.85794,10.639,0.03
3007.83922,10.64,0.029
3011.84132,10.628,0.035
3012.86489,10.592,0.04
3017.82262,10.589,0.03
3019.85869,10.509,0.04
3025.86602,10.546,0.03
3030.85234,10.564,0.033
3031.8588,10.552,0.028
3034.81748,10.577,0.03
3035.85256,10.553,0.029
3041.83329,10.627,0.034
3041.88442,10.631,0.033
3051.83822,10.748,0.03
3052.82532,10.793,0.028
3054.84615,11.033,0.028
3055.84795,10.799,0.028
3059.81113,10.812,0.028
3061.79542,10.851,0.029
3064.80844,10.842,0.035
3066.86814,10.812,0.029
3069.84334,10.818,0.03
3070.85558,10.834,0.032
3072.83402,10.81,0.028
3073.77451,10.837,0.031
3075.85964,10.803,0.027
3075.87089,10.818,0.031
3078.76629,10.786,0.032
3078.81418,10.748,0.031
3081.80382,10.766,0.028
3085.81511,10.707,0.036
3086.83388,10.662,0.027
3087.8165,10.675,0.031
3089.7912,10.627,0.029
3090.72958,10.61,0.038
3092.76524,10.58,0.026
3092.79623,10.594,0.041
3096.79243,10.532,0.031
3097.73946,10.547,0.029
3098.77266,10.525,0.031
3099.80777,10.507,0.031
3100.77021,10.504,0.032
3101.8424,10.524,0.032
3102.77352,10.514,0.033
3104.74331,10.518,0.03
3104.82648,10.492,0.031
3106.80348,10.492,0.031
3106.82232,10.508,0.033
3108.84141,10.449,0.027
3108.85474,10.475,0.029
3111.67791,10.454,0.03
3111.73713,10.559,0.033
3113.72512,10.467,0.029
3113.79253,10.429,0.027
3115.7329,10.431,0.03
3115.84975,10.44,0.028
3121.77661,10.399,0.028
3122.68162,10.39,0.028
3124.70442,10.399,0.027
3124.72028,10.415,0.03
3126.67276,10.691,0.033
3126.73197,10.415,0.031
3128.66954,10.434,0.044
3128.71663,10.455,0.036
3130.70941,10.445,0.034
3130.74526,10.446,0.033
3132.7308,10.492,0.031
3132.78429,10.444,0.033
3134.73324,10.492,0.032
3134.77992,10.505,0.031
3142.74384,10.592,0.028
3146.55778,10.596,0.035
3146.60546,10.584,0.027
3154.56706,10.622,0.027
3156.74408,10.624,0.029
3158.76256,10.648,0.035
3158.79965,10.651,0.033
3162.61063,10.632,0.027
3164.65187,10.623,0.027
3165.81001,10.642,0.045
3166.76779,10.621,0.029
3169.51465,10.63,0.03
3169.57551,10.642,0.028
3175.76793,10.66,0.031
3175.77429,10.627,0.027
3178.55623,10.659,0.031
3178.57955,10.679,0.027
3180.66771,10.682,0.03
3180.68389,10.683,0.029
3183.64037,10.717,0.03
3185.63394,10.723,0.037
3187.6569,10.739,0.033
3187.67286,10.765,0.03
3190.675,10.738,0.039
3190.68336,10.765,0.037
3384.8538,10.791,0.043
3387.85965,10.853,0.042
3388.82598,10.793,0.037
3391.84844,10.763,0.044
3391.85988,10.803,0.034
3395.86235,10.804,0.034
3395.87113,10.794,0.032
3399.81131,10.792,0.033
3399.83629,10.789,0.034
3402.85343,10.786,0.028
3403.84574,10.765,0.036
3405.84219,10.797,0.045
3406.85818,10.728,0.04
3409.87675,10.767,0.031
3411.83927,10.751,0.035
3413.83219,10.77,0.045
3414.84369,10.759,0.035
3416.88663,10.736,0.042
3417.84999,10.742,0.038
3423.85525,10.758,0.042
3426.77621,10.781,0.04
3426.81866,10.789,0.036
3431.85907,10.84,0.037
3432.83772,10.844,0.035
3434.78401,10.824,0.036
3436.85865,10.838,0.035
3438.79681,10.867,0.033
3442.79137,10.842,0.03
3443.8392,10.785,0.029
3444.8165,10.786,0.033
3446.82269,10.746,0.029
3447.75792,10.764,0.03
3449.80538,10.687,0.05
3449.81769,10.699,0.042
3452.74385,10.624,0.03
3452.83091,10.614,0.026
3454.79557,10.606,0.032
3454.84094,10.601,0.034
3456.79276,10.587,0.033
3456.82767,10.557,0.033
3458.81216,10.555,0.031
3458.84182,10.501,0.032
3461.71458,10.495,0.034
3463.79652,10.454,0.029
3464.76274,10.45,0.032
3466.71348,10.427,0.032
3466.83913,10.441,0.031
3469.79373,10.417,0.033
3471.77357,10.439,0.026
3472.73788,10.414,0.031
3474.67884,10.451,0.03
3474.8192,10.54,0.039
3476.75376,10.479,0.032
3477.73728,10.487,0.029
3478.72894,10.51,0.031
3479.78942,10.535,0.031
3481.77037,10.549,0.032
3482.72764,10.593,0.038
3483.7605,10.588,0.035
3484.76149,10.633,0.046
3487.88064,10.669,0.034
3490.76105,10.693,0.036
3490.81305,10.709,0.036
3492.76074,10.724,0.036
3496.75541,10.764,0.031
3496.79893,10.788,0.03
3502.61952,10.827,0.036
3504.67425,10.817,0.037
3509.60559,10.819,0.027
3509.65027,10.804,0.031
3511.66925,10.809,0.03
3511.7039,10.803,0.028
3515.7496,10.801,0.032
3515.75229,10.791,0.033
3517.74346,10.794,0.029
3517.74619,10.766,0.032
3523.69715,10.697,0.038
3525.67198,10.699,0.044
3525.7259,10.689,0.028
3538.69475,10.688,0.03
3538.72371,10.691,0.029
3540.69099,10.902,0.044
3540.69947,10.672,0.034
3543.66781,10.684,0.036
3544.78878,10.906,0.031
3550.65905,10.947,0.041
3550.69233,10.724,0.04
3552.70447,10.722,0.034
3555.70084,10.728,0.028
3558.70897,10.734,0.039
3559.53665,10.725,0.046
3560.71485,10.753,0.036
3561.56431,10.749,0.031
3562.73239,10.714,0.037
3563.56977,10.762,0.032
3564.70694,10.74,0.028
3570.65561,10.723,0.031
3570.65954,10.731,0.03
3573.70566,10.665,0.032
3574.58509,10.658,0.03
3575.71869,11.234,0.032
3576.61351,10.652,0.03
3578.56369,10.648,0.029
3578.61788,10.643,0.034
3584.61384,10.65,0.036
3584.61701,10.613,0.036
3586.63318,10.633,0.036
3586.63639,10.635,0.033
3590.70712,10.61,0.03
3591.54402,10.611,0.035
3593.54667,10.643,0.033
3597.59754,10.628,0.046
3597.60079,10.621,0.034
3601.57886,10.658,0.035
3602.62889,10.696,0.035
3603.58476,10.664,0.03
3606.58631,10.648,0.032
3609.50901,10.661,0.04
3618.52587,10.617,0.036
3618.52903,10.608,0.032
3620.54897,10.605,0.045
3620.55543,10.635,0.04
3622.58527,10.63,0.037
3626.60711,10.674,0.03
3629.53205,10.71,0.033
3630.5657,10.754,0.031
3632.4973,10.725,0.038
3632.57293,10.742,0.033
3635.48907,10.78,0.052
3635.555,10.775,0.049
3639.55724,10.791,0.033
3641.50353,10.832,0.031
3642.55716,10.882,0.036
3644.49851,10.889,0.038
3646.55052,10.901,0.03
3649.51726,10.901,0.034
3650.48697,10.874,0.033
3651.52586,10.895,0.033
3655.52152,10.909,0.033
3658.51426,10.891,0.034
3661.50783,10.854,0.034
3664.50135,10.874,0.033
3726.85594,10.88,0.039
3734.85914,10.895,0.042
3738.85114,10.964,0.036
3742.84973,11.005,0.041
3742.85903,10.968,0.034
3747.86736,10.991,0.038
3750.84405,10.946,0.042
3751.86608,11.004,0.04
3754.82443,10.949,0.04
3755.85824,10.928,0.038
3757.84378,10.947,0.035
3758.86662,10.925,0.034
3760.85839,10.907,0.045
3762.86422,10.924,0.039
3764.82182,10.936,0.045
3766.87793,10.897,0.036
3769.81928,10.895,0.041
3773.81063,10.868,0.039
3774.83582,10.863,0.037
3781.80712,10.871,0.037
3783.85687,10.889,0.04
3788.88594,10.941,0.036
3789.81821,10.897,0.037
3791.82963,10.953,0.039
3792.84786,10.902,0.042
3794.83106,10.946,0.034
3795.86634,10.98,0.032
3797.80059,10.939,0.032
3798.85858,10.938,0.041
3800.79695,10.961,0.037
3802.81971,10.927,0.043
3805.83275,10.895,0.035
3806.76704,10.909,0.035
3808.83082,10.84,0.035
3809.79065,10.866,0.036
3811.84854,10.826,0.035
3812.759,10.816,0.037
3814.82612,10.814,0.037
3815.74933,10.732,0.034
3817.8005,10.686,0.033
3817.81037,10.717,0.033
3820.73327,10.653,0.036
3820.78794,10.6,0.036
3822.80122,10.597,0.034
3823.78036,10.573,0.037
3825.7153,10.534,0.037
3825.85117,10.542,0.044
3827.79108,10.504,0.031
3828.78012,10.485,0.034
3830.7065,10.471,0.032
3831.76008,10.448,0.032
3832.75149,10.479,0.035
3833.82037,10.444,0.035
3834.74319,10.478,0.035
3835.84215,10.472,0.032
3836.75206,10.49,0.037
3837.84803,10.513,0.034
3848.75363,10.734,0.046
3850.76585,10.786,0.032
3850.83367,10.761,0.031
3852.80851,10.805,0.033
3853.696,10.796,0.03
3859.72139,10.878,0.032
3861.71157,10.931,0.03
3862.69284,10.887,0.032
3864.69073,11.036,0.034
3866.67849,10.887,0.032
3867.69947,10.891,0.035
3868.72232,10.885,0.035
3869.72339,10.846,0.037
3870.73447,10.843,0.032
3871.71387,10.829,0.032
3872.73338,10.803,0.033
3874.80325,10.761,0.033
3875.81417,10.75,0.031
3877.59076,10.725,0.033
3879.64974,10.659,0.036
3880.63417,10.716,0.043
3881.68942,10.656,0.03
3882.68005,10.696,0.031
3887.61962,10.641,0.033
3887.67929,10.626,0.033
3889.6221,10.66,0.032
3889.68486,10.629,0.03
3891.59974,10.654,0.031
3891.66275,10.682,0.03
3893.60278,10.672,0.031
3893.64342,10.654,0.031
3896.66327,10.685,0.035
3896.68785,10.685,0.036
3898.69933,10.702,0.034
3898.71837,10.706,0.034
3900.71047,10.655,0.035
3900.74564,10.647,0.034
3902.72522,10.777,0.031
3902.74722,10.68,0.032
3904.75278,10.644,0.035
3904.77322,10.66,0.038
3906.74951,10.657,0.031
3906.78185,10.619,0.036
3909.69011,10.645,0.031
3909.69405,10.64,0.031
3913.69219,10.616,0.032
3913.69614,10.606,0.032
3981.58972,10.479,0.04
4104.86045,10.683,0.039
4109.86549,10.743,0.036
4126.85492,10.753,0.03
4128.82121,10.839,0.03
4131.86569,10.837,0.032
4133.87822,10.81,0.04
4134.87328,10.874,0.038
4137.84617,10.858,0.03
4140.87836,10.9,0.037
4141.83023,10.929,0.029
4143.85627,10.868,0.029
4144.86027,10.922,0.029
4152.82532,10.956,0.035
4152.85583,10.892,0.029
4155.8206,10.896,0.038
4156.82045,10.888,0.035
4158.80676,10.903,0.032
4159.85064,10.866,0.031
4161.78397,10.875,0.031
4162.85838,10.85,0.037
4164.77693,10.839,0.039
4165.83994,10.877,0.041
4167.78409,10.862,0.031
4168.84788,10.872,0.033
4173.83948,10.818,0.029
4174.7768,10.862,0.027
4176.76161,10.845,0.034
4177.81188,10.827,0.031
4179.80593,10.848,0.035
4180.80748,10.837,0.04
4182.74039,10.849,0.034
4183.8046,10.854,0.036
4184.80906,10.874,0.038
4186.85281,10.843,0.029
4188.75127,10.849,0.029
4189.78899,10.849,0.028
4190.79156,10.847,0.03
4191.80776,10.843,0.03
4192.78026,10.913,0.029
4193.80009,10.84,0.03
4194.7845,10.919,0.032
4196.83132,10.88,0.043
4197.80846,10.866,0.037
4199.76271,10.875,0.035
4200.7416,10.954,0.031
4202.82858,10.874,0.036
4203.75269,10.909,0.028
4204.83398,10.866,0.031
4205.75262,10.907,0.03
4207.87867,10.854,0.035
4208.84255,10.895,0.034
4215.70844,10.855,0.033
4215.72979,10.867,0.033
4227.76031,10.772,0.03
4227.76282,10.724,0.027
4229.76207,10.765,0.029
4229.76461,10.746,0.028
4231.76535,10.751,0.03
4231.76868,10.69,0.037
4233.76483,10.7,0.029
4233.76741,10.698,0.028
4235.78448,10.722,0.029
4235.7941,10.701,0.03
4238.59669,10.673,0.034
4238.65235,10.689,0.037
4246.69458,10.691,0.027
4246.84517,10.681,0.031
4250.59089,10.742,0.03
4250.62946,10.71,0.029
4253.74915,10.811,0.034
4253.7686,10.78,0.032
4255.78967,10.832,0.038
4256.6121,10.829,0.027
4258.54894,10.867,0.028
4258.64881,10.88,0.029
4268.57772,11.027,0.044
4268.58303,10.927,0.032
4273.6414,10.891,0.028
4273.65115,11.024,0.027
4276.56148,10.864,0.034
4276.57417,10.861,0.029
4278.6085,10.87,0.027
4278.61468,10.844,0.026
4282.63209,10.791,0.04
4283.74783,10.804,0.036
4284.63887,10.8,0.028
4285.73257,10.807,0.033
4289.72709,10.814,0.03
4290.63303,10.789,0.034
4291.72833,10.789,0.03
4292.59332,10.81,0.027
4293.71702,10.812,0.028
4296.46942,10.803,0.029
4296.59886,10.844,0.031
4298.50576,10.846,0.033
4298.60428,10.846,0.035
4300.48624,10.826,0.044
4300.55361,10.782,0.032
4302.58982,10.8,0.049
4302.60748,10.817,0.028
4304.53359,10.811,0.028
4304.54934,10.81,0.033
4306.5521,10.788,0.029
4306.5663,10.825,0.027
4308.59472,10.844,0.041
4308.60795,10.824,0.039
4310.67166,10.855,0.031
4310.67482,10.837,0.029
4312.67737,10.866,0.032
4315.67157,10.855,0.03
4315.67474,10.828,0.028
4319.56229,10.796,0.03
4319.56547,10.793,0.027
4330.60088,10.603,0.034
4330.61076,10.581,0.029
4332.59994,10.605,0.032
4332.60796,10.555,0.031
4334.58941,10.565,0.029
4334.59908,10.613,0.029
4338.62106,10.532,0.03
4339.5021,10.587,0.03
4341.53731,10.536,0.032
4343.54731,10.658,0.032
4343.56415,10.633,0.027
4345.56666,10.655,0.03
4345.58057,10.664,0.028
4347.56877,10.692,0.029
4348.49952,10.748,0.029
4349.56011,10.704,0.037
4350.51213,10.731,0.032
4351.56612,10.81,0.037
4352.53389,10.799,0.028
4354.55187,10.768,0.03
4355.53662,10.872,0.035
4356.57768,10.833,0.03
4357.53912,10.862,0.029
4358.55658,10.836,0.029
4359.53039,10.833,0.033
4360.55962,10.912,0.051
4361.529,10.878,0.03
4363.52728,10.864,0.027
4364.52253,10.851,0.03
4365.55965,10.88,0.041
4369.50069,10.816,0.035
4369.53451,10.844,0.034
4371.54658,10.801,0.033
4372.49539,10.807,0.037
4373.56383,10.858,0.034
4376.49014,10.781,0.028
4377.49888,10.794,0.03
4379.53612,10.778,0.03
4380.48626,10.778,0.035
4382.50823,10.77,0.027
4385.50754,10.785,0.028
4387.5134,10.76,0.028
4389.51265,10.771,0.034
4462.85545,10.936,0.033
4466.84569,10.897,0.036
4470.85388,10.938,0.046
4478.85164,10.927,0.039
4482.85414,10.946,0.035
4486.83305,10.94,0.032
4487.84406,10.934,0.037
4490.83169,10.97,0.029
4491.85385,10.932,0.038
4494.8098,10.99,0.03
4494.86649,10.954,0.03
4498.8562,10.966,0.032
4499.84926,10.933,0.029
4501.84829,11.013,0.038
4503.84,10.935,0.034
4505.81165,10.985,0.032
4506.85316,10.913,0.032
4508.8773,10.92,0.032
4510.83905,10.945,0.036
4511.86007,10.93,0.028
4516.76136,10.879,0.044
4518.8231,10.848,0.033
4519.84527,10.781,0.035
4521.81399,10.79,0.029
4522.85147,10.767,0.027
4524.80302,10.774,0.028
4525.847,10.727,0.03
4526.87587,10.757,0.028
4528.86987,10.745,0.031
4529.79027,10.727,0.027
4531.8323,10.725,0.032
4532.78661,10.703,0.029
4535.85055,10.725,0.03
4536.74858,10.752,0.028
4538.83559,10.739,0.029
4539.75805,10.762,0.041
4541.81703,10.73,0.029
4541.84792,10.767,0.028
4546.79871,10.783,0.034
4546.83057,10.719,0.037
4548.80086,10.742,0.033
4551.72609,10.726,0.03
4552.78414,10.728,0.029
4554.84656,10.738,0.036
4555.83877,10.752,0.028
4557.76473,10.717,0.028
4558.71476,10.754,0.029
4559.87166,10.714,0.029
4560.76635,10.77,0.032
4562.75423,10.757,0.032
4563.69522,10.803,0.035
4564.84369,10.797,0.028
4565.76207,10.772,0.026
4567.74684,10.784,0.031
4567.81542,10.769,0.028
4570.67469,10.825,0.027
4570.73704,10.779,0.028
4572.71351,10.837,0.031
4572.75666,10.777,0.032
4574.70382,10.843,0.032
4574.74914,10.815,0.031
4576.73029,10.803,0.032
4576.75792,10.845,0.033
4579.84415,10.81,0.034
4583.66516,10.875,0.029
4583.71731,10.849,0.029
4586.69508,10.865,0.03
4586.74976,10.866,0.036
4588.74567,10.821,0.035
4588.79856,10.831,0.032
4590.80302,10.828,0.031
4590.83359,10.821,0.031
4593.64137,10.8,0.028
4593.68389,10.792,0.029
4595.66608,10.775,0.028
4595.72825,10.756,0.027
4597.66933,10.713,0.029
4597.71515,10.715,0.028
4599.75403,10.669,0.032
4601.67716,10.609,0.029
4601.74475,10.624,0.029
4603.70076,10.61,0.032
4603.74396,10.56,0.031
4607.7458,10.58,0.034
4607.74926,10.528,0.038
4610.57708,10.556,0.032
4610.64361,10.537,0.03
4612.63852,10.557,0.041
4612.6814,10.567,0.036
4617.6339,10.63,0.032
4617.65658,10.611,0.034
4620.64303,10.666,0.033
4620.67065,10.583,0.04
4622.81403,10.648,0.033
4622.83638,10.649,0.033
4626.814,10.649,0.036
4630.66458,10.735,0.029
4630.69188,10.717,0.028
4632.6703,10.719,0.029
4639.74272,10.733,0.03
4639.74577,10.75,0.029
4641.74174,10.757,0.029
4641.74838,10.706,0.031
4643.74075,10.788,0.039
4643.74391,10.7,0.037
4645.76893,10.761,0.034
4645.77276,10.698,0.038
4647.79328,10.748,0.041
4648.57429,10.768,0.032
4650.65027,10.775,0.031
4652.59029,10.757,0.03
4652.67028,10.759,0.027
4654.57659,10.787,0.032
4654.6505,10.781,0.039
4656.5675,10.746,0.036
4656.62805,10.775,0.03
4658.64612,10.717,0.041
4658.67342,10.78,0.04
4661.55519,10.809,0.033
4661.56141,10.748,0.033
4663.63275,10.643,0.036
4663.63909,10.653,0.038
4665.68905,10.699,0.036
4665.69518,10.69,0.036
4667.70719,10.684,0.039
4669.53965,10.66,0.033
4671.60578,10.606,0.031
4671.61605,10.61,0.029
4677.6184,10.552,0.034
4677.62915,10.61,0.036
4679.63327,10.579,0.027
4679.64153,10.589,0.032
4682.61612,10.603,0.042
4682.62403,10.593,0.036
4684.58206,10.603,0.036
4684.60756,10.616,0.038
4686.55725,10.598,0.037
4686.56532,10.643,0.038
4690.5813,10.634,0.03
4690.58988,10.639,0.033
4697.64589,10.646,0.029
4698.57454,10.71,0.035
4700.57812,10.634,0.037
4701.63713,10.641,0.031
4702.5922,10.679,0.034
4703.64063,10.668,0.035
4704.58219,10.668,0.036
4706.58979,10.652,0.036
4707.58209,10.681,0.039
4709.54093,10.691,0.048
4716.62944,10.69,0.031
4721.57551,10.702,0.032
4722.51252,10.716,0.034
4725.54513,10.636,0.043
4726.50858,10.717,0.038
4728.50939,10.707,0.034
4729.50146,10.692,0.036
4730.55445,10.724,0.041
4731.5273,10.718,0.05
4733.56312,10.658,0.039
4737.56569,10.657,0.036
4740.49389,10.634,0.032
4740.55455,10.62,0.031
4743.49876,10.6,0.039
4745.54593,10.566,0.036
4754.51219,10.481,0.039
4758.50042,10.484,0.044
4762.49779,10.482,0.037
4821.85628,10.872,0.033
4829.84801,10.815,0.032
4833.84801,10.788,0.034
4837.83641,10.761,0.035
4838.86432,10.785,0.037
4842.86595,10.796,0.039
4845.86579,10.779,0.034
4846.86732,10.762,0.042
4849.82246,10.875,0.033
4850.85593,10.838,0.033
4852.8585,10.832,0.03
4856.8589,10.955,0.031
4861.84608,11.036,0.045
4865.83565,11.05,0.04
4867.83051,11.203,0.04
4869.82301,11.092,0.032
4870.85967,11.094,0.033
4872.84031,11.131,0.034
4875.87521,11.134,0.034
4876.83341,11.05,0.033
4879.82337,11.098,0.032
4879.8496,11.112,0.03
4882.83009,11.125,0.031
4883.81765,11.118,0.031
4885.82882,11.124,0.043
4886.88755,11.112,0.047
4888.81306,11.119,0.044
4890.8164,11.045,0.051
4891.8074,11.087,0.038
4894.90064,11.02,0.039
4902.85818,10.823,0.044
4904.8425,10.832,0.044
4905.81515,10.838,0.043
4915.80825,10.682,0.041
4916.75068,10.621,0.04
4918.73994,10.641,0.045
4918.85436,10.663,0.046
4921.73128,10.705,0.044
4921.79084,10.637,0.042
4927.8578,10.713,0.047
4927.86006,10.71,0.043
4937.75153,10.829,0.044
4937.80526,10.859,0.046
4939.8323,11.348,0.044
4940.7317,10.88,0.046
4945.65946,10.91,0.043
4946.70665,10.869,0.04
4947.73039,10.89,0.042
4948.78669,10.937,0.04
4949.74327,10.939,0.042
4951.72323,10.884,0.047
4951.8365,10.936,0.043
4954.62539,10.918,0.046
4960.7044,10.798,0.048
4961.63008,10.787,0.049
4962.86894,10.74,0.046
4967.69314,10.657,0.051
4968.73017,10.699,0.047
4969.70713,10.648,0.048
4972.7583,10.586,0.042
4974.84017,10.59,0.051
4985.61924,10.503,0.045
4985.65958,10.501,0.041
4987.65164,10.555,0.05
4987.67446,10.493,0.047
4989.69012,10.487,0.047
4989.70768,10.5,0.048
4991.71461,10.524,0.048
4991.73197,10.467,0.044
4994.74293,10.492,0.044
4994.75658,10.511,0.043
5013.56246,10.695,0.042
5013.61076,10.709,0.049
5015.5879,10.964,0.045
5015.62235,10.722,0.047
5018.68194,10.771,0.048
5021.79203,10.762,0.047
5022.68671,10.781,0.049
5024.50795,10.762,0.044
5024.69148,10.8,0.049
5037.66781,10.664,0.042
5037.67096,10.63,0.04
5039.61836,10.655,0.043
5039.62158,10.656,0.039
5041.59979,10.669,0.042
5041.60932,10.636,0.038
5048.62442,10.591,0.047
5048.63827,10.523,0.043
5069.54183,10.399,0.049
5069.54582,10.392,0.048
5071.57082,10.417,0.049
5071.5785,10.401,0.048
5075.6011,10.47,0.046
5085.52998,10.623,0.045
5087.5152,10.591,0.039
5088.52595,10.615,0.05
5089.57013,10.645,0.048
5092.54228,10.631,0.04
5099.51356,10.62,0.048
5099.51664,10.715,0.047
5105.51146,10.666,0.046
5111.48643,10.649,0.045
5111.50367,10.713,0.041
5124.50491,10.627,0.048
