2686.88242,11.196,0.034
2693.89551,11.207,0.035
2696.87415,11.369,0.033
2699.86391,11.65,0.037
2702.88818,11.948,0.038
2707.85418,12.209,0.038
2709.85531,11.832,0.032
2711.84408,12.213,0.039
2713.84061,11.418,0.027
2715.82646,12.109,0.046
2719.81495,11.883,0.038
2721.80562,12.186,0.045
2723.80521,11.528,0.04
2725.80027,12.226,0.032
2727.79956,11.387,0.033
2731.89449,11.316,0.041
2734.75996,12.262,0.042
2736.76583,11.906,0.038
2738.78686,12.12,0.038
2740.77317,11.647,0.036
2742.75642,12.201,0.036
2744.74732,11.361,0.035
2752.73895,12.205,0.032
2757.72746,11.614,0.034
2759.74931,12.157,0.039
2761.70714,11.261,0.032
2763.70574,11.965,0.032
2767.78516,11.963,0.03
2770.73071,11.936,0.038
2776.63599,12.172,0.048
2783.6447,12.089,0.041
2785.66896,11.488,0.029
2787.65935,11.942,0.03
2790.68758,12.301,0.047
2794.62503,11.842,0.039
2804.63879,12.079,0.038
2809.64895,11.215,0.033
2811.61152,11.883,0.031
2813.59631,12.2,0.034
2820.54435,12.227,0.032
2830.58584,12.183,0.044
2832.54895,11.546,0.037
2834.54782,12.13,0.032
2836.54002,11.251,0.032
2839.58292,11.614,0.033
2842.52271,11.694,0.03
2845.51898,11.868,0.033
2854.4865,12.182,0.032
2859.52084,11.846,0.034
2861.51921,12.171,0.035
2864.51216,12.3,0.037
2868.4876,12.199,0.031
2876.48299,11.859,0.031
3056.8888,12.315,0.03
3060.89078,12.199,0.031
3064.87312,12.127,0.048
3068.85367,11.963,0.032
3071.8738,12.127,0.035
3074.86375,12.196,0.035
3077.84585,12.13,0.038
3086.82769,11.453,0.036
3092.80564,11.874,0.036
3096.82224,11.645,0.031
3098.80757,12.199,0.033
3100.8047,11.455,0.037
3102.7966,11.963,0.044
3109.75662,11.824,0.048
3114.74742,12.256,0.05
3116.7633,11.871,0.04
3121.77039,12.233,0.033
3125.72872,12.201,0.037
3129.73384,12.118,0.043
3131.75891,11.447,0.034
3145.66735,12.113,0.042
3154.60478,11.153,0.05
3158.63601,11.986,0.034
3160.64282,12.02,0.035
3165.64344,12.047,0.031
3175.64055,11.224,0.036
3180.59219,12.125,0.033
3183.59412,12.197,0.034
3185.58798,11.244,0.033
3187.60432,12.16,0.034
3411.88397,11.561,0.032
3414.89132,11.779,0.032
3417.87893,12.037,0.032
3423.85259,12.248,0.03
3426.84424,12.208,0.032
3443.80453,12.143,0.033
3445.79604,11.481,0.033
3457.76576,12.16,0.03
3464.75322,12.132,0.03
3470.72518,12.193,0.03
3476.71631,11.103,0.038
3478.70574,11.993,0.032
3480.70984,12.355,0.031
3483.69791,11.625,0.031
3490.68481,12.205,0.033
3492.67343,11.925,0.032
3497.65651,12.251,0.03
3501.64642,12.165,0.032
3504.63634,12.19,0.037
3509.62615,11.899,0.028
3512.61812,12.136,0.029
3521.58652,12.132,0.031
3543.52974,11.878,0.032
3547.52071,11.535,0.032
3556.49723,12.098,0.028
3563.47543,12.019,0.031
3782.87282,12.025,0.034
3794.84362,11.662,0.033
3800.8252,12.038,0.037
3809.79607,12.312,0.035
3812.79656,12.216,0.037
3815.78517,11.129,0.031
3818.77472,11.383,0.032
3821.76558,11.729,0.031
3824.75494,11.874,0.035
3830.74769,12.255,0.035
3832.73801,11.147,0.031
3834.73746,12.045,0.034
3836.73204,12.077,0.034
3849.68715,11.159,0.031
3851.68665,12.049,0.031
3860.66733,12.192,0.047
3862.65712,11.59,0.031
3864.65241,12.168,0.03
3867.64747,12.24,0.03
3870.63562,12.229,0.03
3875.61544,11.948,0.031
3882.60633,11.871,0.031
3887.58847,12.183,0.034
3891.57487,12.237,0.031
3893.58214,11.412,0.034
3897.55748,12.206,0.047
3900.55706,11.179,0.031
3903.54457,11.503,0.03
3906.53418,11.729,0.031
4257.57542,12.29,0.039
4286.49986,11.562,0.039
4294.4824,12.192,0.033
4297.46742,11.995,0.037
4536.84556,11.997,0.037
4542.83652,12.176,0.039
4550.81939,11.944,0.037
4587.77424,12.261,0.038
4590.71083,12.271,0.038
4626.58793,12.355,0.034
4644.61153,12.28,0.034
4657.60956,11.401,0.038
4666.53767,11.776,0.037
4677.50458,11.165,0.035
4684.51628,11.249,0.036
4699.505,12.127,0.034
4702.48329,12.142,0.035
4705.48482,12.341,0.034
4881.8907,12.193,0.031
4919.80611,12.03,0.04
4927.86559,11.769,0.043
4940.74712,11.852,0.038
4955.72787,12.232,0.038
4966.68684,12.2,0.042
5040.50725,12.2,0.047
