1905.87103,12.616,0.062
1907.86527,12.608,0.048
1919.8312,12.44,0.063
1920.87106,12.489,0.06
1921.8249,12.34,0.052
1922.85958,12.42,0.057
1924.85363,12.579,0.055
1926.80909,12.41,0.062
1929.84195,12.404,0.055
1930.81787,12.436,0.047
1932.80551,12.583,0.051
1933.84136,12.573,0.053
1936.82392,12.491,0.05
1936.83397,12.451,0.041
1938.83451,12.646,0.04
1940.81981,12.511,0.049
1946.7639,12.66,0.06
1946.83308,12.58,0.063
1948.79596,12.54,0.059
1948.86239,12.556,0.057
1950.76367,12.641,0.051
1950.81121,12.567,0.053
1953.78487,12.654,0.045
1953.80237,12.594,0.046
1954.80448,12.509,0.051
1954.81743,12.595,0.045
1955.81901,12.53,0.043
1955.83198,12.552,0.049
1958.86629,12.6,0.046
1958.88842,12.59,0.049
1961.81306,12.651,0.049
1961.83977,12.574,0.054
1963.76245,12.627,0.042
1963.80603,12.554,0.047
1964.83369,12.607,0.041
1964.86028,12.492,0.048
1965.88594,12.711,0.04
1966.78699,12.592,0.05
1967.76198,12.707,0.042
1968.78363,12.565,0.055
1976.84207,12.391,0.049
1976.86177,12.522,0.05
1978.79926,12.456,0.056
1979.74929,12.663,0.055
1979.83163,12.626,0.058
1980.73166,12.647,0.053
1980.75628,12.312,0.057
1981.75247,12.787,0.055
1982.75065,12.681,0.052
1984.76123,12.494,0.056
1984.77432,12.483,0.057
1985.768,12.901,0.051
1985.78992,12.569,0.055
1985.89126,12.602,0.056
1993.79869,12.67,0.061
1995.69884,12.68,0.062
1996.74195,12.341,0.06
1997.74156,12.597,0.057
1997.78267,12.322,0.066
2000.73295,12.536,0.065
2030.65547,12.29,0.059
2031.66918,12.37,0.068
2033.64478,12.336,0.061
2037.67016,12.351,0.069
2052.59426,12.414,0.08
2054.63269,12.084,0.067
2055.60769,12.522,0.079
2059.67556,12.418,0.071
2062.57192,12.616,0.074
2062.58311,12.538,0.083
2069.58995,12.36,0.069
2070.5804,12.373,0.065
2079.54057,12.192,0.084
2082.57144,12.206,0.071
2083.56576,12.283,0.06
2083.58201,12.297,0.073
2085.54361,12.258,0.055
2085.57991,12.331,0.051
2086.55227,12.234,0.067
2087.57143,12.168,0.072
2088.54704,12.104,0.063
2094.53579,12.133,0.076
2102.50484,12.141,0.062
2103.55658,12.246,0.063
2104.5061,12.274,0.061
2104.54959,12.343,0.064
2106.50606,12.261,0.055
2116.50938,12.388,0.058
2117.48954,12.303,0.063
2124.46777,12.301,0.067
2128.50746,12.392,0.056
2130.53592,12.352,0.067
2134.51307,12.214,0.061
2134.52854,12.516,0.056
2136.52445,12.286,0.056
2141.5183,12.243,0.055
2143.51914,12.275,0.066
2145.50367,12.289,0.066
2151.54229,12.294,0.088
2169.51678,12.023,0.056
2172.54248,12.082,0.062
2173.48973,12.23,0.071
2175.48753,12.143,0.067
2178.50557,12.185,0.071
2179.50838,12.12,0.07
2185.51606,12.226,0.076
2440.5693,13.251,0.037
2441.5749,13.504,0.036
2441.59556,13.174,0.039
2442.59635,13.303,0.045
2443.55975,13.354,0.043
2452.55434,13.716,0.053
2456.53022,13.631,0.04
2456.5555,13.228,0.048
2463.55046,13.289,0.052
2464.56064,13.364,0.043
2465.56438,13.331,0.044
2466.51228,13.45,0.036
2467.54518,13.133,0.036
2468.55548,13.278,0.039
2469.48563,13.197,0.044
2469.5521,13.477,0.048
2470.5139,13.33,0.045
2473.48678,13.432,0.049
2473.49592,13.533,0.046
2481.47488,13.426,0.051
2481.49573,13.414,0.054
2486.53318,13.28,0.058
2490.50948,12.85,0.039
2491.50203,13.019,0.061
2493.50768,12.923,0.042
2494.51106,13.108,0.038
2495.52469,12.852,0.051
2497.5256,12.697,0.033
2499.48919,12.787,0.033
2501.49429,12.888,0.055
2502.51263,12.755,0.05
2502.54235,12.555,0.045
2503.52665,12.641,0.049
2508.51745,12.512,0.03
2508.64135,12.586,0.057
2510.61769,12.566,0.045
2511.5511,12.73,0.045
2520.49489,12.635,0.042
2520.5617,12.529,0.035
2521.51658,12.702,0.054
2524.51936,12.679,0.061
2524.56406,12.625,0.059
2526.54815,12.637,0.067
2526.59944,12.684,0.063
2535.55801,12.754,0.065
2543.49515,12.729,0.059
2544.5063,12.69,0.062
2544.50911,12.818,0.063
2546.51459,12.698,0.054
2546.51738,12.81,0.053
2548.49882,12.699,0.049
2548.50162,12.799,0.054
2553.49839,12.646,0.056
2553.50114,12.703,0.057
2558.50588,12.566,0.052
2559.52701,12.652,0.057
2561.50768,12.613,0.057
2563.51071,12.675,0.052
2568.49723,12.627,0.048
2635.85268,12.714,0.045
2637.8651,12.749,0.051
2650.83628,12.366,0.042
2651.86411,12.398,0.05
2655.86532,12.264,0.049
2659.83776,12.262,0.051
2660.82781,12.236,0.045
2662.85401,12.155,0.05
2663.81543,12.15,0.048
2664.85586,12.114,0.05
2666.83028,12.146,0.042
2667.85711,12.119,0.052
2671.83817,12.097,0.048
2676.80949,12.106,0.043
2677.84667,12.201,0.051
2679.78622,12.236,0.047
2680.8105,12.221,0.048
2683.80493,12.281,0.045
2689.84545,12.516,0.05
2690.81286,12.538,0.046
2694.79836,12.601,0.049
2696.82771,12.598,0.047
2697.86616,12.743,0.05
2700.83513,12.698,0.051
2703.78223,12.743,0.054
2707.77473,12.872,0.047
2709.81486,12.77,0.045
2711.80151,12.86,0.048
2713.74708,11.728,0.042
2713.80494,12.749,0.048
2715.7496,13.021,0.048
2715.79596,12.891,0.052
2719.77292,12.867,0.047
2721.76695,12.88,0.055
2723.75271,12.948,0.051
2723.78881,12.799,0.055
2725.73264,12.848,0.044
2725.75734,12.96,0.05
2727.75238,12.838,0.043
2727.79085,12.813,0.048
2731.84612,12.76,0.044
2731.87081,12.779,0.049
2734.70238,12.654,0.043
2734.73882,12.779,0.048
2736.71202,12.63,0.044
2736.73908,12.645,0.05
2738.73054,12.642,0.044
2738.78771,12.672,0.052
2740.76718,12.607,0.051
2742.67734,12.614,0.045
2742.72556,12.548,0.051
2743.82069,12.622,0.048
2744.73,12.852,0.049
2747.78574,12.53,0.051
2749.82617,12.514,0.052
2750.82438,12.686,0.046
2751.65496,12.45,0.047
2752.72874,12.485,0.048
2755.67754,12.481,0.04
2755.70916,12.663,0.049
2757.64459,12.476,0.043
2757.70147,12.571,0.049
2759.75086,12.513,0.051
2761.64032,12.488,0.045
2761.68358,12.513,0.051
2763.6754,12.359,0.045
2764.70098,12.351,0.045
2766.73538,12.427,0.044
2766.80778,12.401,0.05
2775.69504,12.423,0.058
2775.72202,12.505,0.046
2776.78329,12.439,0.052
2782.74453,12.51,0.045
2782.7516,12.424,0.049
2784.64813,12.462,0.051
2784.67831,12.462,0.05
2785.8091,12.537,0.056
2787.72212,12.463,0.047
2787.75043,12.485,0.048
2790.89306,12.356,0.053
2791.52576,12.433,0.044
2794.60703,12.399,0.049
2794.61871,12.391,0.052
2805.83303,12.391,0.053
2808.73126,12.258,0.054
2809.73501,12.252,0.051
2810.58729,12.253,0.043
2810.84081,12.183,0.05
2811.73879,12.249,0.049
2812.60894,12.296,0.05
2813.668,12.181,0.047
2821.52351,12.059,0.048
2821.53612,12.062,0.043
2826.57973,12.082,0.032
2826.58525,12.027,0.033
2829.59007,12.067,0.04
2830.72034,12.066,0.052
2832.55941,12.121,0.043
2832.56226,12.035,0.04
2833.68434,12.166,0.06
2836.70361,12.045,0.046
2836.7142,12.122,0.045
2840.59868,12.209,0.043
2843.65317,12.256,0.049
2845.59052,12.197,0.034
2851.72321,12.323,0.038
2853.49494,12.283,0.037
2854.52832,12.458,0.035
2854.58047,12.414,0.033
2858.55963,12.416,0.04
2858.58552,12.465,0.035
2859.63641,12.421,0.041
2859.64795,12.435,0.038
2861.61512,12.45,0.042
2861.62182,12.629,0.041
2866.58758,12.536,0.049
2866.59056,12.581,0.045
2868.64667,12.556,0.052
2872.64749,12.796,0.048
2874.5976,12.581,0.05
2875.65669,12.656,0.056
2876.59,12.676,0.047
2877.64336,12.634,0.05
2878.58932,12.699,0.059
2882.54981,12.729,0.055
2883.51987,12.667,0.051
2884.55294,12.633,0.048
2885.52466,12.647,0.051
2885.58631,12.658,0.044
2888.55188,12.523,0.05
2893.51217,12.755,0.052
2893.51509,12.617,0.055
2895.52257,12.546,0.048
2895.52549,12.623,0.05
2897.53907,12.571,0.06
2901.5268,12.411,0.055
2901.52968,12.874,0.058
2905.5186,12.427,0.042
2905.52147,12.36,0.045
2908.52847,12.295,0.048
2908.53441,12.28,0.053
2910.5374,12.289,0.053
2911.48954,12.275,0.047
2912.5395,12.308,0.05
2916.51764,12.22,0.05
2921.53367,12.126,0.048
2922.48632,12.107,0.053
2924.50338,12.128,0.047
2927.51684,12.129,0.046
2930.49962,12.112,0.05
3009.8444,13.079,0.041
3013.85723,13.076,0.046
3017.86208,13.381,0.042
3032.84233,13.275,0.053
3034.83267,13.197,0.044
3036.83362,13.167,0.047
3041.84637,13.129,0.042
3042.84952,13.222,0.051
3051.84861,13.419,0.042
3052.83831,13.359,0.049
3054.86845,13.261,0.039
3055.87423,13.203,0.048
3059.82381,13.164,0.049
3061.81404,13.366,0.038
3063.83937,13.218,0.051
3064.81642,13.364,0.044
3067.87467,13.09,0.045
3068.75873,13.149,0.044
3070.83134,13.087,0.049
3073.79329,13.273,0.043
3073.83421,13.107,0.046
3076.77353,13.058,0.043
3076.83843,13.299,0.046
3078.84245,13.127,0.043
3079.81519,12.964,0.054
3081.77335,12.895,0.045
3082.81194,13.104,0.047
3085.83079,13.118,0.043
3086.82837,13.059,0.051
3087.83221,12.972,0.041
3089.79671,13.059,0.046
3090.74879,12.937,0.044
3092.77601,13.036,0.043
3092.81197,12.918,0.037
3096.81838,12.91,0.041
3096.87006,12.877,0.047
3098.79609,12.915,0.043
3098.81361,12.754,0.046
3100.78814,12.815,0.043
3100.81285,12.778,0.047
3102.78468,12.978,0.044
3103.766,12.87,0.05
3104.84304,12.842,0.042
3105.80419,12.874,0.05
3106.83838,12.808,0.044
3107.81115,12.725,0.046
3108.8713,12.805,0.045
3110.73873,12.705,0.05
3111.69957,12.728,0.04
3112.7901,12.712,0.049
3113.74464,12.818,0.04
3114.82947,12.796,0.045
3115.76499,12.8,0.046
3118.73588,12.725,0.042
3118.83093,12.957,0.043
3122.69257,12.77,0.04
3122.72532,12.873,0.046
3124.73125,12.786,0.053
3126.68647,12.645,0.049
3126.75318,13.051,0.048
3128.68494,13.051,0.053
3128.71476,12.882,0.051
3130.71528,12.88,0.043
3130.73807,12.882,0.047
3132.73668,13.061,0.045
3132.77704,13.063,0.047
3134.77272,13.027,0.045
3142.74704,13.018,0.046
3142.79438,13.032,0.049
3146.56357,12.887,0.04
3146.60097,13.118,0.047
3153.67192,12.903,0.04
3153.68125,12.999,0.041
3153.79097,13.019,0.045
3153.80446,13.136,0.042
3153.8232,13.164,0.04
3153.86156,12.981,0.045
3154.49396,13.039,0.044
3154.87205,13.078,0.048
3158.7101,13.234,0.045
3158.71289,13.082,0.05
3160.72384,13.13,0.056
3163.73504,13.107,0.044
3163.7379,13.058,0.048
3165.7529,13.371,0.048
3168.76312,13,0.043
3168.76908,13.731,0.051
3171.7202,13.043,0.045
3171.72311,13.142,0.047
3175.71109,13.108,0.044
3175.71634,13.156,0.05
3177.78331,13.045,0.044
3180.63537,13.005,0.047
3180.63842,13.049,0.051
3183.63008,12.946,0.045
3183.63314,12.93,0.049
3185.62128,12.999,0.041
3185.62436,13.146,0.047
3187.64937,13.091,0.046
3187.65244,13.124,0.047
3190.66745,13.121,0.071
3190.67057,13.007,0.073
3219.54129,13.225,0.034
3219.54457,13.037,0.04
3387.85412,12.665,0.055
3391.85448,12.581,0.066
3396.84727,12.6,0.048
3399.86486,12.523,0.066
3403.85935,12.409,0.057
3406.87692,12.72,0.062
3410.84691,12.4,0.068
3412.84459,12.449,0.048
3413.86641,12.466,0.06
3415.83403,12.509,0.056
3421.84421,12.419,0.072
3423.86823,12.419,0.062
3424.83093,12.438,0.058
3426.82899,12.597,0.069
3427.8207,12.461,0.079
3432.84364,12.578,0.05
3436.86471,12.501,0.052
3443.84804,12.498,0.053
3445.80755,12.574,0.053
3446.81723,12.494,0.052
3449.79294,12.906,0.087
3450.767,12.599,0.06
3452.82634,12.478,0.042
3453.70646,12.682,0.063
3454.84942,12.581,0.062
3455.72095,12.412,0.053
3456.82307,12.483,0.055
3457.75921,12.509,0.051
3458.84738,12.614,0.054
3459.76907,12.457,0.054
3462.72644,12.473,0.063
3464.75748,12.487,0.05
3464.78414,12.461,0.055
3466.82196,12.485,0.046
3467.73099,12.559,0.05
3469.79666,12.429,0.046
3469.81107,12.409,0.046
3472.70992,12.265,0.046
3472.74912,12.523,0.049
3474.75573,12.418,0.045
3474.83863,12.396,0.059
3477.68014,12.391,0.051
3477.72794,12.43,0.058
3479.74329,12.377,0.072
3479.78072,12.422,0.051
3481.72235,12.396,0.053
3481.76179,12.418,0.053
3483.72253,12.334,0.05
3483.77041,12.457,0.057
3487.69076,12.415,0.043
3487.75802,12.36,0.051
3490.76422,12.52,0.065
3492.70539,12.433,0.05
3492.75239,12.519,0.058
3496.69814,12.537,0.037
3496.74774,12.478,0.052
3499.70081,12.494,0.053
3499.7535,12.552,0.064
3501.74663,12.339,0.059
3501.79731,12.488,0.058
3503.74061,12.639,0.042
3504.66491,12.6,0.053
3506.74298,12.527,0.037
3508.74146,12.639,0.04
3509.72992,12.478,0.041
3510.79842,12.666,0.04
3511.798,12.557,0.043
3512.6818,12.541,0.051
3515.77062,12.6,0.043
3516.6799,12.776,0.047
3517.76099,12.522,0.056
3521.81511,12.671,0.064
3523.70703,12.767,0.055
3525.73805,12.679,0.046
3526.60727,12.878,0.051
3528.6558,12.751,0.049
3530.55047,12.583,0.049
3530.65556,12.635,0.054
3537.78434,12.621,0.055
3538.62907,12.65,0.055
3539.60327,12.675,0.052
3540.64875,12.766,0.049
3544.51579,12.598,0.063
3544.76095,12.73,0.055
3547.63114,12.819,0.043
3547.80388,12.616,0.054
3551.79191,12.747,0.065
3554.64718,12.785,0.044
3554.75394,12.637,0.05
3556.74231,12.789,0.048
3558.59264,12.836,0.052
3559.73661,12.762,0.057
3560.5897,12.682,0.056
3562.4753,12.863,0.051
3562.59016,12.774,0.052
3564.51854,12.722,0.044
3564.56874,12.661,0.048
3569.66765,12.783,0.042
3569.6708,12.696,0.042
3571.69298,12.715,0.044
3571.69615,12.818,0.046
3574.70041,12.818,0.045
3574.70359,12.826,0.041
3576.71804,12.908,0.045
3577.56997,12.8,0.047
3578.69535,12.8,0.059
3583.66605,12.794,0.049
3583.67273,12.725,0.058
3586.53755,12.93,0.053
3586.54148,12.84,0.055
3588.57441,12.838,0.064
3588.57848,12.892,0.052
3590.65861,12.808,0.048
3590.66184,12.877,0.053
3592.67255,12.952,0.071
3593.49354,12.942,0.047
3596.60904,12.987,0.057
3597.55861,12.955,0.054
3601.54865,12.934,0.051
3602.57996,12.947,0.05
3603.5589,12.981,0.049
3604.58932,12.912,0.052
3606.56392,12.89,0.045
3609.49432,13.104,0.061
3617.54596,13.127,0.047
3617.54924,13.092,0.05
3619.59949,12.911,0.054
3620.49043,13.007,0.069
3622.50636,13.208,0.064
3622.54937,13.146,0.06
3626.5718,13.123,0.046
3628.53322,12.96,0.042
3630.54967,13.022,0.047
3631.50247,13.026,0.046
3632.55596,13.119,0.053
3633.52186,13.217,0.05
3639.53971,13.1,0.048
3642.5078,12.999,0.045
3642.54293,13.215,0.05
3646.53854,13.035,0.044
3649.48845,13.213,0.044
3649.50801,13.174,0.06
3651.50675,13.452,0.056
3654.52641,13.099,0.055
3658.50488,13.139,0.051
3661.49842,13.033,0.057
3751.85772,13.137,0.065
3755.85288,13.174,0.053
3758.85771,12.942,0.055
3762.85876,12.935,0.075
3767.84974,12.94,0.075
3772.82742,13.031,0.055
3772.84385,13.09,0.066
3775.85417,13.027,0.059
3789.81575,13.129,0.055
3792.84558,12.998,0.068
3795.86112,13.16,0.06
3798.86555,13.126,0.067
3802.76464,13.04,0.062
3802.81479,12.979,0.063
3804.85664,13.029,0.056
3805.84366,12.999,0.053
3807.88157,13.165,0.05
3808.8409,13.031,0.062
3811.82131,13.265,0.057
3812.83933,12.977,0.048
3814.79323,12.881,0.064
3817.78291,12.969,0.053
3820.80063,13.013,0.058
3822.80953,12.993,0.054
3823.79332,13.066,0.062
3826.77951,12.942,0.057
3829.7672,13.121,0.05
3831.83301,13.12,0.05
3832.76323,13.03,0.049
3833.84105,13.017,0.048
3834.75365,12.996,0.05
3835.81158,13.133,0.059
3836.7679,13.11,0.051
3837.83096,13.098,0.058
3848.73775,13.031,0.058
3848.77655,13.089,0.062
3850.7528,13.056,0.059
3850.78407,12.936,0.063
3852.79652,12.897,0.044
3852.82318,13.107,0.055
3855.70651,13.122,0.055
3859.76274,13.017,0.053
3861.71811,12.842,0.046
3863.69538,13.215,0.054
3863.74096,12.925,0.049
3865.68942,13.23,0.047
3865.71531,12.965,0.054
3867.70254,13.233,0.076
3867.73241,13.081,0.054
3869.7308,13.017,0.049
3869.74303,13.057,0.052
3871.72408,12.96,0.057
3871.75564,13.046,0.052
3874.81494,12.918,0.045
3874.84038,13.013,0.06
3877.64525,13.089,0.059
3880.68683,12.901,0.052
3882.68665,12.989,0.053
3882.71862,13.005,0.055
3886.71194,12.863,0.046
3886.7211,12.872,0.052
3890.67998,12.795,0.043
3890.70101,12.881,0.05
3892.66496,12.788,0.05
3894.66469,12.983,0.04
3894.67483,12.882,0.045
3901.83343,12.985,0.049
3902.55387,12.881,0.049
3903.84841,12.851,0.051
3904.57849,12.971,0.046
3906.56626,13.023,0.075
3906.59591,12.909,0.052
3908.59065,12.834,0.051
3908.6077,13.062,0.066
3981.54269,12.823,0.057
4127.8405,12.699,0.064
4135.83654,12.747,0.058
4142.82476,12.743,0.05
4146.82423,12.743,0.059
4150.86904,12.696,0.054
4153.84793,12.689,0.056
4157.81291,12.721,0.067
4160.84406,12.736,0.049
4166.8578,12.745,0.063
4173.83673,12.895,0.045
4176.81756,12.881,0.057
4179.84635,12.813,0.048
4182.79635,12.984,0.052
4185.78988,13.087,0.046
4189.75107,13,0.039
4191.79172,12.964,0.044
4193.78128,12.878,0.043
4196.82861,12.708,0.048
4199.76562,12.813,0.054
4202.83154,12.833,0.05
4204.83694,12.947,0.047
4207.88162,12.953,0.049
4213.77502,12.886,0.044
4216.76685,12.961,0.043
4227.736,12.828,0.037
4231.74437,13,0.047
4233.74325,12.976,0.04
4235.74183,13.008,0.043
4245.63672,13.254,0.05
4246.80028,13.095,0.044
4250.60055,12.904,0.041
4250.70565,13.053,0.039
4253.77818,13.132,0.042
4256.60706,13.225,0.039
4258.55975,13.154,0.038
4258.65921,13.108,0.04
4269.70076,13.059,0.042
4269.70363,13.206,0.038
4272.63389,13.143,0.038
4274.64319,13.248,0.037
4276.77774,13.117,0.042
4278.65339,13.052,0.042
4278.6625,13.134,0.043
4282.66621,12.985,0.056
4284.66144,13.013,0.07
4284.67047,13.172,0.045
4290.65317,12.874,0.039
4290.66222,13.225,0.036
4292.61121,13.181,0.038
4296.61031,13.179,0.05
4296.61672,13.413,0.049
4298.61493,13.192,0.039
4298.62134,13.172,0.043
4300.57221,13.059,0.045
4300.57529,13.185,0.048
4302.6207,13.472,0.044
4304.56717,13.143,0.036
4306.581,13.087,0.037
4306.58411,13.107,0.038
4308.61919,13.151,0.051
4308.62311,13.145,0.05
4310.67934,13.081,0.044
4310.6825,13.108,0.045
4312.68186,13.197,0.048
4312.70343,13.428,0.07
4315.67918,13.18,0.037
4315.69915,13.11,0.043
4319.56988,13.037,0.04
4319.57307,13.346,0.046
4330.49638,13.244,0.043
4330.49957,13.016,0.042
4332.5193,13.132,0.05
4332.5233,13.22,0.047
4334.53576,13.132,0.038
4334.53974,13.285,0.042
4338.56027,13.403,0.037
4338.56346,13.195,0.038
4340.61808,13.154,0.049
4341.52287,13.194,0.04
4342.60978,13.068,0.048
4343.53208,13.059,0.041
4344.60966,13.304,0.052
4345.54757,13.147,0.045
4346.60929,13.236,0.061
4347.54313,13.235,0.053
4348.61249,13.371,0.056
4349.54095,13.152,0.054
4350.61635,13.218,0.066
4351.55747,13.476,0.054
4353.50851,13.137,0.043
4354.54242,13.043,0.045
4355.60056,13.175,0.044
4356.55523,13.048,0.045
4358.49076,13.158,0.039
4358.54784,12.98,0.04
4360.49045,13.163,0.042
4360.52459,12.874,0.064
4362.55361,13.188,0.043
4363.52099,13.266,0.036
4364.55419,13.165,0.044
4368.5068,13.317,0.045
4368.53983,13.131,0.043
4371.48853,13.084,0.045
4373.50147,13.236,0.056
4375.48524,13.267,0.039
4376.52778,13.23,0.048
4377.50429,13.124,0.047
4378.54812,13.287,0.053
4380.49369,13.249,0.054
4381.52052,13.161,0.05
4387.49877,13.04,0.04
4389.50093,13.244,0.044
4481.86722,12.929,0.059
4487.86609,13.055,0.056
4491.86796,12.854,0.053
4499.86388,12.913,0.055
4503.84247,12.983,0.053
4506.85645,13.068,0.045
4510.84155,13.089,0.048
4516.81811,13.129,0.059
4519.84045,13.219,0.049
4522.84173,12.989,0.044
4525.84215,12.926,0.051
4528.87988,13.043,0.046
4531.85197,12.973,0.042
4533.85285,13.038,0.038
4535.85854,13.085,0.043
4538.82926,13.02,0.045
4541.8008,12.908,0.049
4547.78069,13.013,0.047
4550.80133,13.016,0.046
4552.87279,12.965,0.045
4555.78246,12.995,0.043
4558.76987,12.947,0.044
4560.83849,12.903,0.043
4563.76196,12.744,0.052
4565.81969,12.884,0.043
4568.74687,12.965,0.047
4570.81068,12.851,0.043
4572.776,12.847,0.041
4574.74726,13.021,0.043
4576.7708,12.896,0.045
4579.82924,12.984,0.051
4579.84713,12.953,0.055
4583.72701,12.897,0.042
4586.7172,12.855,0.037
4586.75603,12.985,0.039
4589.6867,13.018,0.046
4591.7268,12.882,0.044
4593.75853,12.884,0.042
4595.82294,12.92,0.04
4597.74296,12.819,0.04
4599.76954,13.061,0.046
4602.68182,12.79,0.047
4606.69632,12.739,0.053
4609.63912,13.049,0.044
4611.6842,12.96,0.046
4616.65312,12.88,0.037
4616.67827,12.999,0.04
4618.69258,12.867,0.044
4623.86354,12.839,0.049
4626.57024,12.928,0.041
4630.64113,12.831,0.041
4632.65905,12.733,0.046
4638.82096,12.728,0.044
4640.80591,12.698,0.041
4642.80141,12.739,0.05
4645.54667,12.679,0.045
4647.58747,12.877,0.059
4649.60352,12.698,0.05
4653.64744,12.702,0.044
4655.5916,12.602,0.046
4657.63605,12.711,0.045
4660.59698,12.738,0.047
4662.65653,12.715,0.058
4664.6542,12.764,0.048
4666.65857,12.682,0.054
4670.62065,12.894,0.039
4672.64383,12.83,0.054
4675.67968,12.7,0.062
4678.67741,12.791,0.057
4683.59478,12.787,0.053
4685.5717,12.956,0.063
4687.56011,12.889,0.05
4691.59433,12.917,0.05
4694.645,12.683,0.064
4698.61623,12.828,0.053
4700.53242,12.829,0.045
4700.61445,12.882,0.053
4702.61951,12.825,0.05
4704.61119,12.748,0.063
4707.59155,12.747,0.066
4710.55198,13.002,0.068
4716.54814,12.774,0.046
4720.60285,12.839,0.056
4724.52629,12.864,0.074
4726.58361,12.719,0.06
4729.57346,12.563,0.056
4733.52388,12.81,0.06
4737.53596,12.601,0.047
4740.52577,12.654,0.041
4743.51275,12.678,0.052
4745.52597,12.534,0.056
4754.50535,12.764,0.062
4758.49272,12.576,0.065
4762.49385,12.627,0.073
4847.85534,12.613,0.051
4850.85814,12.726,0.056
4862.85648,12.805,0.049
4867.83802,12.841,0.053
4870.86218,12.727,0.048
4876.84656,12.796,0.054
4883.89546,12.792,0.044
4891.8198,12.806,0.059
4901.89547,12.885,0.057
4905.77283,12.873,0.061
4916.74542,12.796,0.056
4918.84415,12.783,0.057
4921.78551,12.661,0.058
4926.8292,12.768,0.058
4929.83336,12.694,0.06
4935.74091,12.732,0.065
4940.72561,12.878,0.063
4945.84364,12.759,0.075
4948.72599,12.788,0.061
4951.71433,12.846,0.058
4951.83962,12.735,0.069
4955.74629,13.046,0.056
4959.76622,12.978,0.058
4962.67176,12.822,0.068
4967.73868,12.864,0.062
4969.75194,12.952,0.056
4972.77079,12.784,0.056
4972.84502,12.874,0.073
4974.8473,12.913,0.061
4975.64416,12.904,0.059
4984.64189,12.839,0.058
4984.69412,12.872,0.06
4986.6746,12.849,0.061
4988.68914,12.907,0.061
4992.85944,12.847,0.06
4993.75406,12.837,0.055
5015.64831,12.816,0.058
5017.77849,12.926,0.061
5022.51613,12.867,0.052
5024.55983,12.876,0.054
5031.61248,12.829,0.045
5037.53603,12.951,0.047
5039.52875,12.87,0.05
5041.53809,12.989,0.049
5047.68433,12.896,0.072
5057.56394,12.903,0.052
5063.574,13.051,0.055
5084.57041,12.963,0.055
5086.57287,12.866,0.062
5088.59849,12.982,0.068
5093.5782,12.891,0.059
5098.50588,12.814,0.071
5110.50917,13.025,0.068
