1920.87106,10.325,0.057
1922.85958,10.229,0.054
1924.85363,10.268,0.053
1929.84195,10.261,0.05
1933.84136,10.243,0.049
1936.82392,10.273,0.047
1946.83308,10.267,0.052
1948.86239,10.243,0.051
1950.81121,10.256,0.039
1953.80237,10.293,0.04
1954.80903,10.252,0.041
1954.81743,10.234,0.036
1954.82441,10.235,0.044
1955.83198,10.347,0.041
1958.88842,10.263,0.037
1961.83977,10.271,0.037
1963.80603,10.474,0.037
1964.86028,10.249,0.037
1966.78699,10.246,0.038
1968.78363,10.244,0.038
1976.86177,10.247,0.042
1978.79926,10.216,0.046
1979.83163,10.491,0.046
1980.75628,10.259,0.057
1984.77432,10.223,0.046
1985.78992,10.217,0.049
1985.89126,10.211,0.05
1997.78267,10.255,0.049
2037.67016,10.27,0.063
2059.67556,10.232,0.072
2062.57192,10.238,0.065
2083.58201,10.223,0.058
2085.57991,10.251,0.05
2087.57143,10.305,0.06
2103.55658,10.295,0.06
2104.54959,10.24,0.058
2116.50938,10.262,0.052
2134.51307,10.29,0.057
2151.54229,10.21,0.053
2169.51678,10.3,0.048
2172.54248,10.229,0.072
2175.48753,10.257,0.052
2178.50557,10.257,0.051
2180.48785,10.256,0.062
2185.51606,10.294,0.056
2441.59556,10.245,0.033
2442.59635,10.249,0.03
2452.55434,10.224,0.048
2456.5555,10.263,0.042
2463.55046,10.257,0.054
2464.56064,10.251,0.039
2465.56438,10.312,0.036
2467.54518,10.254,0.031
2468.55548,10.246,0.039
2469.5521,10.251,0.041
2473.48678,10.474,0.043
2481.49573,10.528,0.042
2486.53318,10.275,0.051
2489.5105,10.514,0.062
2491.50203,10.236,0.048
2494.51106,10.232,0.04
2502.51263,10.258,0.043
2503.52665,10.257,0.041
2508.64135,10.221,0.04
2510.61769,10.252,0.042
2520.5617,10.264,0.04
2524.56406,10.232,0.042
2526.59944,10.261,0.055
2535.55801,10.248,0.045
2543.49515,10.256,0.053
2544.50911,10.282,0.037
2546.51738,10.263,0.053
2548.50162,10.259,0.04
2553.50114,10.249,0.036
2558.50588,10.26,0.036
2559.52701,10.287,0.055
2561.50768,10.221,0.047
2563.51071,10.252,0.039
2568.49723,10.25,0.038
2635.85268,10.301,0.045
2637.8651,10.288,0.057
2651.86411,10.255,0.05
2655.86532,10.271,0.047
2659.83776,10.268,0.05
2660.82781,10.255,0.046
2662.85401,10.249,0.049
2664.85586,10.254,0.047
2667.85711,10.298,0.051
2671.83817,10.259,0.046
2677.84667,10.265,0.061
2679.78622,10.268,0.048
2680.8105,10.252,0.043
2683.80493,10.8,0.042
2689.84545,10.263,0.057
2694.79836,10.255,0.046
2697.86616,10.233,0.047
2700.83513,10.256,0.049
2703.78223,10.332,0.05
2709.81486,10.258,0.039
2711.80151,10.695,0.058
2713.80494,10.264,0.045
2715.79596,10.272,0.062
2719.77292,10.492,0.062
2721.76695,10.287,0.075
2723.78881,10.254,0.051
2725.75734,10.25,0.061
2727.79085,10.284,0.056
2731.87081,10.256,0.056
2734.73882,10.276,0.055
2736.73908,10.268,0.06
2738.78771,10.269,0.062
2740.76718,10.273,0.037
2742.72556,10.21,0.06
2744.73,10.257,0.064
2747.78574,10.228,0.064
2750.82438,10.309,0.048
2752.72874,10.262,0.046
2755.70916,10.225,0.055
2757.70147,10.252,0.061
2759.75086,10.223,0.059
2761.68358,10.266,0.06
2763.6754,10.268,0.043
2766.73538,10.232,0.047
2775.72202,10.24,0.057
2782.74453,10.257,0.04
2782.7516,10.28,0.05
2784.67831,10.356,0.06
2785.8091,10.245,0.057
2787.75043,10.245,0.049
2790.89306,10.253,0.049
2794.61871,10.271,0.063
2805.83303,10.275,0.054
2809.73501,10.253,0.043
2810.84081,10.259,0.048
2812.60894,10.264,0.054
2821.53612,10.317,0.052
2826.58525,10.275,0.033
2829.59007,10.326,0.046
2830.72034,10.224,0.067
2832.56226,10.224,0.042
2833.68434,10.253,0.068
2836.70361,10.303,0.059
2836.7142,10.277,0.062
2843.65317,10.237,0.055
2851.72321,10.279,0.038
2854.52832,10.26,0.037
2858.55963,10.251,0.039
2858.58552,10.27,0.039
2859.63641,10.264,0.045
2859.64795,10.27,0.044
2861.61512,10.462,0.046
2861.62182,10.488,0.048
2866.58758,10.243,0.044
2866.59056,10.245,0.038
2868.64667,10.26,0.044
2872.64749,10.269,0.039
2874.5976,10.234,0.051
2875.65669,10.264,0.053
2876.59,10.243,0.047
2877.64336,10.289,0.046
2878.58932,10.246,0.064
2882.54981,10.23,0.055
2883.51987,10.251,0.044
2884.55294,10.27,0.048
2885.52466,10.263,0.044
2885.58631,10.248,0.044
2888.55188,10.253,0.047
2893.51217,10.252,0.053
2893.51509,10.266,0.047
2895.52257,10.243,0.047
2895.52549,10.239,0.042
2897.53907,10.263,0.054
2901.5268,10.266,0.058
2901.52968,10.267,0.063
2905.5186,10.26,0.045
2905.52147,10.265,0.039
2908.52847,10.305,0.054
2908.53441,10.584,0.051
2910.5374,10.305,0.05
2911.48954,10.296,0.046
2912.5395,10.262,0.046
2916.51764,10.306,0.05
2921.53367,10.245,0.057
2922.48632,10.24,0.056
2924.50338,10.267,0.046
2927.51684,10.264,0.046
2930.49962,10.269,0.048
3032.84233,10.233,0.058
3036.83362,10.247,0.037
3042.84952,10.235,0.053
3052.83831,10.282,0.045
3055.87423,10.513,0.049
3059.82381,10.237,0.045
3063.83937,10.411,0.056
3067.87467,10.27,0.036
3070.83134,10.265,0.048
3073.83421,10.255,0.039
3076.83843,10.253,0.044
3079.81519,10.175,0.06
3082.81194,10.276,0.045
3086.82837,10.255,0.049
3089.79671,10.224,0.038
3092.77601,10.247,0.041
3096.87006,10.276,0.046
3098.81361,10.275,0.038
3100.81285,10.246,0.048
3103.766,10.272,0.043
3104.84304,10.227,0.035
3105.80419,10.256,0.046
3107.81115,10.264,0.042
3108.8713,10.229,0.045
3110.73873,10.291,0.038
3112.7901,10.278,0.045
3114.82947,10.24,0.036
3118.73588,10.262,0.041
3122.72532,10.271,0.034
3126.75318,10.248,0.039
3128.71476,10.52,0.043
3130.73807,10.239,0.051
3132.73668,10.299,0.048
3132.77704,10.299,0.051
3134.77272,10.251,0.051
3142.74704,10.267,0.034
3142.79438,10.258,0.037
3146.60097,10.244,0.034
3153.67192,10.269,0.032
3153.68125,10.248,0.035
3153.79097,10.268,0.034
3153.80446,10.243,0.033
3153.8232,10.229,0.033
3153.86156,10.258,0.035
3154.87205,10.277,0.036
3158.71289,10.26,0.055
3160.72103,10.263,0.074
3160.72384,10.268,0.066
3163.73504,10.285,0.047
3163.7379,10.247,0.037
3165.7529,10.257,0.055
3168.76908,10.261,0.05
3171.7202,10.283,0.044
3171.72311,10.264,0.037
3175.71109,10.254,0.035
3175.71634,10.273,0.044
3177.78331,10.232,0.052
3180.63537,10.253,0.049
3180.63842,10.218,0.038
3183.63008,10.276,0.048
3183.63314,10.285,0.048
3185.62128,10.304,0.035
3185.62436,10.288,0.048
3187.64937,10.269,0.052
3187.65244,10.262,0.041
3190.66745,10.245,0.05
3190.67057,10.272,0.05
3219.54129,10.254,0.036
3219.54457,10.253,0.038
3387.87079,10.318,0.067
3391.8657,10.262,0.067
3393.86188,10.248,0.045
3396.84727,10.265,0.043
3399.86486,10.262,0.061
3403.85935,10.452,0.06
3406.87692,10.269,0.043
3410.84691,10.237,0.059
3413.86641,10.232,0.071
3423.86823,10.269,0.062
3426.82899,10.306,0.058
3432.84364,10.231,0.041
3436.86471,10.27,0.054
3443.84804,10.226,0.049
3446.81723,10.241,0.055
3452.76441,10.239,0.039
3452.8342,10.263,0.045
3454.84942,10.268,0.06
3456.82307,10.225,0.06
3458.84738,10.257,0.059
3464.75748,10.267,0.036
3466.82196,10.239,0.037
3469.79666,10.277,0.036
3472.74912,10.245,0.049
3474.83863,10.256,0.057
3477.72794,10.228,0.055
3479.78072,10.251,0.051
3481.76179,10.278,0.053
3483.77041,10.272,0.043
3487.75802,10.212,0.056
3490.76422,10.261,0.058
3492.75239,10.53,0.057
3496.74774,10.265,0.044
3499.7535,10.267,0.044
3501.79731,10.232,0.072
3504.66491,10.605,0.055
3508.74146,10.373,0.037
3510.79842,10.258,0.033
3512.6818,10.763,0.047
3516.6799,10.262,0.045
3521.81511,10.248,0.041
3526.60727,10.28,0.037
3528.6558,10.25,0.036
3530.65556,10.46,0.052
3537.78434,10.258,0.061
3538.62907,10.253,0.047
3540.64875,10.241,0.041
3544.76095,10.28,0.045
3547.80388,10.25,0.066
3551.79191,10.249,0.061
3554.75394,10.268,0.034
3556.74231,10.251,0.035
3558.59264,10.266,0.051
3559.73661,10.274,0.055
3560.5897,10.553,0.053
3562.59016,10.243,0.055
3564.56874,10.249,0.046
3569.6708,10.251,0.046
3571.69298,10.266,0.049
3571.69615,10.258,0.047
3574.70359,10.255,0.045
3576.71804,10.267,0.049
3578.69535,10.24,0.053
3583.66605,10.297,0.054
3583.67273,10.257,0.056
3586.54148,10.274,0.054
3588.57848,10.252,0.044
3590.66184,10.251,0.053
3592.67255,10.256,0.059
3596.60904,10.249,0.052
3602.57996,10.275,0.055
3604.58932,10.221,0.07
3609.49432,10.248,0.06
3617.54596,10.25,0.05
3617.54924,10.23,0.049
3619.59949,10.276,0.055
3620.49043,10.278,0.059
3622.50636,10.275,0.063
3622.54937,10.245,0.06
3626.5718,10.258,0.048
3628.53322,10.286,0.051
3630.54967,10.347,0.054
3631.50247,10.286,0.055
3632.55596,10.248,0.058
3633.52186,10.493,0.06
3635.53814,10.247,0.06
3639.53971,10.279,0.051
3642.5078,10.243,0.049
3642.54293,10.268,0.056
3646.53854,10.503,0.047
3649.48845,10.253,0.05
3649.50801,10.244,0.061
3651.50675,10.306,0.057
3654.52641,10.515,0.058
3658.50488,10.273,0.055
3661.49842,10.283,0.06
3751.85772,10.365,0.062
3755.85288,10.259,0.06
3758.85771,10.29,0.057
3762.85876,10.254,0.068
3767.84974,10.527,0.07
3772.84385,10.246,0.059
3775.85417,10.491,0.062
3789.81575,10.248,0.06
3792.84558,10.237,0.049
3795.86112,10.77,0.053
3798.86555,10.784,0.064
3802.81479,10.271,0.066
3805.84366,10.276,0.056
3808.8409,10.273,0.059
3811.82131,10.265,0.057
3814.79323,10.278,0.064
3817.78291,10.273,0.055
3820.80063,10.282,0.066
3823.79332,10.282,0.064
3826.77951,10.257,0.061
3829.7672,10.444,0.051
3831.83301,10.264,0.055
3833.84105,10.231,0.058
3835.81158,10.225,0.057
3837.83096,10.26,0.053
3848.77655,10.544,0.073
3850.78407,10.251,0.058
3852.82318,10.267,0.061
3855.70651,10.257,0.049
3859.76274,10.253,0.052
3863.74096,10.27,0.048
3865.71531,10.244,0.054
3867.73241,10.249,0.054
3869.74303,10.252,0.064
3871.75564,10.275,0.053
3874.84038,10.27,0.057
3877.64525,10.277,0.049
3880.68683,10.245,0.054
3882.71862,10.262,0.053
3886.7211,10.257,0.051
3890.70101,10.234,0.056
3892.66496,10.213,0.05
3894.67483,10.254,0.043
3901.83343,10.712,0.057
3903.84841,10.27,0.056
3906.56626,10.286,0.057
3908.6077,10.295,0.056
4127.8405,10.277,0.039
4135.83654,10.229,0.056
4142.82476,10.247,0.038
4146.82423,10.241,0.062
4150.86904,10.239,0.045
4153.84793,10.251,0.042
4157.81291,10.251,0.043
4160.84406,10.235,0.04
4163.84752,10.276,0.058
4166.8578,10.245,0.049
4173.83673,10.281,0.04
4176.81756,10.26,0.043
4179.84635,10.252,0.044
4182.79635,10.252,0.041
4185.78988,10.241,0.041
4189.75107,10.261,0.036
4191.79172,10.243,0.04
4193.78128,10.272,0.041
4196.82861,10.394,0.056
4199.76562,10.267,0.047
4202.83154,10.252,0.038
4204.83694,10.45,0.039
4207.88162,10.231,0.043
4213.77502,10.246,0.043
4216.76685,10.263,0.036
4227.736,10.25,0.034
4229.73629,10.235,0.04
4231.74437,10.274,0.051
4233.74325,10.256,0.036
4235.74183,10.269,0.034
4245.63672,10.26,0.064
4246.80028,10.248,0.036
4250.70565,10.245,0.039
4253.77818,10.226,0.041
4256.60706,10.246,0.035
4258.65921,10.281,0.037
4269.70363,10.306,0.037
4272.63389,10.232,0.034
4274.64319,10.247,0.034
4278.6625,10.253,0.036
4282.66621,10.271,0.052
4284.67047,10.272,0.044
4290.66222,10.247,0.034
4292.61121,10.242,0.035
4296.61672,10.238,0.045
4298.62134,10.252,0.042
4300.57529,10.249,0.043
4302.62463,10.278,0.066
4304.56717,10.248,0.034
4306.58411,10.232,0.034
4308.62311,10.275,0.05
4310.6825,10.216,0.039
4312.70343,10.26,0.051
4315.69915,10.248,0.049
4319.57307,10.354,0.035
4330.49957,10.26,0.034
4332.5233,10.236,0.037
4334.53974,10.258,0.034
4338.56346,10.258,0.035
4340.61808,10.244,0.046
4342.60978,10.245,0.043
4344.60966,10.257,0.045
4346.60929,10.222,0.039
4348.61249,10.262,0.038
4350.61635,10.305,0.043
4353.50851,10.252,0.034
4355.60056,10.235,0.038
4358.49076,10.501,0.033
4360.49045,10.286,0.037
4362.55361,10.265,0.035
4364.55419,10.283,0.036
4368.53983,10.273,0.041
4373.50147,10.257,0.047
4376.52778,10.244,0.042
4378.54812,10.249,0.044
4381.52052,10.317,0.041
4387.49877,10.238,0.034
4389.50093,10.254,0.042
4481.86722,10.238,0.052
4487.86609,10.524,0.046
4491.86796,10.259,0.052
4499.86388,10.27,0.041
4503.84247,10.382,0.057
4506.85645,10.243,0.041
4510.84155,10.24,0.046
4516.81811,10.252,0.074
4519.84045,10.254,0.044
4522.84173,10.254,0.037
4525.84215,10.239,0.039
4528.87988,10.249,0.039
4531.85197,10.282,0.036
4535.85854,10.264,0.039
4538.82926,10.274,0.037
4541.8008,10.234,0.037
4547.78069,10.259,0.045
4550.80133,10.234,0.042
4552.87279,10.292,0.038
4555.78246,10.266,0.038
4558.76987,10.234,0.035
4560.83849,10.405,0.036
4563.76196,10.266,0.042
4565.81969,10.262,0.037
4568.74687,10.492,0.037
4570.81068,10.233,0.035
4572.776,10.243,0.04
4574.74726,10.247,0.043
4576.7708,10.467,0.046
4579.84713,10.25,0.047
4583.72701,10.274,0.038
4586.75603,10.231,0.039
4589.6867,10.233,0.04
4591.7268,10.256,0.038
4593.75853,10.235,0.036
4595.82294,10.252,0.035
4597.74296,10.247,0.035
4602.68182,10.25,0.044
4606.69632,10.253,0.054
4609.63912,10.235,0.037
4611.6842,10.229,0.038
4616.67827,10.254,0.036
4618.69258,10.242,0.037
4623.86354,10.246,0.041
4626.57024,10.247,0.034
4630.64113,10.244,0.038
4632.65905,10.26,0.04
4638.82096,10.226,0.046
4640.80591,10.223,0.037
4642.80141,10.608,0.039
4645.54667,10.259,0.036
4647.58747,10.227,0.042
4649.60352,10.471,0.046
4653.64744,10.266,0.036
4655.5916,10.251,0.036
4657.63605,10.441,0.051
4660.59698,10.194,0.066
4662.65653,10.241,0.047
4664.6542,10.27,0.042
4666.65857,10.232,0.041
4670.62065,10.276,0.039
4672.64383,10.279,0.039
4675.67968,10.223,0.039
4678.67741,10.245,0.042
4681.59473,10.232,0.04
4683.59478,10.205,0.046
4685.5717,10.279,0.047
4687.56011,10.692,0.037
4691.59433,10.235,0.042
4694.645,10.187,0.051
4698.61623,10.247,0.044
4700.61445,10.243,0.039
4702.61951,10.234,0.04
4704.61119,10.253,0.043
4707.59155,10.243,0.049
4710.55198,10.246,0.07
4716.54814,10.263,0.041
4720.60285,10.277,0.046
4724.52629,10.272,0.054
4726.58361,10.233,0.053
4729.57346,10.247,0.044
4733.52388,10.291,0.043
4737.53596,10.267,0.042
4740.52577,10.259,0.04
4743.51275,10.231,0.047
4745.52597,10.248,0.045
4754.50535,10.278,0.047
4758.49272,10.419,0.052
4762.49385,10.238,0.05
4847.85534,10.254,0.042
4850.85814,10.224,0.049
4862.85648,10.239,0.04
4867.83802,10.298,0.044
4870.86218,10.245,0.044
4876.84656,10.27,0.046
4883.89546,10.265,0.042
4891.8198,10.301,0.053
4901.89547,10.244,0.062
4905.77283,10.248,0.06
4916.74542,10.552,0.055
4918.84415,10.23,0.062
4921.78551,10.243,0.059
4926.8292,10.234,0.058
4929.83336,10.236,0.066
4935.74091,10.233,0.066
4937.80004,10.271,0.061
4940.72561,10.393,0.062
4945.84364,10.27,0.06
4948.72599,10.293,0.06
4951.71433,10.271,0.055
4955.74629,10.247,0.067
4959.76622,10.221,0.068
4962.67176,10.236,0.064
4967.73868,10.235,0.059
4969.75194,10.258,0.057
4972.84502,10.279,0.059
4975.64416,10.26,0.062
4984.69412,10.284,0.062
4986.6746,10.219,0.071
4988.68914,10.237,0.069
4992.85944,10.282,0.064
5015.64831,10.275,0.06
5017.77849,10.28,0.071
5022.51613,10.214,0.067
5024.55983,10.253,0.058
5031.61248,10.224,0.05
5037.53603,10.256,0.048
5039.52875,10.251,0.057
5041.53809,10.268,0.05
5047.68433,10.276,0.066
5057.56394,10.262,0.053
5063.574,10.214,0.054
5084.57041,10.26,0.054
5086.57287,10.529,0.07
5088.59849,10.206,0.07
5093.5782,10.266,0.061
5098.50588,10.32,0.067
5110.50917,10.277,0.065
