1920.86629,13.119,0.052
1922.85717,12.441,0.048
1924.85124,12.526,0.045
1926.84046,12.521,0.059
1929.83965,12.435,0.047
1931.84224,12.375,0.045
1933.83622,12.421,0.046
1936.821,12.366,0.044
1938.87647,12.462,0.039
1946.83027,12.442,0.05
1948.85961,12.434,0.047
1953.80498,12.666,0.039
1954.82006,12.61,0.047
1958.89115,12.465,0.044
1962.75924,12.546,0.047
1963.88986,12.454,0.042
1965.78561,12.476,0.038
1966.86935,12.321,0.038
1968.78903,12.419,0.048
1976.86698,12.138,0.049
1979.82111,12.117,0.054
1980.75031,12.075,0.064
1981.77352,12.026,0.047
1982.76215,12.066,0.045
1984.77289,12.02,0.048
1985.78853,12.084,0.048
1985.90179,12.076,0.055
1993.83331,11.927,0.059
1995.75042,12.125,0.053
1996.77267,12.146,0.061
1997.7769,12.164,0.058
1998.75989,12.215,0.066
2000.76348,12.082,0.061
2016.72832,12.295,0.066
2025.68117,12.071,0.059
2026.70593,12.081,0.061
2027.70473,12.017,0.072
2030.69241,11.965,0.066
2031.69254,11.914,0.064
2032.68068,11.94,0.063
2033.67491,11.879,0.055
2037.66448,11.86,0.071
2040.67338,11.757,0.084
2052.62679,12.032,0.079
2053.65527,11.912,0.073
2054.65164,11.989,0.079
2055.63568,11.979,0.083
2056.6395,11.915,0.074
2057.62339,11.968,0.072
2058.62988,12.004,0.078
2067.60989,12.238,0.075
2068.60865,12.201,0.08
2069.61119,12.246,0.077
2070.60167,12.027,0.075
2079.56183,11.967,0.084
2082.59822,11.945,0.069
2083.58033,11.827,0.066
2085.56925,11.822,0.054
2086.57232,11.818,0.074
2087.56969,11.842,0.081
2088.56588,11.895,0.07
2093.52615,11.72,0.077
2094.55476,11.84,0.071
2102.52354,11.823,0.065
2103.54555,11.885,0.062
2104.54533,12.046,0.061
2105.5354,11.871,0.066
2106.5644,12.053,0.055
2115.49925,11.923,0.057
2116.50712,11.858,0.06
2117.50826,11.877,0.06
2124.47724,11.81,0.065
2128.47397,11.901,0.058
2130.52951,11.807,0.057
2132.52106,11.936,0.056
2134.5221,11.889,0.051
2136.51351,11.874,0.054
2141.51398,11.851,0.056
2143.50808,11.871,0.055
2145.49932,11.812,0.06
2151.55102,11.901,0.074
2156.55628,11.77,0.068
2173.48488,11.898,0.066
2175.51218,11.899,0.067
2179.49867,11.865,0.051
2442.59024,12.12,0.042
2452.55029,12.287,0.045
2454.5693,12.267,0.04
2456.55364,12.22,0.035
2459.55414,12.23,0.051
2463.54843,12.158,0.043
2464.54967,12.213,0.034
2465.54885,12.144,0.032
2467.5432,12.179,0.033
2468.54217,12.148,0.035
2469.53651,12.105,0.044
2470.54243,12.118,0.036
2473.52171,12.142,0.035
2481.49349,12.294,0.046
2483.50377,12.389,0.044
2487.6192,12.214,0.065
2490.48521,12.214,0.051
2493.49467,12.14,0.05
2495.52057,12.175,0.051
2497.51441,12.137,0.04
2503.48166,12.06,0.041
2508.50622,11.865,0.031
2512.56502,11.912,0.035
2519.59343,12.008,0.053
2544.51049,11.953,0.062
2548.5079,11.992,0.048
2658.8466,11.86,0.039
2661.84907,11.826,0.044
2663.85527,11.767,0.044
2672.83806,11.878,0.044
2678.81088,12.11,0.046
2681.80989,12.197,0.043
2685.84518,12.33,0.04
2692.84802,12.348,0.043
2696.80649,12.37,0.045
2696.83998,12.344,0.038
2699.79921,12.352,0.045
2701.82709,12.374,0.042
2710.79588,12.365,0.043
2712.7844,12.419,0.039
2714.77467,12.411,0.044
2717.80988,12.452,0.042
2720.71613,12.528,0.044
2722.75834,12.492,0.042
2724.77796,12.614,0.038
2726.77918,12.611,0.039
2728.77583,12.657,0.041
2730.77337,12.673,0.041
2733.76733,12.647,0.043
2737.73104,12.69,0.04
2739.75467,12.647,0.042
2743.71794,12.66,0.042
2744.8309,12.654,0.041
2749.84133,12.741,0.05
2751.68942,12.695,0.042
2755.71248,12.7,0.04
2757.69105,12.761,0.041
2759.74727,12.773,0.039
2761.69609,12.733,0.044
2763.67193,12.783,0.04
2766.72931,12.8,0.038
2783.63887,12.886,0.043
2784.88738,12.9,0.045
2786.62226,12.978,0.042
2787.78595,12.887,0.045
2791.56835,12.977,0.045
2794.65633,13.033,0.049
2804.63116,13.207,0.042
2809.61788,12.893,0.042
2810.76178,12.877,0.045
2812.59582,12.678,0.039
2813.76418,12.818,0.047
2821.53125,12.512,0.034
2832.67935,12.399,0.039
2834.57962,12.358,0.035
2835.67476,12.392,0.036
2838.66011,12.415,0.037
2840.70788,12.385,0.038
2842.68187,12.54,0.051
2845.69915,12.446,0.034
2853.52206,12.511,0.032
2854.60925,12.457,0.032
2858.66505,12.508,0.037
2860.61526,12.41,0.038
2866.62597,12.39,0.043
2868.65817,12.383,0.045
2876.5483,12.309,0.048
2878.54714,12.277,0.043
2882.52401,12.278,0.052
2886.49888,12.234,0.044
2888.60808,12.203,0.047
2893.52618,12.19,0.05
2895.53413,12.228,0.045
2897.54845,12.187,0.055
2905.52525,12.156,0.038
2908.53576,12.149,0.043
2910.53875,12.164,0.045
2922.50227,12.014,0.044
3032.84498,12.009,0.045
3036.8362,12.008,0.042
3042.84495,11.977,0.042
3052.83092,11.896,0.041
3055.85899,12.009,0.043
3059.81919,12.032,0.041
3062.84855,12.11,0.054
3066.86389,12.144,0.041
3069.83384,12.174,0.043
3072.82681,12.393,0.049
3075.85562,12.369,0.039
3078.81787,12.323,0.042
3081.80755,12.359,0.045
3085.87726,12.34,0.041
3088.79143,12.241,0.044
3090.87231,12.213,0.045
3093.86045,12.197,0.041
3097.74347,12.196,0.041
3099.78664,12.108,0.046
3101.82816,12.168,0.042
3104.80931,12.218,0.041
3106.80249,12.243,0.041
3108.81211,12.265,0.04
3111.73618,12.358,0.043
3113.78905,12.3,0.04
3115.79429,12.395,0.041
3118.87996,12.434,0.043
3122.72383,12.427,0.04
3124.77342,12.498,0.04
3126.73618,12.511,0.042
3130.73656,12.685,0.042
3132.77553,12.623,0.044
3134.77121,12.769,0.054
3142.78466,12.661,0.041
3146.59937,12.636,0.041
3153.73423,12.699,0.048
3156.60906,12.609,0.04
3159.66188,12.513,0.045
3162.67241,12.413,0.043
3164.68689,12.449,0.04
3169.68388,12.502,0.044
3171.8315,12.595,0.047
3175.80903,12.711,0.04
3178.57576,12.606,0.041
3180.68232,12.643,0.043
3187.58268,12.619,0.042
3189.76584,12.681,0.045
3387.85662,12.306,0.05
3391.85699,12.194,0.049
3395.8771,12.217,0.058
3399.84242,12.287,0.058
3403.85695,12.245,0.049
3406.8747,12.702,0.053
3410.84476,12.109,0.069
3413.85813,12.065,0.062
3417.83099,12.197,0.052
3420.86586,12.293,0.072
3423.86624,12.119,0.049
3426.82706,12.139,0.056
3434.8,12.167,0.09
3438.83837,11.944,0.049
3442.83663,11.886,0.053
3444.83496,11.884,0.074
3447.8051,11.985,0.069
3450.79134,11.955,0.051
3453.73564,11.805,0.06
3455.76331,11.921,0.049
3457.78027,11.864,0.062
3461.73303,11.913,0.074
3463.82362,12.007,0.057
3466.75682,12.082,0.047
3469.78865,12.219,0.044
3472.7427,12.12,0.044
3474.79469,12.158,0.049
3477.73226,12.152,0.058
3479.77082,12.149,0.055
3481.75764,12.144,0.044
3483.75365,12.086,0.047
3487.76259,12.162,0.054
3490.75442,12.192,0.051
3492.75016,12.231,0.074
3496.74549,12.03,0.039
3499.7443,12.164,0.044
3501.78812,12.03,0.05
3504.65574,12.112,0.092
3508.7495,12.042,0.031
3510.80483,12.1,0.039
3512.67431,12.08,0.051
3516.66595,12.191,0.044
3521.79674,12.185,0.044
3523.74257,12.157,0.051
3525.821,12.148,0.047
3530.59038,12.171,0.052
3530.73987,12.253,0.048
3530.79058,12.308,0.07
3530.79303,12.376,0.047
3530.79562,12.311,0.048
3530.79814,12.218,0.093
3530.80081,12.372,0.052
3530.82842,12.314,0.059
3530.83086,12.33,0.054
3530.83417,12.199,0.057
3530.83751,12.296,0.048
3530.83989,12.228,0.048
3530.84259,12.314,0.045
3530.84509,12.292,0.049
3530.84765,12.287,0.046
3530.85016,12.256,0.048
3530.85267,12.279,0.047
3530.8552,12.252,0.048
3530.85771,12.277,0.052
3530.86094,12.191,0.052
3530.86352,12.278,0.048
3530.86612,12.642,0.043
3530.86855,12.263,0.078
3530.87112,12.237,0.05
3530.87362,12.305,0.052
3533.67596,12.465,0.061
3538.64489,12.35,0.059
3542.6126,12.294,0.048
3544.71974,12.352,0.045
3547.77211,12.287,0.045
3551.76573,12.298,0.065
3554.73205,12.247,0.037
3558.58886,12.206,0.048
3562.58713,12.199,0.09
3564.56568,12.25,0.04
3570.60098,12.379,0.052
3573.65663,12.407,0.046
3575.67447,12.416,0.042
3583.68144,12.564,0.08
3586.54727,12.687,0.05
3590.66412,12.572,0.053
3593.49647,12.591,0.05
3597.57544,12.535,0.063
3602.62021,12.415,0.043
3609.49711,12.398,0.049
3620.49562,12.716,0.076
3624.56254,12.651,0.042
3628.5628,12.669,0.037
3631.51276,12.758,0.045
3633.5323,12.739,0.053
3641.51236,12.88,0.051
3644.50013,12.952,0.06
3648.51461,12.924,0.046
3652.49974,12.853,0.047
3659.49166,12.791,0.044
3748.86037,12.2,0.078
3752.86048,12.173,0.057
3756.86363,12.215,0.059
3762.85628,12.369,0.049
3770.83562,12.235,0.063
3774.82865,12.239,0.069
3783.86908,12.061,0.045
3789.82236,12.001,0.054
3795.87066,12.086,0.046
3798.86867,12.139,0.051
3802.82439,12.254,0.058
3805.83724,12.153,0.049
3808.83555,12.213,0.049
3811.81063,12.136,0.065
3815.89225,12.199,0.059
3818.79652,12.168,0.071
3824.78079,12.177,0.06
3827.77349,12.214,0.06
3830.76587,12.047,0.06
3832.85082,12.158,0.049
3834.79028,12.049,0.048
3836.82494,12.078,0.048
3848.77019,11.834,0.078
3850.78181,12.293,0.065
3855.69702,11.95,0.067
3859.76049,12.106,0.044
3861.75799,12.152,0.042
3863.73099,12.224,0.044
3865.71305,12.354,0.049
3870.71359,12.249,0.043
3872.711,12.362,0.047
3875.79134,12.307,0.059
3879.64795,12.32,0.052
3881.67957,12.219,0.044
3886.7958,12.116,0.064
3891.58928,11.986,0.049
3893.6326,11.923,0.045
3897.64028,11.929,0.047
3899.65038,11.857,0.051
3901.69367,11.959,0.044
3903.70076,11.895,0.051
3905.69073,12.04,0.053
3907.69209,12.12,0.045
3909.78245,12.131,0.046
3913.76016,12.186,0.046
3981.55306,12.441,0.054
4126.86825,12.55,0.046
4134.84255,12.595,0.06
4144.83566,12.572,0.072
4153.82025,12.497,0.047
4156.85075,12.579,0.067
4159.8796,12.478,0.043
4162.86491,12.38,0.047
4165.83766,12.353,0.078
4172.82661,12.274,0.058
4178.82317,12.107,0.056
4181.79629,12.222,0.044
4184.78394,12.25,0.046
4188.8003,12.294,0.036
4190.82427,12.179,0.052
4192.79024,12.142,0.042
4194.79054,12.122,0.039
4199.71867,12.222,0.057
4202.79966,12.318,0.043
4204.81898,12.358,0.043
4207.86305,12.288,0.046
4213.76979,12.381,0.041
4216.75844,12.577,0.038
4227.72706,12.313,0.037
4229.73071,12.41,0.038
4231.73873,12.332,0.04
4233.73842,12.344,0.034
4235.73624,12.259,0.043
4245.63112,12.103,0.048
4246.79246,12.062,0.037
4250.47876,11.949,0.041
4253.72584,11.928,0.039
4255.77147,11.873,0.041
4258.59661,11.963,0.036
4269.74795,12.025,0.044
4272.74356,11.918,0.035
4274.74515,11.95,0.036
4281.7133,11.766,0.052
4283.72271,11.76,0.049
4285.69296,11.754,0.046
4289.68892,11.796,0.037
4291.68874,11.871,0.034
4293.67612,11.896,0.038
4295.69276,11.889,0.054
4297.68314,11.905,0.058
4299.65908,11.896,0.052
4301.61585,12.044,0.049
4303.61972,12.037,0.037
4307.52901,12.058,0.043
4309.62999,12.113,0.048
4311.67673,12.084,0.041
4315.50822,12.079,0.037
4317.57616,12.059,0.036
4330.52506,11.809,0.051
4336.52812,11.703,0.036
4339.62526,11.72,0.048
4341.62429,11.629,0.038
4344.50684,11.586,0.044
4346.51539,11.533,0.04
4348.53853,11.574,0.057
4350.54209,11.519,0.046
4352.55622,11.479,0.034
4355.5597,11.55,0.036
4357.56903,11.574,0.036
4362.49843,11.637,0.039
4364.54072,11.703,0.035
4368.53378,11.795,0.04
4371.50528,11.847,0.041
4375.50036,12.208,0.04
4377.50881,12.043,0.045
4380.49823,12.094,0.046
4383.49181,12.047,0.04
4389.48868,12.058,0.044
4482.8708,12.643,0.052
4487.86114,12.595,0.047
4491.86314,12.532,0.051
4499.85887,12.394,0.062
4503.85228,12.376,0.043
4507.83071,12.277,0.046
4516.83641,12.125,0.057
4519.84927,12.194,0.041
4522.85555,12.218,0.036
4526.88515,12.275,0.048
4529.85782,12.396,0.066
4532.84049,12.385,0.04
4536.81183,12.557,0.037
4539.82648,12.584,0.045
4542.81238,12.53,0.047
4545.79697,12.462,0.056
4547.85469,12.607,0.055
4550.7873,12.587,0.047
4558.89855,12.543,0.039
4561.76646,12.488,0.046
4564.75187,12.481,0.04
4566.82397,12.557,0.042
4569.74798,12.455,0.04
4571.76573,12.651,0.04
4573.76245,12.483,0.041
4575.75894,12.49,0.044
4580.77011,12.443,0.044
4585.7086,12.35,0.034
4587.75074,12.23,0.055
4589.85109,12.28,0.039
4594.72799,12.204,0.037
4596.73908,12.308,0.036
4599.64817,12.638,0.045
4601.70014,12.276,0.042
4603.71838,12.414,0.038
4607.75936,12.347,0.043
4610.62816,12.528,0.051
4612.67696,12.523,0.041
4616.82244,12.502,0.044
4620.61985,12.434,0.04
4622.78198,12.483,0.046
4626.7991,12.465,0.046
4630.67395,12.348,0.039
4639.67041,12.434,0.041
4641.6891,12.451,0.05
4643.68489,12.538,0.051
4645.69136,12.459,0.05
4647.7554,12.509,0.072
4649.74295,12.553,0.072
4652.55433,12.536,0.041
4654.55799,12.625,0.045
4656.5613,12.454,0.047
4658.64086,12.572,0.043
4662.54537,12.57,0.049
4664.5673,12.367,0.039
4666.60854,12.294,0.038
4670.5744,12.44,0.039
4672.60087,12.325,0.066
4678.64196,12.251,0.047
4681.55874,12.246,0.046
4683.55707,12.215,0.043
4685.54189,12.232,0.045
4691.6238,12.178,0.061
4697.56129,12.374,0.041
4701.56849,12.318,0.045
4703.57301,12.388,0.062
4705.60611,12.28,0.05
4708.58136,12.385,0.068
4710.59839,12.446,0.068
4721.5412,12.458,0.062
4725.52636,12.388,0.073
4730.54167,12.341,0.077
4734.53155,12.276,0.057
4739.51126,12.172,0.043
4744.49224,12.258,0.06
4755.49366,12.293,0.073
4847.85765,12.749,0.045
4862.86639,12.643,0.052
4867.84886,12.476,0.05
4870.86506,12.48,0.049
4875.88136,12.543,0.051
4881.85211,12.578,0.045
4884.8528,12.614,0.05
4887.88572,12.565,0.064
4891.8326,12.722,0.062
4904.83717,12.927,0.057
4907.88404,12.958,0.06
4916.75894,12.675,0.053
4918.84185,12.768,0.051
4921.77618,12.595,0.055
4926.81656,12.741,0.05
4929.82227,12.731,0.05
4932.77885,12.717,0.052
4935.79681,12.781,0.057
4938.72636,12.774,0.061
4940.78411,12.776,0.054
4945.81647,13.001,0.05
4948.72036,13.107,0.057
4951.70436,13.048,0.063
4955.73163,13.141,0.049
4962.72376,13.103,0.056
4967.73366,12.831,0.053
4969.74691,12.792,0.049
4972.83054,12.823,0.054
4975.63251,12.971,0.057
4985.65064,13.026,0.049
4989.83624,13.038,0.064
4991.80457,13.104,0.051
4994.83206,13.273,0.058
5006.79725,13.133,0.063
5009.58001,13.106,0.052
5012.61502,13.051,0.062
5017.57114,13.02,0.051
5021.66589,13.057,0.061
5023.66716,12.923,0.043
5025.67723,12.837,0.05
5031.66253,12.764,0.043
5037.56393,12.65,0.045
5039.55991,12.641,0.047
5047.6984,12.91,0.051
5057.58905,13.134,0.067
5063.60133,12.95,0.051
5071.59101,13.354,0.067
5075.5916,12.927,0.057
5084.57215,12.868,0.054
5087.50037,12.91,0.053
5089.55263,12.834,0.056
5092.52676,12.815,0.053
5099.50494,12.846,0.059
5110.51144,12.765,0.068
