1920.86951,9.759,0.04
1930.86022,9.682,0.034
1930.8803,9.704,0.037
1932.87103,9.635,0.041
1933.87016,9.639,0.032
1935.86681,9.641,0.057
1936.87496,9.624,0.037
1994.73786,9.966,0.046
2133.52924,11.468,0.031
2498.51941,11.213,0.028
2502.51316,11.242,0.03
2503.52713,11.21,0.043
2509.52598,11.197,0.045
2511.50343,11.194,0.04
2520.50082,11.135,0.026
2654.87714,9.752,0.042
2663.87261,9.764,0.036
2673.87528,9.788,0.032
2677.8592,9.785,0.036
2681.85946,9.766,0.028
2690.84702,9.698,0.038
2699.84881,9.678,0.031
2702.83433,9.655,0.028
2704.83787,9.63,0.027
2706.82445,9.657,0.026
2707.84432,9.658,0.046
2709.85927,9.659,0.028
2711.84578,9.65,0.03
2712.80781,9.614,0.026
2713.82859,9.673,0.028
2714.79856,9.613,0.027
2717.80667,9.596,0.033
2721.85129,9.591,0.039
2723.79338,9.584,0.036
2725.7733,9.578,0.026
2727.7948,9.586,0.032
2731.87996,9.551,0.032
2734.74334,9.563,0.027
2734.74985,9.578,0.028
2736.75032,9.581,0.028
2740.76478,9.603,0.027
2742.72539,9.633,0.032
2742.74672,9.661,0.035
2744.74541,9.65,0.053
2749.802,9.696,0.03
2751.70745,9.715,0.027
2751.72584,9.744,0.028
2754.71045,9.77,0.028
2754.73157,9.792,0.027
2755.85525,9.773,0.027
2757.70565,9.818,0.028
2759.73901,9.837,0.027
2759.7752,9.854,0.027
2761.68999,9.901,0.032
2761.71703,9.911,0.03
2763.68634,9.896,0.027
2763.70437,9.917,0.029
2766.76045,9.947,0.028
2766.79989,9.976,0.03
2782.68189,10.213,0.052
2787.73992,10.28,0.027
2791.57838,10.374,0.033
2791.60066,10.426,0.031
2794.64018,10.416,0.03
2808.64208,10.691,0.027
2810.59711,10.71,0.025
2811.74388,10.74,0.028
2811.77553,10.738,0.034
2813.67303,10.753,0.026
2824.6681,10.822,0.065
2826.5758,11.001,0.027
2831.55047,11.013,0.031
2832.671,11.06,0.032
2834.56952,11.062,0.03
2835.66688,11.152,0.03
2838.64958,11.135,0.028
2841.61161,11.188,0.027
2843.58002,11.209,0.041
2851.58589,11.275,0.026
2858.53475,11.319,0.028
2859.60001,11.357,0.029
2861.59011,11.435,0.03
2865.53929,11.348,0.032
2867.59067,11.418,0.027
2875.55295,11.52,0.027
2877.5469,11.425,0.028
2879.54959,11.479,0.028
2885.4872,11.492,0.033
2892.50155,11.494,0.031
2895.49319,11.467,0.028
2898.49191,11.426,0.028
2900.48686,11.462,0.026
2904.48097,11.444,0.031
3035.8698,10.107,0.034
3043.84164,10.075,0.047
3057.8851,10.025,0.031
3060.86197,9.989,0.029
3064.82794,9.952,0.035
3068.81454,9.947,0.037
3071.82319,9.917,0.039
3076.87203,9.861,0.029
3079.82004,9.868,0.047
3080.84745,9.901,0.041
3082.80585,9.811,0.048
3085.87287,9.854,0.039
3086.82548,9.805,0.033
3088.81813,9.825,0.036
3089.7888,9.813,0.043
3091.83236,9.769,0.057
3096.81507,9.851,0.057
3098.80561,9.818,0.03
3100.79509,9.783,0.036
3103.80055,9.812,0.039
3105.78711,9.818,0.049
3107.78951,9.826,0.03
3109.83143,9.813,0.027
3112.72637,9.844,0.042
3113.83111,9.898,0.029
3114.76641,9.853,0.028
3116.79325,9.869,0.027
3121.74816,9.899,0.032
3131.72503,9.956,0.033
3133.72809,9.967,0.03
3133.74915,10.009,0.029
3144.74328,10.089,0.027
3153.65715,10.198,0.027
3158.69514,10.335,0.046
3160.70839,10.322,0.043
3163.723,10.372,0.029
3165.74149,10.36,0.043
3168.75593,10.417,0.031
3171.70983,10.479,0.034
3175.69793,10.54,0.031
3178.57039,10.6,0.03
3186.57533,10.676,0.035
3189.60871,10.775,0.033
3273.48363,11.286,0.038
3398.8717,10.068,0.063
3405.85763,10.217,0.04
3406.87003,10.026,0.031
3409.85981,9.94,0.034
3414.86321,9.893,0.036
3417.85712,9.886,0.041
3418.86158,9.883,0.037
3421.84804,9.835,0.042
3422.84741,9.848,0.045
3424.88844,9.802,0.041
3433.83245,9.817,0.036
3438.86443,9.825,0.03
3442.86185,9.821,0.032
3443.84442,9.79,0.033
3445.82977,9.789,0.028
3446.81697,9.759,0.032
3449.8055,9.723,0.061
3450.85037,9.764,0.053
3453.77827,9.707,0.042
3454.83573,9.717,0.053
3455.79854,9.739,0.038
3456.81944,9.668,0.037
3459.82693,9.662,0.032
3459.8469,9.693,0.028
3462.77212,9.673,0.037
3462.80446,9.68,0.034
3464.81388,9.685,0.05
3464.84279,9.783,0.033
3467.76641,9.652,0.035
3470.74698,9.65,0.035
3470.76607,9.686,0.042
3472.79469,9.676,0.034
3473.76724,9.678,0.048
3475.73577,9.75,0.053
3476.75912,9.743,0.038
3477.77227,9.718,0.041
3478.77349,9.871,0.032
3479.76778,9.719,0.038
3481.75007,9.759,0.033
3482.76696,9.817,0.043
3483.75124,9.796,0.049
3487.7378,9.821,0.051
3487.77412,9.847,0.036
3490.7414,9.82,0.052
3490.77361,9.858,0.039
3492.72981,9.867,0.038
3492.77221,9.873,0.043
3496.72412,9.905,0.03
3496.76876,9.929,0.031
3499.72174,9.927,0.045
3502.6902,9.93,0.039
3504.66291,9.94,0.054
3504.71716,9.979,0.041
3508.70898,9.977,0.027
3508.71894,10.004,0.026
3510.77337,10.009,0.031
3511.64217,9.968,0.032
3515.67558,9.986,0.038
3517.6592,10,0.032
3520.79459,10.023,0.056
3521.66819,10.056,0.045
3522.7238,10.027,0.038
3523.67276,10.044,0.041
3524.75055,10.036,0.047
3525.70005,10.314,0.036
3529.58681,10.063,0.038
3529.77254,10.052,0.049
3537.73894,10.153,0.057
3547.65356,10.107,0.034
3547.65651,10.121,0.037
3554.6382,10.194,0.031
3556.69331,10.174,0.036
3560.57052,10.242,0.039
3562.53535,10.263,0.036
3562.5571,10.293,0.038
3564.54248,10.263,0.032
3564.55688,10.297,0.029
3569.61191,10.391,0.031
3569.61809,10.375,0.032
3571.65329,10.364,0.036
3571.65657,10.436,0.033
3574.66131,10.453,0.031
3575.53313,10.477,0.034
3577.56133,10.507,0.031
3577.59057,10.476,0.032
3583.59104,10.574,0.042
3583.60391,10.582,0.046
3585.65163,10.588,0.049
3586.52028,10.619,0.047
3588.52036,10.717,0.034
3588.55692,10.647,0.038
3591.49939,10.726,0.044
3593.51899,10.764,0.032
3600.55704,10.831,0.064
3601.52454,10.908,0.041
3602.55704,10.864,0.037
3603.53893,10.939,0.032
3604.56868,10.859,0.044
3606.5468,10.963,0.053
3608.54986,10.914,0.036
3616.55859,11.043,0.041
3617.51286,10.998,0.037
3619.51187,11.056,0.038
3628.50412,11.047,0.035
3628.50741,11.056,0.035
3631.49019,11.036,0.043
3631.49343,11.062,0.039
3634.48134,11.114,0.041
3634.48478,11.1,0.042
3641.48478,11.017,0.036
3761.87366,10.632,0.043
3761.87897,10.641,0.041
3773.8833,10.577,0.044
3774.85852,10.506,0.044
3789.8684,10.38,0.034
3793.84648,10.368,0.038
3796.85376,10.31,0.039
3797.84491,10.328,0.034
3799.85954,10.284,0.043
3802.87514,10.189,0.057
3805.83195,10.194,0.039
3805.86259,10.224,0.035
3808.85443,10.133,0.043
3811.86229,10.124,0.051
3818.82364,10.051,0.035
3821.80937,9.995,0.045
3824.80039,9.997,0.038
3827.79541,9.991,0.032
3830.78535,9.973,0.045
3833.76908,9.916,0.042
3837.79339,9.86,0.044
3837.80842,9.878,0.04
3847.66801,9.714,0.054
3847.695,9.677,0.046
3847.72292,9.704,0.049
3847.7536,9.809,0.052
3847.78453,9.666,0.052
3847.81227,9.718,0.049
3847.84506,9.738,0.059
3847.86133,9.729,0.06
3847.87085,9.689,0.048
3847.87728,9.699,0.057
3847.90873,9.746,0.05
3849.80376,9.724,0.036
3852.70822,9.636,0.034
3852.72846,9.65,0.031
3856.8014,9.567,0.055
3859.68768,9.55,0.061
3859.7061,9.611,0.038
3861.73924,9.59,0.032
3863.71717,9.609,0.043
3863.73895,9.641,0.035
3865.70183,9.601,0.046
3865.72591,9.643,0.035
3869.70386,9.618,0.048
3869.72796,9.665,0.046
3871.69437,9.626,0.041
3871.72211,9.69,0.042
3874.78788,9.653,0.037
3874.81369,9.682,0.033
3877.64057,9.695,0.04
3880.66912,9.726,0.042
3880.69214,9.758,0.028
3882.72315,9.802,0.034
3886.7254,9.87,0.031
3890.70988,9.943,0.054
3892.63591,9.917,0.063
3898.66098,10.053,0.043
3899.65806,10.079,0.058
3900.67788,10.099,0.04
3901.70126,10.088,0.04
3902.695,10.114,0.037
3903.71836,10.168,0.033
3904.7231,10.098,0.047
3905.70478,10.161,0.036
3907.7126,10.172,0.036
3909.6832,10.157,0.038
3913.68219,10.165,0.044
3981.50974,10.797,0.048
4133.87277,10.897,0.055
4143.86699,10.739,0.042
4151.87241,10.59,0.036
4158.87842,10.529,0.037
4162.84807,10.395,0.045
4177.83837,10.076,0.035
4180.82983,10.041,0.048
4183.81805,9.94,0.038
4186.84762,9.94,0.037
4189.79928,9.869,0.031
4191.81891,9.84,0.032
4193.80816,10.074,0.031
4200.79214,9.697,0.03
4203.81273,9.672,0.03
4205.78953,9.613,0.034
4212.8846,9.559,0.049
4215.84382,9.606,0.031
4230.75437,9.541,0.034
4232.75271,9.465,0.046
4234.75213,9.501,0.033
4251.80024,9.516,0.053
4253.66696,9.58,0.033
4255.69995,9.595,0.029
4256.71416,9.575,0.034
4257.70159,9.593,0.054
4269.65917,9.89,0.051
4272.61666,9.802,0.031
4274.62868,9.866,0.029
4283.62449,9.954,0.044
4285.62135,10.078,0.048
4289.62245,10.077,0.04
4295.62822,10.146,0.03
4297.62285,10.209,0.039
4299.58928,10.183,0.031
4303.57716,10.225,0.042
4306.52829,10.302,0.03
4308.58552,10.302,0.048
4310.65952,10.311,0.034
4316.563,10.428,0.034
4319.60844,10.437,0.03
4329.55924,10.538,0.044
4334.48245,10.701,0.049
4338.48586,10.556,0.042
4340.55292,10.644,0.032
4342.55462,10.703,0.055
4346.55586,10.711,0.045
4349.4983,10.729,0.036
4351.54026,10.678,0.041
4354.53117,10.733,0.031
4357.48423,10.753,0.034
4365.50371,10.762,0.031
4501.88495,10.813,0.032
4505.88248,10.785,0.036
4518.832,10.615,0.044
4521.87161,10.537,0.032
4526.84303,10.49,0.031
4530.83741,10.454,0.029
4535.87442,10.365,0.031
4538.8554,10.344,0.029
4541.8365,10.278,0.028
4547.80862,10.231,0.039
4552.85347,10.171,0.033
4560.84846,10.087,0.033
4563.78038,10.043,0.029
4565.83378,10.091,0.035
4570.82466,9.951,0.03
4572.78439,9.906,0.035
4574.76698,9.909,0.033
4576.779,9.894,0.04
4579.85212,9.808,0.039
4583.73764,9.739,0.033
4586.76103,9.697,0.029
4589.70773,9.717,0.035
4591.73737,9.623,0.032
4593.76836,9.655,0.029
4594.76704,9.588,0.032
4595.83322,9.607,0.029
4597.75791,9.595,0.03
4600.66858,9.619,0.031
4602.68661,9.576,0.043
4610.66077,9.604,0.032
4612.6926,9.597,0.04
4616.64775,9.593,0.03
4616.69851,9.623,0.031
4618.70673,9.619,0.044
4622.657,9.614,0.033
4627.62552,9.627,0.03
4629.60766,9.668,0.03
4630.77288,9.655,0.032
4638.7532,9.686,0.035
4640.71979,9.727,0.031
4642.69312,9.751,0.032
4644.71455,9.716,0.031
4646.72544,9.748,0.055
4649.56808,9.794,0.04
4651.61014,9.81,0.045
4653.6335,9.843,0.028
4655.57441,9.826,0.038
4657.62192,9.892,0.045
4661.55871,9.943,0.035
4663.63709,9.949,0.038
4666.56189,10.015,0.031
4671.65493,10.114,0.029
4674.53921,10.094,0.033
4677.65297,10.15,0.034
4683.48219,10.275,0.041
4685.49658,10.271,0.038
4691.5637,10.368,0.047
4697.52489,10.45,0.031
4700.52841,10.464,0.037
4701.54054,10.485,0.032
4703.54663,10.536,0.037
4705.57567,10.536,0.038
4709.52266,10.685,0.049
4716.51227,10.638,0.035
4721.50583,10.801,0.038
4725.50126,10.756,0.051
4728.48769,10.887,0.038
4740.48337,10.903,0.036
4853.87867,11.065,0.046
4869.88654,10.86,0.032
4877.88053,10.731,0.033
4881.88029,10.609,0.031
4899.89463,10.362,0.049
4903.88097,10.333,0.054
4914.86612,10.169,0.058
4917.82493,10.183,0.047
4920.80156,10.182,0.057
4937.75714,9.991,0.05
4939.84552,9.937,0.054
4945.81122,9.908,0.051
4948.73374,9.853,0.053
4967.76213,9.769,0.052
4969.7857,9.862,0.049
4975.68784,9.996,0.052
4984.65578,9.78,0.059
4984.68092,9.87,0.058
4991.67019,9.922,0.053
4994.71731,9.891,0.053
5006.67676,9.929,0.053
5021.67057,9.986,0.048
5023.67276,9.983,0.045
5049.62009,10.125,0.057
5057.51681,10.123,0.054
5087.49444,10.468,0.048
5090.4903,10.473,0.054
