2141.53588,11.571,0.037
2510.51761,11.762,0.031
2521.49449,11.526,0.027
2524.50008,11.594,0.032
2529.48024,11.127,0.042
2678.86918,11.279,0.03
2685.86236,11.743,0.025
2688.85937,11.712,0.031
2694.83294,11.67,0.025
2697.90039,11.721,0.023
2700.8901,11.758,0.025
2703.86081,11.701,0.023
2707.87704,11.059,0.031
2709.85701,11.822,0.029
2711.85494,11.513,0.024
2713.82635,10.994,0.025
2715.82827,11.742,0.027
2722.80677,11.081,0.029
2724.79902,11.776,0.025
2730.79687,11.798,0.024
2733.79063,11.833,0.024
2735.78728,11.596,0.023
2737.77094,11.122,0.023
2739.7734,11.792,0.024
2749.825,11.387,0.026
2751.72788,11.885,0.023
2754.73679,11.937,0.027
2756.73785,11.662,0.023
2757.82907,11.191,0.025
2759.83894,11.758,0.026
2761.72133,11.27,0.024
2763.711,11.895,0.024
2766.83207,11.01,0.027
2770.70754,11.338,0.024
2775.72075,11.519,0.026
2784.68371,11.396,0.024
2785.81449,11.616,0.024
2787.75578,11.049,0.025
2794.66533,11.481,0.024
2808.72242,11.175,0.028
2810.60851,11.701,0.023
2812.59771,11.481,0.029
2819.60027,11.774,0.023
2826.57768,11.032,0.023
2830.57099,11.579,0.027
2831.68185,11.727,0.029
2833.65556,11.679,0.03
2840.58649,11.855,0.024
2842.58183,11.639,0.035
2845.57574,11.659,0.024
2854.58254,11.716,0.024
2860.5712,11.691,0.027
2866.56552,11.687,0.026
2874.53611,11.501,0.049
2876.54272,11.117,0.024
2878.53914,11.726,0.023
2882.51843,11.088,0.034
2885.49982,11.164,0.025
2893.4948,11.719,0.027
2895.50766,11.525,0.025
2898.50414,11.618,0.026
2900.49911,11.094,0.026
2904.49102,11.555,0.025
2908.48516,11.852,0.024
3062.86459,11.755,0.037
3067.88463,11.455,0.029
3070.87269,11.394,0.027
3073.86361,11.41,0.03
3076.89021,11.494,0.026
3079.8462,11.444,0.031
3082.83497,11.471,0.041
3089.81419,11.752,0.036
3092.81565,11.753,0.044
3096.85402,11.094,0.026
3098.8254,11.769,0.027
3100.81701,11.561,0.036
3103.82221,11.593,0.04
3105.87201,11.248,0.028
3107.87229,11.845,0.028
3110.76509,11.746,0.035
3112.80456,11.567,0.024
3115.74783,11.567,0.038
3118.81681,11.653,0.024
3122.73693,11.846,0.027
3124.78954,11.599,0.027
3126.74931,11.138,0.03
3128.73344,11.804,0.035
3130.74972,11.593,0.034
3134.78429,11.882,0.028
3144.67914,11.194,0.032
3153.6886,11.305,0.027
3156.63858,11.208,0.029
3158.74009,11.202,0.029
3160.75666,11.743,0.035
3163.75935,11.658,0.036
3166.73492,11.796,0.035
3172.7083,11.7,0.034
3176.59667,11.81,0.031
3178.73919,11.724,0.034
3182.58101,11.633,0.033
3184.58555,11.697,0.031
3186.64415,11.535,0.048
3189.658,11.518,0.028
3219.49192,11.497,0.026
3405.87822,11.004,0.036
3409.88039,11.551,0.028
3413.88036,12.027,0.033
3425.8563,11.841,0.03
3432.86722,11.264,0.028
3436.87492,11.663,0.03
3442.86947,11.689,0.025
3445.83485,11.687,0.026
3453.78985,11.221,0.035
3453.80044,11.291,0.028
3455.80446,11.85,0.033
3459.79594,11.381,0.026
3462.80189,11.367,0.029
3464.83361,11.153,0.026
3467.79193,11.4,0.026
3470.77493,11.446,0.026
3473.7585,11.474,0.026
3475.85227,11.814,0.04
3478.74731,11.696,0.028
3480.77207,11.459,0.03
3482.77443,11.02,0.034
3489.73413,11.479,0.029
3497.76558,11.126,0.029
3500.84548,11.317,0.032
3503.6908,10.928,0.036
3509.71126,11.117,0.024
3515.75904,11.256,0.027
3517.75097,11.917,0.027
3523.70193,11.842,0.033
3525.7304,11.674,0.026
3530.61599,11.064,0.027
3538.62588,11.924,0.028
3540.6456,11.636,0.031
3543.62997,11.68,0.031
3550.66277,11.336,0.033
3552.70728,11.743,0.043
3555.70435,11.711,0.028
3558.71165,11.786,0.035
3561.52842,11.76,0.033
3563.56124,11.356,0.03
3569.64283,11.503,0.027
3573.60241,11.765,0.029
3575.62315,11.523,0.027
3577.63026,11.047,0.036
3586.59747,11.066,0.036
3591.52003,11.777,0.032
3593.5314,11.486,0.027
3597.5385,11.745,0.031
3601.53245,11.127,0.04
3603.54768,11.832,0.03
3606.5529,11.878,0.029
3617.52408,11.642,0.03
3620.48414,11.623,0.041
3630.49252,11.852,0.034
3633.49015,11.823,0.033
3760.88033,11.63,0.034
3775.87461,12.106,0.033
3789.8775,11.516,0.029
3793.86147,11.806,0.028
3797.85623,11.032,0.034
3802.85594,11.76,0.035
3805.85653,11.92,0.041
3808.85192,11.765,0.031
3811.87,11.863,0.033
3814.84798,11.861,0.039
3817.83217,11.921,0.038
3820.81684,11.958,0.034
3823.81065,11.821,0.039
3826.80662,11.843,0.031
3829.79636,11.847,0.029
3832.77458,11.872,0.03
3834.79331,11.661,0.029
3836.82792,11.339,0.031
3850.79355,11.235,0.044
3852.82968,11.73,0.028
3859.78986,11.038,0.034
3861.78621,11.686,0.03
3863.76495,11.524,0.034
3865.74255,11.171,0.033
3867.74194,11.696,0.033
3869.7533,11.556,0.035
3871.77188,10.993,0.03
3875.67843,11.442,0.031
3877.74033,11.05,0.035
3880.73254,11.061,0.026
3883.64788,11.225,0.027
3887.67718,11.511,0.029
3889.68271,11.002,0.027
3891.65966,11.79,0.028
3893.65226,11.56,0.028
3896.69215,11.579,0.03
3901.60262,10.972,0.037
3903.63143,12.088,0.032
3905.63035,11.582,0.048
3909.73208,11.676,0.039
3913.73143,11.363,0.038
4136.88083,11.249,0.031
4140.88354,11.661,0.029
4143.8867,11.659,0.033
4155.89211,11.717,0.032
4159.87382,11.241,0.027
4166.86878,11.489,0.029
4173.86537,11.763,0.028
4176.84544,11.741,0.031
4182.82482,11.791,0.047
4185.80758,11.699,0.04
4189.78258,11.033,0.039
4193.81567,11.58,0.028
4199.77954,11.572,0.031
4203.76616,11.832,0.029
4205.79176,11.601,0.029
4208.87812,11.77,0.04
4213.78428,11.162,0.043
4216.77675,11.301,0.03
4229.74897,11.723,0.026
4233.75512,11.549,0.025
4235.75888,11.993,0.028
4250.73876,11.754,0.028
4254.6322,11.811,0.03
4256.69141,11.715,0.027
4258.76206,11.547,0.036
4267.63904,11.456,0.037
4269.68106,11.047,0.031
4272.62216,11.126,0.027
4274.63417,11.762,0.028
4277.61423,11.692,0.027
4289.65789,11.873,0.029
4291.65821,11.664,0.033
4293.64783,11.244,0.029
4295.66444,11.899,0.027
4297.65479,11.666,0.033
4299.62546,11.237,0.031
4301.58086,11.871,0.046
4303.59423,11.591,0.027
4305.57405,11.291,0.037
4307.59431,11.879,0.029
4309.64066,11.701,0.038
4312.55307,11.64,0.039
4315.55975,11.704,0.036
4317.62108,11.389,0.036
4330.48751,11.619,0.031
4332.50996,11.312,0.03
4338.53671,11.466,0.029
4341.51686,11.417,0.031
4343.52603,11.317,0.046
4345.53828,11.725,0.041
4347.53625,11.482,0.038
4349.53332,11.02,0.039
4352.50723,11.104,0.026
4357.51248,11.794,0.029
4359.50256,11.493,0.028
4364.49571,11,0.028
4503.88686,11.781,0.027
4507.88112,11.176,0.033
4511.87915,11.591,0.036
4518.859,11.899,0.031
4522.865,11.276,0.026
4525.87561,11.346,0.031
4528.88952,11.388,0.033
4536.84763,11.71,0.027
4539.84598,11.593,0.035
4542.84416,11.391,0.028
4548.81566,11.391,0.03
4551.81513,11.315,0.033
4554.79656,11.334,0.034
4557.794,11.244,0.028
4560.79379,11.156,0.026
4563.7872,11.082,0.025
4566.77001,11.085,0.032
4569.77423,11.05,0.032
4571.77897,11.758,0.03
4573.77304,11.502,0.028
4575.76916,11.015,0.026
4578.81805,11.154,0.033
4582.74177,11.56,0.03
4585.7874,11.624,0.036
4588.71893,11.547,0.03
4590.7781,11.241,0.031
4592.85105,11.596,0.029
4595.69708,11.8,0.028
4597.73217,11.639,0.028
4602.6896,11.115,0.035
4606.70795,11.698,0.04
4609.65771,11.563,0.032
4611.69405,11.259,0.028
4616.67568,11.864,0.03
4618.68991,11.68,0.033
4622.66559,11.863,0.033
4629.61236,11.221,0.026
4631.62434,11.891,0.027
4633.63402,11.722,0.038
4639.63135,11.686,0.027
4641.65602,11.447,0.027
4643.66002,11.167,0.033
4648.57844,11.754,0.032
4650.6545,11.472,0.037
4652.67353,11.011,0.038
4656.63212,11.687,0.027
4658.67671,11.079,0.037
4661.56518,11.295,0.027
4663.64204,11.785,0.03
4666.56403,11.717,0.026
4671.65717,11.61,0.026
4674.54234,11.527,0.027
4683.49658,11.552,0.035
4685.50599,11.024,0.03
4687.51797,11.751,0.034
4691.57876,11.353,0.029
4697.54642,11.244,0.029
4701.55637,11.72,0.03
4703.56141,11.336,0.032
4707.53776,11.705,0.04
4716.52028,11.68,0.031
4722.49226,11.736,0.031
4726.48777,11.616,0.038
4729.48322,11.504,0.028
4733.48161,11.368,0.031
4871.87954,11.78,0.033
4879.87043,11.58,0.029
4883.87169,11.741,0.03
4887.86783,11.038,0.043
4891.86989,11.552,0.033
4904.85328,11.907,0.041
4907.85578,11.867,0.038
4916.79028,11.905,0.037
4919.79824,11.812,0.036
4926.82742,11.32,0.046
4935.76921,11.448,0.043
4937.82032,11.063,0.046
4940.75776,11.503,0.038
4946.73702,11.385,0.036
4948.81343,11.737,0.042
4962.6994,11.452,0.042
4969.81199,11.924,0.044
4975.70024,11.81,0.043
4993.77594,11.328,0.046
5006.74391,11.496,0.046
5014.59258,11.815,0.036
5023.70206,10.979,0.042
5039.5213,11.346,0.047
5041.53115,11.729,0.038
5048.53759,11.412,0.039
5057.54701,11.524,0.043
5063.55248,11.552,0.048
5088.50085,11.892,0.042
