1914.86787,12.35,0.058
1918.86519,12.441,0.056
1921.85714,12.382,0.049
1923.865,12.191,0.072
1925.85977,12.297,0.066
1926.88358,12.564,0.056
1931.83974,12.563,0.048
1935.81083,12.457,0.043
1938.84,12.575,0.042
1949.81418,12.554,0.079
1950.85994,12.351,0.065
1958.82931,12.523,0.048
1962.77309,12.389,0.056
1963.89935,12.581,0.052
1965.79482,12.471,0.049
1967.80386,12.361,0.049
1971.89869,12.337,0.052
1976.87147,12.51,0.053
1978.81893,12.425,0.057
1980.76612,12.172,0.061
1981.79226,12.471,0.057
1984.88861,12.245,0.062
1985.81114,12.412,0.057
1994.68814,12.469,0.058
1995.78736,12.462,0.07
1997.79299,12.639,0.065
1998.781,12.217,0.069
2000.77782,12.36,0.064
2014.71161,12.387,0.067
2016.73302,12.36,0.069
2025.72466,12.464,0.05
2026.72115,12.457,0.047
2027.70948,12.574,0.053
2030.69492,12.447,0.057
2031.70743,12.487,0.05
2032.69446,12.466,0.048
2033.68873,12.502,0.042
2040.67177,12.405,0.081
2040.74221,12.443,0.063
2052.62936,12.475,0.066
2053.66457,12.357,0.06
2054.66096,12.516,0.057
2055.64727,12.42,0.078
2056.64433,12.551,0.06
2057.63868,12.5,0.066
2058.64145,12.424,0.07
2061.6693,12.565,0.068
2068.61799,12.586,0.056
2070.61543,12.561,0.064
2079.57792,12.601,0.082
2081.58739,12.502,0.048
2082.60759,12.475,0.049
2083.5874,12.437,0.07
2085.57632,12.36,0.048
2087.57746,12.288,0.056
2088.58414,12.516,0.057
2094.58631,12.344,0.057
2102.5374,12.574,0.057
2103.56162,12.318,0.053
2104.55236,12.562,0.049
2105.54244,12.449,0.058
2109.56418,12.542,0.05
2115.50401,12.516,0.053
2116.51417,12.49,0.057
2117.51749,12.417,0.053
2124.48881,12.387,0.056
2128.48539,12.426,0.044
2132.51454,12.515,0.044
2136.50918,12.537,0.047
2141.51187,12.485,0.046
2143.51044,12.587,0.053
2440.60229,12.45,0.036
2441.60329,12.359,0.041
2442.6041,12.417,0.042
2443.59264,12.35,0.037
2444.5953,12.451,0.037
2452.56193,12.343,0.045
2454.57638,12.298,0.045
2456.56299,12.491,0.042
2465.55366,12.351,0.046
2466.54538,12.393,0.042
2467.54798,12.461,0.037
2468.55826,12.376,0.04
2469.54354,12.41,0.051
2470.55197,12.374,0.045
2473.52887,12.36,0.045
2481.50051,12.327,0.055
2491.49483,12.305,0.053
2494.50879,12.418,0.043
2508.59622,12.376,0.064
2510.54955,12.521,0.057
2511.60613,12.505,0.052
2520.53276,12.365,0.041
2521.54221,12.373,0.039
2524.53802,12.483,0.055
2526.56558,12.531,0.054
2540.51661,12.527,0.067
2651.8686,12.502,0.041
2658.85325,12.475,0.031
2664.84413,12.335,0.035
2668.86054,12.235,0.038
2672.84943,12.438,0.036
2678.83247,12.441,0.034
2681.83299,12.535,0.037
2683.84953,12.51,0.034
2686.81765,12.59,0.034
2688.87036,12.392,0.031
2690.86965,12.323,0.035
2696.82063,12.249,0.033
2699.80143,12.514,0.032
2701.84113,12.415,0.037
2704.82731,12.402,0.038
2706.82066,12.453,0.03
2714.79487,12.444,0.032
2717.81453,12.563,0.029
2722.86507,12.414,0.035
2724.78259,12.505,0.033
2726.78384,12.48,0.033
2728.77819,12.405,0.033
2730.78268,12.366,0.033
2733.77203,12.471,0.031
2735.77322,12.407,0.033
2737.74453,12.308,0.034
2739.75943,12.322,0.032
2743.72041,12.36,0.032
2744.83335,12.4,0.033
2749.79434,12.462,0.033
2751.70902,12.364,0.034
2754.71441,12.366,0.036
2755.87474,12.351,0.029
2757.71428,12.305,0.031
2759.75669,12.34,0.031
2761.70094,12.444,0.031
2763.69053,12.47,0.031
2766.73899,12.343,0.033
2782.49122,12.341,0.04
2782.69912,12.363,0.048
2783.89255,12.345,0.036
2783.89931,12.425,0.036
2785.73175,12.358,0.043
2787.68367,12.365,0.032
2790.71197,12.419,0.035
2794.61299,12.334,0.034
2804.64532,12.447,0.035
2808.64736,12.415,0.037
2809.79182,12.412,0.035
2811.66912,12.386,0.033
2812.76511,12.336,0.033
2816.79601,12.307,0.044
2820.54161,12.35,0.032
2826.60117,12.386,0.035
2832.56741,12.331,0.035
2836.72486,12.334,0.037
2840.6068,12.483,0.033
2842.59439,12.414,0.049
2845.59919,12.386,0.035
2851.507,12.357,0.03
2853.63865,12.403,0.037
2859.55658,12.505,0.036
2860.6784,12.405,0.036
2862.60226,12.339,0.042
2866.60252,12.395,0.033
2868.65356,12.431,0.035
2876.52934,12.364,0.041
2878.52576,12.361,0.034
2882.50971,12.338,0.034
2886.59199,12.469,0.035
2893.58978,12.46,0.033
2896.52513,12.332,0.032
2900.51674,12.395,0.032
2904.50862,12.481,0.038
2906.50435,12.501,0.032
2909.50778,12.418,0.034
2915.49242,12.51,0.034
2923.49794,12.36,0.032
2927.49473,12.398,0.031
3032.85799,12.474,0.037
3036.85095,12.517,0.035
3042.857,12.398,0.033
3060.8289,12.483,0.032
3064.82383,12.479,0.033
3068.80765,12.44,0.031
3071.8325,12.337,0.034
3074.86496,12.4,0.031
3078.88836,12.391,0.035
3081.82553,12.369,0.033
3085.86702,12.403,0.031
3088.79899,12.477,0.061
3091.78408,12.455,0.034
3096.8365,12.442,0.032
3098.81219,12.399,0.031
3100.82171,12.401,0.033
3105.81961,12.328,0.037
3107.82547,12.539,0.035
3110.7474,12.362,0.032
3112.79393,12.355,0.034
3114.83329,12.328,0.037
3118.73978,12.427,0.031
3122.73177,12.43,0.031
3124.78436,12.434,0.033
3126.74158,12.365,0.037
3128.72106,12.45,0.033
3132.74765,12.475,0.037
3134.74553,12.372,0.05
3142.75353,12.456,0.034
3146.6099,12.362,0.033
3152.85493,12.476,0.033
3154.61432,12.378,0.031
3160.66907,12.442,0.036
3163.67879,12.393,0.035
3165.67307,12.313,0.034
3168.69528,12.292,0.031
3170.82469,12.399,0.038
3176.67379,12.439,0.033
3182.57269,12.411,0.033
3184.59727,12.396,0.033
3187.60147,12.396,0.035
3189.78537,12.516,0.036
3397.87038,12.449,0.073
3400.85629,12.334,0.051
3407.83694,12.42,0.068
3411.83627,12.328,0.061
3414.85354,12.42,0.043
3418.82706,12.244,0.075
3424.8555,12.437,0.07
3427.84984,12.436,0.06
3430.84292,12.392,0.047
3434.81392,12.328,0.08
3438.84088,12.363,0.046
3442.84779,12.595,0.052
3444.83763,12.469,0.046
3447.81471,12.534,0.058
3450.84219,12.405,0.056
3453.73882,12.441,0.039
3453.75507,12.537,0.074
3455.75695,12.536,0.062
3457.81007,12.445,0.056
3462.7406,12.281,0.055
3462.75745,12.435,0.045
3464.82808,12.307,0.049
3467.77475,12.424,0.04
3468.77882,12.329,0.039
3470.75351,12.425,0.045
3470.80024,12.343,0.043
3473.74243,12.35,0.042
3473.75581,12.3,0.041
3473.83833,12.363,0.057
3475.83044,12.707,0.049
3478.72708,12.394,0.053
3480.76577,12.503,0.063
3482.76064,12.257,0.07
3489.72245,12.336,0.038
3491.74694,12.33,0.056
3495.75692,12.217,0.065
3496.77473,12.373,0.042
3497.76239,12.516,0.04
3499.8451,12.458,0.07
3500.83591,12.405,0.056
3503.66815,12.42,0.078
3506.71012,12.398,0.04
3509.7082,12.352,0.042
3511.74368,12.333,0.04
3515.74486,12.413,0.039
3517.73851,12.426,0.038
3521.67179,12.499,0.087
3523.67544,12.422,0.056
3525.70275,12.58,0.078
3529.77613,12.519,0.084
3543.62555,12.424,0.048
3550.58673,12.284,0.054
3552.6615,12.394,0.049
3555.65709,12.294,0.063
3558.66976,12.487,0.069
3560.67698,12.526,0.049
3562.67892,12.427,0.042
3564.66077,12.394,0.04
3570.54636,12.343,0.04
3573.6259,12.367,0.042
3575.6432,12.301,0.042
3583.51406,12.472,0.068
3585.57243,12.38,0.091
3587.58015,12.335,0.049
3589.5907,12.395,0.058
3591.66569,12.374,0.041
3599.5795,12.415,0.04
3601.62532,12.367,0.065
3603.62845,12.482,0.053
3606.63246,12.424,0.047
3616.48776,12.447,0.039
3618.58566,12.355,0.059
3620.59183,12.422,0.082
3626.5029,12.411,0.037
3629.57334,12.356,0.043
3632.50176,12.403,0.049
3639.49321,12.348,0.046
3642.51249,12.494,0.042
3646.5117,12.347,0.043
3656.49468,12.363,0.075
3751.86884,11.537,0.046
3755.8613,12.296,0.045
3762.8736,12.42,0.064
3763.87072,12.379,0.074
3766.88315,12.3,0.042
3767.86431,12.998,0.038
3772.86169,12.34,0.036
3774.84493,12.473,0.048
3775.86812,12.339,0.058
3783.87486,12.493,0.073
3790.82985,12.484,0.048
3793.85812,12.325,0.061
3793.88526,12.402,0.057
3796.85562,12.368,0.04
3800.83146,12.377,0.068
3803.84285,12.47,0.061
3804.80336,12.411,0.038
3806.82928,12.487,0.075
3809.84883,12.303,0.066
3811.85306,12.267,0.041
3812.81627,12.336,0.072
3816.86975,12.229,0.051
3816.8774,12.46,0.083
3822.78814,12.496,0.084
3822.79878,12.443,0.062
3825.77531,12.326,0.044
3825.79413,12.582,0.039
3831.76512,12.443,0.04
3833.81624,12.417,0.049
3835.80323,12.425,0.044
3837.81354,12.361,0.054
3847.77723,12.542,0.058
3849.76955,12.401,0.048
3851.77272,12.332,0.051
3852.83506,12.384,0.038
3853.83137,12.277,0.07
3856.70628,12.461,0.056
3858.81132,12.394,0.042
3861.68018,12.444,0.073
3861.78389,12.44,0.04
3863.73625,12.387,0.055
3865.71996,12.476,0.046
3872.79559,12.38,0.084
3876.65055,12.291,0.048
3881.75004,12.615,0.058
3886.66857,12.469,0.039
3890.65894,12.442,0.048
3892.65768,12.446,0.047
3898.65117,12.29,0.045
3900.66607,12.47,0.05
3902.68529,12.432,0.038
3904.70885,12.452,0.047
3906.7212,12.489,0.057
3908.77321,12.347,0.057
3908.80717,12.347,0.046
3912.72002,12.354,0.046
4125.86391,12.283,0.065
4129.8608,12.323,0.056
4133.85098,12.24,0.048
4137.85789,12.122,0.06
4145.84385,12.277,0.053
4151.83999,12.242,0.047
4154.86234,12.41,0.072
4161.82666,12.478,0.062
4164.88037,12.383,0.068
4167.86086,12.283,0.047
4172.85954,12.39,0.06
4178.82564,12.218,0.048
4181.81705,12.322,0.048
4184.79817,12.427,0.077
4184.80667,12.464,0.057
4188.8085,12.438,0.042
4190.84264,12.27,0.044
4192.80575,12.301,0.038
4194.79313,12.147,0.05
4194.80734,12.324,0.058
4200.74635,12.417,0.041
4200.76705,12.416,0.033
4203.8066,12.409,0.045
4203.81827,12.377,0.064
4205.78318,12.269,0.044
4205.80249,12.3,0.039
4208.87299,12.329,0.058
4208.8897,12.222,0.059
4212.873,12.275,0.046
4213.78679,12.447,0.048
4216.78452,12.378,0.042
4226.85075,12.452,0.049
4228.79096,12.285,0.038
4230.78534,12.269,0.039
4232.74359,12.365,0.043
4232.78575,12.392,0.045
4234.73938,12.397,0.065
4234.82895,12.389,0.036
4246.68019,12.292,0.043
4246.69077,12.516,0.038
4255.70771,12.336,0.041
4257.69644,12.228,0.049
4257.70936,12.511,0.047
4257.71452,12.32,0.039
4266.69002,12.358,0.041
4269.69411,12.28,0.038
4276.58444,12.345,0.042
4284.76317,12.33,0.045
4286.7345,12.273,0.054
4291.64244,12.303,0.046
4292.68738,12.36,0.04
4294.68845,12.435,0.045
4296.69257,12.438,0.06
4298.69776,12.419,0.055
4300.5917,12.348,0.053
4302.63747,12.413,0.05
4308.52516,12.424,0.05
4310.61969,12.37,0.042
4312.6167,12.228,0.054
4315.62266,12.138,0.042
4315.64206,12.234,0.047
4317.67465,12.392,0.052
4329.49023,12.42,0.043
4339.52025,12.569,0.05
4341.57502,12.354,0.05
4343.58012,12.406,0.06
4345.59363,12.38,0.058
4347.59438,12.474,0.065
4349.59159,12.363,0.045
4351.59022,12.411,0.043
4354.57032,12.318,0.04
4357.49003,12.414,0.042
4363.48075,12.23,0.043
4365.53509,12.36,0.048
4369.51173,12.185,0.046
4371.52616,12.375,0.042
4375.51415,12.469,0.041
4377.52258,12.294,0.043
4380.51091,12.472,0.047
4383.50211,12.39,0.044
4492.86827,12.366,0.047
4500.86644,12.472,0.045
4504.86511,12.339,0.053
4508.85846,12.331,0.038
4516.8575,12.314,0.053
4520.82943,12.242,0.053
4527.82227,12.276,0.064
4527.83026,12.403,0.057
4530.84919,12.29,0.043
4530.86907,12.319,0.036
4535.87099,12.362,0.046
4538.85212,12.193,0.045
4541.82156,12.229,0.041
4541.83843,12.388,0.049
4547.79094,12.276,0.045
4547.80391,12.201,0.045
4554.85672,12.365,0.047
4557.78523,12.317,0.043
4559.76962,12.221,0.053
4560.77385,12.233,0.041
4561.83799,12.216,0.052
4563.77723,12.243,0.044
4565.82972,12.277,0.058
4567.74509,12.441,0.045
4568.75539,12.305,0.048
4570.7423,12.336,0.043
4570.81548,12.27,0.037
4572.76444,12.209,0.049
4572.78071,12.284,0.037
4574.75434,12.278,0.044
4574.77166,12.327,0.045
4576.7565,12.287,0.063
4576.78119,12.348,0.046
4585.77412,12.314,0.048
4587.80202,12.528,0.046
4587.83267,12.298,0.044
4590.6992,12.335,0.045
4592.82524,12.359,0.045
4594.76168,12.317,0.036
4596.75728,12.351,0.043
4596.78032,12.426,0.05
4599.67144,12.327,0.047
4599.68863,12.336,0.038
4603.73126,12.387,0.036
4609.59869,12.248,0.045
4609.64923,12.279,0.044
4611.69719,12.288,0.046
4615.84665,12.324,0.044
4616.81711,12.333,0.041
4617.70557,12.325,0.055
4620.62262,12.219,0.047
4623.67117,12.183,0.053
4627.62933,12.309,0.048
4629.61074,12.233,0.037
4630.68396,12.3,0.045
4630.78483,12.325,0.047
4640.62336,12.455,0.046
4640.75571,12.371,0.045
4642.61334,12.257,0.044
4642.73504,12.376,0.044
4644.63206,12.369,0.041
4644.75552,12.338,0.062
4646.62066,12.342,0.052
4647.5498,12.486,0.056
4649.59685,12.452,0.067
4650.69899,12.182,0.049
4652.70324,12.325,0.046
4653.64493,12.333,0.052
4655.58388,12.255,0.06
4656.66308,12.392,0.069
4663.5504,12.32,0.045
4663.56008,12.428,0.053
4664.73923,12.284,0.039
4666.74378,12.202,0.047
4672.69665,12.273,0.051
4672.70282,12.402,0.054
4679.49239,12.34,0.045
4682.48494,12.301,0.05
4684.4906,12.305,0.041
4690.481,12.208,0.049
4693.57263,12.218,0.073
4697.57309,12.297,0.044
4701.57968,12.375,0.05
4701.5987,12.354,0.039
4703.58476,12.366,0.053
4705.61589,12.318,0.046
4705.63742,12.291,0.065
4708.58399,12.372,0.053
4710.60096,12.44,0.068
4710.60916,12.49,0.053
4720.51759,12.373,0.063
4722.55293,12.189,0.069
4726.524,12.313,0.074
4729.51677,12.18,0.049
4731.53378,12.21,0.05
4737.51387,12.249,0.048
4745.49203,12.231,0.078
4754.49144,12.205,0.068
4865.86509,12.259,0.046
4867.87358,12.39,0.048
4869.85879,12.335,0.056
4876.86627,12.296,0.049
4882.84008,12.245,0.037
4885.8743,12.429,0.056
4885.87827,12.311,0.053
4888.85357,12.118,0.052
4892.82389,12.259,0.052
4892.85272,12.316,0.046
4902.87492,12.334,0.068
4908.88152,12.203,0.053
4914.85709,12.312,0.055
4917.81768,12.27,0.05
4920.78784,12.424,0.049
4924.82491,12.181,0.056
4926.83734,12.353,0.061
4928.80995,12.274,0.056
4931.75837,12.335,0.051
4938.73574,12.237,0.055
4940.79924,12.269,0.056
4946.71185,12.335,0.053
4951.73546,12.389,0.05
4966.69632,12.214,0.059
4968.74642,12.286,0.045
4984.67169,12.227,0.051
4993.72772,12.232,0.052
5006.62062,12.408,0.056
5006.71373,12.246,0.059
5022.60509,12.358,0.057
5024.55705,12.502,0.047
5029.56074,12.318,0.049
5038.53091,12.37,0.058
5047.50878,12.515,0.058
5049.55528,12.211,0.06
5066.55797,12.349,0.055
5083.58935,12.377,0.055
5086.50446,12.423,0.055
5088.56172,12.339,0.058
5103.51716,12.326,0.053
5109.50835,12.289,0.056
