1914.86787,10.208,0.038
1918.86519,10.362,0.038
1921.85714,10.478,0.036
1923.865,10.576,0.055
1925.85977,10.724,0.052
1926.88358,10.754,0.045
1931.83974,11.067,0.036
1935.81083,11.43,0.036
1938.84,11.666,0.035
1949.81418,12.59,0.061
1950.85994,12.557,0.054
1958.82931,13.327,0.041
1962.77309,13.438,0.05
1963.89935,13.584,0.044
2052.62936,14.111,0.039
2053.66457,14.348,0.035
2054.66096,14.576,0.035
2055.64727,14.295,0.042
2056.64433,14.137,0.034
2057.63868,14.209,0.043
2058.64145,13.961,0.039
2061.6693,13.758,0.04
2068.61799,13.148,0.035
2070.61543,13.018,0.038
2079.57792,12.006,0.049
2081.58739,11.906,0.032
2082.60759,11.737,0.034
2083.5874,11.68,0.051
2085.57632,11.594,0.035
2087.57746,11.448,0.037
2088.58414,11.39,0.036
2094.58631,11.065,0.037
2102.5374,10.987,0.039
2103.56162,11.039,0.035
2104.55236,11.002,0.034
2105.54244,11.042,0.04
2109.56418,11.073,0.035
2115.50401,11.135,0.036
2116.51417,11.12,0.041
2117.51749,11.143,0.036
2124.48881,11.127,0.035
2128.48539,11.038,0.033
2132.51454,11.022,0.031
2136.50918,11.526,0.034
2141.51187,11.14,0.032
2143.51044,11.175,0.035
2491.49483,13.86,0.046
2494.50879,13.437,0.041
2508.59622,12.347,0.054
2510.54955,12.248,0.051
2511.60613,12.026,0.051
2520.53276,11.085,0.034
2521.54221,11.007,0.031
2524.53802,10.751,0.043
2526.56558,10.655,0.045
2540.51661,10.319,0.053
2696.82063,14.44,0.029
2699.80143,13.786,0.029
2701.84113,13.636,0.04
2704.82731,13.883,0.033
2706.82066,13.866,0.03
2714.79487,13.408,0.035
2717.81453,13.173,0.029
2722.86507,12.809,0.029
2724.78259,12.729,0.03
2726.78384,12.493,0.036
2728.77819,12.199,0.033
2730.78268,11.99,0.028
2733.77203,11.639,0.037
2735.77322,11.445,0.037
2737.74453,11.262,0.038
2739.75943,11.032,0.032
2743.72041,10.731,0.029
2744.83335,10.63,0.033
2749.79434,10.478,0.028
2751.70902,10.421,0.032
2754.71441,10.399,0.037
2755.87474,10.428,0.028
2757.71428,10.462,0.033
2759.75669,10.447,0.038
2761.70094,10.414,0.03
2763.69053,10.435,0.036
2766.73899,10.43,0.036
2782.49122,10.616,0.045
2782.69912,10.625,0.042
2783.89931,10.672,0.035
2785.73175,10.702,0.028
2787.68367,10.744,0.032
2790.71197,10.85,0.028
2794.61299,11.033,0.041
2804.64532,11.484,0.03
2808.64736,11.69,0.027
2809.79182,11.726,0.029
2811.66912,11.815,0.029
2812.76511,11.897,0.029
2816.79601,12.131,0.034
2820.54161,12.349,0.031
2826.60117,12.957,0.033
2832.56741,13.076,0.032
2836.72486,13.377,0.035
2840.6068,13.433,0.031
2842.59439,13.513,0.047
2845.59919,13.751,0.029
2851.507,13.777,0.031
2853.63865,13.864,0.035
2860.6784,14.427,0.032
2866.60252,15.012,0.031
2900.51674,14.488,0.028
2904.50862,14.375,0.035
2906.50435,14.203,0.027
2909.50778,13.997,0.028
2915.49242,13.462,0.03
2923.49794,13.187,0.03
2927.49473,12.816,0.029
3032.85799,12.023,0.033
3036.85095,12.427,0.029
3042.857,12.771,0.03
3060.8289,14.243,0.03
3142.75353,14.13,0.03
3146.6099,13.856,0.031
3152.85493,13.452,0.031
3154.61432,13.249,0.029
3160.66907,12.734,0.034
3163.67879,12.539,0.028
3165.67307,12.285,0.03
3168.69528,12.006,0.03
3170.82469,11.752,0.034
3176.67379,11.083,0.031
3182.57269,10.794,0.028
3184.59727,10.729,0.029
3187.60147,10.729,0.03
3189.78537,10.683,0.033
3397.87038,11.231,0.041
3400.85629,11.077,0.041
3407.83694,10.765,0.046
3411.83627,10.641,0.041
3414.85354,10.617,0.034
3418.82706,10.613,0.052
3424.8555,10.607,0.04
3427.84984,10.718,0.039
3430.84292,10.735,0.032
3434.81392,10.771,0.045
3438.84088,10.897,0.034
3442.84779,11.013,0.034
3444.83763,11.083,0.035
3447.81471,11.2,0.042
3450.84219,11.304,0.044
3453.75507,11.519,0.048
3457.81007,11.814,0.039
3462.7406,12.115,0.038
3464.82808,12.284,0.035
3467.77475,12.51,0.032
3470.75351,12.59,0.031
3470.80024,12.822,0.033
3473.74243,12.841,0.033
3475.83044,13.301,0.04
3478.72708,13.257,0.037
3480.76577,13.349,0.041
3489.72245,13.7,0.031
3491.74694,14.158,0.037
3497.76239,14.293,0.031
3500.83591,14.693,0.04
3560.67698,14.364,0.036
3562.67892,14.255,0.032
3564.66077,13.874,0.032
3570.54636,13.709,0.033
3573.6259,13.669,0.035
3575.6432,13.137,0.034
3583.51406,12.598,0.043
3585.57243,12.391,0.051
3587.58015,12.346,0.033
3589.5907,12.26,0.036
3591.66569,12.185,0.034
3599.5795,11.643,0.034
3601.62532,11.481,0.039
3603.62845,11.195,0.036
3606.63246,10.83,0.037
3616.48776,10.071,0.037
3618.58566,10.042,0.043
3620.59183,10.051,0.05
3626.5029,10.06,0.033
3629.57334,10.059,0.038
3632.50176,10.064,0.036
3639.49321,10.099,0.032
3642.51249,10.127,0.037
3646.5117,10.199,0.035
3656.49468,10.537,0.042
3783.87486,13.776,0.046
3790.82985,13.447,0.036
3793.85812,13.07,0.043
3796.85562,12.767,0.032
3800.83146,12.479,0.043
3803.84285,12.317,0.043
3806.82928,11.971,0.046
3809.84883,11.838,0.042
3812.81627,11.528,0.045
3816.86975,11.17,0.037
3822.78814,10.57,0.05
3825.77531,10.41,0.035
3831.76512,10.154,0.032
3833.81624,10.14,0.036
3835.80323,10.145,0.034
3837.81354,10.114,0.037
3847.77723,10.053,0.041
3849.76955,10.059,0.035
3851.77272,10.051,0.034
3853.83137,10.09,0.041
3856.70628,10.078,0.039
3858.81132,10.153,0.035
3861.68018,10.231,0.044
3863.73625,10.274,0.036
3865.71996,10.344,0.032
3870.90767,10.533,0.037
3872.79559,10.622,0.048
3876.65055,10.795,0.036
3881.75004,11.191,0.035
3886.66857,11.437,0.03
3890.65894,11.707,0.035
3892.65768,11.87,0.035
3898.65117,12.297,0.034
3900.66607,12.436,0.037
3902.68529,12.605,0.031
3904.70885,12.782,0.034
3906.7212,12.939,0.036
3908.77321,13.149,0.038
3912.72002,13.301,0.035
4125.86391,13.5,0.045
4129.8608,13.589,0.039
4134.8448,13.663,0.034
4137.85789,13.847,0.039
4145.84385,14.283,0.039
4203.8066,14.372,0.034
4203.81827,14.349,0.042
4208.8897,14.647,0.043
4213.78679,13.475,0.038
4215.8144,13.392,0.038
4216.78452,13.206,0.037
4228.74828,12.7,0.037
4228.79096,12.737,0.039
4230.74602,12.666,0.038
4230.78534,12.577,0.035
4232.74359,12.492,0.035
4232.78575,12.427,0.035
4234.73938,12.42,0.04
4234.82895,12.372,0.034
4246.68019,11.191,0.035
4255.70771,10.668,0.034
4257.70936,10.629,0.04
4257.71452,10.622,0.039
4266.69002,10.362,0.037
4273.79906,10.359,0.036
4276.58444,10.307,0.035
4284.76317,10.23,0.034
4286.7345,10.262,0.044
4290.72887,10.291,0.038
4292.68738,10.289,0.033
4294.68845,10.382,0.034
4296.69257,10.38,0.045
4298.69776,10.417,0.041
4300.5917,10.53,0.045
4302.63747,10.525,0.037
4308.52516,10.823,0.04
4310.61969,10.957,0.034
4312.6167,11.108,0.039
4315.62266,11.276,0.036
4315.64206,11.146,0.045
4317.67465,11.443,0.044
4329.49023,12.258,0.037
4339.52025,12.872,0.038
4343.58012,13.207,0.04
4345.59363,13.331,0.037
4347.59438,13.501,0.042
4354.57032,14.211,0.033
4357.49003,13.854,0.033
4492.86827,10.451,0.038
4500.84778,10.444,0.043
4500.86644,10.498,0.043
4504.86511,10.521,0.04
4508.8414,10.616,0.034
4508.85846,10.644,0.036
4516.8575,11.038,0.048
4519.86851,11.09,0.038
4520.82943,11.154,0.042
4527.82227,11.707,0.041
4527.83026,11.731,0.043
4530.84919,11.843,0.034
4530.86907,11.848,0.035
4535.87099,12.306,0.043
4538.84617,12.499,0.037
4538.85212,12.425,0.038
4541.82156,12.614,0.031
4541.83843,12.807,0.037
4547.80391,13.208,0.039
4554.85672,13.538,0.043
4557.78523,13.794,0.037
4559.76962,13.638,0.039
4560.77385,13.999,0.037
4561.83799,14.263,0.037
4563.77723,14.254,0.037
4565.82972,14.098,0.041
4570.81548,14.205,0.036
4572.78071,13.9,0.037
4640.75571,14.636,0.038
4642.73504,14.362,0.037
4644.63206,13.746,0.036
4644.75552,14.038,0.044
4647.5498,13.82,0.046
4649.59685,13.109,0.045
4650.69899,13.271,0.035
4652.70324,13.21,0.034
4653.64493,13.102,0.037
4654.6875,12.942,0.039
4655.58388,13.189,0.045
4656.66308,12.945,0.042
4663.5504,12.637,0.035
4664.73654,12.852,0.036
4664.73923,12.499,0.037
4666.7335,12.618,0.04
4666.74378,12.397,0.039
4672.69665,11.765,0.036
4672.70282,11.806,0.038
4679.49239,10.958,0.035
4682.48494,10.696,0.036
4684.4906,10.578,0.033
4690.481,10.349,0.04
4693.57263,10.294,0.052
4697.57309,10.29,0.034
4701.57968,10.256,0.037
4703.58476,10.273,0.036
4705.61589,10.258,0.037
4708.58399,10.263,0.039
4710.60096,10.208,0.053
4720.51759,10.382,0.041
4722.55293,10.335,0.044
4726.524,10.583,0.044
4729.51677,10.677,0.037
4731.53378,10.81,0.044
4737.51387,11.148,0.036
4745.49203,11.76,0.049
4754.49144,12.44,0.044
4863.85992,13.511,0.034
4867.87358,13.177,0.036
4869.85879,13.2,0.044
4871.85655,12.774,0.044
4876.86627,12.621,0.035
4882.83679,12.07,0.042
4882.84008,12.022,0.035
4885.8743,11.706,0.046
4888.85357,11.325,0.048
4892.82389,10.909,0.04
4892.85272,10.902,0.041
4901.88928,10.278,0.049
4908.88152,10.036,0.044
4914.85709,9.946,0.049
4917.81768,9.968,0.042
4920.78784,9.995,0.043
4924.82491,10.046,0.045
4926.83734,10.146,0.047
4928.80995,10.145,0.048
4931.75837,10.238,0.043
4938.73574,10.631,0.044
4940.79924,10.527,0.047
4946.71185,10.877,0.042
4951.73546,11.253,0.044
4966.69632,12.456,0.047
4968.74642,12.773,0.041
4984.67169,13.9,0.048
5083.58935,13.077,0.048
5086.50446,12.835,0.05
5088.56172,12.794,0.049
5103.51716,11.701,0.051
5109.50835,11.384,0.051
