1924.86237,13.089,0.049
1931.84903,13.064,0.048
1933.86055,12.945,0.042
1936.85255,13.278,0.04
1939.85014,13.131,0.042
1946.86591,13.064,0.041
1950.86926,13.126,0.059
1958.84102,12.861,0.043
1962.79239,13.041,0.056
1965.81586,13.166,0.042
1967.81577,12.962,0.046
1995.79003,12.904,0.057
1996.7868,12.91,0.061
2000.7805,12.616,0.057
2016.73799,12.67,0.061
2026.71704,13.351,0.044
2027.71215,13.417,0.041
2030.70209,13.464,0.05
2031.71232,13.5,0.053
2032.69939,13.555,0.039
2033.69137,13.581,0.044
2040.68981,13.669,0.071
2052.63643,13.894,0.051
2053.66938,13.957,0.053
2054.66576,13.96,0.046
2055.64534,13.776,0.052
2056.65135,13.738,0.057
2057.64346,13.935,0.053
2058.6395,13.785,0.052
2059.68377,13.854,0.061
2062.58244,14.162,0.071
2067.66332,13.528,0.05
2068.62497,13.792,0.065
2069.61852,13.645,0.061
2070.61341,13.765,0.056
2080.51857,13.386,0.059
2081.59474,13.577,0.06
2082.61454,13.422,0.054
2083.59427,13.291,0.057
2085.58315,13.299,0.036
2086.58902,13.38,0.052
2087.58431,13.408,0.051
2094.58858,13.251,0.058
2102.52608,13.094,0.049
2103.55257,13.081,0.046
2104.55685,13.042,0.048
2105.55152,13.002,0.063
2106.55782,13.032,0.051
2115.51067,13.014,0.043
2116.5231,13.071,0.054
2117.51286,13.056,0.052
2124.47952,13.137,0.054
2128.47845,13.217,0.049
2130.52277,12.991,0.052
2132.51654,13.07,0.051
2134.51978,13.182,0.046
2136.51116,13.04,0.054
2141.51607,13.165,0.051
2143.51237,13.056,0.049
2177.47689,13.174,0.052
2440.60696,12.808,0.035
2442.60203,13.022,0.037
2443.59955,13.014,0.034
2445.5818,13.055,0.035
2454.59046,13.368,0.041
2456.56754,13.222,0.036
2459.58209,13.471,0.049
2463.57175,13.633,0.039
2464.55677,13.354,0.036
2465.56048,13.458,0.037
2466.55437,13.453,0.035
2467.55704,13.507,0.034
2468.55148,13.566,0.036
2469.54808,13.505,0.053
2487.61702,13.707,0.063
2490.49425,13.243,0.043
2495.50016,13.301,0.047
2497.50988,13.453,0.041
2499.48036,13.345,0.037
2509.54378,13.564,0.043
2512.55486,13.297,0.048
2524.49122,13.444,0.046
2526.51906,13.414,0.057
2545.48789,13.404,0.032
2669.85961,13.423,0.032
2673.85126,13.369,0.032
2681.8217,13.279,0.027
2683.86889,13.182,0.029
2686.82725,13.06,0.037
2699.8157,13.257,0.03
2701.85079,13.222,0.027
2704.83219,13.167,0.034
2706.84202,13.196,0.028
2712.80909,13.169,0.027
2714.80472,13.007,0.031
2722.87004,13.058,0.034
2727.80328,12.982,0.037
2730.78085,12.999,0.029
2733.7793,12.862,0.035
2735.77826,12.943,0.032
2737.7573,12.914,0.03
2739.76446,12.899,0.031
2743.72872,12.908,0.033
2749.85121,13.025,0.042
2754.71941,13.029,0.029
2755.9053,13.142,0.03
2757.71922,13.051,0.04
2759.76632,13.198,0.039
2761.71045,13.236,0.03
2763.69319,13.358,0.028
2763.72033,13.241,0.035
2770.69204,13.365,0.027
2783.64413,13.391,0.055
2783.64871,13.456,0.038
2785.6778,13.416,0.028
2790.71451,13.497,0.029
2794.62932,13.483,0.036
2809.63218,13.592,0.032
2810.77465,13.508,0.033
2813.77146,13.617,0.039
2819.67584,13.673,0.034
2821.66289,13.856,0.03
2832.56966,13.733,0.032
2838.57932,13.549,0.028
2840.63311,13.555,0.031
2845.61969,13.285,0.037
2853.54785,13.104,0.031
2854.67194,12.978,0.032
2859.51827,13.076,0.031
2860.6706,12.906,0.034
2862.59738,12.908,0.042
2866.6453,13.022,0.031
2876.56208,13.016,0.032
2878.55862,12.939,0.029
2888.51825,12.967,0.032
2893.53985,13.211,0.029
2895.54554,13.137,0.029
2901.54479,13.1,0.043
2916.49966,13.362,0.029
3033.86325,12.67,0.04
3037.87579,12.994,0.04
3042.87446,12.846,0.031
3056.87325,13.517,0.036
3060.84234,13.248,0.03
3064.8352,13.424,0.029
3068.81597,13.544,0.031
3071.83814,13.741,0.031
3074.79299,13.736,0.036
3078.89137,13.845,0.042
3081.8234,13.866,0.03
3089.80078,13.718,0.047
3097.754,13.646,0.031
3099.75874,13.721,0.04
3099.78442,13.728,0.035
3099.80078,13.777,0.036
3100.70932,13.452,0.046
3100.74014,13.413,0.041
3100.7758,13.536,0.048
3100.80187,13.517,0.036
3107.82848,13.584,0.033
3110.74381,13.43,0.028
3112.79968,13.408,0.03
3115.72709,13.391,0.03
3122.72965,13.166,0.041
3124.78221,13.052,0.04
3126.74452,12.918,0.031
3132.75394,13.121,0.033
3134.75106,13.138,0.036
3142.75899,13.161,0.028
3153.86058,13.473,0.032
3156.63401,13.624,0.028
3160.67185,13.649,0.034
3163.68157,13.81,0.049
3165.67586,13.544,0.029
3168.7003,13.508,0.03
3171.68432,13.578,0.03
3175.67193,13.798,0.029
3180.61282,13.018,0.035
3187.599,13.271,0.037
3189.77456,12.929,0.032
3272.5315,13.524,0.056
3278.50822,13.186,0.04
3389.87586,13.331,0.042
3394.87303,13.296,0.04
3398.87608,13.371,0.051
3402.85549,13.378,0.038
3407.85352,13.614,0.047
3411.85457,13.9,0.08
3414.87647,14.174,0.04
3422.83662,14.056,0.042
3425.84522,13.719,0.036
3434.82376,13.798,0.059
3438.84637,13.542,0.068
3442.85652,13.623,0.036
3445.80569,13.439,0.038
3453.75807,13.033,0.042
3455.77387,12.983,0.048
3463.78466,12.829,0.053
3465.90865,12.754,0.09
3468.78131,12.712,0.042
3471.75915,12.656,0.038
3473.84543,12.654,0.036
3476.74645,12.654,0.041
3478.77096,12.926,0.087
3480.78339,12.801,0.061
3482.77216,12.916,0.075
3489.72616,12.923,0.042
3491.75934,12.934,0.052
3496.80384,12.942,0.038
3497.76854,13.143,0.037
3501.63845,13.213,0.052
3503.71709,13.252,0.045
3509.7201,13.286,0.044
3515.73635,13.574,0.044
3517.72979,13.398,0.078
3521.68269,13.582,0.084
3523.68903,13.523,0.073
3525.71414,13.619,0.046
3529.78536,13.747,0.049
3538.66165,13.518,0.054
3543.6197,13.256,0.04
3550.65687,13.44,0.068
3552.70233,13.723,0.082
3555.69858,13.791,0.054
3558.70394,13.655,0.062
3560.70967,13.743,0.069
3562.72452,13.63,0.078
3564.70521,13.642,0.035
3570.64422,13.593,0.038
3573.68799,13.89,0.042
3575.70489,13.431,0.038
3578.56058,13.78,0.044
3583.68927,13.703,0.038
3586.5524,13.599,0.08
3590.67013,13.791,0.043
3600.53255,13.195,0.035
3602.54033,13.448,0.036
3604.55513,13.397,0.04
3608.53131,13.272,0.06
3617.57828,13.009,0.045
3620.49806,13.093,0.075
3628.54366,12.655,0.036
3631.5072,12.924,0.046
3633.52657,12.874,0.043
3639.52234,12.779,0.034
3652.49658,12.963,0.043
3748.86886,12.968,0.038
3754.86586,13.717,0.048
3757.86628,13.256,0.039
3763.86846,13.288,0.044
3767.86736,13.297,0.037
3772.86814,13.225,0.04
3772.87076,13.171,0.037
3790.83907,13.006,0.075
3793.86985,12.914,0.064
3796.86711,13.031,0.047
3800.83593,12.979,0.057
3804.80023,13.046,0.037
3808.80183,13.249,0.041
3811.83255,12.959,0.042
3811.84689,13.026,0.077
3816.87529,13.232,0.086
3819.79471,13.353,0.041
3822.78526,13.539,0.045
3828.78578,13.26,0.035
3831.77056,13.188,0.083
3835.8235,13.693,0.039
3837.80314,13.321,0.059
3848.7912,13.358,0.074
3850.80507,13.622,0.069
3852.8378,13.524,0.059
3855.71424,13.619,0.044
3859.78532,13.788,0.055
3861.78166,13.761,0.046
3863.75273,13.795,0.075
3872.77187,13.836,0.065
3879.66563,13.814,0.059
3881.70066,13.539,0.063
3883.557,13.783,0.038
3883.55939,13.975,0.033
3883.56186,13.709,0.04
3883.56504,13.612,0.039
3883.56833,13.887,0.038
3883.57083,13.528,0.041
3883.57337,13.638,0.044
3883.57589,13.676,0.041
3883.5784,13.633,0.041
3883.58088,13.57,0.051
3883.58338,13.729,0.043
3883.58665,13.699,0.034
3883.58917,13.92,0.041
3883.59164,13.693,0.033
3883.59778,13.553,0.043
3883.60433,13.618,0.035
3883.60952,13.66,0.049
3883.61588,13.765,0.064
3883.63054,13.808,0.075
3883.64516,13.626,0.037
3883.67224,13.529,0.08
3883.7011,13.771,0.051
3893.65566,13.784,0.051
3898.65921,13.422,0.069
3900.67588,13.392,0.046
3902.69337,13.29,0.037
3906.72642,13.023,0.061
3909.67787,13.295,0.054
3913.68073,13.148,0.038
3981.56592,13.193,0.043
4126.87729,13.009,0.034
4132.85978,12.921,0.043
4134.86699,13.043,0.039
4136.8545,13.402,0.038
4139.87722,13.241,0.06
4154.86029,13.658,0.049
4172.85769,13.903,0.053
4192.80383,13.695,0.036
4200.75509,13.463,0.036
4203.81028,13.619,0.055
4204.82479,13.42,0.048
4208.88159,13.26,0.053
4213.83964,12.927,0.06
4215.78401,13.013,0.048
4216.8257,13.074,0.046
4228.74626,13.038,0.052
4229.74627,12.775,0.059
4230.74397,12.873,0.051
4231.75366,12.886,0.053
4232.74152,12.787,0.059
4234.73451,13.109,0.053
4235.7541,12.858,0.066
4247.61558,12.795,0.044
4255.74834,13.046,0.039
4257.70711,12.947,0.049
4258.60914,13.16,0.042
4273.60799,13.266,0.045
4289.71953,13.031,0.048
4290.72631,13.174,0.039
4291.72151,13.474,0.046
4293.71011,13.319,0.045
4295.72273,13.468,0.054
4299.68602,13.265,0.043
4301.62361,13.304,0.065
4312.61899,13.411,0.068
4340.49024,13.692,0.05
4346.5307,13.647,0.049
4348.55089,13.856,0.058
4350.55521,13.406,0.05
4352.56596,13.57,0.035
4356.48686,13.59,0.057
4363.49847,13.485,0.04
4371.49563,13.03,0.035
4375.49224,13.052,0.039
4377.50575,13.016,0.042
4380.49511,12.749,0.064
4383.4886,12.84,0.039
4492.87356,13.367,0.037
4492.87874,13.316,0.037
4499.88113,13.236,0.042
4500.87011,13.25,0.05
4503.87599,13.27,0.035
4507.86299,13.091,0.038
4508.86216,13.197,0.045
4520.83509,13.512,0.064
4520.86266,13.547,0.038
4527.82808,13.233,0.055
4527.84016,13.155,0.037
4530.85974,13.351,0.043
4530.87944,13.356,0.033
4535.86579,13.307,0.038
4538.84059,13.213,0.042
4538.85012,13.263,0.043
4541.83042,13.157,0.057
4541.83307,13.171,0.036
4547.79666,12.997,0.043
4559.77926,13.017,0.055
4562.76847,12.835,0.058
4562.7752,12.85,0.048
4564.85187,12.788,0.048
4564.8545,12.755,0.055
4567.76627,13.026,0.046
4570.7488,13.022,0.043
4572.76238,12.873,0.038
4572.77157,13.014,0.058
4574.76135,13.227,0.059
4582.71729,13.285,0.06
4592.81482,13.529,0.047
4592.82299,13.58,0.044
4594.75427,13.784,0.036
4594.75936,13.589,0.045
4596.77421,13.673,0.047
4601.71316,13.79,0.057
4611.69233,13.911,0.067
4629.60324,13.328,0.049
4639.70271,13.51,0.054
4641.71319,13.415,0.055
4642.61085,13.272,0.058
4643.71414,13.203,0.042
4646.61808,13.283,0.058
4647.76129,13.352,0.074
4648.6426,13.132,0.058
4650.56839,13.162,0.048
4652.59474,13.114,0.038
4652.7006,13.032,0.038
4654.58088,12.943,0.048
4654.68489,13.087,0.041
4656.57194,13.053,0.047
4664.68821,12.828,0.036
4665.62627,13.138,0.057
4666.70426,13.049,0.036
4667.59888,12.934,0.036
4670.65644,12.991,0.039
4672.679,13.051,0.043
4677.52094,13.082,0.047
4679.53782,13.577,0.061
4682.52803,13.187,0.063
4684.5285,13.167,0.04
4690.50515,13.232,0.042
4697.62704,13.008,0.039
4701.62298,13.269,0.043
4704.5071,13.104,0.066
4707.54842,13.35,0.066
4721.55192,13.291,0.058
4730.54376,13.183,0.069
4862.88382,13.599,0.045
4869.8651,13.59,0.047
4872.85333,13.617,0.067
4882.85122,13.237,0.045
4882.8584,13.275,0.043
4886.84074,13.24,0.059
4890.83879,13.403,0.046
4968.74172,13.413,0.06
4985.66495,12.727,0.04
5013.56027,13.253,0.06
5023.69057,13.232,0.044
5024.61656,13.328,0.052
5063.61914,13.138,0.059
5084.57679,13.565,0.056
5087.50251,13.514,0.052
5092.52877,13.313,0.046
5111.49538,13.627,0.063
