2689.8841,12.122,0.03
2694.87592,12.101,0.027
2696.90163,12.053,0.023
2698.89378,12.035,0.029
2702.87804,11.863,0.022
2709.88287,11.485,0.024
2711.87903,11.335,0.024
2713.85857,11.135,0.022
2717.84561,10.82,0.026
2720.82978,10.547,0.028
2724.82528,10.213,0.025
2726.84127,10.084,0.023
2730.8078,9.85,0.022
2733.8051,9.707,0.025
2737.78821,9.531,0.022
2739.78874,9.405,0.024
2741.77746,9.335,0.029
2743.77569,9.178,0.025
2747.77672,8.995,0.034
2750.81823,8.845,0.023
2755.74644,8.714,0.024
2757.74778,8.682,0.022
2759.77877,8.676,0.029
2761.74323,8.651,0.021
2763.7464,8.661,0.026
2770.75374,8.716,0.026
2775.81347,8.758,0.031
2783.66784,8.893,0.037
2785.68768,8.92,0.021
2787.6868,8.969,0.026
2790.71503,9.019,0.03
2794.65281,9.149,0.026
2804.65312,9.347,0.034
2809.67555,9.477,0.023
2811.63201,9.534,0.025
2813.61367,9.594,0.026
2820.56452,9.749,0.021
2830.60267,9.994,0.03
2834.55535,10.112,0.023
2836.5455,10.145,0.023
2839.59365,10.228,0.024
2842.53502,10.284,0.038
2845.53131,10.321,0.024
2853.56836,10.505,0.035
2855.55677,10.652,0.024
2859.54815,10.616,0.025
2861.54377,10.704,0.024
2864.53758,10.799,0.025
2876.48601,11.03,0.022
2878.49196,11.069,0.022
2884.49935,11.196,0.026
3069.8819,13.495,0.027
3076.86061,13.145,0.026
3079.86666,12.967,0.029
3086.85504,12.798,0.024
3089.83498,12.773,0.026
3092.82567,12.519,0.023
3097.78532,12.283,0.039
3102.79075,12.046,0.04
3104.84916,12.025,0.034
3106.84163,11.787,0.042
3109.7745,11.77,0.029
3112.7754,11.652,0.029
3114.82244,11.523,0.022
3122.75416,11.298,0.044
3126.75637,11.271,0.032
3128.7399,11.258,0.037
3130.75142,11.245,0.031
3144.69628,11.212,0.025
3158.65511,11.299,0.03
3160.65936,11.305,0.041
3163.66749,11.386,0.025
3165.66316,11.31,0.022
3175.65962,11.361,0.025
3180.60834,11.413,0.027
3187.62519,11.374,0.033
3423.8724,11.979,0.037
3426.87417,12.058,0.03
3436.84509,12.478,0.027
3443.82424,12.487,0.022
3455.79568,12.582,0.029
3457.78851,12.687,0.027
3459.7893,12.921,0.025
3462.77619,12.935,0.028
3465.7673,12.985,0.026
3468.7563,12.935,0.027
3471.74567,13.18,0.026
3477.7354,13.351,0.028
3479.72596,13.159,0.041
3481.72537,13.39,0.027
3490.70013,13.404,0.028
3497.67625,13.472,0.026
3501.6661,13.689,0.03
3504.65832,13.984,0.035
3509.64755,13.92,0.024
3512.64107,14.061,0.024
3517.61932,13.801,0.027
3521.61507,13.92,0.028
3530.58577,13.713,0.027
3539.56704,13.664,0.026
3543.55678,13.863,0.032
3547.54604,13.583,0.023
3556.51683,13.446,0.026
3562.50019,13.363,0.023
3564.49714,13.206,0.025
3788.88089,9.849,0.032
3791.87372,9.919,0.033
3794.86322,9.971,0.028
3797.85384,10.078,0.027
3802.84496,10.385,0.036
3804.84157,10.208,0.034
3808.82405,10.352,0.033
3811.81673,10.428,0.03
3814.80338,10.472,0.028
3817.80488,10.55,0.03
3820.7959,10.617,0.031
3823.78548,10.698,0.029
3826.77728,10.729,0.032
3829.76502,10.79,0.027
3832.75539,10.874,0.029
3834.75836,10.889,0.029
3836.74674,10.987,0.034
3849.70553,11.23,0.027
3851.70585,11.275,0.028
3854.69811,11.341,0.037
3860.68847,11.44,0.03
3862.6754,11.503,0.027
3864.67582,11.541,0.027
3866.66939,11.578,0.028
3869.65775,11.643,0.031
3871.65489,11.655,0.026
3875.64611,11.78,0.028
3882.62654,11.874,0.028
3887.60823,12.013,0.026
3891.59666,12.055,0.027
3893.59711,12.041,0.029
3900.57564,12.192,0.027
3903.56757,12.379,0.026
3905.55566,12.485,0.027
3907.55731,12.375,0.027
4150.8831,10.985,0.03
4153.88203,10.99,0.026
4154.89319,10.963,0.03
4156.87371,10.936,0.029
4159.86398,11.025,0.024
4160.88726,10.879,0.032
4162.85425,10.848,0.032
4168.84053,10.516,0.027
4180.80353,9.119,0.034
4183.79734,8.7,0.032
4187.78688,8.194,0.036
4196.77003,7.351,0.035
4203.74476,6.915,0.027
4215.71539,6.724,0.037
4228.67549,7.027,0.03
4230.67398,7.091,0.031
4232.6733,7.169,0.026
4235.65579,7.259,0.034
4247.62668,7.686,0.025
4254.60621,7.917,0.029
4257.59657,8.005,0.035
4276.5449,8.697,0.025
4283.52586,8.895,0.042
4286.51397,8.974,0.028
4291.51072,9.101,0.033
4294.49498,9.201,0.024
4297.48533,9.263,0.032
4521.89148,13.181,0.026
4525.89194,12.752,0.023
4526.8915,12.691,0.026
4528.90278,12.585,0.028
4536.88409,12.317,0.024
4542.8564,12.227,0.027
4545.84743,12.062,0.033
4548.83114,12.061,0.029
4548.87015,12.248,0.032
4551.83937,11.945,0.034
4554.82719,11.908,0.032
4557.81435,11.834,0.025
4557.83476,11.851,0.027
4560.80452,11.788,0.023
4560.82489,12.044,0.032
4563.79901,11.784,0.023
4563.81731,11.895,0.028
4566.78726,11.728,0.029
4566.81462,11.725,0.032
4569.79563,11.729,0.025
4571.79312,11.747,0.032
4571.81902,11.788,0.031
4573.78516,11.745,0.029
4575.7791,11.699,0.029
4578.82301,11.872,0.031
4588.7312,11.575,0.03
4589.74633,12.202,0.03
4590.78949,11.635,0.033
4593.71549,11.613,0.025
4597.73371,11.59,0.026
4602.70705,11.498,0.03
4607.76341,11.647,0.03
4609.67947,11.624,0.028
4611.69808,11.646,0.031
4617.66361,11.622,0.029
4623.64998,11.704,0.027
4626.60896,11.667,0.025
4630.65262,11.628,0.028
4632.66425,11.613,0.027
4640.60847,11.452,0.029
4642.60577,11.411,0.025
4642.626,11.443,0.03
4644.62049,11.351,0.028
4644.64455,11.36,0.03
4646.61381,11.267,0.031
4646.63422,11.265,0.039
4651.56479,10.802,0.034
4653.57624,10.602,0.026
4653.60306,10.612,0.026
4655.56752,10.381,0.027
4655.58489,10.387,0.028
4657.61553,10.172,0.036
4657.62925,10.172,0.036
4660.58952,9.821,0.039
4663.54035,9.499,0.038
4665.6167,9.287,0.029
4665.61979,9.316,0.031
4667.58935,9.106,0.029
4667.59245,9.103,0.028
4671.57643,8.811,0.026
4674.53023,8.678,0.028
4677.58875,8.564,0.029
4679.59299,8.513,0.028
4683.49357,8.426,0.029
4685.50301,8.41,0.029
4687.51421,8.415,0.024
4690.57205,8.456,0.033
4693.52149,8.426,0.033
4694.54455,8.483,0.042
4699.50824,8.51,0.027
4701.51266,8.561,0.029
4704.49062,8.591,0.031
4709.48168,8.738,0.039
4883.89367,12.875,0.026
4892.89295,12.791,0.035
4904.90353,13.438,0.042
4916.84475,13.402,0.038
4919.82709,13.16,0.037
5013.62225,13.2,0.043
5021.59592,12.401,0.038
5023.5954,12.585,0.036
5023.60771,12.472,0.039
5042.52777,12.012,0.041
5049.51785,12.006,0.04
