1937.88303,8.987,0.034
1940.87648,9.045,0.031
1947.86212,9.141,0.033
1949.87616,9.141,0.033
1953.85392,9.114,0.035
1958.86351,9.034,0.031
1962.82222,9,0.033
1964.8425,9.038,0.029
1966.8365,9.046,0.031
1977.78716,9.058,0.038
1979.80031,9.066,0.037
1980.81127,9.064,0.039
1994.74628,9.035,0.041
1995.81909,8.997,0.042
1996.81561,9.041,0.045
1998.80824,9.02,0.047
1999.83905,9.089,0.053
2005.79708,9.065,0.055
2007.7407,9.043,0.056
2008.72741,9.08,0.054
2016.76464,8.988,0.048
2018.7583,8.997,0.051
2019.75118,8.952,0.052
2025.76361,9.073,0.033
2027.73423,9.09,0.034
2030.72422,9.109,0.032
2031.73221,9.098,0.035
2032.72386,9.091,0.031
2033.71808,9.108,0.03
2052.65868,9.085,0.032
2053.68746,9.09,0.035
2056.66914,9.107,0.033
2058.66411,9.115,0.038
2061.67186,9.079,0.037
2068.64515,9.048,0.034
2069.64101,9.04,0.034
2070.63583,9.038,0.033
2080.55346,9.053,0.036
2081.61502,9.039,0.036
2083.60559,9.054,0.037
2085.59672,9.089,0.033
2086.60034,9.095,0.033
2087.59566,9.096,0.038
2088.59556,9.12,0.034
2102.55115,9.057,0.031
2115.51997,9.174,0.034
2141.49632,9.148,0.035
2143.4949,9.113,0.034
2156.56105,9.103,0.038
2178.49787,9.134,0.036
2441.62594,9.008,0.031
2445.60211,9.046,0.029
2452.58912,9.047,0.032
2454.59468,9.085,0.029
2456.5812,9.073,0.038
2463.57369,9.053,0.039
2465.56973,9.043,0.029
2466.5636,9.053,0.026
2467.56624,9.065,0.026
2469.55959,9.043,0.029
2473.51763,9.029,0.034
2481.51878,9.06,0.037
2487.62837,9.034,0.043
2504.5918,9.065,0.051
2510.58069,9.014,0.046
2520.53744,9.077,0.025
2521.54689,9.068,0.028
2524.54269,9.065,0.027
2535.49172,9.07,0.029
2673.87902,9.069,0.031
2677.86529,9.004,0.034
2679.85369,9.009,0.03
2681.86555,9.014,0.028
2690.85077,9.14,0.035
2699.85021,9.11,0.03
2702.86757,9.075,0.027
2710.84924,9.024,0.032
2712.84857,9.031,0.027
2714.83342,9.047,0.028
2722.88832,9.131,0.029
2724.81279,9.371,0.027
2726.81364,9.099,0.03
2728.80324,9.088,0.03
2730.80314,9.072,0.027
2733.79988,9.078,0.026
2735.79699,9.079,0.029
2737.78054,9.081,0.028
2739.78213,9.07,0.027
2749.81549,9.084,0.029
2751.74238,9.062,0.029
2754.74665,9.028,0.027
2755.92285,9.017,0.028
2757.75084,9.005,0.027
2759.79549,9.003,0.029
2761.73729,9.017,0.028
2763.72943,9.049,0.03
2766.83454,9.084,0.031
2782.7016,9.066,0.03
2784.68878,9.025,0.028
2785.82237,9.019,0.029
2787.76091,8.974,0.029
2791.62324,9.001,0.029
2794.67803,9.067,0.028
2804.6643,9.141,0.038
2808.66627,9.104,0.028
2809.81486,9.081,0.03
2811.67619,9.078,0.027
2812.79202,9.062,0.036
2820.67806,9.053,0.027
2822.71203,9.054,0.053
2826.72756,9.032,0.032
2832.59035,9.081,0.031
2833.71056,9.083,0.036
2840.65423,9.138,0.028
2845.64205,9.159,0.027
2851.54677,9.1,0.027
2853.67107,9.095,0.025
2855.58915,9.072,0.03
2859.55907,9.104,0.049
2861.55691,9.086,0.029
2867.54907,9.044,0.028
2872.49111,9.04,0.027
2875.55006,9.07,0.034
2877.54399,9.084,0.028
2879.54668,9.115,0.03
2882.57215,9.172,0.043
2888.49543,9.181,0.027
2892.49616,9.101,0.029
2894.52746,9.083,0.029
2896.5554,9.059,0.03
2898.54597,9.069,0.029
2900.53796,9.073,0.029
2904.5275,9.113,0.04
2906.52327,9.129,0.028
2909.52457,9.147,0.03
2915.49937,9.156,0.031
2924.49074,9.166,0.03
3053.87296,9.067,0.033
3057.88947,9.06,0.031
3066.90087,9.073,0.05
3070.85313,9.07,0.033
3079.83117,9.087,0.033
3082.84462,9.081,0.042
3086.85721,9.092,0.031
3089.83952,9.072,0.033
3098.84328,9.035,0.031
3101.79865,9.047,0.052
3105.84031,9.063,0.035
3107.83863,9.079,0.033
3110.7802,9.106,0.033
3115.82343,9.132,0.031
3121.7837,9.072,0.032
3124.73774,9.023,0.031
3126.76761,9.012,0.042
3128.75833,8.978,0.036
3132.768,9.013,0.035
3134.76368,9.04,0.051
3142.76911,9.103,0.027
3146.64773,9.088,0.04
3153.70832,9.069,0.031
3156.64933,9.076,0.047
3160.69328,9.101,0.033
3163.70277,9.107,0.028
3165.71143,9.104,0.031
3168.73004,9.106,0.03
3171.70286,9.11,0.031
3175.69105,9.077,0.029
3177.73051,9.078,0.033
3180.63162,9.051,0.031
3183.62635,9.055,0.03
3187.61722,9.084,0.035
3190.63522,9.27,0.039
3272.53475,9.115,0.034
3407.87617,9.076,0.039
3411.87627,9.086,0.037
3415.86493,9.117,0.034
3419.8607,9.11,0.034
3423.85825,9.109,0.048
3434.84249,9.083,0.046
3438.8913,9.062,0.047
3443.85399,9.116,0.027
3446.85394,9.177,0.049
3452.8511,9.173,0.04
3454.87144,9.133,0.042
3464.79989,9.098,0.03
3467.80333,9.151,0.032
3470.79688,9.246,0.03
3473.78617,9.223,0.027
3476.7822,9.148,0.045
3478.79875,9.091,0.047
3480.82466,9.062,0.045
3489.75504,9.154,0.041
3491.78996,9.06,0.055
3497.79639,9.189,0.031
3501.69428,9.102,0.046
3503.73661,9.123,0.033
3506.73836,9.109,0.031
3509.73402,9.089,0.03
3511.80216,9.111,0.031
3515.77472,9.124,0.04
3517.76518,9.154,0.031
3521.70663,9.089,0.041
3525.74226,9.112,0.034
3539.6443,9.105,0.042
3544.75647,9.1,0.035
3550.6163,9.144,0.039
3552.67821,9.16,0.035
3558.68043,9.127,0.034
3560.69126,9.117,0.037
3562.70457,9.069,0.038
3570.57165,9.078,0.034
3573.63916,9.087,0.033
3575.6537,9.123,0.033
3577.68417,9.15,0.052
3583.56779,9.144,0.034
3585.62073,9.074,0.043
3587.6382,9.054,0.031
3589.64254,9.06,0.036
3592.5213,9.064,0.048
3601.54616,9.024,0.046
3603.55658,9.076,0.034
3606.5616,9.104,0.035
3616.52123,9.098,0.043
3619.50662,9.089,0.042
3626.52365,9.046,0.032
3630.52288,9.024,0.039
3632.52663,9.056,0.041
3639.50916,9.123,0.037
3642.52051,9.14,0.043
3647.48926,9.054,0.03
3652.4917,8.954,0.041
3657.48795,9.077,0.043
3657.49038,9.066,0.039
3659.48883,9.111,0.044
3774.87346,9.105,0.042
3789.87397,9.023,0.036
3793.8544,9.073,0.038
3797.84942,9.076,0.034
3806.84306,9.063,0.036
3809.86282,9.025,0.04
3812.86788,9.021,0.04
3816.89448,9.011,0.036
3819.84408,9.049,0.037
3822.82808,9.103,0.048
3825.81723,9.127,0.043
3828.81114,9.147,0.034
3831.80042,9.106,0.047
3833.85066,9.115,0.045
3836.789,9.088,0.047
3847.81505,8.991,0.051
3849.78699,9.093,0.044
3852.74623,9.136,0.03
3858.72703,9.159,0.037
3862.71058,9.094,0.038
3864.70359,9.07,0.035
3866.701,9.028,0.042
3872.74545,9.128,0.043
3875.84433,9.088,0.036
3881.71525,9.141,0.037
3886.69702,9.132,0.035
3892.67936,9.081,0.06
3900.68827,9.012,0.043
3902.70432,9.05,0.037
3904.73731,9.027,0.042
3906.74027,9.086,0.038
3909.68678,9.109,0.033
3913.6888,9.145,0.042
4131.87892,9.13,0.033
4135.87468,9.114,0.052
4139.87429,9.062,0.037
4151.88548,9.061,0.035
4159.85951,9.26,0.057
4163.84209,9.179,0.051
4166.88502,9.116,0.038
4178.8553,8.99,0.06
4184.8614,9.088,0.046
4188.83488,9.138,0.039
4191.78692,9.167,0.032
4193.83121,9.146,0.036
4203.79912,9.004,0.032
4207.78176,9.011,0.039
4215.80132,9.12,0.042
4228.7676,9.042,0.053
4230.76454,9.033,0.046
4232.76369,9.052,0.04
4246.70726,9.218,0.041
4253.70144,9.091,0.037
4255.72603,9.051,0.031
4257.77606,9.055,0.046
4266.75532,9.143,0.035
4269.61082,9.19,0.046
4272.6383,9.175,0.044
4274.64756,9.144,0.036
4277.62078,9.105,0.031
4284.77424,9.003,0.04
4290.76167,9.084,0.036
4292.71414,9.137,0.031
4296.71553,9.17,0.048
4298.72406,9.209,0.049
4302.67431,9.172,0.032
4308.54762,9.071,0.056
4310.64328,9.03,0.036
4315.64698,9.034,0.03
4319.54605,9.076,0.037
4336.50436,9.112,0.041
4346.49142,9.183,0.054
4348.51361,9.17,0.058
4350.52274,9.089,0.041
4352.54113,9.17,0.03
4355.54452,9.163,0.035
4357.54767,9.112,0.034
4363.48606,9.036,0.03
4365.54025,9.019,0.032
4369.51687,9.049,0.039
4372.50395,9.109,0.039
4376.49783,9.139,0.032
4379.48929,9.127,0.032
4382.48985,9.094,0.033
4385.48923,9.018,0.034
4503.87793,9.01,0.032
4507.87208,9.024,0.04
4511.86848,9.061,0.034
4518.83711,9.118,0.043
4521.87444,9.107,0.035
4527.85242,9.034,0.031
4531.84573,9.001,0.034
4536.85822,9.051,0.03
4539.86612,9.064,0.054
4542.86678,9.075,0.04
4545.85271,9.103,0.048
4548.82243,9.086,0.038
4559.80561,9.031,0.033
4562.79431,9.057,0.031
4565.78581,9.096,0.031
4567.85264,9.117,0.033
4570.78432,9.145,0.03
4572.7898,9.157,0.039
4574.7801,9.151,0.038
4576.78435,9.113,0.039
4582.76174,9.09,0.042
4588.73754,9.02,0.039
4590.79951,9.009,0.035
4593.7191,9.032,0.03
4595.79705,9.157,0.031
4597.75534,9.063,0.03
4602.70491,9.101,0.038
4609.63721,9.063,0.034
4611.70697,9.066,0.031
4615.79856,9.052,0.036
4617.69351,9.05,0.032
4623.65676,9.065,0.034
4627.64176,9.094,0.036
4629.62665,9.097,0.03
4631.63802,9.086,0.032
4638.73856,9.054,0.036
4640.70499,9.041,0.036
4642.68163,9.039,0.035
4644.70101,9.031,0.032
4646.71303,9.035,0.052
4648.7528,9.099,0.042
4651.56938,9.083,0.048
4653.60209,9.092,0.03
4655.58908,9.088,0.033
4657.63341,9.095,0.046
4663.57764,9.112,0.045
4665.65417,9.082,0.037
4671.5905,9.08,0.029
4677.60464,9.076,0.034
4679.60831,9.086,0.031
4682.59733,9.073,0.041
4684.56468,9.1,0.035
4690.50053,9.069,0.031
4697.61854,9.048,0.035
4701.6153,9.048,0.036
4704.50497,9.041,0.037
4707.54554,9.09,0.054
4710.50263,9.029,0.06
4724.50856,9.027,0.04
4730.50363,9.049,0.041
4734.49607,9.062,0.038
4738.51151,9.108,0.041
4745.49454,9.101,0.036
4750.49685,9.071,0.052
4870.8818,9.06,0.039
4877.88575,9.057,0.034
4882.88076,9.073,0.034
4890.87741,9.116,0.058
4904.86908,9.01,0.057
4908.90026,9.02,0.05
4914.89104,9.023,0.06
4917.84079,9.034,0.047
4920.82467,9.026,0.052
4924.86099,9.033,0.057
4928.85448,9.053,0.058
4936.83044,9.091,0.056
4939.77405,9.09,0.051
4945.82793,9.15,0.052
4948.74535,9.064,0.049
4951.75663,9.042,0.049
4966.71227,9.126,0.053
4968.76163,9.116,0.051
4986.67936,9.023,0.06
4993.73404,9.096,0.047
5002.6486,9.049,0.06
5012.63231,9.06,0.059
5024.60564,9.037,0.052
5047.57432,9.135,0.057
5049.59714,9.138,0.06
5072.51043,9.111,0.055
5089.51253,9.097,0.06
5092.51388,9.097,0.046
