1925.84845,10.077,0.05
1926.87475,10.104,0.057
1929.84195,10.15,0.05
1930.84511,10.198,0.053
1932.85131,10.171,0.049
1932.87384,10.158,0.057
1935.86174,10.136,0.054
1936.82392,10.121,0.047
1936.88661,10.131,0.053
1938.84973,10.128,0.057
1939.83426,10.14,0.051
1946.82377,10.046,0.058
1946.83308,10.057,0.052
1946.86186,10.061,0.063
1948.86239,10.021,0.051
1949.83655,10.046,0.051
1950.81121,10.019,0.039
1950.82039,10.015,0.041
1950.88889,10.036,0.052
1953.80237,10.045,0.04
1953.80691,10.01,0.042
1953.84368,10.05,0.049
1954.82441,10.029,0.044
1954.83051,10.045,0.052
1955.83654,10.073,0.039
1955.84043,10.047,0.047
1958.88842,10.102,0.037
1961.83977,10.143,0.037
1962.7611,10.124,0.041
1962.79807,10.15,0.045
1963.80603,10.147,0.037
1963.89679,10.125,0.039
1964.81196,10.171,0.047
1964.86028,10.187,0.037
1965.78744,10.194,0.038
1966.78699,10.211,0.038
1966.81178,10.194,0.046
1967.79194,10.238,0.038
1968.78363,10.245,0.038
1971.8938,10.276,0.04
1976.86177,10.215,0.042
1976.90394,10.211,0.05
1978.7925,10.202,0.044
1978.79926,10.184,0.046
1979.74376,10.187,0.054
1979.82744,10.264,0.045
1980.75628,10.204,0.057
1980.76337,10.215,0.045
1980.76946,10.194,0.06
1981.78951,10.189,0.042
1981.7956,10.159,0.05
1982.7705,10.148,0.046
1983.90166,10.077,0.047
1983.90602,10.099,0.053
1984.81142,10.063,0.047
1984.81784,10.068,0.051
1985.79477,10.094,0.047
1985.82584,10.053,0.052
1994.68526,10.029,0.048
1994.71705,10.021,0.054
2025.70539,10.118,0.057
2037.67016,10.19,0.063
2059.67556,10.239,0.072
2062.57192,10.174,0.065
2083.58201,10.042,0.058
2083.59137,10.137,0.066
2083.61186,10.086,0.073
2085.57807,10.113,0.057
2085.57991,10.083,0.05
2085.60303,10.064,0.062
2086.58615,10.055,0.066
2087.57143,10.038,0.06
2094.56595,9.994,0.065
2103.55658,10.069,0.06
2103.57752,10.071,0.07
2104.54959,10.031,0.058
2116.50938,10.12,0.052
2134.51307,10.08,0.057
2151.54897,10.033,0.056
2156.52092,10.03,0.057
2156.54534,10.046,0.064
2167.47616,10.133,0.062
2171.49591,10.183,0.061
2173.48314,10.219,0.06
2175.51048,10.201,0.07
2178.5394,10.124,0.052
2179.49697,10.093,0.049
2185.48341,10.035,0.052
2189.48728,10.064,0.07
2191.48748,10.129,0.061
2193.48873,10.125,0.058
2197.49238,10.084,0.055
2203.50434,10.094,0.045
2440.60395,10.183,0.034
2440.62762,10.168,0.033
2441.59556,10.163,0.033
2441.60496,10.19,0.036
2441.62768,10.179,0.035
2442.59451,10.172,0.043
2442.62406,10.177,0.035
2443.59432,10.164,0.033
2445.57883,10.137,0.049
2446.62437,10.095,0.041
2452.5637,10.123,0.039
2452.58204,10.116,0.044
2454.6012,10.159,0.048
2456.56479,10.201,0.033
2459.54273,10.215,0.055
2459.57472,10.25,0.042
2460.60592,10.228,0.077
2463.58049,10.211,0.036
2464.55415,10.196,0.033
2464.57951,10.191,0.037
2465.5579,10.141,0.035
2465.56438,10.142,0.036
2465.58088,10.183,0.038
2466.55178,10.144,0.033
2467.55442,10.133,0.033
2467.5752,10.105,0.034
2468.54896,10.108,0.035
2468.57207,10.073,0.035
2473.49167,10.089,0.038
2473.51317,10.084,0.042
2481.50489,10.073,0.043
2481.52575,10.053,0.045
2482.54947,10.043,0.044
2486.5384,10.062,0.044
2489.5105,10.094,0.062
2489.5296,10.087,0.054
2490.49215,10.102,0.036
2493.48364,10.096,0.057
2493.5273,10.085,0.039
2494.51106,10.106,0.04
2495.49371,10.102,0.045
2495.50784,10.083,0.043
2497.5018,10.082,0.038
2497.50794,10.122,0.041
2499.47847,10.162,0.038
2501.49037,10.147,0.046
2501.53038,10.153,0.042
2502.51263,10.184,0.043
2502.53843,10.196,0.04
2502.56425,10.188,0.042
2503.52665,10.201,0.041
2503.54753,10.203,0.043
2503.56894,10.217,0.046
2508.64135,10.159,0.04
2508.66985,10.169,0.048
2509.54197,10.147,0.055
2510.61769,10.119,0.042
2510.6419,10.104,0.051
2511.51909,10.081,0.057
2512.55018,10.109,0.037
2519.58393,10.037,0.041
2520.54296,10.027,0.04
2520.5617,10.072,0.04
2520.57998,10.03,0.04
2521.58963,10.038,0.049
2524.54821,10.088,0.048
2524.56406,10.067,0.042
2524.57767,10.058,0.045
2526.58551,10.068,0.064
2526.59944,10.08,0.055
2535.49442,9.94,0.04
2535.51181,9.991,0.045
2535.55801,9.934,0.045
2543.49515,9.924,0.053
2544.50911,9.971,0.037
2544.52492,9.944,0.039
2544.53961,9.968,0.044
2545.5818,9.988,0.054
2546.51738,9.994,0.053
2546.52651,10.005,0.055
2547.54821,10.007,0.062
2548.50162,10,0.04
2548.51311,10.014,0.042
2552.53952,9.985,0.047
2553.50114,10.005,0.036
2553.51018,10,0.04
2558.50085,10.033,0.043
2558.50588,10.03,0.036
2558.51068,10.028,0.038
2559.52701,10.022,0.055
2560.52654,10.079,0.062
2561.50768,10.068,0.047
2561.53375,10.095,0.055
2563.51071,10.079,0.039
2563.53455,10.082,0.047
2565.49107,10.08,0.044
2568.4922,10.041,0.042
2568.49723,10.022,0.038
2578.49744,9.98,0.047
2639.86846,9.93,0.069
2645.86466,10.015,0.05
2651.8616,10.062,0.052
2651.86411,10.032,0.05
2658.83928,10.173,0.046
2659.86047,10.195,0.058
2661.84422,10.194,0.049
2662.85401,10.171,0.049
2664.8393,10.17,0.045
2664.85586,10.138,0.047
2665.86604,10.121,0.049
2667.85711,10.05,0.051
2667.86161,10.019,0.054
2670.853,9.992,0.052
2671.83817,9.998,0.046
2671.84277,9.997,0.046
2671.85196,9.986,0.037
2674.87199,10.027,0.045
2677.84667,10.07,0.061
2678.82555,10.048,0.048
2678.84857,10.084,0.038
2681.81676,10.016,0.044
2681.82524,10.017,0.05
2683.83473,10.008,0.042
2683.87719,10.023,0.042
2686.83298,10.033,0.05
2689.824,10.053,0.052
2689.84545,10.016,0.057
2689.85008,10.022,0.053
2692.84991,10.045,0.046
2693.83452,10.001,0.056
2697.87333,10.046,0.044
2699.81888,10.126,0.048
2700.83513,10.108,0.049
2700.83758,10.173,0.049
2702.84107,10.166,0.046
2705.80501,10.155,0.049
2707.8237,10.104,0.075
2707.83559,10.11,0.07
2707.83763,10.119,0.056
2709.81283,10.145,0.052
2709.83633,10.118,0.054
2709.83835,10.131,0.035
2711.80151,10.088,0.058
2711.81107,10.079,0.052
2711.84623,10.105,0.052
2711.84822,10.122,0.036
2713.80298,10.035,0.06
2713.80494,10.047,0.045
2713.82216,10.079,0.043
2713.82878,10.071,0.043
2715.80079,10.058,0.047
2715.82874,10.067,0.053
2719.80811,9.954,0.06
2721.77744,9.952,0.067
2721.80582,9.967,0.068
2723.78692,9.956,0.065
2723.8055,9.967,0.053
2725.75734,9.984,0.061
2725.76914,9.972,0.056
2725.8006,10.024,0.048
2727.79996,10.022,0.055
2731.87081,10.072,0.056
2731.88319,10.116,0.055
2731.89505,10.127,0.046
2734.73232,10.168,0.049
2734.73882,10.104,0.055
2734.75039,10.13,0.043
2736.73908,10.127,0.06
2736.75086,10.169,0.061
2736.75731,10.148,0.048
2738.78771,10.129,0.062
2738.7968,10.155,0.041
2740.76718,10.131,0.037
2740.7699,10.15,0.045
2740.78082,10.183,0.039
2742.72142,10.13,0.06
2742.72556,10.1,0.06
2742.75742,10.13,0.062
2742.7592,10.146,0.041
2744.7484,10.116,0.054
2747.78574,10.098,0.064
2747.79659,10.096,0.061
2750.82438,10.127,0.048
2750.83918,10.12,0.052
2750.86444,10.11,0.05
2752.727,10.124,0.056
2752.72874,10.113,0.046
2752.75175,10.153,0.041
2755.70916,10.122,0.055
2755.71647,10.163,0.044
2755.72766,10.136,0.047
2757.69508,10.14,0.049
2757.70147,10.122,0.061
2757.73588,10.133,0.038
2759.75086,10.105,0.059
2759.76283,10.112,0.053
2759.79661,10.13,0.043
2761.68358,10.096,0.06
2761.7024,10.097,0.048
2761.73159,10.114,0.041
2763.67368,10.079,0.042
2763.6754,10.075,0.043
2763.71229,10.095,0.047
2763.72314,10.083,0.049
2766.73538,10.131,0.047
2766.74751,10.095,0.046
2766.79411,10.099,0.048
2770.71581,10.102,0.044
2775.71793,9.982,0.049
2775.72202,9.983,0.057
2775.75533,9.982,0.069
2775.75705,9.948,0.056
2782.70294,9.957,0.058
2782.7516,9.939,0.05
2784.67831,9.981,0.06
2784.69239,9.963,0.045
2785.73327,9.968,0.046
2785.8091,9.942,0.057
2785.83136,9.97,0.063
2787.69208,10.028,0.046
2787.75043,10.008,0.049
2787.76458,10.028,0.042
2790.72038,10.054,0.043
2790.89306,10.035,0.049
2790.89589,10.049,0.052
2794.61456,10.099,0.05
2794.61871,10.067,0.063
2794.65142,10.07,0.047
2802.81873,10.221,0.079
2802.83305,10.323,0.077
2804.67034,10.254,0.049
2804.67281,10.263,0.05
2805.83303,10.208,0.054
2808.67545,10.191,0.049
2809.73501,10.157,0.043
2809.8164,10.179,0.054
2809.81892,10.153,0.05
2810.84081,10.167,0.048
2811.68467,10.148,0.043
2811.68961,10.123,0.044
2812.60894,10.092,0.054
2812.83004,10.064,0.055
2812.83259,10.106,0.059
2816.81663,9.98,0.055
2816.81921,10.117,0.051
2820.55112,9.927,0.043
2821.53612,9.894,0.052
2826.58525,9.992,0.033
2826.60574,10.005,0.034
2826.61554,10.036,0.031
2826.62866,10.032,0.042
2829.59007,10.034,0.046
2829.64972,10.058,0.066
2830.72034,10.014,0.067
2832.56226,10.094,0.042
2832.57162,10.098,0.046
2832.5812,10.07,0.055
2833.68434,10.09,0.068
2833.6937,10.07,0.049
2833.70143,10.092,0.054
2836.7142,10.102,0.062
2838.58142,10.123,0.041
2838.58648,10.142,0.039
2840.63525,10.153,0.053
2840.64278,10.16,0.056
2842.61264,10.183,0.039
2842.61772,10.186,0.049
2843.65317,10.2,0.055
2845.62192,10.261,0.037
2845.63015,10.249,0.041
2851.54878,10.268,0.04
2851.72321,10.23,0.038
2853.67916,10.209,0.054
2854.52832,10.206,0.037
2855.59122,10.169,0.038
2855.59667,10.18,0.044
2858.55963,10.097,0.039
2858.65097,10.087,0.043
2858.6539,10.108,0.042
2859.63641,10.069,0.045
2859.72137,10.07,0.053
2860.60832,10.076,0.049
2861.61512,10.041,0.046
2861.63991,10.049,0.059
2866.52866,9.948,0.038
2866.58097,9.959,0.048
2866.59056,9.977,0.038
2867.67913,9.974,0.049
2868.64178,9.941,0.044
2868.64667,9.941,0.044
2872.49637,10,0.038
2872.64215,10.019,0.045
2872.64749,9.992,0.039
2875.55309,10.081,0.049
2875.65132,10.039,0.061
2875.65669,10.046,0.053
2877.63798,10.075,0.057
2877.64336,10.088,0.046
2883.50566,10.125,0.049
2883.51987,10.107,0.044
2884.56177,10.13,0.046
2885.52466,10.136,0.044
2888.54943,10.168,0.048
2888.55188,10.156,0.047
2888.59032,10.167,0.056
2892.59427,10.203,0.063
2893.51509,10.192,0.047
2895.52549,10.187,0.042
2896.56733,10.177,0.051
2896.58505,10.209,0.051
2897.53907,10.134,0.054
2898.55792,10.219,0.052
2898.5727,10.206,0.053
2900.54993,10.248,0.053
2900.56753,10.232,0.06
2901.52968,10.182,0.063
2904.53956,10.316,0.061
2904.55435,10.286,0.058
2905.52147,10.287,0.039
2906.53792,10.27,0.058
2906.55271,10.284,0.059
2908.53441,10.197,0.051
2909.53941,10.159,0.058
2909.55427,10.134,0.057
2910.5374,10.073,0.05
2911.51819,10.091,0.05
2911.52599,10.108,0.054
2912.5395,10.092,0.046
2916.51764,10.06,0.05
2916.52945,10.067,0.052
2921.49114,10.043,0.062
2921.53367,10.027,0.057
2923.50382,10.004,0.05
2923.51046,10.008,0.05
2924.50338,9.99,0.046
2927.49771,9.981,0.045
2927.51684,9.963,0.046
2928.51956,9.967,0.063
2930.49429,10.024,0.049
2930.49962,9.993,0.048
2930.52494,10.002,0.056
2932.52579,10.059,0.056
2934.5244,10.109,0.057
2937.50504,10.121,0.054
3010.86411,10.146,0.055
3019.86305,10.052,0.054
3032.85005,10.042,0.047
3036.83362,9.985,0.037
3036.84096,9.983,0.051
3036.8631,9.975,0.045
3042.84711,10.054,0.043
3042.84952,9.999,0.053
3042.87601,10.059,0.047
3052.83831,10.366,0.045
3052.87355,10.444,0.041
3052.8811,10.39,0.043
3055.87423,10.406,0.049
3056.84637,10.402,0.045
3057.78036,10.345,0.067
3057.81265,10.357,0.056
3059.82139,10.321,0.048
3059.82381,10.274,0.045
3060.84872,10.288,0.043
3063.83111,10.128,0.058
3063.83937,10.062,0.056
3067.87235,9.974,0.045
3067.87467,9.927,0.036
3070.82617,9.941,0.04
3070.83134,9.898,0.048
3073.83421,9.804,0.039
3073.84688,9.855,0.048
3074.87436,9.856,0.043
3076.83843,9.846,0.044
3077.85122,9.827,0.044
3079.81519,9.725,0.06
3079.82814,9.822,0.049
3080.86619,9.82,0.05
3082.8065,9.886,0.059
3082.81194,9.84,0.045
3085.90155,9.958,0.054
3086.82837,9.981,0.049
3086.83865,9.997,0.037
3088.83246,10.001,0.075
3089.79455,10.086,0.048
3089.79671,10.035,0.038
3091.81679,10.115,0.051
3092.77392,10.23,0.042
3092.77601,10.178,0.041
3096.87006,10.194,0.046
3096.87253,10.164,0.042
3098.81361,10.185,0.038
3098.85709,10.188,0.04
3100.79842,10.2,0.051
3100.81285,10.213,0.048
3101.7888,10.2,0.046
3102.82332,10.222,0.05
3103.766,10.192,0.043
3103.85893,10.179,0.055
3105.80419,10.147,0.046
3106.77549,10.147,0.047
3107.73544,10.137,0.046
3107.81115,10.132,0.042
3108.83935,10.089,0.042
3109.80852,10.104,0.057
3110.73873,10.07,0.038
3111.77491,10.009,0.044
3112.72735,10.075,0.047
3112.7901,10.023,0.045
3113.83213,10.062,0.048
3114.7896,10.167,0.035
3114.82947,10.046,0.036
3116.74624,10.069,0.039
3116.83259,10.064,0.05
3118.73588,10.104,0.041
3121.76485,10.15,0.037
3122.72532,10.13,0.034
3122.75635,10.134,0.05
3124.80917,10.123,0.05
3125.72584,10.171,0.051
3126.75318,10.119,0.039
3126.78713,10.131,0.055
3127.70977,10.087,0.058
3128.71476,10.085,0.043
3128.77216,10.065,0.054
3129.74718,10.076,0.044
3130.73807,10.061,0.051
3130.77243,10.071,0.044
3131.77003,10.065,0.053
3132.77704,10.055,0.051
3132.80336,10.086,0.055
3133.77218,10.07,0.038
3134.84297,10.071,0.046
3134.85868,10.051,0.039
3142.79438,9.934,0.037
3144.69927,9.919,0.037
3144.8064,9.936,0.036
3146.60097,9.928,0.034
3146.86361,9.948,0.053
3152.89315,10.056,0.079
3152.91466,10.035,0.07
3153.68125,10.052,0.035
3154.65787,10.073,0.039
3156.78157,10.063,0.054
3157.77899,10.087,0.048
3158.71289,10.076,0.055
3159.61368,10.145,0.056
3159.70014,10.077,0.074
3160.72384,10.038,0.066
3162.65637,10.108,0.047
3162.75998,10.096,0.043
3163.7379,10.062,0.037
3164.6789,10.071,0.044
3164.78193,10.051,0.061
3166.81172,10.063,0.052
3168.76908,10.018,0.05
3169.57901,10.072,0.038
3169.79322,10.079,0.043
3171.72311,10.045,0.037
3171.82333,10.061,0.06
3175.71634,10.038,0.044
3175.79016,10.066,0.05
3176.61646,10.032,0.055
3178.58835,10.062,0.048
3178.75324,10.058,0.046
3180.63842,10.055,0.038
3182.59841,10.038,0.057
3183.63314,10.034,0.048
3184.6285,9.997,0.051
3185.62436,10.015,0.048
3186.65935,10.03,0.053
3187.65244,10.02,0.041
3189.66919,10.102,0.059
3190.67057,10.088,0.05
3191.74577,10.081,0.06
3274.57979,10.062,0.057
3277.55413,10.059,0.061
3391.8657,10.109,0.067
3396.85006,10.145,0.064
3398.86125,10.12,0.065
3399.86727,10.148,0.065
3402.87366,10.116,0.063
3403.86827,10.146,0.061
3405.88234,10.132,0.065
3406.88354,10.149,0.056
3409.85236,10.108,0.043
3410.84947,10.12,0.061
3413.86887,10.188,0.07
3417.83565,10.2,0.064
3420.87308,10.162,0.059
3421.84027,10.164,0.07
3424.86472,10.229,0.068
3426.83444,10.227,0.064
3427.86252,10.18,0.065
3430.85873,10.184,0.057
3432.84652,10.196,0.062
3436.86247,10.175,0.052
3438.84991,10.213,0.043
3442.87338,10.197,0.04
3443.84585,10.199,0.057
3445.8463,10.221,0.042
3446.81008,10.228,0.049
3448.849,10.239,0.048
3452.80747,10.232,0.042
3452.8342,10.204,0.045
3454.84733,10.222,0.044
3454.87874,10.237,0.049
3456.83177,10.165,0.041
3457.77136,10.15,0.047
3458.85022,10.094,0.059
3459.77645,10.069,0.058
3462.80613,10.001,0.06
3464.76711,10.004,0.054
3464.9023,10.012,0.059
3467.76814,10.013,0.041
3467.81946,9.989,0.042
3470.74938,10.02,0.054
3470.79221,10.009,0.059
3472.82456,10.028,0.07
3473.7816,10.01,0.055
3475.74774,10.021,0.076
3476.77764,9.982,0.052
3477.80227,10.023,0.045
3478.81007,10.013,0.068
3479.79398,10.013,0.058
3480.83799,10.022,0.049
3481.77485,10.046,0.056
3483.765,9.997,0.051
3484.83238,10.054,0.067
3487.73981,10.026,0.044
3489.75987,10.014,0.063
3490.75633,10.048,0.068
3491.79534,10.023,0.064
3492.75614,10.057,0.061
3496.75068,10.122,0.036
3497.80128,10.085,0.058
3499.76023,10.085,0.061
3501.67212,10.036,0.065
3503.7549,9.981,0.042
3504.67892,9.97,0.062
3506.76721,9.938,0.037
3508.71482,9.962,0.039
3509.75162,9.959,0.051
3510.7693,9.979,0.049
3511.81539,10.007,0.058
3512.67989,10.036,0.038
3515.78841,10.098,0.048
3516.67437,10.127,0.057
3517.79378,10.129,0.047
3521.71574,10.088,0.062
3521.79882,10.091,0.067
3523.72051,10.07,0.064
3525.75314,10.047,0.061
3525.82407,10.05,0.055
3529.88445,9.962,0.05
3530.59561,9.956,0.056
3537.7292,9.871,0.055
3538.66728,9.931,0.057
3540.66815,9.932,0.064
3542.80481,9.957,0.066
3544.76417,9.979,0.067
3547.59628,9.94,0.054
3547.82762,9.931,0.057
3551.81383,10,0.068
3554.61578,10.16,0.049
3554.75728,10.139,0.058
3556.66859,10.201,0.066
3558.59933,10.2,0.064
3560.60549,10.226,0.065
3561.75845,10.273,0.058
3562.60487,10.272,0.065
3563.62965,10.308,0.054
3564.59128,10.281,0.053
3569.59316,10.212,0.05
3570.5785,10.151,0.057
3571.65185,10.139,0.051
3573.64273,10.134,0.052
3574.65935,10.153,0.047
3575.65739,10.121,0.056
3576.67321,10.113,0.058
3577.68703,10.107,0.056
3578.66477,10.201,0.055
3583.57857,10.027,0.059
3585.6364,9.976,0.062
3585.63951,9.965,0.072
3587.65201,9.988,0.05
3587.66001,10.005,0.057
3589.68075,9.99,0.057
3589.69278,10.008,0.064
3592.52726,10.075,0.057
3594.57552,10.118,0.066
3594.5787,10.11,0.06
3597.62547,10.183,0.062
3597.62872,10.147,0.06
3602.64221,10.113,0.062
3603.60336,10.107,0.057
3606.59873,10.098,0.052
3609.4822,10.096,0.072
3616.5328,9.932,0.054
3616.53888,9.928,0.067
3619.51054,9.895,0.062
3620.63047,9.868,0.064
3621.55984,10.06,0.063
3624.58877,9.891,0.047
3625.60584,9.892,0.078
3628.58203,10.017,0.048
3628.59429,10.026,0.053
3631.51581,10.191,0.058
3631.51908,10.168,0.059
3633.53548,10.242,0.066
3633.53878,10.231,0.064
3639.56522,10.249,0.054
3641.50961,10.21,0.06
3642.56892,10.182,0.057
3643.54732,10.167,0.052
3646.55287,10.1,0.05
3647.51899,10.114,0.045
3649.51954,10.144,0.064
3650.49964,10.148,0.049
3652.50635,10.185,0.067
3652.5202,10.174,0.061
3654.53589,10.166,0.068
3657.50749,10.155,0.059
3657.5472,10.157,0.062
3660.49544,10.144,0.063
3660.50712,10.109,0.065
3662.52984,10.078,0.063
3663.49506,10.09,0.067
3665.5161,10.025,0.067
3669.51507,10.07,0.054
3673.5021,10.043,0.06
3748.86544,10.223,0.066
3753.85477,10.052,0.065
3754.871,10.027,0.076
3757.85223,10.119,0.063
3758.86052,10.082,0.063
3760.86629,10.163,0.063
3763.87558,10.17,0.081
3764.84925,10.15,0.069
3767.8726,10.095,0.066
3769.87082,10.075,0.071
3772.8576,10.065,0.068
3773.86635,10.083,0.068
3783.88859,10.108,0.069
3789.83041,10.011,0.066
3789.84809,10.012,0.067
3792.85861,10.075,0.072
3792.8878,10.086,0.058
3796.82298,10.2,0.054
3796.83383,10.175,0.061
3800.81566,10.22,0.067
3800.8732,10.266,0.072
3803.85538,10.173,0.071
3804.81827,10.177,0.069
3806.832,10.116,0.061
3808.81963,10.56,0.071
3809.85382,10.027,0.065
3811.89685,10.038,0.067
3812.80549,10.067,0.062
3814.86786,10.056,0.063
3817.84817,10.116,0.069
3817.85992,10.118,0.058
3820.80342,10.224,0.063
3820.82123,10.152,0.065
3823.79131,10.233,0.068
3823.81889,10.293,0.077
3826.76624,10.263,0.061
3826.81765,10.259,0.066
3829.77006,10.287,0.055
3829.80802,10.262,0.065
3831.83587,10.242,0.06
3832.77896,10.242,0.062
3834.81928,10.161,0.066
3836.81239,10.16,0.063
3836.84622,10.133,0.064
3847.81714,10.033,0.076
3849.78025,10.005,0.058
3849.79975,10.01,0.061
3851.82446,9.956,0.06
3852.73961,9.944,0.066
3856.75951,9.96,0.057
3860.7715,9.962,0.051
3861.68267,9.972,0.056
3862.7004,9.985,0.064
3863.72465,9.981,0.054
3864.69414,9.977,0.062
3865.73436,9.998,0.059
3866.68193,9.99,0.062
3867.73887,9.996,0.057
3868.74296,10.001,0.066
3869.75027,10.033,0.066
3870.75757,10.034,0.061
3871.76289,10.03,0.056
3872.7536,10.044,0.063
3875.85438,10.09,0.06
3877.64336,10.145,0.056
3880.69806,10.167,0.051
3881.72632,10.131,0.064
3882.74054,10.171,0.056
3886.70725,10.103,0.059
3886.7431,10.161,0.05
3890.69907,10.111,0.058
3892.6902,10.168,0.067
3892.69695,10.128,0.068
3894.68727,10.098,0.046
3894.68986,10.074,0.053
3899.79701,10.084,0.069
3900.617,9.95,0.066
3901.85271,10.027,0.064
3902.66848,10.039,0.06
3904.56595,10.051,0.055
3904.69292,10.023,0.063
3906.62434,10.043,0.054
3908.76269,10.07,0.061
3912.71046,10.107,0.061
4126.86563,10.113,0.04
4128.87004,10.113,0.043
4132.86435,10.075,0.052
4134.83694,10.073,0.048
4142.83186,10.171,0.044
4144.85563,10.093,0.047
4146.82754,10.119,0.046
4150.87503,10.141,0.044
4153.85932,10.033,0.041
4157.81914,10.036,0.044
4160.85076,10.057,0.043
4161.82895,10.067,0.047
4164.80527,10.102,0.053
4164.8826,10.118,0.054
4167.83497,10.102,0.048
4172.84612,10.078,0.051
4172.86486,10.098,0.043
4178.82831,10.065,0.064
4178.8451,10.055,0.076
4181.79819,10.07,0.054
4181.86795,10.136,0.066
4184.78581,10.12,0.049
4184.82902,10.11,0.051
4188.80216,10.183,0.036
4188.83699,10.159,0.05
4190.85035,10.156,0.037
4191.77248,10.127,0.044
4192.7929,10.094,0.04
4193.84911,10.09,0.042
4196.84341,9.948,0.063
4198.72692,9.919,0.06
4199.79698,9.901,0.054
4202.75558,9.939,0.039
4204.8092,9.948,0.038
4205.84218,9.989,0.047
4207.8575,9.95,0.043
4212.81839,9.984,0.05
4213.81509,9.979,0.043
4215.78842,10.011,0.04
4216.80592,10.026,0.038
4228.75402,10.085,0.038
4228.77739,10.063,0.043
4230.75098,10.094,0.037
4230.77514,10.068,0.038
4232.74933,10.095,0.038
4234.74514,10.1,0.042
4234.81333,10.091,0.041
4246.67299,9.967,0.036
4246.71602,9.96,0.04
4250.62733,10.003,0.037
4250.70942,10.003,0.04
4253.76391,10.049,0.043
4253.78123,10.055,0.043
4255.81661,10.124,0.073
4256.64119,10.103,0.04
4258.59873,10.1,0.037
4258.69434,10.108,0.04
4266.78093,9.998,0.044
4269.60702,9.959,0.042
4272.60756,10.025,0.038
4272.6518,10.019,0.039
4274.62116,10.054,0.033
4274.65591,10.049,0.038
4276.7752,10.108,0.04
4283.62907,10.125,0.045
4284.76868,10.134,0.043
4284.79408,10.118,0.047
4286.78341,10.068,0.068
4290.75623,10.025,0.035
4290.77309,10.004,0.039
4292.70869,10.035,0.037
4292.74445,10.017,0.036
4296.70942,10.087,0.048
4296.75499,10.103,0.05
4298.71792,10.096,0.046
4298.75579,10.084,0.049
4300.61321,10.051,0.044
4300.66402,10.052,0.051
4302.65815,10.164,0.038
4302.70637,10.036,0.04
4304.5884,10.031,0.034
4304.63135,10.043,0.039
4306.69633,10.084,0.037
4307.65557,10.03,0.043
4308.69297,10.049,0.06
4309.66905,10.103,0.062
4310.72814,10.042,0.041
4311.70783,10.053,0.045
4314.49922,10.061,0.056
4314.74283,10.048,0.042
4316.57171,10.117,0.037
4317.55674,10.092,0.04
4319.61896,10.105,0.037
4329.54074,10.159,0.046
4329.5474,10.143,0.045
4331.54267,10.092,0.036
4331.54585,10.107,0.039
4334.50489,10.051,0.036
4336.51347,10.015,0.041
4338.50731,9.985,0.034
4339.60579,9.844,0.044
4340.56874,10.027,0.042
4341.60835,9.987,0.044
4342.57342,10.002,0.042
4343.61529,10.008,0.047
4344.57042,10.066,0.045
4345.62197,10.024,0.044
4346.56932,10.064,0.038
4347.62654,10.033,0.042
4348.57458,10.049,0.04
4349.62795,9.988,0.05
4350.5715,10.027,0.047
4351.62819,9.996,0.05
4352.5845,9.996,0.036
4354.58798,10.001,0.039
4355.57359,10.023,0.038
4356.60688,9.993,0.042
4357.58355,10.028,0.037
4358.59034,9.992,0.04
4359.54771,10.005,0.041
4360.57347,10.017,0.043
4361.53774,10.029,0.036
4362.6061,10.046,0.039
4363.54707,10.051,0.037
4364.58587,10.084,0.039
4365.57047,10.103,0.04
4368.56164,10.111,0.045
4369.53928,10.117,0.046
4371.55477,10.1,0.046
4372.58383,10.095,0.053
4375.52817,10.101,0.035
4376.51746,10.041,0.041
4377.53389,10.018,0.037
4378.5402,10.02,0.047
4380.52219,10.02,0.044
4381.51809,10.056,0.048
4383.5144,10.064,0.038
4384.51465,10.041,0.039
4386.50056,10.048,0.035
4387.49627,10.039,0.041
4389.49479,10.029,0.041
4392.5262,9.985,0.051
4402.49623,10.139,0.054
4488.86668,10.087,0.05
4491.8654,10.113,0.053
4493.86461,10.154,0.044
4499.86125,10.225,0.042
4504.8612,10.244,0.053
4507.83291,10.259,0.047
4508.85436,10.189,0.046
4511.83114,10.136,0.044
4516.81578,9.929,0.066
4516.86914,9.968,0.076
4519.8591,9.961,0.048
4520.83745,9.966,0.052
4522.85764,9.966,0.038
4523.85172,9.944,0.039
4526.81202,9.919,0.042
4527.8428,10.014,0.043
4529.84704,10.072,0.039
4530.87366,10.087,0.042
4532.8744,10.109,0.038
4535.88212,10.069,0.041
4536.82284,10.11,0.036
4538.8594,10.07,0.039
4541.85717,10.113,0.041
4542.81864,10.083,0.042
4545.80971,10.064,0.057
4547.83286,10.011,0.051
4548.79148,10.027,0.043
4550.85285,10.069,0.051
4559.77221,9.998,0.041
4559.7947,9.968,0.041
4561.8407,10.019,0.038
4562.78656,10.012,0.042
4564.75833,10.062,0.038
4564.868,10.07,0.043
4566.83325,10.108,0.039
4567.78797,10.135,0.043
4570.76678,10.13,0.039
4571.76768,10.22,0.037
4572.79285,10.147,0.043
4573.76862,10.149,0.041
4574.78221,10.157,0.043
4575.76081,10.133,0.042
4576.78646,10.081,0.046
4578.81056,10.03,0.046
4580.7984,9.969,0.041
4580.81127,9.941,0.045
4585.72162,9.944,0.037
4585.74836,9.949,0.04
4587.77041,9.97,0.042
4587.78837,9.963,0.045
4590.68878,10.053,0.043
4590.72607,10.03,0.048
4592.81027,10.121,0.04
4592.82737,10.105,0.038
4594.74976,10.084,0.036
4594.7755,10.072,0.038
4596.75989,10.021,0.035
4596.80639,10.009,0.038
4599.6739,9.941,0.044
4599.69691,9.932,0.046
4601.7062,9.981,0.038
4601.74231,9.957,0.04
4603.72457,10.01,0.043
4603.74755,10,0.044
4607.72485,10.18,0.047
4607.81664,10.162,0.056
4610.65155,10.314,0.039
4610.67011,10.212,0.044
4612.68603,10.2,0.044
4616.68889,10.021,0.036
4616.72655,9.999,0.04
4618.70045,9.949,0.047
4618.73164,9.923,0.047
4621.82372,9.898,0.072
4621.86637,9.929,0.071
4623.86642,9.914,0.041
4624.65295,9.907,0.041
4626.56811,9.931,0.039
4626.60278,9.947,0.04
4630.67122,9.98,0.04
4632.66194,9.995,0.04
4632.67457,9.979,0.044
4637.82183,10.026,0.049
4637.8246,10.017,0.051
4640.62624,10.134,0.042
4640.63489,10.112,0.045
4642.61616,10.151,0.037
4642.63646,10.208,0.042
4644.63408,10.222,0.042
4644.65495,10.195,0.041
4646.62353,10.258,0.067
4646.64403,10.179,0.058
4648.64892,10.154,0.041
4648.67012,10.164,0.044
4650.70205,10.085,0.049
4650.71714,10.096,0.048
4652.70876,10.075,0.038
4652.74271,10.072,0.039
4654.73024,10.06,0.04
4656.66534,10.161,0.043
4656.67428,10.09,0.041
4658.70143,10.107,0.053
4658.71471,10.082,0.056
4661.57588,10.096,0.043
4661.57886,10.072,0.045
4663.65599,10.143,0.047
4663.65984,10.071,0.052
4665.70657,10.053,0.044
4665.70956,10.037,0.048
4669.5434,10.009,0.04
4669.55073,10.006,0.048
4671.61959,9.97,0.038
4671.62595,9.976,0.04
4677.63342,10.013,0.044
4679.645,10.044,0.039
4679.65172,10.032,0.038
4682.62748,10.05,0.046
4682.63318,10.027,0.042
4684.6111,10.04,0.046
4684.62197,10.019,0.047
4686.57808,9.967,0.045
4690.63625,10.121,0.041
4691.63064,10.168,0.049
4694.67888,10.352,0.052
4698.57239,10.312,0.041
4698.63586,10.27,0.047
4700.57514,10.208,0.045
4700.63346,10.182,0.047
4702.5899,10.123,0.041
4702.6431,10.076,0.045
4704.5776,10.037,0.042
4704.63745,10.067,0.047
4706.6371,10.041,0.039
4706.66712,10.049,0.043
4709.57138,10.133,0.044
4709.62348,10.107,0.056
4716.5082,10.241,0.041
4720.55006,10.028,0.046
4720.55633,10.043,0.049
4722.59111,9.932,0.049
4722.60053,9.968,0.051
4726.5301,9.887,0.052
4728.57519,9.89,0.052
4731.51507,9.838,0.069
4731.54552,9.869,0.067
4734.56869,9.938,0.049
4737.51986,9.986,0.042
4738.57115,10.052,0.05
4740.51124,10.029,0.041
4741.54827,10.038,0.049
4743.50672,10.063,0.052
4744.503,10.037,0.056
4745.51998,10.055,0.051
4750.52478,10.056,0.06
4753.50696,10.068,0.065
4753.53629,10.092,0.053
4756.51502,10.063,0.049
4759.50393,10.093,0.054
4762.50507,10.048,0.051
4765.50067,10.016,0.051
4768.49849,9.997,0.053
4849.85117,11.79,0.047
4862.87755,12.018,0.042
4865.87466,11.724,0.066
4867.8445,12.154,0.05
4869.86752,11.926,0.048
4871.83816,11.755,0.052
4875.88944,12.065,0.048
4877.84226,11.921,0.044
4881.86655,11.883,0.042
4883.82744,11.887,0.041
4885.84855,11.675,0.066
4887.83054,11.851,0.068
4890.84088,11.743,0.066
4891.83908,11.872,0.054
4902.88793,11.764,0.068
4904.83918,11.867,0.061
4906.81063,11.709,0.071
4907.8189,11.725,0.062
4910.88131,11.871,0.057
4914.89649,11.932,0.07
4917.82027,11.862,0.057
4917.84623,11.881,0.061
4920.79043,11.853,0.069
4920.8167,11.775,0.067
4924.86399,11.985,0.067
4924.866,11.965,0.072
4928.85927,11.877,0.071
4936.73989,12.226,0.064
4938.80047,11.991,0.062
4938.82582,11.865,0.062
4947.71261,11.94,0.06
4947.73616,12.082,0.062
4949.75625,12.135,0.058
4949.8233,11.956,0.062
4951.84935,11.97,0.056
4952.72213,11.955,0.062
4954.68734,11.911,0.056
4954.78132,11.989,0.061
4959.7362,12.046,0.068
4959.77413,11.89,0.07
4962.66983,12.144,0.065
4967.752,11.99,0.061
4967.77944,11.891,0.062
4969.76977,12.126,0.058
4969.81743,12.04,0.059
4973.63868,11.995,0.069
4975.69312,11.948,0.059
4975.72776,12.206,0.068
4984.67697,11.999,0.063
4988.6828,11.99,0.07
4988.69658,12.045,0.071
4990.72939,12.097,0.073
4992.86261,11.948,0.066
5002.65738,12.113,0.074
5006.62972,12.373,0.055
5006.65801,12.058,0.064
5009.61285,12.104,0.069
5012.61821,12.139,0.065
5012.64561,11.888,0.062
5014.58809,12.068,0.057
5014.61269,11.861,0.061
5017.63508,11.928,0.071
5019.69514,11.773,0.073
5021.69599,11.979,0.057
5021.72342,11.798,0.06
5023.69853,11.95,0.055
5023.7253,11.895,0.057
5025.7458,11.9,0.065
5030.73081,11.995,0.054
5031.5775,11.907,0.053
5038.59307,12.492,0.067
5040.56049,12.3,0.06
5040.58127,12.091,0.069
5042.5601,11.889,0.062
5042.56901,12.032,0.068
5047.59553,12.303,0.068
5047.59869,12.07,0.069
5049.6101,12.201,0.07
5049.61334,11.903,0.07
5067.60954,11.791,0.066
5075.61178,11.91,0.064
5075.61501,11.951,0.067
5083.60764,12.156,0.058
5083.61084,12.011,0.068
5086.51029,12.068,0.072
5087.62849,11.868,0.061
5088.56767,12.059,0.067
5090.51089,12.054,0.065
5092.61421,11.859,0.06
5097.53127,12.045,0.071
5099.53675,11.921,0.068
5099.55206,12.002,0.063
5122.49405,11.837,0.065
