1920.87106,8.782,0.057
1922.85958,8.803,0.054
1924.85363,8.829,0.053
1929.84195,8.794,0.05
1932.87622,8.885,0.048
1933.84136,8.789,0.049
1935.87131,8.804,0.043
1936.82392,8.827,0.047
1938.85618,8.81,0.044
1946.83308,8.789,0.052
1946.88504,8.821,0.047
1948.86239,8.811,0.051
1949.84577,8.83,0.04
1950.81121,8.826,0.039
1953.80237,8.787,0.04
1953.84587,8.798,0.038
1954.81743,8.872,0.036
1954.83736,8.868,0.043
1955.83198,8.777,0.041
1955.8426,8.78,0.036
1958.88842,8.876,0.037
1958.89902,8.845,0.044
1961.83977,8.812,0.037
1962.80019,8.833,0.046
1963.80603,8.809,0.037
1964.81406,8.804,0.037
1964.86028,8.79,0.037
1966.78699,8.791,0.038
1966.81386,8.78,0.036
1968.78363,8.798,0.038
1976.86177,8.839,0.042
1976.90821,8.833,0.046
1978.79926,8.841,0.046
1979.75269,8.803,0.047
1979.83163,8.809,0.046
1980.75628,8.826,0.057
1980.77369,8.866,0.059
1981.79755,8.773,0.042
1982.77244,8.878,0.038
1983.90797,8.776,0.047
1984.77432,8.866,0.046
1984.81977,8.834,0.047
1985.78992,8.784,0.049
1985.82777,8.777,0.047
1985.89126,8.772,0.05
1995.81073,8.87,0.054
1996.80725,8.774,0.049
1997.78267,8.849,0.049
1998.81112,8.777,0.055
2000.80844,8.798,0.052
2008.71654,8.862,0.049
2016.76988,8.826,0.053
2025.70936,8.854,0.049
2026.73974,8.787,0.05
2027.73701,8.831,0.055
2030.7248,8.833,0.05
2031.7373,8.795,0.053
2032.7199,8.85,0.046
2033.70958,8.782,0.051
2037.67016,8.987,0.063
2037.68182,8.78,0.067
2040.69911,8.813,0.062
2052.67943,8.79,0.057
2053.69748,8.847,0.058
2054.68888,8.828,0.067
2055.67329,8.846,0.059
2056.67452,8.829,0.062
2057.67033,8.811,0.06
2058.66945,8.864,0.049
2059.67556,8.818,0.072
2062.57192,8.879,0.065
2068.63725,8.842,0.058
2069.64661,8.823,0.058
2070.63919,8.824,0.057
2080.53436,8.796,0.064
2081.61864,8.86,0.053
2082.63432,8.824,0.058
2083.58201,8.84,0.058
2085.57991,8.802,0.05
2085.60718,8.834,0.048
2086.61082,8.861,0.057
2087.57143,8.805,0.06
2087.60617,8.79,0.06
2088.60494,8.868,0.057
2093.53579,8.778,0.059
2094.57285,8.877,0.058
2096.58212,8.807,0.067
2102.55983,8.827,0.054
2103.55658,8.868,0.06
2103.57949,8.868,0.056
2104.54959,8.801,0.058
2104.58164,8.78,0.051
2105.57181,8.857,0.056
2106.57824,8.782,0.054
2109.57103,8.862,0.052
2115.53352,8.797,0.051
2116.50938,8.862,0.052
2116.54374,8.862,0.048
2117.54035,8.793,0.054
2124.51783,8.821,0.059
2125.53431,8.831,0.056
2128.52004,8.772,0.056
2129.55291,8.861,0.055
2131.49057,8.876,0.061
2134.51307,8.806,0.057
2135.50001,8.859,0.057
2142.52058,8.876,0.054
2144.48905,8.847,0.055
2151.54229,8.839,0.053
2156.50951,8.772,0.044
2164.50247,8.841,0.05
2169.51678,8.763,0.048
2172.49532,8.879,0.048
2172.54248,8.797,0.072
2175.48753,8.807,0.052
2178.50557,8.807,0.051
2178.53753,8.805,0.042
2180.53535,8.789,0.046
2184.54717,8.735,0.062
2185.51606,8.861,0.056
2189.48317,8.825,0.052
2203.50261,8.845,0.047
2440.6317,8.79,0.03
2441.59556,8.867,0.033
2442.59635,8.764,0.03
2442.62814,8.778,0.031
2445.60795,8.863,0.031
2452.55434,8.844,0.048
2452.59288,8.838,0.038
2454.60542,8.868,0.039
2456.5555,8.869,0.042
2459.55176,8.755,0.048
2460.61013,8.827,0.033
2463.58473,8.838,0.043
2464.56064,8.805,0.039
2464.58373,8.804,0.033
2465.56438,8.866,0.036
2465.58512,8.837,0.033
2466.57675,8.762,0.032
2467.54518,8.875,0.031
2468.55548,8.759,0.039
2468.57632,8.769,0.032
2469.5521,8.86,0.041
2469.57283,8.867,0.034
2473.48678,8.851,0.043
2473.52436,8.834,0.036
2481.49573,8.783,0.042
2481.53009,8.763,0.042
2482.55155,8.862,0.045
2486.53318,8.883,0.051
2489.5105,8.795,0.062
2489.53176,8.833,0.046
2490.53571,8.809,0.039
2491.50203,8.839,0.048
2491.53566,8.865,0.043
2493.52947,8.863,0.034
2494.51106,8.78,0.04
2495.51682,8.846,0.04
2499.52015,8.83,0.033
2501.51843,8.821,0.042
2502.51263,8.796,0.043
2502.562,8.818,0.035
2503.52665,8.802,0.041
2503.56669,8.789,0.036
2508.64135,8.865,0.04
2508.66771,8.877,0.04
2510.61769,8.854,0.042
2510.63977,8.862,0.042
2511.68857,8.767,0.058
2519.56102,8.891,0.044
2520.5617,8.78,0.04
2520.56468,8.781,0.034
2524.56406,8.765,0.042
2524.56703,8.795,0.038
2526.59944,8.817,0.055
2526.6024,8.811,0.046
2529.53892,8.785,0.044
2535.55801,8.787,0.045
2535.56097,8.772,0.038
2540.61907,8.806,0.041
2543.49515,8.861,0.053
2544.50911,8.799,0.037
2545.48271,8.861,0.037
2546.51738,8.784,0.053
2547.49062,8.861,0.042
2548.50162,8.769,0.04
2552.48933,8.759,0.04
2553.50114,8.833,0.036
2558.50588,8.857,0.036
2558.53071,8.867,0.033
2559.52701,8.801,0.055
2559.54394,8.801,0.046
2560.55841,8.888,0.052
2561.50768,8.767,0.047
2561.55782,8.799,0.046
2563.51071,8.765,0.039
2563.5373,8.773,0.038
2565.51977,8.792,0.041
2566.53854,8.836,0.047
2568.49723,8.816,0.038
2578.5097,8.789,0.034
2637.8651,8.773,0.057
2651.86411,8.865,0.05
2655.86532,8.806,0.047
2659.83776,8.787,0.05
2662.85401,9.177,0.049
2664.85586,8.862,0.047
2666.86668,8.83,0.045
2667.85711,8.826,0.051
2671.83817,8.873,0.046
2671.85196,8.854,0.037
2677.84667,8.832,0.061
2678.84857,8.79,0.038
2680.8105,8.822,0.043
2681.84857,8.82,0.04
2683.80493,8.8,0.042
2684.84048,8.849,0.042
2689.84545,8.772,0.057
2693.83668,8.812,0.042
2694.79836,8.815,0.046
2697.86616,8.866,0.047
2699.82812,8.854,0.037
2700.83513,8.785,0.049
2702.85252,8.771,0.038
2703.78223,8.881,0.05
2705.80932,8.86,0.049
2707.83763,8.805,0.056
2709.81486,8.81,0.039
2709.83835,8.79,0.035
2711.80151,8.778,0.058
2711.84822,8.779,0.036
2713.80494,8.775,0.045
2713.82878,8.779,0.043
2715.79596,8.768,0.062
2715.83069,8.756,0.04
2719.77292,8.817,0.062
2719.81477,8.79,0.051
2721.76695,8.797,0.075
2721.81317,8.804,0.051
2723.78881,8.844,0.051
2723.8074,8.829,0.044
2725.75734,8.868,0.061
2725.80248,8.865,0.037
2727.79085,8.864,0.056
2731.87081,8.853,0.056
2732.81517,8.776,0.048
2734.73882,8.837,0.055
2734.7676,8.809,0.042
2736.73908,8.827,0.06
2736.76141,8.849,0.038
2738.78771,8.898,0.062
2740.76718,8.883,0.037
2740.78262,8.862,0.032
2742.72556,8.876,0.06
2742.7592,8.85,0.041
2744.73,8.863,0.064
2744.75471,8.85,0.045
2747.78574,8.819,0.064
2750.82438,8.781,0.048
2750.8662,8.77,0.041
2752.72874,8.785,0.046
2752.75815,8.781,0.049
2755.70916,8.884,0.055
2755.73853,8.843,0.042
2757.70147,8.868,0.061
2757.74225,8.87,0.047
2759.75086,8.847,0.059
2759.79834,8.81,0.036
2761.68358,8.85,0.06
2761.74702,8.809,0.05
2763.6754,8.82,0.043
2763.72314,8.785,0.049
2766.73538,8.876,0.047
2766.81908,8.863,0.05
2775.72202,8.878,0.057
2775.75705,8.861,0.056
2782.7516,8.773,0.05
2784.67831,8.795,0.06
2784.69876,8.782,0.037
2785.8091,8.822,0.057
2786.63602,8.787,0.041
2787.75043,8.83,0.049
2787.78997,8.793,0.036
2790.89306,8.879,0.049
2790.91073,8.871,0.043
2794.61871,8.881,0.063
2805.83303,8.89,0.054
2805.83552,8.858,0.049
2809.73501,8.863,0.043
2809.74006,8.85,0.04
2810.84081,8.819,0.048
2812.60894,8.794,0.054
2812.62534,8.784,0.047
2813.79539,8.805,0.044
2821.53612,8.779,0.052
2821.56845,8.766,0.048
2826.58525,8.832,0.033
2826.61554,8.821,0.031
2829.59007,8.842,0.046
2830.72034,8.776,0.067
2830.72788,8.778,0.044
2832.56226,8.77,0.042
2832.58317,8.773,0.036
2833.68434,8.918,0.068
2833.70341,8.854,0.045
2836.7142,8.782,0.062
2838.5885,8.794,0.032
2842.61977,8.832,0.058
2843.65317,8.782,0.055
2845.63222,8.775,0.033
2851.72321,8.819,0.038
2851.73132,8.819,0.036
2854.52832,8.813,0.037
2854.53122,8.82,0.032
2858.55963,8.793,0.039
2858.56255,8.776,0.033
2859.63641,8.865,0.045
2859.63934,8.869,0.039
2860.7201,8.759,0.047
2861.61512,8.872,0.046
2862.61241,8.792,0.04
2866.59056,8.81,0.038
2867.69986,8.795,0.04
2868.64667,8.856,0.044
2872.64749,8.876,0.039
2874.70947,8.869,0.042
2875.65669,8.803,0.053
2876.62944,8.85,0.043
2877.64336,8.808,0.046
2878.62194,8.846,0.064
2883.51987,8.853,0.044
2883.54931,8.853,0.039
2885.52466,8.88,0.044
2885.53712,8.858,0.042
2888.55188,8.791,0.047
2888.56205,8.774,0.038
2893.51509,8.827,0.047
2893.51807,8.815,0.041
2895.52549,8.801,0.042
2895.52846,8.793,0.038
2897.53907,8.788,0.054
2901.52968,8.751,0.063
2901.53264,8.773,0.061
2905.52147,8.798,0.039
2906.60787,8.824,0.041
2908.53441,8.817,0.051
2910.48635,8.788,0.038
2910.5374,8.789,0.05
2912.51409,8.766,0.041
2912.5395,8.778,0.046
2915.54041,8.871,0.047
2916.51764,8.777,0.05
2917.56601,8.849,0.048
2921.53367,8.806,0.057
2921.56528,8.8,0.05
2923.56266,8.796,0.047
2924.50338,8.862,0.046
2927.51274,8.781,0.038
2927.51684,8.776,0.046
2929.52567,8.784,0.042
2930.49962,8.856,0.048
2931.52988,8.798,0.043
2933.53378,8.821,0.046
2935.53508,8.845,0.052
3032.84233,8.837,0.058
3032.87368,8.824,0.049
3036.83362,8.795,0.037
3036.8631,8.761,0.045
3042.84952,8.787,0.053
3043.82839,8.86,0.047
3052.83831,8.87,0.045
3052.87355,8.868,0.041
3055.87423,8.779,0.049
3056.84637,8.851,0.045
3059.82381,8.818,0.045
3060.8541,8.803,0.04
3063.83937,8.866,0.056
3064.84381,8.861,0.046
3067.87467,8.876,0.036
3070.83134,8.792,0.048
3071.86576,8.824,0.043
3073.83421,8.81,0.039
3074.87663,8.849,0.042
3076.83843,8.868,0.044
3079.81519,8.798,0.06
3080.86843,8.849,0.04
3082.81194,8.862,0.045
3085.90642,8.813,0.043
3086.82837,8.805,0.049
3088.84268,8.776,0.04
3089.79671,8.877,0.038
3091.82684,8.877,0.036
3092.77601,8.776,0.041
3096.87006,8.815,0.046
3096.87982,8.797,0.039
3098.81361,8.815,0.038
3098.85922,8.818,0.043
3100.81285,8.84,0.048
3101.80873,8.788,0.041
3103.766,8.783,0.043
3104.78734,8.869,0.039
3105.80419,8.783,0.046
3106.8506,8.85,0.047
3107.81115,8.773,0.042
3109.77576,8.78,0.037
3110.73873,8.862,0.038
3112.76404,8.914,0.035
3112.7901,8.82,0.045
3114.82384,8.788,0.036
3114.82947,8.812,0.036
3118.73588,8.783,0.041
3118.77533,8.755,0.047
3122.72532,8.792,0.034
3122.76093,8.78,0.041
3124.81379,8.823,0.041
3126.75318,8.83,0.039
3126.79677,8.836,0.042
3128.71476,8.855,0.043
3128.7798,8.854,0.045
3130.73807,8.865,0.051
3130.77725,8.88,0.041
3132.77704,8.867,0.051
3132.8082,8.846,0.046
3134.77272,8.869,0.051
3134.85868,8.864,0.039
3142.79438,8.805,0.037
3144.7124,8.777,0.032
3146.60097,8.78,0.034
3153.68125,8.818,0.035
3153.72234,8.799,0.036
3156.67182,8.872,0.036
3158.71289,8.883,0.055
3158.75502,8.862,0.046
3160.72384,8.862,0.066
3160.7912,8.843,0.072
3163.7379,8.816,0.037
3163.774,8.807,0.043
3165.80239,8.811,0.067
3168.76908,8.779,0.05
3168.80794,8.776,0.059
3171.72311,8.884,0.037
3171.7415,8.879,0.039
3175.71634,8.897,0.044
3175.74236,8.84,0.042
3177.78331,8.817,0.052
3178.60734,8.793,0.035
3180.63842,8.845,0.038
3180.70502,8.817,0.045
3183.63314,8.799,0.048
3183.69676,8.764,0.042
3185.62436,8.773,0.048
3185.6636,8.78,0.039
3187.65244,8.785,0.041
3187.70016,8.77,0.039
3190.67057,8.844,0.05
3219.49885,8.79,0.035
3219.54457,8.811,0.038
3387.85412,8.798,0.061
3390.87156,8.866,0.059
3391.85448,8.793,0.062
3396.84727,8.858,0.043
3397.87734,8.839,0.056
3399.86486,8.842,0.061
3402.87124,8.811,0.041
3403.85935,8.841,0.06
3405.87993,8.87,0.05
3406.87692,8.782,0.043
3409.84913,8.98,0.055
3410.84691,8.802,0.059
3413.86641,8.801,0.071
3417.84365,8.805,0.055
3421.83773,8.781,0.065
3423.86823,8.824,0.062
3424.86215,8.816,0.052
3426.82899,8.82,0.058
3427.85987,9.011,0.043
3430.85231,8.761,0.054
3432.84364,8.78,0.041
3433.85605,8.871,0.043
3436.86471,8.8,0.054
3438.85978,8.826,0.037
3442.87557,8.861,0.042
3443.84804,8.773,0.049
3445.85606,8.776,0.042
3446.81723,8.853,0.055
3449.79294,8.753,0.06
3452.81464,8.82,0.053
3452.82634,8.792,0.037
3454.84942,8.799,0.06
3454.90091,8.793,0.04
3456.82307,8.779,0.06
3457.78134,8.904,0.041
3458.84738,8.786,0.059
3459.83629,8.862,0.046
3462.84662,8.812,0.046
3464.75748,8.817,0.036
3465.8073,8.819,0.047
3466.82196,8.847,0.037
3468.79388,8.853,0.047
3469.79666,8.789,0.036
3471.776,8.776,0.043
3472.74912,8.874,0.049
3474.83863,8.844,0.057
3477.72794,8.824,0.055
3477.76714,8.817,0.05
3479.78072,8.852,0.051
3479.8274,8.845,0.067
3481.76179,8.865,0.053
3481.79862,8.862,0.05
3483.77041,8.889,0.043
3483.78368,8.865,0.048
3487.75802,8.854,0.056
3490.76422,8.82,0.058
3490.79776,8.84,0.044
3492.75239,8.814,0.057
3492.79986,8.857,0.053
3496.74774,8.855,0.044
3496.78458,8.883,0.032
3499.7535,8.779,0.044
3499.86151,8.801,0.048
3501.79731,8.788,0.072
3502.70779,8.824,0.057
3504.66491,8.8,0.055
3508.74146,8.782,0.037
3508.75808,8.786,0.03
3510.79842,8.78,0.033
3510.80996,8.781,0.04
3512.6818,8.78,0.047
3512.68512,8.929,0.045
3516.6799,8.795,0.045
3516.68933,8.792,0.045
3521.81511,8.774,0.041
3521.82474,8.754,0.052
3524.64576,8.852,0.053
3526.60727,8.863,0.037
3526.69675,8.865,0.054
3528.6558,8.854,0.036
3528.723,8.815,0.062
3530.65556,8.845,0.052
3530.723,8.814,0.055
3538.62907,8.771,0.047
3538.67311,8.781,0.044
3540.64875,8.784,0.041
3540.67015,8.801,0.039
3542.81208,8.839,0.044
3544.76095,8.851,0.045
3547.80388,8.784,0.066
3547.84689,9.361,0.06
3551.79191,8.781,0.061
3551.83646,8.75,0.048
3554.75394,8.846,0.034
3554.76426,8.852,0.033
3558.59264,8.818,0.051
3558.60144,8.789,0.061
3560.5897,8.792,0.053
3560.61131,8.793,0.051
3562.59016,8.802,0.055
3562.621,8.751,0.041
3564.56874,8.773,0.046
3564.59827,8.78,0.042
3569.6708,8.838,0.046
3569.67396,8.848,0.042
3571.69615,8.806,0.047
3571.70009,8.825,0.045
3574.70359,8.874,0.045
3574.70668,8.863,0.042
3576.71804,8.882,0.049
3576.72113,8.88,0.045
3578.69535,8.884,0.053
3578.69851,8.86,0.046
3583.67273,8.804,0.056
3583.67667,8.816,0.048
3585.73072,8.846,0.048
3586.54148,8.819,0.054
3587.74135,8.856,0.043
3588.57848,8.783,0.044
3590.55915,8.791,0.052
3590.66184,8.767,0.053
3592.56651,8.762,0.053
3592.67255,8.797,0.059
3596.60904,8.821,0.052
3597.67677,8.801,0.047
3602.57996,8.874,0.055
3602.71073,8.865,0.052
3604.58932,8.871,0.07
3606.51624,8.864,0.045
3609.49432,8.789,0.06
3617.54924,8.861,0.049
3617.55271,8.868,0.044
3619.59949,8.873,0.055
3619.60653,8.876,0.052
3621.65105,8.811,0.054
3622.50636,8.786,0.063
3625.62792,8.806,0.044
3626.5718,8.845,0.048
3628.60788,8.861,0.043
3630.54967,8.885,0.054
3632.55596,9.011,0.058
3633.55648,8.77,0.05
3635.53814,8.783,0.06
3639.53971,8.833,0.051
3639.57611,8.858,0.042
3642.54293,8.75,0.056
3642.58116,8.76,0.047
3646.53854,8.784,0.047
3646.5592,8.783,0.04
3649.50801,8.827,0.061
3651.50675,8.83,0.057
3651.54376,8.824,0.05
3653.54633,8.818,0.06
3654.52641,8.869,0.058
3655.5589,8.802,0.05
3658.50488,8.88,0.055
3658.53717,8.871,0.05
3661.49842,8.796,0.06
3661.51676,8.781,0.05
3663.52624,8.843,0.051
3666.53845,8.817,0.048
3670.50051,8.782,0.044
3673.50781,8.863,0.045
3676.50495,8.81,0.05
3751.85772,8.839,0.062
3755.85288,8.793,0.06
3755.87087,9.171,0.056
3758.85771,8.877,0.057
3759.86314,8.784,0.06
3762.85876,8.875,0.068
3763.87313,8.852,0.071
3767.84974,8.875,0.07
3767.87017,8.865,0.063
3772.84385,8.792,0.059
3772.87326,8.831,0.054
3775.85417,8.946,0.062
3789.81575,8.81,0.06
3789.84551,8.762,0.062
3792.84558,8.789,0.049
3792.87005,8.811,0.054
3795.86112,8.865,0.053
3796.83116,8.782,0.043
3798.86555,8.766,0.064
3800.87053,8.786,0.059
3802.81479,8.798,0.066
3804.8155,8.797,0.057
3805.84366,8.807,0.056
3808.81661,8.882,0.07
3808.8409,8.876,0.059
3811.82131,8.773,0.057
3811.89895,8.767,0.059
3814.79323,8.867,0.064
3814.87002,8.836,0.054
3817.78291,8.823,0.055
3817.8564,8.857,0.055
3820.80063,8.807,0.066
3820.83603,8.768,0.057
3823.79332,8.889,0.064
3823.83033,8.869,0.058
3826.77951,8.79,0.061
3826.82384,8.784,0.052
3829.7672,8.844,0.051
3829.81674,8.85,0.054
3831.83301,8.806,0.055
3832.79106,8.857,0.051
3833.84105,8.788,0.058
3834.84068,8.885,0.052
3835.81158,8.781,0.057
3837.76883,8.75,0.057
3837.83096,8.779,0.053
3848.77655,8.768,0.073
3848.81817,8.792,0.071
3850.78407,8.769,0.058
3850.87106,8.755,0.05
3852.82318,8.789,0.061
3853.75062,8.854,0.045
3855.70651,8.844,0.049
3855.84253,8.845,0.061
3859.76274,8.806,0.052
3862.71235,8.88,0.047
3863.74096,8.781,0.048
3864.71044,8.899,0.05
3865.71531,8.776,0.054
3866.69437,9.091,0.049
3867.73241,8.804,0.054
3868.75097,8.848,0.053
3869.74303,8.808,0.064
3870.76106,8.846,0.053
3871.75564,8.834,0.053
3872.75549,8.793,0.047
3874.84038,8.774,0.057
3875.86224,8.864,0.057
3877.64525,8.872,0.049
3880.68683,8.786,0.054
3881.72908,8.831,0.049
3882.71862,8.806,0.053
3886.7211,8.862,0.051
3886.73041,8.872,0.044
3890.70101,8.858,0.056
3890.71239,8.87,0.052
3892.66496,8.867,0.05
3892.70314,8.904,0.063
3894.67483,8.85,0.043
3894.69184,8.841,0.039
3899.79939,8.869,0.065
3901.83343,8.869,0.057
3901.85764,8.892,0.05
3903.84841,8.868,0.056
3903.89389,8.844,0.051
3906.56626,8.783,0.057
3906.60605,8.759,0.047
3908.6077,8.803,0.056
3908.66161,8.831,0.054
4127.8405,8.779,0.039
4129.86694,8.82,0.05
4133.85313,8.836,0.052
4135.83654,8.892,0.056
4137.86074,8.894,0.043
4141.8499,8.828,0.045
4142.82476,8.817,0.038
4144.88589,8.863,0.045
4146.82423,8.841,0.062
4150.86904,8.871,0.045
4151.84878,8.789,0.039
4153.84793,8.799,0.042
4154.86705,8.861,0.042
4157.81291,8.834,0.043
4157.87844,8.853,0.053
4160.84406,8.758,0.04
4161.83474,8.92,0.042
4163.84752,8.876,0.058
4164.8848,8.789,0.051
4166.8578,8.786,0.049
4167.86769,8.863,0.044
4173.83673,8.79,0.04
4174.81635,8.868,0.037
4176.81756,8.861,0.043
4177.85514,8.811,0.046
4179.84635,8.788,0.044
4180.84667,8.845,0.055
4182.79635,8.807,0.041
4183.83431,8.87,0.046
4185.78988,8.834,0.041
4187.84337,8.888,0.041
4189.75107,8.873,0.036
4190.80846,8.784,0.036
4191.79172,8.867,0.04
4192.80735,8.802,0.037
4193.78128,8.856,0.041
4194.82704,8.82,0.038
4196.82861,8.838,0.056
4198.75637,8.867,0.06
4199.76562,8.799,0.047
4202.79481,8.889,0.038
4202.83154,8.853,0.038
4204.83694,8.849,0.039
4204.84391,8.868,0.036
4207.88162,8.817,0.043
4208.78585,8.834,0.047
4213.77502,8.864,0.043
4213.82254,8.909,0.043
4216.76685,8.755,0.036
4216.81186,8.792,0.033
4227.736,8.77,0.034
4227.77564,8.792,0.032
4229.73629,8.765,0.04
4229.77669,8.785,0.033
4231.74437,8.786,0.051
4231.78086,8.807,0.037
4233.74325,8.811,0.036
4233.77953,8.801,0.035
4235.74183,8.81,0.034
4235.80853,8.838,0.033
4238.68891,8.82,0.047
4245.63672,8.838,0.064
4245.67096,8.882,0.065
4246.80028,8.776,0.036
4247.63904,8.854,0.046
4250.70565,8.844,0.039
4250.74137,8.869,0.035
4253.77818,8.765,0.041
4253.87691,8.794,0.042
4256.60706,8.872,0.035
4256.64728,8.877,0.033
4258.65921,8.859,0.037
4258.70296,8.874,0.036
4269.70363,8.855,0.037
4269.72199,8.875,0.036
4272.63389,8.78,0.034
4272.66548,8.796,0.036
4274.64319,8.776,0.034
4274.66979,8.808,0.033
4277.63122,8.829,0.032
4278.6625,8.854,0.036
4281.70098,8.77,0.059
4282.66621,8.882,0.052
4283.71478,8.793,0.048
4284.67047,8.869,0.044
4285.67326,8.789,0.04
4289.67009,8.846,0.034
4290.66222,8.798,0.034
4291.67128,8.853,0.032
4292.61121,8.785,0.035
4293.65944,8.881,0.032
4295.67614,8.872,0.032
4296.61672,8.798,0.045
4297.66656,8.85,0.041
4298.62134,8.781,0.042
4299.64101,8.86,0.035
4300.57529,8.781,0.043
4301.59794,8.855,0.04
4302.62463,8.839,0.066
4303.60702,8.826,0.032
4304.56717,8.822,0.034
4305.58358,8.807,0.032
4306.58411,8.866,0.034
4307.60392,8.807,0.038
4308.62311,8.889,0.05
4309.65029,8.796,0.058
4310.6825,8.859,0.039
4311.69702,8.787,0.038
4312.70343,8.846,0.051
4314.73317,8.813,0.039
4315.69915,8.819,0.049
4317.55425,8.844,0.032
4319.57307,8.85,0.035
4330.49957,8.826,0.034
4330.50683,8.852,0.033
4332.5233,8.856,0.037
4332.53056,8.846,0.035
4334.53974,8.871,0.034
4338.56346,8.862,0.035
4338.56665,8.854,0.043
4340.61808,8.848,0.046
4340.62127,8.872,0.037
4342.60978,8.819,0.043
4342.61647,8.816,0.041
4344.60966,8.798,0.045
4344.61286,8.82,0.04
4346.60929,8.767,0.039
4346.61249,8.803,0.034
4348.61249,8.776,0.038
4348.61568,8.786,0.036
4350.61635,8.772,0.043
4350.61955,8.781,0.038
4353.50851,8.841,0.034
4353.51249,8.847,0.034
4355.60056,8.827,0.038
4355.60374,8.788,0.035
4357.60772,8.791,0.036
4358.49076,8.863,0.033
4359.57621,8.802,0.036
4360.49045,8.861,0.037
4361.54663,8.786,0.032
4362.55361,8.88,0.035
4363.5506,8.8,0.033
4364.55419,8.868,0.036
4365.57399,9.017,0.036
4368.53983,8.837,0.041
4368.61747,8.828,0.046
4371.51541,8.844,0.038
4373.50147,8.873,0.047
4373.5467,8.862,0.047
4376.52778,8.758,0.042
4378.54812,8.769,0.044
4378.57375,8.793,0.046
4381.52052,8.855,0.041
4381.52999,8.826,0.041
4384.5202,8.852,0.035
4386.55486,8.703,0.032
4387.49877,8.777,0.034
4388.53872,8.901,0.035
4389.50093,8.763,0.042
4392.54259,8.823,0.045
4481.86722,8.811,0.052
4487.86609,8.782,0.046
4491.86796,8.81,0.052
4493.87086,8.874,0.041
4499.86388,8.879,0.041
4503.84247,8.879,0.057
4504.85866,8.79,0.044
4506.85645,8.78,0.041
4508.85101,8.785,0.04
4510.84155,8.829,0.046
4516.81811,8.847,0.074
4517.86517,8.776,0.047
4519.84045,8.816,0.044
4520.86532,8.866,0.048
4522.84173,8.812,0.037
4523.86106,8.86,0.036
4525.84215,8.87,0.039
4526.85569,8.826,0.039
4528.87988,8.778,0.039
4529.88546,8.867,0.042
4531.85197,8.849,0.036
4533.86707,8.81,0.038
4535.85854,8.829,0.039
4537.81239,8.804,0.033
4538.82926,8.868,0.037
4540.85185,8.87,0.041
4541.8008,8.777,0.037
4543.85228,8.809,0.038
4546.81631,8.831,0.045
4547.78069,8.802,0.045
4550.80133,8.802,0.042
4552.82338,8.789,0.038
4552.87279,8.791,0.038
4555.78246,8.875,0.038
4555.81532,8.871,0.035
4558.76987,8.773,0.035
4558.81814,8.795,0.034
4560.83849,8.819,0.036
4561.8069,8.823,0.037
4563.76196,8.775,0.042
4564.79706,8.895,0.035
4565.81969,8.789,0.037
4567.79104,8.804,0.036
4568.74687,8.842,0.037
4570.77916,8.864,0.034
4570.81068,8.872,0.035
4572.776,8.849,0.04
4572.79844,8.857,0.039
4574.74726,8.83,0.043
4574.7857,8.838,0.039
4576.7708,8.788,0.046
4576.79256,8.832,0.043
4579.84713,8.88,0.047
4579.85342,8.882,0.042
4583.72701,8.882,0.038
4583.76789,8.879,0.037
4586.75603,8.785,0.039
4586.79671,8.805,0.036
4589.6867,8.803,0.04
4589.7282,8.829,0.039
4591.7268,8.767,0.038
4591.78664,8.785,0.036
4593.75853,8.785,0.036
4593.80203,8.794,0.034
4595.82294,8.765,0.035
4595.89016,8.803,0.033
4597.74296,8.776,0.035
4600.76819,8.833,0.044
4602.68182,8.804,0.044
4602.72064,8.819,0.041
4606.69632,8.759,0.054
4606.7369,8.78,0.05
4609.63912,8.867,0.037
4609.68281,8.877,0.036
4611.6842,8.859,0.038
4611.72437,8.866,0.037
4616.67827,8.831,0.036
4616.72845,8.842,0.035
4618.69258,8.837,0.037
4618.73355,8.863,0.037
4622.6961,8.871,0.035
4623.86354,8.785,0.041
4624.82879,8.885,0.037
4626.57024,8.855,0.034
4626.61312,8.86,0.033
4630.64113,8.812,0.038
4630.67613,8.805,0.034
4632.65905,8.787,0.04
4632.67749,8.792,0.037
4638.82096,8.894,0.046
4638.82451,8.8,0.045
4640.80591,8.836,0.037
4640.80884,8.824,0.038
4642.80141,8.85,0.039
4642.80429,8.908,0.039
4644.85073,8.83,0.04
4645.54667,8.791,0.036
4647.57825,8.777,0.05
4647.58747,8.748,0.042
4649.60352,8.772,0.046
4649.63226,8.771,0.048
4651.65572,8.782,0.048
4653.64744,8.814,0.036
4653.66407,8.82,0.035
4655.5916,8.818,0.036
4655.61192,8.929,0.034
4657.63605,8.827,0.051
4657.65156,8.847,0.052
4660.59698,8.791,0.066
4660.60509,8.781,0.067
4662.65653,8.807,0.047
4662.66378,8.784,0.043
4664.6542,8.779,0.042
4664.66153,8.792,0.044
4666.65857,8.807,0.041
4666.66564,8.821,0.039
4670.62065,8.836,0.039
4670.62784,8.866,0.038
4672.64383,8.866,0.039
4672.65038,8.866,0.036
4675.67968,8.78,0.039
4675.68542,8.787,0.041
4678.67741,8.832,0.042
4678.68331,8.865,0.04
4681.59473,8.805,0.04
4681.60133,8.827,0.038
4683.59478,8.839,0.046
4683.60162,9.017,0.045
4685.5717,8.831,0.047
4685.58218,8.852,0.039
4687.56011,8.877,0.037
4687.57313,8.897,0.036
4691.59433,8.874,0.042
4691.59769,8.867,0.041
4694.645,8.802,0.051
4694.65169,8.922,0.048
4698.61623,8.865,0.044
4698.61946,8.907,0.04
4700.61445,8.894,0.039
4700.61768,8.897,0.04
4702.61951,8.85,0.04
4704.61119,8.859,0.043
4704.6145,8.866,0.041
4706.65903,8.84,0.037
4707.59155,8.786,0.049
4709.61524,8.824,0.048
4710.55198,8.802,0.07
4716.54814,8.769,0.041
4716.55141,8.805,0.038
4720.60285,8.81,0.046
4720.60606,8.816,0.043
4722.64166,8.852,0.046
4724.52629,8.875,0.054
4726.5427,8.901,0.048
4726.58361,8.886,0.053
4729.53523,8.803,0.039
4729.57346,8.78,0.044
4733.52388,8.792,0.043
4734.60372,8.815,0.046
4737.53596,8.851,0.042
4739.51019,8.863,0.04
4740.52577,8.771,0.04
4743.51275,8.866,0.047
4744.52774,8.795,0.051
4745.52597,8.845,0.045
4746.54082,8.826,0.05
4753.51042,8.802,0.048
4754.50535,8.875,0.047
4755.55777,8.782,0.042
4758.49272,8.875,0.052
4758.53045,8.827,0.049
4761.51919,8.905,0.049
4762.49385,8.797,0.05
4764.51757,8.813,0.045
4767.51235,8.868,0.046
4847.85534,8.822,0.042
4850.85814,8.868,0.049
4862.85648,8.821,0.04
4867.83802,8.88,0.044
4867.88523,8.872,0.048
4870.86218,8.791,0.044
4871.86761,8.876,0.051
4876.84656,8.879,0.046
4876.87357,8.875,0.042
4883.89546,8.789,0.042
4884.83294,8.825,0.046
4891.8198,8.874,0.053
4892.83387,8.811,0.056
4901.89547,8.815,0.062
4902.90195,8.872,0.059
4905.77283,8.79,0.06
4906.81373,8.832,0.066
4916.74542,8.799,0.055
4916.79999,8.821,0.058
4918.84415,8.772,0.062
4919.81913,8.901,0.058
4921.78551,8.869,0.059
4926.8292,8.817,0.058
4926.86751,8.847,0.052
4929.83336,8.8,0.066
4935.74091,8.772,0.066
4935.80211,8.784,0.064
4937.80004,8.798,0.061
4938.77799,8.826,0.057
4940.72561,8.841,0.062
4945.84364,8.881,0.06
4947.75274,8.898,0.053
4948.72599,8.783,0.06
4950.76077,8.816,0.055
4951.71433,8.815,0.055
4952.79982,8.82,0.052
4954.79096,8.852,0.056
4955.74629,8.82,0.067
4959.76622,8.795,0.068
4959.78384,8.802,0.068
4962.67176,8.855,0.064
4962.70908,8.9,0.061
4967.73868,8.829,0.059
4967.785,8.87,0.055
4969.75194,8.866,0.057
4969.82286,8.87,0.056
4972.84502,8.782,0.059
4975.64416,8.87,0.062
4975.72975,8.861,0.057
4984.69412,8.837,0.062
4985.6831,8.778,0.055
4986.6746,8.863,0.071
4987.69188,8.779,0.066
4988.68914,8.872,0.069
4989.7204,8.782,0.065
4991.74372,8.803,0.059
4992.85944,8.814,0.064
4994.76419,8.817,0.057
5006.78794,8.829,0.061
5012.65694,8.884,0.056
5014.61819,8.89,0.054
5015.64831,8.791,0.06
5017.77849,8.819,0.071
5021.72868,8.868,0.055
5022.51613,8.813,0.067
5023.73305,8.885,0.054
5024.55983,8.761,0.058
5031.61248,8.81,0.05
5031.61549,8.875,0.05
5037.53603,8.78,0.048
5039.52875,8.773,0.057
5040.71095,8.882,0.063
5041.53809,8.77,0.05
5042.60325,8.882,0.064
5047.68433,8.85,0.066
5047.68749,8.852,0.061
5049.7176,8.845,0.065
5057.56394,8.859,0.053
5057.56795,8.877,0.055
5063.574,8.752,0.054
5063.57719,8.784,0.05
5075.65137,8.858,0.062
5083.65391,8.842,0.061
5084.57041,8.787,0.054
5086.51463,8.816,0.063
5086.57287,8.82,0.07
5088.5712,8.892,0.064
5088.59849,8.852,0.07
5093.5782,8.739,0.061
5098.50588,8.852,0.067
5098.50915,9.135,0.062
5104.59578,8.806,0.056
5110.50917,8.79,0.065
