2520.52318,10.534,0.025
2521.5353,10.411,0.026
2540.48637,10.641,0.041
2685.88749,10.189,0.031
2688.87989,10.34,0.035
2690.89474,10.656,0.047
2694.85162,10.448,0.029
2698.86655,10.496,0.035
2701.86249,10.61,0.027
2704.85487,10.659,0.029
2706.88514,10.453,0.028
2709.84909,10.411,0.026
2710.85402,10.181,0.032
2712.83015,10.456,0.026
2714.84323,10.597,0.028
2717.86355,10.321,0.036
2720.81752,10.187,0.033
2722.82797,10.616,0.03
2724.81499,10.393,0.026
2726.82274,10.543,0.025
2728.8054,10.662,0.025
2730.8122,10.452,0.027
2733.80947,10.554,0.025
2737.79276,10.437,0.028
2739.78417,10.663,0.027
2741.78211,10.258,0.029
2743.76627,10.563,0.031
2747.77917,10.522,0.045
2750.82075,10.532,0.032
2752.76181,10.317,0.029
2755.74907,10.229,0.025
2757.74588,10.561,0.026
2759.79283,10.417,0.027
2761.74141,10.529,0.025
2763.73581,10.691,0.051
2768.79355,10.644,0.041
2770.75669,10.177,0.027
2775.7442,10.634,0.037
2782.74034,10.637,0.047
2784.69506,10.66,0.027
2785.834,10.587,0.027
2787.77187,10.587,0.028
2791.63182,10.888,0.028
2794.69877,10.287,0.029
2808.72497,10.582,0.029
2810.61822,10.408,0.026
2812.61174,10.646,0.028
2821.57615,10.36,0.028
2826.608,10.683,0.027
2829.61516,10.219,0.066
2831.61523,10.588,0.03
2832.70379,10.672,0.034
2834.59126,10.607,0.055
2835.6864,10.545,0.031
2838.67944,10.202,0.031
2851.6624,10.484,0.028
2854.52355,10.641,0.025
2858.55245,10.683,0.029
2859.6216,10.46,0.029
2861.60796,10.429,0.031
2866.56858,10.635,0.028
2872.59937,10.424,0.027
2876.51071,10.588,0.026
2878.51176,10.2,0.026
2882.50259,10.586,0.028
2884.50736,10.476,0.029
2885.55716,10.507,0.029
2893.49785,10.635,0.03
2895.51072,10.532,0.026
2897.52428,10.406,0.035
2901.51483,10.652,0.052
2905.50892,10.638,0.027
2909.49103,10.54,0.05
3055.89047,10.572,0.034
3063.88282,10.422,0.052
3072.85642,10.626,0.04
3076.84798,10.531,0.044
3079.86351,10.698,0.037
3082.85292,10.643,0.048
3086.85975,10.653,0.042
3089.84462,10.527,0.033
3092.83555,10.182,0.041
3096.86842,10.265,0.03
3098.84566,10.524,0.034
3101.80508,10.484,0.058
3104.78625,10.548,0.055
3106.82624,10.331,0.039
3108.85864,10.644,0.05
3111.78584,10.592,0.038
3113.84368,10.471,0.03
3116.76584,10.195,0.045
3121.78845,10.677,0.033
3124.74524,10.73,0.053
3126.76976,10.497,0.041
3128.76039,10.655,0.038
3130.76051,10.367,0.04
3132.7936,10.702,0.037
3144.70825,10.206,0.028
3153.71026,10.624,0.028
3156.6598,10.499,0.032
3158.74526,10.584,0.039
3160.76192,10.167,0.044
3163.76462,10.39,0.03
3168.79412,10.201,0.031
3171.73677,10.596,0.033
3175.73225,10.661,0.032
3178.59933,10.198,0.04
3180.69965,10.381,0.041
3183.67594,10.328,0.029
3185.6505,10.538,0.034
3187.68126,10.234,0.056
3190.69454,10.562,0.034
3266.49527,10.505,0.027
3268.51063,10.345,0.032
3274.50243,10.41,0.033
3278.48854,10.236,0.04
3422.89222,11.095,0.041
3426.88643,10.571,0.035
3430.88034,10.445,0.04
3445.8449,10.217,0.028
3448.83758,10.38,0.047
3450.84705,10.684,0.032
3453.81242,10.945,0.043
3455.82053,10.369,0.045
3457.82289,10.655,0.038
3459.8171,10.187,0.032
3462.80954,10.359,0.033
3464.91203,10.456,0.032
3467.79685,10.661,0.029
3473.77555,10.213,0.029
3476.76821,10.304,0.039
3478.7673,10.615,0.032
3480.77639,10.215,0.036
3489.73601,10.494,0.038
3491.74959,10.392,0.043
3501.68745,10.659,0.041
3503.71045,10.489,0.038
3509.7797,10.395,0.028
3512.66289,10.574,0.032
3516.67676,10.624,0.038
3524.63752,10.313,0.046
3526.65256,10.631,0.049
3528.65268,10.372,0.037
3530.71971,10.203,0.043
3538.69831,10.635,0.031
3540.69452,10.385,0.034
3543.67558,10.442,0.048
3547.58966,10.585,0.034
3551.68564,10.305,0.044
3554.66289,10.374,0.027
3558.55827,10.551,0.032
3560.64149,10.505,0.033
3562.64838,10.392,0.04
3564.63079,10.43,0.029
3570.6356,10.664,0.033
3574.60689,10.484,0.034
3576.6216,10.336,0.031
3578.62597,10.528,0.034
3584.59254,10.577,0.042
3586.6161,10.356,0.043
3589.55862,10.219,0.039
3591.59634,10.609,0.044
3593.58092,10.191,0.036
3601.57325,10.581,0.045
3603.57912,10.449,0.034
3607.50732,10.633,0.033
3618.50916,10.649,0.042
3621.51065,10.214,0.053
3634.48016,10.401,0.038
3790.88748,10.583,0.04
3794.8888,10.546,0.037
3798.87449,10.408,0.039
3802.88206,10.42,0.05
3805.87494,10.472,0.036
3808.8664,10.609,0.046
3814.84465,10.661,0.037
3817.83401,10.566,0.037
3820.82564,10.241,0.038
3823.81569,10.214,0.042
3826.80843,10.394,0.04
3829.7989,10.465,0.036
3832.78888,10.574,0.039
3834.80034,10.2,0.04
3837.77256,10.144,0.04
3848.77317,10.19,0.06
3850.84289,10.664,0.034
3853.74231,10.55,0.028
3855.83337,10.551,0.056
3858.71676,10.491,0.049
3862.70647,10.619,0.034
3864.7053,10.39,0.033
3866.69762,10.624,0.035
3868.72006,10.4,0.042
3870.78651,10.295,0.04
3872.77926,10.55,0.04
3876.65884,10.606,0.034
3882.6573,10.281,0.033
3887.65749,10.628,0.035
3889.65938,10.232,0.031
3891.64929,10.551,0.03
3893.64943,10.37,0.035
3896.71655,10.635,0.038
3898.74848,10.385,0.045
3901.60494,10.521,0.032
3903.61661,10.215,0.036
3905.61167,10.478,0.041
3907.61155,10.578,0.037
3909.72679,10.225,0.036
4154.88794,10.584,0.036
4158.88967,10.765,0.037
4177.84402,10.191,0.036
4183.82916,10.486,0.046
4186.83836,10.56,0.04
4189.81627,10.57,0.043
4191.81554,10.181,0.034
4193.82084,10.567,0.034
4199.78567,10.641,0.043
4202.80189,10.363,0.043
4204.87051,10.589,0.044
4208.76533,10.253,0.046
4213.85228,10.395,0.049
4216.84413,10.512,0.03
4227.73325,10.69,0.038
4229.79661,10.602,0.031
4231.79562,10.168,0.031
4235.84238,10.396,0.029
4238.68047,10.457,0.038
4245.66245,10.386,0.062
4250.75189,10.593,0.031
4256.7265,10.649,0.029
4259.61794,10.399,0.045
4273.67806,10.64,0.03
4278.6657,10.489,0.03
4284.67285,10.695,0.033
4290.66532,10.202,0.03
4292.62852,10.456,0.028
4296.63048,10.358,0.037
4300.60426,10.278,0.047
4302.64996,10.679,0.033
4304.59631,10.612,0.04
4308.6319,10.262,0.051
4330.54088,10.505,0.036
4332.55036,10.481,0.033
4334.56307,10.535,0.031
4339.49919,10.563,0.033
4341.55936,10.594,0.039
4344.50169,10.448,0.04
4346.5103,10.595,0.043
4348.53346,10.573,0.049
4351.49382,10.425,0.038
4354.51316,10.618,0.053
4357.4793,10.591,0.03
4359.48795,10.292,0.033
4363.4964,10.26,0.031
4520.88738,10.152,0.041
4524.88886,10.291,0.031
4527.88918,10.291,0.037
4537.86744,10.43,0.03
4540.86256,10.524,0.04
4546.84764,10.661,0.04
4552.8361,10.227,0.03
4555.82378,10.215,0.033
4558.82817,10.439,0.029
4561.81432,10.511,0.029
4564.80577,10.603,0.032
4567.79591,10.639,0.033
4570.78642,10.663,0.028
4572.80578,10.504,0.034
4574.79019,10.627,0.035
4576.797,10.357,0.039
4579.85782,10.618,0.038
4583.7723,10.272,0.03
4586.78012,10.482,0.037
4589.73635,10.364,0.036
4591.77341,10.296,0.057
4593.79042,10.578,0.03
4595.85151,10.481,0.031
4597.7832,10.506,0.028
4602.71775,10.596,0.038
4606.73024,10.568,0.049
4609.68659,10.615,0.031
4611.70837,10.241,0.031
4617.66752,10.366,0.031
4623.65817,10.562,0.032
4627.65495,10.515,0.033
4629.64074,10.656,0.03
4631.65138,10.463,0.033
4633.64275,10.626,0.041
4639.69093,10.467,0.032
4641.70162,10.531,0.029
4643.7025,10.573,0.036
4645.70485,10.648,0.037
4650.66353,10.329,0.039
4656.64029,10.565,0.039
4658.68312,10.345,0.05
4661.56875,10.575,0.036
4663.64484,10.553,0.042
4666.56677,10.329,0.031
4672.52019,10.385,0.031
4674.58878,10.287,0.032
4681.51822,10.678,0.037
4683.52151,10.392,0.038
4685.52719,10.705,0.047
4687.53898,10.44,0.031
4691.58205,10.561,0.037
4697.57825,10.654,0.033
4702.4877,10.588,0.035
4704.50976,10.55,0.035
4707.55104,10.381,0.047
4722.50363,10.583,0.041
4881.89184,10.489,0.032
4885.89478,10.594,0.055
4891.88524,10.304,0.042
4904.89402,10.643,0.055
4916.83487,10.253,0.045
4919.83588,10.374,0.051
4926.86043,10.536,0.05
4929.85777,10.619,0.057
4932.80975,10.578,0.062
4935.81412,10.718,0.059
4938.78598,10.62,0.056
4947.75724,10.19,0.046
4950.76512,10.439,0.061
4954.78519,10.463,0.048
4961.70849,10.418,0.061
4966.71744,10.628,0.051
4968.77115,10.535,0.046
4972.69644,10.61,0.047
4974.78394,10.504,0.053
4985.67657,10.351,0.05
4987.68537,10.681,0.06
4991.737,10.376,0.054
4994.76073,10.479,0.054
5013.62579,10.427,0.059
5015.63604,10.643,0.056
5018.68529,10.406,0.055
5022.69002,10.354,0.058
5039.57579,10.619,0.048
5041.57422,10.421,0.046
5048.58079,10.452,0.052
5072.53285,10.566,0.059
5092.49849,10.556,0.045
