1932.87384,12.63,0.046
1935.86174,12.85,0.043
1938.84973,12.984,0.046
1946.86186,13.024,0.054
1949.83655,12.517,0.06
1950.88889,12.727,0.062
1953.84368,13.069,0.045
1954.83051,13.337,0.051
1955.84043,13.152,0.045
1958.89688,12.947,0.055
1962.79807,12.845,0.047
1964.81196,13.085,0.047
1966.81178,12.654,0.049
1976.90394,12.928,0.054
1979.74376,13.053,0.06
1981.7956,13.031,0.054
1982.7705,12.707,0.054
1983.90602,12.925,0.06
1984.81784,12.85,0.058
1985.82584,13.314,0.056
1994.71705,13.035,0.062
2025.70539,12.752,0.055
2031.72434,12.87,0.067
2083.61186,12.852,0.067
2085.60303,12.677,0.05
2102.55559,12.76,0.06
2103.57752,14.158,0.064
2104.57737,12.731,0.061
2109.56902,13.062,0.057
2115.52918,12.765,0.054
2116.54167,12.937,0.06
2125.53898,12.749,0.066
2140.49235,12.784,0.053
2142.52274,12.893,0.067
2151.49058,12.988,0.074
2156.52092,12.816,0.059
2167.47616,12.845,0.06
2171.49591,12.581,0.063
2178.5394,12.796,0.06
2185.48341,13.08,0.061
2189.48728,12.76,0.062
2193.48873,12.911,0.067
2197.49238,12.672,0.065
2203.50434,12.971,0.065
2440.62762,12.734,0.037
2441.62768,12.879,0.031
2442.62406,12.923,0.043
2446.62437,13.106,0.038
2452.58204,12.934,0.056
2454.6012,13.217,0.045
2459.54273,12.898,0.054
2463.58049,13.122,0.035
2464.57951,13.073,0.043
2465.58088,12.83,0.045
2467.5752,12.833,0.031
2468.57207,12.919,0.033
2473.51317,13.444,0.052
2482.54947,13.005,0.065
2489.5296,12.997,0.05
2493.5273,12.907,0.05
2495.50784,13.118,0.059
2497.5018,13.165,0.041
2501.53038,12.833,0.041
2502.56425,12.94,0.046
2503.56894,13.479,0.053
2508.66985,12.712,0.038
2510.6419,12.838,0.047
2520.54296,12.942,0.035
2524.54821,12.874,0.062
2526.58551,12.753,0.06
2535.51181,12.735,0.051
2544.53961,12.737,0.064
2545.5818,12.943,0.048
2547.54821,12.972,0.053
2552.53952,13.192,0.062
2558.50085,12.97,0.055
2560.52654,12.613,0.051
2561.53375,12.7,0.046
2563.53455,12.953,0.047
2578.49744,12.854,0.047
2659.86047,12.753,0.046
2665.86604,12.719,0.046
2670.853,12.987,0.045
2674.87199,12.668,0.042
2681.82524,12.757,0.049
2683.87719,12.704,0.042
2686.83298,12.919,0.044
2689.824,12.849,0.045
2693.83452,12.77,0.048
2699.81888,12.666,0.044
2702.84107,12.815,0.042
2705.80501,13.094,0.041
2707.83559,12.697,0.051
2709.83633,12.756,0.048
2711.84623,12.967,0.042
2713.82216,13.097,0.04
2715.82874,12.794,0.041
2719.80811,12.876,0.05
2721.80582,13.101,0.049
2723.8055,12.947,0.045
2725.8006,12.617,0.041
2727.79996,12.852,0.042
2731.89505,12.685,0.045
2734.75039,12.852,0.039
2736.75731,12.863,0.041
2738.7968,12.945,0.04
2740.78082,12.922,0.038
2742.75742,12.776,0.047
2744.7484,12.842,0.042
2750.86444,12.606,0.044
2752.75175,12.922,0.038
2755.72766,13.148,0.04
2757.73588,13.043,0.04
2759.79661,12.686,0.04
2761.73159,12.724,0.039
2763.71229,13.074,0.043
2766.79411,12.803,0.04
2770.71581,12.865,0.041
2775.75533,12.928,0.046
2782.70294,13.215,0.051
2782.73535,13.121,0.048
2784.69239,12.736,0.042
2785.83136,12.68,0.053
2787.76458,12.819,0.042
2790.89589,12.652,0.046
2794.65142,12.669,0.045
2802.83305,12.578,0.058
2804.67281,13.045,0.042
2808.67545,13.016,0.043
2809.81892,12.602,0.05
2811.68961,12.657,0.042
2812.83259,12.889,0.049
2816.81921,12.676,0.056
2820.55112,12.715,0.033
2826.62866,12.932,0.035
2829.64972,12.776,0.05
2830.74059,12.97,0.038
2832.5812,13.075,0.043
2833.70143,13.193,0.043
2838.58648,12.794,0.033
2840.64278,13.01,0.041
2842.61772,13.065,0.044
2845.63015,12.689,0.033
2853.67916,12.758,0.038
2855.59667,12.871,0.032
2858.6539,13.025,0.034
2859.72137,12.7,0.039
2861.63991,12.597,0.041
2866.52866,12.997,0.041
2867.67913,12.888,0.046
2872.49637,12.785,0.039
2875.55309,12.918,0.062
2879.54978,12.748,0.04
2882.57529,12.875,0.047
2884.56177,13.046,0.044
2885.59244,12.883,0.043
2888.59032,12.714,0.047
2892.54981,12.905,0.061
2892.59427,13.047,0.052
2894.56385,12.802,0.047
2896.58505,12.72,0.046
2898.5727,12.797,0.045
2900.56753,12.94,0.049
2904.55435,12.615,0.049
2906.55271,12.765,0.045
2909.53941,12.887,0.058
2909.55427,12.979,0.047
2911.51819,12.953,0.055
2911.52599,12.863,0.046
2916.52945,12.866,0.051
2921.49114,12.684,0.054
2923.50382,12.87,0.043
2923.51046,12.805,0.052
2926.51174,12.998,0.048
2927.49771,13.161,0.047
2928.51956,12.767,0.049
2930.49429,12.598,0.052
2930.52494,12.63,0.047
2932.52579,12.779,0.046
2934.5244,12.886,0.046
2937.50504,12.696,0.044
3042.87601,12.962,0.045
3052.8811,12.631,0.039
3057.78036,12.786,0.055
3057.81265,12.983,0.043
3060.84872,12.813,0.045
3074.87436,12.892,0.042
3077.85122,12.64,0.042
3080.86619,12.773,0.041
3085.90155,12.755,0.042
3088.83246,12.857,0.056
3091.81679,12.936,0.042
3096.87253,12.652,0.047
3098.85709,12.884,0.044
3101.7888,13.145,0.046
3103.85893,12.675,0.042
3106.77549,12.808,0.045
3108.83935,13.011,0.042
3111.77491,12.896,0.043
3113.83213,12.714,0.041
3116.74624,12.866,0.04
3122.75635,12.762,0.04
3124.80917,12.887,0.04
3126.78713,12.997,0.046
3128.77216,12.691,0.043
3130.77243,12.638,0.043
3132.80336,12.919,0.043
3134.84297,12.905,0.043
3144.69927,13.012,0.04
3146.86361,12.878,0.041
3152.89315,13.049,0.055
3152.91466,12.749,0.052
3154.65787,13.011,0.04
3157.77899,12.775,0.047
3159.70014,12.857,0.051
3162.75998,12.834,0.044
3164.78193,12.732,0.048
3166.81172,12.875,0.05
3169.79322,12.96,0.046
3176.61646,12.935,0.045
3178.75324,12.841,0.045
3182.59841,12.6,0.045
3184.6285,12.834,0.042
3186.65935,12.959,0.042
3189.66919,12.558,0.044
3191.74577,12.927,0.066
3274.57979,12.687,0.048
3277.55413,12.791,0.048
3398.86125,12.719,0.065
3402.87366,12.915,0.051
3405.88234,12.772,0.049
3409.85236,12.707,0.048
3421.84027,12.941,0.053
3424.86472,12.575,0.054
3427.86252,12.891,0.052
3430.85873,12.982,0.056
3438.84991,12.987,0.051
3442.87338,12.774,0.044
3445.8463,12.908,0.064
3448.84058,12.842,0.092
3448.849,12.728,0.062
3452.79526,12.848,0.062
3452.80747,12.831,0.062
3454.87874,13.002,0.07
3457.77136,12.603,0.069
3459.77645,12.703,0.056
3462.80613,12.885,0.051
3464.9023,12.65,0.052
3467.81946,12.711,0.042
3470.79221,12.958,0.045
3473.7816,12.889,0.047
3476.77764,12.648,0.062
3478.81007,12.933,0.055
3480.83799,13.085,0.05
3484.83238,12.661,0.054
3489.75987,12.998,0.067
3491.79534,12.637,0.051
3497.80128,13.011,0.046
3501.67212,12.592,0.056
3503.7549,12.814,0.045
3506.76721,13.076,0.036
3509.75162,12.569,0.044
3511.81539,12.871,0.046
3515.78841,12.871,0.041
3517.79378,12.569,0.055
3521.71574,12.98,0.057
3523.72051,13.142,0.05
3525.75314,12.735,0.051
3529.88445,12.997,0.07
3538.66728,12.842,0.05
3540.66815,13.144,0.056
3542.80481,12.826,0.056
3544.76417,12.723,0.059
3547.82762,13.039,0.058
3551.81383,12.801,0.055
3554.46181,12.797,0.042
3554.46434,12.681,0.042
3554.46703,12.64,0.04
3554.47384,12.663,0.041
3554.48069,12.671,0.043
3554.49481,12.644,0.039
3554.50894,12.665,0.041
3554.52538,12.773,0.046
3554.55423,12.682,0.047
3554.58359,12.758,0.042
3554.61371,12.756,0.045
3554.6423,12.717,0.04
3554.69722,12.861,0.042
3554.72388,12.843,0.042
3554.75728,12.838,0.046
3554.78254,12.926,0.049
3554.81141,13.026,0.038
3554.84449,13.068,0.043
3558.59933,13.167,0.053
3560.60549,12.674,0.057
3562.60487,12.649,0.059
3564.59128,12.85,0.041
3570.5785,12.702,0.044
3573.64273,12.983,0.041
3575.65739,12.945,0.039
3577.68703,12.493,0.052
3585.63951,12.584,0.07
3587.66001,12.705,0.046
3589.69278,12.824,0.07
3594.5787,12.647,0.048
3597.62872,12.78,0.056
3602.64221,12.642,0.044
3609.4822,12.95,0.056
3616.53888,13.037,0.046
3620.63047,12.668,0.065
3625.60584,12.723,0.049
3628.59429,12.633,0.038
3631.51908,12.718,0.046
3633.53878,12.855,0.048
3639.56522,12.695,0.045
3642.56892,13.192,0.042
3646.55287,12.642,0.037
3649.51954,12.843,0.05
3652.50635,12.831,0.05
3654.53589,12.711,0.045
3657.5472,13.084,0.053
3660.50712,13.122,0.047
3662.52984,12.731,0.057
3665.5161,12.876,0.05
3669.51507,13.024,0.04
3673.5021,12.976,0.048
3754.871,12.7,0.061
3758.86052,13.095,0.05
3763.87558,12.955,0.053
3767.8726,12.948,0.052
3772.8576,12.785,0.057
3783.88859,12.824,0.055
3789.84809,12.877,0.055
3792.8878,12.839,0.064
3796.83383,12.692,0.054
3800.8732,12.981,0.053
3804.81827,12.707,0.054
3808.81963,12.906,0.054
3811.89685,12.605,0.053
3814.86786,12.824,0.047
3817.84817,13.045,0.066
3820.82123,12.652,0.057
3823.81889,12.942,0.072
3826.81765,13.046,0.051
3829.80802,12.643,0.053
3832.77896,12.848,0.055
3834.81928,13.039,0.051
3836.84622,12.62,0.049
3847.81714,12.748,0.058
3849.79975,12.783,0.045
3852.73961,12.99,0.059
3860.7715,13.056,0.049
3862.7004,12.742,0.06
3864.69414,12.702,0.052
3866.68193,12.798,0.049
3868.74296,13.075,0.051
3870.75757,13.118,0.046
3872.7536,12.657,0.049
3875.85438,12.97,0.05
3881.72632,12.642,0.051
3886.70725,13.038,0.045
3890.69907,12.692,0.044
3892.69695,12.855,0.056
3894.68986,13.035,0.042
3900.617,12.798,0.051
3902.66848,12.972,0.046
3904.69292,12.75,0.051
3908.76269,12.898,0.05
3912.71046,12.711,0.048
4128.87004,13.096,0.056
4132.86435,12.711,0.062
4144.85563,13.047,0.06
4161.82895,13.026,0.051
4164.8826,12.577,0.057
4172.86486,12.671,0.05
4178.8451,12.779,0.056
4181.86795,12.758,0.056
4184.82902,12.857,0.046
4188.83699,13.197,0.039
4191.77248,12.746,0.04
4193.84911,12.952,0.039
4196.84341,13.177,0.045
4199.79698,12.671,0.055
4203.78434,12.854,0.056
4205.84218,12.961,0.061
4213.81509,13.009,0.042
4216.80592,12.8,0.037
4228.77739,12.819,0.043
4230.77514,13.014,0.037
4232.77356,12.588,0.055
4234.81333,12.763,0.038
4246.71602,12.987,0.039
4250.70942,12.594,0.039
4253.78123,12.874,0.038
4256.64119,13.031,0.037
4258.69434,12.699,0.038
4266.78093,12.868,0.037
4269.60702,12.708,0.037
4272.6518,13.005,0.037
4274.65591,12.972,0.038
4283.62907,12.831,0.043
4284.79408,12.686,0.067
4286.78341,12.766,0.065
4290.77309,12.927,0.039
4292.74445,12.725,0.034
4296.75499,13.131,0.044
4298.75579,12.969,0.039
4300.66402,12.742,0.064
4302.70637,12.825,0.043
4304.63135,13.032,0.036
4307.65557,13.065,0.047
4309.66905,12.673,0.058
4311.70783,12.795,0.053
4314.74283,13.185,0.039
4317.55674,12.935,0.048
4329.5474,12.777,0.041
4331.54585,12.806,0.037
4336.51347,12.652,0.035
4339.60579,12.871,0.047
4341.60835,13.153,0.04
4343.61529,12.532,0.065
4345.62197,12.992,0.068
4347.62654,12.941,0.057
4349.62795,13.007,0.066
4351.62819,12.644,0.06
4354.58798,12.768,0.042
4356.60688,12.987,0.045
4358.59034,13.071,0.042
4360.57347,12.685,0.038
4362.6061,12.787,0.035
4364.58587,12.982,0.035
4368.56164,12.794,0.042
4372.58383,12.825,0.054
4376.51746,13.063,0.042
4378.5402,12.613,0.047
4381.51809,12.903,0.047
4384.51465,12.983,0.036
4387.49627,12.64,0.038
4392.5262,12.934,0.045
4402.49623,12.797,0.054
4488.86668,12.818,0.05
4493.86461,12.671,0.046
4504.8612,12.943,0.042
4508.85436,12.892,0.048
4516.86914,12.764,0.053
4520.83745,12.64,0.057
4523.85172,12.991,0.037
4527.8428,12.659,0.047
4530.87366,12.853,0.048
4535.88212,12.605,0.049
4538.8594,12.904,0.045
4541.85717,12.965,0.047
4547.83286,12.838,0.046
4550.85285,12.838,0.047
4559.7947,12.938,0.042
4562.78656,12.72,0.041
4564.868,12.92,0.057
4567.78797,12.978,0.042
4570.76678,12.646,0.04
4572.79285,12.695,0.037
4574.78221,12.975,0.042
4576.78646,12.851,0.045
4580.81127,12.74,0.045
4585.74836,12.848,0.035
4587.78837,12.742,0.042
4590.72607,12.914,0.043
4592.82737,12.958,0.039
4594.7755,12.694,0.036
4596.80639,12.776,0.036
4599.69691,13.018,0.044
4601.74231,13.007,0.039
4603.74755,12.583,0.037
4607.81664,13.013,0.047
4610.67011,13.006,0.05
4616.72655,12.91,0.037
4618.73164,13.03,0.045
4621.86637,12.745,0.062
4624.65295,12.885,0.043
4626.60278,12.875,0.04
4630.67122,12.663,0.04
4632.67457,12.796,0.046
4637.8246,12.675,0.044
4640.63489,12.793,0.038
4642.63646,12.934,0.038
4644.65495,13.097,0.042
4646.64403,12.823,0.051
4648.67012,12.897,0.054
4650.71714,12.78,0.067
4652.74271,12.911,0.041
4654.73024,12.61,0.052
4656.67428,12.698,0.043
4658.71471,12.996,0.042
4661.57886,13.103,0.045
4663.65984,12.742,0.064
4665.70956,12.845,0.055
4669.55073,12.934,0.039
4671.62595,12.706,0.039
4677.63991,12.878,0.048
4679.65172,12.669,0.04
4682.63318,12.73,0.048
4684.62197,12.863,0.056
4686.57808,13.006,0.043
4691.63064,12.719,0.06
4694.67888,13.17,0.055
4698.63586,12.73,0.052
4700.63346,12.843,0.068
4702.6431,13.007,0.041
4704.63745,12.855,0.061
4706.66712,12.77,0.04
4709.62348,13.058,0.068
4720.55633,13.029,0.061
4722.60053,12.708,0.063
4728.57519,13.136,0.048
4731.51507,12.939,0.064
4734.56869,12.768,0.064
4738.57115,12.778,0.046
4741.54827,12.817,0.056
4744.503,12.906,0.057
4750.52478,12.866,0.063
4753.53629,12.905,0.064
4756.51502,12.597,0.049
4759.50393,12.728,0.05
4762.50507,13.017,0.057
4765.50067,12.757,0.047
4768.49849,12.662,0.068
4865.87466,12.605,0.072
4869.86752,13.027,0.058
4877.84226,12.979,0.043
4881.86655,12.656,0.044
4885.84855,12.99,0.065
4890.84088,12.686,0.054
4902.88793,13.184,0.058
4906.81063,12.624,0.058
4917.84623,12.95,0.051
4920.8167,13.098,0.057
4924.866,12.743,0.056
4928.85927,12.978,0.055
4938.82582,12.602,0.057
4947.73616,12.674,0.055
4949.8233,12.761,0.053
4952.72213,12.976,0.06
4954.78132,12.933,0.052
4959.77413,12.829,0.053
4967.77944,12.755,0.053
4969.81743,12.87,0.055
4973.63868,13.016,0.062
4975.72776,12.74,0.055
4988.69658,12.996,0.054
4992.86261,12.867,0.052
5002.65738,12.923,0.054
5006.65801,13.196,0.052
5009.61285,12.673,0.056
5012.64561,12.908,0.049
5014.61269,12.914,0.049
5019.69514,12.796,0.056
5021.72342,12.873,0.047
5023.7253,12.743,0.047
5031.5775,12.992,0.043
5040.58127,13.288,0.049
5042.56901,12.814,0.051
5047.59869,13.092,0.051
5049.61334,12.757,0.051
5067.60954,12.596,0.057
5075.61501,12.79,0.057
5083.61084,12.733,0.059
5087.62849,12.761,0.058
5090.51089,12.864,0.048
5092.61421,12.627,0.056
5099.53675,12.9,0.051
