1932.86221,13.273,0.045
1937.87659,13.052,0.044
1940.86682,13.569,0.044
1947.84149,12.871,0.058
1953.8186,13.108,0.043
1961.84439,13.015,0.04
1965.8246,13.001,0.037
1979.77729,12.73,0.05
2000.79799,13.301,0.048
2025.75447,13.153,0.051
2026.73468,13.499,0.049
2027.72752,13.561,0.057
2030.71755,13.36,0.058
2031.72329,13.483,0.057
2032.71483,13.341,0.054
2033.70904,12.938,0.052
2040.75651,13.569,0.062
2052.65436,12.997,0.064
2053.68312,13.146,0.064
2054.67696,13.414,0.065
2055.66103,13.308,0.07
2056.66258,13.181,0.069
2057.65471,13.044,0.07
2058.65533,13.354,0.076
2059.69051,13.293,0.066
2061.70362,13.043,0.065
2067.6848,13.501,0.064
2068.6409,13.637,0.065
2069.63675,13.02,0.069
2070.62708,13.131,0.066
2080.54233,13.025,0.076
2081.60625,13.482,0.069
2082.62155,13.414,0.062
2083.6036,13.143,0.07
2085.59474,13.161,0.051
2086.59836,13.546,0.064
2087.59367,13.171,0.066
2088.59358,13.075,0.071
2102.54693,13.061,0.061
2103.5666,13.071,0.051
2104.56644,13.404,0.055
2105.56107,13.372,0.061
2106.56755,13.034,0.054
2109.55793,13.553,0.057
2115.51803,13.186,0.053
2116.53275,12.993,0.052
2117.52933,13.065,0.053
2128.4972,13.457,0.051
2130.49642,13.015,0.064
2132.50154,13.499,0.052
2134.4999,12.992,0.06
2136.49617,13.406,0.053
2141.49215,13.529,0.05
2143.48827,13.004,0.054
2151.55333,13.077,0.07
2156.55207,13.222,0.056
2454.61109,13.322,0.038
2456.57922,13.017,0.038
2464.57535,13.559,0.028
2465.57225,13.161,0.034
2467.56878,13.109,0.036
2468.5633,13.437,0.031
2469.55764,13.338,0.039
2470.5848,12.97,0.029
2473.55212,13.677,0.035
2481.51682,13.031,0.034
2486.52934,13.238,0.038
2489.51568,12.657,0.034
2491.50487,13.22,0.044
2494.49759,13.048,0.042
2510.60057,13.089,0.041
2540.50052,12.854,0.056
2545.49083,13.643,0.045
2547.49856,13.058,0.039
2552.4924,12.854,0.047
2664.87178,13.141,0.037
2673.85996,13.181,0.041
2677.83918,13.577,0.043
2684.84317,13.102,0.039
2690.83162,13.506,0.045
2696.8372,13.187,0.039
2699.83381,13.366,0.042
2702.85571,13.182,0.04
2703.83552,13.443,0.04
2709.86056,13.325,0.04
2711.86116,13.124,0.039
2713.83448,13.506,0.039
2717.81198,13.335,0.039
2719.83173,13.212,0.042
2723.88328,13.151,0.039
2725.80842,13.212,0.039
2732.79474,13.133,0.038
2734.76684,13.145,0.038
2736.76768,13.543,0.037
2738.7934,13.084,0.04
2740.77744,13.541,0.041
2742.75078,13.276,0.037
2744.7659,13.418,0.063
2750.81415,13.282,0.043
2752.74383,13.004,0.038
2755.73338,13.24,0.039
2757.73256,13.036,0.038
2759.78647,13.132,0.037
2761.72827,13.012,0.038
2763.74503,13.654,0.044
2766.81151,13.399,0.04
2770.71246,13.059,0.037
2783.65322,13.137,0.048
2786.63989,13.542,0.039
2787.79382,13.053,0.04
2794.6905,13.282,0.054
2809.66568,13.356,0.04
2810.80253,13.006,0.039
2812.61745,13.063,0.046
2821.56711,12.977,0.032
2832.59518,13.521,0.032
2833.71538,13.252,0.034
2835.60999,13.062,0.036
2845.64992,13.544,0.029
2854.68974,13.461,0.03
2860.51141,13.669,0.03
2861.68683,13.086,0.034
2866.65313,13.086,0.039
2868.66844,13.126,0.043
2876.56509,13.198,0.042
2882.53612,13.674,0.05
2888.52125,13.085,0.047
2893.5477,13.137,0.041
2895.55338,13.623,0.039
2897.5652,12.937,0.056
2905.53723,13.313,0.034
2908.55058,13.355,0.04
2915.52972,13.037,0.038
2929.49339,12.962,0.042
3043.85384,13.09,0.046
3053.84961,13.415,0.042
3060.87281,13.109,0.036
3064.8611,13.215,0.041
3068.83857,13.413,0.037
3071.8826,13.496,0.054
3079.82097,12.984,0.038
3082.84185,13.213,0.046
3086.84678,13.46,0.039
3089.82113,13.092,0.039
3097.76426,13.046,0.04
3105.8428,13.087,0.037
3107.84118,13.437,0.045
3110.7725,13.079,0.04
3113.75579,13.449,0.038
3115.81024,13.084,0.04
3122.74207,13.486,0.036
3124.79477,13.019,0.037
3126.77276,13.386,0.039
3128.75356,13.208,0.043
3133.76482,13.106,0.04
3144.80064,13.626,0.039
3153.88221,13.364,0.036
3156.65804,12.974,0.039
3160.69863,13.051,0.042
3163.71035,13.36,0.041
3165.71953,13.073,0.039
3168.7446,13.303,0.039
3170.84108,13.449,0.041
3176.69233,13.392,0.036
3179.58664,13.179,0.043
3182.62832,13.307,0.036
3184.61153,12.972,0.042
3189.55965,13.026,0.044
3191.68815,13.186,0.062
3270.51036,12.952,0.041
3274.51088,13.039,0.04
3277.51125,13.666,0.041
3280.50792,13.068,0.04
3282.52763,13.388,0.058
3292.49895,12.978,0.045
3293.49953,13.044,0.046
3407.86484,13.282,0.046
3411.86452,13.068,0.041
3415.8526,13.059,0.04
3419.8469,13.335,0.046
3422.87851,13.577,0.06
3442.88694,12.969,0.049
3445.84969,13.41,0.057
3448.85315,13.256,0.035
3454.85617,13.567,0.046
3457.79139,13.005,0.067
3462.7735,13.206,0.066
3462.77869,13.018,0.056
3464.88017,13.034,0.041
3467.80839,13.596,0.053
3470.78401,12.954,0.043
3473.77348,13.349,0.046
3476.76541,13.337,0.04
3478.79194,13.098,0.049
3480.81861,13.318,0.066
3489.74747,13.148,0.046
3491.77995,13.799,0.053
3497.78524,12.988,0.041
3501.68073,13.286,0.041
3503.73937,13.216,0.08
3506.74101,13.032,0.05
3512.6557,13.145,0.035
3524.64129,13.161,0.077
3528.69331,13.339,0.091
3530.70717,13.199,0.068
3538.66449,13.168,0.055
3550.67558,13.625,0.055
3552.71977,13.045,0.057
3555.71407,13.198,0.046
3558.72075,13.621,0.061
3560.72411,13.131,0.045
3562.74289,13.37,0.048
3564.72282,13.225,0.04
3571.60163,13.002,0.034
3574.61917,13.107,0.042
3576.63439,13.238,0.042
3578.63888,13.272,0.068
3583.7009,13.328,0.077
3586.55913,13.323,0.072
3590.68602,13.587,0.049
3593.49979,13.157,0.036
3602.498,13.021,0.057
3604.53384,13.198,0.052
3608.51241,13.144,0.08
3617.59097,13.245,0.042
3620.5016,13.233,0.074
3626.58591,13.288,0.042
3630.55713,13.095,0.034
3632.56334,13.408,0.044
3639.54765,13.241,0.045
3642.54758,13.154,0.04
3647.51506,13.101,0.033
3654.50777,13.66,0.087
3659.49495,13.543,0.042
3757.87183,12.92,0.043
3765.86922,13.24,0.048
3767.88456,13.143,0.048
3770.88163,12.851,0.047
3772.88316,13.569,0.051
3774.86525,13.144,0.048
3790.85067,13.58,0.05
3797.87596,13.122,0.043
3802.83754,13.072,0.073
3805.86425,13.317,0.07
3809.83325,13.234,0.06
3812.8334,13.201,0.043
3819.82543,13.316,0.082
3822.81544,13.559,0.047
3828.80265,13.115,0.07
3831.78918,13.476,0.049
3833.84558,13.118,0.06
3850.85167,13.304,0.055
3853.74057,13.189,0.051
3855.83075,13.131,0.076
3858.72957,13.287,0.076
3860.76855,13.089,0.048
3862.70491,13.019,0.042
3864.70115,13.658,0.058
3866.68646,13.006,0.037
3871.7428,13.129,0.074
3874.82911,13.122,0.047
3877.67747,13.47,0.043
3880.7169,13.156,0.048
3882.76336,13.323,0.08
3886.84539,13.143,0.041
3889.63829,13.091,0.042
3891.66986,13.442,0.038
3893.67112,13.086,0.049
3898.67801,13.079,0.06
3900.69136,13.573,0.075
3902.71019,13.107,0.061
3904.74011,13.473,0.057
3906.74391,13.058,0.059
3908.81573,13.398,0.051
3912.73492,13.223,0.042
3981.57723,13.301,0.049
4128.87881,13.211,0.039
4129.88176,13.187,0.045
4131.87114,13.423,0.052
4133.88312,13.044,0.041
4134.87742,12.946,0.057
4139.85855,13.08,0.047
4140.87205,13.422,0.071
4146.87305,13.125,0.06
4151.87384,12.987,0.062
4152.87169,13.098,0.044
4155.86097,13.568,0.064
4156.85882,12.883,0.07
4158.86911,13.326,0.052
4158.87495,13.359,0.041
4159.86517,13.445,0.065
4159.88904,13.195,0.066
4172.86914,13.299,0.038
4173.88961,13.311,0.053
4173.89533,13.191,0.057
4176.88622,13.721,0.07
4179.8712,13.16,0.052
4182.82645,13.473,0.066
4182.84856,13.41,0.057
4183.85478,13.089,0.046
4185.8656,13.833,0.054
4192.86625,13.032,0.047
4193.83358,13.071,0.06
4193.84697,12.898,0.054
4193.8602,13.032,0.068
4200.78664,13.292,0.041
4203.82325,13.308,0.06
4203.85065,13.425,0.04
4207.77848,13.282,0.053
4213.88,13.952,0.066
4215.76044,12.916,0.041
4216.83714,13.222,0.058
4227.79151,13.597,0.041
4228.76523,13.232,0.054
4229.77513,13.111,0.059
4230.76217,13.138,0.039
4231.77927,13.163,0.044
4234.76404,13.049,0.033
4235.80694,13.594,0.039
4247.63652,13.011,0.05
4256.73025,13.052,0.038
4258.79718,13.325,0.035
4273.79693,13.131,0.044
4276.60018,13.047,0.039
4292.71188,13.04,0.037
4293.71625,13.063,0.063
4295.7289,13.632,0.061
4298.72179,13.319,0.045
4310.65233,13.105,0.048
4315.65527,12.936,0.052
4330.55593,13.081,0.041
4339.63417,13.122,0.045
4342.50612,13.086,0.07
4344.52021,12.92,0.04
4346.52375,13.545,0.073
4348.54392,13.12,0.06
4350.54823,13.582,0.043
4352.56155,13.158,0.035
4357.57564,11.99,0.036
4363.50171,13.089,0.041
4365.55068,13.07,0.056
4371.53916,13.031,0.058
4375.52207,13.045,0.041
4377.52789,13.216,0.045
4380.5161,13.212,0.047
4383.50821,13.254,0.046
4492.8806,13.173,0.035
4502.86814,12.986,0.038
4502.88712,13.315,0.041
4506.85973,13.234,0.047
4506.88465,13.056,0.039
4510.86123,13.003,0.056
4511.87101,13.019,0.051
4517.87202,13.447,0.059
4518.83867,13.42,0.053
4518.85452,13.412,0.038
4520.87461,13.197,0.05
4521.84428,12.956,0.042
4522.86045,13.275,0.038
4527.84975,13.699,0.04
4528.83539,13.378,0.054
4528.85535,13.506,0.053
4531.83655,13.458,0.039
4531.86852,13.696,0.043
4535.89636,13.38,0.037
4538.86968,13.354,0.056
4539.88717,13.104,0.06
4541.84481,13.331,0.04
4546.84015,13.427,0.059
4546.85441,13.134,0.046
4547.82819,12.984,0.048
4548.8174,13.19,0.054
4554.87308,13.256,0.047
4555.89077,13.153,0.054
4557.80514,13.304,0.038
4557.81093,13.067,0.04
4557.84954,13.002,0.048
4558.82519,13.41,0.054
4560.79575,13.128,0.058
4560.80717,13.126,0.052
4560.8273,13.135,0.058
4561.81665,12.91,0.065
4563.80189,13.237,0.054
4564.80818,13.476,0.06
4566.78226,13.057,0.041
4566.79018,13.23,0.069
4569.78354,13.299,0.044
4570.78905,13.015,0.058
4571.81455,12.871,0.053
4571.83305,13.155,0.035
4571.8489,13.382,0.043
4585.79554,12.928,0.043
4588.72872,13.312,0.046
4588.73491,13.123,0.058
4589.7543,13.15,0.048
4592.8657,12.973,0.041
4595.70995,13.186,0.035
4597.74782,12.888,0.036
4597.75036,12.907,0.036
4602.71107,13.294,0.061
4609.72562,13.606,0.037
4609.73209,13.498,0.049
4609.74684,13.7,0.043
4609.75902,13.492,0.06
4611.71527,13.133,0.063
4611.72017,13.168,0.039
4611.74357,13.177,0.052
4616.8835,13.395,0.056
4622.83274,13.255,0.063
4627.63691,13.083,0.038
4629.6236,13.059,0.05
4629.63445,12.932,0.038
4639.70845,13.112,0.052
4639.71125,13.126,0.059
4641.71894,13.351,0.056
4641.72176,13.582,0.059
4642.65154,13.632,0.064
4643.72435,12.945,0.057
4643.72721,12.901,0.053
4645.73972,13.552,0.066
4647.77704,13.08,0.08
4648.66463,13.115,0.071
4648.70907,13.068,0.053
4652.60406,13.14,0.047
4652.72328,13.072,0.037
4652.76765,13.088,0.047
4654.61662,13.181,0.066
4654.69922,13.688,0.042
4654.75537,13.377,0.042
4656.58576,13.375,0.039
4656.61508,13.186,0.068
4656.72276,12.952,0.054
4664.74202,13.289,0.037
4666.62303,12.939,0.059
4667.56923,13.092,0.042
4670.58877,13.273,0.044
4672.62093,13.349,0.063
4672.72191,13.562,0.04
4672.72552,13.467,0.066
4677.53702,13.064,0.065
4678.65682,13.322,0.078
4679.55306,13.553,0.043
4684.53414,13.285,0.066
4685.55354,13.025,0.073
4691.49477,13.056,0.054
4691.52241,13.284,0.062
4694.5937,13.044,0.058
4698.57794,13.053,0.042
4698.594,13.234,0.059
4700.58137,13.597,0.071
4702.59546,13.068,0.037
4704.58537,13.524,0.061
4706.64051,13.065,0.044
4706.65126,13.009,0.058
4709.60652,13.431,0.073
4721.56711,12.862,0.058
4724.59837,13.192,0.073
4856.8775,13.287,0.039
4863.87883,13.493,0.047
4863.88086,13.344,0.039
4868.88406,13.773,0.055
4870.88342,12.938,0.066
4877.8548,13.597,0.066
4882.86386,13.506,0.073
4882.86737,13.456,0.04
4883.85895,13.413,0.048
4883.86715,13.332,0.041
4890.86383,13.406,0.07
4890.8673,13.427,0.047
4945.82184,13.231,0.054
4948.73609,13.028,0.079
4967.74354,13.243,0.05
4969.75684,13.063,0.053
4975.67286,12.984,0.057
4985.67102,13.036,0.067
4991.67933,13.292,0.069
