2000.79799,13.304,0.048
2014.7469,12.962,0.057
2018.7515,13.025,0.062
2019.74671,12.997,0.058
2025.75447,13.236,0.051
2026.73468,13.238,0.049
2027.72752,13.373,0.057
2030.71755,13.16,0.058
2031.72329,13.288,0.057
2032.71483,13.245,0.054
2033.70904,13.149,0.052
2040.75872,13,0.067
2052.65436,13.208,0.064
2053.68312,13.11,0.064
2054.67696,13.306,0.065
2055.66103,13.176,0.07
2056.66258,13.287,0.069
2057.65471,13.232,0.07
2058.65533,13.359,0.076
2059.69051,13.222,0.066
2061.70362,13.28,0.065
2067.6848,13.185,0.064
2068.6409,13.361,0.065
2069.63675,13.204,0.069
2070.62708,13.131,0.066
2080.54233,13.12,0.076
2081.60625,13.104,0.069
2082.62155,13.254,0.062
2083.6036,13.038,0.07
2085.59474,13.313,0.051
2086.59836,13.28,0.064
2087.59367,13.132,0.066
2088.59358,13.059,0.071
2102.54693,13.438,0.061
2102.5584,13.414,0.052
2103.5666,13.669,0.051
2104.56644,13.476,0.055
2104.57561,13.237,0.052
2105.56107,13.424,0.061
2106.56755,13.484,0.054
2106.57451,13.564,0.048
2109.55793,13.613,0.057
2109.56723,13.526,0.053
2115.51803,13.768,0.053
2116.53275,13.561,0.052
2116.53979,13.538,0.056
2117.53637,13.535,0.053
2124.51592,13.475,0.052
2128.4972,13.859,0.051
2130.49642,13.804,0.064
2132.50154,13.934,0.052
2134.4999,14.052,0.06
2136.49617,14.029,0.053
2140.48752,14.026,0.078
2456.57922,13.522,0.038
2673.85996,13.262,0.041
2677.83918,13.442,0.043
2684.84317,13.431,0.039
2696.8372,13.428,0.039
2699.83381,13.538,0.042
2702.85571,13.755,0.04
2703.83552,13.578,0.04
2709.86056,13.534,0.04
2711.86116,13.592,0.039
2713.83448,13.663,0.039
2719.83173,13.814,0.042
2725.80842,13.802,0.039
2732.79474,13.85,0.038
2740.77744,14.226,0.041
2766.81151,14.119,0.04
2876.56509,13.472,0.042
2888.52125,13.51,0.047
2893.5477,13.496,0.041
2895.55338,13.365,0.039
2905.53723,13.433,0.034
2908.55058,13.293,0.04
2915.52972,13.411,0.038
2929.49339,13.247,0.042
3153.88221,13.819,0.036
3163.71035,14.03,0.041
3168.7446,13.491,0.039
3170.84108,13.336,0.041
3176.69233,13.493,0.036
3179.58664,13.239,0.043
3182.62832,13.423,0.036
3191.68815,13.21,0.062
3270.51036,13.091,0.041
3274.51088,13.167,0.04
3280.50792,13.302,0.04
3282.52763,13.516,0.058
3292.49895,13.197,0.045
3448.84403,13.736,0.051
3452.81347,13.859,0.045
3457.79139,13.603,0.067
3462.7735,13.406,0.066
3464.88017,13.32,0.041
3467.80839,13.468,0.053
3470.78401,13.188,0.043
3473.77348,13.523,0.046
3476.76541,13.578,0.04
3478.79194,13.337,0.049
3480.81861,13.728,0.066
3489.74747,13.556,0.046
3491.77995,13.33,0.053
3497.78524,13.36,0.041
3501.68073,13.22,0.041
3503.73937,13.137,0.08
3506.74101,13.251,0.05
3509.72796,13.367,0.055
3512.6557,13.165,0.035
3524.64129,13.012,0.077
3526.6866,13.002,0.079
3528.69331,13.099,0.091
3530.70717,13.22,0.068
3538.66449,12.889,0.055
3543.64636,12.775,0.068
3546.72183,12.871,0.062
3550.67558,12.934,0.055
3552.71977,12.952,0.057
3555.71407,12.901,0.046
3558.72075,13.109,0.061
3560.72411,12.941,0.045
3562.74289,13,0.048
3564.72282,13.014,0.04
3571.60163,12.979,0.034
3574.61917,13.104,0.042
3576.46588,13.289,0.044
3576.46829,13.374,0.044
3576.47078,13.198,0.044
3576.47331,13.318,0.05
3576.47583,13.236,0.051
3576.47832,13.307,0.055
3576.48237,13.253,0.043
3576.48487,13.341,0.045
3576.48734,13.309,0.044
3576.48985,13.314,0.048
3576.49236,13.237,0.045
3576.49487,13.315,0.048
3576.49735,13.29,0.045
3576.50068,13.173,0.062
3576.507,13.255,0.046
3576.51318,13.202,0.065
3576.51928,13.205,0.068
3576.52544,13.25,0.07
3576.53925,13.231,0.055
3576.55307,13.205,0.045
3576.58106,13.435,0.061
3576.6087,13.232,0.056
3576.63439,13.231,0.042
3576.63685,13.31,0.049
3576.66354,13.205,0.041
3576.69396,13.384,0.043
3576.72379,13.188,0.051
3577.50138,13.122,0.067
3577.53091,13.195,0.088
3577.55993,13.326,0.057
3577.58985,13.268,0.055
3577.61694,13.215,0.048
3578.63888,13.376,0.068
3583.7009,13.526,0.077
3586.55913,13.484,0.072
3590.68602,13.53,0.049
3593.49979,13.647,0.036
3774.86525,13.759,0.048
3790.85067,13.405,0.05
3797.87596,13.668,0.043
3802.83754,13.244,0.073
3805.86425,13.352,0.07
3809.83325,13.33,0.06
3812.8334,13.254,0.043
3816.89687,13.337,0.074
3819.82543,13.062,0.082
3822.81544,13.215,0.047
3828.80265,13.147,0.07
3831.78918,12.999,0.049
3833.84558,12.981,0.06
3836.77541,12.977,0.049
3850.85167,13.094,0.055
3853.74057,13.145,0.051
3855.83075,12.956,0.076
3858.72957,13.214,0.076
3860.76855,13.202,0.048
3862.70491,13.322,0.042
3864.70115,13.346,0.058
3866.68646,13.509,0.037
3874.82911,13.655,0.047
3877.67747,13.533,0.043
3880.7169,13.686,0.048
3893.67112,14.482,0.049
4131.87114,13.256,0.052
4134.87742,13.373,0.057
4135.86688,13.027,0.042
4139.85855,13.26,0.047
4145.85655,13.346,0.055
4146.87305,13.303,0.06
4151.86624,13.43,0.056
4151.88702,13.508,0.056
4155.86097,13.604,0.064
4158.86911,13.482,0.052
4159.86517,13.533,0.065
4163.85041,13.683,0.065
4167.83772,13.712,0.055
4173.88961,13.938,0.053
4176.88622,13.663,0.07
4179.85203,13.926,0.063
4179.8712,13.958,0.052
4235.80694,14.113,0.039
4344.52021,13.95,0.04
4346.52375,13.713,0.073
4348.54392,13.531,0.06
4350.54823,13.355,0.043
4352.56155,13.49,0.035
4355.56502,13.562,0.042
4357.57564,13.323,0.036
4363.50171,13.393,0.041
4365.55068,13.201,0.056
4369.52725,13.067,0.036
4371.53916,13.35,0.058
4375.52207,13.212,0.041
4377.52789,13.044,0.045
4380.5161,13.175,0.047
4383.50821,13.052,0.046
4622.83274,14.325,0.063
4627.63691,13.965,0.038
4629.6236,13.705,0.05
4639.70845,13.527,0.052
4639.71125,13.746,0.059
4641.71894,13.647,0.056
4641.72176,13.688,0.059
4643.72721,13.764,0.053
4645.73972,13.751,0.066
4647.77704,13.482,0.08
4652.60406,13.526,0.047
4654.61662,13.28,0.066
4656.58576,13.401,0.039
4656.61508,13.291,0.068
4663.58633,13.228,0.044
4664.59636,13.214,0.054
4664.75137,13.092,0.045
4666.62303,13.059,0.059
4667.56923,13.002,0.042
4672.62093,12.985,0.063
4672.72552,12.841,0.066
4677.53702,12.716,0.065
4679.55306,12.823,0.043
4683.57143,12.95,0.056
4684.53414,12.704,0.066
4691.49477,12.66,0.054
4691.52241,13.042,0.062
4694.5937,12.743,0.058
4698.57794,12.617,0.042
4698.594,12.925,0.059
4700.58137,12.623,0.071
4702.59546,12.773,0.037
4704.58537,12.668,0.061
4706.64051,12.718,0.044
4706.65126,12.795,0.058
4709.588,12.816,0.057
4709.60652,13.07,0.073
4721.56378,12.961,0.06
4725.54005,12.908,0.059
4734.54202,13.121,0.073
4738.54375,13.288,0.048
4746.51449,13.333,0.054
4755.49601,13.562,0.07
4916.78613,13.716,0.055
4926.89881,13.417,0.054
4945.82184,12.893,0.054
4948.73609,12.857,0.079
4967.74354,12.93,0.05
4969.75684,13,0.053
4975.67286,13.099,0.057
4985.67102,13.162,0.067
4991.67933,13.006,0.069
5024.62576,13.192,0.052
