1930.85145,10.025,0.043
1932.8669,10.037,0.042
1937.85452,10.088,0.044
1940.84133,10.06,0.043
1946.86823,10.05,0.04
1949.83225,9.988,0.038
1950.8846,9.946,0.039
1953.82979,10.155,0.039
1954.82851,10.124,0.049
1954.83525,10.082,0.044
1955.83843,10.161,0.035
1958.89492,10.165,0.035
1965.81259,10.025,0.031
1967.81249,10.041,0.032
1976.9066,10.024,0.04
1979.74644,9.977,0.041
1980.77214,10.006,0.062
1981.7938,10.007,0.039
1982.76871,9.994,0.035
1984.90443,10.114,0.045
1985.82176,9.999,0.043
1994.71531,9.908,0.047
2016.75049,9.967,0.052
2025.74457,10.143,0.052
2026.73177,10.143,0.051
2027.72236,10.066,0.056
2030.71234,9.955,0.052
2031.72039,10.044,0.056
2032.70965,9.937,0.048
2033.70166,9.962,0.044
2037.67839,10.148,0.057
2040.69565,10.134,0.069
2052.6447,10.095,0.055
2053.68025,10.055,0.059
2054.67411,10.125,0.064
2055.65594,10.113,0.061
2056.65972,10.109,0.061
2057.65185,10.078,0.058
2058.65243,10.086,0.057
2059.70622,10.118,0.066
2062.59565,9.993,0.061
2067.62364,10.037,0.059
2068.6291,10.067,0.062
2069.63396,10.042,0.059
2070.62428,10.15,0.058
2071.66132,10.074,0.073
2081.60355,9.976,0.057
2082.62598,9.966,0.057
2083.60092,10.013,0.053
2085.59207,10.073,0.048
2086.59571,10.102,0.056
2087.59103,10.139,0.058
2088.58873,10.154,0.059
2094.60761,10.064,0.055
2096.56909,10.038,0.054
2102.54443,10.116,0.051
2103.57082,10.101,0.053
2104.57069,10.122,0.052
2105.55858,10.134,0.051
2106.56043,10.13,0.047
2109.55544,10.107,0.049
2115.52241,9.985,0.048
2116.5281,10.074,0.045
2117.52693,10.035,0.048
2124.50064,10.048,0.055
2128.49496,9.956,0.049
2130.51221,9.973,0.05
2132.49934,10.053,0.054
2134.50228,10.038,0.041
2141.49904,10.107,0.048
2143.4862,10.044,0.056
2145.48889,10.002,0.05
2156.53421,10.075,0.059
2172.53552,9.99,0.053
2176.51473,10.112,0.069
2179.50399,10.134,0.059
2185.50355,9.984,0.054
2190.48263,10.054,0.05
2441.61673,10.165,0.029
2442.6131,10.186,0.038
2452.57549,10.076,0.036
2454.60851,9.986,0.041
2456.57661,10.133,0.03
2459.59823,10.129,0.054
2463.59229,10.072,0.03
2464.57059,10.04,0.029
2465.57649,10.011,0.028
2468.56758,10.023,0.027
2469.56415,10.006,0.031
2473.50871,10.131,0.034
2481.51445,10.002,0.037
2482.5403,10.057,0.034
2486.52448,9.934,0.041
2489.51332,10.141,0.052
2490.54583,10.092,0.035
2491.50935,10.17,0.035
2494.50474,10.092,0.04
2500.48712,9.948,0.05
2510.61022,10.019,0.035
2519.58918,10.157,0.037
2520.59458,10.116,0.035
2521.60421,10.138,0.034
2524.58023,10.005,0.043
2535.57487,10.148,0.038
2543.49941,10.057,0.043
2545.48672,10.138,0.033
2547.49677,10.122,0.043
2549.48979,10.121,0.029
2552.49065,10.05,0.04
2558.48352,10.03,0.037
2559.50724,10.019,0.05
2564.49061,10.082,0.04
2566.49143,10.164,0.045
2652.86697,9.947,0.045
2659.86505,10.105,0.052
2662.86499,10.127,0.042
2670.85539,9.992,0.044
2674.84053,10.049,0.038
2677.83457,10.163,0.047
2681.82318,10.127,0.037
2683.87285,10.152,0.038
2686.82866,10.024,0.04
2689.81742,9.981,0.041
2693.77284,10.17,0.038
2696.87345,10.033,0.044
2699.81697,10.153,0.035
2702.83916,10.073,0.035
2703.82349,10.02,0.04
2704.83803,10.027,0.037
2706.85516,10.014,0.038
2710.82602,9.982,0.046
2712.81527,10.088,0.036
2714.81534,10.116,0.041
2717.83468,10.14,0.039
2720.76503,10.035,0.044
2722.88313,10.138,0.043
2724.7697,9.968,0.039
2726.81683,10.007,0.037
2728.81637,9.954,0.047
2730.79339,10.097,0.036
2733.78719,10.144,0.033
2737.76757,10.066,0.036
2739.77692,9.981,0.039
2743.74679,10.112,0.035
2747.76888,10.112,0.057
2750.80898,10.094,0.037
2752.74092,10.046,0.039
2755.72353,10.01,0.034
2757.725,9.996,0.036
2759.77665,9.994,0.033
2761.72534,10.075,0.037
2763.70821,10.148,0.036
2763.74207,10.048,0.045
2766.78978,9.986,0.033
2770.70952,10.054,0.037
2775.77163,10.051,0.045
2782.91972,10.175,0.043
2783.65485,10.074,0.041
2784.69745,10.153,0.034
2784.89408,10.094,0.051
2785.84646,9.985,0.04
2787.77431,10.124,0.037
2790.90395,9.984,0.043
2794.6473,10.091,0.04
2804.66854,10.037,0.04
2808.83721,9.991,0.041
2810.61381,10.087,0.033
2811.791,10.171,0.045
2813.69015,9.971,0.043
2821.55669,10.054,0.041
2832.58584,10.109,0.037
2833.70606,9.986,0.046
2838.59107,9.995,0.032
2840.64735,10.059,0.035
2842.62227,10.073,0.066
2845.63769,10.027,0.03
2853.52752,9.997,0.033
2854.61224,10.131,0.03
2859.50974,10.142,0.034
2860.66905,10.129,0.04
2862.591,9.968,0.044
2866.629,9.97,0.034
2868.66374,9.996,0.038
2872.66688,10.08,0.037
2876.51607,10.016,0.04
2878.51712,10.059,0.033
2883.52231,10.132,0.034
2888.51236,10.04,0.042
2893.52922,9.994,0.039
2895.53716,9.99,0.037
2897.55147,9.92,0.044
2901.53892,10.131,0.057
2905.52824,10.12,0.033
2908.544,10.113,0.045
2910.54449,10.029,0.043
2915.52319,10.012,0.04
2917.55107,10.009,0.04
2922.50509,10.092,0.035
2924.51937,10.1,0.041
2928.50006,9.978,0.042
2930.50911,10.001,0.041
2932.51756,9.973,0.038
2935.50407,10.031,0.04
3032.87105,10.155,0.044
3036.8607,10.099,0.033
3064.83924,10.045,0.044
3074.86934,10.154,0.04
3079.8018,9.999,0.038
3082.83616,10.095,0.036
3086.84881,10.07,0.041
3089.81803,10.115,0.035
3092.80674,10.04,0.031
3096.9015,10.18,0.033
3098.83739,9.994,0.041
3100.85232,10.094,0.035
3103.68773,9.961,0.048
3105.84742,10.104,0.039
3107.8431,10.127,0.041
3110.76158,9.949,0.041
3112.82215,10.044,0.04
3115.75214,10.042,0.038
3118.82348,10.018,0.029
3122.75167,10.088,0.039
3124.80445,10.121,0.041
3126.78506,10.123,0.041
3128.74277,9.985,0.04
3130.76292,9.994,0.038
3132.7961,9.994,0.047
3144.68948,10.017,0.03
3146.86152,10.096,0.039
3153.74231,10.043,0.038
3156.64629,9.981,0.04
3160.68776,9.948,0.048
3163.69734,9.975,0.04
3165.70597,10.01,0.04
3170.83545,10.092,0.047
3176.69443,10.105,0.032
3184.61862,10.141,0.032
3187.62452,10.139,0.042
3190.64029,10.231,0.041
3390.86878,10.069,0.047
3391.86755,10.039,0.037
3396.8732,9.967,0.044
3398.87244,9.958,0.045
3407.84781,10.066,0.061
3411.84873,9.995,0.06
3414.8644,9.991,0.05
3418.84409,10.07,0.06
3422.83066,10.115,0.062
3425.83914,10.108,0.053
3431.77309,10.075,0.038
3434.84445,9.956,0.053
3438.84779,10.107,0.045
3442.87058,10.263,0.045
3445.83088,10.077,0.048
3452.81045,10.043,0.043
3454.85233,10.036,0.04
3457.76941,10.096,0.055
3462.7627,10.049,0.052
3464.87458,10.104,0.032
3467.80009,10.081,0.046
3470.77994,10.061,0.036
3473.76953,10.105,0.041
3476.76143,10.107,0.057
3478.7831,10.092,0.054
3480.81552,10.119,0.058
3489.73105,10.131,0.037
3491.77676,10.104,0.052
3497.78214,10.113,0.032
3501.65032,10.109,0.038
3503.7441,10.023,0.037
3506.75016,10.038,0.039
3509.74038,10.093,0.041
3511.80415,10.046,0.044
3515.78026,10.104,0.04
3517.77174,10.084,0.052
3521.70948,10.053,0.058
3523.71419,10.102,0.053
3525.74438,10.086,0.046
3529.8508,9.957,0.062
3538.64772,10.113,0.035
3543.6401,10.08,0.054
3550.6694,10.025,0.04
3552.7117,10.054,0.041
3555.6694,9.967,0.057
3555.69654,10.02,0.039
3555.70875,10.02,0.032
3555.72437,9.999,0.041
3555.75123,10.025,0.042
3555.78119,10.078,0.045
3555.81235,10.121,0.043
3555.8418,10.074,0.044
3556.47678,10.068,0.042
3556.50679,10.198,0.041
3556.53756,10,0.045
3556.56568,10.062,0.042
3556.59474,10.106,0.042
3556.6254,10.143,0.044
3556.67293,10.021,0.038
3556.70361,9.94,0.033
3556.73476,9.969,0.036
3556.76464,10.09,0.044
3556.7927,10.094,0.04
3556.82145,10.108,0.041
3556.85162,10.093,0.043
3558.46149,10.118,0.046
3558.52149,9.953,0.045
3558.55057,9.961,0.046
3558.58117,10.007,0.043
3558.61101,10.091,0.048
3558.64175,10.115,0.043
3558.67309,10.075,0.056
3558.70106,10.016,0.049
3558.71536,9.966,0.059
3558.72958,9.957,0.064
3558.7581,9.945,0.058
3558.7903,10.023,0.045
3558.8239,10.145,0.048
3560.71853,10.03,0.055
3562.73601,10.013,0.056
3564.71059,10.138,0.045
3570.61966,10.089,0.049
3573.68069,10.042,0.043
3575.70015,10.02,0.044
3577.72162,10.048,0.049
3583.68466,10.126,0.051
3586.55051,10.1,0.057
3590.66747,9.999,0.05
3592.69687,10.004,0.051
3599.64147,10.132,0.045
3602.49235,10.139,0.05
3604.52892,10.13,0.047
3608.5075,10.109,0.048
3617.56881,9.987,0.045
3619.6243,10.077,0.052
3621.47743,10.174,0.065
3621.47984,10.132,0.05
3621.48305,10.13,0.062
3621.48556,10.125,0.067
3621.48806,10.138,0.067
3621.49055,10.149,0.068
3621.49306,10.116,0.068
3621.49558,10.12,0.072
3621.49806,10.121,0.062
3621.50381,10.133,0.06
3621.50891,10.105,0.067
3621.51405,10.065,0.073
3621.51921,10.123,0.074
3621.53438,10.033,0.059
3625.61655,10.085,0.073
3628.599,10.036,0.047
3631.52388,10.037,0.055
3633.54435,10.057,0.056
3637.54753,10.006,0.048
3641.51569,10.125,0.044
3643.55472,10.02,0.045
3647.52151,10.115,0.039
3652.50842,9.931,0.05
3655.52626,10.008,0.055
3658.5157,10.066,0.055
3661.50923,10.102,0.061
3664.50289,10.117,0.052
3757.85767,10.105,0.052
3763.85975,10.054,0.075
3767.86142,9.955,0.063
3772.86384,10.132,0.057
3775.87678,10.145,0.058
3790.84423,10.074,0.064
3793.88816,10.037,0.057
3796.85741,10.147,0.045
3804.81363,10.028,0.057
3808.81475,10.157,0.066
3811.87745,10.055,0.054
3816.888,10.162,0.052
3819.81641,9.975,0.067
3822.80416,10.059,0.05
3825.79679,10.113,0.056
3828.79427,10.149,0.056
3831.78522,10.066,0.057
3833.83903,10.097,0.062
3836.76549,10.02,0.055
3848.79689,10.121,0.073
3850.81293,10.166,0.05
3852.84352,10.168,0.057
3859.81121,9.947,0.049
3861.79183,10.07,0.046
3863.7713,10.148,0.052
3865.75081,10.119,0.05
3867.75289,10.05,0.052
3871.74809,10.029,0.049
3874.83353,10.104,0.05
3876.50423,10.156,0.058
3876.51139,10.09,0.054
3876.53408,10.078,0.053
3876.57725,10.04,0.061
3876.63282,10.066,0.052
3877.52714,10.093,0.051
3877.55876,9.991,0.054
3877.58892,10.025,0.054
3877.66961,10.104,0.049
3880.7082,10.095,0.049
3882.75464,10.097,0.048
3886.80544,10.104,0.049
3891.61401,10.094,0.044
3893.66143,10.146,0.05
3898.66828,10.041,0.054
3900.6823,10.052,0.056
3904.73209,10.087,0.049
3906.73426,10.036,0.051
3908.81018,10.132,0.05
3912.72944,10.008,0.05
4128.86152,10.124,0.049
4132.85368,10.098,0.048
4136.85049,10.017,0.043
4136.86642,9.963,0.05
4139.86752,9.964,0.037
4151.83703,9.999,0.04
4151.86011,10.046,0.041
4154.8539,9.969,0.043
4157.8537,10.026,0.054
4160.88957,10.04,0.044
4164.82157,10.12,0.048
4167.85619,10.132,0.041
4172.86287,10.035,0.04
4178.84311,10.025,0.07
4181.82513,10.179,0.051
4184.81521,10.088,0.045
4188.82854,10.072,0.041
4191.75811,10.077,0.037
4193.82726,10.031,0.039
4200.76952,10.131,0.034
4203.82589,10.159,0.034
4205.81272,10.064,0.039
4213.79543,10.011,0.041
4216.78961,10.132,0.032
4227.75582,10.024,0.032
4229.75761,10.074,0.033
4231.76091,10.098,0.042
4233.76044,10.159,0.034
4235.76426,10.175,0.032
4238.66914,10.115,0.04
4245.65726,10.18,0.061
4247.61824,10.025,0.038
4253.70721,10.072,0.039
4255.73071,10.067,0.033
4258.61819,10.162,0.032
4269.75345,10.146,0.037
4276.59654,10.185,0.034
4283.73372,10.044,0.052
4285.71052,10.067,0.04
4289.705,10.141,0.035
4291.70856,10.114,0.033
4293.69297,10.044,0.032
4295.70689,10.056,0.035
4297.69725,10.106,0.051
4299.6732,10.011,0.034
4301.61897,10.163,0.04
4303.62285,10.124,0.032
4308.55111,10.078,0.046
4310.64675,9.953,0.033
4312.64609,9.98,0.038
4315.64975,10.058,0.031
4330.52908,10.122,0.032
4336.53137,10.026,0.036
4339.63198,10.181,0.038
4341.63103,10.144,0.038
4343.6317,10.075,0.038
4345.63318,10.053,0.037
4347.63776,10.082,0.051
4349.63583,9.964,0.041
4352.51929,10.104,0.03
4355.52648,10.067,0.038
4357.52529,9.979,0.031
4363.49446,10.116,0.032
4365.54862,10.124,0.047
4369.52523,10.121,0.038
4371.53715,10.108,0.039
4373.55166,10.088,0.042
4376.55456,10.055,0.034
4379.5003,9.995,0.032
4382.50122,10.116,0.031
4385.50043,10.178,0.032
4492.87051,10.015,0.035
4500.87354,10.105,0.057
4504.85057,9.993,0.033
4508.84795,10.004,0.038
4516.86025,10.251,0.068
4519.8748,10.146,0.043
4523.83292,9.998,0.034
4527.833,10.077,0.036
4530.85538,10.021,0.035
4535.87658,10.029,0.034
4538.85736,10.135,0.032
4541.84105,10.048,0.032
4547.82447,10.029,0.04
4550.82138,10.094,0.043
4554.86906,10.081,0.046
4557.79612,10.077,0.034
4560.7856,9.955,0.033
4563.78343,10.028,0.034
4566.77827,10.145,0.038
4569.77937,10.132,0.037
4571.78406,10.094,0.037
4573.77889,10.043,0.039
4575.77564,10.008,0.038
4582.73775,10.097,0.037
4585.78425,10.161,0.058
4588.7246,10.067,0.037
4590.78368,10.126,0.039
4592.85993,10.067,0.037
4595.70343,10.027,0.034
4597.74046,9.99,0.031
4600.66273,10.119,0.035
4602.69602,10.145,0.043
4609.62163,10.175,0.037
4611.70322,10.134,0.034
4616.82504,10.288,0.034
4620.64737,10.021,0.038
4622.82652,10.024,0.037
4627.63231,10.017,0.037
4629.61714,10.122,0.033
4631.63426,10.138,0.036
4638.83417,10.059,0.044
4640.82144,10.005,0.035
4642.81692,9.97,0.039
4645.56917,10.156,0.035
4647.60771,10.106,0.038
4649.63988,10.106,0.045
4653.66703,10.115,0.033
4655.60233,10.058,0.033
4657.64353,10.088,0.046
4663.58274,10.076,0.043
4664.74857,10.089,0.045
4666.74882,10.076,0.04
4670.6848,10.041,0.074
4672.70823,9.977,0.036
4681.65539,10.032,0.038
4683.6518,9.995,0.045
4685.63258,10.022,0.043
4690.49691,10.013,0.045
4697.6164,10.018,0.035
4701.61322,10.017,0.034
4703.61943,10.072,0.041
4705.65133,10.009,0.041
4708.60802,10.117,0.042
4724.52878,10.119,0.045
4726.58609,10.159,0.051
4729.57598,10.066,0.042
4733.52631,10.037,0.039
4740.52796,10.141,0.038
4745.50575,10.007,0.044
4747.54025,10.034,0.052
4754.5163,10.052,0.05
4757.51515,10.108,0.047
4761.50139,10.094,0.045
4766.49431,9.981,0.045
4850.86895,10.126,0.047
4865.86803,10.146,0.052
4869.86095,10.142,0.039
4877.83469,10.067,0.039
4882.84688,10.022,0.038
4883.852,10.003,0.041
4886.83286,10.147,0.049
4890.83436,10.122,0.054
4902.89549,9.998,0.055
4908.90297,10.031,0.057
4916.779,10.101,0.053
4918.86999,10.019,0.056
4921.80594,10.116,0.053
4926.84659,10.144,0.053
4929.84563,10.136,0.056
4932.79372,9.991,0.067
4936.83642,9.987,0.06
4939.7502,10.138,0.064
4947.72721,10.096,0.051
4949.81319,10.05,0.05
4952.71937,10.151,0.051
4954.76798,10.099,0.053
4966.70172,10.004,0.058
4968.75271,9.954,0.055
4985.67386,10.096,0.051
4987.68272,10.136,0.064
4992.85461,10.042,0.065
5006.8002,10.013,0.056
5009.60307,9.976,0.061
5012.6357,10.015,0.056
5022.61025,10.108,0.057
5024.61431,10.073,0.057
5032.59199,10.013,0.05
5037.5766,10.126,0.045
5039.56317,10.093,0.055
5041.56153,10.072,0.047
5047.70161,10.119,0.06
5057.5924,10.156,0.058
5063.60455,10.143,0.051
5072.52467,10.186,0.06
5075.63149,10.031,0.059
5084.5754,10.008,0.053
5089.53059,10.134,0.06
5093.58581,10.093,0.058
5110.51452,10.185,0.056
