1932.87622,12.536,0.045
1935.87131,12.615,0.041
1938.85618,12.439,0.043
1946.88504,12.674,0.052
1949.84577,12.604,0.047
1953.84587,12.876,0.045
1954.83736,12.845,0.046
1955.8426,12.861,0.043
1958.89902,12.777,0.056
1962.80019,12.932,0.053
1964.81406,12.727,0.046
1966.81386,12.694,0.048
1976.90821,12.623,0.053
1979.75269,12.523,0.059
1981.79755,12.542,0.05
1982.77244,12.601,0.05
1983.90797,12.494,0.053
1984.81977,12.718,0.056
1985.82777,12.748,0.052
1995.81073,12.949,0.062
1996.80725,13.212,0.057
2000.80844,13.164,0.06
2008.71654,13.128,0.064
2016.76988,12.676,0.059
2025.70936,12.493,0.056
2026.73974,12.523,0.053
2027.73701,12.46,0.06
2030.7248,12.538,0.05
2031.7373,12.693,0.056
2031.74347,12.528,0.046
2032.7199,12.567,0.05
2033.70958,12.541,0.057
2037.68182,12.588,0.083
2040.69911,12.556,0.08
2052.67943,12.523,0.066
2052.68334,12.434,0.064
2053.69748,12.527,0.067
2053.71054,12.387,0.055
2054.68888,12.465,0.078
2054.69501,12.482,0.066
2055.67329,12.494,0.07
2056.67452,12.55,0.075
2057.67033,12.434,0.077
2057.672,12.487,0.074
2058.66945,12.578,0.05
2061.67447,12.421,0.056
2068.63725,12.518,0.071
2069.64661,12.471,0.073
2070.63919,12.46,0.071
2080.53436,12.297,0.08
2081.61864,12.412,0.055
2082.63432,12.352,0.067
2085.60718,12.255,0.046
2086.61082,12.312,0.067
2087.60617,12.296,0.07
2087.61244,12.205,0.066
2088.60494,12.123,0.069
2093.53579,12.093,0.066
2093.54061,12.212,0.059
2094.57285,12.184,0.077
2096.58212,12.221,0.075
2102.55983,12.395,0.057
2102.56172,12.283,0.056
2103.57949,12.325,0.061
2104.58164,12.35,0.051
2104.59037,12.283,0.049
2105.57181,12.336,0.065
2106.57824,12.385,0.059
2106.5892,12.416,0.048
2109.57103,12.373,0.055
2109.582,12.507,0.047
2115.53352,12.605,0.053
2115.54452,12.591,0.046
2116.54374,12.474,0.055
2116.55253,12.621,0.047
2117.5514,12.648,0.042
2124.51783,12.546,0.06
2125.54772,12.508,0.057
2128.52004,12.489,0.06
2128.52898,12.574,0.048
2129.53915,12.442,0.052
2129.55291,12.48,0.06
2131.49057,12.383,0.07
2131.4998,12.413,0.049
2132.55137,12.412,0.064
2133.54065,12.236,0.049
2135.5163,12.348,0.049
2140.50585,12.212,0.057
2142.50436,12.222,0.062
2144.49581,12.301,0.058
2151.47929,12.292,0.069
2156.50951,12.355,0.054
2164.50247,12.399,0.043
2172.49532,12.145,0.057
2178.53753,12.054,0.055
2180.53535,11.987,0.059
2184.54717,12.181,0.07
2189.48317,12.167,0.057
2203.50261,12.426,0.081
2440.6317,12.259,0.035
2442.62814,12.204,0.041
2445.60795,12.329,0.036
2452.59288,12.482,0.05
2454.60542,12.534,0.044
2459.55176,12.596,0.051
2460.61013,12.619,0.036
2463.58473,12.598,0.044
2464.58373,12.709,0.042
2465.58512,12.66,0.045
2466.57675,12.609,0.044
2468.57632,12.489,0.036
2469.57283,12.684,0.046
2473.52436,12.624,0.046
2481.53009,12.499,0.054
2482.55155,12.511,0.056
2489.53176,12.385,0.048
2490.53571,12.465,0.047
2491.53566,12.588,0.059
2493.52947,12.604,0.046
2495.51682,12.668,0.052
2499.52015,12.76,0.04
2501.51843,12.79,0.061
2503.56669,12.973,0.048
2508.66771,12.805,0.038
2510.63977,12.832,0.045
2511.68857,12.711,0.056
2519.56102,12.788,0.065
2520.56468,12.479,0.037
2524.56703,12.52,0.053
2524.59063,12.484,0.057
2526.6024,12.288,0.049
2529.53892,12.684,0.07
2535.56097,12.412,0.055
2540.61907,12.58,0.042
2545.48271,12.636,0.046
2547.49062,12.779,0.05
2552.48933,13.017,0.056
2558.53071,12.631,0.043
2559.54394,12.631,0.045
2560.55841,12.62,0.051
2561.55782,12.646,0.041
2563.5373,12.624,0.042
2565.51977,12.96,0.048
2566.53854,12.555,0.055
2578.5097,12.577,0.045
2660.85936,12.137,0.045
2666.86668,12.495,0.047
2671.85196,12.661,0.04
2678.84857,12.65,0.037
2681.84857,12.618,0.038
2684.84048,12.66,0.042
2693.83668,12.234,0.042
2696.87984,12.311,0.054
2699.82812,12.25,0.038
2702.85252,12.277,0.036
2705.80932,12.241,0.041
2707.83763,12.418,0.045
2709.83835,12.261,0.041
2711.84822,12.349,0.037
2713.82878,12.484,0.036
2715.83069,12.524,0.037
2719.81477,12.615,0.039
2721.81317,12.737,0.043
2723.8074,12.571,0.04
2725.80248,12.506,0.038
2732.81517,12.636,0.04
2734.7676,12.581,0.038
2736.76141,12.475,0.036
2740.78262,12.373,0.037
2742.7592,12.406,0.039
2744.75471,12.518,0.038
2750.8662,12.411,0.042
2752.75815,12.327,0.038
2755.73853,12.419,0.038
2757.74225,12.493,0.041
2759.79834,12.503,0.036
2761.74702,12.572,0.046
2763.72314,12.616,0.038
2766.81908,12.732,0.039
2775.75705,12.635,0.046
2782.7516,12.12,0.049
2782.75383,12.163,0.04
2782.75548,12.15,0.042
2784.69876,12.106,0.037
2786.63602,12.12,0.037
2787.78997,12.097,0.038
2790.91073,12.205,0.042
2805.83552,12.61,0.047
2809.74006,12.583,0.045
2812.62534,12.696,0.039
2813.79539,12.615,0.049
2821.56845,12.426,0.036
2826.61554,12.241,0.03
2830.72788,12.056,0.036
2832.58317,12.122,0.035
2833.70341,12.15,0.038
2838.5885,12.33,0.031
2842.61977,12.469,0.056
2845.63222,12.431,0.032
2851.73132,12.514,0.033
2854.53122,12.422,0.03
2858.56255,12.423,0.032
2859.63934,12.363,0.035
2860.7201,12.365,0.036
2862.61241,12.341,0.04
2867.69986,12.397,0.042
2874.70947,12.327,0.038
2876.59642,12.249,0.04
2876.62944,12.238,0.039
2878.62194,12.384,0.06
2883.54931,12.278,0.04
2885.53498,12.275,0.04
2885.53712,12.296,0.04
2888.56205,12.388,0.041
2892.6706,12.286,0.046
2893.51807,12.287,0.049
2895.52846,12.436,0.044
2896.60675,12.41,0.041
2898.59445,12.396,0.039
2900.58927,12.569,0.041
2901.53264,12.62,0.056
2906.57701,12.473,0.039
2906.60787,12.428,0.037
2909.57888,12.286,0.046
2910.48635,12.247,0.04
2911.55048,12.265,0.043
2912.51409,12.261,0.041
2915.54041,12.203,0.044
2916.55502,12.197,0.043
2917.56601,12.222,0.041
2921.56528,12.204,0.039
2922.55517,12.282,0.04
2923.56266,12.268,0.04
2924.5606,12.286,0.039
2927.51274,12.415,0.037
2929.52567,12.392,0.04
2931.52988,12.515,0.039
2931.56687,12.398,0.038
2933.53378,12.544,0.043
2935.53508,12.479,0.044
2943.52917,12.646,0.043
3032.87368,12.695,0.045
3036.8631,12.554,0.04
3043.82839,12.532,0.043
3052.87355,12.601,0.037
3056.84637,12.493,0.041
3060.8541,12.525,0.039
3064.84381,12.673,0.039
3071.86576,12.808,0.037
3074.87663,12.61,0.036
3080.86843,12.558,0.038
3085.90642,12.599,0.037
3088.84268,12.687,0.037
3091.82684,12.576,0.038
3096.87982,12.74,0.039
3098.85922,12.925,0.039
3101.80873,12.858,0.038
3104.78734,13.22,0.038
3106.8506,13.005,0.039
3109.77576,12.918,0.036
3112.76404,13.056,0.035
3114.82384,12.907,0.045
3118.77533,12.779,0.049
3122.76093,12.576,0.035
3124.81379,12.602,0.036
3126.79677,12.561,0.041
3128.7798,12.443,0.04
3130.77725,12.438,0.04
3132.8082,12.542,0.039
3134.85868,12.524,0.043
3144.7124,12.789,0.035
3151.847,12.824,0.045
3153.72234,12.732,0.037
3156.67182,12.941,0.04
3158.75502,12.766,0.039
3160.7912,12.49,0.047
3163.774,12.715,0.039
3165.80239,12.807,0.045
3167.76793,12.877,0.036
3168.80794,12.814,0.055
3171.7415,12.747,0.041
3175.74236,12.896,0.038
3178.60734,12.948,0.037
3180.70502,12.946,0.038
3183.69676,12.958,0.037
3185.6636,13.03,0.044
3187.70016,12.947,0.039
3190.70543,12.974,0.068
3219.49885,12.526,0.045
3390.87156,12.506,0.073
3397.87734,12.527,0.061
3402.87124,12.365,0.072
3405.87993,12.416,0.052
3409.84913,12.268,0.051
3417.84365,12.356,0.05
3421.83773,12.383,0.082
3424.86215,12.426,0.051
3427.85987,12.696,0.057
3430.85231,12.487,0.066
3433.85605,12.425,0.064
3438.85978,12.454,0.049
3442.87557,12.412,0.042
3445.85606,12.47,0.053
3452.81464,12.384,0.057
3454.90091,12.212,0.049
3457.78134,12.417,0.054
3459.83629,12.406,0.043
3462.84662,12.396,0.049
3465.8073,12.35,0.045
3468.79388,12.298,0.05
3471.776,12.266,0.042
3477.76714,12.29,0.046
3479.8274,12.408,0.085
3481.79862,12.399,0.044
3483.78368,12.341,0.054
3490.79776,12.464,0.039
3492.79986,12.495,0.054
3496.78458,12.443,0.034
3499.86151,12.446,0.045
3502.70779,12.418,0.062
3508.75808,12.525,0.03
3510.80996,12.505,0.04
3512.68512,12.513,0.051
3516.68933,12.502,0.039
3521.82474,12.742,0.046
3524.64576,12.742,0.051
3526.69675,12.707,0.053
3528.723,12.868,0.084
3530.723,12.68,0.042
3538.67311,12.754,0.048
3540.67015,12.735,0.038
3542.81208,12.91,0.045
3547.84689,12.713,0.05
3551.83646,12.729,0.047
3554.76426,12.672,0.037
3558.60144,12.649,0.066
3560.61131,12.672,0.049
3562.621,12.575,0.058
3564.59827,12.629,0.041
3569.67396,12.658,0.034
3571.70009,12.826,0.038
3574.70668,12.85,0.034
3576.72113,12.906,0.037
3578.69851,12.849,0.041
3583.67667,12.689,0.045
3585.73072,12.645,0.041
3587.74135,12.577,0.039
3590.55915,12.521,0.062
3592.56651,12.469,0.063
3597.67677,13.306,0.048
3602.71073,12.533,0.041
3606.51624,12.495,0.042
3617.55271,12.482,0.043
3619.60653,12.574,0.071
3621.65105,12.508,0.054
3625.62792,12.532,0.037
3628.60788,12.536,0.035
3633.55648,12.568,0.042
3639.57611,12.663,0.036
3642.58116,12.863,0.037
3646.5592,12.798,0.033
3651.54376,12.817,0.048
3653.54633,12.844,0.041
3655.5589,12.795,0.042
3658.53717,12.614,0.044
3661.51676,12.739,0.042
3663.52624,12.798,0.044
3666.53845,12.789,0.041
3670.50051,12.789,0.036
3673.50781,12.765,0.04
3676.50495,12.68,0.042
3755.87087,12.697,0.041
3759.86314,12.657,0.074
3763.87313,12.489,0.065
3767.87017,12.469,0.085
3772.87326,12.538,0.06
3789.84551,12.666,0.082
3792.87005,12.692,0.053
3796.83116,12.742,0.042
3800.87053,12.796,0.048
3804.8155,12.779,0.053
3808.81661,12.557,0.062
3811.89895,12.519,0.063
3814.87002,12.44,0.052
3817.8564,12.409,0.056
3820.83603,12.319,0.047
3823.83033,12.291,0.045
3826.82384,12.298,0.043
3829.81674,12.287,0.051
3832.79106,12.385,0.046
3834.84068,12.37,0.045
3837.76883,12.611,0.047
3848.81817,12.562,0.055
3850.87106,12.394,0.049
3853.75062,12.518,0.043
3855.84253,12.469,0.044
3862.71235,12.46,0.047
3864.71044,12.376,0.047
3866.69437,12.35,0.048
3868.75097,12.4,0.048
3870.76106,12.413,0.058
3872.75549,12.276,0.048
3875.86224,12.371,0.046
3881.72908,12.22,0.042
3886.73041,12.199,0.042
3890.71239,12.287,0.043
3892.70314,12.279,0.06
3894.69184,12.343,0.041
3899.79939,12.405,0.05
3901.85764,12.475,0.039
3903.89389,12.31,0.055
3906.60605,12.347,0.049
3908.66161,12.288,0.061
4129.86694,12.874,0.058
4133.85313,12.715,0.064
4137.86074,12.841,0.056
4141.8499,12.792,0.071
4144.88589,12.866,0.061
4151.84878,12.86,0.046
4154.86705,12.894,0.056
4157.87844,13.029,0.068
4161.83474,12.874,0.053
4164.8848,12.739,0.058
4167.86769,12.717,0.049
4174.81635,12.603,0.036
4177.85514,12.778,0.069
4180.84667,12.578,0.057
4183.83431,12.51,0.051
4187.84337,12.533,0.035
4190.80846,12.518,0.04
4192.80735,12.594,0.036
4194.82704,12.791,0.036
4198.75637,12.758,0.071
4202.79481,13.01,0.043
4204.84391,13.025,0.036
4208.78585,12.995,0.043
4213.82254,13.035,0.044
4216.81186,12.989,0.034
4227.77564,12.6,0.033
4229.77669,12.425,0.033
4231.78086,12.308,0.037
4233.77953,12.275,0.034
4235.80853,12.162,0.034
4238.68891,12.198,0.04
4245.67096,12.445,0.046
4247.63904,12.61,0.042
4250.74137,12.685,0.033
4253.87691,12.986,0.039
4256.64728,12.84,0.031
4258.70296,13.011,0.035
4269.72199,13.123,0.033
4272.66548,12.863,0.034
4274.66979,12.879,0.034
4277.63122,12.693,0.032
4281.70098,12.707,0.078
4283.71478,12.695,0.037
4285.67326,12.665,0.039
4289.67009,12.765,0.034
4291.67128,12.937,0.034
4293.65944,12.863,0.033
4295.67614,12.866,0.032
4297.66656,13.06,0.04
4299.64101,13.129,0.038
4301.59794,12.979,0.043
4303.60702,12.959,0.031
4305.58358,13,0.031
4307.60392,12.893,0.044
4309.65029,12.989,0.047
4311.69702,12.73,0.039
4314.73317,12.769,0.034
4317.55425,12.659,0.033
4330.50683,12.272,0.036
4332.53056,12.252,0.037
4338.56665,12.53,0.041
4340.62127,12.527,0.034
4342.61647,12.782,0.045
4344.61286,12.71,0.04
4346.61249,12.765,0.039
4348.61568,12.829,0.043
4350.61955,12.853,0.042
4353.51249,12.907,0.036
4355.60374,12.849,0.039
4357.60772,12.756,0.036
4359.57621,12.759,0.033
4361.54663,12.771,0.032
4363.5506,12.682,0.033
4365.57399,12.41,0.035
4368.61747,12.321,0.036
4371.51541,12.213,0.042
4373.5467,12.3,0.045
4378.57375,12.38,0.042
4381.52999,12.356,0.049
4384.5202,12.442,0.035
4386.55486,12.458,0.032
4388.53872,12.466,0.036
4392.54259,12.519,0.043
4493.87086,11.896,0.054
4504.85866,12.279,0.039
4508.85101,12.559,0.052
4517.86517,12.696,0.043
4520.86532,12.691,0.053
4523.86106,12.607,0.035
4526.85569,12.416,0.042
4529.88546,12.416,0.038
4533.86707,12.294,0.036
4537.81239,12.135,0.035
4540.85185,12.231,0.043
4543.85228,12.237,0.042
4546.81631,12.364,0.04
4552.82338,12.353,0.043
4555.81532,12.554,0.037
4558.81814,12.598,0.033
4561.8069,12.679,0.037
4564.79706,12.823,0.035
4567.79104,12.648,0.037
4570.77916,12.603,0.033
4572.79844,12.617,0.034
4574.7857,12.36,0.044
4576.79256,12.347,0.042
4579.85342,12.345,0.037
4583.76789,12.221,0.034
4586.79671,12.397,0.034
4589.7282,12.297,0.038
4591.78664,12.403,0.037
4593.80203,12.435,0.036
4595.89016,12.464,0.034
4600.76819,13.232,0.04
4602.72064,12.652,0.039
4606.7369,12.702,0.041
4609.68281,12.591,0.035
4611.72437,12.614,0.038
4616.72845,12.482,0.034
4618.73355,12.389,0.04
4622.6961,12.244,0.039
4624.82879,12.218,0.049
4626.61312,12.181,0.036
4630.67613,12.087,0.035
4632.67749,12.069,0.037
4638.82451,12.189,0.047
4640.80884,12.113,0.04
4642.80429,12.226,0.052
4644.85073,12.427,0.044
4647.57825,12.427,0.045
4649.63226,13.041,0.053
4651.65572,12.468,0.044
4653.66407,12.461,0.034
4655.61192,12.418,0.037
4657.65156,12.419,0.038
4660.60509,12.5,0.042
4662.66378,12.308,0.042
4664.66153,12.323,0.038
4666.66564,12.326,0.037
4670.62784,12.179,0.036
4672.65038,12.18,0.04
4675.68542,12.024,0.05
4678.68331,12.139,0.049
4681.60133,12.164,0.044
4683.60162,12.134,0.038
4685.58218,12.258,0.04
4687.57313,12.268,0.035
4691.59769,12.444,0.036
4694.65169,12.489,0.039
4698.61946,12.379,0.042
4700.61768,12.303,0.06
4704.6145,12.18,0.056
4706.65903,12.221,0.035
4709.61524,12.23,0.058
4716.55141,12.345,0.039
4720.60606,12.429,0.053
4722.64166,12.388,0.053
4726.5427,12.551,0.067
4729.53523,12.572,0.036
4734.60372,12.657,0.065
4739.51019,12.65,0.044
4744.52774,12.812,0.053
4746.54082,12.803,0.066
4753.51042,12.619,0.057
4755.55777,12.619,0.05
4758.53045,12.564,0.061
4761.51919,12.472,0.071
4764.51757,12.369,0.06
4767.51235,12.507,0.052
4852.87687,12.547,0.045
4867.88523,12.339,0.049
4871.86761,12.341,0.046
4876.87357,12.392,0.042
4884.83294,12.581,0.047
4892.83387,12.646,0.056
4902.90195,12.441,0.049
4906.81373,12.287,0.072
4916.79999,12.219,0.048
4919.81913,12.248,0.046
4926.86751,12.147,0.045
4935.80211,12.221,0.05
4938.77799,12.228,0.05
4947.75274,12.458,0.047
4950.76077,12.292,0.05
4952.79982,12.475,0.046
4954.79096,12.373,0.045
4959.78384,12.36,0.049
4962.70908,12.348,0.048
4967.785,12.451,0.047
4969.82286,12.439,0.047
4975.72975,12.614,0.045
4985.6831,12.578,0.045
4987.69188,12.512,0.05
4989.7204,12.488,0.049
4991.74372,12.4,0.047
4994.76419,12.288,0.05
5006.78794,12.303,0.052
5012.65694,12.391,0.048
5014.61819,12.37,0.045
5021.72868,12.518,0.045
5023.73305,12.561,0.043
5031.61549,12.691,0.04
5040.71095,12.915,0.047
5042.60325,12.58,0.05
5047.68749,12.411,0.057
5049.7176,12.392,0.052
5057.56795,12.261,0.044
5063.57719,12.336,0.048
5075.65137,12.392,0.048
5083.65391,12.274,0.052
5086.51463,12.118,0.047
5088.5712,12.01,0.055
5098.50915,12.196,0.047
5104.59578,12.259,0.045
