2686.89399,8.459,0.034
2690.89474,8.365,0.047
2694.88671,8.266,0.038
2703.87598,7.954,0.028
2706.8727,7.831,0.03
2709.86733,7.709,0.029
2712.86173,7.578,0.03
2717.88368,7.394,0.037
2720.85474,7.283,0.034
2722.85485,7.215,0.032
2724.85363,7.173,0.029
2726.85019,7.124,0.027
2728.84559,7.085,0.029
2733.83837,7.037,0.029
2737.81653,7.018,0.032
2739.81561,7.042,0.03
2741.80623,7.057,0.032
2747.81522,7.208,0.048
2750.85265,7.299,0.032
2752.7838,7.365,0.031
2755.76877,7.484,0.027
2757.78164,7.805,0.03
2759.82398,7.667,0.033
2761.77726,7.773,0.029
2763.76472,7.874,0.027
2768.83661,8.164,0.031
2770.7673,8.276,0.029
2775.76434,8.571,0.035
2783.67051,9.039,0.041
2785.72612,9.151,0.032
2787.72738,9.283,0.03
2791.66897,9.497,0.036
2794.71185,9.684,0.032
2809.6742,10.453,0.03
2811.65688,10.536,0.028
2812.7546,10.607,0.029
2819.66805,10.937,0.028
2830.63208,11.379,0.032
2832.5966,11.498,0.031
2834.5961,11.615,0.036
2835.70294,11.675,0.033
2838.69379,11.689,0.031
2853.5457,12.264,0.027
2855.54868,12.417,0.027
2858.6221,12.371,0.03
2860.58373,12.519,0.029
2860.58671,12.43,0.032
2862.56369,12.632,0.033
2867.50364,12.559,0.03
2876.55817,12.769,0.031
2878.55476,12.669,0.03
2882.52924,12.672,0.053
2884.53619,12.523,0.028
2884.53924,12.495,0.029
2886.51784,12.47,0.028
2893.5363,12.44,0.035
2894.49208,12.403,0.028
2896.52069,12.528,0.03
2898.52028,12.304,0.03
2899.49325,11.871,0.057
2900.51525,12.229,0.029
2901.49158,12.149,0.057
2904.50716,12.225,0.034
2906.48292,12.056,0.035
2906.50291,12.09,0.03
2910.48334,12.017,0.037
3062.89918,8.114,0.052
3073.90045,8.59,0.043
3080.90286,8.895,0.05
3085.90973,9.13,0.038
3091.88245,9.443,0.052
3097.81773,9.735,0.048
3099.85513,9.81,0.041
3102.83306,9.971,0.042
3113.806,10.559,0.051
3116.79407,10.742,0.041
3122.79175,11.055,0.033
3124.8428,11.193,0.029
3126.79018,11.193,0.039
3128.78533,11.336,0.052
3130.78284,11.471,0.049
3132.81381,11.73,0.037
3134.86429,11.647,0.033
3144.78061,12.128,0.028
3158.77185,12.817,0.039
3162.67707,12.925,0.041
3164.69918,12.661,0.032
3166.73976,12.972,0.029
3167.72352,12.974,0.032
3169.69857,12.701,0.04
3176.63746,13.318,0.033
3179.61558,13.448,0.043
3182.64904,13.372,0.032
3184.63319,13.205,0.034
3186.6615,12.978,0.038
3189.68905,12.998,0.035
3268.5194,10.037,0.043
3279.48635,9.851,0.045
3424.89417,10.614,0.044
3438.89316,11.322,0.033
3442.89403,11.552,0.032
3448.87104,11.791,0.04
3452.84512,11.856,0.051
3454.86298,12.073,0.042
3457.82467,12.09,0.039
3459.84811,12.145,0.035
3462.83872,12.409,0.039
3465.81649,12.521,0.038
3468.81126,12.407,0.033
3471.7967,12.727,0.036
3474.79638,12.83,0.042
3477.78511,12.809,0.039
3479.7972,13.051,0.048
3483.77778,12.729,0.042
3487.76448,13.085,0.044
3490.7671,12.814,0.039
3492.76751,13.083,0.045
3504.80559,13.013,0.046
3509.6983,12.405,0.034
3511.78799,12.423,0.036
3515.77612,12.732,0.042
3517.78543,12.307,0.038
3521.75584,12.295,0.044
3523.79452,12.313,0.04
3528.66702,11.948,0.034
3530.73671,11.869,0.041
3538.71909,11.432,0.036
3543.69517,11.127,0.049
3547.60935,10.922,0.036
3554.66588,10.52,0.035
3558.5853,10.344,0.036
3560.66065,10.231,0.047
3564.65532,10.085,0.034
3570.64146,9.854,0.037
3574.61604,9.664,0.036
3576.63118,9.57,0.036
3578.6317,9.503,0.04
3584.59854,9.232,0.041
3588.62613,9.107,0.045
3593.56426,8.946,0.037
3601.57659,8.697,0.042
3603.58252,8.638,0.04
3606.58411,8.519,0.037
3618.51614,8.087,0.043
3630.50964,7.706,0.048
3632.51541,7.717,0.047
3790.88938,12.699,0.041
3795.89511,12.739,0.036
3799.89533,12.742,0.042
3803.88477,12.74,0.052
3807.88375,12.568,0.041
3810.88701,12.497,0.041
3813.86317,12.338,0.043
3816.85696,12.258,0.046
3819.8546,12.411,0.042
3822.83563,12.126,0.045
3825.83037,12.047,0.05
3828.82545,11.8,0.044
3831.8158,11.645,0.042
3833.83268,11.55,0.045
3836.79828,11.293,0.048
3848.7871,10.703,0.057
3850.86183,10.574,0.044
3853.75738,10.377,0.036
3858.74042,10.251,0.046
3862.72851,10.111,0.038
3864.72763,10.091,0.038
3866.71946,10.068,0.044
3868.73605,9.947,0.044
3870.80666,9.961,0.044
3872.79705,9.866,0.043
3882.67749,9.619,0.039
3886.81686,9.515,0.038
3889.65673,9.456,0.034
3891.66608,9.424,0.034
3893.66655,9.383,0.04
3896.73781,9.327,0.042
3898.75718,9.282,0.044
3901.62908,9.221,0.039
3903.63727,9.16,0.039
3907.70972,8.995,0.041
3981.56168,7.718,0.052
4158.89839,10.601,0.041
4166.88112,10.183,0.051
4176.86417,9.74,0.039
4179.87372,9.65,0.04
4182.85822,9.582,0.039
4185.84792,9.513,0.043
4191.8467,9.409,0.037
4193.8436,9.381,0.036
4196.83776,9.351,0.055
4199.80805,9.334,0.042
4203.80296,9.286,0.032
4205.8064,9.229,0.036
4213.87399,9.037,0.042
4216.88187,8.946,0.041
4227.74953,8.418,0.031
4229.75055,8.329,0.032
4231.81688,8.35,0.037
4238.8036,8.125,0.05
4246.69823,7.927,0.035
4250.76741,7.82,0.034
4254.65524,7.758,0.034
4256.74852,7.703,0.033
4258.81041,7.706,0.037
4273.61643,7.895,0.032
4276.60646,8.23,0.035
4278.6215,8.026,0.032
4282.6763,8.145,0.048
4284.67982,8.178,0.038
4290.67149,8.435,0.031
4292.64576,8.495,0.03
4296.64416,8.656,0.04
4298.64951,8.757,0.042
4300.62662,8.815,0.049
4302.67641,8.902,0.035
4304.61428,9.382,0.032
4306.61748,9.044,0.032
4308.64251,9.145,0.053
4311.59501,9.25,0.037
4316.62747,9.462,0.038
4319.63819,9.594,0.043
4330.54737,10.079,0.032
4334.56629,10.268,0.038
4338.58443,10.399,0.037
4341.52889,10.585,0.037
4345.55897,10.786,0.049
4349.5508,10.849,0.046
4352.51422,11.008,0.03
4355.52145,11.127,0.045
4357.51951,11.229,0.034
4359.51937,11.36,0.035
4361.52364,11.419,0.034
4364.51635,11.51,0.033
4369.4971,11.825,0.047
4372.49175,11.709,0.047
4523.89644,7.922,0.033
4527.88259,7.7,0.038
4537.89198,7.331,0.031
4541.88344,7.274,0.032
4545.86288,7.316,0.048
4554.85313,7.219,0.048
4557.85518,7.256,0.034
4560.83494,7.263,0.035
4563.83562,7.327,0.031
4566.82658,7.411,0.036
4569.81612,7.512,0.035
4571.86105,7.565,0.035
4573.82367,7.609,0.039
4575.81652,7.68,0.048
4578.83803,7.817,0.045
4583.79606,8.027,0.036
4586.80085,8.086,0.04
4589.7686,8.201,0.034
4592.75954,8.464,0.033
4594.77904,8.409,0.031
4596.80888,8.458,0.03
4599.73539,8.55,0.041
4601.75764,8.61,0.033
4607.76124,8.843,0.038
4610.7104,8.91,0.033
4616.83503,9.113,0.036
4623.66754,9.401,0.038
4627.67595,9.582,0.037
4629.66622,9.688,0.035
4631.67104,9.758,0.034
4633.65637,9.85,0.042
4639.69666,10.134,0.033
4641.7072,10.225,0.033
4643.7082,10.293,0.04
4648.59524,10.552,0.039
4650.68325,10.638,0.035
4652.68935,10.721,0.034
4656.64329,10.871,0.041
4658.69354,11.124,0.052
4661.58497,11.087,0.038
4663.66595,11.165,0.043
4666.5698,11.434,0.037
4670.56374,11.611,0.046
4672.59041,11.598,0.036
4681.54647,11.916,0.04
4683.54688,12.213,0.042
4685.53956,11.996,0.046
4687.5514,12.103,0.04
4691.58912,12.212,0.038
4697.59114,12.479,0.035
4702.49113,12.534,0.037
4704.51392,12.442,0.043
4722.50989,12.568,0.042
4726.50578,12.414,0.043
4729.49871,12.172,0.038
4733.49187,12.077,0.036
4892.89799,7.837,0.048
4905.90851,8.325,0.056
4916.86611,8.874,0.049
4919.8575,8.974,0.055
4926.8809,9.373,0.054
4947.77998,10.361,0.051
4954.79489,10.685,0.055
4974.82492,11.493,0.057
4985.69351,11.865,0.049
4991.74739,11.913,0.056
4994.76774,11.911,0.054
5022.69306,12.222,0.057
5024.69543,12.18,0.058
5039.58794,11.939,0.049
5041.58,11.8,0.051
5048.58672,11.61,0.05
5071.56435,10.558,0.055
5075.56782,10.219,0.055
