1932.87622,11.143,0.035
1935.87131,11.126,0.031
1938.85618,11.108,0.031
1946.88504,11.556,0.034
1949.84577,11.469,0.033
1953.84587,11.231,0.033
1954.83736,11.538,0.036
1955.8426,11.483,0.032
1958.89902,11.638,0.04
1962.80019,11.11,0.044
1964.81406,11.487,0.036
1966.81386,11.57,0.037
1976.90821,11.562,0.04
1979.75269,11.492,0.045
1980.77369,11.121,0.052
1981.79755,11.164,0.039
1982.77244,11.484,0.04
1983.90797,11.526,0.043
1984.81977,10.968,0.043
1985.82777,11.597,0.043
1995.81073,11.363,0.047
1996.80725,10.985,0.043
1998.81112,11.42,0.046
2000.80844,11.664,0.043
2008.71654,11.358,0.047
2016.76988,11.525,0.045
2025.70936,11.344,0.035
2026.73974,11.002,0.035
2027.73701,11.656,0.039
2030.7248,11.65,0.034
2031.7373,11.443,0.036
2032.7199,10.992,0.032
2033.70958,11.584,0.036
2037.68182,11.407,0.046
2040.69911,11.457,0.044
2052.67943,11.405,0.039
2053.69748,11.107,0.039
2054.68888,11.667,0.046
2055.67329,11.446,0.039
2056.67452,11.088,0.043
2057.67033,11.665,0.041
2058.66945,11.44,0.034
2068.63725,11.022,0.04
2069.64661,11.677,0.04
2070.63919,11.463,0.038
2080.53436,11.454,0.044
2081.61864,11.686,0.035
2082.63432,11.546,0.041
2085.60718,11.433,0.033
2086.61082,11.114,0.039
2087.60617,11.661,0.041
2088.60494,11.419,0.039
2093.53579,11.553,0.038
2094.57285,11.444,0.042
2096.58212,11.62,0.051
2102.55983,11.675,0.037
2103.57949,11.49,0.039
2104.58164,11.21,0.035
2105.57181,11.638,0.038
2106.57824,11.475,0.037
2109.57103,11.536,0.036
2109.582,11.522,0.029
2115.53352,11.492,0.037
2115.54452,11.506,0.029
2116.54374,11.143,0.035
2116.55253,11.185,0.029
2117.54035,11.634,0.038
2117.5514,11.599,0.028
2124.51783,11.467,0.039
2125.53431,11.183,0.038
2125.54772,11.263,0.032
2128.52004,11.178,0.038
2129.55291,11.098,0.038
2131.49057,11.103,0.041
2135.5163,11.432,0.031
2140.50585,11.3,0.032
2142.50436,11.536,0.032
2142.52058,11.573,0.037
2144.49581,11.336,0.032
2151.47929,11.503,0.049
2156.50951,10.94,0.032
2164.50247,11.381,0.038
2172.49532,11.662,0.034
2178.53753,11.26,0.033
2180.53535,11.294,0.034
2184.54717,10.882,0.048
2189.48317,11.143,0.041
2203.50261,11.583,0.041
2440.6317,11.522,0.027
2442.62814,11.084,0.03
2445.60795,11.24,0.026
2452.59288,11.524,0.037
2454.60542,10.938,0.034
2454.63269,10.936,0.043
2459.55176,11.17,0.041
2460.61013,10.953,0.029
2463.58473,10.943,0.036
2463.61452,11.015,0.033
2464.58373,11.595,0.032
2465.58512,11.332,0.033
2466.57675,10.947,0.031
2468.57632,11.342,0.027
2469.57283,10.922,0.033
2473.52436,11.478,0.036
2481.53009,11.005,0.043
2482.55155,11.583,0.044
2489.53176,11.405,0.041
2490.53571,10.949,0.036
2490.57097,11.121,0.036
2491.53566,11.59,0.048
2493.52947,10.989,0.035
2495.51682,11.346,0.04
2499.52015,10.99,0.029
2500.50783,11.626,0.038
2501.51843,11.382,0.046
2502.562,11.186,0.033
2503.56669,11.448,0.035
2508.66771,11.474,0.03
2510.63977,11.631,0.033
2511.68857,11.478,0.048
2519.56102,11.48,0.045
2520.56468,11.382,0.025
2524.56703,10.912,0.036
2526.6024,11.414,0.034
2529.53892,11.273,0.042
2535.56097,11.446,0.033
2540.61907,11.115,0.031
2545.48271,11.141,0.031
2547.49062,11.344,0.033
2552.48933,11.542,0.037
2558.53071,11.704,0.031
2559.54394,11.538,0.034
2560.55841,11.283,0.034
2561.55782,11.197,0.033
2563.5373,11.229,0.03
2565.51977,11.5,0.031
2566.53854,11.248,0.035
2578.5097,11.222,0.031
2660.85936,11.396,0.036
2666.86668,11.456,0.033
2671.85196,11.675,0.031
2678.84857,11.495,0.028
2681.84857,11.559,0.032
2684.84048,11.542,0.03
2693.83668,11.524,0.03
2696.87984,11.592,0.047
2699.82812,11.605,0.031
2702.85252,11.614,0.029
2705.80932,11.536,0.038
2707.83763,10.924,0.04
2709.83835,11.4,0.027
2711.84822,11.612,0.027
2713.82878,10.954,0.033
2715.83069,11.425,0.03
2719.81477,10.936,0.04
2719.83741,11.01,0.03
2721.81317,11.466,0.044
2723.8074,11.602,0.035
2725.80248,10.97,0.029
2732.81517,11.796,0.044
2734.7676,10.923,0.033
2736.76141,11.356,0.03
2740.78262,11.054,0.029
2742.7592,11.384,0.031
2744.75471,11.617,0.034
2750.8662,10.938,0.033
2752.75815,11.058,0.036
2755.73853,11.041,0.034
2757.74225,11.479,0.038
2759.79834,11.239,0.03
2761.74702,11.077,0.041
2763.72314,11.453,0.036
2766.81908,11.606,0.04
2775.75705,11.55,0.048
2782.75383,11.32,0.029
2784.69876,11.499,0.029
2786.63602,11.649,0.037
2787.78997,11.687,0.032
2790.91073,11.091,0.031
2805.83552,10.921,0.034
2809.74006,11.525,0.041
2812.62534,11.157,0.037
2813.79539,11.328,0.037
2821.56845,11.003,0.036
2826.61554,11.513,0.025
2830.72788,11.554,0.032
2832.58317,11.514,0.03
2833.70341,11.504,0.033
2838.5885,11.519,0.028
2842.61977,11.387,0.051
2845.63222,11.47,0.025
2851.73132,11.649,0.027
2854.53122,11.222,0.024
2858.56255,10.988,0.028
2859.63934,11.651,0.028
2860.7201,11.688,0.032
2862.61241,11.669,0.031
2867.69986,11.401,0.03
2874.70947,11.135,0.031
2876.62944,11.287,0.031
2878.62194,11.533,0.054
2883.54931,11.648,0.028
2885.53712,10.982,0.029
2888.56205,11.172,0.029
2893.51807,11.483,0.035
2895.52846,11.674,0.029
2901.53264,11.682,0.051
2906.60787,11.412,0.028
2910.48635,11.683,0.03
2912.51409,11.213,0.029
2915.54041,11.351,0.033
2917.56601,11.632,0.034
2921.56528,11.355,0.034
2923.56266,11.69,0.033
2927.51274,11.339,0.028
2929.52567,11.58,0.03
2931.52988,10.956,0.031
2933.53378,11.415,0.032
2935.53508,11.62,0.036
3032.87368,10.924,0.038
3036.8631,11.635,0.032
3043.82839,11.24,0.036
3052.87355,11.498,0.03
3056.84637,11.048,0.033
3060.8541,11.694,0.029
3064.84381,11.476,0.033
3071.86576,11.241,0.031
3074.87663,11.316,0.03
3080.86843,11.377,0.03
3085.90642,11.614,0.031
3088.84268,11.542,0.029
3091.82684,11.573,0.031
3096.87982,11.089,0.028
3098.85922,11.438,0.03
3101.80873,11.496,0.034
3104.78734,11.284,0.029
3106.8506,11.608,0.032
3109.77576,11.561,0.028
3112.76404,11.523,0.029
3114.82384,11.077,0.032
3118.77533,11.569,0.036
3122.76093,11.321,0.029
3124.81379,11.64,0.029
3126.79677,11.038,0.031
3128.7798,11.395,0.036
3130.77725,11.61,0.033
3132.8082,11.189,0.033
3134.85868,11.585,0.032
3144.7124,10.946,0.027
3153.72234,11.059,0.03
3156.67182,10.973,0.031
3158.75502,11.546,0.033
3160.7912,10.998,0.047
3163.774,11.028,0.031
3165.80239,11.271,0.045
3168.80794,11.413,0.051
3171.7415,11.22,0.033
3175.74236,11.035,0.03
3178.60734,11.562,0.029
3180.70502,11.203,0.032
3183.69676,11.201,0.03
3185.6636,11.425,0.034
3187.70016,11.227,0.031
3219.49885,11.134,0.03
3390.87156,11.05,0.043
3397.87734,11.564,0.04
3402.87124,11.195,0.037
3405.87993,11.254,0.035
3409.84913,11.685,0.036
3417.84365,11.253,0.04
3421.83773,11.405,0.049
3424.86215,10.955,0.036
3427.85987,10.953,0.035
3430.85231,10.926,0.037
3433.85605,10.914,0.039
3438.85978,11.446,0.034
3442.87557,11.133,0.03
3445.85606,11.105,0.04
3452.81464,11.662,0.043
3454.90091,11.358,0.034
3457.78134,10.941,0.034
3459.83629,11.482,0.034
3462.84662,11.489,0.033
3465.8073,11.443,0.032
3468.79388,11.419,0.033
3471.776,11.443,0.03
3477.76714,11.448,0.034
3479.8274,11.199,0.051
3481.79862,11.221,0.033
3483.78368,11.49,0.034
3490.79776,11.255,0.033
3492.79986,11.625,0.039
3496.78458,11.305,0.028
3499.86151,11.513,0.033
3502.70779,11.088,0.041
3508.75808,11.307,0.025
3510.80996,11.693,0.029
3512.68512,11.678,0.032
3516.68933,11.414,0.035
3521.82474,11.261,0.038
3524.64576,11.687,0.04
3526.69675,11.284,0.039
3528.723,11.585,0.047
3530.723,10.896,0.037
3538.67311,11.273,0.032
3540.67015,11.55,0.031
3542.81208,11.444,0.034
3547.84689,11.71,0.04
3551.83646,11.506,0.037
3554.76426,11.303,0.027
3558.60144,11.647,0.045
3560.61131,11.361,0.037
3562.621,11.31,0.037
3564.59827,11.495,0.03
3569.67396,11.165,0.029
3571.70009,11.513,0.032
3574.70668,11.549,0.029
3576.72113,10.951,0.03
3578.69851,11.281,0.033
3583.67667,11.571,0.032
3585.73072,11.006,0.032
3587.74135,11.469,0.031
3590.55915,10.951,0.035
3592.56651,11.379,0.035
3597.67677,10.92,0.033
3602.71073,11.473,0.036
3606.51624,11.538,0.032
3617.55271,11.152,0.032
3619.60653,11.59,0.038
3621.65105,11.092,0.041
3625.62792,11.63,0.032
3628.60788,11.588,0.032
3633.55648,11.241,0.033
3639.57611,10.927,0.029
3642.58116,10.961,0.037
3646.5592,11.609,0.029
3651.54376,10.938,0.033
3653.54633,11.429,0.039
3655.5589,11.693,0.034
3658.53717,11.67,0.034
3661.51676,11.588,0.034
3663.52624,10.969,0.036
3666.53845,11.094,0.034
3670.50051,11.599,0.031
3673.50781,11.79,0.031
3676.50495,11.637,0.034
3755.87087,11.143,0.039
3759.86314,11.512,0.042
3763.87313,11.326,0.049
3767.87017,10.91,0.046
3772.87326,11.409,0.038
3789.84551,11.639,0.045
3792.87005,11.61,0.045
3796.83116,11.43,0.031
3800.87053,11.3,0.041
3804.8155,11.67,0.04
3808.81661,11.501,0.046
3811.89895,11.645,0.04
3814.87002,11.624,0.036
3817.8564,11.525,0.038
3820.83603,11.579,0.038
3823.83033,11.559,0.038
3826.82384,11.571,0.036
3829.81674,11.553,0.036
3832.79106,11.568,0.035
3834.84068,10.97,0.035
3837.76883,11.443,0.037
3848.81817,11.471,0.048
3850.87106,11.235,0.034
3853.75062,11.564,0.031
3855.84253,11.287,0.042
3862.71235,11.563,0.032
3864.71044,11.239,0.034
3866.69437,11.229,0.033
3868.75097,11.641,0.038
3870.76106,11.08,0.037
3872.75549,11.451,0.033
3875.86224,11.634,0.039
3881.72908,11.45,0.033
3886.73041,11.64,0.031
3890.71239,11.435,0.038
3892.70314,11.579,0.052
3894.69184,11.022,0.03
3899.79939,11.636,0.043
3901.85764,11.273,0.034
3903.89389,11.605,0.034
3906.60605,11.196,0.033
3908.66161,11.409,0.036
4129.86694,11.79,0.042
4133.85313,11.513,0.042
4137.86074,11.244,0.037
4141.8499,11.542,0.04
4144.88589,10.96,0.036
4151.84878,11.503,0.033
4154.86705,11.53,0.037
4157.87844,11.627,0.047
4161.83474,11.28,0.035
4164.8848,11.444,0.04
4167.86769,11.444,0.034
4174.81635,10.96,0.031
4177.85514,11.085,0.038
4180.84667,11.079,0.043
4183.83431,11.058,0.037
4187.84337,11.628,0.032
4190.80846,11.617,0.03
4192.80735,11.04,0.031
4194.82704,11.462,0.031
4198.75637,10.888,0.046
4202.79481,11.663,0.031
4204.84391,11.282,0.03
4208.78585,11.649,0.036
4213.82254,11.34,0.034
4216.81186,11.314,0.028
4227.77564,11.514,0.027
4229.77669,11.22,0.027
4231.78086,11.352,0.031
4233.77953,11.531,0.027
4235.80853,10.965,0.027
4238.68891,11.609,0.038
4245.67096,11.471,0.048
4247.63904,11.562,0.037
4250.74137,10.939,0.027
4253.87691,11.356,0.033
4256.64728,11.596,0.027
4258.70296,11.367,0.03
4269.72199,11.631,0.029
4272.66548,11.535,0.029
4274.66979,11.104,0.03
4277.63122,11.546,0.027
4281.70098,11.636,0.048
4283.71478,11.13,0.035
4285.67326,11.362,0.033
4289.67009,10.967,0.029
4291.67128,11.458,0.028
4293.65944,11.636,0.028
4295.67614,11.089,0.027
4297.66656,11.449,0.033
4299.64101,11.641,0.03
4301.59794,11.095,0.032
4303.60702,11.341,0.027
4305.58358,11.496,0.027
4307.60392,10.91,0.03
4309.65029,11.511,0.042
4311.69702,11.117,0.03
4314.73317,10.999,0.03
4317.55425,11.57,0.027
4330.50683,11.25,0.027
4332.53056,11.591,0.029
4338.56665,11.668,0.036
4340.62127,11.325,0.03
4342.61647,11.539,0.032
4344.61286,11.103,0.033
4346.61249,11.31,0.029
4348.61568,11.556,0.03
4350.61955,10.944,0.032
4353.51249,11.666,0.031
4355.60374,11.386,0.031
4357.60772,11.679,0.03
4359.57621,11.124,0.028
4361.54663,11.208,0.027
4363.5506,11.541,0.028
4365.57399,10.907,0.028
4368.61747,11.068,0.034
4371.51541,11.601,0.031
4373.5467,11.289,0.039
4378.57375,11.613,0.036
4381.52999,11.62,0.034
4384.5202,11.574,0.029
4386.55486,11.016,0.028
4388.53872,11.404,0.03
4392.54259,11.08,0.037
4493.87086,10.922,0.034
4504.85866,11.4,0.032
4508.85101,10.978,0.036
4517.86517,11.072,0.037
4520.86532,11.158,0.039
4523.86106,11.157,0.028
4526.85569,11.183,0.031
4529.88546,11.317,0.033
4533.86707,11.309,0.032
4537.81239,11.437,0.028
4540.85185,11.577,0.033
4543.85228,11.532,0.032
4546.81631,11.502,0.035
4552.82338,11.566,0.031
4555.81532,11.526,0.028
4558.81814,11.568,0.027
4561.8069,11.534,0.029
4564.79706,11.537,0.029
4567.79104,11.531,0.03
4570.77916,11.581,0.027
4572.79844,10.916,0.03
4574.7857,11.364,0.032
4576.79256,11.671,0.035
4579.85342,11.624,0.033
4583.76789,11.364,0.03
4586.79671,11.41,0.029
4589.7282,11.306,0.034
4591.78664,11.854,0.031
4593.80203,11.147,0.028
4595.89016,11.646,0.028
4600.76819,11.688,0.034
4602.72064,10.932,0.032
4606.7369,11.702,0.038
4609.68281,11.616,0.03
4611.72437,10.983,0.03
4616.72845,11.47,0.031
4618.73355,11.652,0.032
4622.6961,11.438,0.031
4624.82879,11.049,0.034
4626.61312,11.504,0.028
4630.67613,11.646,0.029
4632.67749,11.039,0.031
4638.82451,11.535,0.035
4640.80884,11.673,0.031
4642.80429,11.166,0.032
4644.85073,11.614,0.035
4647.57825,11.25,0.041
4649.63226,11.408,0.038
4651.65572,11.68,0.038
4653.66407,11.187,0.029
4655.61192,11.43,0.03
4657.65156,11.525,0.039
4660.60509,11.72,0.047
4662.66378,11.287,0.033
4664.66153,11.555,0.034
4666.66564,11.075,0.031
4670.62784,11.492,0.031
4672.65038,11.051,0.029
4675.68542,11.077,0.034
4678.68331,11.049,0.035
4681.60133,11.502,0.032
4683.60162,11.222,0.034
4685.58218,11.56,0.033
4687.57313,11.584,0.029
4691.59769,11.581,0.033
4694.65169,11.638,0.037
4698.61946,11.409,0.032
4700.61768,11.674,0.035
4704.6145,11.483,0.036
4706.65903,11.49,0.031
4709.61524,11.64,0.04
4716.55141,11.367,0.03
4720.60606,11.192,0.036
4722.64166,11.519,0.036
4726.5427,10.958,0.041
4729.53523,10.937,0.031
4734.60372,11.563,0.039
4739.51019,11.606,0.031
4744.52774,11.08,0.04
4746.54082,11.498,0.041
4753.51042,11.167,0.038
4755.55777,11.526,0.035
4758.53045,11.491,0.041
4761.51919,11.66,0.042
4764.51757,11.557,0.037
4767.51235,11.522,0.037
4852.87687,11.589,0.039
4867.88523,11.26,0.038
4871.86761,11.568,0.038
4876.87357,11.068,0.033
4884.83294,11.25,0.038
4892.83387,11.596,0.045
4902.90195,11.445,0.044
4906.81373,10.884,0.052
4916.79999,11.619,0.045
4919.81913,11.641,0.045
4926.86751,11.533,0.041
4935.80211,11.463,0.049
4938.77799,11.392,0.045
4947.75274,11.471,0.042
4950.76077,11.536,0.043
4952.79982,11.175,0.043
4954.79096,11.302,0.043
4959.78384,11.547,0.051
4962.70908,11.42,0.047
4967.785,10.896,0.043
4969.82286,11.436,0.044
4975.72975,11.294,0.044
4985.6831,11.554,0.042
4987.69188,11.421,0.049
4989.7204,11.603,0.048
4991.74372,10.978,0.045
4994.76419,11.091,0.044
5006.78794,11.362,0.05
5012.65694,10.998,0.043
5014.61819,11.208,0.043
5021.72868,11.236,0.043
5023.73305,11.537,0.042
5031.61549,11.558,0.039
5040.71095,10.969,0.048
5042.60325,10.917,0.049
5047.68749,11.567,0.046
5049.7176,10.991,0.05
5057.56795,10.993,0.043
5063.57719,11.046,0.043
5075.65137,11.418,0.047
5083.65391,11.593,0.05
5086.51463,11.405,0.047
5088.5712,11.238,0.047
5098.50915,11.466,0.047
5104.59578,11.695,0.043
