1868.53119,10.904,0.026
1868.86113,10.86,0.034
1870.81499,10.837,0.03
1872.52956,10.912,0.031
1872.81291,10.85,0.029
1874.53223,10.823,0.032
1874.80837,10.828,0.031
1876.56359,10.868,0.029
1880.52395,10.852,0.029
1885.51764,10.871,0.032
1887.5789,10.898,0.029
1888.7854,10.85,0.033
1904.53938,11.032,0.026
1905.78041,10.952,0.026
1907.72646,10.982,0.025
1908.5292,10.995,0.031
1913.52737,10.974,0.031
1914.84904,10.956,0.036
1918.52767,10.959,0.031
1919.85506,10.949,0.038
1920.74359,10.965,0.028
1921.84623,10.976,0.038
1922.52874,10.949,0.03
1922.73691,10.961,0.026
1924.73114,10.987,0.028
1926.72399,10.882,0.043
1926.87131,10.984,0.037
1928.84013,10.934,0.038
1931.83134,10.965,0.036
1933.70968,10.916,0.024
1933.83199,10.926,0.035
1936.81415,10.926,0.034
1938.86355,10.982,0.034
1939.73433,11.012,0.026
1946.81146,11.103,0.039
1948.83677,11.17,0.04
1950.80458,11.179,0.036
1952.66526,11.267,0.039
1953.79563,11.228,0.04
1954.79302,11.234,0.035
1954.81513,11.198,0.037
1955.66067,11.265,0.032
1955.82518,11.213,0.039
1958.83792,11.231,0.039
1961.81449,11.22,0.045
1962.86869,11.152,0.044
1964.77092,11.123,0.038
1965.81937,11.092,0.039
1965.90145,11.085,0.035
1966.84513,11.126,0.039
1967.903,11.037,0.035
1968.76021,11.086,0.042
1976.82271,11.085,0.046
1977.7788,11.147,0.047
1979.72659,11.104,0.05
1980.73251,11.114,0.049
1980.88363,11.127,0.041
1981.74876,11.103,0.047
1982.7469,11.156,0.044
1982.87128,11.131,0.044
1984.75516,11.256,0.046
1984.86816,11.145,0.043
1985.59729,11.114,0.041
1985.75743,11.156,0.047
1985.86609,11.098,0.046
1993.77668,11.166,0.04
1994.85971,11.125,0.044
1995.57394,11.153,0.042
1995.69481,11.139,0.048
1996.57026,11.084,0.04
1996.73112,11.189,0.05
1997.57108,11.105,0.04
1997.73296,11.177,0.042
1998.72602,11.147,0.044
1998.85133,11.1,0.04
2000.56301,11.107,0.039
2000.72206,11.184,0.041
2000.85341,11.167,0.041
2009.69919,11.138,0.051
2009.85066,11.224,0.048
2014.68384,11.352,0.048
2016.87537,11.316,0.044
2025.6521,11.162,0.04
2025.90019,11.121,0.039
2026.66477,11.116,0.042
2026.86229,11.07,0.032
2027.65443,11.073,0.041
2027.82811,11.081,0.029
2030.64656,10.988,0.039
2030.83057,10.943,0.029
2030.93378,10.945,0.029
2031.65576,10.944,0.038
2031.82851,10.945,0.03
2032.48756,10.912,0.024
2032.64355,10.925,0.037
2032.81303,10.954,0.026
2033.63366,10.904,0.037
2033.82635,10.883,0.027
2037.64255,10.919,0.044
2037.78586,10.857,0.034
2039.79175,10.875,0.033
2040.62393,10.946,0.052
2040.67781,10.961,0.048
2040.70913,10.899,0.036
2040.72733,10.96,0.031
2052.58553,11.132,0.037
2052.76074,11.099,0.03
2052.94364,11.154,0.031
2053.60716,11.136,0.038
2053.77353,11.133,0.027
2054.61495,11.146,0.046
2054.76831,11.103,0.028
2054.91217,11.182,0.031
2055.59442,11.157,0.04
2055.75694,11.198,0.041
2056.60051,11.12,0.037
2056.76259,11.117,0.026
2057.5867,11.144,0.038
2057.75394,11.138,0.027
2058.58547,11.106,0.039
2061.7482,11.056,0.029
2064.94373,11.017,0.04
2067.57978,10.932,0.038
2067.67438,10.93,0.032
2067.90268,10.936,0.029
2068.51731,10.954,0.028
2068.56763,10.926,0.038
2068.67835,10.879,0.033
2068.86893,11.011,0.044
2069.57026,10.901,0.04
2069.69665,10.889,0.028
2069.86405,10.895,0.028
2070.56073,10.881,0.041
2070.72396,10.869,0.03
2070.87016,10.885,0.029
2079.52563,10.833,0.037
2080.65493,10.835,0.028
2080.85699,10.854,0.025
2081.5322,10.86,0.038
2081.7001,10.844,0.026
2082.70448,10.844,0.025
2083.52589,10.846,0.043
2083.69541,10.893,0.046
2085.53332,10.896,0.034
2085.69112,10.891,0.026
2086.53084,10.926,0.038
2086.70167,10.904,0.029
2087.52454,10.941,0.037
2087.68307,10.921,0.031
2087.89631,10.939,0.042
2088.52559,10.913,0.038
2088.68195,10.916,0.026
2093.49724,10.948,0.038
2093.61007,10.951,0.03
2093.796,11.326,0.028
2094.62379,10.899,0.031
2094.82199,10.907,0.032
2095.82039,10.91,0.039
2102.48385,10.834,0.039
2103.65448,10.785,0.027
2103.76912,10.848,0.028
2104.53039,10.836,0.045
2104.65387,10.785,0.026
2105.64356,10.807,0.029
2105.83052,10.831,0.031
2106.51907,10.81,0.035
2106.836,10.854,0.032
2109.63946,10.837,0.026
2113.84172,10.937,0.028
2115.58927,10.946,0.028
2116.61226,10.935,0.026
2117.61488,10.958,0.027
2124.58781,10.943,0.033
2125.51013,10.953,0.042
2125.5965,10.948,0.032
2128.60746,10.962,0.028
2129.51522,10.897,0.038
2129.59951,10.923,0.028
2129.73083,10.932,0.024
2130.59729,10.922,0.03
2131.58317,10.898,0.027
2131.74955,10.906,0.025
2132.48926,10.896,0.036
2132.59355,10.889,0.031
2133.59219,10.846,0.026
2133.75188,10.876,0.025
2134.58842,10.838,0.028
2135.49231,10.852,0.037
2136.58867,10.853,0.028
2136.74609,10.853,0.036
2141.57363,10.801,0.028
2142.4784,10.772,0.041
2142.5679,10.792,0.029
2143.56843,10.82,0.029
2144.55944,10.78,0.03
2145.4772,10.79,0.04
2145.55498,10.788,0.03
2156.48489,10.929,0.037
2156.57439,10.913,0.038
2164.48711,10.951,0.038
2168.53592,10.918,0.036
2169.51052,10.934,0.036
2171.51787,10.855,0.038
2175.50524,10.812,0.047
2177.51515,10.793,0.032
2178.50413,10.787,0.036
2179.51952,10.772,0.027
2180.56974,10.775,0.031
2185.50958,10.864,0.037
2187.48784,10.869,0.034
2190.5192,10.906,0.032
2193.51303,10.904,0.035
2196.51966,10.928,0.038
2199.51102,10.933,0.036
2203.49217,10.877,0.032
2204.49717,10.895,0.037
2205.51387,10.812,0.036
2219.50297,10.904,0.043
2442.54947,10.879,0.044
2442.70632,10.866,0.033
2443.55149,10.825,0.037
2443.70593,10.897,0.029
2446.70605,10.867,0.034
2452.50985,10.938,0.043
2453.67299,10.921,0.049
2454.68494,10.909,0.041
2456.49241,10.955,0.039
2464.495,10.906,0.042
2464.65674,10.87,0.042
2465.6626,10.856,0.039
2466.48903,10.873,0.042
2466.65084,10.842,0.044
2467.65244,10.852,0.035
2468.48732,10.822,0.042
2468.65158,10.829,0.034
2470.47653,10.808,0.043
2470.61039,10.803,0.042
2473.62048,10.788,0.043
2474.65606,10.777,0.049
2481.46066,10.793,0.051
2481.60448,10.8,0.049
2482.6344,10.79,0.049
2486.60731,10.961,0.053
2487.64234,10.935,0.048
2490.62008,10.973,0.041
2491.59667,10.973,0.052
2493.59431,10.924,0.044
2494.60197,10.939,0.041
2495.59466,10.893,0.043
2497.592,10.906,0.042
2498.58909,10.885,0.041
2499.46657,10.846,0.044
2499.58047,10.862,0.04
2501.51064,10.783,0.039
2501.57523,10.798,0.048
2502.55872,10.802,0.042
2502.5843,10.771,0.043
2503.58449,10.763,0.048
2508.5482,10.754,0.052
2508.69672,10.786,0.029
2512.48946,10.892,0.048
2512.5264,10.844,0.041
2519.59223,10.983,0.044
2520.47766,10.976,0.037
2520.59767,10.986,0.03
2521.49122,10.995,0.037
2521.60735,10.973,0.029
2524.58351,10.958,0.038
2526.47477,10.907,0.047
2529.5582,10.851,0.041
2535.50574,10.835,0.042
2540.5306,11.024,0.043
2543.62044,10.821,0.046
2544.53154,10.825,0.032
2544.84132,10.811,0.029
2544.85091,11.446,0.04
2545.57374,10.752,0.036
2548.60946,10.853,0.03
2552.59163,10.919,0.044
2553.61371,10.866,0.043
2556.53106,10.933,0.053
2557.88855,10.957,0.045
2558.52475,10.938,0.032
2559.54053,10.988,0.052
2560.55504,11.828,0.027
2561.55446,10.986,0.032
2561.88965,10.932,0.035
2562.57759,10.97,0.028
2563.59394,10.935,0.027
2565.55385,10.885,0.03
2565.68157,10.881,0.031
2566.56601,10.891,0.03
2566.69411,10.937,0.034
2578.50431,10.791,0.03
2578.63977,10.782,0.033
2579.53371,10.78,0.048
2623.80975,11.267,0.027
2627.77229,11.213,0.051
2628.53673,11.296,0.042
2637.86424,11.224,0.043
2642.86621,11.281,0.044
2644.79121,11.208,0.026
2649.76435,11.24,0.024
2651.84425,11.185,0.042
2655.85215,11.167,0.038
2659.81973,11.136,0.036
2662.83834,11.115,0.039
2664.84749,11.135,0.043
2666.7346,11.189,0.027
2667.84377,11.123,0.044
2671.82247,11.127,0.044
2674.8345,11.108,0.04
2677.80725,11.288,0.049
2679.84629,11.074,0.042
2689.80751,11.13,0.044
2691.8016,11.149,0.047
2694.77776,11.018,0.044
2696.90138,11.046,0.03
2697.81526,11.044,0.043
2699.7958,11.001,0.044
2702.90175,11.005,0.046
2703.77704,10.881,0.045
2705.65621,10.894,0.037
2705.77495,10.873,0.043
2706.8953,10.876,0.035
2709.76581,10.871,0.041
2709.8971,10.869,0.035
2711.75568,10.893,0.044
2712.88175,10.879,0.031
2713.75531,10.935,0.044
2715.7458,10.893,0.042
2717.83843,10.927,0.043
2720.7041,10.921,0.042
2722.74022,10.888,0.042
2722.87671,10.89,0.034
2724.75739,10.896,0.034
2724.8832,10.896,0.03
2726.8798,10.913,0.036
2728.58641,10.885,0.035
2728.75637,10.892,0.052
2730.7483,10.92,0.041
2733.7444,10.923,0.038
2733.86663,10.924,0.025
2736.83698,10.98,0.041
2737.70933,10.933,0.042
2739.73611,10.95,0.045
2741.70588,10.895,0.051
2741.84025,10.919,0.035
2743.68361,10.852,0.044
2743.88375,10.846,0.037
2744.819,10.857,0.035
2747.88318,10.844,0.039
2750.87684,10.794,0.036
2751.79656,10.754,0.034
2752.70861,10.82,0.043
2754.87037,10.854,0.032
2755.65497,10.893,0.037
2756.84338,10.863,0.034
2757.64479,10.916,0.036
2761.63593,10.928,0.039
2764.68969,10.952,0.047
2764.81767,10.914,0.036
2766.77779,10.945,0.041
2770.64903,10.865,0.046
2782.64347,10.893,0.047
2782.88167,10.888,0.035
2783.77192,10.884,0.039
2784.77874,10.93,0.034
2785.69282,10.881,0.044
2786.75736,10.911,0.034
2787.64606,10.922,0.044
2790.67157,10.951,0.047
2790.77686,11.013,0.039
2804.70808,10.874,0.041
2808.76881,10.809,0.042
2809.69608,10.796,0.042
2809.85369,10.897,0.038
2809.8559,10.843,0.026
2810.68794,10.809,0.036
2811.64769,10.839,0.039
2812.67624,10.8,0.033
2813.88172,10.802,0.036
2813.88394,10.756,0.03
2814.84457,10.768,0.049
2822.69268,10.868,0.048
2832.53051,10.95,0.052
2835.6458,10.873,0.041
2840.71628,10.798,0.037
2851.65956,10.91,0.035
2853.78342,10.935,0.043
2854.50921,10.916,0.038
2855.67637,10.904,0.045
2858.52186,10.943,0.041
2858.7106,10.893,0.039
2859.59097,10.929,0.039
2859.76154,10.982,0.035
2859.76377,10.937,0.025
2861.741,10.937,0.036
2861.74608,10.934,0.034
2861.74838,10.933,0.026
2862.48112,10.963,0.046
2865.75594,10.908,0.05
2866.48248,10.926,0.04
2868.51114,10.929,0.048
2872.51161,10.968,0.033
2872.59759,11.029,0.035
2876.49498,10.986,0.04
2884.50368,11.183,0.04
2884.60113,11.118,0.038
2885.62121,11.185,0.042
2892.60698,11.306,0.051
2893.48546,11.384,0.043
2896.59275,11.325,0.038
2900.57538,11.296,0.044
2905.64813,11.357,0.032
2906.56333,11.309,0.031
2909.56516,11.267,0.038
2910.63489,11.279,0.031
2916.54135,11.353,0.038
2918.66964,11.419,0.03
2933.53284,11.495,0.036
2944.59206,11.609,0.035
2944.59426,11.248,0.024
3092.77986,10.886,0.035
3108.84545,10.9,0.035
3142.73218,10.885,0.035
3142.79508,10.877,0.026
3178.65297,10.927,0.043
3189.64879,10.798,0.037
3355.82626,11.103,0.028
3358.81298,11.059,0.033
3362.85698,11.061,0.036
3383.77851,10.778,0.031
3387.85247,10.794,0.051
3388.77503,10.879,0.036
3389.87336,10.89,0.039
3391.80694,10.905,0.03
3394.75335,10.889,0.031
3397.68965,10.941,0.034
3399.7359,11.024,0.032
3399.85859,11.058,0.045
3399.88073,11.032,0.037
3403.84873,10.925,0.044
3406.86442,10.891,0.046
3409.66185,10.844,0.03
3409.87188,10.847,0.042
3411.7169,10.823,0.031
3412.85977,10.801,0.043
3415.84514,10.784,0.046
3418.64407,10.798,0.032
3418.86307,10.847,0.049
3421.83277,10.87,0.048
3422.69196,10.86,0.041
3424.69761,11.052,0.049
3424.82221,10.868,0.043
3426.70669,10.922,0.036
3426.84425,10.882,0.041
3431.84248,10.876,0.042
3434.79256,10.876,0.046
3438.79841,10.89,0.037
3442.79281,10.86,0.039
3449.71446,10.829,0.036
3449.79991,10.851,0.045
3449.82494,10.853,0.049
3450.85782,10.813,0.035
3452.71875,10.779,0.047
3452.82799,10.79,0.036
3453.79224,10.779,0.045
3453.85508,10.907,0.056
3454.78668,10.804,0.051
3456.78641,10.808,0.049
3459.52366,10.857,0.042
3461.72312,10.869,0.041
3463.5957,10.894,0.026
3463.80076,10.797,0.039
3466.70542,10.896,0.038
3469.74477,10.862,0.041
3471.75245,10.853,0.037
3474.9064,10.893,0.035
3476.68388,10.751,0.04
3477.53379,10.744,0.029
3477.88098,10.778,0.029
3478.7128,10.751,0.041
3480.71915,10.738,0.046
3484.75757,10.84,0.049
3487.86407,10.832,0.032
3502.66202,10.846,0.048
3504.50792,10.812,0.031
3508.69929,10.818,0.036
3509.46024,10.89,0.039
3509.83625,10.838,0.03
3512.49311,10.881,0.027
3512.6298,10.838,0.049
3516.6323,10.872,0.039
3516.7855,10.863,0.035
3520.77928,10.855,0.037
3522.78548,10.837,0.041
3526.60272,10.895,0.041
3528.61115,10.876,0.04
3530.61099,10.875,0.042
3538.76016,10.896,0.033
3539.59067,10.888,0.038
3541.88861,10.853,0.031
3543.70278,10.905,0.035
3544.88337,10.856,0.033
3547.89943,10.853,0.04
3550.56973,10.896,0.042
3553.70641,11.016,0.035
3559.6822,10.902,0.037
3561.71566,10.898,0.033
3561.85585,10.936,0.032
3561.85847,10.946,0.031
3563.49118,10.937,0.042
3563.733,10.932,0.032
3564.84655,10.932,0.03
3564.84969,10.926,0.03
3569.68547,10.918,0.031
3570.83352,10.864,0.03
3570.83593,10.926,0.029
3571.7056,10.855,0.03
3573.82081,10.803,0.037
3573.82406,10.865,0.035
3576.80383,10.81,0.03
3578.60615,11.265,0.03
3583.64638,10.88,0.035
3585.70853,10.913,0.026
3585.78661,10.93,0.035
3586.51354,10.96,0.038
3586.78687,10.915,0.034
3590.6067,10.994,0.029
3590.77421,10.927,0.03
3592.60763,10.934,0.035
3592.76372,10.98,0.035
3596.59747,10.939,0.029
3607.55535,11.002,0.03
3618.69776,10.939,0.035
3618.70014,10.92,0.035
3619.5612,11.809,0.035
3621.68474,10.91,0.035
3637.56819,11.216,0.03
3639.63471,11.184,0.03
3639.63708,11.19,0.03
3650.60697,11.32,0.028
3650.60934,11.309,0.028
3700.82895,10.916,0.035
3708.81187,11.039,0.03
3712.8576,10.988,0.032
3716.78692,11.036,0.034
3719.81427,11.059,0.035
3722.80094,10.976,0.035
3726.76428,10.916,0.031
3730.7925,10.805,0.042
3733.79663,10.799,0.036
3736.77954,10.789,0.031
3739.76148,10.826,0.033
3742.75341,10.879,0.029
3745.73925,10.894,0.034
3748.73095,10.865,0.037
3751.72206,10.901,0.04
3754.72071,10.946,0.036
3756.75662,10.973,0.038
3761.70994,10.91,0.046
3764.69074,10.84,0.047
3767.68109,10.868,0.041
3770.67025,10.811,0.044
3772.71891,10.854,0.033
3773.85706,10.834,0.044
3775.65555,10.876,0.036
3783.65308,10.893,0.043
3787.6788,10.915,0.034
3787.88386,11.072,0.038
3790.82544,10.864,0.045
3792.64536,10.854,0.037
3793.8111,10.859,0.044
3796.80461,10.829,0.047
3799.79324,10.897,0.044
3801.59901,10.877,0.035
3802.79314,10.866,0.052
3804.82443,10.888,0.046
3807.86022,10.874,0.043
3810.76347,10.877,0.045
3812.82492,10.896,0.046
3813.56547,10.876,0.036
3815.60438,10.867,0.042
3815.75503,10.909,0.043
3817.62885,10.891,0.032
3817.78847,10.856,0.043
3820.75119,10.885,0.042
3825.72354,10.901,0.044
3826.52463,10.942,0.032
3827.80132,10.902,0.038
3828.57654,10.94,0.035
3830.71402,10.935,0.039
3832.74766,10.916,0.041
3834.73105,10.935,0.045
3836.73495,10.868,0.045
3847.52464,10.84,0.043
3847.76239,10.874,0.043
3849.71896,10.857,0.045
3851.7194,10.899,0.047
3851.86558,10.832,0.044
3856.64844,10.883,0.041
3858.72095,10.775,0.041
3860.83511,10.815,0.035
3862.6614,10.805,0.039
3863.81442,10.829,0.04
3864.66432,10.816,0.042
3865.82924,10.844,0.036
3866.65798,10.854,0.042
3867.81824,10.876,0.043
3868.70043,10.841,0.042
3869.81368,10.82,0.041
3870.70721,10.869,0.039
3871.8133,10.894,0.032
3872.70461,10.878,0.037
3875.79478,10.895,0.037
3882.77349,10.858,0.035
3883.94042,10.794,0.041
3886.80864,10.807,0.03
3890.60267,10.761,0.036
3891.74436,10.775,0.031
3892.60352,10.75,0.048
3893.79259,10.786,0.029
3893.92632,10.83,0.028
3894.64125,10.836,0.037
3896.78194,10.826,0.037
3898.8218,10.872,0.031
3898.91429,10.891,0.034
3898.91666,10.919,0.033
3901.71523,10.919,0.036
3902.51565,10.936,0.044
3902.8936,10.962,0.031
3903.75444,10.956,0.032
3904.55718,10.974,0.04
3905.76365,11.026,0.032
3907.77521,11.022,0.03
3908.5713,11.108,0.038
4084.52867,10.957,0.036
4084.53188,10.958,0.037
4105.76138,10.846,0.037
4107.81309,10.851,0.027
4111.81363,10.819,0.032
4125.70062,10.88,0.037
4125.8784,10.935,0.03
4126.85753,10.926,0.029
4127.7481,10.95,0.036
4129.73817,10.917,0.027
4129.87942,10.896,0.031
4134.6883,10.862,0.036
4136.71827,10.841,0.04
4140.73497,10.792,0.027
4145.65516,10.842,0.035
4145.87773,10.84,0.031
4145.88829,10.812,0.032
4147.68866,10.828,0.037
4152.86633,10.899,0.03
4153.8558,10.915,0.026
4157.61654,10.874,0.032
4159.65666,10.826,0.046
4161.65543,10.841,0.028
4163.66698,10.78,0.027
4165.84675,10.709,0.043
4166.81902,10.777,0.04
4168.69518,10.796,0.044
4172.82834,10.796,0.052
4178.80698,10.832,0.053
4180.83612,10.85,0.039
4183.54642,10.855,0.038
4185.58491,10.881,0.028
4185.82938,10.929,0.045
4193.73403,10.835,0.039
4196.79038,10.762,0.053
4198.57084,10.833,0.043
4201.56439,10.8,0.043
4202.76536,10.832,0.038
4204.77694,10.873,0.053
4207.91687,10.828,0.031
4213.51542,10.833,0.025
4215.71631,10.901,0.036
4216.57874,10.854,0.036
4228.52613,10.908,0.027
4230.70179,10.914,0.035
4232.70074,10.862,0.048
4235.85065,10.907,0.028
4246.61565,11.096,0.042
4253.45718,11.279,0.028
4253.63107,11.287,0.049
4255.66487,11.273,0.041
4258.8056,11.272,0.039
4267.56545,11.251,0.039
4269.58949,11.202,0.04
4274.594,11.255,0.047
4277.58713,11.231,0.036
4278.70445,11.201,0.039
4282.70278,11.282,0.042
4283.61693,11.359,0.045
4284.71528,11.346,0.04
4289.61526,11.406,0.053
4290.71366,11.343,0.029
4292.68928,11.326,0.026
4296.69963,11.269,0.037
4298.70817,11.191,0.031
4301.54963,11.206,0.039
4302.70913,11.158,0.042
4304.65052,11.143,0.029
4305.56007,11.202,0.042
4305.82872,11.168,0.036
4306.64824,11.17,0.041
4308.66062,11.147,0.035
4309.80601,11.175,0.043
4310.70103,11.235,0.028
4315.72588,11.304,0.034
4319.59942,11.245,0.027
4331.61055,10.982,0.035
4333.56655,10.929,0.033
4333.75135,10.936,0.027
4336.7446,10.95,0.033
4338.64149,10.902,0.042
4351.51161,11.092,0.033
4351.68274,11.085,0.036
4354.68406,11.172,0.026
4356.51756,11.135,0.026
4358.52376,11.161,0.033
4362.56639,11.095,0.028
4364.56149,11.01,0.029
4372.50998,10.885,0.035
4375.54263,10.838,0.031
4377.54913,10.847,0.031
4379.55224,10.819,0.028
4379.61653,10.813,0.027
4384.53603,10.826,0.031
4388.54619,10.865,0.027
4457.79223,10.907,0.032
4463.78388,10.911,0.027
4466.76977,10.827,0.029
4469.76008,10.861,0.031
4476.75511,10.755,0.053
4479.7336,10.875,0.035
4482.75702,10.762,0.037
4490.70233,10.902,0.027
4490.87765,10.813,0.031
4492.75694,10.847,0.027
4494.75474,10.898,0.025
4498.72241,10.902,0.034
4503.67336,10.9,0.032
4508.65545,10.883,0.033
4510.71559,10.845,0.032
4512.73,10.859,0.05
4514.87909,10.769,0.043
4516.64919,10.771,0.035
4517.85568,10.777,0.04
4525.61166,10.856,0.036
4527.65518,10.855,0.04
4535.6043,10.871,0.034
4537.65245,10.827,0.026
4539.64979,10.938,0.036
4541.80695,10.856,0.036
4543.65939,10.871,0.031
4548.78654,10.895,0.039
4553.77395,10.898,0.044
4559.55409,10.972,0.03
4560.76251,10.967,0.035
4561.61576,10.957,0.029
4565.75384,11.019,0.036
4567.80693,10.988,0.039
4570.68399,11.005,0.035
4572.70514,10.964,0.038
4574.69571,11.001,0.039
4576.52779,11.126,0.033
4576.71979,11.058,0.038
4580.53013,11.082,0.032
4583.66616,11.161,0.036
4586.68637,11.229,0.034
4586.85535,11.16,0.033
4591.83537,11.411,0.029
4593.63734,11.206,0.039
4595.65443,11.258,0.035
4597.65492,11.228,0.036
4601.66261,11.259,0.034
4603.68591,11.197,0.039
4606.82715,11.22,0.035
4607.69303,11.165,0.038
4610.57834,11.233,0.038
4611.83576,11.209,0.029
4615.89263,11.3,0.032
4616.62977,11.326,0.035
4622.6277,11.4,0.042
4623.82148,11.329,0.03
4624.71403,11.338,0.038
4626.57098,11.338,0.035
4628.58191,11.335,0.038
4630.5942,11.364,0.036
4641.59586,11.118,0.034
4641.87167,11.117,0.028
4642.48828,11.105,0.032
4643.59917,11.134,0.037
4645.47599,11.083,0.026
4645.61082,11.11,0.044
4647.63347,11.165,0.04
4648.47713,11.063,0.031
4649.67925,11.082,0.047
4651.75169,11.026,0.029
4652.46472,10.985,0.032
4655.46383,11.064,0.031
4656.53474,11.046,0.038
4658.63102,11.038,0.042
4658.85028,10.985,0.042
4661.52468,10.974,0.038
4663.59298,10.984,0.04
4666.54744,11.028,0.037
4672.50696,10.967,0.037
4674.57049,10.876,0.038
4683.49113,10.908,0.039
4684.67347,10.901,0.032
4685.50064,11.003,0.037
4687.51116,10.977,0.037
4701.65216,10.915,0.041
4703.65495,10.844,0.026
4704.49947,10.882,0.037
4705.68772,10.832,0.028
4708.49954,10.849,0.038
4708.62861,10.839,0.03
4710.64717,10.868,0.042
4711.48342,10.903,0.04
4722.62747,10.869,0.032
4725.48112,10.868,0.042
4725.63978,10.875,0.035
4725.7909,10.867,0.03
4730.63897,10.884,0.026
4733.6416,10.885,0.028
4746.70822,10.847,0.024
4747.56055,10.878,0.037
4750.57264,10.864,0.037
4750.60202,10.882,0.032
4753.56211,10.882,0.031
4756.53887,10.869,0.032
4759.53073,10.937,0.035
4759.63881,10.856,0.028
4760.6793,10.917,0.028
4762.52966,10.979,0.03
4763.60933,10.962,0.028
4765.52531,10.927,0.031
4765.66979,10.91,0.031
4768.52089,10.854,0.029
4769.5935,10.943,0.03
4770.60529,10.881,0.032
4771.50779,10.789,0.031
4773.5452,10.801,0.027
4774.5174,10.805,0.031
4775.56605,10.811,0.03
4777.58642,10.863,0.028
4778.52039,10.821,0.029
4779.8505,10.8,0.031
4784.59025,10.882,0.034
4785.57607,10.913,0.028
4787.83944,10.977,0.028
4808.8085,10.877,0.025
4813.82305,10.902,0.031
4816.81171,10.908,0.031
4820.7733,10.913,0.028
4823.78969,10.864,0.026
4826.78458,10.865,0.028
4829.77028,10.839,0.028
4835.76153,10.852,0.033
4838.7525,10.874,0.044
4844.83071,10.888,0.031
4847.72013,10.894,0.027
4852.7204,10.945,0.032
4855.73785,10.933,0.027
4858.6977,10.851,0.031
4861.75059,10.794,0.032
4867.74662,10.802,0.032
4870.67186,10.855,0.029
4872.72441,10.824,0.033
4875.72162,10.923,0.041
4883.64174,11.044,0.027
4895.85715,11.045,0.049
4903.85334,11.014,0.05
4914.80347,11.131,0.052
4917.75982,11.15,0.049
4919.79879,11.167,0.05
4924.84676,11.235,0.052
4940.7407,11.176,0.048
4945.76082,11.196,0.051
4950.78522,11.263,0.052
4954.69794,11.33,0.05
4962.64558,11.055,0.053
4967.68925,11.039,0.048
4967.86083,11.039,0.043
4984.61212,11.236,0.051
4984.83404,11.181,0.042
4988.78147,11.142,0.044
4993.80709,11.045,0.041
5006.60231,10.88,0.053
5014.77738,10.888,0.039
5021.60212,10.966,0.05
5021.76914,11.024,0.041
5023.60176,11.006,0.047
5023.79162,10.994,0.038
5031.69174,10.847,0.051
5038.72844,10.783,0.045
5042.54908,10.789,0.052
5049.59117,10.905,0.053
5049.69125,10.984,0.043
5068.49814,10.928,0.053
5070.70937,10.888,0.042
5071.53032,10.9,0.053
5075.66812,10.862,0.044
5082.68751,10.82,0.039
5086.48698,10.877,0.052
5089.66984,10.945,0.038
5099.56578,10.981,0.041
5111.54591,10.753,0.036
5122.50845,10.926,0.052
5159.83845,10.796,0.042
5163.85771,10.839,0.046
