1936.87941,9.353,0.034
1939.88666,9.449,0.036
1949.86384,9.972,0.038
1953.86239,10.262,0.031
1954.85809,10.308,0.036
1961.87367,11.044,0.033
1963.86126,11.22,0.031
1965.85185,11.474,0.031
1967.85144,11.759,0.033
2016.78753,12.856,0.039
2025.73576,11.999,0.037
2026.76164,11.848,0.035
2027.74744,11.815,0.035
2031.74317,11.657,0.035
2032.73934,11.56,0.034
2052.69441,10.882,0.037
2053.70587,10.882,0.036
2054.69935,10.875,0.037
2055.68601,10.875,0.038
2056.68046,10.851,0.037
2057.67856,10.825,0.034
2058.68216,10.823,0.037
2061.67878,10.74,0.036
2068.70417,10.758,0.037
2070.65408,10.817,0.036
2080.56969,11.463,0.036
2081.63119,11.554,0.037
2082.64008,11.663,0.038
2083.62437,11.788,0.04
2085.61961,11.988,0.036
2086.61877,12.113,0.035
2087.61864,12.171,0.037
2088.6174,12.369,0.036
2102.57428,13.569,0.034
2103.58724,13.645,0.036
2105.57944,13.664,0.035
2106.58366,13.855,0.034
2109.57642,13.912,0.033
2115.54098,13.918,0.035
2116.55116,13.575,0.034
2117.54777,13.555,0.034
2124.52516,12.676,0.037
2125.53713,12.576,0.034
2128.52277,12.098,0.035
2130.51502,11.84,0.034
2131.53229,11.723,0.034
2133.50434,11.575,0.034
2135.50766,11.329,0.037
2142.4977,10.677,0.035
2144.48671,10.526,0.034
2151.54719,10.143,0.031
2156.54818,9.809,0.036
2171.50483,9.301,0.026
2177.50095,9.523,0.047
2440.63755,12.081,0.026
2441.64319,12.16,0.034
2442.63847,12.238,0.033
2444.63194,12.362,0.029
2445.62055,12.471,0.027
2446.64105,12.461,0.031
2452.6031,12.984,0.032
2454.62703,12.807,0.038
2460.62031,13.195,0.028
2463.61092,13.281,0.033
2464.59381,13.622,0.028
2465.59518,13.579,0.027
2466.58451,13.477,0.027
2467.58718,13.505,0.026
2468.58633,13.443,0.028
2469.57825,13.306,0.033
2473.55938,13.247,0.028
2481.53753,12.331,0.036
2482.56905,12.221,0.035
2486.54568,11.709,0.033
2489.53685,11.451,0.036
2490.56911,11.258,0.029
2491.52117,11.224,0.035
2493.53447,11.049,0.035
2495.51493,10.846,0.036
2498.50581,10.577,0.028
2499.51815,10.513,0.031
2508.55355,9.838,0.028
2511.57314,9.764,0.035
2520.49842,9.815,0.029
2521.52007,9.863,0.028
2524.52503,9.963,0.037
2526.5566,10.056,0.035
2540.51288,10.849,0.045
2544.51361,11.219,0.037
2548.51092,11.533,0.031
2677.87165,13.334,0.035
2681.87205,13.376,0.032
2684.87088,13.557,0.034
2690.86386,13.972,0.043
2697.86089,13.546,0.038
2700.88593,13.881,0.032
2703.85666,13.489,0.032
2706.83828,13.142,0.03
2711.82303,12.322,0.034
2713.85001,12.049,0.03
2717.8322,11.741,0.033
2719.84493,11.65,0.03
2723.90434,11.548,0.03
2725.82981,11.5,0.029
2727.82711,11.449,0.028
2728.85202,11.533,0.028
2729.81689,11.377,0.03
2732.82584,11.312,0.035
2734.79793,11.331,0.031
2738.8134,11.188,0.03
2740.7951,11.035,0.029
2742.78176,10.864,0.034
2744.77812,10.676,0.029
2750.83263,10.128,0.032
2751.85187,10.066,0.025
2752.77318,10.074,0.031
2755.75816,10.096,0.03
2757.76872,10.152,0.029
2759.81109,10.202,0.028
2761.75291,10.258,0.029
2768.78924,10.557,0.033
2770.76602,10.652,0.029
2782.80048,11.686,0.027
2784.71161,11.887,0.032
2786.66002,12.101,0.03
2787.80281,12.247,0.035
2791.6371,12.673,0.032
2794.70856,13.043,0.031
2809.68509,14.017,0.032
2810.82012,13.735,0.031
2812.62893,13.769,0.033
2820.68084,13.445,0.028
2826.71647,12.576,0.028
2834.71477,12.012,0.037
2836.5745,11.894,0.03
2839.63235,11.594,0.028
2841.68445,11.462,0.031
2843.62922,11.343,0.035
2851.55725,10.732,0.027
2853.70445,10.501,0.026
2855.59941,10.347,0.029
2860.531,10.107,0.029
2861.69738,10.057,0.031
2867.67484,9.983,0.03
2872.49429,9.976,0.029
2872.63849,9.951,0.039
2874.66268,9.995,0.03
2876.61992,10.038,0.029
2878.6174,10.071,0.038
2882.56083,10.221,0.034
2888.48197,10.468,0.033
2892.48296,10.689,0.039
2896.55108,10.937,0.031
2898.5445,11.065,0.03
2904.52601,11.449,0.038
2906.52177,11.573,0.03
2909.52304,11.707,0.033
2915.48852,12.182,0.031
2917.52254,12.388,0.032
2927.51393,12.927,0.029
2930.49652,13.29,0.03
3062.86533,12.309,0.043
3067.89289,11.538,0.031
3070.88104,11.179,0.031
3074.85595,10.839,0.037
3079.83294,10.515,0.046
3082.86825,10.364,0.038
3086.86672,10.107,0.031
3089.87017,9.899,0.035
3092.85018,9.731,0.032
3096.88334,9.647,0.036
3098.86791,9.668,0.032
3101.81484,9.671,0.033
3106.8572,9.719,0.034
3109.79694,9.795,0.029
3112.78314,9.93,0.031
3114.84896,10.066,0.032
3118.79248,10.346,0.047
3122.78479,10.709,0.031
3124.83329,10.884,0.031
3126.81115,11.087,0.03
3128.801,11.3,0.031
3133.78579,11.848,0.03
3144.8157,13.088,0.032
3152.83444,13.444,0.035
3154.67281,13.589,0.029
3163.74201,13.85,0.029
3165.76539,13.384,0.036
3168.77577,13.471,0.032
3171.72724,13.073,0.029
3175.72051,12.515,0.03
3180.65439,12.037,0.033
3183.65317,11.566,0.037
3189.59176,11.176,0.034
3191.71752,11.049,0.037
3270.4837,13.041,0.031
3272.55416,13.089,0.034
3275.54497,12.895,0.044
3278.52275,12.707,0.033
3298.48979,10.996,0.034
3407.88706,12.03,0.025
3411.88881,11.726,0.026
3415.86933,11.597,0.026
3424.86733,11.282,0.029
3427.85147,11.213,0.039
3427.87647,11.14,0.028
3430.88947,10.96,0.03
3443.879,10.218,0.026
3449.87115,10.132,0.035
3452.86857,10.195,0.029
3455.80569,10.176,0.028
3457.8409,10.191,0.027
3462.8209,10.331,0.027
3465.82457,10.497,0.025
3468.8195,10.704,0.024
3474.79939,11.303,0.029
3477.78816,11.624,0.026
3479.85945,11.817,0.036
3481.81226,12.102,0.03
3483.80408,12.569,0.04
3489.76675,12.902,0.03
3491.8055,13.176,0.031
3497.80819,13.726,0.024
3501.69983,13.665,0.027
3503.76399,13.763,0.025
3506.77376,13.809,0.032
3509.76353,13.747,0.027
3511.82122,13.486,0.027
3515.80112,12.94,0.03
3518.73784,12.636,0.044
3523.74036,12.074,0.041
3525.81874,11.987,0.032
3530.64959,11.493,0.028
3537.72667,10.933,0.046
3539.67421,10.826,0.029
3543.6673,10.605,0.036
3550.69166,10.377,0.031
3552.73009,10.23,0.035
3555.7269,10.116,0.023
3558.73473,10.029,0.032
3560.74465,9.987,0.031
3563.55934,9.974,0.025
3570.62928,9.958,0.027
3573.68363,9.999,0.028
3575.70313,10.26,0.027
3577.72832,10.053,0.033
3583.57121,10.336,0.034
3585.62805,10.398,0.04
3587.64224,10.598,0.025
3589.65437,10.796,0.027
3592.52449,11.036,0.03
3594.57059,11.284,0.035
3599.59724,11.797,0.026
3602.49593,12.012,0.026
3604.53182,12.19,0.033
3608.51034,12.6,0.029
3616.52455,13.048,0.034
3618.62057,13.082,0.035
3621.51676,13.216,0.037
3625.59982,12.755,0.041
3629.54194,12.58,0.03
3631.54706,12.346,0.032
3633.56798,12.134,0.031
3637.55013,11.9,0.03
3641.51837,11.525,0.03
3644.5034,11.282,0.035
3648.50966,10.903,0.03
3653.50088,10.564,0.033
3657.50479,10.256,0.041
3660.49259,10.098,0.033
3767.88141,11.532,0.033
3790.86732,9.792,0.028
3794.88202,9.843,0.029
3798.86192,9.897,0.033
3802.89569,10.09,0.036
3810.85749,10.591,0.032
3817.83591,11.259,0.033
3820.85322,11.531,0.033
3823.848,11.849,0.032
3826.84213,12.154,0.028
3829.82869,12.525,0.029
3832.82135,12.834,0.029
3834.86238,13.336,0.031
3837.7969,13.38,0.03
3847.83012,13.777,0.031
3858.75041,14.122,0.029
3862.75112,14,0.035
3864.73441,13.816,0.027
3866.72869,13.524,0.026
3871.76852,12.966,0.028
3874.85791,12.805,0.029
3877.70352,12.327,0.027
3880.74455,12.042,0.026
3887.69981,11.626,0.032
3891.68668,11.557,0.024
3893.6863,11.529,0.027
3898.69273,11.296,0.036
3900.7008,11.209,0.039
3902.716,11.043,0.028
3904.74266,10.87,0.036
3906.74634,10.747,0.032
3908.81833,10.655,0.03
3912.73757,10.549,0.034
3981.50031,13.149,0.036
4131.88154,9.762,0.028
4145.881,9.454,0.046
4160.86684,10.134,0.03
4164.85668,10.443,0.032
4168.86133,10.832,0.029
4173.89784,11.372,0.027
4177.84573,11.821,0.038
4187.85917,12.871,0.03
4190.82939,13.676,0.026
4192.85625,13.404,0.027
4194.84133,13.589,0.028
4203.84736,14.094,0.03
4212.82505,13.725,0.033
4215.81918,13.419,0.028
4230.78238,11.991,0.043
4246.72009,10.633,0.029
4250.71687,10.467,0.034
4254.71941,10.302,0.037
4259.65207,10.286,0.038
4266.75797,10.431,0.038
4269.62655,10.464,0.031
4272.65842,10.496,0.026
4274.6599,10.545,0.032
4277.63793,10.576,0.043
4283.64409,10.926,0.03
4289.63402,11.26,0.039
4291.63777,11.531,0.032
4293.6274,11.557,0.047
4295.64069,11.846,0.028
4297.6346,12.032,0.035
4299.6039,12.135,0.028
4301.58873,12.312,0.036
4303.59933,12.446,0.035
4310.65852,12.936,0.026
4312.65527,13.171,0.035
4315.65813,13.331,0.046
4319.5517,13.534,0.028
4329.53635,13.268,0.036
4341.59037,11.788,0.028
4349.60026,11.009,0.038
4351.59968,10.945,0.036
4354.57903,10.623,0.028
4356.59864,10.422,0.029
4358.57888,10.224,0.029
4363.48943,9.76,0.026
4365.54363,9.569,0.027
4369.52019,9.351,0.031
4371.532,9.329,0.035
4375.51754,9.296,0.026
4377.52593,9.383,0.031
4380.51415,9.428,0.035
4383.50544,9.57,0.026
4386.49503,9.692,0.026
4504.88745,10.698,0.032
4508.88873,10.85,0.028
4518.86827,11.4,0.03
4522.87224,11.572,0.027
4528.86266,11.902,0.029
4536.88552,12.427,0.027
4540.83939,12.589,0.03
4546.86014,12.66,0.03
4550.83326,12.64,0.033
4554.89556,12.811,0.033
4557.84708,12.494,0.026
4563.82676,12.543,0.026
4566.80856,12.549,0.029
4569.81404,12.269,0.029
4571.85913,12.115,0.026
4573.80214,11.908,0.028
4575.80801,11.884,0.034
4583.78673,11.015,0.026
4589.7569,10.489,0.029
4592.7279,10.112,0.03
4594.78323,9.846,0.026
4599.72105,9.434,0.03
4601.75003,9.364,0.027
4603.75175,9.323,0.028
4609.74989,9.325,0.031
4611.73142,9.348,0.029
4615.80097,9.471,0.031
4621.67801,9.788,0.03
4623.7004,9.935,0.03
4629.65807,10.388,0.025
4631.66958,10.57,0.029
4640.64141,11.565,0.03
4642.6539,11.812,0.029
4644.67352,12.049,0.027
4646.67499,12.163,0.034
4648.71235,12.402,0.029
4650.76525,12.546,0.03
4654.7577,12.955,0.034
4656.72514,13.281,0.028
4659.59257,13.482,0.039
4663.59805,13.995,0.031
4667.57273,13.85,0.028
4672.7284,13.827,0.027
4677.55514,14.213,0.029
4679.56205,13.921,0.026
4682.54502,13.657,0.036
4686.53387,13.259,0.036
4698.5912,11.935,0.033
4700.59287,11.76,0.029
4702.60684,11.66,0.028
4704.59611,11.494,0.03
4720.54249,10.062,0.028
4722.58354,10.015,0.03
4729.52029,10.08,0.029
4737.5173,10.256,0.029
4740.50866,10.367,0.029
4746.49509,10.673,0.033
4750.49998,11.057,0.035
4754.49464,11.398,0.035
4757.49749,11.652,0.034
4882.8894,12.433,0.029
4890.89302,13.356,0.04
4917.85415,13.657,0.035
4920.84363,13.651,0.035
4924.8785,12.761,0.041
4931.80966,12.196,0.04
4939.78575,11.652,0.037
4946.76688,10.956,0.036
4951.77507,10.593,0.043
4954.74492,10.513,0.038
4967.77661,10.432,0.044
4969.81481,10.435,0.035
4975.73452,10.469,0.039
4991.70367,11.519,0.042
4994.73599,11.74,0.04
5006.67188,13.05,0.039
5014.62507,13.463,0.036
5024.61999,14.364,0.036
5040.57152,11.832,0.045
5047.57764,11.247,0.041
5088.5402,9.983,0.043
5103.52874,11.034,0.043
