1932.87622,12.959,0.045
1935.87131,13.09,0.041
1938.85618,12.939,0.043
1946.88504,12.988,0.052
1949.84577,12.919,0.047
1953.84587,12.93,0.045
1954.83051,12.925,0.051
1954.84355,12.92,0.048
1955.84043,12.971,0.045
1955.84881,12.86,0.045
1958.89902,12.886,0.056
1964.81406,12.821,0.046
1966.81386,12.902,0.048
1976.90821,12.815,0.053
1979.75269,12.702,0.059
1982.77244,12.791,0.05
1983.90797,12.988,0.053
1984.81977,12.81,0.056
1996.80725,12.858,0.057
2025.70936,13.156,0.056
2026.73974,13.133,0.053
2027.73701,13.052,0.06
2030.7248,13.857,0.05
2031.7373,12.971,0.056
2032.7199,13.119,0.05
2033.70958,13.024,0.057
2037.68182,13.176,0.083
2040.70617,13.127,0.084
2052.67943,13.284,0.066
2053.69748,13.432,0.067
2054.68888,13.468,0.078
2055.67329,13.359,0.07
2056.67452,13.456,0.075
2057.67033,13.65,0.077
2058.66945,13.451,0.05
2068.63725,13.43,0.071
2069.64661,13.524,0.073
2070.63919,13.298,0.071
2080.53436,13.181,0.08
2081.61864,13.315,0.055
2082.63432,13.296,0.067
2085.60718,13.164,0.046
2086.61082,13.297,0.067
2087.60617,13.275,0.07
2088.60494,13.255,0.069
2093.53579,13.034,0.066
2094.57285,13.096,0.077
2096.58212,13.176,0.075
2102.55983,13.032,0.057
2103.57949,13.096,0.061
2104.58164,12.915,0.051
2105.57181,12.975,0.065
2106.57824,12.968,0.059
2109.57103,13.014,0.055
2115.53352,13.024,0.053
2116.54374,13.117,0.055
2117.54035,13.066,0.056
2124.51783,13.269,0.06
2125.53431,13.085,0.058
2128.52004,13.318,0.06
2129.55291,13.278,0.06
2131.49057,13.318,0.07
2135.50001,13.318,0.063
2140.49235,13.454,0.053
2142.52058,13.262,0.061
2144.48905,13.232,0.063
2151.49058,13.124,0.074
2156.47597,12.931,0.049
2156.52092,12.961,0.059
2164.4984,12.791,0.043
2167.47616,12.74,0.06
2168.54473,12.645,0.055
2171.49591,12.591,0.063
2172.48439,12.702,0.051
2178.5394,12.731,0.06
2180.52431,12.786,0.052
2184.52209,12.809,0.061
2185.48341,12.792,0.061
2189.48728,12.944,0.062
2191.51632,12.986,0.06
2193.48873,12.947,0.067
2195.48538,12.998,0.061
2197.49238,12.99,0.065
2198.50957,13.053,0.063
2203.4956,13.058,0.068
2203.50434,12.984,0.065
2205.5173,13.144,0.069
2219.49668,12.955,0.065
2440.6317,13.234,0.035
2442.62814,13.272,0.041
2445.60795,13.222,0.036
2460.61013,13.612,0.036
2463.58473,13.425,0.044
2463.61452,13.358,0.05
2465.58512,13.285,0.045
2466.57675,13.306,0.044
2468.57632,13.393,0.036
2469.57283,13.323,0.046
2473.52436,13.515,0.046
2490.53571,13.506,0.047
2490.57097,13.177,0.048
2493.52947,13.432,0.046
2495.51682,13.179,0.052
2499.52015,13.308,0.04
2501.51843,13.368,0.061
2503.56669,13.336,0.048
2508.66771,13.365,0.038
2510.63977,13.289,0.045
2520.56468,13.301,0.037
2524.56703,13.457,0.053
2526.6024,13.381,0.049
2535.56097,13.434,0.055
2540.61907,13.728,0.042
2545.48271,13.52,0.046
2547.49062,13.748,0.05
2559.54394,13.628,0.045
2565.51977,13.935,0.048
2578.5097,13.662,0.045
2666.86668,13.437,0.047
2671.85196,13.103,0.04
2678.84857,13.126,0.037
2681.84857,13.166,0.038
2684.84048,13.136,0.042
2693.83668,13.14,0.042
2696.87984,13.071,0.054
2699.82812,12.994,0.038
2702.85252,13.14,0.036
2703.84887,13.119,0.035
2705.80932,13.14,0.041
2709.83835,13.163,0.041
2711.84822,13.178,0.037
2713.82878,13.151,0.036
2715.83069,13.046,0.037
2719.81477,13.059,0.039
2719.83741,12.936,0.036
2723.8074,12.888,0.04
2725.80248,12.898,0.038
2727.83473,12.937,0.037
2732.81517,12.852,0.04
2734.7676,12.874,0.038
2736.76141,12.667,0.036
2740.78262,12.74,0.037
2742.7592,12.866,0.039
2744.75471,12.859,0.038
2750.8662,12.81,0.042
2751.71411,13.11,0.033
2752.75815,12.896,0.038
2755.73853,13.229,0.038
2757.74225,13.271,0.041
2759.79834,13.228,0.036
2761.74702,13.586,0.046
2763.72314,13.646,0.038
2766.81908,13.398,0.039
2782.75383,13.53,0.04
2784.69876,13.455,0.037
2786.63602,13.479,0.037
2787.78997,13.332,0.038
2790.91073,13.348,0.042
2805.83552,13.011,0.047
2809.74006,13.09,0.045
2812.62534,12.86,0.039
2813.79539,12.884,0.049
2821.56845,12.731,0.036
2826.61554,12.912,0.03
2830.72788,13.068,0.036
2832.58317,13.089,0.035
2833.70341,12.987,0.038
2838.5885,13.08,0.031
2842.61977,13.2,0.056
2845.63222,13.213,0.032
2851.73132,13.278,0.033
2854.53122,13.112,0.03
2858.56255,12.843,0.032
2859.63934,12.939,0.035
2860.7201,12.81,0.036
2862.61241,13.009,0.04
2867.69986,12.837,0.042
2874.70947,12.701,0.038
2876.62944,12.724,0.039
2878.62194,12.631,0.06
2883.54931,12.77,0.04
2885.53712,12.817,0.04
2888.56205,12.828,0.041
2893.51807,12.995,0.049
2894.60695,13.123,0.038
2895.52846,13.049,0.044
2906.60787,13.032,0.037
2910.48635,13.052,0.04
2912.51409,13.101,0.041
2915.54041,13.049,0.044
2917.56601,12.973,0.041
2921.56528,12.94,0.039
2923.56266,12.867,0.04
2927.51274,12.914,0.037
2929.52567,12.795,0.04
2931.52988,12.778,0.039
2933.53378,12.763,0.043
2935.53508,12.723,0.044
3032.87368,12.64,0.045
3036.8631,12.887,0.04
3043.82839,12.872,0.043
3052.87355,13.102,0.037
3056.84637,13.026,0.041
3060.8541,13.011,0.039
3064.84381,12.994,0.039
3071.86576,13.134,0.037
3074.87663,13.022,0.036
3080.86843,13.052,0.038
3085.90642,12.893,0.037
3088.84268,12.802,0.037
3091.82684,13.087,0.038
3096.87982,13.18,0.039
3098.85922,13.142,0.039
3101.80873,13.117,0.038
3104.78734,13.174,0.038
3106.8506,13.192,0.039
3109.77576,13.216,0.036
3112.76404,13.127,0.035
3114.82384,13.288,0.045
3118.77533,13.239,0.049
3122.76093,12.991,0.035
3124.81379,13.05,0.036
3126.79677,13.184,0.041
3128.7798,13.128,0.04
3130.77725,13.069,0.04
3132.8082,13.161,0.039
3134.85868,13.229,0.043
3144.7124,13.202,0.035
3153.72234,13.054,0.037
3156.67182,13.22,0.04
3158.75502,13.071,0.039
3160.7912,12.987,0.047
3163.774,12.901,0.039
3165.80239,13.075,0.045
3168.80794,13.075,0.055
3171.7415,12.994,0.041
3175.74236,12.91,0.038
3178.60734,13.073,0.037
3180.70502,13.165,0.038
3185.6636,13.178,0.044
3187.70016,13.218,0.039
3219.49885,12.947,0.045
3398.86125,13.114,0.065
3402.87124,12.963,0.072
3404.8696,13.129,0.059
3405.87993,12.961,0.052
3408.87018,12.96,0.052
3409.85236,13.053,0.048
3416.86352,13.106,0.041
3420.85596,13.17,0.052
3421.83773,13.023,0.082
3421.84027,13.158,0.053
3424.86472,12.942,0.054
3427.85987,12.949,0.057
3430.85231,12.884,0.066
3433.85605,12.819,0.064
3436.89205,12.774,0.045
3438.84991,12.683,0.051
3442.87338,12.631,0.044
3443.8497,12.731,0.046
3445.8463,12.55,0.064
3445.85606,12.559,0.053
3446.85988,12.625,0.05
3448.849,12.647,0.062
3449.85998,12.527,0.049
3452.80747,12.56,0.062
3453.77838,12.604,0.06
3454.87874,12.524,0.07
3455.82463,12.488,0.061
3457.77136,12.674,0.069
3457.87965,12.536,0.059
3459.77645,12.584,0.056
3462.80613,12.614,0.051
3462.81146,12.733,0.051
3464.9023,12.678,0.052
3465.827,12.744,0.047
3467.81946,12.723,0.042
3468.83387,12.875,0.043
3470.79221,12.857,0.045
3471.80706,12.942,0.043
3473.7816,12.949,0.047
3474.81056,13.176,0.041
3476.77764,13.199,0.062
3477.79871,13.287,0.051
3478.81007,13.247,0.055
3479.86183,13.167,0.091
3480.83799,13.285,0.05
3481.81766,12.955,0.043
3489.75987,13.012,0.067
3491.79534,13.014,0.051
3492.8215,13.08,0.043
3496.80545,13.039,0.045
3497.80128,13.135,0.046
3501.67212,12.881,0.056
3503.7549,12.885,0.045
3504.77597,12.855,0.067
3506.76721,12.781,0.036
3508.80793,12.67,0.035
3509.75162,12.742,0.044
3510.80996,12.592,0.04
3511.81539,12.664,0.046
3512.71409,12.714,0.037
3515.78841,12.727,0.041
3516.76675,12.61,0.044
3517.79378,12.671,0.055
3520.70444,12.643,0.057
3521.71574,12.713,0.057
3522.73211,12.657,0.05
3523.72051,12.668,0.05
3524.76165,12.808,0.05
3525.75314,12.739,0.051
3526.78296,12.716,0.054
3528.82387,12.881,0.048
3529.88445,12.811,0.07
3537.73288,12.864,0.05
3538.66728,12.955,0.05
3540.66815,12.991,0.056
3542.81208,13.31,0.045
3544.74344,13.132,0.057
3544.76417,13.256,0.059
3547.79005,13.167,0.048
3547.82762,13.002,0.058
3551.77418,13.317,0.076
3551.81383,13.223,0.055
3554.73891,13.127,0.039
3554.75728,13.244,0.046
3556.83767,13.036,0.044
3558.59933,13.214,0.053
3560.60549,13.163,0.057
3560.61131,13.307,0.049
3562.57029,13.183,0.082
3562.60487,13.206,0.059
3562.621,13.367,0.058
3564.59128,13.047,0.041
3564.61771,13.197,0.042
3569.67396,12.997,0.034
3570.5785,13.074,0.044
3570.61109,13.251,0.038
3571.70009,13.005,0.038
3573.64273,12.926,0.041
3573.6604,13.018,0.035
3574.70668,12.748,0.034
3575.65739,12.878,0.039
3575.67829,12.887,0.042
3576.72113,12.863,0.037
3577.68703,13.213,0.052
3578.69851,12.828,0.041
3583.58557,12.856,0.057
3583.67667,12.7,0.045
3585.63951,12.751,0.07
3585.64267,12.825,0.054
3585.73072,12.8,0.041
3587.66001,12.681,0.046
3587.66305,12.764,0.049
3589.69278,12.74,0.07
3589.71003,12.785,0.06
3590.55915,12.866,0.062
3592.5372,12.672,0.05
3592.56651,12.671,0.063
3594.5787,12.76,0.048
3597.67677,12.83,0.048
3599.60773,12.881,0.04
3601.66892,12.891,0.05
3602.64221,12.883,0.044
3603.6683,13.145,0.037
3606.51624,13.054,0.042
3609.4822,13.116,0.056
3616.53888,13.082,0.046
3616.55231,13.546,0.044
3617.55271,13.25,0.043
3618.66094,13.4,0.05
3619.60653,13.347,0.071
3620.63047,13.233,0.065
3620.6512,13.431,0.074
3621.65105,13.5,0.054
3625.60584,13.219,0.049
3625.61212,13.218,0.044
3625.62792,13.301,0.037
3628.59429,13.165,0.038
3631.51908,13.321,0.046
3633.53878,13.302,0.048
3633.54291,13.368,0.045
3633.55648,13.262,0.042
3639.56522,13.036,0.045
3639.56842,13.085,0.035
3639.57611,13.079,0.036
3642.56892,12.971,0.042
3642.57243,13.091,0.04
3644.5947,13.059,0.061
3646.55287,12.795,0.037
3648.55829,12.581,0.053
3649.51954,12.807,0.05
3650.57675,12.739,0.043
3652.50635,12.859,0.05
3653.52476,12.608,0.051
3653.54633,12.884,0.041
3654.53589,12.659,0.045
3655.5589,12.736,0.042
3657.5472,12.674,0.053
3658.52827,12.751,0.04
3658.53717,12.726,0.044
3660.50712,12.641,0.047
3660.55305,12.629,0.043
3661.51676,12.815,0.042
3662.52984,12.843,0.057
3663.52624,12.78,0.044
3665.5161,12.735,0.05
3665.54001,12.964,0.069
3666.53845,13.01,0.041
3669.51507,12.833,0.04
3669.53274,12.89,0.035
3670.50051,12.906,0.036
3672.51389,12.873,0.05
3673.5021,12.897,0.048
3673.50781,12.903,0.04
3675.51171,12.803,0.069
3676.50495,13.023,0.042
3680.50141,12.878,0.056
3754.871,13.283,0.061
3758.86052,13.205,0.05
3759.86844,13.286,0.051
3763.87558,13.19,0.053
3772.8576,13.241,0.057
3774.86971,13.32,0.054
3783.88859,12.884,0.055
3789.84809,12.899,0.055
3790.86064,12.845,0.062
3792.8878,12.65,0.064
3794.87182,12.957,0.061
3796.83383,12.752,0.054
3797.88945,12.863,0.054
3800.87053,12.807,0.048
3800.8732,12.982,0.053
3802.87484,12.943,0.06
3804.81827,12.7,0.054
3806.83872,12.933,0.054
3808.81963,12.952,0.054
3809.87003,12.992,0.049
3811.89685,12.752,0.053
3813.82893,13.175,0.08
3814.86786,13.019,0.047
3817.83833,12.124,0.072
3817.84817,13.083,0.066
3820.82123,13.23,0.057
3820.85807,13.074,0.049
3823.81889,13.152,0.072
3823.8838,13.138,0.055
3826.81765,13.317,0.051
3826.88215,13.281,0.045
3829.80802,13.315,0.053
3829.83888,13.195,0.053
3832.77896,13.093,0.055
3832.82879,13.32,0.068
3834.81928,13.137,0.051
3835.81448,13.31,0.056
3836.84622,12.991,0.049
3847.81714,13.08,0.058
3847.85288,13.236,0.059
3849.79975,13.094,0.045
3849.85334,13.102,0.051
3852.73961,13.025,0.059
3852.77623,13.069,0.041
3858.75777,13.062,0.072
3860.7715,13.087,0.049
3860.8193,12.998,0.042
3862.7004,13.025,0.06
3864.69414,12.846,0.052
3864.74188,12.867,0.049
3866.68193,12.948,0.049
3866.73361,13.016,0.047
3868.74296,12.961,0.051
3870.75757,12.875,0.046
3871.78669,13.039,0.046
3872.7536,12.912,0.049
3874.87596,12.94,0.048
3875.85438,12.854,0.05
3877.70843,12.947,0.045
3880.75925,12.935,0.043
3881.72632,12.987,0.051
3883.6973,12.901,0.044
3886.70725,13.166,0.045
3887.71412,13.25,0.042
3890.69907,13.213,0.044
3891.73076,13.079,0.041
3892.69695,13.163,0.056
3893.69996,13.183,0.038
3894.68986,13.162,0.042
3898.74063,13.065,0.046
3900.617,13.153,0.051
3900.80527,13.252,0.043
3902.66848,13.163,0.046
3902.7901,13.016,0.039
3904.69292,13.155,0.051
3904.81187,13.204,0.082
3906.8617,13.054,0.072
3908.76269,13.033,0.05
3912.71046,13.076,0.048
3981.50701,12.946,0.05
4128.87004,13.129,0.056
4132.86435,12.94,0.062
4133.87352,13.104,0.066
4141.87388,12.914,0.057
4144.85563,13.011,0.06
4145.86814,12.871,0.045
4151.8767,12.929,0.046
4155.87136,12.897,0.068
4158.87942,12.919,0.076
4161.82895,13.114,0.051
4162.84901,13.354,0.049
4164.8826,13.102,0.057
4166.8473,13.18,0.053
4172.86486,13.372,0.05
4176.87509,13.462,0.046
4180.83315,13.463,0.042
4183.86107,13.592,0.048
4187.87753,13.361,0.039
4188.83699,13.377,0.039
4190.83818,13.363,0.037
4191.77248,13.36,0.04
4193.81679,13.34,0.041
4193.84911,13.313,0.039
4197.82068,13.369,0.048
4199.79698,13.252,0.055
4202.82593,13.172,0.038
4203.78434,13.039,0.056
4204.8726,13.036,0.035
4205.84218,13.127,0.061
4208.80739,13.075,0.074
4212.84771,12.805,0.04
4213.81509,12.738,0.042
4215.84812,12.786,0.035
4216.80592,12.678,0.037
4228.77739,12.81,0.043
4228.79843,12.742,0.035
4230.77514,12.699,0.037
4230.79969,12.872,0.034
4232.80093,12.727,0.037
4234.81333,12.754,0.038
4234.84089,12.787,0.037
4245.68762,13.198,0.045
4246.71602,13.118,0.039
4247.67928,13.152,0.043
4250.70942,13.453,0.039
4250.75777,13.091,0.036
4253.78123,13.01,0.038
4253.87983,13.12,0.046
4256.64119,13.477,0.037
4256.67014,13.443,0.034
4258.69434,13.235,0.038
4258.74509,13.29,0.034
4266.78093,13.018,0.037
4266.78351,13.287,0.034
4269.60702,13.303,0.037
4269.63876,13.127,0.043
4272.6518,13.143,0.037
4272.68929,12.978,0.036
4274.65591,13.039,0.038
4274.67991,12.9,0.035
4277.64639,12.874,0.036
4283.62907,12.765,0.043
4283.66493,12.716,0.038
4284.79408,12.67,0.067
4284.81171,12.658,0.062
4286.78341,12.639,0.065
4290.77309,12.973,0.039
4290.78457,12.691,0.038
4292.74445,12.781,0.034
4292.75937,12.813,0.045
4296.75499,12.931,0.044
4296.78331,12.838,0.045
4298.75579,12.81,0.039
4298.77328,13.022,0.054
4300.66402,12.952,0.064
4300.73972,13.019,0.048
4301.59794,12.726,0.043
4302.70637,13.328,0.043
4302.7716,13.053,0.042
4304.63135,13.099,0.036
4304.63431,12.973,0.042
4305.58358,12.993,0.031
4307.60392,12.819,0.044
4307.65557,13.015,0.047
4308.59138,13.055,0.042
4310.66754,12.984,0.04
4311.70783,13.06,0.053
4314.74283,13.231,0.039
4315.66378,13.185,0.034
4317.55674,12.967,0.048
4319.55814,13.173,0.036
4329.5474,13.189,0.041
4329.55053,13.122,0.043
4330.50683,13.075,0.036
4331.54585,13.095,0.037
4331.549,13.051,0.034
4332.53056,13.008,0.037
4333.53669,12.959,0.042
4336.51347,12.852,0.035
4336.57046,12.821,0.038
4338.56665,12.896,0.041
4338.72013,12.894,0.045
4339.60579,12.767,0.047
4341.54591,12.891,0.04
4341.60835,12.659,0.04
4343.55665,12.769,0.042
4343.61529,12.81,0.065
4345.57522,12.722,0.045
4345.62197,12.72,0.068
4346.61249,12.721,0.039
4347.5773,12.652,0.042
4347.62654,12.749,0.057
4348.61568,12.955,0.043
4349.57517,12.827,0.051
4349.62795,12.709,0.066
4351.5779,12.666,0.042
4351.62819,12.773,0.06
4353.51249,12.609,0.036
4353.67005,12.738,0.034
4354.58798,12.646,0.042
4356.51084,12.66,0.048
4356.60688,12.655,0.045
4358.5176,12.771,0.043
4358.59034,12.615,0.042
4360.5034,12.773,0.041
4360.57347,12.61,0.038
4361.54663,12.702,0.032
4362.6061,12.534,0.035
4363.51422,12.73,0.033
4363.5506,12.635,0.033
4364.58587,12.62,0.035
4365.55752,12.625,0.037
4365.57399,12.621,0.035
4368.56164,12.727,0.042
4368.61163,12.689,0.037
4371.51541,12.887,0.042
4372.58383,12.677,0.054
4373.5467,12.745,0.045
4376.51746,12.791,0.042
4376.54556,12.776,0.039
4378.5402,12.857,0.047
4378.56892,12.864,0.043
4378.57375,12.831,0.042
4380.59716,13.107,0.042
4381.52999,12.91,0.049
4383.55198,12.979,0.038
4384.51465,13.086,0.036
4384.5202,12.863,0.035
4386.53345,12.968,0.034
4387.49627,12.862,0.038
4388.53872,12.963,0.036
4392.52259,13.249,0.042
4392.5262,13.08,0.045
4392.54259,13.238,0.043
4407.5123,13.212,0.042
4411.5069,13.186,0.044
4488.86668,13.007,0.05
4493.86461,12.924,0.046
4502.87253,13.105,0.053
4504.8612,13.176,0.042
4506.87042,12.865,0.049
4508.85436,13.087,0.048
4510.86593,12.93,0.054
4517.89296,12.838,0.042
4520.83745,13.077,0.057
4521.8572,12.988,0.045
4523.85172,13.04,0.037
4524.87816,12.97,0.036
4527.8428,13.223,0.047
4527.87527,13.183,0.047
4530.87366,13.148,0.048
4531.83845,13.241,0.053
4535.88212,13.122,0.049
4535.90083,13.219,0.037
4538.8594,13.389,0.045
4539.83997,13.401,0.05
4541.85717,13.179,0.047
4543.82297,13.215,0.045
4546.83267,13.246,0.041
4547.83286,13.019,0.046
4550.85285,13.289,0.047
4555.79636,12.997,0.04
4558.83644,12.936,0.036
4559.7947,12.884,0.042
4561.82648,12.884,0.044
4562.78656,12.723,0.041
4564.81387,12.891,0.038
4564.868,12.863,0.057
4567.78797,12.991,0.042
4567.80489,12.861,0.04
4570.76678,12.987,0.04
4570.79714,12.932,0.038
4572.79285,12.904,0.037
4572.84704,12.901,0.035
4574.78221,12.887,0.042
4574.8005,12.918,0.054
4576.78646,13.087,0.045
4576.82702,13.06,0.045
4579.85342,12.914,0.037
4580.81127,12.94,0.045
4583.80152,12.938,0.034
4585.74836,13.01,0.035
4586.82698,13.074,0.037
4589.76451,13.1,0.042
4590.72607,13.123,0.043
4591.78664,13.551,0.037
4592.74065,13.2,0.045
4592.82737,13.269,0.039
4594.7755,13.286,0.036
4594.82254,13.251,0.034
4596.80639,13.306,0.036
4597.72516,13.383,0.037
4599.69691,13.337,0.044
4601.74231,13.479,0.039
4602.73429,13.541,0.053
4603.74755,13.526,0.037
4607.81664,13.23,0.047
4609.70366,13.253,0.038
4611.74899,13.447,0.038
4615.81901,13.175,0.039
4616.72655,13.429,0.037
4617.72728,13.386,0.036
4618.73164,13.416,0.045
4621.86637,12.999,0.062
4623.73218,13.21,0.037
4624.65295,13.165,0.043
4624.82879,13.129,0.049
4626.60278,13.183,0.04
4627.69569,12.99,0.039
4629.6734,13.28,0.035
4630.67122,13.159,0.04
4631.68529,13.057,0.038
4632.67457,13.126,0.046
4633.66294,13.356,0.042
4637.8246,13.023,0.044
4638.7445,12.996,0.038
4640.63489,13.117,0.038
4640.71133,13.22,0.035
4642.63646,13.277,0.038
4642.68484,13.172,0.035
4644.65495,13.222,0.042
4644.70433,13.065,0.038
4646.64403,12.971,0.051
4646.71643,13.223,0.048
4648.67012,13.232,0.054
4648.75972,13.172,0.077
4650.71714,13.108,0.067
4650.82096,13.019,0.063
4652.74271,13.121,0.041
4653.58826,13.167,0.035
4654.73024,13.138,0.052
4655.62253,13.292,0.04
4656.67428,13.222,0.043
4657.66141,13.12,0.039
4660.61242,13.224,0.045
4661.57886,13.09,0.045
4663.62024,12.999,0.045
4663.65984,13.026,0.064
4664.76492,13.056,0.039
4665.70956,12.995,0.055
4666.75994,12.98,0.037
4669.55073,12.986,0.039
4671.62595,13.085,0.039
4672.71142,12.928,0.056
4677.63991,13.057,0.048
4678.68331,13.28,0.049
4678.7288,12.926,0.068
4679.65172,12.891,0.04
4681.65872,13.037,0.049
4682.63318,12.947,0.048
4683.65813,13.027,0.057
4684.62197,13.205,0.056
4685.63909,13.067,0.039
4686.57808,13.1,0.043
4687.59445,12.819,0.052
4690.54583,12.982,0.035
4691.63064,12.982,0.06
4694.67888,12.832,0.055
4697.64016,12.935,0.035
4698.63586,13.048,0.052
4700.63346,13.004,0.068
4701.63296,12.813,0.047
4702.6431,12.945,0.041
4703.63479,12.988,0.057
4704.63745,12.865,0.061
4705.66628,13.006,0.052
4706.66712,12.843,0.04
4708.61961,13.043,0.069
4709.62348,13.127,0.068
4710.63809,12.788,0.065
4715.61004,13.049,0.045
4720.55633,12.834,0.061
4720.55954,13.115,0.04
4720.60606,12.998,0.053
4722.60053,12.932,0.063
4722.60371,13.033,0.063
4725.62212,13.583,0.076
4726.5427,13.069,0.067
4728.57519,12.935,0.048
4728.57843,13.108,0.05
4730.61781,12.762,0.071
4731.51507,12.862,0.064
4733.62564,12.86,0.06
4734.56869,13.049,0.064
4738.51672,12.819,0.039
4738.57115,13.055,0.046
4739.51019,12.975,0.044
4741.50978,13.097,0.043
4741.54827,12.833,0.056
4744.503,12.968,0.057
4745.50963,13.156,0.06
4746.54082,12.954,0.066
4747.54396,13.213,0.063
4750.56726,13.135,0.06
4753.51042,12.801,0.057
4753.53629,13.234,0.064
4753.55746,13.23,0.05
4755.55777,12.94,0.05
4756.51502,12.888,0.049
4756.53392,13.038,0.059
4758.53045,13.212,0.061
4759.50393,12.85,0.05
4759.52572,13.115,0.057
4761.51919,12.859,0.071
4762.50507,13.075,0.057
4762.52461,12.965,0.044
4764.51757,12.971,0.06
4765.50067,12.868,0.047
4765.52022,13.029,0.039
4767.51235,12.962,0.052
4768.49849,13.097,0.068
4768.51557,12.764,0.043
4772.49847,12.841,0.04
4776.51667,12.838,0.061
4852.86934,13.482,0.046
4865.87466,12.943,0.072
4869.86752,13.127,0.058
4869.88092,12.902,0.066
4877.84226,12.874,0.043
4877.87474,13.192,0.04
4881.86655,13.133,0.044
4882.87599,13.143,0.043
4885.84855,13.155,0.065
4886.85882,13.209,0.054
4890.84088,13.22,0.054
4890.87228,13.296,0.045
4902.88793,13.295,0.058
4904.88061,13.682,0.047
4906.81063,13.281,0.058
4907.86693,13.171,0.05
4916.81132,13.151,0.058
4917.84623,13.176,0.051
4919.84998,13.202,0.051
4920.8167,13.31,0.057
4924.866,13.324,0.056
4924.90811,13.416,0.053
4928.85927,13.118,0.055
4928.88746,13.499,0.052
4931.82583,13.24,0.057
4937.7961,13.176,0.054
4938.82582,13.115,0.057
4939.8639,13.441,0.05
4946.7752,13.326,0.054
4947.73616,13.227,0.055
4949.8233,13.468,0.053
4951.78917,13.311,0.048
4952.72213,13.298,0.06
4954.74731,13.165,0.057
4954.78132,13.414,0.052
4959.77413,13.39,0.053
4967.77944,13.095,0.053
4967.80768,13.243,0.049
4969.81743,12.915,0.055
4969.87168,13.276,0.049
4973.63868,13.212,0.062
4975.72776,12.931,0.055
4975.76015,13.138,0.05
4984.74228,13.143,0.051
4988.69658,13.044,0.054
4988.71292,13.091,0.051
4990.75789,12.972,0.055
4992.86261,12.869,0.052
5002.65738,12.602,0.054
5002.69077,12.799,0.051
5006.65801,12.606,0.052
5006.69299,12.604,0.051
5009.61285,12.739,0.056
5012.64561,12.679,0.049
5012.6958,12.64,0.046
5014.61269,12.65,0.049
5014.64383,12.668,0.047
5019.69514,12.863,0.056
5019.70406,12.898,0.052
5021.72342,12.886,0.047
5021.73436,12.889,0.053
5023.7253,13.13,0.047
5023.7397,12.841,0.043
5031.5775,13.094,0.043
5031.60693,13.225,0.042
5040.58127,13.308,0.049
5040.59434,13.452,0.05
5042.58118,13.074,0.045
5047.59869,13.5,0.051
5047.60181,13.42,0.053
5048.77463,13.149,0.047
5067.60954,13.011,0.057
5067.61278,13.059,0.059
5069.61011,12.845,0.072
5075.61501,12.801,0.057
5075.63511,12.807,0.051
5083.61084,12.885,0.059
5083.6218,12.661,0.051
5086.51463,12.752,0.047
5087.62849,12.907,0.058
5087.64033,12.941,0.052
5088.5712,13.024,0.055
5090.51089,12.674,0.048
5092.61421,12.787,0.056
5092.62289,13.009,0.045
5097.51331,12.963,0.051
5098.50915,12.87,0.047
5099.53675,12.946,0.051
5099.54,12.818,0.06
5106.49907,12.766,0.053
5111.53799,12.979,0.064
