1937.88494,9.487,0.047
1940.88442,9.493,0.043
1947.86391,9.425,0.042
1953.85483,9.429,0.036
1954.86204,9.491,0.048
1961.87088,9.504,0.033
1963.85844,9.503,0.034
1967.84861,9.527,0.033
1979.84,9.451,0.04
1980.81669,9.437,0.04
1981.82009,9.47,0.039
1982.78365,9.439,0.036
1994.77304,9.527,0.044
1996.83008,9.418,0.047
2025.73309,9.508,0.044
2026.76347,9.496,0.043
2027.75374,9.44,0.047
2030.74521,9.505,0.042
2031.75407,9.415,0.043
2032.74573,9.536,0.042
2033.73456,9.408,0.038
2037.63842,9.521,0.05
2052.70091,9.44,0.049
2053.71692,9.534,0.051
2054.70856,9.439,0.054
2055.69253,9.554,0.052
2056.69377,9.408,0.05
2057.6919,9.542,0.05
2058.68871,9.409,0.053
2061.68764,9.535,0.049
2068.71589,9.511,0.046
2069.67047,9.463,0.049
2070.65853,9.473,0.053
2080.56751,9.473,0.052
2081.63576,9.473,0.05
2082.64923,9.486,0.046
2083.63572,9.438,0.051
2085.62422,9.408,0.046
2086.6279,9.507,0.046
2087.62555,9.432,0.056
2088.62203,9.469,0.052
2096.64073,9.436,0.052
2102.57682,9.465,0.044
2103.5943,9.511,0.046
2104.59421,9.461,0.047
2105.59106,9.513,0.045
2106.593,9.432,0.043
2109.58797,9.529,0.037
2115.55036,9.529,0.038
2116.56282,9.433,0.038
2117.55717,9.671,0.043
2124.53309,9.442,0.044
2125.55108,9.453,0.043
2128.53227,9.517,0.043
2129.54241,9.459,0.041
2130.55388,9.516,0.043
2131.53503,9.442,0.044
2133.5116,9.471,0.042
2135.51486,9.451,0.046
2140.50194,9.477,0.037
2142.50722,9.514,0.047
2151.47507,9.463,0.041
2156.52372,9.452,0.047
2167.47878,9.418,0.055
2171.49848,9.429,0.045
2184.54911,9.467,0.047
2193.49093,9.486,0.049
2197.49452,9.473,0.05
2441.65227,9.502,0.029
2446.64562,9.395,0.03
2452.61229,9.449,0.044
2454.62019,9.447,0.032
2459.59675,9.43,0.049
2460.62978,9.532,0.026
2463.60407,9.453,0.042
2464.60085,9.525,0.029
2465.60224,9.421,0.032
2466.59379,9.533,0.027
2467.59648,9.413,0.026
2468.59341,9.542,0.031
2469.58984,9.417,0.03
2473.54829,9.437,0.031
2481.5492,9.433,0.037
2482.5811,9.409,0.037
2486.55512,9.469,0.038
2489.54631,9.511,0.038
2490.55285,9.421,0.036
2493.54397,9.51,0.034
2494.54721,9.459,0.037
2495.54608,9.492,0.034
2497.55285,9.487,0.03
2498.52958,9.436,0.03
2499.52992,9.535,0.027
2501.52146,9.509,0.037
2508.55857,9.5,0.033
2524.60228,9.486,0.034
2546.53883,9.54,0.037
2548.53245,9.493,0.034
2560.49806,9.448,0.034
2683.85033,9.455,0.037
2686.85777,9.455,0.037
2689.85335,9.515,0.038
2697.85338,9.465,0.032
2700.8831,9.512,0.041
2703.85383,9.444,0.036
2706.83542,9.526,0.037
2710.88049,9.44,0.043
2712.85871,9.473,0.044
2714.85565,9.458,0.032
2719.8335,9.492,0.038
2724.90339,9.479,0.036
2726.84751,9.42,0.034
2728.82414,9.408,0.039
2733.82613,9.519,0.032
2735.81209,9.486,0.036
2737.80638,9.459,0.032
2739.79568,9.494,0.035
2741.78657,9.466,0.033
2743.78466,9.436,0.034
2747.81075,9.405,0.052
2751.84463,9.521,0.038
2754.77941,9.513,0.032
2756.74673,9.537,0.029
2757.83337,9.536,0.033
2759.8434,9.503,0.038
2761.77082,9.488,0.032
2763.75833,9.505,0.035
2768.79803,9.44,0.036
2782.80276,9.476,0.039
2786.66213,9.435,0.032
2787.80496,9.466,0.034
2791.64841,9.532,0.033
2808.693,9.447,0.033
2809.82674,9.451,0.037
2811.69979,9.488,0.034
2812.84579,9.464,0.04
2816.83935,9.41,0.039
2820.56953,9.527,0.031
2822.64183,9.442,0.034
2826.6472,9.411,0.049
2836.58156,9.403,0.033
2838.78601,9.479,0.042
2841.6452,9.431,0.033
2851.64097,9.506,0.032
2853.75865,9.425,0.032
2861.54444,9.451,0.034
2866.66144,9.52,0.033
2867.72398,9.448,0.034
2872.52729,9.418,0.029
2877.56643,9.444,0.033
2879.56431,9.453,0.029
2882.58779,9.494,0.037
2888.51095,9.528,0.033
2894.56199,9.427,0.04
2896.58315,9.421,0.034
2898.57078,9.396,0.034
2900.56557,9.419,0.037
2904.55233,9.448,0.044
2906.55065,9.426,0.035
2909.55209,9.454,0.035
2915.5191,9.452,0.038
2917.54696,9.429,0.04
2921.54663,9.407,0.039
2923.54795,9.433,0.049
2929.50145,9.422,0.037
2931.51701,9.463,0.038
2933.52366,9.523,0.039
2935.52494,9.494,0.04
2937.52411,9.47,0.037
3054.87448,9.489,0.033
3062.8595,9.432,0.049
3066.89679,9.427,0.037
3070.84905,9.418,0.034
3074.842,9.405,0.04
3080.84007,9.457,0.036
3086.88652,9.48,0.033
3089.88144,9.478,0.037
3092.85461,9.491,0.036
3096.89833,9.404,0.034
3099.81082,9.422,0.034
3106.86948,9.503,0.042
3109.80559,9.529,0.034
3112.79561,9.445,0.035
3115.78093,9.471,0.037
3118.86591,9.504,0.03
3122.79724,9.496,0.036
3124.85131,9.444,0.032
3128.8107,9.502,0.041
3142.89138,9.519,0.034
3146.68082,9.534,0.034
3153.74524,9.495,0.031
3162.67035,9.442,0.032
3164.7134,9.455,0.038
3167.7281,9.448,0.035
3169.70241,9.468,0.035
3175.81526,9.498,0.036
3178.63228,9.461,0.034
3180.73004,9.462,0.029
3183.71898,9.507,0.031
3189.64635,9.459,0.039
3191.739,9.464,0.045
3192.74293,9.478,0.048
3192.74542,9.474,0.043
3192.74795,9.484,0.046
3192.75051,9.502,0.048
3193.54701,9.452,0.055
3193.54945,9.456,0.049
3193.55195,9.441,0.046
3193.55694,9.444,0.048
3193.55946,9.422,0.035
3193.60432,9.632,0.041
3193.60678,9.447,0.039
3193.60926,9.434,0.031
3193.61175,9.432,0.038
3193.61424,9.462,0.031
3193.61673,9.456,0.032
3193.61923,9.465,0.038
3193.62172,9.473,0.038
3193.62421,9.46,0.031
3193.62749,9.491,0.032
3193.6315,9.49,0.041
3193.63401,9.493,0.038
3193.6388,9.491,0.041
3193.64131,9.498,0.039
3193.64381,9.499,0.032
3193.64631,9.513,0.057
3193.64883,9.517,0.036
3193.65136,9.518,0.039
3193.65614,9.532,0.036
3193.66071,9.53,0.045
3193.66316,9.534,0.04
3193.66571,9.54,0.038
3193.66822,9.53,0.032
3193.67072,9.558,0.038
3193.67322,9.539,0.038
3193.67572,9.525,0.032
3193.67825,9.54,0.032
3193.68085,9.538,0.039
3193.68335,9.549,0.04
3193.68583,9.547,0.038
3193.68836,9.556,0.04
3193.69089,9.539,0.032
3193.69339,9.536,0.039
3193.69594,9.531,0.033
3193.69844,9.519,0.04
3193.70094,9.51,0.039
3193.70343,9.509,0.033
3193.70596,9.494,0.033
3193.71074,9.494,0.036
3193.71323,9.487,0.04
3193.71573,9.477,0.038
3193.71822,9.463,0.04
3193.72072,9.466,0.04
3193.72322,9.459,0.041
3193.72571,9.451,0.033
3193.72821,9.437,0.039
3193.73072,9.441,0.033
3193.73322,9.448,0.04
3193.73572,9.448,0.04
3193.73823,9.43,0.033
3193.74074,9.429,0.038
3193.74329,9.429,0.033
3193.74579,9.421,0.039
3193.74829,9.411,0.041
3193.75082,9.42,0.04
3193.76068,9.41,0.042
3193.76319,9.419,0.04
3193.76572,9.417,0.034
3193.76823,9.403,0.042
3193.77073,9.432,0.033
3193.77324,9.425,0.034
3193.77581,9.422,0.041
3193.77832,9.444,0.04
3193.7831,9.432,0.041
3193.78566,9.432,0.04
3193.78815,9.435,0.034
3193.79067,9.433,0.033
3193.79318,9.441,0.04
3193.79569,9.46,0.041
3193.79818,9.448,0.033
3193.80067,9.451,0.038
3193.80317,9.472,0.034
3193.80568,9.473,0.04
3193.80818,9.476,0.033
3193.8107,9.45,0.039
3193.8132,9.464,0.04
3193.81569,9.461,0.04
3193.8182,9.473,0.033
3193.82069,9.493,0.041
3193.82323,9.498,0.04
3193.82575,9.51,0.04
3193.82826,9.511,0.036
3193.83075,9.526,0.035
3193.83326,9.519,0.043
3193.83576,9.534,0.042
3193.83826,9.526,0.036
3193.84079,9.508,0.049
3193.84335,9.528,0.049
3194.47619,9.416,0.048
3194.4937,9.399,0.045
3194.50367,9.413,0.036
3194.50867,9.423,0.043
3194.51117,9.414,0.04
3194.51367,9.424,0.036
3194.51617,9.434,0.038
3194.51868,9.423,0.038
3194.52118,9.425,0.035
3194.5237,9.419,0.04
3194.5262,9.418,0.043
3194.52871,9.436,0.032
3194.5337,9.439,0.035
3194.5387,9.463,0.04
3194.5412,9.471,0.038
3194.54368,9.467,0.038
3194.5462,9.461,0.032
3194.5487,9.465,0.035
3194.5512,9.476,0.037
3194.55369,9.482,0.038
3194.55621,9.477,0.037
3194.55872,9.495,0.037
3194.56124,9.48,0.038
3194.56374,9.492,0.036
3194.56852,9.504,0.036
3194.57102,9.486,0.038
3194.5758,9.504,0.039
3194.5783,9.529,0.036
3194.5808,9.521,0.037
3194.58333,9.533,0.038
3194.58586,9.528,0.036
3194.58836,9.532,0.037
3194.59314,9.534,0.038
3194.59566,9.524,0.036
3194.59816,9.533,0.035
3194.60068,9.53,0.037
3194.6032,9.513,0.036
3194.6057,9.51,0.037
3194.60819,9.516,0.035
3194.61069,9.511,0.036
3194.61398,9.51,0.036
3194.61797,9.488,0.039
3194.6205,9.493,0.037
3194.62301,9.491,0.037
3194.62551,9.488,0.035
3194.62801,9.479,0.039
3194.63051,9.476,0.038
3194.63301,9.47,0.038
3194.63551,9.466,0.038
3194.638,9.477,0.038
3194.64052,9.462,0.036
3194.6453,9.445,0.04
3194.6478,9.459,0.038
3194.6503,9.453,0.039
3194.65279,9.438,0.039
3194.65529,9.436,0.038
3194.65779,9.444,0.04
3194.66029,9.425,0.039
3194.66279,9.437,0.041
3194.66529,9.421,0.039
3194.6678,9.417,0.04
3194.6703,9.423,0.042
3194.67279,9.421,0.04
3194.6753,9.406,0.041
3194.6778,9.411,0.039
3194.68029,9.428,0.04
3194.68279,9.425,0.04
3194.68666,9.442,0.053
3194.69965,9.45,0.043
3194.70464,9.447,0.041
3194.70708,9.449,0.039
3194.70958,9.46,0.041
3194.71457,9.449,0.041
3194.71706,9.454,0.042
3194.71958,9.46,0.041
3194.72207,9.471,0.041
3194.72458,9.464,0.04
3194.72708,9.473,0.042
3194.7321,9.481,0.045
3194.7346,9.477,0.045
3194.7371,9.502,0.045
3194.7396,9.496,0.043
3194.7421,9.48,0.044
3194.7446,9.493,0.041
3194.74709,9.499,0.04
3194.74959,9.509,0.04
3194.75209,9.508,0.041
3194.75461,9.523,0.039
3194.76019,9.541,0.04
3194.76418,9.551,0.046
3194.76746,9.54,0.042
3194.77145,9.535,0.04
3194.77623,9.518,0.041
3194.77874,9.518,0.041
3194.78124,9.509,0.042
3194.78374,9.518,0.042
3194.78623,9.495,0.042
3194.78873,9.509,0.041
3194.79123,9.5,0.042
3194.79373,9.497,0.04
3194.79622,9.481,0.042
3194.79875,9.494,0.04
3194.80127,9.486,0.041
3194.80378,9.475,0.041
3194.80631,9.477,0.042
3194.80886,9.466,0.043
3194.81139,9.466,0.042
3194.81389,9.464,0.042
3194.81639,9.454,0.041
3194.81889,9.46,0.042
3194.82144,9.449,0.043
3194.82393,9.459,0.042
3194.82871,9.438,0.042
3194.83349,9.442,0.041
3194.836,9.409,0.046
3195.6471,9.528,0.05
3195.64938,9.553,0.046
3195.65167,9.563,0.045
3195.65395,9.539,0.047
3195.65665,9.524,0.043
3195.66112,9.55,0.045
3195.6634,9.529,0.046
3195.66568,9.531,0.047
3195.66796,9.529,0.047
3195.67024,9.518,0.045
3195.67253,9.651,0.044
3195.67483,9.68,0.045
3195.67711,9.57,0.044
3195.67939,9.54,0.046
3195.68173,9.639,0.042
3195.68411,9.521,0.044
3195.6864,9.521,0.044
3195.68868,9.522,0.043
3195.69107,9.501,0.044
3195.69342,9.516,0.042
3195.6958,9.501,0.041
3195.6982,9.517,0.042
3195.70054,9.523,0.041
3195.7029,9.514,0.041
3195.70521,9.504,0.041
3195.70764,9.5,0.04
3195.71072,9.483,0.041
3195.71307,9.472,0.038
3195.71541,9.46,0.04
3195.71777,9.453,0.039
3195.72012,9.444,0.04
3195.72557,9.446,0.038
3195.72788,9.438,0.04
3195.73018,9.421,0.04
3195.73247,9.443,0.038
3195.73475,9.441,0.039
3195.73704,9.423,0.037
3195.74186,9.428,0.042
3195.74414,9.438,0.037
3195.74958,9.431,0.037
3195.75421,9.431,0.037
3195.76212,9.431,0.042
3195.7644,9.44,0.038
3195.76675,9.433,0.037
3195.78425,9.438,0.039
3195.78656,9.452,0.041
3195.78904,9.423,0.039
3195.79138,9.445,0.04
3195.79374,9.444,0.04
3195.79619,9.459,0.041
3195.79851,9.447,0.04
3195.80087,9.448,0.04
3195.80327,9.466,0.037
3195.80561,9.492,0.037
3195.81035,9.468,0.04
3196.5677,9.508,0.044
3196.56998,9.538,0.039
3196.57232,9.552,0.04
3196.57464,9.536,0.039
3196.57699,9.529,0.039
3196.57932,9.531,0.038
3196.58473,9.545,0.038
3196.58703,9.523,0.04
3196.58935,9.535,0.039
3196.59168,9.52,0.038
3196.59404,9.526,0.038
3196.59638,9.528,0.041
3207.6662,9.451,0.043
3207.66876,9.47,0.05
3207.6713,9.459,0.037
3207.67381,9.448,0.042
3207.67637,9.457,0.04
3207.6789,9.47,0.043
3207.68144,9.44,0.04
3207.68399,9.454,0.041
3207.6865,9.45,0.043
3207.68902,9.441,0.041
3207.69157,9.436,0.042
3207.69411,9.457,0.038
3207.69661,9.436,0.041
3212.4896,9.505,0.039
3212.49203,9.505,0.036
3212.49453,9.506,0.036
3212.49704,9.49,0.035
3212.50209,9.506,0.035
3212.5046,9.485,0.034
3212.50711,9.487,0.035
3212.50964,9.487,0.034
3212.51214,9.492,0.033
3212.51462,9.48,0.034
3212.51714,9.48,0.037
3212.51964,9.48,0.032
3212.52215,9.472,0.036
3212.52465,9.479,0.036
3212.52717,9.475,0.032
3212.5297,9.463,0.034
3212.53223,9.468,0.032
3212.53474,9.471,0.034
3212.53725,9.456,0.034
3212.53979,9.461,0.034
3212.54233,9.458,0.031
3212.54485,9.453,0.034
3212.54963,9.452,0.036
3212.55443,9.442,0.035
3212.55694,9.442,0.036
3212.55947,9.445,0.031
3212.56201,9.437,0.034
3212.56452,9.436,0.034
3212.56703,9.442,0.035
3212.56953,9.427,0.031
3212.57203,9.419,0.032
3212.57454,9.437,0.032
3212.57706,9.415,0.035
3212.58212,9.501,0.034
3212.58462,9.494,0.03
3212.58712,9.416,0.034
3212.58964,9.412,0.033
3212.59214,9.769,0.035
3212.59464,9.589,0.032
3212.59715,9.425,0.035
3212.59964,9.58,0.034
3212.60214,9.423,0.035
3212.60465,9.685,0.034
3212.60715,9.448,0.032
3212.60968,9.436,0.035
3212.61222,9.434,0.031
3212.61471,9.44,0.032
3212.61723,9.441,0.034
3212.61973,9.437,0.034
3212.62223,9.447,0.034
3212.62474,9.448,0.035
3212.62729,9.457,0.031
3212.62983,9.465,0.034
3212.63238,9.466,0.035
3212.63995,9.482,0.036
3212.64248,9.488,0.032
3212.64499,9.486,0.035
3212.64749,9.492,0.035
3212.65006,9.482,0.03
3212.65259,9.494,0.035
3212.6551,9.507,0.032
3212.6576,9.509,0.035
3212.66011,9.512,0.035
3212.66262,9.516,0.035
3212.66515,9.529,0.032
3212.66768,9.517,0.031
3212.67019,9.523,0.036
3212.67268,9.519,0.031
3212.67518,9.519,0.035
3212.67769,9.509,0.036
3212.68022,9.504,0.035
3212.68273,9.505,0.032
3212.68526,9.496,0.036
3212.68779,9.507,0.036
3212.69032,9.507,0.032
3212.69282,9.497,0.032
3212.69537,9.5,0.035
3212.69789,9.518,0.037
3212.7004,9.503,0.035
3212.70292,9.496,0.032
3212.70546,9.475,0.035
3212.70797,9.474,0.034
3212.71046,9.479,0.031
3212.71296,9.465,0.035
3212.71546,9.481,0.032
3212.71796,9.463,0.034
3212.72049,9.456,0.035
3212.72304,9.465,0.032
3212.72811,9.451,0.035
3212.73065,9.432,0.034
3212.73323,9.423,0.032
3212.73573,9.445,0.032
3212.73828,9.433,0.035
3212.74081,9.436,0.036
3212.74335,9.421,0.033
3212.74584,9.418,0.032
3212.74835,9.428,0.035
3212.75088,9.414,0.032
3212.75599,9.42,0.034
3212.75856,9.411,0.035
3212.76107,9.413,0.036
3212.7636,9.423,0.036
3212.76618,9.433,0.034
3212.76875,9.421,0.039
3212.77132,9.439,0.034
3273.59461,9.526,0.042
3279.51439,9.468,0.046
3298.51701,9.506,0.031
3408.88034,9.423,0.048
3417.87266,9.503,0.047
3425.85109,9.46,0.05
3436.89508,9.41,0.039
3443.86029,9.509,0.041
3446.87052,9.455,0.032
3449.873,9.479,0.043
3453.79066,9.475,0.047
3455.82842,9.52,0.039
3457.87505,9.496,0.042
3463.7993,9.498,0.046
3466.82537,9.508,0.043
3469.81696,9.419,0.043
3477.85785,9.498,0.039
3480.77941,9.569,0.044
3491.85589,9.426,0.036
3499.75092,9.513,0.045
3508.83968,9.478,0.03
3511.70903,9.519,0.032
3516.75244,9.505,0.049
3522.72964,9.49,0.039
3524.75918,9.46,0.058
3526.78045,9.459,0.049
3537.76415,9.445,0.044
3547.74523,9.462,0.048
3551.7326,9.446,0.059
3554.71177,9.494,0.037
3556.77341,9.456,0.034
3562.57426,9.387,0.044
3564.6117,9.492,0.033
3571.59978,9.422,0.041
3573.78494,9.412,0.045
3576.55665,9.546,0.041
3578.5858,9.51,0.04
3583.64222,9.532,0.045
3585.70444,9.449,0.045
3587.71294,9.429,0.043
3590.55385,9.464,0.042
3599.63373,9.429,0.041
3601.68951,9.507,0.052
3603.69114,9.529,0.043
3607.51557,9.489,0.048
3616.62822,9.38,0.044
3619.54676,9.476,0.05
3621.59852,9.492,0.049
3629.6105,9.416,0.045
3631.60811,9.462,0.048
3634.55673,9.683,0.053
3637.59344,9.388,0.041
3641.49566,9.509,0.045
3641.5256,9.457,0.047
3641.54391,9.433,0.042
3641.55447,9.438,0.042
3641.58376,9.443,0.042
3641.61409,9.46,0.045
3642.53254,9.449,0.046
3642.55999,9.477,0.046
3642.58945,9.477,0.041
3642.61836,9.5,0.056
3643.52789,9.458,0.044
3643.56044,9.421,0.042
3643.58447,9.416,0.04
3644.48802,9.432,0.053
3644.51543,9.453,0.053
3644.57201,9.488,0.056
3644.60401,9.431,0.057
3647.53952,9.43,0.035
3656.5466,9.452,0.045
3659.52273,9.501,0.046
3662.50774,9.395,0.056
3664.5357,9.423,0.049
3669.49761,9.514,0.042
3672.50153,9.467,0.039
3675.50064,9.449,0.044
3774.88454,9.548,0.053
3791.85949,9.502,0.056
3795.85664,9.524,0.046
3799.85131,9.534,0.055
3803.85712,9.423,0.058
3806.86676,9.52,0.048
3813.87699,9.467,0.055
3818.82422,9.561,0.056
3821.85416,9.506,0.053
3824.84515,9.42,0.049
3827.83426,9.496,0.045
3830.8423,9.412,0.055
3833.80733,9.535,0.055
3836.81463,9.442,0.054
3851.77454,9.458,0.044
3853.83326,9.42,0.051
3856.75702,9.515,0.054
3861.74872,9.473,0.046
3863.78301,9.485,0.043
3865.76783,9.486,0.045
3867.7701,9.484,0.051
3872.77632,9.435,0.05
3881.74742,9.51,0.047
3886.75181,9.475,0.045
3892.71977,9.497,0.042
3894.71412,9.514,0.037
3901.72196,9.492,0.047
3903.73189,9.49,0.049
3905.72378,9.534,0.054
3907.73939,9.482,0.052
3909.8513,9.439,0.048
3913.80729,9.455,0.046
4139.87807,9.465,0.038
4146.87752,9.463,0.044
4151.88155,9.45,0.037
4155.87709,9.403,0.038
4159.85555,9.419,0.042
4166.88916,9.417,0.046
4174.83482,9.388,0.039
4177.8644,9.514,0.044
4180.86886,9.458,0.053
4190.84637,9.519,0.036
4193.81137,9.451,0.04
4202.82065,9.511,0.048
4204.85426,9.433,0.036
4208.81461,9.46,0.049
4213.83579,9.5,0.04
4216.83378,9.458,0.033
4227.80504,9.436,0.035
4229.80501,9.44,0.038
4231.80412,9.373,0.038
4233.81413,9.419,0.041
4235.85027,9.545,0.036
4238.71912,9.466,0.041
4255.72863,9.458,0.042
4258.65725,9.514,0.033
4269.74375,9.437,0.037
4274.70464,9.514,0.035
4277.64315,9.492,0.033
4282.65583,9.474,0.05
4284.66086,9.53,0.037
4290.65267,9.502,0.032
4292.62795,9.516,0.032
4296.62996,9.523,0.036
4298.63533,9.499,0.04
4300.60116,9.515,0.039
4302.64947,9.413,0.035
4304.59247,9.497,0.031
4309.57806,9.455,0.045
4311.62107,9.573,0.037
4316.67959,9.521,0.034
4319.66252,9.418,0.033
4329.64717,9.495,0.036
4331.57781,9.454,0.031
4337.50175,9.476,0.037
4339.67782,9.444,0.038
4342.50987,9.53,0.038
4344.52399,9.499,0.036
4346.5275,9.52,0.035
4348.54769,9.461,0.032
4350.55202,9.458,0.037
4352.56532,9.426,0.031
4355.5688,9.522,0.034
4357.5794,9.429,0.034
4364.49228,9.399,0.032
4367.5899,9.461,0.039
4372.53254,9.521,0.043
4375.5576,9.464,0.033
4377.56462,9.476,0.035
4379.57817,9.508,0.038
4385.51467,9.577,0.033
4392.50247,9.449,0.037
4402.49845,9.472,0.043
4503.88171,9.391,0.04
4507.87597,9.448,0.047
4511.87395,9.451,0.041
4518.85072,9.446,0.044
4521.88601,9.486,0.038
4529.84938,9.449,0.033
4533.8703,9.44,0.036
4537.83333,9.428,0.035
4540.86368,9.54,0.041
4546.85708,9.434,0.047
4550.82678,9.467,0.044
4559.82446,9.511,0.035
4562.83118,9.437,0.038
4565.81611,9.508,0.036
4568.80916,9.456,0.043
4571.77508,9.509,0.037
4573.81116,9.456,0.039
4575.82264,9.427,0.049
4583.7913,9.469,0.039
4586.82104,9.453,0.036
4589.75927,9.394,0.038
4594.84254,9.49,0.032
4597.72016,9.443,0.034
4601.76688,9.567,0.035
4603.76933,9.519,0.037
4610.75563,9.495,0.039
4612.75747,9.489,0.041
4622.71748,9.497,0.038
4624.83515,9.441,0.036
4626.6346,9.467,0.036
4630.69129,9.485,0.034
4632.69189,9.476,0.036
4638.78534,9.466,0.042
4640.76142,9.447,0.037
4642.7481,9.477,0.038
4644.76898,9.555,0.042
4647.59821,9.405,0.04
4649.66482,9.513,0.047
4651.67182,9.534,0.051
4653.67309,9.502,0.033
4657.65618,9.545,0.047
4664.60787,9.424,0.039
4666.62895,9.526,0.037
4670.59645,9.466,0.046
4672.62628,9.522,0.034
4675.6655,9.491,0.04
4678.66233,9.405,0.035
4681.5794,9.462,0.037
4683.57841,9.414,0.042
4685.55892,9.441,0.039
4697.53234,9.478,0.034
4701.54808,9.514,0.037
4703.55511,9.52,0.038
4705.58824,9.449,0.041
4707.67081,9.485,0.047
4710.56458,9.481,0.056
4720.58018,9.496,0.043
4722.61756,9.425,0.046
4726.53736,9.462,0.045
4729.52985,9.508,0.041
4734.58912,9.51,0.045
4738.58981,9.523,0.042
4746.50772,9.44,0.049
4748.54982,9.47,0.053
4755.51978,9.472,0.04
4758.51995,9.572,0.052
4761.51016,9.443,0.041
4764.50763,9.468,0.041
4767.50182,9.499,0.048
4870.87696,9.459,0.044
4883.87191,9.427,0.041
4891.87025,9.517,0.049
4916.82694,9.481,0.052
4919.84724,9.419,0.056
4946.78272,9.462,0.054
4951.78308,9.451,0.049
4954.75441,9.499,0.054
4967.83168,9.523,0.054
4973.78171,9.55,0.052
5012.69985,9.496,0.052
5014.64129,9.546,0.054
5021.65183,9.451,0.05
5023.65262,9.475,0.051
5031.60421,9.486,0.047
5084.5558,9.456,0.05
5104.57686,9.414,0.054
