1932.87622,9.989,0.048
1935.87131,9.897,0.043
1938.85618,9.8,0.044
1946.88504,9.678,0.047
1949.84577,9.681,0.04
1953.84587,9.688,0.038
1954.83051,9.691,0.052
1954.84355,9.687,0.042
1955.8426,9.689,0.036
1958.89902,9.678,0.044
1962.80019,9.639,0.046
1964.81406,9.658,0.037
1966.81386,9.629,0.036
1976.90821,9.56,0.046
1979.75269,9.536,0.047
1980.77369,9.51,0.059
1981.79755,9.503,0.042
1982.77244,9.475,0.038
1983.90797,9.449,0.047
1984.81977,9.437,0.047
1985.82777,9.395,0.047
1995.81073,9.26,0.054
1996.80725,9.214,0.049
1998.81112,9.223,0.055
2000.80844,9.221,0.052
2008.71654,9.241,0.049
2016.76988,9.308,0.053
2025.70936,9.396,0.049
2026.73974,9.408,0.05
2027.73701,9.392,0.055
2030.7248,9.458,0.05
2031.7373,9.481,0.053
2032.7199,9.485,0.046
2033.70958,9.498,0.051
2037.68182,9.563,0.067
2040.70617,9.645,0.071
2052.67943,9.784,0.057
2053.69748,9.779,0.058
2054.68888,9.787,0.067
2055.67329,9.846,0.059
2056.67452,9.812,0.062
2057.67033,9.877,0.06
2058.66945,9.847,0.049
2068.63725,9.998,0.058
2069.64661,10.059,0.058
2070.63919,10.021,0.057
2080.53436,10.164,0.064
2081.61864,10.172,0.053
2082.63432,10.189,0.058
2085.60718,10.223,0.048
2086.61082,10.238,0.057
2087.60617,10.233,0.06
2088.60494,10.282,0.057
2093.53579,10.307,0.059
2094.57285,10.349,0.058
2096.58212,10.336,0.067
2102.55983,10.402,0.054
2103.57949,10.404,0.056
2104.58164,10.402,0.051
2105.57181,10.396,0.056
2106.57824,10.417,0.054
2109.57103,10.427,0.052
2115.53352,10.459,0.051
2116.54374,10.456,0.048
2117.54035,10.472,0.054
2124.51783,10.395,0.059
2125.53431,10.402,0.056
2128.52004,10.374,0.056
2129.55291,10.399,0.055
2131.49057,10.392,0.061
2135.50001,10.309,0.057
2140.49235,10.202,0.038
2140.50585,10.186,0.046
2142.52058,10.193,0.054
2144.48905,10.073,0.055
2151.49058,9.865,0.047
2156.47597,10.587,0.047
2156.52092,9.716,0.057
2164.4984,9.494,0.041
2167.47616,9.502,0.062
2168.54473,9.428,0.049
2171.49591,9.436,0.061
2172.48439,9.403,0.045
2178.5394,9.421,0.052
2180.52431,9.364,0.045
2184.52209,9.338,0.057
2185.48341,9.355,0.052
2189.48728,9.348,0.07
2191.51632,9.314,0.046
2193.48873,9.323,0.058
2195.48538,9.286,0.06
2197.49238,9.289,0.055
2198.50957,9.297,0.047
2203.4956,9.276,0.051
2203.50434,10.031,0.045
2205.5173,9.231,0.047
2219.49668,9.214,0.044
2440.6317,9.236,0.03
2442.62814,9.232,0.031
2445.60795,9.263,0.031
2452.59288,9.291,0.038
2454.60542,9.297,0.039
2454.63269,9.292,0.048
2459.55176,9.335,0.048
2460.61013,9.347,0.033
2463.58473,9.39,0.043
2463.61452,9.406,0.037
2464.58373,9.408,0.033
2465.58512,9.402,0.033
2466.57675,9.409,0.032
2468.57632,9.442,0.032
2469.57283,9.451,0.034
2473.52436,9.511,0.036
2481.53009,9.68,0.042
2482.55155,9.681,0.045
2489.53176,9.855,0.046
2490.53571,9.904,0.039
2490.57097,9.872,0.036
2491.53566,9.94,0.043
2493.52947,9.934,0.034
2495.51682,9.991,0.04
2499.52015,10.078,0.033
2500.50783,10.092,0.039
2501.51843,10.127,0.042
2502.562,10.158,0.035
2503.56669,10.17,0.036
2508.66771,10.277,0.04
2510.63977,10.317,0.042
2511.68857,10.355,0.058
2519.56102,10.437,0.044
2520.56468,10.505,0.034
2524.56703,10.584,0.038
2526.6024,10.611,0.046
2529.53892,10.66,0.044
2535.56097,10.768,0.038
2540.61907,10.793,0.041
2545.48271,10.839,0.037
2547.49062,10.828,0.042
2552.48933,10.848,0.04
2558.53071,10.757,0.033
2559.54394,10.76,0.046
2560.55841,10.768,0.052
2561.55782,10.747,0.046
2563.5373,10.7,0.038
2565.51977,10.688,0.041
2566.53854,10.649,0.047
2578.5097,10.407,0.034
2660.85936,9.072,0.049
2666.86668,9.086,0.045
2671.85196,9.116,0.037
2678.84857,9.2,0.038
2681.84857,9.236,0.04
2684.84048,9.251,0.042
2693.83668,9.381,0.042
2696.87984,9.432,0.053
2699.82812,9.461,0.037
2702.85252,9.524,0.038
2703.84887,9.516,0.038
2705.80932,9.569,0.049
2707.83763,9.621,0.056
2709.83835,9.659,0.035
2711.84822,9.696,0.036
2713.82878,9.731,0.043
2715.83069,9.772,0.04
2719.81477,9.883,0.051
2719.83741,9.881,0.042
2721.81317,9.972,0.051
2723.8074,9.987,0.044
2725.80248,10.03,0.037
2727.83473,10.092,0.039
2732.81517,10.209,0.048
2734.7676,10.275,0.042
2736.76141,10.311,0.038
2740.78262,10.44,0.032
2742.7592,10.495,0.041
2744.75471,10.477,0.045
2744.78778,10.527,0.039
2750.8662,10.635,0.041
2751.71411,10.652,0.037
2752.75815,10.664,0.049
2755.73853,10.723,0.042
2757.74225,10.728,0.047
2759.79834,10.77,0.036
2761.74702,10.797,0.05
2763.72314,10.799,0.049
2763.77065,10.824,0.041
2766.81908,10.796,0.05
2775.75705,10.819,0.056
2775.79912,10.875,0.053
2782.75383,10.793,0.035
2784.69876,10.745,0.037
2786.63602,10.754,0.041
2787.78997,10.724,0.036
2790.91073,10.659,0.043
2805.83552,10.276,0.049
2809.74006,10.197,0.04
2812.62534,10.081,0.047
2813.79539,10.101,0.044
2821.56845,9.912,0.048
2826.61554,9.779,0.031
2830.72788,9.688,0.044
2832.58317,9.646,0.036
2833.70341,9.632,0.045
2838.5885,9.571,0.032
2842.61977,9.493,0.058
2845.63222,9.486,0.033
2851.73132,9.411,0.036
2854.53122,9.36,0.032
2858.56255,9.29,0.033
2859.63934,9.255,0.039
2860.7201,9.227,0.047
2862.61241,9.186,0.04
2867.69986,9.091,0.04
2874.70947,9.014,0.042
2876.62944,9.028,0.043
2878.62194,9.005,0.064
2883.54931,9.073,0.039
2885.53712,9.094,0.042
2888.56205,9.114,0.038
2893.51807,9.18,0.041
2894.60695,9.194,0.042
2895.52846,9.203,0.038
2901.53264,9.282,0.061
2906.60787,9.394,0.041
2910.48635,9.45,0.038
2912.51409,9.496,0.041
2915.54041,9.559,0.047
2917.56601,9.607,0.048
2921.56528,9.667,0.05
2923.56266,9.711,0.047
2927.51274,9.797,0.038
2929.52567,9.856,0.042
2931.52988,9.89,0.043
2933.53378,9.948,0.046
2935.53508,10.018,0.052
3032.87368,10.114,0.049
3036.8631,10.043,0.045
3043.82839,9.889,0.047
3052.87355,9.779,0.041
3056.84637,9.723,0.045
3060.8541,9.684,0.04
3064.84381,9.649,0.046
3071.86576,9.517,0.043
3074.87663,9.427,0.042
3080.86843,9.255,0.04
3085.90642,9.095,0.043
3088.84268,9.043,0.04
3091.82684,9.009,0.036
3096.87982,9.009,0.039
3098.85922,9,0.043
3101.80873,8.997,0.041
3104.78734,9.016,0.039
3106.8506,9.027,0.047
3109.77576,9.047,0.037
3112.76404,9.089,0.035
3114.82384,9.104,0.036
3118.77533,9.164,0.047
3122.76093,9.214,0.041
3124.81379,9.252,0.041
3126.79677,9.352,0.042
3128.7798,9.287,0.045
3130.77725,9.346,0.041
3132.8082,9.385,0.046
3134.85868,9.443,0.039
3144.7124,9.663,0.032
3153.72234,9.926,0.036
3156.67182,10.026,0.036
3158.75502,10.131,0.046
3160.7912,10.204,0.072
3163.774,10.286,0.043
3165.80239,10.358,0.067
3168.80794,10.455,0.059
3171.7415,10.553,0.039
3175.74236,10.68,0.042
3178.60734,10.79,0.035
3180.70502,10.892,0.045
3183.69676,10.96,0.042
3185.6636,10.986,0.039
3187.70016,11.127,0.039
3219.49885,11.537,0.035
3397.87734,10.531,0.056
3398.86125,10.549,0.065
3402.87124,10.648,0.041
3405.87993,10.704,0.05
3409.84913,10.822,0.055
3417.84365,10.963,0.055
3421.83773,11.025,0.065
3424.86215,10.982,0.052
3427.85987,11.178,0.043
3430.85231,11.033,0.054
3433.85605,11.05,0.043
3438.85978,10.938,0.037
3442.87557,10.87,0.042
3445.85606,10.803,0.042
3448.849,10.716,0.048
3449.85998,10.692,0.057
3452.80747,10.604,0.042
3453.77838,10.566,0.046
3454.90091,10.575,0.04
3457.78134,10.494,0.041
3459.83629,10.442,0.046
3462.84662,10.353,0.046
3465.8073,10.306,0.047
3468.79388,10.246,0.047
3471.776,10.18,0.043
3477.76714,10.103,0.05
3479.8274,10.072,0.067
3481.79862,10.094,0.05
3483.78368,10.057,0.048
3490.79776,9.967,0.044
3492.79986,9.947,0.053
3496.78458,9.845,0.032
3499.86151,9.827,0.048
3502.70779,9.766,0.057
3508.75808,9.671,0.03
3510.80996,9.659,0.04
3512.68512,9.604,0.045
3516.68933,9.464,0.045
3521.82474,9.271,0.052
3524.64576,9.173,0.053
3526.69675,9.101,0.054
3528.723,9.043,0.062
3530.723,9.012,0.055
3538.67311,8.943,0.044
3540.67015,8.907,0.039
3542.81208,8.918,0.044
3547.84689,8.921,0.06
3551.83646,8.902,0.048
3554.76426,8.921,0.033
3558.60144,8.946,0.061
3560.61131,9.006,0.051
3562.621,9.063,0.041
3564.59827,9.059,0.042
3569.67396,9.158,0.042
3571.70009,9.189,0.045
3574.70668,9.251,0.042
3576.72113,9.297,0.045
3578.69851,9.34,0.046
3583.67667,9.472,0.048
3585.73072,9.542,0.048
3587.74135,9.581,0.043
3590.55915,9.672,0.052
3592.56651,9.729,0.053
3597.67677,9.902,0.047
3602.71073,10.014,0.052
3606.51624,10.139,0.045
3617.55271,10.417,0.044
3619.60653,10.407,0.052
3621.65105,10.485,0.054
3625.62792,10.577,0.044
3628.60788,10.631,0.043
3633.55648,10.755,0.05
3639.57611,10.807,0.042
3642.58116,10.862,0.047
3646.5592,10.905,0.04
3651.54376,10.872,0.05
3653.54633,10.807,0.06
3655.5589,10.843,0.05
3658.53717,10.771,0.05
3661.51676,10.746,0.05
3663.52624,10.697,0.051
3666.53845,10.701,0.048
3670.50051,10.613,0.044
3673.50781,10.564,0.045
3676.50495,10.501,0.05
3755.87087,9.057,0.056
3759.86314,9.017,0.06
3763.87313,8.965,0.071
3767.87017,8.94,0.063
3772.87326,8.963,0.054
3789.84551,9.203,0.062
3792.87005,9.244,0.054
3796.83116,9.339,0.043
3800.87053,9.404,0.059
3804.8155,9.497,0.057
3808.81661,9.655,0.07
3811.89895,9.711,0.059
3814.87002,9.83,0.054
3817.8564,9.926,0.055
3820.83603,10.03,0.057
3823.83033,10.137,0.058
3826.82384,10.237,0.052
3829.81674,10.367,0.054
3832.79106,10.474,0.051
3834.84068,10.547,0.052
3837.76883,10.632,0.057
3848.81817,10.991,0.071
3850.87106,11.078,0.05
3853.75062,11.192,0.045
3855.84253,11.251,0.061
3862.71235,11.379,0.047
3864.71044,11.433,0.05
3866.69437,11.443,0.049
3868.75097,11.436,0.053
3870.76106,11.503,0.053
3872.75549,11.483,0.047
3875.86224,11.487,0.057
3881.72908,11.478,0.049
3886.73041,11.38,0.044
3890.71239,11.325,0.052
3892.70314,11.234,0.063
3894.69184,11.087,0.039
3899.79939,10.918,0.065
3901.85764,10.828,0.05
3903.89389,10.848,0.051
3906.60605,10.728,0.047
3908.66161,10.691,0.054
4129.86694,10.541,0.05
4133.85313,10.419,0.052
4137.86074,10.316,0.043
4141.8499,10.218,0.045
4144.88589,10.167,0.045
4145.86814,10.132,0.043
4151.84878,10.041,0.039
4151.8767,10.047,0.041
4154.86705,9.946,0.042
4157.87844,9.905,0.053
4161.83474,9.816,0.042
4164.8848,9.695,0.051
4167.86769,9.656,0.044
4174.81635,9.422,0.037
4177.85514,9.33,0.046
4180.84667,9.271,0.055
4183.83431,9.217,0.046
4187.84337,9.161,0.041
4190.80846,9.134,0.036
4192.80735,9.124,0.037
4194.82704,9.092,0.038
4198.75637,9.019,0.06
4202.79481,9.067,0.038
4204.84391,9.027,0.036
4208.78585,9.017,0.047
4213.82254,9.074,0.043
4216.81186,8.925,0.033
4227.77564,8.962,0.032
4229.77669,8.966,0.033
4231.78086,8.998,0.037
4233.77953,9.014,0.035
4235.80853,9.039,0.033
4238.68891,9.096,0.047
4245.67096,9.179,0.065
4247.63904,9.226,0.046
4250.74137,9.281,0.035
4253.87691,9.376,0.042
4256.64728,9.434,0.033
4258.70296,9.483,0.036
4269.72199,9.753,0.036
4272.66548,9.836,0.036
4274.66979,9.898,0.033
4277.63122,9.997,0.032
4281.70098,10.126,0.059
4283.71478,10.207,0.048
4285.67326,10.25,0.04
4289.67009,10.341,0.034
4291.67128,10.439,0.032
4293.65944,10.484,0.032
4295.67614,10.562,0.032
4297.66656,10.603,0.041
4299.64101,10.613,0.035
4301.59794,10.684,0.04
4303.60702,10.776,0.032
4305.58358,10.778,0.032
4307.60392,10.798,0.038
4309.65029,10.887,0.058
4311.69702,10.882,0.038
4314.73317,10.889,0.039
4317.55425,10.964,0.032
4330.50683,10.961,0.033
4332.53056,10.927,0.035
4338.56665,10.898,0.043
4340.62127,10.824,0.037
4342.61647,10.766,0.041
4344.61286,10.735,0.04
4346.61249,10.707,0.034
4348.61568,10.688,0.036
4350.61955,10.604,0.038
4353.51249,10.51,0.034
4355.60374,10.486,0.035
4357.60772,10.421,0.036
4359.57621,10.35,0.036
4361.54663,10.268,0.032
4363.5506,10.242,0.033
4365.57399,10.199,0.036
4368.61747,10.116,0.046
4371.51541,10.056,0.038
4373.5467,9.988,0.047
4378.57375,9.908,0.046
4381.52999,9.859,0.041
4384.5202,9.78,0.035
4386.55486,9.757,0.032
4388.53872,9.709,0.035
4392.54259,9.605,0.045
4493.87086,10.083,0.041
4508.85101,10.383,0.04
4517.86517,10.538,0.047
4520.86532,10.593,0.048
4523.86106,10.623,0.036
4526.85569,10.637,0.039
4529.88546,10.678,0.042
4533.86707,10.653,0.038
4537.81239,10.642,0.033
4540.85185,10.669,0.041
4543.85228,10.578,0.038
4546.81631,10.594,0.045
4552.82338,10.581,0.038
4555.81532,10.471,0.035
4558.81814,10.485,0.034
4561.8069,10.401,0.037
4564.79706,10.316,0.035
4567.79104,10.275,0.036
4570.77916,10.209,0.034
4572.79844,10.136,0.039
4574.7857,10.151,0.039
4576.79256,10.073,0.043
4579.85342,10.01,0.042
4583.76789,9.956,0.037
4586.79671,9.905,0.036
4586.82698,9.925,0.04
4589.7282,9.868,0.039
4591.78664,9.813,0.036
4593.80203,9.809,0.034
4595.89016,9.784,0.033
4600.76819,9.713,0.044
4602.72064,9.764,0.041
4606.7369,9.688,0.05
4609.68281,9.661,0.036
4611.72437,9.632,0.037
4616.72845,9.528,0.035
4618.73355,9.508,0.037
4622.6961,9.41,0.035
4624.82879,9.377,0.037
4626.61312,9.322,0.033
4630.67613,9.201,0.034
4632.67749,9.167,0.037
4638.82451,9.057,0.045
4640.80884,9.011,0.038
4642.80429,8.993,0.039
4644.85073,8.967,0.04
4647.57825,8.98,0.05
4649.63226,8.971,0.048
4651.65572,9.015,0.048
4653.66407,8.994,0.035
4655.61192,9.022,0.034
4657.65156,9.017,0.052
4660.60509,9.048,0.067
4662.66378,9.095,0.043
4664.66153,9.099,0.044
4666.66564,9.157,0.039
4670.62784,9.222,0.038
4672.65038,9.272,0.036
4675.68542,9.35,0.041
4678.68331,9.391,0.04
4681.60133,9.471,0.038
4683.60162,9.52,0.045
4685.58218,9.581,0.039
4687.57313,9.643,0.036
4691.59769,9.765,0.041
4694.65169,9.842,0.048
4698.61946,9.953,0.04
4700.61768,10.011,0.04
4704.6145,10.133,0.041
4706.65903,10.114,0.037
4709.61524,10.177,0.048
4716.55141,10.366,0.038
4720.60606,10.419,0.043
4722.64166,10.474,0.046
4726.5427,10.561,0.048
4729.53523,10.655,0.039
4734.60372,10.683,0.046
4739.51019,10.761,0.04
4744.52774,10.769,0.051
4746.54082,10.809,0.05
4753.51042,10.879,0.048
4755.55777,10.882,0.042
4758.53045,10.888,0.049
4761.51919,10.793,0.049
4764.51757,10.878,0.045
4767.51235,10.898,0.046
4852.87687,9.179,0.048
4867.88523,9.024,0.048
4871.86761,8.989,0.051
4876.87357,8.967,0.042
4884.83294,8.969,0.046
4892.83387,9.03,0.056
4902.90195,9.181,0.059
4906.81373,9.266,0.066
4916.79999,9.498,0.058
4919.81913,9.551,0.058
4926.86751,9.753,0.052
4935.80211,10.029,0.064
4938.77799,10.173,0.057
4947.75274,10.502,0.053
4950.76077,10.646,0.055
4952.79982,10.691,0.052
4959.78384,10.968,0.068
4962.70908,11.044,0.061
4967.785,11.16,0.055
4969.82286,11.226,0.056
4975.72975,11.354,0.057
4985.6831,11.471,0.055
4987.69188,11.425,0.066
4989.7204,11.494,0.065
4991.74372,11.693,0.059
4994.76419,11.564,0.057
5006.78794,11.355,0.061
5012.65694,11.302,0.056
5014.61819,11.219,0.054
5021.72868,10.974,0.055
5023.73305,10.935,0.054
5031.61549,10.785,0.05
5040.71095,10.559,0.063
5042.60325,10.47,0.064
5047.68749,10.312,0.061
5049.7176,10.322,0.065
5057.56795,10.097,0.055
5063.57719,9.897,0.05
5075.65137,9.592,0.062
5083.65391,9.486,0.061
5086.51463,9.495,0.063
5088.5712,9.459,0.064
5098.50915,9.316,0.062
5104.59578,9.225,0.056
