1937.88494,12.934,0.042
1940.88442,12.772,0.041
1947.86391,12.799,0.046
1953.85483,12.743,0.038
1954.84836,12.776,0.061
1961.87088,12.668,0.04
1963.85844,12.682,0.043
1967.84861,12.737,0.039
1979.84,12.486,0.052
1980.81669,12.463,0.051
1981.82009,12.517,0.046
1982.78365,12.385,0.046
1994.77304,12.493,0.053
1996.83008,12.177,0.06
2025.73309,12.156,0.054
2026.76347,12.151,0.053
2027.75374,12.103,0.057
2030.74521,12.166,0.052
2031.75407,12.112,0.053
2032.74573,12.125,0.048
2033.73456,12.209,0.047
2037.63842,12.009,0.053
2040.78037,12.014,0.075
2052.70091,11.842,0.066
2053.71692,11.876,0.065
2054.70856,11.885,0.071
2055.69253,11.915,0.073
2056.69377,11.949,0.069
2057.6919,11.955,0.063
2058.68871,11.915,0.074
2061.68764,11.807,0.058
2068.71589,11.753,0.063
2069.67047,11.685,0.064
2070.65853,11.744,0.071
2080.56751,11.641,0.068
2081.63576,11.7,0.07
2082.64923,11.729,0.059
2083.63572,11.711,0.063
2085.62422,11.746,0.05
2086.6279,11.721,0.06
2087.62555,11.779,0.062
2088.62203,11.775,0.064
2096.64073,11.754,0.057
2102.57682,11.754,0.052
2103.5943,11.703,0.055
2104.59421,11.718,0.055
2105.59106,11.776,0.058
2106.593,11.734,0.048
2109.58797,11.69,0.038
2115.55036,11.692,0.046
2116.56282,11.659,0.051
2117.55717,11.671,0.052
2124.53309,11.586,0.047
2125.55108,11.56,0.046
2128.53227,11.629,0.046
2129.54241,11.627,0.051
2130.55388,11.674,0.048
2131.53503,11.628,0.047
2133.5116,11.665,0.047
2135.51486,11.665,0.05
2140.50426,11.583,0.06
2142.50722,11.565,0.053
2151.48188,11.552,0.073
2156.52776,11.557,0.068
2169.50312,11.394,0.077
2172.52896,11.484,0.062
2177.48974,11.485,0.06
2180.4955,11.495,0.073
2185.49446,11.498,0.077
2189.5005,11.511,0.075
2194.48386,11.622,0.082
2441.65227,11.707,0.027
2446.64562,11.571,0.035
2452.61229,11.651,0.045
2454.62019,11.664,0.033
2459.59675,11.789,0.045
2460.62978,11.735,0.026
2463.60407,11.763,0.037
2464.60085,11.749,0.033
2465.60224,11.807,0.037
2466.59379,11.733,0.03
2467.59648,11.714,0.028
2468.59341,11.776,0.03
2469.58984,11.728,0.037
2473.54829,11.668,0.037
2481.5492,11.746,0.047
2482.5811,11.8,0.048
2486.55512,11.722,0.048
2489.54631,11.757,0.038
2490.55285,11.646,0.044
2493.54397,11.666,0.044
2494.54721,11.698,0.043
2495.54608,11.662,0.046
2497.55285,11.591,0.031
2498.52958,11.635,0.033
2499.52992,11.634,0.03
2501.52146,11.707,0.05
2508.55857,11.742,0.04
2524.60228,11.845,0.052
2546.53883,11.919,0.039
2548.53245,11.984,0.044
2560.49806,12.113,0.044
2679.85867,11.5,0.038
2683.85033,11.461,0.041
2686.85777,11.465,0.039
2689.85335,11.476,0.04
2697.85338,11.47,0.036
2700.8831,11.442,0.041
2703.85383,11.412,0.036
2706.83542,11.465,0.035
2710.88049,11.445,0.036
2712.85871,11.436,0.037
2714.85565,11.416,0.035
2719.8335,11.408,0.037
2724.90339,11.41,0.037
2726.84751,11.385,0.035
2728.82414,11.354,0.039
2733.82613,11.324,0.036
2735.81209,11.384,0.035
2737.80638,11.351,0.035
2739.79568,11.397,0.039
2741.78657,11.42,0.037
2743.78466,11.417,0.04
2747.81075,11.397,0.041
2751.84463,11.419,0.037
2754.77941,11.436,0.034
2756.74673,11.472,0.031
2757.83337,11.494,0.035
2759.8434,11.483,0.039
2761.77082,11.514,0.036
2763.75833,11.463,0.037
2768.79803,11.479,0.034
2782.80276,12.23,0.045
2786.66213,11.54,0.039
2787.80496,11.545,0.04
2791.64841,11.672,0.035
2808.693,11.652,0.034
2809.82674,11.65,0.044
2811.69979,11.712,0.045
2812.84579,11.715,0.04
2816.83935,11.615,0.048
2820.56953,11.593,0.027
2822.64183,11.622,0.034
2826.6472,11.602,0.042
2836.58156,11.547,0.029
2838.78601,11.591,0.033
2841.6452,11.579,0.029
2851.64097,11.512,0.029
2853.75865,11.508,0.031
2861.54444,11.435,0.029
2866.66144,11.847,0.04
2867.72398,11.439,0.038
2872.52729,11.511,0.041
2877.56643,11.506,0.038
2879.56431,11.511,0.032
2882.58779,11.457,0.043
2888.51095,11.492,0.041
2894.56199,11.544,0.051
2896.58315,11.526,0.038
2898.57078,11.601,0.047
2900.56557,11.65,0.038
2904.55233,11.672,0.05
2906.55065,11.789,0.043
2909.55209,11.785,0.044
2915.5191,11.829,0.04
2917.54696,11.889,0.039
2921.54663,11.781,0.038
2923.54795,11.782,0.044
2929.50145,11.771,0.037
2931.51701,11.755,0.039
2933.52366,11.755,0.037
2935.52494,11.778,0.038
2937.52411,11.776,0.039
3153.74524,14.222,0.036
3162.67035,13.602,0.039
3164.7134,13.535,0.043
3167.7281,13.338,0.034
3169.70241,13.603,0.042
3175.81526,13.023,0.036
3178.63228,13.122,0.034
3180.73004,13.124,0.036
3183.71898,13.003,0.038
3189.64635,12.865,0.034
3191.739,12.804,0.06
3192.74293,12.859,0.068
3192.74542,12.732,0.066
3192.74795,12.829,0.065
3192.75051,12.865,0.054
3193.54701,12.722,0.069
3193.54945,12.847,0.07
3193.55195,12.853,0.065
3193.55694,12.941,0.069
3193.55946,12.914,0.045
3193.60432,12.918,0.04
3193.60678,12.831,0.061
3193.60926,12.783,0.039
3193.61175,12.924,0.062
3193.61424,12.761,0.036
3193.61673,12.734,0.037
3193.61923,12.924,0.062
3193.62172,12.788,0.062
3193.62421,12.894,0.039
3193.62749,12.875,0.041
3193.6315,12.741,0.062
3193.63401,12.832,0.046
3193.6388,12.811,0.062
3193.64131,12.816,0.064
3193.64381,12.924,0.04
3193.64631,12.948,0.052
3193.64883,13.081,0.042
3193.65136,12.902,0.062
3193.65614,12.818,0.041
3193.66071,12.881,0.064
3193.66316,12.964,0.061
3193.66571,12.796,0.062
3193.66822,12.848,0.039
3193.67072,12.902,0.061
3193.67322,12.913,0.062
3193.67572,12.797,0.044
3193.67825,12.86,0.04
3193.68085,12.87,0.064
3193.68335,12.743,0.065
3193.68583,12.931,0.064
3193.68836,12.998,0.053
3193.69089,13.019,0.046
3193.69339,12.808,0.065
3193.69594,12.822,0.048
3193.69844,12.913,0.065
3193.70094,12.804,0.066
3193.70343,12.97,0.043
3193.70596,12.819,0.046
3193.71074,12.727,0.048
3193.71323,12.873,0.065
3193.71573,12.956,0.068
3193.71822,12.748,0.068
3193.72072,12.858,0.068
3193.72322,12.811,0.069
3193.72571,12.875,0.046
3193.72821,12.899,0.066
3193.73072,12.791,0.053
3193.73322,12.87,0.069
3193.73572,12.784,0.066
3193.73823,12.922,0.05
3193.74074,12.937,0.064
3193.74329,12.823,0.051
3193.74579,12.898,0.066
3193.74829,12.792,0.066
3193.75082,12.856,0.065
3193.76068,12.844,0.063
3193.76319,12.742,0.064
3193.76572,12.775,0.046
3193.76823,12.73,0.067
3193.77073,12.845,0.045
3193.77324,12.945,0.043
3193.77581,12.791,0.066
3193.77832,12.893,0.062
3193.7831,12.791,0.061
3193.78566,12.791,0.062
3193.78815,12.744,0.042
3193.79067,12.671,0.039
3193.79318,12.774,0.063
3193.79569,12.772,0.063
3193.79818,12.746,0.039
3193.80067,12.833,0.06
3193.80317,12.787,0.042
3193.80568,12.798,0.061
3193.80818,12.769,0.039
3193.8107,12.798,0.06
3193.8132,12.859,0.06
3193.81569,12.784,0.061
3193.8182,12.672,0.039
3193.82069,12.749,0.061
3193.82323,12.632,0.063
3193.82575,12.85,0.061
3193.82826,12.796,0.042
3193.83075,12.754,0.038
3193.83326,12.823,0.066
3193.83576,13.023,0.063
3193.83826,12.985,0.039
3193.84079,12.803,0.068
3193.84335,12.687,0.052
3194.47619,12.878,0.053
3194.4937,12.9,0.065
3194.50367,12.861,0.043
3194.50867,12.862,0.063
3194.51117,12.829,0.046
3194.51367,12.912,0.057
3194.51617,12.854,0.057
3194.51868,12.716,0.058
3194.52118,12.843,0.039
3194.5237,12.959,0.046
3194.5262,12.923,0.062
3194.52871,12.82,0.038
3194.5337,12.74,0.042
3194.5387,12.83,0.061
3194.5412,12.825,0.057
3194.54368,12.792,0.057
3194.5462,12.761,0.039
3194.5487,12.813,0.056
3194.5512,12.807,0.058
3194.55369,12.88,0.058
3194.55621,12.852,0.059
3194.55872,12.86,0.058
3194.56124,12.878,0.058
3194.56374,12.913,0.058
3194.56852,12.811,0.058
3194.57102,12.814,0.058
3194.5758,12.791,0.058
3194.5783,12.818,0.057
3194.5808,12.957,0.058
3194.58333,12.883,0.058
3194.58586,12.865,0.057
3194.58836,12.866,0.057
3194.59314,12.941,0.058
3194.59566,12.796,0.056
3194.59816,13.034,0.056
3194.60068,12.891,0.059
3194.6032,12.806,0.058
3194.6057,12.838,0.062
3194.60819,12.829,0.059
3194.61069,12.835,0.058
3194.61398,12.802,0.058
3194.61797,12.847,0.064
3194.6205,12.852,0.06
3194.62301,12.871,0.062
3194.62551,12.806,0.058
3194.62801,12.891,0.062
3194.63051,12.841,0.059
3194.63301,12.811,0.062
3194.63551,12.802,0.06
3194.638,12.892,0.062
3194.64052,12.71,0.059
3194.6453,12.79,0.061
3194.6478,12.753,0.063
3194.6503,12.739,0.063
3194.65279,12.864,0.065
3194.65529,12.813,0.061
3194.65779,12.827,0.064
3194.66029,12.981,0.062
3194.66279,12.834,0.064
3194.66529,12.792,0.062
3194.6678,12.796,0.066
3194.6703,12.771,0.062
3194.67279,12.71,0.063
3194.6753,12.777,0.066
3194.6778,12.828,0.062
3194.68029,12.815,0.067
3194.68279,12.897,0.063
3194.68666,12.782,0.068
3194.69965,12.796,0.067
3194.70464,12.732,0.068
3194.70708,12.769,0.062
3194.70958,12.941,0.067
3194.71457,12.707,0.065
3194.71706,12.826,0.068
3194.71958,12.92,0.068
3194.72207,12.688,0.069
3194.72458,12.805,0.064
3194.72708,12.705,0.066
3194.7321,12.616,0.065
3194.7346,12.816,0.069
3194.7371,12.762,0.064
3194.7396,12.763,0.067
3194.7421,12.59,0.067
3194.7446,12.621,0.065
3194.74709,12.654,0.061
3194.74959,12.789,0.062
3194.75209,12.871,0.063
3194.75461,12.741,0.062
3194.76019,12.715,0.062
3194.76418,12.832,0.061
3194.76746,12.918,0.062
3194.77145,12.872,0.06
3194.77623,12.779,0.063
3194.77874,12.889,0.06
3194.78124,12.835,0.061
3194.78374,12.816,0.06
3194.78623,12.812,0.062
3194.78873,12.858,0.063
3194.79123,12.772,0.062
3194.79373,12.954,0.061
3194.79622,13.006,0.061
3194.79875,12.826,0.061
3194.80127,12.973,0.061
3194.80378,12.821,0.06
3194.80631,12.907,0.063
3194.80886,12.97,0.061
3194.81139,12.709,0.06
3194.81389,12.801,0.061
3194.81639,12.722,0.062
3194.81889,12.623,0.061
3194.82144,12.624,0.062
3194.82393,12.7,0.062
3194.82871,12.857,0.062
3194.83349,12.695,0.061
3194.836,12.751,0.063
3195.6471,12.572,0.068
3195.64938,12.592,0.059
3195.65167,12.614,0.06
3195.65395,12.676,0.067
3195.65665,12.832,0.059
3195.66112,12.668,0.055
3195.6634,12.735,0.063
3195.66568,12.775,0.066
3195.66796,12.785,0.064
3195.67024,12.82,0.059
3195.67253,12.694,0.055
3195.67483,12.621,0.062
3195.67711,12.622,0.058
3195.67939,12.742,0.061
3195.68173,12.734,0.049
3195.68411,12.771,0.057
3195.6864,12.718,0.054
3195.68868,12.755,0.053
3195.69107,12.681,0.054
3195.69342,12.751,0.051
3195.6958,12.779,0.051
3195.6982,12.736,0.051
3195.70054,12.801,0.049
3195.7029,12.706,0.048
3195.70521,12.666,0.05
3195.70764,12.709,0.046
3195.71072,12.884,0.042
3195.71307,12.647,0.039
3195.71541,12.722,0.043
3195.71777,12.718,0.044
3195.72012,12.702,0.047
3195.72557,12.754,0.045
3195.72788,12.846,0.046
3195.73018,12.72,0.049
3195.73247,12.773,0.044
3195.73475,12.796,0.045
3195.73704,12.756,0.048
3195.74186,12.742,0.049
3195.74414,12.804,0.049
3195.74958,12.74,0.055
3195.75421,12.689,0.059
3195.76212,12.953,0.06
3195.7644,12.786,0.063
3195.76675,12.69,0.063
3195.78425,12.738,0.051
3195.78656,12.845,0.051
3195.78904,12.837,0.049
3195.79138,12.978,0.05
3195.79374,12.849,0.052
3195.79619,12.901,0.051
3195.79851,12.81,0.055
3195.80087,12.784,0.053
3195.80327,12.725,0.056
3195.80561,12.927,0.048
3195.81035,12.74,0.049
3196.5677,12.649,0.046
3196.56998,12.644,0.036
3196.57232,12.637,0.042
3196.57464,12.953,0.039
3196.57699,12.683,0.044
3196.57932,12.632,0.04
3196.58473,12.736,0.037
3196.58703,12.724,0.043
3196.58935,12.786,0.039
3196.59168,12.766,0.036
3196.59404,12.71,0.035
3196.59638,12.736,0.044
3207.6662,12.415,0.048
3207.66876,12.49,0.038
3207.6713,12.408,0.033
3207.67381,12.49,0.038
3207.67637,12.383,0.036
3207.6789,12.349,0.041
3207.68144,12.425,0.034
3207.68399,12.391,0.035
3207.6865,12.49,0.04
3207.68902,12.478,0.038
3207.69157,12.548,0.041
3207.69411,12.522,0.033
3207.69661,12.754,0.034
3212.4896,12.407,0.039
3212.49203,12.493,0.044
3212.49453,12.535,0.04
3212.49704,12.471,0.042
3212.50209,12.356,0.04
3212.5046,12.438,0.036
3212.50711,12.373,0.04
3212.50964,12.423,0.037
3212.51214,12.455,0.031
3212.51462,12.454,0.031
3212.51714,12.39,0.04
3212.51964,12.439,0.031
3212.52215,12.38,0.041
3212.52465,12.502,0.038
3212.52717,12.401,0.029
3212.5297,12.404,0.04
3212.53223,12.35,0.032
3212.53474,12.422,0.039
3212.53725,12.494,0.042
3212.53979,12.431,0.039
3212.54233,12.449,0.032
3212.54485,12.438,0.041
3212.54963,12.45,0.041
3212.55443,12.496,0.033
3212.55694,12.463,0.046
3212.55947,12.439,0.032
3212.56201,12.446,0.043
3212.56452,12.488,0.039
3212.56703,12.627,0.036
3212.56953,12.548,0.029
3212.57203,12.325,0.031
3212.57454,12.32,0.034
3212.57706,12.431,0.054
3212.58212,12.332,0.043
3212.58462,12.454,0.031
3212.58712,12.461,0.048
3212.58964,12.365,0.036
3212.59214,12.508,0.051
3212.59464,12.441,0.035
3212.59715,12.404,0.053
3212.59964,12.45,0.051
3212.60214,12.351,0.049
3212.60465,12.433,0.047
3212.60715,12.491,0.033
3212.60968,12.452,0.049
3212.61222,12.485,0.031
3212.61471,12.39,0.033
3212.61723,12.393,0.045
3212.61973,12.383,0.043
3212.62223,12.419,0.044
3212.62474,12.401,0.042
3212.62729,12.481,0.032
3212.62983,12.497,0.042
3212.63238,12.463,0.044
3212.63995,12.333,0.045
3212.64248,12.363,0.033
3212.64499,12.421,0.045
3212.64749,12.39,0.042
3212.65006,12.423,0.031
3212.65259,12.42,0.042
3212.6551,12.408,0.035
3212.6576,12.534,0.04
3212.66011,12.351,0.042
3212.66262,12.372,0.041
3212.66515,12.337,0.034
3212.66768,12.442,0.031
3212.67019,12.471,0.044
3212.67268,12.445,0.033
3212.67518,12.361,0.045
3212.67769,12.419,0.044
3212.68022,12.408,0.043
3212.68273,12.366,0.035
3212.68526,12.437,0.043
3212.68779,12.39,0.047
3212.69032,12.393,0.03
3212.69282,12.474,0.035
3212.69537,12.386,0.046
3212.69789,12.37,0.046
3212.7004,12.309,0.043
3212.70292,12.399,0.032
3212.70546,12.438,0.041
3212.70797,12.367,0.04
3212.71046,12.462,0.03
3212.71296,12.443,0.039
3212.71546,12.413,0.03
3212.71796,12.451,0.04
3212.72049,12.4,0.041
3212.72304,12.42,0.031
3212.72811,12.427,0.038
3212.73065,12.325,0.037
3212.73323,12.395,0.03
3212.73573,12.364,0.035
3212.73828,12.408,0.042
3212.74081,12.343,0.041
3212.74335,12.467,0.033
3212.74584,12.423,0.031
3212.74835,12.391,0.036
3212.75088,12.421,0.03
3212.75599,12.43,0.033
3212.75856,12.516,0.037
3212.76107,12.33,0.034
3212.7636,12.392,0.033
3212.76618,12.473,0.031
3212.76875,12.348,0.035
3212.77132,12.292,0.031
3273.59461,11.997,0.042
3279.51439,12.041,0.056
3298.51701,11.821,0.03
3408.88034,11.665,0.04
3417.87266,11.631,0.043
3425.85109,11.613,0.04
3436.89508,11.726,0.035
3436.89831,11.743,0.048
3443.86029,11.64,0.042
3446.87052,11.649,0.04
3449.86341,11.579,0.057
3452.85817,11.529,0.062
3455.78289,11.641,0.051
3455.82842,11.544,0.042
3457.83242,11.613,0.055
3457.87505,11.668,0.075
3463.7993,11.609,0.038
3466.82537,11.612,0.04
3469.81696,11.645,0.043
3471.80227,11.653,0.061
3477.85785,11.675,0.081
3480.77941,11.616,0.067
3481.80328,11.687,0.051
3483.79545,11.721,0.056
3491.85589,11.908,0.041
3499.75092,12.116,0.04
3501.72745,12.184,0.058
3503.7719,12.173,0.077
3506.79937,12.411,0.055
3508.83968,12.369,0.033
3509.77147,12.39,0.05
3511.70903,12.434,0.034
3511.83561,12.437,0.057
3516.75244,12.716,0.044
3522.72964,12.882,0.057
3524.73164,12.824,0.079
3524.75918,13.077,0.075
3526.75833,13,0.064
3526.78045,12.944,0.064
3528.7549,13.067,0.072
3537.76415,13.715,0.055
3547.74523,14.265,0.062
3774.87527,14.15,0.052
3776.83357,13.994,0.044
3776.83611,13.777,0.045
3776.85135,13.765,0.04
3777.84335,13.769,0.046
3777.86909,13.761,0.04
3777.87732,14.042,0.04
3778.84379,13.672,0.048
3778.85874,14.162,0.039
3778.88875,13.618,0.039
3781.83493,13.693,0.04
3781.87894,13.613,0.045
3781.88409,13.729,0.043
3791.84884,13.618,0.055
3795.8469,13.593,0.052
3795.87507,13.361,0.041
3799.85131,13.458,0.073
3803.84944,13.472,0.055
3803.85712,13.318,0.043
3806.86194,13.156,0.071
3806.86676,13.25,0.04
3806.8726,13.201,0.04
3813.81718,13.349,0.067
3813.87699,13.16,0.067
3818.81946,13.221,0.049
3818.82422,13.26,0.066
3818.84455,13.291,0.05
3821.83768,13.326,0.053
3821.85416,13.29,0.062
3821.85718,13.544,0.053
3824.82661,13.294,0.054
3824.84515,13.473,0.051
3827.82981,13.437,0.054
3827.83426,13.615,0.045
3827.84568,13.526,0.041
3830.86738,13.694,0.04
3833.80733,13.744,0.058
3836.81463,14.323,0.04
4134.87742,12.705,0.057
4139.88029,12.89,0.043
4146.87305,12.875,0.06
4146.88305,12.686,0.047
4151.88702,12.637,0.056
4152.88266,12.596,0.049
4156.87951,12.827,0.051
4159.86517,12.606,0.065
4160.87451,12.65,0.07
4163.85041,12.662,0.065
4164.85826,12.627,0.061
4166.88916,12.513,0.052
4167.83772,12.594,0.055
4168.86602,12.61,0.036
4173.88961,12.434,0.053
4174.85435,12.446,0.042
4176.88622,12.27,0.07
4177.87788,12.415,0.038
4179.8712,12.387,0.052
4182.84856,12.306,0.057
4185.8656,12.268,0.054
4188.87373,12.196,0.039
4189.80042,12.093,0.058
4190.84637,12.118,0.04
4191.82193,12.151,0.046
4191.87943,12.105,0.053
4193.8602,11.95,0.068
4194.80845,12.018,0.036
4202.81546,11.965,0.074
4202.82065,12.049,0.046
4202.83744,12.101,0.066
4204.84099,11.993,0.055
4205.79617,12.053,0.042
4208.79886,12.173,0.071
4208.81461,12.089,0.04
4213.88,12.146,0.066
4213.89049,12.027,0.052
4216.89386,11.984,0.061
4227.79394,12.03,0.058
4227.81902,12.087,0.047
4229.81225,12.074,0.046
4231.79382,11.939,0.057
4231.81139,11.975,0.054
4233.8008,11.972,0.052
4233.82499,12.137,0.042
4235.8366,12.041,0.057
4238.78508,12.064,0.046
4245.70578,11.914,0.046
4247.66971,12.064,0.057
4247.68594,12.071,0.045
4254.7228,12.145,0.067
4255.72863,12.03,0.039
4256.87025,12.084,0.054
4258.65725,11.99,0.034
4259.6474,12.124,0.057
4268.59548,11.83,0.057
4269.74375,11.835,0.049
4273.79473,11.778,0.053
4273.80488,11.927,0.036
4274.70464,11.922,0.036
4277.64315,11.819,0.038
4282.65583,11.796,0.042
4283.76155,11.809,0.065
4284.66086,11.763,0.047
4284.70433,11.788,0.048
4285.75113,11.776,0.069
4290.65267,11.824,0.035
4290.69603,11.726,0.045
4291.74298,11.697,0.053
4292.62795,11.744,0.035
4292.6424,11.782,0.045
4293.72729,11.802,0.057
4295.73709,11.608,0.064
4296.62996,11.673,0.037
4297.72764,11.631,0.061
4298.63533,11.672,0.036
4298.64619,11.709,0.045
4300.60116,11.677,0.039
4302.64947,11.601,0.04
4303.65885,11.57,0.058
4304.59247,11.664,0.034
4304.60429,11.637,0.046
4309.57806,11.809,0.04
4311.62107,11.753,0.048
4311.66487,11.761,0.047
4314.70396,11.761,0.04
4316.67959,11.761,0.037
4319.66252,11.715,0.042
4329.64717,11.677,0.037
4331.57781,11.675,0.04
4337.50175,11.61,0.038
4339.67782,11.612,0.04
4340.66105,11.754,0.054
4341.63773,11.63,0.062
4342.50987,11.697,0.049
4344.52399,11.637,0.051
4346.5275,11.594,0.044
4348.54769,11.57,0.047
4350.55202,11.54,0.044
4352.56532,11.494,0.033
4355.5688,11.479,0.04
4357.5794,11.455,0.035
4364.49228,11.565,0.034
4367.5899,11.574,0.037
4372.53254,11.616,0.044
4375.5576,11.585,0.037
4377.56462,11.574,0.044
4379.57817,11.566,0.056
4385.51467,11.451,0.04
4392.50247,11.534,0.042
4402.49845,11.553,0.061
4583.7913,14.022,0.039
4589.77174,13.952,0.057
4592.75255,13.888,0.036
4596.71731,13.677,0.053
4597.73703,13.569,0.044
4609.75902,13.335,0.06
4610.76629,13.429,0.054
4611.75656,13.231,0.08
4616.8835,12.999,0.056
4616.90592,13.272,0.049
4620.6668,13.155,0.051
4622.83274,13.176,0.063
4622.84434,13.593,0.059
4624.83515,13.015,0.038
4626.6346,12.882,0.04
4627.66298,12.754,0.057
4627.68989,12.865,0.052
4629.65145,12.787,0.058
4629.68043,12.86,0.045
4631.65784,12.714,0.057
4631.69474,12.829,0.048
4638.78534,12.735,0.047
4639.71125,12.748,0.059
4641.72176,12.625,0.059
4641.73365,12.748,0.044
4643.72721,12.73,0.053
4643.73267,12.757,0.052
4645.73972,12.626,0.066
4645.74537,12.76,0.061
4647.59821,12.858,0.053
4647.77704,12.727,0.08
4647.78348,12.889,0.051
4649.66482,12.792,0.042
4649.82674,12.651,0.059
4650.57852,12.874,0.055
4651.67182,12.845,0.051
4652.59853,12.876,0.042
4652.62735,12.968,0.048
4654.61662,12.869,0.066
4654.6331,12.764,0.055
4656.61508,12.878,0.068
4656.63701,12.824,0.062
4657.65618,12.756,0.037
4658.66656,12.895,0.054
4658.68166,13.032,0.054
4664.59636,12.876,0.054
4664.60787,12.853,0.038
4664.69801,12.833,0.044
4666.62303,12.869,0.059
4666.62895,12.887,0.036
4666.72024,13.049,0.04
4670.67188,12.799,0.045
4672.62093,12.81,0.063
4672.62628,12.908,0.039
4672.69549,12.877,0.042
4675.6655,12.748,0.041
4678.66233,12.888,0.049
4681.5794,12.946,0.052
4681.64766,12.885,0.038
4683.57143,12.942,0.056
4683.57841,13.02,0.036
4683.64477,12.768,0.038
4685.55354,12.897,0.073
4685.55892,13.041,0.044
4685.61431,12.847,0.058
4691.52241,12.859,0.062
4693.53871,12.899,0.064
4694.5937,13.409,0.058
4697.53234,12.996,0.033
4697.61488,12.983,0.037
4698.594,13.229,0.059
4701.54808,13.036,0.038
4701.61177,13.03,0.043
4702.6096,13.136,0.055
4703.55511,12.941,0.038
4703.61792,13.165,0.054
4705.58824,13.215,0.042
4705.64988,13.143,0.052
4706.65126,13.302,0.058
4707.67081,13.282,0.05
4709.60652,13.339,0.073
4710.56458,13.313,0.064
4720.58018,13.382,0.052
4722.61756,13.189,0.049
4726.53736,13.309,0.051
4729.58567,13.677,0.039
4746.50772,13.398,0.065
4755.51978,13.635,0.054
4758.51995,13.149,0.073
4761.51016,13.313,0.043
4764.50763,13.094,0.053
4767.50182,13.226,0.065
4877.88744,13.486,0.063
4883.85895,13.631,0.048
4892.85718,11.776,0.045
4916.82694,13.829,0.052
4919.84724,13.179,0.053
4940.80443,13.134,0.054
4946.78272,12.992,0.049
4946.78516,13.056,0.04
4951.78308,12.853,0.048
4954.75441,12.775,0.052
4954.75685,13.011,0.047
4967.83168,12.854,0.05
4973.78171,13.149,0.047
4985.70058,13.423,0.043
5021.66475,13.776,0.055
5023.66597,13.946,0.048
5031.60421,13.777,0.042
5039.61217,13.53,0.053
5063.66101,13.566,0.049
5084.5558,12.957,0.053
5104.57686,12.831,0.052
