1937.8789,11.878,0.038
1940.87231,11.749,0.038
1947.85481,11.833,0.042
1953.8408,11.718,0.042
1954.8458,11.867,0.048
1955.85335,11.884,0.04
1961.85959,11.86,0.047
1963.8443,11.959,0.04
1965.83774,11.739,0.04
1967.83732,11.858,0.046
1977.78126,11.676,0.052
1979.79442,12.049,0.055
1980.80537,11.89,0.053
1981.81108,11.699,0.049
1982.7859,11.802,0.049
1994.75888,11.728,0.054
2025.7261,11.797,0.041
2026.75884,11.733,0.039
2027.75139,11.813,0.043
2030.73694,11.681,0.039
2031.7517,11.725,0.04
2032.7366,11.942,0.038
2033.72629,11.824,0.037
2037.69698,11.949,0.049
2040.8285,11.994,0.039
2052.6918,11.795,0.046
2053.71451,11.958,0.042
2054.70386,11.769,0.046
2055.68342,11.673,0.041
2056.68688,11.778,0.043
2057.68493,11.861,0.043
2058.67959,11.872,0.043
2061.68297,11.951,0.047
2068.71349,11.798,0.037
2070.64939,11.794,0.042
2080.56058,11.749,0.043
2081.62884,11.815,0.042
2082.6468,11.921,0.038
2083.63105,11.778,0.044
2085.62181,11.881,0.039
2086.6255,11.84,0.041
2087.62083,11.782,0.047
2088.61961,11.709,0.041
2102.5699,11.802,0.041
2103.59191,11.95,0.038
2104.58952,11.698,0.041
2105.58637,11.737,0.041
2106.58833,11.944,0.039
2109.57859,11.71,0.044
2109.58107,11.774,0.036
2115.54322,11.882,0.043
2115.54797,11.895,0.037
2116.55573,11.777,0.046
2116.55819,11.721,0.041
2117.55007,11.728,0.045
2117.55479,11.713,0.039
2124.52774,11.832,0.04
2125.544,11.71,0.045
2125.54643,11.742,0.039
2128.52762,11.856,0.039
2129.53776,11.664,0.037
2131.50286,11.814,0.038
2133.50923,11.716,0.038
2135.51012,11.985,0.046
2140.49956,11.957,0.04
2142.50025,11.74,0.043
2142.50261,11.76,0.036
2144.49164,11.848,0.042
2151.4772,11.771,0.048
2156.51911,11.968,0.04
2164.50703,12.021,0.038
2168.5601,11.819,0.04
2172.49972,12.005,0.039
2177.48343,11.832,0.043
2179.53017,11.836,0.048
2184.5422,11.836,0.044
2188.54619,12.033,0.045
2192.50528,11.915,0.044
2197.48779,11.826,0.048
2205.49574,11.793,0.054
2441.64759,11.808,0.032
2445.61818,12.003,0.032
2452.60756,11.826,0.041
2454.61777,11.702,0.038
2459.58962,11.706,0.047
2460.62735,11.787,0.034
2463.59942,11.763,0.034
2463.61786,11.705,0.036
2464.59845,11.891,0.039
2467.59408,11.723,0.035
2468.58872,11.778,0.034
2469.58744,12.077,0.044
2473.54356,11.868,0.04
2481.54455,11.787,0.046
2482.57377,11.882,0.05
2486.55044,11.812,0.046
2489.54162,11.836,0.037
2490.54822,11.979,0.037
2490.57401,11.989,0.047
2491.541,11.729,0.054
2493.53929,11.866,0.046
2494.54932,11.85,0.05
2495.55094,11.829,0.044
2499.52757,11.855,0.037
2500.49413,11.706,0.043
2510.50156,11.895,0.044
2511.57584,11.87,0.042
2512.63132,11.714,0.044
2519.64068,11.825,0.039
2543.53299,11.997,0.036
2544.48861,11.78,0.047
2545.54519,11.714,0.035
2547.53224,11.872,0.037
2549.5253,11.73,0.039
2552.52122,11.805,0.052
2561.51529,11.718,0.044
2563.51302,11.819,0.04
2565.50302,11.715,0.038
2664.87338,11.794,0.036
2673.87559,11.759,0.036
2677.8618,11.692,0.041
2681.862,11.808,0.039
2684.86121,12.01,0.035
2690.84714,11.802,0.053
2696.84306,11.876,0.041
2697.8489,11.783,0.035
2700.86944,11.978,0.038
2703.83282,11.827,0.035
2706.82624,11.749,0.034
2710.86397,11.697,0.034
2714.84412,11.734,0.039
2719.82895,11.792,0.042
2723.91586,11.754,0.033
2725.83622,11.847,0.033
2727.81441,11.746,0.034
2729.82318,12.027,0.035
2732.83442,11.876,0.043
2734.78768,11.85,0.041
2736.78882,11.825,0.032
2738.81057,11.763,0.035
2740.80136,11.829,0.033
2742.77668,11.896,0.04
2744.78437,11.895,0.039
2751.84229,11.664,0.033
2754.77705,11.826,0.033
2755.93216,11.754,0.033
2757.7796,11.858,0.032
2759.822,11.711,0.033
2761.76392,11.91,0.036
2763.74914,11.81,0.052
2768.78651,11.707,0.039
2775.76728,11.716,0.037
2782.81622,11.964,0.052
2784.71808,11.723,0.036
2786.65741,11.815,0.043
2787.8002,11.818,0.034
2791.646,11.825,0.038
2795.74138,11.849,0.035
2809.72259,11.741,0.032
2810.83222,11.791,0.04
2812.63791,11.808,0.034
2813.82256,11.72,0.043
2820.68556,11.814,0.031
2822.71959,11.901,0.047
2830.55789,11.691,0.036
2834.734,11.768,0.035
2836.57915,11.845,0.033
2841.64043,11.788,0.034
2843.61072,11.892,0.034
2851.55977,11.838,0.031
2853.68445,11.815,0.039
2853.71459,11.718,0.04
2855.60197,11.777,0.031
2860.54583,11.827,0.033
2861.70447,11.702,0.033
2866.51743,11.726,0.034
2867.6775,11.85,0.038
2874.70227,11.782,0.038
2876.62767,11.874,0.037
2878.62012,11.741,0.047
2883.54243,11.755,0.039
2888.49216,11.806,0.037
2892.49291,11.777,0.04
2893.62026,11.931,0.035
2895.60723,11.739,0.033
2899.59831,11.056,0.047
2905.56207,11.869,0.031
2908.58058,11.716,0.032
2910.57589,11.838,0.034
2915.49836,11.884,0.046
2917.53003,11.894,0.05
2921.5312,11.853,0.034
2923.53421,11.754,0.048
2926.5394,11.842,0.034
2928.54269,11.697,0.034
2931.50489,11.778,0.033
2933.51222,11.811,0.034
2935.51352,11.828,0.033
3053.86651,11.78,0.034
3057.88554,11.698,0.033
3061.89885,11.786,0.033
3066.87839,11.902,0.034
3069.87003,11.754,0.036
3073.84172,11.691,0.035
3080.82993,11.76,0.041
3086.8713,11.737,0.033
3089.85876,11.784,0.036
3092.84185,11.899,0.037
3096.88531,11.788,0.033
3099.804,11.819,0.034
3102.80303,11.769,0.036
3106.86688,11.803,0.037
3109.80298,11.749,0.034
3112.78766,11.95,0.033
3115.77548,11.771,0.033
3118.86043,11.744,0.035
3122.78941,11.703,0.033
3124.84047,12.123,0.03
3126.81853,11.722,0.038
3128.80301,11.9,0.036
3133.79552,11.942,0.035
3144.84036,11.847,0.032
3152.85993,11.865,0.033
3154.66113,11.775,0.032
3162.66766,11.765,0.033
3164.70921,11.856,0.046
3166.9052,11.74,0.038
3169.63669,11.94,0.034
3171.82952,11.751,0.041
3175.80715,11.723,0.033
3178.62687,11.854,0.031
3180.72185,11.711,0.034
3183.71364,11.785,0.034
3191.72273,11.782,0.046
3292.53107,11.845,0.04
3298.4984,11.757,0.032
3398.87975,11.752,0.054
3403.87921,11.742,0.042
3408.87546,11.865,0.042
3417.85955,11.84,0.046
3421.8563,12.017,0.037
3424.88804,11.801,0.042
3427.8682,11.772,0.046
3430.86848,11.875,0.034
3436.88702,11.745,0.033
3442.89845,11.818,0.035
3445.87573,11.958,0.035
3449.82242,11.834,0.041
3453.77361,11.778,0.044
3455.82267,11.774,0.044
3457.8344,11.7,0.043
3463.79368,11.83,0.038
3466.81848,11.959,0.037
3469.808,11.82,0.041
3472.79528,11.755,0.033
3475.78435,11.9,0.043
3477.8468,11.75,0.04
3480.76745,11.715,0.043
3482.81256,11.945,0.043
3484.85905,11.757,0.036
3489.82424,11.784,0.048
3491.85334,11.987,0.036
3501.72951,11.746,0.039
3503.78343,11.98,0.039
3509.78878,11.781,0.035
3512.67163,11.913,0.032
3520.69918,11.845,0.044
3522.72691,11.733,0.037
3526.77702,11.797,0.05
3528.8195,11.854,0.04
3537.69947,11.856,0.046
3544.67194,11.848,0.041
3547.7426,11.757,0.036
3551.72998,11.81,0.037
3554.70912,11.73,0.032
3555.6694,11.673,0.049
3555.69654,11.72,0.041
3555.72437,11.697,0.039
3555.75123,11.751,0.041
3555.78119,11.775,0.04
3555.81235,11.796,0.039
3555.8418,11.778,0.038
3556.47678,11.737,0.04
3556.50679,11.738,0.039
3556.53756,11.79,0.044
3556.56568,11.827,0.04
3556.59474,11.822,0.04
3556.6254,11.834,0.043
3556.67293,11.901,0.039
3556.70361,11.993,0.035
3556.73476,12.521,0.034
3556.76464,11.975,0.041
3556.76994,12.024,0.032
3556.7927,12.035,0.038
3556.82145,12.002,0.038
3556.85162,11.991,0.039
3558.46149,11.877,0.04
3558.52149,11.918,0.045
3558.55057,11.902,0.043
3558.58117,11.856,0.044
3558.61101,11.849,0.045
3558.64175,11.801,0.043
3558.67309,11.747,0.054
3558.70106,11.694,0.05
3558.72958,11.718,0.052
3558.7581,11.77,0.05
3558.7903,11.744,0.04
3558.8239,11.677,0.044
3562.56661,11.841,0.041
3564.60747,11.834,0.031
3571.59703,11.703,0.033
3573.77427,11.841,0.04
3576.55126,11.734,0.033
3578.58311,11.811,0.036
3583.55707,11.817,0.038
3585.6098,11.916,0.056
3587.6213,11.735,0.034
3589.63207,11.808,0.038
3591.69887,11.675,0.042
3594.51331,11.811,0.038
3599.59117,11.715,0.034
3601.63241,11.879,0.035
3603.64032,11.722,0.034
3606.63932,11.966,0.035
3616.49436,11.737,0.038
3618.59848,11.912,0.044
3620.59862,11.709,0.039
3626.50981,11.836,0.033
3629.59434,11.779,0.036
3631.59199,11.822,0.034
3634.50002,11.777,0.037
3637.58548,11.732,0.036
3641.53438,11.712,0.033
3643.57458,11.943,0.035
3647.53443,11.903,0.033
3653.49801,11.769,0.037
3655.53603,11.877,0.034
3658.52263,11.788,0.038
3660.54735,11.803,0.036
3663.50049,11.914,0.043
3671.49548,11.861,0.036
3674.49933,11.693,0.034
3758.872,11.806,0.039
3773.8839,11.751,0.04
3776.8025,12.048,0.04
3776.80571,11.983,0.037
3776.80824,11.998,0.038
3776.81076,12.046,0.037
3776.81332,12.101,0.038
3776.81578,12.004,0.037
3791.85403,11.793,0.043
3795.85428,11.833,0.034
3799.84513,11.789,0.04
3803.85147,11.823,0.045
3806.86415,11.745,0.041
3809.87711,11.813,0.044
3813.83562,11.907,0.045
3818.81368,11.787,0.047
3821.84591,11.905,0.036
3824.83911,11.878,0.039
3827.83172,11.745,0.041
3830.83693,11.786,0.042
3836.80935,11.773,0.042
3849.82444,11.847,0.036
3852.76157,11.766,0.034
3855.75418,11.687,0.047
3858.75513,12.121,0.041
3860.80222,11.798,0.038
3862.7349,11.889,0.044
3864.73161,11.769,0.045
3866.7234,12.063,0.042
3868.76453,11.67,0.038
3881.73832,11.754,0.034
3886.72818,11.838,0.034
3890.71881,11.984,0.038
3892.71028,11.742,0.036
3894.71153,11.804,0.034
3901.71479,11.721,0.037
3903.72917,11.931,0.039
3905.72111,11.745,0.052
3907.73664,11.859,0.04
3909.84482,11.789,0.034
3913.80468,11.72,0.033
3981.57304,11.799,0.042
4134.88333,11.987,0.048
4146.8695,11.792,0.041
4151.87921,11.833,0.04
4155.87395,11.942,0.037
4159.85322,11.835,0.034
4162.88945,11.773,0.046
4166.85361,11.831,0.04
4173.87932,11.984,0.035
4176.86679,11.795,0.043
4180.83033,11.74,0.039
4183.86474,11.895,0.038
4187.86178,12.013,0.037
4190.8353,11.8,0.035
4193.80375,11.749,0.034
4202.81819,11.745,0.041
4204.8477,11.843,0.036
4208.80565,11.991,0.036
4212.84515,11.852,0.038
4215.82919,11.811,0.038
4227.80252,11.75,0.037
4229.80244,11.849,0.034
4231.80156,11.785,0.034
4238.71654,11.805,0.036
4245.69495,11.985,0.049
4247.66368,11.708,0.043
4254.72808,11.775,0.036
4256.88175,11.98,0.034
4259.66108,11.722,0.041
4266.69939,11.9,0.039
4273.81887,11.895,0.037
4276.62651,11.711,0.046
4282.65247,11.987,0.039
4284.65674,11.763,0.041
4290.64931,12.038,0.037
4292.62127,11.706,0.033
4296.62327,11.712,0.036
4298.6279,11.993,0.035
4300.59534,11.75,0.038
4302.64114,12.037,0.037
4304.5815,11.78,0.035
4309.57547,11.698,0.037
4316.67327,11.683,0.033
4319.65996,11.925,0.033
4329.51785,11.799,0.039
4331.52011,11.851,0.037
4337.49925,11.753,0.037
4339.67532,11.866,0.036
4341.67162,11.786,0.038
4343.67316,11.958,0.037
4346.50297,11.773,0.035
4348.52904,12.024,0.034
4350.53508,11.742,0.035
4352.55269,11.843,0.032
4355.55612,11.836,0.033
4357.56792,11.8,0.035
4359.54337,11.879,0.035
4364.48457,11.983,0.033
4367.58736,11.895,0.035
4372.5301,12.071,0.037
4375.55509,11.868,0.036
4377.56214,11.789,0.033
4379.56776,11.775,0.035
4385.51226,11.9,0.033
4393.53127,11.909,0.042
4400.50142,11.83,0.036
4493.88017,11.778,0.039
4502.86977,11.817,0.042
4506.86776,11.749,0.041
4510.86269,11.789,0.048
4517.89034,11.872,0.037
4521.85451,11.975,0.037
4528.84622,11.71,0.034
4536.85422,11.728,0.033
4539.85954,11.752,0.042
4543.82597,11.764,0.035
4546.83637,11.817,0.035
4555.89884,11.829,0.039
4558.83369,12.064,0.035
4561.81971,11.791,0.035
4564.81112,11.745,0.035
4567.80219,11.845,0.042
4570.79526,11.807,0.035
4572.83112,11.756,0.035
4574.79795,11.966,0.038
4576.80307,11.812,0.044
4583.78291,11.927,0.034
4586.81229,11.824,0.038
4589.75047,11.764,0.036
4592.738,11.837,0.034
4594.78868,11.777,0.035
4596.82511,11.769,0.033
4599.7335,11.905,0.039
4601.7643,11.7,0.035
4603.7659,11.998,0.035
4609.75538,11.696,0.037
4611.75296,11.92,0.035
4615.79021,11.915,0.04
4617.72557,11.698,0.037
4623.72296,11.825,0.036
4627.68378,11.843,0.033
4629.66396,11.845,0.034
4631.68256,11.725,0.035
4640.64733,12.002,0.037
4642.6566,11.7,0.034
4644.67617,11.858,0.035
4646.67866,11.774,0.044
4648.72001,11.93,0.033
4650.77281,11.713,0.039
4652.77595,11.849,0.033
4654.76455,11.771,0.033
4656.73903,12.046,0.043
4659.5986,11.821,0.035
4664.60525,11.797,0.035
4666.62557,11.818,0.035
4670.59385,11.877,0.039
4672.62366,11.806,0.042
4678.65961,11.826,0.043
4681.57665,11.816,0.038
4683.575,11.781,0.037
4685.55628,11.901,0.037
4691.52859,11.751,0.035
4694.60276,11.811,0.038
4697.70938,11.849,0.036
4701.68099,11.974,0.034
4703.68496,11.761,0.04
4706.61209,11.974,0.036
4709.55609,11.813,0.045
4720.52425,11.858,0.042
4722.56039,12.007,0.041
4725.57744,11.728,0.05
4728.53984,11.824,0.042
4733.5935,11.784,0.042
4737.58211,11.735,0.035
4740.57113,11.822,0.037
4746.49227,11.824,0.041
4748.54476,11.714,0.045
4752.51582,11.774,0.048
4755.5149,11.739,0.045
4758.51338,11.667,0.049
4761.50774,11.786,0.042
4764.50529,11.87,0.04
4870.87032,11.713,0.041
4877.86614,11.746,0.039
4887.85507,11.874,0.049
4891.85671,11.785,0.044
4904.87116,11.864,0.047
4910.90251,11.703,0.05
4914.9073,11.732,0.044
4917.85928,11.886,0.048
4920.89138,11.844,0.042
4924.89177,11.842,0.044
4928.87557,11.815,0.044
4931.81581,11.721,0.045
4937.85805,11.984,0.047
4940.78687,11.791,0.045
4946.77934,11.814,0.043
4951.78048,11.723,0.043
4954.73866,11.819,0.045
4967.77018,11.793,0.045
4969.80458,11.841,0.049
4973.66123,11.754,0.048
4975.75081,11.813,0.049
4984.72149,11.744,0.048
4991.87726,11.768,0.051
4994.87835,11.826,0.045
5002.6674,11.848,0.046
5006.66861,11.86,0.051
5009.63547,11.74,0.048
5012.68401,11.796,0.045
5014.6338,11.741,0.044
5019.6329,11.911,0.046
5021.64921,11.742,0.046
5023.64989,11.817,0.045
5025.65992,11.761,0.053
5042.56402,11.726,0.047
5047.54642,11.703,0.045
5048.74133,11.91,0.047
5067.5426,11.754,0.048
5082.64352,11.813,0.047
5085.551,12.007,0.048
5087.58193,11.717,0.046
5089.62761,11.898,0.042
5092.5484,11.717,0.045
