1933.87525,12.608,0.05
1936.88243,13.052,0.049
1940.86015,12.536,0.05
1947.84863,12.453,0.06
1949.85893,12.5,0.052
1953.82451,13.217,0.041
1955.84672,13.059,0.044
1961.85266,12.386,0.049
1963.83983,12.78,0.041
1965.83068,12.837,0.04
1979.7854,13.087,0.056
1981.80661,12.954,0.049
1982.77693,12.949,0.054
1994.74717,12.732,0.057
2025.71677,12.577,0.065
2026.75416,12.976,0.067
2027.74897,12.739,0.066
2031.75773,12.775,0.059
2032.73189,12.626,0.063
2033.72383,12.798,0.058
2037.69451,12.749,0.081
2040.78455,12.927,0.085
2052.68706,12.751,0.079
2052.70223,13.003,0.075
2053.70974,12.636,0.07
2054.70536,12.764,0.081
2055.67867,12.881,0.078
2057.68244,12.991,0.072
2058.67483,12.585,0.08
2061.68047,12.49,0.071
2061.68448,12.509,0.07
2067.71274,12.553,0.067
2068.65619,12.677,0.074
2069.65428,12.873,0.08
2070.64461,12.64,0.077
2080.55571,12.604,0.074
2081.62407,12.961,0.063
2082.64195,12.649,0.06
2083.62851,12.9,0.075
2085.61255,12.762,0.05
2086.62069,12.907,0.068
2087.61155,12.557,0.08
2087.62254,12.706,0.077
2088.61031,12.974,0.076
2096.59201,12.661,0.072
2102.56514,12.604,0.06
2102.57846,12.78,0.058
2103.58481,12.842,0.064
2104.58701,12.791,0.062
2104.59585,12.642,0.055
2105.58389,12.859,0.069
2106.58584,12.636,0.06
2106.59468,12.665,0.063
2109.58519,12.804,0.054
2115.55217,12.598,0.051
2116.56013,12.638,0.057
2117.55898,12.658,0.057
2124.52299,13.008,0.062
2124.535,12.969,0.06
2125.55301,12.61,0.056
2128.5252,12.833,0.061
2128.53422,12.797,0.056
2129.53535,12.882,0.056
2129.54444,12.927,0.064
2130.56046,12.667,0.059
2131.53704,13.058,0.066
2132.54982,12.608,0.06
2133.50682,12.698,0.06
2133.53459,12.924,0.057
2134.55353,12.539,0.064
2135.53581,12.67,0.065
2140.50869,12.721,0.057
2156.51682,12.602,0.054
2164.50477,12.983,0.045
2168.55786,12.975,0.067
2172.49749,12.598,0.054
2177.48123,12.517,0.055
2179.52799,12.492,0.053
2184.5375,12.737,0.062
2188.52301,12.484,0.057
2192.51227,12.984,0.064
2196.50672,12.558,0.071
2440.64387,12.716,0.037
2445.61338,12.615,0.04
2460.62484,13.026,0.029
2463.62208,12.871,0.049
2466.58887,12.577,0.04
2467.58929,12.783,0.033
2468.58391,13.088,0.031
2469.58261,12.807,0.038
2490.58314,12.829,0.05
2493.53686,12.622,0.048
2500.48712,12.678,0.049
2500.51811,12.6,0.061
2519.63355,12.73,0.036
2520.62132,12.598,0.041
2521.63092,12.93,0.045
2526.63079,12.944,0.049
2535.57789,12.757,0.052
2543.50243,12.922,0.047
2546.55048,12.674,0.054
2548.53709,12.743,0.049
2559.49357,12.705,0.047
2560.51502,12.83,0.048
2560.56084,12.668,0.052
2561.52912,12.649,0.048
2563.52501,12.724,0.046
2565.51475,12.565,0.051
2664.869,12.906,0.041
2673.86858,12.562,0.042
2681.85512,13.042,0.041
2684.85426,12.683,0.039
2685.87615,13.058,0.045
2690.84033,12.959,0.041
2696.87345,12.708,0.042
2697.84186,12.89,0.039
2700.86497,12.818,0.041
2703.82349,12.668,0.04
2706.81683,12.654,0.043
2710.83759,12.652,0.04
2714.83437,12.937,0.039
2726.81683,12.926,0.037
2727.83711,12.679,0.045
2730.80868,12.786,0.043
2735.80722,13.133,0.037
2737.78935,12.789,0.039
2739.78996,12.657,0.038
2741.77877,12.67,0.04
2743.77708,12.685,0.039
2744.7981,12.851,0.046
2750.84115,12.591,0.045
2751.87209,13.332,0.046
2755.75062,12.767,0.038
2757.76118,12.864,0.039
2759.80587,12.755,0.04
2761.75681,13.029,0.037
2763.74207,12.678,0.04
2767.78756,12.591,0.034
2770.7355,12.737,0.036
2770.80352,13.009,0.046
2783.65485,13.059,0.042
2783.66379,13.057,0.044
2786.66395,12.724,0.04
2787.80942,12.849,0.045
2791.63425,12.811,0.041
2810.82738,12.699,0.046
2812.63081,12.713,0.036
2813.80084,12.712,0.053
2821.58668,13.007,0.034
2832.77393,12.586,0.039
2836.57663,12.934,0.032
2838.72305,12.64,0.034
2841.63792,12.568,0.032
2843.60823,12.589,0.032
2854.5387,12.879,0.027
2860.54077,12.537,0.029
2861.70203,12.621,0.035
2866.63202,12.759,0.042
2867.71424,12.998,0.042
2875.65009,12.805,0.051
2876.6323,12.629,0.045
2879.64881,12.886,0.041
2883.50439,13.062,0.034
2885.5399,12.938,0.04
2888.51544,12.744,0.046
2893.53228,12.603,0.05
2893.59638,12.685,0.044
2895.54023,12.672,0.045
2895.59082,12.63,0.042
2897.55454,12.612,0.057
2897.60212,12.573,0.042
2901.54197,13.124,0.053
2904.61465,12.649,0.055
2906.61272,12.761,0.04
2915.52619,12.859,0.045
2917.55405,12.866,0.042
2921.55474,12.625,0.04
2923.55311,12.59,0.043
2926.55629,12.681,0.044
2926.56839,12.69,0.057
2928.55476,12.555,0.041
2931.50736,12.654,0.043
2933.51459,12.631,0.043
2935.51589,12.647,0.042
2937.51462,12.701,0.042
2942.50637,12.683,0.044
3036.87032,12.557,0.042
3053.86413,13.032,0.042
3057.87768,12.625,0.04
3062.83347,12.782,0.044
3066.87594,12.63,0.04
3069.85587,12.764,0.041
3076.84042,12.789,0.04
3082.86431,12.709,0.04
3086.86869,13.005,0.047
3089.8509,12.68,0.038
3092.8368,12.69,0.036
3097.77379,12.678,0.042
3099.85218,12.729,0.042
3102.79225,12.702,0.041
3106.86422,12.589,0.039
3109.80031,12.657,0.038
3112.78498,12.997,0.04
3114.85236,13.12,0.035
3118.7892,12.663,0.051
3122.76932,13.009,0.04
3124.82226,12.883,0.037
3126.80521,13.092,0.041
3128.7978,12.792,0.041
3130.79936,12.56,0.041
3133.79276,13.018,0.037
3134.82435,12.657,0.046
3141.79945,12.864,0.039
3144.83756,12.693,0.04
3153.77879,12.617,0.037
3156.6835,12.531,0.037
3160.76736,12.847,0.043
3163.77235,12.639,0.04
3165.79498,12.319,0.049
3168.79864,12.843,0.034
3169.81454,12.748,0.041
3171.73985,13.033,0.04
3172.78523,12.797,0.044
3175.74072,12.664,0.043
3178.62137,12.488,0.038
3180.7141,12.705,0.044
3183.70584,12.904,0.043
3189.59406,12.992,0.042
3191.71989,12.575,0.065
3404.86719,12.913,0.054
3408.86779,12.664,0.06
3412.86395,12.753,0.064
3416.86123,13.166,0.051
3426.86914,12.527,0.054
3436.87781,12.615,0.052
3442.88317,12.889,0.05
3445.87257,12.646,0.058
3448.86717,12.607,0.053
3452.83944,12.809,0.049
3455.78567,12.654,0.07
3457.82932,12.527,0.039
3464.89061,12.555,0.049
3467.83634,12.57,0.052
3470.82026,12.909,0.048
3473.80443,12.883,0.053
3476.79456,12.648,0.045
3478.83273,12.486,0.052
3481.75933,12.48,0.067
3483.79122,12.691,0.06
3489.81999,13.072,0.062
3491.84248,12.983,0.067
3498.84147,12.952,0.041
3501.71839,12.742,0.046
3503.78076,12.839,0.064
3506.80458,12.771,0.035
3509.78333,12.517,0.037
3512.6689,12.648,0.043
3516.74536,12.749,0.051
3522.71789,12.658,0.05
3524.73916,12.707,0.044
3526.76813,12.558,0.064
3528.76534,12.556,0.055
3538.68075,12.59,0.048
3540.67705,12.57,0.062
3543.67336,12.427,0.071
3550.69999,12.722,0.074
3552.73843,12.525,0.061
3563.55017,12.679,0.045
3571.59434,12.708,0.037
3573.77161,12.805,0.047
3576.5486,12.766,0.041
3578.58046,12.731,0.045
3583.68788,12.747,0.044
3585.74084,12.743,0.051
3588.52831,12.719,0.044
3590.64056,12.572,0.051
3592.61956,12.562,0.084
3599.64502,12.619,0.039
3601.69434,12.586,0.051
3603.70809,12.783,0.041
3607.5179,12.671,0.046
3617.57685,12.923,0.043
3619.64032,12.933,0.061
3622.51074,12.554,0.076
3626.57523,12.657,0.036
3629.61299,12.874,0.039
3631.61067,12.917,0.043
3634.56797,13.064,0.052
3637.59609,12.701,0.039
3641.54645,12.964,0.043
3643.58792,13.066,0.046
3647.54209,12.532,0.031
3653.51886,12.999,0.048
3655.54229,12.915,0.055
3658.52518,12.729,0.048
3660.54995,12.945,0.05
3663.50312,12.84,0.047
3666.53136,12.53,0.044
3670.4973,12.767,0.039
3673.50466,12.61,0.042
3676.50168,12.849,0.05
3759.87656,12.588,0.056
3772.87621,12.972,0.047
3790.85471,12.745,0.06
3794.86962,12.695,0.067
3797.88366,12.734,0.043
3802.85034,12.822,0.054
3805.8805,12.883,0.073
3809.85018,12.608,0.062
3813.82334,12.652,0.046
3818.80487,12.564,0.049
3821.84263,12.868,0.058
3824.83664,12.854,0.044
3827.82583,12.526,0.065
3830.82538,12.55,0.068
3833.79675,12.78,0.056
3836.80403,12.714,0.055
3848.8287,12.615,0.05
3851.75627,12.711,0.069
3853.81588,12.611,0.05
3856.74692,12.727,0.055
3858.82948,12.676,0.045
3861.73558,12.618,0.046
3863.78021,12.614,0.05
3865.76421,12.457,0.048
3867.76456,12.764,0.05
3871.77482,12.98,0.05
3874.85998,12.529,0.047
3880.73908,12.582,0.047
3883.68597,12.698,0.055
3887.70785,12.627,0.049
3893.69446,12.86,0.042
3901.72391,12.585,0.052
3903.73393,12.598,0.051
3905.73196,12.602,0.058
3907.74759,12.657,0.05
3909.85942,12.566,0.049
3913.81629,12.943,0.042
3981.55719,12.679,0.059
4136.86642,12.733,0.052
4140.86147,12.762,0.045
4146.86436,12.698,0.051
4151.86011,12.908,0.051
4155.85403,12.673,0.083
4158.86478,12.681,0.077
4162.83439,12.55,0.065
4165.86827,12.842,0.079
4173.87694,12.593,0.044
4176.86024,12.571,0.049
4179.86744,12.959,0.051
4182.86678,12.933,0.053
4185.86829,12.685,0.041
4189.80807,13.041,0.044
4191.88209,12.894,0.04
4193.88146,12.792,0.045
4200.79615,12.531,0.035
4203.85318,12.933,0.04
4207.80635,12.616,0.05
4213.83231,12.778,0.046
4216.82166,12.632,0.039
4227.79649,13.124,0.039
4229.79982,12.936,0.037
4231.79893,12.796,0.04
4233.80888,12.503,0.04
4235.84502,12.663,0.04
4238.70124,12.569,0.037
4245.68568,12.837,0.05
4254.7254,12.806,0.039
4256.87212,12.737,0.036
4259.65838,12.638,0.047
4269.76955,12.971,0.043
4273.62906,12.952,0.037
4276.61146,12.487,0.037
4278.6523,12.567,0.038
4282.67399,12.736,0.044
4284.67752,13.141,0.051
4290.67004,12.623,0.034
4292.63331,12.702,0.038
4296.63534,13.016,0.038
4300.5975,12.552,0.05
4302.64332,12.522,0.038
4304.58365,12.861,0.034
4309.57285,12.596,0.043
4311.61251,12.643,0.045
4316.65242,12.668,0.035
4319.64905,12.867,0.033
4330.54589,12.899,0.036
4332.55462,12.998,0.037
4336.54538,12.718,0.035
4341.54322,12.857,0.041
4343.55316,12.745,0.04
4345.57248,12.667,0.047
4347.57455,12.593,0.039
4349.56919,12.577,0.042
4351.57512,12.911,0.044
4354.56078,12.598,0.039
4356.58825,12.559,0.052
4358.56572,12.653,0.039
4364.50046,12.621,0.034
4367.59246,12.651,0.037
4372.53515,12.956,0.048
4375.56558,12.644,0.058
4377.56727,12.67,0.044
4379.58886,12.7,0.045
4382.53551,12.634,0.049
4385.51735,12.565,0.034
4393.53549,12.985,0.048
4403.50533,12.875,0.046
4409.50184,12.843,0.045
4501.87119,12.606,0.05
4505.87014,13.133,0.05
4517.87461,12.772,0.052
4520.87703,12.527,0.057
4528.84373,12.736,0.054
4535.89174,12.949,0.043
4538.87999,12.74,0.044
4542.82727,12.571,0.045
4545.89871,12.777,0.043
4548.86569,12.759,0.043
4551.85066,12.536,0.049
4554.89831,12.999,0.04
4557.83723,12.84,0.051
4560.82081,12.624,0.037
4563.81313,12.699,0.039
4566.81133,12.946,0.045
4569.807,12.721,0.035
4571.85164,13.034,0.035
4573.80766,12.915,0.044
4575.80052,12.744,0.048
4578.83068,12.816,0.039
4583.78029,12.841,0.037
4586.80954,12.828,0.038
4589.74041,12.631,0.048
4592.73072,12.697,0.042
4594.786,12.634,0.034
4596.81526,12.629,0.037
4599.72399,12.7,0.039
4601.76156,12.688,0.04
4603.76235,12.538,0.037
4609.75269,13.019,0.04
4611.74627,12.955,0.046
4616.83038,12.634,0.049
4622.84087,12.904,0.047
4627.66579,12.721,0.04
4629.6451,12.731,0.038
4631.66322,12.926,0.041
4633.65304,13.065,0.045
4638.85184,12.568,0.04
4640.83179,12.636,0.038
4642.8306,12.7,0.039
4645.59942,12.887,0.04
4647.64968,12.929,0.049
4649.69163,13.018,0.054
4651.72004,12.815,0.046
4653.7322,12.642,0.046
4655.62521,12.744,0.039
4657.66416,12.675,0.041
4663.7972,12.719,0.071
4665.77382,12.906,0.052
4669.56149,12.638,0.037
4671.63633,12.839,0.035
4674.54782,12.887,0.037
4677.6614,12.667,0.038
4679.66229,12.501,0.041
4682.64323,12.84,0.056
4684.65172,12.712,0.053
4686.58878,12.649,0.045
4691.52587,12.678,0.042
4697.68703,12.601,0.046
4701.67281,12.907,0.037
4703.67616,12.925,0.043
4706.60946,13.154,0.04
4709.55029,12.941,0.065
4720.61499,12.996,0.053
4722.64688,12.762,0.053
4726.54602,12.674,0.058
4729.53861,12.463,0.04
4731.56811,12.633,0.061
4734.60603,12.984,0.06
4739.52001,12.608,0.039
4746.51036,12.97,0.073
4748.55249,12.632,0.07
4755.52244,12.578,0.072
4758.52344,12.891,0.071
4761.51286,12.686,0.07
4764.51043,12.734,0.065
4767.50539,12.548,0.064
4774.50558,12.792,0.075
4869.87847,12.594,0.052
4877.8591,12.922,0.051
4883.852,12.601,0.044
4887.84888,13.016,0.061
4891.85129,12.887,0.068
4903.90068,12.959,0.052
4906.74394,12.741,0.057
4910.865,12.951,0.05
4926.87725,12.793,0.048
4929.87632,12.841,0.053
4936.85393,12.921,0.058
4939.7886,12.977,0.061
4946.7724,13.065,0.059
4951.77106,12.811,0.057
4954.73257,12.639,0.075
4967.76748,12.787,0.051
4969.80101,13.013,0.05
4975.7481,12.657,0.051
4985.69072,12.592,0.053
4991.70675,13.115,0.049
4994.73912,12.615,0.049
5006.80707,12.607,0.05
5009.64592,12.535,0.054
5012.69361,13.082,0.047
5014.63677,12.521,0.045
5022.62293,13.149,0.047
5024.62339,12.689,0.046
5032.62,12.811,0.045
5037.59757,12.648,0.043
5039.58012,13.012,0.043
5041.57848,12.974,0.042
5049.73209,13.115,0.051
5057.60182,12.934,0.05
5063.6078,12.701,0.055
5086.51714,12.905,0.049
5088.57376,13.015,0.058
5104.57951,12.781,0.048
5116.51881,12.882,0.061
