1932.87622,11.952,0.043
1935.87131,12.278,0.038
1938.85618,11.991,0.039
1946.88504,12.116,0.042
1949.84577,11.927,0.04
1949.8844,11.91,0.042
1953.84587,12.072,0.043
1953.85967,11.943,0.041
1954.83736,12.162,0.044
1954.86439,12.144,0.044
1955.8426,12.115,0.043
1955.85557,12.073,0.043
1958.89902,12.099,0.051
1961.86849,12.255,0.05
1962.80019,11.964,0.051
1963.85601,12.124,0.043
1964.81406,12.16,0.046
1965.84655,12.086,0.041
1966.81386,12.127,0.048
1967.84609,12.051,0.045
1976.90821,12.565,0.049
1979.75269,12.384,0.056
1979.80071,12.173,0.055
1980.77369,11.967,0.058
1980.81385,11.95,0.053
1981.79755,12.431,0.048
1981.81723,12.179,0.05
1982.77244,12.044,0.05
1982.78977,11.899,0.049
1983.90797,12.279,0.05
1984.80064,11.904,0.047
1984.81977,11.996,0.053
1985.82777,12.54,0.05
1985.83849,12.209,0.051
1994.77679,12.242,0.05
1995.81073,12.344,0.056
1997.78608,11.942,0.052
1999.77623,11.997,0.056
2000.80844,12.509,0.053
2000.90979,12.352,0.051
2007.75885,12.317,0.057
2008.74796,12.032,0.056
2016.76988,12.638,0.055
2016.82938,12.285,0.057
2025.70936,12.283,0.039
2025.74536,12.068,0.037
2026.73974,11.968,0.039
2026.79233,12.064,0.037
2027.73701,12.176,0.043
2027.7659,12.111,0.038
2030.7248,11.994,0.039
2030.75508,11.926,0.037
2031.7373,12.172,0.04
2031.76397,12.216,0.037
2032.7199,11.96,0.037
2032.75109,11.896,0.037
2033.70958,12.056,0.041
2033.74442,12.108,0.037
2037.68182,11.965,0.05
2037.70244,11.905,0.043
2040.69911,12.256,0.046
2052.67943,11.932,0.044
2052.70843,11.882,0.041
2053.69748,12.243,0.043
2053.73249,12.253,0.042
2054.68888,11.921,0.048
2054.71831,11.946,0.046
2055.67329,12.039,0.044
2055.70006,12.098,0.043
2056.67452,12.116,0.047
2056.70131,12.075,0.042
2057.67033,12.012,0.045
2057.70167,12.084,0.044
2058.66945,12.134,0.038
2058.69848,12.024,0.037
2067.63664,12.029,0.045
2068.63725,11.965,0.045
2069.64661,12.035,0.045
2069.67132,12.01,0.041
2070.63919,11.887,0.044
2070.6653,11.983,0.041
2080.53436,12.265,0.048
2080.57528,12.182,0.04
2081.61864,11.893,0.039
2081.64349,11.996,0.037
2082.63432,12.157,0.045
2082.66378,12.136,0.04
2083.64568,11.87,0.047
2085.60718,11.886,0.037
2085.63646,11.865,0.036
2086.61082,12.118,0.044
2086.64024,12.127,0.038
2087.60617,11.983,0.045
2087.63331,11.931,0.04
2088.60494,12.089,0.043
2088.63208,12.151,0.039
2093.53579,12.23,0.043
2093.55824,12.25,0.041
2094.57285,11.917,0.048
2096.58212,12.01,0.054
2102.55983,12.09,0.042
2102.5871,12.025,0.04
2103.57949,11.93,0.044
2103.60462,12.043,0.04
2104.58164,12.139,0.04
2104.60914,12.102,0.041
2105.57181,11.895,0.045
2105.60029,11.941,0.044
2106.57824,12.29,0.042
2106.60345,12.149,0.039
2109.57103,11.899,0.041
2109.59619,11.931,0.039
2115.53352,12.195,0.043
2116.54374,11.86,0.042
2116.57341,11.922,0.041
2117.54035,12.191,0.041
2117.56782,12.262,0.041
2124.51783,12.121,0.043
2124.54386,12.037,0.042
2125.53431,12.004,0.042
2125.5597,11.949,0.04
2128.52004,12.306,0.043
2129.55114,11.848,0.039
2129.55291,11.881,0.043
2130.56263,12.209,0.042
2131.49057,12.023,0.045
2131.54387,11.906,0.041
2132.55428,12.25,0.044
2133.54841,11.944,0.041
2134.55574,12.067,0.043
2135.50001,12.162,0.042
2135.54752,11.918,0.042
2136.54708,12.038,0.041
2140.50585,11.99,0.038
2142.52058,11.949,0.043
2142.55081,11.896,0.041
2143.56032,12.208,0.039
2144.48905,12.079,0.043
2144.53111,11.944,0.041
2151.47929,11.823,0.052
2156.4898,12.046,0.04
2156.50951,12.115,0.039
2164.50247,11.926,0.042
2168.5383,11.836,0.04
2171.52018,12.065,0.038
2172.49532,12.083,0.041
2178.53753,12.192,0.042
2179.52167,11.986,0.036
2180.53535,12.329,0.041
2183.51951,12,0.046
2184.54717,12.2,0.058
2187.48535,12.188,0.051
2189.48317,12.261,0.048
2190.52352,11.878,0.041
2193.51489,12.11,0.047
2196.53553,12.029,0.039
2199.5083,12.008,0.051
2203.49384,11.928,0.042
2203.50261,11.918,0.056
2205.51554,11.931,0.045
2215.49497,12.07,0.047
2219.50438,12.072,0.053
2440.6317,12.241,0.037
2442.62814,12.099,0.041
2442.65521,12.064,0.052
2445.60795,12.341,0.036
2445.63507,12.169,0.037
2446.65836,12.014,0.038
2452.59288,12.286,0.047
2454.63269,12.168,0.053
2455.67729,12.266,0.051
2459.55176,12.083,0.048
2460.61013,12.264,0.037
2460.64002,12.223,0.044
2463.61452,11.916,0.046
2464.58373,12.264,0.042
2464.61111,12.276,0.041
2465.58512,12.27,0.044
2466.57675,12.048,0.043
2467.6091,12.157,0.04
2468.57632,11.966,0.038
2468.60377,11.941,0.038
2469.57283,12.267,0.045
2470.53838,11.98,0.045
2473.52436,12.333,0.046
2473.57024,12.125,0.044
2474.61921,12.019,0.043
2481.56437,11.911,0.049
2482.59943,12.319,0.056
2489.53176,12.345,0.048
2490.57097,12.179,0.045
2493.52947,12.613,0.045
2493.55266,12.522,0.046
2494.55818,11.937,0.05
2495.55981,12.235,0.047
2497.55485,12.202,0.042
2498.54297,12.186,0.044
2499.52015,12.043,0.04
2499.54556,12.053,0.041
2500.50783,12.317,0.048
2501.51843,12.409,0.058
2501.5583,12.053,0.052
2502.562,12.228,0.043
2502.57409,12.385,0.057
2503.56669,12.333,0.046
2503.57876,12.236,0.048
2508.66771,12.156,0.038
2508.68284,12.134,0.037
2510.63977,12.288,0.043
2510.65684,12.293,0.047
2511.68857,11.961,0.055
2511.72866,12.053,0.05
2519.57841,12.537,0.047
2520.56468,11.905,0.032
2520.57449,11.917,0.034
2521.58415,12.198,0.037
2524.56703,12.09,0.048
2524.57458,11.986,0.057
2526.6024,11.999,0.04
2526.61221,12.004,0.038
2529.54895,12.344,0.058
2535.56097,12.018,0.043
2535.56396,12.022,0.043
2540.61907,12.01,0.037
2540.62204,12.121,0.037
2545.48271,12.032,0.037
2546.55367,11.952,0.039
2547.49062,11.991,0.04
2548.5449,11.988,0.037
2552.48933,12.426,0.047
2552.56839,12.388,0.048
2553.60615,11.989,0.038
2558.51953,12.194,0.04
2558.53071,12.169,0.043
2559.53528,12.424,0.043
2559.54394,11.949,0.04
2560.54703,12.005,0.038
2560.55841,12.09,0.038
2561.55782,12.003,0.038
2562.57224,12.046,0.037
2563.5373,12.226,0.039
2563.58855,12.059,0.038
2565.51977,12.171,0.039
2566.53854,11.984,0.042
2566.56051,11.878,0.041
2568.58737,11.906,0.048
2578.5097,12.28,0.043
2578.53574,12.21,0.042
2660.85936,11.924,0.041
2666.86668,11.951,0.037
2671.85196,11.959,0.036
2677.86666,12.024,0.038
2678.84857,12.126,0.034
2681.84857,12.128,0.037
2681.86943,12.027,0.034
2684.84048,11.913,0.035
2684.86817,11.952,0.036
2690.85395,12.02,0.038
2693.83668,11.939,0.035
2694.83501,12.158,0.036
2696.87984,12.07,0.053
2697.88824,12.002,0.035
2699.82812,11.959,0.037
2700.87593,12.256,0.037
2702.85252,12.189,0.035
2703.84887,11.984,0.036
2706.83267,11.972,0.035
2707.83763,12.26,0.043
2709.83835,12.278,0.035
2710.87764,11.904,0.036
2711.84822,12.21,0.034
2712.85583,12.018,0.036
2713.82878,12.245,0.037
2714.85034,11.907,0.035
2715.83069,12.121,0.037
2719.83741,11.962,0.036
2721.81317,11.92,0.044
2721.85249,11.901,0.049
2723.8074,11.969,0.04
2723.84575,11.899,0.037
2725.80248,12.026,0.036
2725.84454,11.934,0.036
2727.83473,11.98,0.037
2729.83478,11.952,0.036
2732.81517,11.893,0.047
2732.8599,11.917,0.039
2734.7676,11.986,0.039
2734.82264,11.934,0.039
2736.76141,11.984,0.035
2736.81512,11.869,0.037
2738.81969,12.22,0.037
2740.78262,12.22,0.036
2740.80938,12.026,0.034
2742.7592,12.259,0.038
2742.79788,12.194,0.041
2744.78778,12.323,0.037
2747.8795,11.873,0.042
2750.8662,12.226,0.038
2751.71411,12.197,0.038
2752.75815,11.993,0.041
2754.79541,11.958,0.04
2755.73853,12.281,0.038
2756.75743,11.923,0.039
2757.74225,12.462,0.042
2757.84434,12.199,0.042
2759.79834,12.166,0.036
2759.86147,12.267,0.038
2761.74702,12.194,0.044
2761.78767,12.214,0.041
2763.77065,12.058,0.039
2766.81908,12.097,0.043
2775.79912,11.974,0.044
2782.75383,11.926,0.037
2784.69876,12.122,0.036
2784.73495,11.934,0.039
2786.63602,12.237,0.04
2786.67982,12.284,0.039
2787.78997,12.098,0.039
2787.82495,12.365,0.043
2790.91073,11.992,0.037
2805.83552,12.141,0.042
2805.84304,12.081,0.038
2809.74006,12.131,0.043
2809.74243,12.157,0.042
2810.84573,11.941,0.035
2812.62534,12.186,0.042
2812.64137,12.323,0.037
2813.79539,12.041,0.04
2813.83135,12.175,0.042
2820.85954,12.11,0.036
2821.56845,12.297,0.04
2826.61554,12.086,0.034
2829.59551,11.99,0.052
2830.72342,12.087,0.041
2830.72788,12.023,0.038
2832.58317,12.364,0.036
2832.60409,12.282,0.039
2833.70341,12.081,0.04
2833.71967,12.143,0.041
2836.59431,12.146,0.038
2838.5885,12.09,0.036
2840.83495,11.996,0.036
2842.61977,11.961,0.056
2845.63222,12.208,0.034
2845.78027,11.85,0.034
2851.73132,12.217,0.032
2854.53122,12.328,0.033
2854.54778,12.538,0.036
2857.79441,12.286,0.039
2858.56255,12.239,0.036
2859.56476,11.944,0.035
2859.63934,11.882,0.036
2860.68708,12.141,0.034
2860.7201,12.034,0.036
2862.60834,12.271,0.04
2862.61241,12.158,0.038
2866.60884,11.953,0.042
2867.69811,11.98,0.036
2867.69986,11.87,0.037
2874.70947,12.038,0.039
2874.74216,11.961,0.036
2876.62944,11.981,0.037
2876.64417,11.972,0.036
2878.62194,11.991,0.058
2878.63939,11.942,0.041
2883.54931,11.945,0.035
2883.56688,11.994,0.038
2885.53712,12.027,0.037
2885.54234,12.052,0.038
2886.68141,12.189,0.035
2888.56205,12.002,0.038
2888.69821,12.165,0.036
2892.70019,12.2,0.039
2893.51807,12.228,0.039
2894.60695,11.902,0.035
2895.52846,12.084,0.041
2896.62145,11.926,0.036
2898.60658,11.936,0.034
2900.60137,11.976,0.034
2901.53264,11.977,0.054
2904.58846,12.121,0.039
2906.59161,12.255,0.034
2906.60787,12.18,0.033
2909.59102,11.922,0.035
2910.48635,11.968,0.037
2911.56473,12.001,0.049
2912.51409,11.969,0.036
2915.54041,12.24,0.039
2916.56249,11.902,0.036
2917.56601,12.19,0.039
2918.59676,11.928,0.037
2921.56528,12.206,0.037
2922.56246,11.999,0.034
2923.56266,12.113,0.038
2924.57019,12.052,0.036
2927.51274,11.946,0.034
2927.56936,11.982,0.034
2929.52567,11.894,0.035
2929.5705,11.872,0.035
2931.52988,11.978,0.035
2931.57442,11.902,0.035
2933.53378,11.988,0.038
2933.56668,12.307,0.037
2935.53508,12.017,0.037
2935.56363,12,0.035
2937.56261,12.028,0.037
2940.53818,11.952,0.035
2942.52928,11.92,0.037
2944.54428,11.903,0.042
2947.54443,12.043,0.035
2950.52951,12.175,0.038
2958.51037,12.161,0.035
3032.87368,12.061,0.041
3036.8631,11.919,0.038
3043.82839,11.994,0.041
3054.88222,12.166,0.036
3060.8541,11.905,0.035
3064.84381,12.025,0.037
3066.89115,11.941,0.035
3070.84599,12.237,0.039
3071.86576,11.924,0.036
3074.83884,12.319,0.036
3074.87663,12.271,0.036
3077.85806,11.94,0.036
3080.86843,12.09,0.036
3080.8805,12.127,0.036
3085.90642,12.177,0.037
3086.88313,11.956,0.036
3088.84268,11.865,0.035
3090.8235,12.041,0.036
3091.82684,12.086,0.036
3093.87886,12.086,0.035
3096.87982,12.066,0.034
3098.85922,12.192,0.035
3099.86927,11.898,0.044
3101.80873,12.025,0.039
3102.85041,12.15,0.037
3104.78734,11.94,0.035
3105.82744,12.127,0.035
3106.8506,11.923,0.038
3108.82503,11.997,0.035
3109.77576,12.192,0.035
3111.81659,12.141,0.035
3112.76404,12.049,0.035
3114.80734,12.068,0.037
3114.82384,12.009,0.039
3116.87277,11.931,0.035
3118.77533,12.37,0.042
3122.76093,12.143,0.036
3122.81904,12.17,0.037
3124.81379,12.225,0.035
3125.73477,12.104,0.037
3126.79677,12.131,0.037
3127.74974,12.199,0.047
3128.7798,11.978,0.04
3130.77725,11.992,0.038
3131.79094,12.222,0.037
3132.8082,11.967,0.038
3134.85868,11.981,0.037
3144.7124,12.176,0.034
3146.67597,12.041,0.034
3153.72234,12.26,0.036
3153.77252,12.163,0.035
3156.67182,12.036,0.037
3158.75502,11.947,0.037
3158.77408,11.932,0.038
3160.7912,11.999,0.046
3160.8622,11.954,0.04
3163.774,12.04,0.036
3163.78993,12.019,0.036
3165.80239,12.041,0.045
3168.80794,12.202,0.055
3168.82069,12.059,0.035
3171.7415,11.966,0.038
3171.7521,11.964,0.039
3175.74236,12.046,0.036
3175.7526,12.089,0.034
3178.60734,12.05,0.036
3178.64697,11.951,0.038
3180.70502,11.936,0.036
3183.69676,12.05,0.036
3183.73136,12.101,0.035
3185.6636,11.932,0.039
3185.68794,11.968,0.037
3187.70016,11.995,0.037
3187.72924,11.96,0.036
3190.74873,12.155,0.049
3219.49885,12.177,0.042
3273.64269,12.089,0.04
3278.63157,12.098,0.049
3390.87156,11.942,0.049
3397.87734,11.916,0.046
3402.87124,12.148,0.047
3404.87598,12.089,0.035
3405.87993,12.037,0.042
3408.88576,11.953,0.041
3409.84913,12.287,0.038
3413.87031,12.237,0.045
3417.84365,12.058,0.043
3417.86762,12.15,0.049
3421.83773,11.941,0.054
3421.85865,11.967,0.05
3424.86215,12.205,0.041
3427.85987,11.956,0.042
3430.85231,11.96,0.044
3431.86558,12.058,0.04
3433.85605,12.225,0.046
3438.85978,11.914,0.042
3442.87557,11.958,0.037
3443.85716,12.013,0.041
3445.85606,12.005,0.047
3446.86733,12.144,0.039
3449.85998,11.938,0.055
3449.86725,11.854,0.045
3452.81464,12.136,0.047
3453.7948,12.082,0.045
3454.90091,12.242,0.039
3455.83528,12.021,0.04
3457.78134,12.301,0.041
3458.85383,11.979,0.037
3459.83629,12.21,0.04
3462.83041,11.939,0.04
3462.84662,11.816,0.042
3465.8073,12.028,0.037
3465.84795,12.094,0.038
3468.79388,12.163,0.039
3468.83589,12.147,0.038
3471.776,11.973,0.039
3471.82629,11.87,0.035
3474.82823,12.216,0.044
3477.76714,12.164,0.039
3477.81859,11.978,0.041
3479.8274,12.046,0.053
3480.79416,11.977,0.043
3481.79862,12.197,0.037
3483.78368,12.186,0.042
3490.79776,12.117,0.037
3490.82879,11.951,0.041
3492.79986,12.24,0.044
3492.84069,12.07,0.041
3496.78458,12.285,0.036
3496.82009,12.282,0.035
3499.86151,11.975,0.039
3500.75673,11.962,0.037
3502.70779,11.904,0.044
3502.83753,12.068,0.042
3508.75808,11.962,0.034
3508.85206,11.919,0.036
3510.80996,11.902,0.037
3511.72242,11.963,0.035
3512.68512,12.176,0.042
3515.76683,11.961,0.037
3516.68933,12.117,0.039
3517.76709,11.889,0.036
3521.73029,11.928,0.041
3521.82474,11.91,0.04
3523.76691,11.946,0.043
3524.64576,11.885,0.045
3526.69675,12.003,0.044
3528.723,11.975,0.052
3530.66766,11.974,0.037
3530.723,12.038,0.039
3538.67311,12.266,0.04
3538.70738,12.169,0.038
3540.67015,12.194,0.036
3540.70293,12.27,0.037
3542.81208,12.106,0.039
3544.7932,12.222,0.036
3547.84689,11.951,0.043
3547.86266,11.878,0.04
3551.83646,12.074,0.042
3551.84952,11.964,0.038
3554.76426,11.892,0.034
3554.77074,11.903,0.039
3558.60144,12.356,0.047
3558.61989,12.24,0.041
3560.61131,12.25,0.041
3562.621,12.115,0.043
3562.66053,12.199,0.041
3564.59827,12.123,0.038
3564.65255,12.116,0.035
3569.67396,12.085,0.034
3569.69389,12.011,0.037
3571.70009,12.069,0.037
3571.71415,11.932,0.036
3574.70668,11.935,0.035
3574.72556,11.945,0.036
3576.72113,11.995,0.035
3576.74279,11.904,0.034
3578.69851,11.954,0.038
3578.73432,11.976,0.043
3583.67667,11.958,0.038
3583.67976,12.03,0.034
3585.73072,12.017,0.036
3585.73374,11.988,0.034
3587.74135,12.021,0.036
3587.7482,12.09,0.037
3590.55915,11.949,0.04
3590.56926,11.942,0.036
3592.56651,11.895,0.042
3592.57384,11.845,0.036
3597.67677,12.127,0.038
3597.67988,12.141,0.036
3602.71073,12.016,0.039
3602.71738,11.899,0.038
3606.51624,12.135,0.039
3606.51944,12.188,0.04
3617.55271,12.359,0.039
3617.55627,12.13,0.041
3619.60653,12.238,0.046
3619.6098,12.247,0.036
3621.65105,12.143,0.045
3621.65431,12.243,0.04
3624.6655,11.84,0.039
3625.62792,12.137,0.036
3626.66591,12.019,0.036
3628.60788,12.077,0.038
3629.66071,12.098,0.041
3632.51039,12.055,0.036
3633.55648,11.902,0.037
3634.60142,12.25,0.043
3637.61131,12.005,0.042
3639.57611,12.124,0.036
3641.56609,12.201,0.036
3642.58116,11.964,0.04
3643.61,12.292,0.04
3646.5592,11.877,0.036
3647.5544,12.107,0.034
3651.54376,11.938,0.039
3652.51641,12.239,0.04
3653.54633,11.909,0.039
3654.5424,12.239,0.036
3655.5589,11.888,0.038
3656.57064,12.183,0.035
3658.53717,12.209,0.038
3659.54197,11.963,0.036
3661.51676,12.138,0.038
3661.55899,12.036,0.035
3663.52624,12.184,0.037
3663.56849,12.022,0.036
3666.53845,11.92,0.038
3666.56372,11.919,0.036
3670.50051,12.008,0.036
3670.5141,12.042,0.035
3673.50781,12.039,0.035
3673.52184,11.989,0.035
3676.50495,12.222,0.036
3676.51984,12.165,0.035
3755.87087,12.015,0.041
3759.86314,12.065,0.048
3763.87313,12.238,0.048
3767.87017,12.107,0.054
3772.87326,12.296,0.043
3774.87783,12.22,0.041
3789.84551,12.154,0.051
3789.86864,12.198,0.038
3792.87005,11.949,0.047
3793.85005,11.986,0.044
3796.83116,12.298,0.037
3797.84496,11.89,0.04
3800.87053,12.311,0.044
3802.88616,12.194,0.045
3804.8155,12.082,0.044
3806.84732,11.941,0.043
3808.81661,12.057,0.048
3811.89895,12.164,0.047
3813.86527,12.254,0.042
3814.87002,11.983,0.041
3817.84043,11.995,0.043
3817.8564,12.091,0.042
3820.83603,12.258,0.041
3820.87948,12.031,0.041
3823.83033,11.771,0.04
3823.89473,11.947,0.042
3826.82384,12.095,0.04
3826.88417,12.185,0.04
3829.81674,12.037,0.041
3829.84807,11.966,0.039
3832.79106,11.875,0.04
3832.84601,12.057,0.037
3834.84068,11.884,0.039
3835.82422,12.207,0.042
3837.76883,12.108,0.041
3848.81817,12.381,0.047
3850.87106,12.269,0.039
3851.78702,12.03,0.039
3853.75062,12.245,0.036
3853.8525,11.887,0.039
3855.84253,12.005,0.042
3856.77534,11.882,0.04
3861.76554,12.017,0.04
3862.71235,12.214,0.038
3863.80324,12.064,0.044
3864.71044,12.14,0.038
3865.77224,11.936,0.038
3866.69437,12.324,0.038
3867.77967,12.073,0.037
3868.75097,12.288,0.04
3869.77158,11.947,0.041
3870.76106,12.296,0.042
3871.79736,11.903,0.042
3872.75549,12.058,0.039
3874.88749,12.205,0.035
3875.86224,11.852,0.041
3877.72859,12.192,0.041
3880.78958,11.935,0.036
3881.72908,12.285,0.038
3883.7134,12.062,0.036
3886.73041,12.114,0.038
3887.72873,11.93,0.037
3890.71239,12.18,0.042
3892.70314,12.147,0.055
3893.7156,11.926,0.036
3894.69184,12.056,0.038
3896.72259,12.135,0.047
3898.75454,12.095,0.038
3899.79939,12.028,0.043
3900.82067,12.113,0.038
3901.85764,11.926,0.037
3902.80952,12.188,0.039
3903.89389,11.992,0.04
3904.82408,12.02,0.035
3906.60605,12.183,0.04
3906.86373,12.059,0.035
3908.66161,12.128,0.043
3909.69996,11.964,0.037
3913.70283,11.891,0.038
4129.86694,12.038,0.046
4133.85313,12.226,0.047
4136.87525,11.825,0.038
4137.86074,12.26,0.045
4140.87373,11.903,0.042
4141.8499,12.098,0.046
4143.87071,11.897,0.04
4144.88589,12.037,0.042
4151.84878,11.941,0.037
4151.88984,11.957,0.035
4154.86705,12.146,0.043
4155.88683,11.928,0.047
4157.87844,12.123,0.053
4159.86848,12.105,0.038
4161.83474,12.216,0.041
4164.8848,12.016,0.043
4167.84452,12.053,0.043
4167.86769,12.063,0.039
4174.81635,12.186,0.037
4174.83831,12.215,0.036
4177.85514,11.958,0.046
4177.86699,11.889,0.04
4180.84667,12.011,0.046
4180.877,11.997,0.04
4183.83431,12.112,0.042
4183.86956,12.079,0.044
4187.84337,12.328,0.038
4187.87958,12.2,0.036
4190.80846,12.086,0.036
4190.86882,11.919,0.041
4192.80735,12.212,0.036
4193.83724,12.032,0.04
4194.82704,12.144,0.036
4198.75637,11.978,0.051
4199.79846,11.943,0.045
4202.79481,12.088,0.038
4203.83338,12.019,0.038
4204.84391,12.083,0.036
4208.78585,12.061,0.041
4213.82254,12.261,0.039
4213.85656,12.321,0.039
4216.81186,12.077,0.036
4216.855,12.01,0.039
4227.77564,12.249,0.035
4227.80688,12.024,0.036
4229.77669,12.15,0.034
4229.81685,12.133,0.034
4231.78086,12.331,0.036
4231.81939,12.081,0.035
4233.77953,12.159,0.034
4233.85544,12.171,0.04
4235.80853,12.315,0.034
4238.68891,12.303,0.042
4238.83292,11.951,0.044
4245.67096,12.152,0.048
4246.7284,11.997,0.039
4247.63904,12.412,0.042
4250.72522,11.887,0.038
4250.74137,12.04,0.034
4253.87424,11.863,0.042
4253.87691,11.924,0.038
4256.64728,12.109,0.034
4256.69719,11.948,0.034
4258.70296,12.002,0.035
4258.77114,11.934,0.04
4269.72199,12.072,0.035
4269.76112,11.907,0.036
4272.66548,12.034,0.036
4273.66153,12.225,0.036
4274.66979,12.069,0.037
4277.63122,12.337,0.034
4278.67208,11.9,0.034
4281.70098,12.213,0.054
4283.71478,12.117,0.038
4283.76386,12.167,0.044
4285.67326,11.937,0.038
4285.7535,12.087,0.039
4289.67009,11.966,0.034
4289.74575,11.863,0.036
4291.67128,12.054,0.037
4291.74548,11.916,0.035
4293.65944,12.134,0.034
4293.72986,11.864,0.036
4295.67614,12.184,0.034
4295.73892,11.89,0.04
4297.66656,12.255,0.038
4297.72951,11.988,0.045
4299.64101,12.253,0.035
4299.70399,12.16,0.036
4301.59794,12.144,0.038
4301.66083,12.234,0.037
4303.60702,12.076,0.034
4305.58358,11.948,0.034
4305.62172,11.953,0.042
4306.82316,12.01,0.037
4307.60392,11.844,0.038
4308.70444,12.038,0.042
4309.65029,11.991,0.046
4310.73166,12.06,0.045
4311.69702,12.005,0.036
4312.75303,12.074,0.042
4314.73317,12.283,0.038
4317.55425,12.297,0.034
4319.59095,12.226,0.035
4330.50683,12.177,0.035
4330.53684,12.203,0.035
4332.53056,12.151,0.036
4332.54559,12.104,0.038
4334.55911,12.133,0.036
4338.56665,12.013,0.042
4338.57995,12,0.041
4340.62127,12.125,0.036
4340.6504,12.148,0.042
4342.61647,12.034,0.037
4342.64312,12.057,0.041
4344.61286,11.937,0.038
4344.64348,11.889,0.043
4346.61249,11.962,0.036
4348.61568,12.027,0.037
4348.64764,11.939,0.038
4350.61955,11.886,0.038
4350.65769,11.934,0.038
4353.51249,12.015,0.037
4353.52226,11.867,0.036
4355.60374,11.924,0.037
4355.61197,11.904,0.035
4357.60772,12.003,0.036
4357.61609,11.895,0.036
4359.57621,12.04,0.034
4359.59047,11.874,0.035
4361.54663,12.125,0.034
4361.56803,11.975,0.037
4363.5506,12.185,0.036
4363.56628,12.089,0.034
4365.57399,12.112,0.035
4365.58238,12.109,0.034
4368.61747,12.035,0.039
4368.62461,12.01,0.036
4371.51541,12.099,0.037
4372.63494,11.91,0.042
4373.5467,12.047,0.042
4375.63201,12.155,0.038
4378.51036,12.194,0.039
4378.57375,12.181,0.04
4380.56635,12.134,0.039
4381.52999,11.981,0.04
4382.61615,12.185,0.036
4384.5202,12.098,0.035
4385.52356,12.044,0.033
4386.55486,12.105,0.035
4387.52598,12.127,0.036
4388.53872,11.943,0.038
4389.52457,12.18,0.041
4392.54259,11.985,0.039
4393.54508,12.196,0.042
4402.53714,12.237,0.036
4407.54561,11.938,0.038
4411.53213,11.993,0.036
4493.87086,12.001,0.042
4502.87872,12.177,0.039
4504.85866,12.086,0.038
4506.87631,12.008,0.043
4508.85101,12.033,0.043
4510.87324,12.035,0.047
4517.86517,12.041,0.042
4518.84732,12.092,0.039
4520.86532,12.142,0.043
4521.88206,11.96,0.042
4523.86106,11.933,0.035
4525.85218,11.923,0.038
4526.85569,12.226,0.038
4528.8839,12.222,0.041
4529.88546,11.971,0.038
4532.86334,12.063,0.037
4533.86707,12.18,0.038
4536.86653,11.946,0.037
4537.81239,12.092,0.035
4539.87702,12.234,0.047
4540.85185,12.026,0.039
4543.84258,12.036,0.042
4543.85228,12.055,0.038
4546.81631,12.193,0.04
4546.84972,12.173,0.048
4550.84056,12.079,0.04
4552.82338,12.094,0.039
4555.81532,12.2,0.036
4558.81814,11.876,0.034
4559.8571,12.191,0.036
4561.8069,12.1,0.035
4562.85175,11.859,0.036
4564.79706,12.09,0.035
4565.84331,12.112,0.034
4567.79104,12.011,0.036
4568.83291,12.101,0.041
4570.77916,12.179,0.033
4571.78852,11.931,0.039
4572.79844,12.243,0.037
4573.86281,11.878,0.039
4575.84006,11.872,0.04
4576.79256,12.109,0.038
4578.84844,12.044,0.04
4579.85342,11.931,0.038
4583.76789,12.269,0.036
4583.818,12.148,0.035
4586.79671,12.054,0.036
4586.84576,11.937,0.04
4589.7282,12.038,0.04
4589.77998,11.973,0.036
4591.78664,12.037,0.036
4592.77659,12.172,0.035
4593.80203,11.979,0.036
4595.74798,11.959,0.036
4595.89016,12.162,0.036
4597.81143,11.862,0.035
4600.76819,12.042,0.04
4602.72064,11.947,0.037
4602.76103,11.888,0.037
4606.7369,11.839,0.041
4606.77194,11.805,0.046
4609.68281,11.964,0.036
4609.72035,12.024,0.037
4611.72437,12.018,0.036
4611.76633,12.046,0.036
4616.72845,12.364,0.036
4616.77927,12.172,0.037
4618.73355,12.172,0.038
4622.6961,12.048,0.038
4622.73315,12.089,0.039
4624.82879,12.291,0.041
4626.61312,12.049,0.035
4627.71103,12.194,0.041
4629.69266,12.184,0.036
4630.67613,12.093,0.035
4631.71017,12.096,0.036
4632.67749,12.021,0.036
4633.67524,12.017,0.036
4638.82451,12.15,0.041
4638.82727,11.916,0.038
4640.80884,12.015,0.038
4640.81149,11.984,0.037
4642.80429,12.199,0.04
4644.85073,12.144,0.04
4644.85339,12.167,0.043
4647.57825,12.283,0.044
4647.62067,12.228,0.037
4649.63226,12.204,0.042
4649.66975,12.206,0.038
4651.65572,12.17,0.039
4651.67748,12.191,0.038
4653.66407,12.147,0.034
4653.67819,12.247,0.036
4655.61192,11.976,0.036
4657.65156,11.932,0.042
4657.68721,12.098,0.041
4660.60509,12.37,0.047
4660.62929,12.215,0.044
4662.66378,12.232,0.038
4662.67951,12.211,0.036
4664.66153,12.104,0.038
4664.67655,12.208,0.037
4666.66564,12.108,0.035
4666.69318,12.136,0.036
4670.62784,11.957,0.037
4670.64543,11.926,0.037
4672.65038,11.94,0.035
4672.66763,11.928,0.035
4675.68542,12.155,0.042
4678.68331,12.02,0.042
4678.6942,11.931,0.054
4681.60133,11.964,0.038
4681.61731,11.989,0.038
4683.60162,11.928,0.038
4683.61776,11.901,0.039
4685.58218,12.012,0.038
4685.59028,11.921,0.04
4687.57313,12.064,0.034
4687.58057,11.993,0.036
4691.59769,12.235,0.037
4691.60525,12.092,0.038
4694.65169,11.87,0.042
4694.65838,12.026,0.04
4697.75987,11.931,0.037
4698.61946,11.905,0.039
4700.61768,11.959,0.043
4701.72664,12.146,0.038
4704.6145,12.065,0.043
4706.62656,12.1,0.038
4706.65903,12.084,0.037
4709.56239,11.949,0.038
4709.61524,11.904,0.045
4716.55141,11.968,0.037
4716.55462,11.909,0.037
4720.60606,11.93,0.043
4720.61016,11.961,0.043
4722.64166,11.882,0.041
4722.64495,11.949,0.045
4725.66101,12.198,0.046
4726.5427,12.075,0.047
4728.60799,12.044,0.042
4729.53523,11.921,0.036
4733.64775,11.907,0.04
4734.60372,12.233,0.046
4738.53913,11.982,0.037
4739.51019,12.197,0.038
4743.55978,12.151,0.041
4744.52774,11.997,0.044
4746.54082,11.96,0.047
4747.56354,11.989,0.04
4750.57612,11.988,0.041
4753.51042,12.048,0.044
4753.56473,11.916,0.037
4755.55777,11.865,0.041
4755.59041,12.002,0.046
4758.53045,12.182,0.045
4758.55217,12.194,0.047
4761.51919,12.11,0.049
4761.54215,12.032,0.049
4764.51757,11.939,0.044
4764.53915,11.881,0.042
4767.51235,12.276,0.042
4767.5346,12.29,0.049
4773.51684,11.984,0.049
4776.53673,12.195,0.042
4784.51554,12.076,0.039
4852.87687,12.348,0.041
4867.88523,12.224,0.042
4870.87383,11.979,0.046
4871.86761,11.94,0.041
4876.87357,12.203,0.038
4879.86435,11.944,0.036
4883.87529,12.079,0.038
4884.83294,11.951,0.042
4891.87337,12.117,0.043
4892.83387,12.068,0.047
4902.90195,12.177,0.046
4904.89545,12.14,0.046
4906.81373,11.934,0.055
4907.86914,12.023,0.049
4916.79999,12.044,0.046
4916.82941,12.059,0.044
4919.81913,11.946,0.047
4919.85953,12.143,0.043
4926.86751,12.202,0.043
4926.90259,12.21,0.042
4935.80211,12.426,0.049
4938.77799,12.059,0.047
4939.8052,12.12,0.046
4946.80945,12.175,0.049
4947.75274,11.971,0.045
4949.77693,11.954,0.044
4950.76077,12.032,0.046
4952.76101,11.914,0.049
4952.79982,12.177,0.046
4954.79096,12.05,0.045
4954.82363,12.018,0.049
4959.78384,12.201,0.049
4962.70908,12.191,0.047
4967.785,11.959,0.045
4968.80048,12.177,0.045
4969.82286,12.008,0.046
4975.72975,12.009,0.045
4985.6831,12.047,0.043
4985.70256,11.932,0.042
4987.69188,11.939,0.049
4989.7204,11.994,0.049
4991.74372,11.946,0.046
4991.75924,11.876,0.047
4994.76419,12.134,0.045
4994.77613,12.216,0.045
5006.78794,12.02,0.052
5006.79074,11.915,0.05
5012.65694,12.241,0.046
5012.71852,12.165,0.053
5014.61819,12.227,0.045
5014.66005,12.14,0.045
5021.72868,12.088,0.045
5021.74284,12.06,0.044
5023.73305,12.253,0.045
5023.75114,12.02,0.042
5031.61549,12.04,0.043
5031.6233,11.958,0.041
5040.71095,12.428,0.05
5040.71399,12.307,0.044
5042.60325,12.037,0.05
5042.61281,12.018,0.048
5047.68749,12.076,0.051
5047.69055,12.374,0.044
5049.7176,12.003,0.051
5057.56795,11.895,0.045
5057.57534,11.898,0.044
5063.57719,12.224,0.048
5063.58035,12.006,0.046
5075.65137,12.308,0.049
5075.65963,12.291,0.047
5083.65391,12.114,0.053
5083.65714,11.948,0.051
5086.51463,12.045,0.048
5088.55009,12.036,0.047
5088.5712,12.12,0.05
5092.6462,12.008,0.046
5098.50915,12.156,0.049
5098.51537,11.989,0.045
5104.59578,11.99,0.047
5104.59898,12.132,0.045
5111.60915,11.976,0.048
