1937.8789,11.61,0.038
1940.87231,11.527,0.038
1947.85481,11.528,0.042
1953.8408,11.349,0.042
1954.8458,11.343,0.048
1955.85335,11.421,0.04
1961.85266,11.438,0.049
1961.85959,11.4,0.047
1963.8443,11.377,0.04
1965.83068,11.426,0.042
1965.83774,11.413,0.04
1967.83283,11.326,0.045
1967.83732,11.37,0.046
1977.78126,11.329,0.052
1979.79442,11.406,0.055
1980.80537,11.363,0.053
1981.81108,11.378,0.049
1982.7859,11.358,0.049
1994.75888,11.287,0.054
2025.7261,11.346,0.041
2026.75884,11.372,0.039
2027.75139,11.324,0.043
2030.73694,11.335,0.039
2031.7517,11.327,0.04
2032.7366,11.319,0.038
2033.72629,11.336,0.037
2037.69451,11.336,0.051
2037.69698,11.377,0.049
2040.8285,11.446,0.039
2052.68706,11.661,0.053
2052.6918,11.64,0.046
2053.70974,11.698,0.05
2053.71451,11.652,0.042
2054.70386,11.657,0.046
2055.67867,11.666,0.05
2055.68342,11.666,0.041
2056.68688,11.697,0.043
2057.68244,11.72,0.049
2057.68493,11.748,0.043
2058.67959,11.738,0.043
2061.68047,11.748,0.049
2061.68297,11.682,0.047
2068.71349,11.806,0.037
2070.64939,11.819,0.042
2080.55571,11.824,0.051
2080.56058,11.821,0.043
2081.62884,11.868,0.042
2082.6468,11.865,0.038
2083.63105,11.905,0.044
2085.61255,11.873,0.041
2085.62181,11.889,0.039
2086.62069,11.981,0.046
2086.6255,11.949,0.041
2087.61155,12.043,0.052
2087.62083,11.983,0.047
2088.61961,11.959,0.041
2096.59201,12.199,0.052
2102.56514,12.2,0.046
2103.58481,12.257,0.048
2103.59191,12.21,0.038
2104.58701,12.191,0.051
2105.58389,12.21,0.048
2105.58637,12.23,0.041
2106.58584,12.225,0.046
2109.57859,12.192,0.044
2115.54322,12.262,0.043
2116.55573,12.283,0.046
2117.55007,12.255,0.045
2124.52299,12.151,0.046
2125.544,12.221,0.045
2128.5252,12.248,0.045
2129.53535,12.197,0.044
2129.53776,12.22,0.037
2131.50286,12.32,0.038
2133.50682,12.305,0.045
2133.50923,12.229,0.038
2135.51012,12.192,0.046
2140.49956,12.349,0.04
2142.50025,12.295,0.043
2144.49164,12.326,0.042
2151.4772,12.284,0.048
2156.51911,12.33,0.04
2164.50703,12.294,0.038
2168.5601,12.269,0.04
2172.49972,12.14,0.039
2177.48343,12.199,0.043
2179.53017,12.172,0.048
2184.5422,12.199,0.044
2188.54619,12.106,0.045
2192.50528,12.2,0.044
2197.48779,12.115,0.048
2205.49574,12.071,0.054
2440.64387,11.722,0.039
2441.64759,11.336,0.032
2445.61818,11.341,0.032
2452.60756,11.554,0.041
2459.58962,11.724,0.047
2460.62735,11.614,0.034
2463.61786,11.674,0.036
2464.59845,11.708,0.039
2467.59408,11.628,0.035
2468.58872,11.625,0.034
2469.58744,11.589,0.044
2473.54356,11.44,0.04
2481.54455,11.408,0.046
2482.57377,11.395,0.05
2486.55044,11.439,0.046
2489.54162,11.459,0.037
2490.57401,11.535,0.047
2491.541,11.512,0.054
2493.53929,11.603,0.046
2494.54932,11.56,0.05
2495.55094,11.618,0.044
2499.52757,11.754,0.037
2500.49413,11.651,0.043
2510.50156,11.477,0.044
2511.57584,11.555,0.042
2512.63132,11.589,0.044
2519.63355,11.402,0.038
2519.64068,11.433,0.039
2520.62132,11.495,0.036
2521.63092,11.434,0.039
2526.63079,11.355,0.04
2535.57789,11.385,0.043
2543.50243,11.561,0.04
2543.53299,11.515,0.036
2544.48861,11.525,0.047
2545.54519,11.533,0.035
2546.55048,11.581,0.043
2547.53224,11.578,0.037
2548.53709,11.628,0.039
2549.5253,11.635,0.039
2552.52122,11.751,0.052
2552.56039,11.705,0.049
2559.49357,11.809,0.045
2560.51502,11.736,0.042
2561.51529,11.812,0.044
2561.52912,11.768,0.04
2563.51302,11.779,0.04
2563.52501,11.793,0.04
2565.50302,11.807,0.038
2565.51475,11.794,0.04
2664.87338,12.016,0.036
2673.87559,12.059,0.036
2677.8618,12.028,0.041
2681.862,12.015,0.039
2684.86121,12.002,0.035
2685.86873,11.949,0.042
2690.84714,11.991,0.053
2696.84306,11.966,0.041
2697.8489,11.982,0.035
2700.86944,11.968,0.038
2706.82624,11.957,0.034
2710.86397,11.904,0.034
2714.84412,11.815,0.039
2723.91586,11.896,0.033
2725.83622,11.897,0.033
2727.84169,11.894,0.04
2729.82318,11.895,0.035
2732.83442,11.814,0.043
2734.78768,11.799,0.041
2736.78882,11.772,0.032
2737.78935,11.811,0.04
2738.81057,11.738,0.035
2740.80136,11.729,0.033
2741.77877,11.673,0.038
2742.77668,11.663,0.04
2744.79595,11.572,0.057
2747.7985,11.641,0.046
2750.84115,11.537,0.038
2751.86773,11.491,0.041
2751.87209,11.549,0.039
2752.76331,11.546,0.039
2754.77705,11.608,0.033
2755.93216,11.575,0.033
2757.7796,11.581,0.032
2759.80587,11.574,0.047
2759.822,11.567,0.033
2761.75681,11.666,0.036
2761.76392,11.692,0.036
2768.78651,11.815,0.039
2770.79462,11.763,0.047
2775.79778,11.689,0.043
2782.81622,11.612,0.052
2784.71808,11.574,0.036
2786.65741,11.516,0.043
2787.8002,11.497,0.034
2787.80942,11.467,0.038
2791.646,11.428,0.038
2795.74138,11.511,0.035
2809.72259,11.583,0.032
2810.82738,11.581,0.04
2810.83222,11.554,0.04
2812.63791,11.604,0.034
2813.80084,11.706,0.049
2813.82256,11.601,0.043
2820.68556,11.628,0.031
2822.71959,11.674,0.047
2830.55789,11.442,0.036
2834.73148,11.352,0.039
2834.734,11.432,0.035
2836.57663,11.364,0.038
2836.57915,11.406,0.033
2841.63792,11.34,0.036
2841.64043,11.414,0.034
2843.60823,11.406,0.037
2843.61072,11.422,0.034
2851.55977,11.525,0.031
2853.71459,11.549,0.04
2854.5387,11.534,0.032
2855.60197,11.584,0.031
2860.54077,11.706,0.034
2860.54583,11.641,0.033
2861.70203,11.63,0.038
2861.70447,11.654,0.033
2866.51743,11.717,0.034
2866.63202,11.814,0.044
2867.6775,11.778,0.038
2867.71424,11.684,0.039
2874.70227,11.629,0.038
2875.65009,11.593,0.042
2876.62767,11.543,0.037
2878.62012,11.517,0.047
2879.64881,11.49,0.038
2883.50439,11.403,0.036
2883.54243,11.395,0.039
2888.49216,11.357,0.037
2888.51544,11.393,0.04
2892.49291,11.415,0.04
2893.53228,11.434,0.043
2893.62026,11.379,0.035
2895.54023,11.452,0.044
2895.60723,11.962,0.033
2897.55454,11.43,0.057
2899.59831,11.473,0.047
2901.54197,11.518,0.046
2904.61465,11.536,0.049
2905.56207,11.584,0.031
2906.61272,11.604,0.036
2908.58058,11.584,0.032
2910.57589,11.678,0.034
2915.49836,11.722,0.046
2915.52619,11.649,0.039
2917.53003,11.791,0.05
2917.55405,11.711,0.038
2921.5312,11.66,0.034
2921.55474,11.585,0.04
2923.53421,11.679,0.048
2923.55311,11.627,0.039
2926.5394,11.6,0.034
2926.55629,11.534,0.04
2928.54269,11.505,0.034
2928.55476,11.505,0.039
2931.50489,11.414,0.033
2931.50736,11.468,0.036
2933.51222,11.388,0.034
2933.51459,11.321,0.039
2935.51352,11.391,0.033
2935.51589,11.308,0.037
2937.51462,11.281,0.038
3053.86651,12.154,0.034
3057.88554,12.276,0.033
3061.89885,12.318,0.033
3066.87839,12.281,0.034
3069.87003,12.239,0.036
3073.84172,12.267,0.035
3080.82993,12.21,0.041
3082.86431,12.196,0.038
3086.86869,12.098,0.041
3086.8713,12.077,0.033
3089.8509,12.069,0.035
3089.85876,12.09,0.036
3092.8368,12.237,0.038
3092.84185,12.219,0.037
3096.88531,12.272,0.033
3097.77379,12.223,0.036
3099.804,12.244,0.034
3099.85218,12.303,0.037
3102.79225,12.359,0.037
3102.80303,12.252,0.036
3106.86422,12.265,0.039
3106.86688,12.232,0.037
3109.80031,12.126,0.035
3109.80298,12.161,0.034
3112.78498,12.027,0.036
3112.78766,12.041,0.033
3114.85236,11.994,0.036
3115.77548,12.024,0.033
3118.7892,11.756,0.051
3118.86043,11.96,0.035
3122.76932,11.876,0.038
3122.78941,11.829,0.033
3124.82226,11.813,0.035
3124.84047,11.83,0.03
3126.80521,11.868,0.037
3126.81853,11.837,0.038
3128.7978,11.864,0.037
3128.80301,11.931,0.036
3130.79936,11.849,0.04
3133.79276,12.005,0.038
3133.79552,12.075,0.035
3134.80681,12.057,0.041
3134.81947,11.95,0.041
3134.82435,12.019,0.039
3141.79945,12.013,0.039
3144.83756,12.015,0.037
3144.84036,12.094,0.032
3152.85993,11.966,0.033
3153.77879,11.964,0.035
3154.66113,11.886,0.032
3156.6835,11.844,0.036
3160.76736,11.703,0.042
3162.66766,11.672,0.033
3163.77235,11.728,0.038
3164.70921,11.724,0.046
3165.79498,11.615,0.047
3166.9052,11.687,0.038
3168.79864,11.723,0.036
3169.63669,11.719,0.034
3171.73985,11.762,0.038
3171.82952,11.666,0.041
3175.74072,11.758,0.037
3175.80715,11.784,0.033
3178.62137,11.751,0.038
3178.62687,11.812,0.031
3180.7141,11.854,0.038
3180.72185,11.82,0.034
3183.70584,11.89,0.037
3183.71364,11.93,0.034
3189.59406,11.782,0.039
3191.71989,11.828,0.049
3191.72273,11.826,0.046
3292.53107,11.574,0.04
3298.4984,11.587,0.032
3398.87975,11.443,0.054
3403.87921,11.516,0.042
3408.87546,11.578,0.042
3417.85955,11.448,0.046
3421.8563,11.657,0.037
3424.88804,11.422,0.042
3427.8682,11.449,0.046
3430.86848,11.408,0.034
3436.88702,11.431,0.033
3442.89845,11.392,0.035
3445.87573,11.512,0.035
3449.82242,11.524,0.041
3453.77361,11.583,0.044
3455.82267,11.617,0.044
3457.8344,11.627,0.043
3463.79368,11.678,0.038
3466.81848,11.652,0.037
3469.808,11.613,0.041
3472.79528,11.635,0.033
3475.78435,11.659,0.043
3477.8468,11.597,0.04
3480.76745,11.645,0.043
3482.81256,11.673,0.043
3484.85905,11.731,0.036
3489.82424,11.844,0.048
3491.85334,11.838,0.036
3501.72951,11.953,0.039
3503.78343,11.991,0.039
3509.78878,11.991,0.035
3512.67163,12.008,0.032
3520.69918,11.906,0.044
3522.72691,11.897,0.037
3526.77702,11.976,0.05
3528.8195,11.939,0.04
3537.69947,11.968,0.046
3544.67194,12.01,0.041
3547.7426,12.035,0.036
3551.72998,12.108,0.037
3554.70912,12.056,0.032
3556.76994,12.078,0.032
3562.56661,12.065,0.041
3564.60747,12.052,0.031
3571.59703,12.066,0.033
3573.77427,11.994,0.04
3576.55126,11.96,0.033
3578.58311,11.932,0.036
3583.55707,12.012,0.038
3585.6098,11.966,0.056
3587.6213,11.921,0.034
3589.63207,11.847,0.038
3591.69887,11.828,0.042
3594.51331,11.868,0.038
3599.59117,11.891,0.034
3601.63241,11.807,0.035
3603.64032,11.909,0.034
3606.63932,11.862,0.035
3616.49436,11.781,0.038
3618.59848,11.707,0.044
3620.59862,11.705,0.039
3626.50981,11.667,0.033
3629.59434,11.723,0.036
3631.59199,11.694,0.034
3634.50002,11.774,0.037
3637.58548,11.86,0.036
3641.53438,11.775,0.033
3643.57458,11.793,0.035
3647.53443,11.938,0.033
3653.49801,11.642,0.037
3655.53603,11.699,0.034
3658.52263,11.697,0.038
3660.54735,11.704,0.036
3663.50049,11.721,0.043
3671.49548,11.732,0.036
3674.49933,11.801,0.034
3758.872,11.549,0.039
3773.8839,11.73,0.04
3791.85403,11.476,0.043
3795.85428,11.486,0.034
3799.84513,11.452,0.04
3803.85147,11.482,0.045
3806.86415,11.639,0.041
3809.87711,11.607,0.044
3813.83562,11.675,0.045
3818.81368,11.776,0.047
3821.84591,11.789,0.036
3824.83911,11.687,0.039
3827.83172,11.647,0.041
3830.83693,11.485,0.042
3836.80935,11.316,0.042
3849.82444,11.386,0.036
3852.76157,11.431,0.034
3855.75418,11.477,0.047
3858.75513,11.518,0.041
3860.80222,11.512,0.038
3862.7349,11.543,0.044
3864.73161,11.644,0.045
3866.7234,11.673,0.042
3868.76453,11.621,0.038
3881.73832,11.673,0.034
3886.72818,11.546,0.034
3890.71881,11.531,0.038
3892.71028,11.566,0.036
3894.71153,11.523,0.034
3901.71479,11.559,0.037
3903.72917,11.548,0.039
3905.72111,11.644,0.052
3907.73664,11.666,0.04
3909.84482,11.734,0.034
3913.80468,11.832,0.033
3981.57304,12.28,0.042
4134.88333,11.769,0.048
4146.8695,11.747,0.041
4151.87921,11.694,0.04
4152.88631,11.718,0.042
4155.87395,11.644,0.037
4156.88158,11.632,0.052
4159.85322,11.661,0.034
4160.87653,11.592,0.05
4162.88945,11.65,0.046
4164.86027,11.636,0.05
4166.85361,11.711,0.04
4173.87932,11.641,0.035
4174.85056,11.659,0.038
4176.86679,11.597,0.043
4180.83033,11.653,0.039
4181.83864,11.788,0.049
4183.86474,11.675,0.038
4187.86178,11.684,0.037
4190.8353,11.612,0.035
4193.80375,11.665,0.034
4202.81819,11.568,0.041
4204.8477,11.567,0.036
4208.80565,11.475,0.036
4212.84515,11.573,0.038
4215.82919,11.676,0.038
4227.80252,11.784,0.037
4229.80244,11.733,0.034
4231.80156,11.673,0.034
4238.71654,11.489,0.036
4245.69495,11.474,0.049
4247.66368,11.405,0.043
4254.72808,11.499,0.036
4256.88175,11.523,0.034
4259.66108,11.6,0.041
4266.69939,11.622,0.039
4273.81887,11.584,0.037
4276.62651,11.632,0.046
4282.65247,11.511,0.039
4284.65674,11.598,0.041
4290.64931,11.462,0.037
4292.62127,11.43,0.033
4296.62327,11.323,0.036
4298.6279,11.347,0.035
4300.59534,11.385,0.038
4302.64114,11.354,0.037
4304.5815,11.45,0.035
4309.57547,11.507,0.037
4316.67327,11.828,0.033
4319.65996,11.827,0.033
4329.51785,11.723,0.039
4331.52011,11.623,0.037
4337.49925,11.626,0.037
4339.67532,11.571,0.036
4341.67162,11.649,0.038
4343.67316,11.622,0.037
4346.50297,11.706,0.035
4348.52904,11.726,0.034
4350.53508,11.801,0.035
4352.55269,11.798,0.032
4355.55612,11.979,0.033
4357.56792,12.013,0.035
4359.54337,12.013,0.035
4364.48457,12.087,0.033
4367.58736,12.179,0.035
4372.5301,12.292,0.037
4375.55509,12.242,0.036
4377.56214,12.254,0.033
4379.56776,12.227,0.035
4385.51226,12.277,0.033
4393.53127,12.224,0.042
4400.50142,12.142,0.036
4493.88017,11.951,0.039
4502.86977,11.797,0.042
4506.86776,11.711,0.041
4510.86269,11.723,0.048
4517.89034,11.704,0.037
4521.85451,11.722,0.037
4528.84622,11.815,0.034
4536.85422,11.921,0.033
4539.85954,12.063,0.042
4543.82597,11.875,0.035
4546.83637,11.788,0.035
4555.89884,11.611,0.039
4558.83369,11.666,0.035
4561.81971,11.603,0.035
4564.81112,11.573,0.035
4567.80219,11.657,0.042
4570.79526,11.639,0.035
4572.83112,11.616,0.035
4574.79795,11.651,0.038
4576.80307,11.632,0.044
4583.78291,11.755,0.034
4586.81229,11.737,0.038
4589.75047,11.738,0.036
4592.738,11.729,0.034
4594.78868,11.634,0.035
4596.82511,11.617,0.033
4599.7335,11.538,0.039
4601.7643,11.477,0.035
4603.7659,11.488,0.035
4609.75538,11.522,0.037
4611.75296,11.582,0.035
4615.79021,11.692,0.04
4617.72557,11.663,0.037
4623.72296,11.827,0.036
4627.68378,11.811,0.033
4629.66396,11.838,0.034
4631.68256,11.864,0.035
4640.64733,11.683,0.037
4642.6566,11.634,0.034
4644.67617,11.441,0.035
4646.67866,11.425,0.044
4648.72001,11.308,0.033
4648.763,11.363,0.042
4650.77281,11.318,0.039
4652.77595,11.278,0.033
4654.76455,11.302,0.033
4656.73903,11.307,0.043
4659.5986,11.378,0.035
4664.60525,11.45,0.035
4666.62557,11.463,0.035
4670.59385,11.506,0.039
4670.72256,11.709,0.052
4672.62366,11.584,0.042
4678.65961,11.58,0.043
4681.57665,11.616,0.038
4683.575,11.699,0.037
4685.55628,11.722,0.037
4691.52859,11.679,0.035
4694.60276,11.542,0.038
4697.70938,11.468,0.036
4703.68496,11.481,0.04
4706.61209,11.467,0.036
4709.55609,11.499,0.045
4720.52425,11.71,0.042
4722.56039,11.779,0.041
4725.57744,11.817,0.05
4728.53984,11.806,0.042
4733.5935,11.618,0.042
4737.58211,11.492,0.035
4740.57113,11.558,0.037
4746.49227,11.61,0.041
4748.54476,11.555,0.045
4752.51582,11.627,0.048
4755.5149,11.633,0.045
4758.51338,11.684,0.049
4761.50774,11.798,0.042
4764.50529,11.778,0.04
4870.87032,12.158,0.041
4877.86614,12.141,0.039
4887.85507,12.22,0.049
4891.85671,12.042,0.044
4904.87116,11.852,0.047
4910.90251,11.948,0.05
4914.9073,11.967,0.044
4916.83957,11.876,0.049
4917.85928,11.929,0.048
4920.89138,11.841,0.042
4924.89177,11.876,0.044
4928.87557,11.89,0.044
4931.81581,11.979,0.045
4931.85646,11.986,0.057
4937.85805,11.961,0.047
4940.78687,11.928,0.045
4940.81812,11.874,0.053
4946.77934,11.833,0.043
4946.79831,11.912,0.052
4949.79831,11.77,0.054
4951.78048,11.782,0.043
4954.73866,11.714,0.045
4967.77018,11.516,0.045
4969.80458,11.623,0.049
4973.66123,11.558,0.048
4975.75081,11.568,0.049
4984.72149,11.653,0.048
4991.87726,11.678,0.051
4994.87835,11.638,0.045
5002.6674,11.559,0.046
5006.66861,11.525,0.051
5009.63547,11.532,0.048
5012.68401,11.503,0.045
5014.6338,11.547,0.044
5019.6329,11.554,0.046
5023.64989,11.62,0.045
5025.65992,11.635,0.053
5042.56402,11.639,0.047
5047.54642,11.592,0.045
5048.74133,11.555,0.047
5067.5426,11.423,0.048
5082.64352,11.552,0.047
5085.551,11.545,0.048
5087.58193,11.583,0.046
5089.62761,11.625,0.042
5092.5484,11.604,0.045
