1932.87622,11.13,0.035
1935.87131,11.178,0.031
1938.85618,11.181,0.031
1946.88504,11.325,0.034
1949.84577,11.249,0.033
1949.8844,11.236,0.035
1953.84587,11.278,0.033
1953.85967,11.268,0.032
1954.83736,11.244,0.036
1954.86439,11.258,0.035
1955.8426,11.314,0.032
1955.85557,11.272,0.033
1958.89902,11.316,0.04
1961.86849,11.238,0.038
1962.80019,11.315,0.044
1963.85601,11.21,0.035
1964.81406,11.263,0.036
1965.84655,11.225,0.032
1966.81386,11.208,0.037
1967.84609,11.148,0.036
1976.90821,11.049,0.04
1979.75269,10.96,0.045
1979.80071,10.982,0.045
1980.77369,10.969,0.052
1980.81385,10.973,0.044
1981.79755,10.986,0.039
1981.81723,10.95,0.04
1982.77244,10.974,0.04
1982.78977,10.907,0.04
1983.90797,10.927,0.043
1984.80064,10.927,0.041
1984.81977,10.943,0.043
1985.82777,10.96,0.043
1985.83849,10.886,0.046
1994.77679,11.014,0.043
1995.81073,11.073,0.047
1996.80725,11.121,0.043
1997.78608,11.111,0.044
1998.81112,11.176,0.046
1999.77623,11.138,0.047
2000.80844,11.16,0.043
2000.90979,11.153,0.043
2007.75885,11.203,0.048
2008.71654,11.218,0.047
2008.74796,11.205,0.046
2016.76988,11.297,0.045
2016.82938,11.277,0.046
2025.70936,11.307,0.035
2025.74536,11.365,0.031
2026.73974,11.335,0.035
2026.79233,11.331,0.033
2027.73701,11.326,0.039
2027.7659,11.316,0.033
2030.7248,11.27,0.034
2030.75508,11.309,0.033
2031.7373,11.273,0.036
2031.76397,11.292,0.033
2032.7199,11.3,0.032
2032.75109,11.268,0.031
2033.70958,11.269,0.036
2033.74442,11.306,0.031
2037.68182,11.254,0.046
2037.70244,11.228,0.039
2040.69911,11.13,0.044
2052.67943,11.07,0.039
2052.70843,11.098,0.036
2053.69748,11.074,0.039
2053.73249,11.099,0.037
2054.68888,11.048,0.046
2054.71831,11.06,0.04
2055.67329,11.055,0.039
2055.70006,11.042,0.038
2056.67452,11.039,0.043
2056.70131,11.104,0.036
2057.67033,11.05,0.041
2057.70167,11.068,0.039
2058.66945,11.116,0.034
2058.69848,11.063,0.034
2067.63664,11.115,0.04
2068.63725,11.083,0.04
2069.64661,11.123,0.04
2069.67132,11.123,0.035
2070.63919,11.162,0.038
2070.6653,11.144,0.035
2080.53436,11.251,0.044
2080.57528,11.29,0.036
2081.61864,11.277,0.035
2081.64349,11.255,0.032
2082.63432,11.249,0.041
2082.66378,11.265,0.033
2083.64568,11.299,0.041
2085.60718,11.283,0.033
2085.63646,11.288,0.029
2086.61082,11.292,0.039
2086.64024,11.302,0.031
2087.60617,11.298,0.041
2087.63331,11.289,0.034
2088.60494,11.314,0.039
2088.63208,11.284,0.032
2093.53579,11.191,0.038
2093.55824,11.266,0.037
2094.57285,11.194,0.042
2096.58212,11.167,0.051
2102.55983,11.114,0.037
2102.5871,11.077,0.034
2103.57949,11.106,0.039
2103.60462,11.732,0.034
2104.58164,11.124,0.035
2104.60914,11.134,0.035
2105.57181,11.113,0.038
2105.60029,11.092,0.036
2106.57824,11.074,0.037
2106.60345,11.138,0.033
2109.57103,11.112,0.036
2109.59619,11.121,0.032
2115.53352,11.112,0.037
2116.54374,11.132,0.035
2116.57341,11.14,0.033
2117.54035,11.183,0.038
2117.56782,11.129,0.034
2124.51783,11.202,0.039
2124.54386,11.229,0.038
2125.53431,11.226,0.038
2125.5597,11.205,0.035
2128.52004,11.258,0.038
2129.55114,11.301,0.033
2129.55291,11.293,0.038
2130.56263,11.327,0.036
2131.49057,11.297,0.041
2131.54387,11.324,0.034
2132.55428,11.334,0.037
2133.54841,11.327,0.035
2134.55574,11.308,0.034
2135.5163,11.347,0.031
2135.54752,11.301,0.035
2136.54708,11.354,0.033
2140.50585,11.431,0.032
2142.50436,11.435,0.032
2142.52058,11.493,0.037
2142.55081,11.471,0.035
2144.49581,11.482,0.032
2151.47929,11.498,0.049
2156.4898,11.401,0.033
2156.50951,11.414,0.032
2164.50247,11.354,0.038
2168.5383,11.341,0.035
2171.52018,11.336,0.033
2172.49532,11.321,0.034
2178.53753,11.281,0.033
2179.52167,11.329,0.03
2180.53535,11.281,0.034
2183.51951,11.279,0.038
2184.54717,11.312,0.048
2187.48535,11.26,0.045
2189.48317,11.365,0.041
2190.52352,11.33,0.032
2193.51489,11.38,0.037
2196.53553,11.339,0.031
2199.5083,11.329,0.043
2203.49384,11.37,0.035
2203.50261,11.406,0.041
2205.51554,11.43,0.035
2215.49497,11.46,0.041
2219.50438,11.568,0.04
2440.6317,11.602,0.027
2442.62814,11.286,0.03
2442.65521,11.591,0.042
2445.60795,11.62,0.026
2445.63507,11.534,0.027
2446.65836,11.551,0.027
2452.59288,11.677,0.037
2454.63269,11.514,0.043
2455.67729,11.514,0.049
2459.55176,11.687,0.041
2460.61013,11.617,0.029
2460.64002,11.555,0.032
2463.61452,11.551,0.033
2464.58373,11.642,0.032
2464.61111,11.611,0.031
2465.58512,11.648,0.033
2466.57675,11.608,0.031
2467.6091,11.561,0.029
2468.57632,11.618,0.027
2468.60377,11.573,0.028
2469.57283,11.648,0.033
2470.53838,11.622,0.035
2473.52436,11.711,0.036
2473.57024,11.618,0.034
2474.61921,11.685,0.033
2481.53009,11.753,0.043
2481.56437,11.645,0.041
2482.55155,11.781,0.044
2482.59943,11.692,0.048
2486.56363,11.655,0.039
2489.53176,11.585,0.041
2489.55492,11.566,0.048
2490.57097,11.575,0.036
2491.53566,11.587,0.048
2493.52947,11.521,0.035
2493.55266,11.532,0.034
2494.55818,11.494,0.039
2495.51682,11.513,0.04
2495.55981,11.469,0.038
2497.55485,11.5,0.033
2498.54297,11.462,0.034
2499.52015,11.577,0.029
2499.54556,11.481,0.03
2500.50783,11.507,0.038
2501.51843,11.515,0.046
2501.5583,11.45,0.041
2502.562,11.516,0.033
2502.57409,11.493,0.045
2503.56669,11.55,0.035
2503.57876,11.514,0.04
2508.66771,11.474,0.03
2508.68284,11.534,0.029
2510.63977,11.53,0.033
2510.65684,11.554,0.037
2511.68857,11.529,0.048
2511.72866,11.489,0.042
2519.56102,11.545,0.045
2520.56468,11.498,0.025
2520.57449,11.523,0.025
2521.58415,11.497,0.029
2524.56703,11.585,0.036
2524.57458,11.501,0.041
2526.6024,11.49,0.034
2526.61221,11.504,0.03
2529.53892,11.576,0.042
2529.54895,11.676,0.047
2535.56097,11.425,0.033
2535.56396,11.417,0.033
2540.61907,11.242,0.031
2540.62204,11.335,0.029
2545.48271,11.202,0.031
2546.55367,11.206,0.03
2547.49062,11.174,0.033
2548.5449,11.227,0.029
2552.48933,11.215,0.037
2552.56839,11.234,0.037
2553.60615,11.212,0.031
2558.51953,11.303,0.029
2558.53071,11.256,0.031
2559.53528,11.288,0.037
2559.54394,11.284,0.034
2560.54703,11.288,0.033
2560.55841,11.282,0.034
2561.55782,11.36,0.033
2562.57224,11.343,0.033
2563.5373,11.369,0.03
2563.58855,11.355,0.029
2565.51977,11.346,0.031
2566.53854,11.397,0.035
2566.56051,11.426,0.032
2568.58737,11.463,0.039
2578.5097,11.523,0.031
2578.53574,11.509,0.03
2660.85936,11.323,0.036
2666.86668,11.332,0.033
2671.85196,11.247,0.031
2677.86666,11.13,0.033
2678.84857,11.085,0.028
2681.84857,11.071,0.032
2681.86943,11.03,0.028
2684.84048,10.995,0.03
2684.86817,10.996,0.031
2690.85395,10.978,0.036
2693.83668,11.006,0.03
2694.83501,11.008,0.03
2696.87984,11.032,0.047
2697.88824,11.051,0.028
2699.82812,11.098,0.031
2700.87593,11.082,0.031
2702.85252,11.177,0.029
2703.84887,11.179,0.03
2706.83267,11.215,0.029
2707.83763,11.204,0.04
2709.83835,11.236,0.027
2710.87764,11.269,0.03
2711.84822,11.238,0.027
2712.85583,11.316,0.03
2713.82878,11.26,0.033
2714.85034,11.3,0.027
2715.83069,11.241,0.03
2719.83741,11.324,0.03
2721.81317,11.287,0.044
2721.85249,11.312,0.045
2723.8074,11.239,0.035
2723.84575,11.254,0.03
2725.80248,11.168,0.029
2725.84454,11.249,0.029
2727.83473,11.269,0.03
2729.83478,11.152,0.03
2732.81517,11.07,0.044
2732.8599,11.11,0.033
2734.7676,11.085,0.033
2734.82264,11.123,0.032
2736.76141,11.043,0.03
2736.81512,11.049,0.028
2738.81969,11.036,0.031
2740.78262,11.042,0.029
2740.80938,11.051,0.026
2742.7592,11.025,0.031
2742.79788,10.998,0.035
2744.78778,11.067,0.032
2747.8795,11.089,0.041
2750.8662,11.119,0.033
2751.71411,11.153,0.031
2752.75815,11.096,0.036
2754.79541,11.18,0.037
2755.73853,11.184,0.034
2756.75743,11.225,0.032
2757.74225,11.193,0.038
2757.84434,11.196,0.037
2759.79834,11.244,0.03
2759.86147,11.227,0.031
2761.74702,11.205,0.041
2761.78767,11.223,0.035
2763.77065,11.198,0.034
2766.81908,11.227,0.04
2775.79912,11.073,0.041
2782.75383,10.973,0.029
2782.77762,10.996,0.035
2784.69876,11.023,0.029
2784.73495,11.033,0.03
2786.63602,11.003,0.037
2786.67982,11.036,0.035
2787.78997,11.023,0.032
2787.82495,11.021,0.041
2790.91073,11.046,0.031
2805.83552,11.087,0.034
2805.84304,11.144,0.034
2809.74006,11.097,0.041
2809.74243,11.126,0.036
2810.84573,11.08,0.029
2812.62534,11.064,0.037
2812.64137,11.152,0.032
2813.79539,11.059,0.037
2813.83135,11.077,0.038
2820.85954,11.072,0.029
2821.56845,11.103,0.036
2826.61554,11.148,0.025
2829.59551,11.187,0.047
2830.72342,11.224,0.038
2830.72788,11.204,0.032
2832.58317,11.2,0.03
2832.60409,11.165,0.032
2833.70341,11.151,0.033
2833.71967,11.183,0.03
2836.59431,11.274,0.03
2838.5885,11.242,0.028
2840.83495,11.254,0.031
2842.61977,11.392,0.051
2845.63222,11.374,0.025
2845.78027,11.348,0.025
2851.73132,11.48,0.027
2854.53122,11.497,0.024
2854.54778,11.626,0.028
2857.79441,11.515,0.033
2858.56255,11.518,0.028
2859.56476,11.497,0.027
2859.63934,11.495,0.028
2860.68708,11.928,0.029
2860.7201,11.514,0.032
2862.60834,11.46,0.034
2862.61241,11.551,0.031
2866.60884,11.51,0.035
2867.69811,11.423,0.028
2867.69986,11.417,0.03
2874.70947,11.345,0.031
2874.74216,11.33,0.032
2876.62944,11.312,0.031
2876.64417,11.354,0.029
2878.62194,11.316,0.054
2878.63939,11.311,0.035
2883.54931,11.257,0.028
2883.56688,11.258,0.031
2885.53712,11.286,0.029
2885.54234,11.254,0.028
2886.68141,11.287,0.03
2888.56205,11.236,0.029
2888.69821,11.222,0.031
2892.70019,11.216,0.038
2893.51807,11.206,0.035
2894.60695,11.247,0.031
2895.52846,11.212,0.029
2896.62145,11.227,0.03
2898.60658,11.23,0.028
2900.60137,11.264,0.029
2901.53264,11.246,0.051
2904.58846,11.337,0.033
2906.59161,11.304,0.028
2906.60787,11.343,0.028
2909.59102,11.382,0.029
2910.48635,11.354,0.03
2911.56473,11.382,0.044
2912.51409,11.334,0.029
2915.54041,11.318,0.033
2916.56249,11.276,0.031
2917.56601,11.301,0.034
2918.59676,11.27,0.033
2921.56528,11.31,0.034
2922.56246,11.287,0.03
2923.56266,11.267,0.033
2924.57019,11.306,0.031
2927.51274,11.274,0.028
2927.56936,11.286,0.029
2929.52567,11.305,0.03
2929.5705,11.388,0.029
2931.52988,11.33,0.031
2931.57442,11.305,0.03
2933.53378,11.351,0.032
2933.56668,11.354,0.03
2935.53508,11.343,0.036
2935.56363,11.318,0.03
2937.56261,10.884,0.032
2940.53818,11.284,0.03
2942.52928,11.356,0.034
2944.54428,11.272,0.034
2947.54443,11.349,0.031
2950.52951,11.398,0.033
2958.51037,11.523,0.029
3032.87368,11.342,0.038
3036.8631,11.497,0.032
3043.82839,11.537,0.036
3054.88222,11.699,0.029
3060.8541,11.65,0.029
3064.84381,11.691,0.033
3066.89115,11.759,0.028
3070.84599,11.78,0.032
3071.86576,11.722,0.031
3074.83884,11.746,0.031
3074.87663,11.716,0.03
3077.85806,11.702,0.032
3080.86843,11.626,0.03
3080.8805,11.64,0.031
3085.90642,11.517,0.031
3086.88313,11.566,0.03
3088.84268,11.527,0.029
3090.8235,11.518,0.031
3091.82684,11.515,0.031
3093.87886,11.55,0.03
3096.87982,11.528,0.028
3098.85922,11.566,0.03
3099.86927,11.594,0.039
3101.80873,11.557,0.034
3102.85041,11.582,0.032
3104.78734,11.585,0.029
3105.82744,11.536,0.029
3106.8506,11.68,0.032
3108.82503,11.551,0.03
3109.77576,11.566,0.028
3111.81659,11.561,0.032
3112.76404,11.572,0.029
3114.80734,11.591,0.031
3114.82384,11.605,0.032
3116.87277,11.549,0.029
3118.77533,11.561,0.036
3122.76093,11.561,0.029
3122.81904,11.596,0.033
3124.81379,11.491,0.029
3125.73477,11.578,0.032
3126.79677,11.54,0.031
3127.74974,11.541,0.045
3128.7798,11.659,0.036
3130.77725,11.536,0.033
3131.79094,11.633,0.032
3132.8082,11.643,0.033
3144.7124,11.603,0.027
3146.67597,11.604,0.028
3153.72234,11.512,0.03
3153.77252,11.496,0.029
3156.67182,11.512,0.031
3158.75502,11.467,0.033
3158.77408,11.525,0.034
3160.7912,11.53,0.047
3160.8622,11.458,0.037
3163.774,11.515,0.031
3163.78993,11.485,0.031
3165.80239,11.433,0.045
3168.80794,11.531,0.051
3168.82069,11.518,0.029
3171.7415,11.518,0.033
3171.7521,11.524,0.034
3175.74236,11.551,0.03
3175.7526,11.461,0.028
3178.60734,11.518,0.029
3178.64697,11.509,0.033
3180.70502,11.469,0.032
3183.69676,11.499,0.03
3183.73136,11.499,0.029
3185.6636,11.487,0.034
3185.68794,11.511,0.031
3187.70016,11.51,0.031
3187.72924,11.49,0.031
3190.74873,11.406,0.038
3219.49885,11.432,0.03
3273.64269,11.299,0.035
3278.63157,11.332,0.043
3397.87734,11.265,0.04
3402.87124,11.216,0.037
3404.87598,11.209,0.031
3405.87993,11.276,0.035
3408.88576,11.308,0.037
3409.84913,11.185,0.036
3413.87031,11.199,0.047
3417.84365,11.116,0.04
3417.86762,11.126,0.044
3421.83773,11.112,0.049
3421.85865,11.141,0.046
3424.86215,11.25,0.036
3427.85987,11.213,0.035
3430.85231,11.19,0.037
3431.86558,11.254,0.035
3433.85605,11.226,0.039
3438.85978,11.215,0.034
3442.87557,11.191,0.03
3443.85716,11.194,0.031
3445.85606,11.169,0.04
3446.86733,11.215,0.033
3449.86725,11.246,0.038
3452.81464,11.53,0.043
3453.7948,11.32,0.046
3454.90091,11.267,0.034
3455.83528,11.276,0.035
3457.78134,11.336,0.034
3458.85383,11.283,0.033
3459.83629,11.299,0.034
3462.83041,11.242,0.032
3462.84662,11.216,0.033
3465.8073,11.128,0.032
3465.84795,11.137,0.031
3468.79388,11.077,0.033
3468.83589,11.064,0.03
3471.776,11.061,0.03
3471.82629,11.004,0.028
3474.82823,11.018,0.037
3477.76714,11.05,0.034
3477.81859,11.02,0.035
3479.8274,11.11,0.051
3480.79416,11.034,0.038
3481.79862,11.063,0.033
3483.78368,11.076,0.034
3490.79776,11.215,0.033
3490.82879,11.14,0.036
3492.79986,11.177,0.039
3492.84069,11.162,0.038
3496.78458,11.152,0.028
3496.82009,11.129,0.027
3499.86151,11.102,0.033
3500.75673,11.1,0.031
3502.70779,11.115,0.041
3502.83753,11.124,0.038
3508.75808,11.111,0.025
3508.85206,10.988,0.032
3510.80996,11.125,0.029
3511.72242,11.088,0.029
3512.68512,11.066,0.032
3515.76683,11.038,0.032
3516.68933,11.005,0.035
3517.76709,11.024,0.03
3521.73029,10.955,0.038
3521.82474,11.029,0.038
3523.76691,11.015,0.035
3524.64576,11.076,0.04
3526.69675,11.094,0.039
3528.723,11.107,0.047
3530.66766,11.134,0.03
3530.723,11.133,0.037
3538.67311,11.215,0.032
3538.70738,11.138,0.031
3540.67015,11.18,0.031
3540.70293,11.164,0.031
3542.81208,11.221,0.034
3544.7932,11.15,0.032
3547.84689,11.178,0.04
3547.86266,11.144,0.039
3551.83646,11.265,0.037
3551.84952,11.269,0.035
3554.76426,11.302,0.027
3554.77074,11.252,0.031
3558.60144,11.412,0.045
3558.61989,11.305,0.037
3560.61131,11.377,0.037
3562.621,11.335,0.037
3562.66053,11.359,0.037
3564.59827,11.399,0.03
3564.65255,11.335,0.029
3569.67396,11.275,0.029
3569.69389,11.289,0.029
3571.70009,11.233,0.032
3571.71415,11.259,0.03
3574.70668,11.18,0.029
3574.72556,11.201,0.03
3576.72113,11.206,0.03
3576.74279,11.163,0.028
3578.69851,11.155,0.033
3578.73432,11.15,0.035
3583.67667,11.185,0.032
3583.67976,11.196,0.029
3585.73072,11.215,0.032
3585.73374,11.177,0.03
3587.74135,11.247,0.031
3587.7482,11.224,0.03
3590.55915,11.239,0.035
3590.56926,11.253,0.03
3592.56651,11.219,0.035
3592.57384,11.279,0.03
3597.67677,11.303,0.033
3597.67988,11.289,0.03
3602.71073,11.409,0.036
3602.71738,11.335,0.035
3606.51624,11.368,0.032
3606.51944,11.321,0.031
3617.55271,11.425,0.032
3617.55627,11.376,0.031
3619.60653,11.321,0.038
3619.6098,11.349,0.031
3621.65105,11.412,0.041
3621.65431,11.351,0.036
3624.6655,11.388,0.03
3625.62792,11.382,0.032
3626.66591,11.425,0.031
3628.60788,11.406,0.032
3629.66071,11.414,0.035
3632.51039,11.454,0.032
3633.55648,11.418,0.033
3634.60142,11.451,0.039
3637.61131,11.427,0.038
3639.57611,11.363,0.029
3641.56609,11.376,0.029
3642.58116,11.419,0.037
3643.61,11.395,0.036
3646.5592,11.376,0.029
3647.5544,11.38,0.028
3651.54376,11.415,0.033
3652.51641,11.393,0.034
3653.54633,11.406,0.039
3654.5424,11.369,0.032
3655.5589,11.495,0.034
3656.57064,11.439,0.032
3658.53717,11.48,0.034
3659.54197,11.448,0.032
3661.51676,11.502,0.034
3661.55899,11.548,0.032
3663.52624,11.52,0.036
3663.56849,11.515,0.034
3666.53845,11.538,0.034
3666.56372,11.582,0.032
3670.50051,11.599,0.031
3670.5141,11.58,0.028
3673.50781,11.571,0.031
3673.52184,11.596,0.03
3676.50495,11.625,0.034
3676.51984,11.6,0.031
3755.87087,11.389,0.039
3759.86314,11.424,0.042
3763.87313,11.414,0.049
3767.87017,11.394,0.046
3772.87326,11.298,0.038
3774.87783,11.311,0.038
3789.84551,11.245,0.045
3789.86864,11.238,0.035
3792.87005,11.205,0.045
3793.85005,11.274,0.038
3796.83116,11.302,0.031
3797.84496,11.275,0.033
3800.87053,11.275,0.041
3802.88616,11.327,0.043
3804.8155,11.401,0.04
3806.84732,11.313,0.038
3808.81661,11.37,0.046
3811.89895,11.414,0.04
3813.86527,11.399,0.036
3814.87002,11.417,0.036
3817.84043,11.512,0.038
3817.8564,11.555,0.038
3820.83603,11.519,0.038
3820.87948,11.501,0.036
3823.83033,11.582,0.038
3823.89473,11.519,0.039
3826.82384,11.588,0.036
3826.88417,11.528,0.035
3829.81674,11.555,0.036
3829.84807,11.546,0.033
3832.79106,11.599,0.035
3832.84601,11.496,0.032
3834.84068,11.457,0.035
3835.82422,11.509,0.04
3837.76883,11.368,0.037
3848.81817,11.185,0.048
3850.87106,11.306,0.034
3851.78702,11.3,0.033
3853.75062,11.295,0.031
3853.8525,11.333,0.03
3855.84253,11.304,0.042
3856.77534,11.359,0.033
3861.76554,11.372,0.031
3862.71235,11.371,0.032
3863.80324,11.418,0.037
3864.71044,11.376,0.034
3865.77224,11.434,0.031
3866.69437,11.398,0.033
3867.77967,11.37,0.033
3868.75097,11.406,0.038
3869.77158,11.35,0.038
3870.76106,11.379,0.037
3871.79736,11.395,0.035
3872.75549,11.387,0.033
3874.88749,11.383,0.03
3875.86224,11.407,0.039
3877.72859,11.371,0.033
3880.78958,11.411,0.029
3881.72908,11.469,0.033
3883.7134,11.391,0.032
3886.73041,11.462,0.031
3887.72873,11.479,0.032
3890.71239,11.612,0.038
3892.70314,11.563,0.052
3893.7156,11.593,0.03
3894.69184,11.64,0.03
3896.72259,11.578,0.036
3898.75454,11.564,0.033
3899.79939,11.686,0.043
3900.82067,11.591,0.034
3901.85764,11.612,0.034
3902.80952,11.631,0.032
3903.89389,11.555,0.034
3904.82408,11.539,0.03
3906.60605,11.53,0.033
3906.86373,11.465,0.032
3908.66161,11.467,0.036
3909.69996,11.434,0.031
3913.70283,11.369,0.033
4136.87525,11.241,0.036
4140.87373,11.352,0.035
4143.87071,11.292,0.034
4151.88984,11.309,0.03
4155.88683,11.274,0.04
4159.86848,11.197,0.033
4167.84452,11.086,0.035
4174.83831,11.024,0.03
4177.86699,11.012,0.034
4180.877,11.013,0.038
4183.86956,11.09,0.035
4187.84337,11.131,0.032
4187.87958,11.086,0.03
4190.80846,11.092,0.03
4190.86882,11.1,0.034
4193.83724,11.118,0.032
4194.82704,11.128,0.031
4198.75637,11.101,0.046
4199.79846,11.049,0.038
4202.79481,11.085,0.031
4203.83338,11.116,0.031
4204.84391,11.075,0.03
4207.82336,11.116,0.042
4208.78585,11.199,0.036
4213.82254,11.182,0.034
4213.85656,11.235,0.033
4216.81186,11.236,0.028
4216.855,11.237,0.031
4227.77564,11.209,0.027
4227.80688,11.193,0.028
4229.77669,11.286,0.027
4229.81685,11.215,0.028
4231.78086,11.229,0.031
4231.81939,11.209,0.027
4233.77953,11.262,0.027
4233.85544,11.164,0.036
4235.80853,11.162,0.027
4238.68891,11.098,0.038
4238.83292,11.067,0.039
4245.67096,11.1,0.048
4246.7284,11.033,0.034
4247.63904,10.996,0.037
4250.72522,10.948,0.031
4250.74137,10.883,0.027
4253.87424,10.905,0.034
4253.87691,10.904,0.033
4256.64728,10.917,0.027
4256.69719,10.915,0.027
4258.70296,10.931,0.03
4258.77114,10.91,0.031
4269.72199,11.084,0.029
4269.76112,11.057,0.031
4272.66548,11.135,0.029
4273.66153,11.119,0.029
4274.66979,11.164,0.03
4277.63122,11.218,0.027
4278.67208,11.14,0.028
4281.70098,11.308,0.048
4283.71478,11.135,0.035
4283.76386,11.193,0.042
4285.67326,11.318,0.033
4285.7535,11.184,0.035
4289.67009,11.172,0.029
4289.74575,11.162,0.028
4291.67128,11.145,0.028
4291.74548,11.128,0.028
4293.65944,11.104,0.028
4293.72986,11.085,0.028
4295.67614,11.032,0.027
4295.73892,11.033,0.032
4297.66656,11.016,0.033
4297.72951,11.006,0.045
4299.64101,10.941,0.03
4299.70399,10.942,0.029
4301.59794,10.942,0.032
4301.66083,10.909,0.031
4303.60702,10.865,0.027
4305.58358,10.882,0.027
4305.62172,10.853,0.035
4306.82316,10.84,0.029
4307.60392,10.84,0.03
4308.70444,10.791,0.038
4309.65029,10.746,0.042
4310.73166,10.857,0.039
4311.69702,10.815,0.03
4312.75303,10.789,0.036
4314.73317,10.829,0.03
4317.55425,10.843,0.027
4319.59095,10.923,0.026
4330.50683,11.259,0.027
4330.53684,11.264,0.028
4332.53056,11.437,0.029
4332.54559,11.31,0.033
4334.55911,11.338,0.032
4338.56665,11.354,0.036
4338.57995,11.431,0.036
4340.62127,11.388,0.03
4340.6504,11.444,0.033
4342.64312,11.425,0.032
4344.61286,11.418,0.033
4344.64348,11.44,0.033
4346.61249,11.384,0.029
4348.61568,11.365,0.03
4348.64764,11.371,0.032
4350.61955,11.325,0.032
4350.65769,11.346,0.033
4353.51249,11.383,0.031
4353.52226,11.248,0.028
4355.60374,11.273,0.031
4355.61197,11.26,0.028
4357.60772,11.19,0.03
4357.61609,11.226,0.03
4359.57621,11.13,0.028
4359.59047,11.116,0.028
4361.54663,11.075,0.027
4361.56803,11.101,0.029
4363.5506,11.022,0.028
4363.56628,10.99,0.027
4365.57399,10.942,0.028
4365.58238,10.95,0.028
4368.61747,10.957,0.034
4368.62461,10.914,0.03
4371.51541,10.922,0.031
4372.63494,10.931,0.036
4373.5467,10.908,0.039
4375.63201,10.923,0.03
4378.51036,10.963,0.034
4378.57375,10.986,0.036
4380.56635,10.923,0.036
4381.52999,10.958,0.034
4382.61615,11.002,0.029
4384.5202,10.946,0.029
4385.52356,10.984,0.027
4386.55486,10.989,0.028
4387.52598,11.01,0.028
4388.53872,11.011,0.03
4389.52457,11.043,0.035
4392.54259,11.037,0.037
4393.54508,11.08,0.039
4402.53714,11.212,0.031
4407.54561,11.232,0.032
4411.53213,11.291,0.031
4502.87872,11.183,0.032
4506.87631,11.105,0.036
4510.87324,10.996,0.047
4517.86517,11.154,0.037
4518.84732,11.206,0.036
4521.88206,11.19,0.032
4525.85218,11.307,0.033
4528.8839,11.384,0.035
4532.86334,11.47,0.031
4533.86707,11.506,0.032
4536.86653,11.446,0.03
4539.87702,11.459,0.045
4543.84258,11.403,0.036
4546.84972,11.52,0.04
4550.84056,11.443,0.035
4552.82338,11.537,0.031
4559.8571,11.532,0.029
4562.85175,11.481,0.029
4565.84331,11.431,0.029
4568.83291,11.43,0.036
4571.78852,11.488,0.032
4572.79844,11.598,0.03
4573.86281,11.423,0.032
4574.7857,11.467,0.032
4575.84006,11.552,0.038
4576.79256,11.447,0.035
4578.84844,11.483,0.037
4579.85342,11.471,0.033
4583.76789,11.34,0.03
4583.818,11.439,0.029
4586.79671,11.369,0.029
4586.84576,11.389,0.036
4589.77998,11.336,0.029
4591.78664,11.353,0.031
4592.77659,11.292,0.028
4593.80203,11.372,0.028
4595.74798,11.334,0.028
4595.89016,11.334,0.028
4597.81143,11.309,0.028
4600.76819,11.368,0.034
4602.72064,11.364,0.032
4602.76103,11.41,0.031
4606.7369,11.395,0.038
4606.77194,11.431,0.038
4609.72035,11.574,0.031
4611.72437,11.501,0.03
4611.76633,11.546,0.03
4616.72845,11.607,0.031
4616.77927,11.58,0.031
4618.73355,11.474,0.032
4622.6961,11.52,0.031
4622.73315,11.505,0.033
4624.82879,11.528,0.034
4627.71103,11.449,0.034
4629.69266,11.446,0.029
4630.67613,11.386,0.029
4631.71017,11.339,0.029
4632.67749,11.327,0.031
4633.67524,11.342,0.033
4638.82451,11.248,0.035
4638.82727,11.286,0.033
4640.80884,11.229,0.031
4640.81149,11.232,0.029
4642.80429,11.292,0.032
4644.85073,11.245,0.035
4644.85339,11.233,0.035
4647.57825,11.202,0.041
4647.62067,11.171,0.033
4649.66975,11.163,0.036
4651.65572,11.179,0.038
4651.67748,11.231,0.037
4653.67819,11.123,0.029
4657.65156,11.255,0.039
4657.68721,11.153,0.039
4660.62929,11.264,0.045
4662.66378,11.37,0.033
4662.67951,11.423,0.032
4664.67655,11.378,0.033
4666.69318,11.463,0.031
4670.64543,11.537,0.032
4672.66763,11.534,0.029
4675.68542,11.549,0.034
4678.68331,11.666,0.035
4678.6942,11.615,0.049
4681.61731,11.577,0.032
4683.61776,11.562,0.034
4685.59028,11.544,0.037
4687.57313,11.653,0.029
4687.58057,11.575,0.031
4694.65169,11.479,0.037
4694.65838,11.527,0.034
4697.75987,11.563,0.031
4698.61946,11.522,0.032
4700.61768,11.495,0.035
4701.72664,11.483,0.03
4703.73699,11.483,0.031
4704.6145,11.5,0.036
4706.62656,11.478,0.031
4706.65903,11.51,0.031
4709.56239,11.44,0.034
4709.61524,11.498,0.04
4716.55141,11.549,0.03
4716.55462,11.539,0.031
4720.60606,11.69,0.036
4720.61016,11.45,0.037
4722.64166,11.351,0.036
4722.64495,11.425,0.039
4725.66101,11.356,0.042
4726.5427,11.491,0.041
4728.60799,11.344,0.036
4729.53523,11.401,0.031
4730.646,11.264,0.04
4733.64775,11.326,0.033
4734.60372,11.25,0.039
4738.53913,11.259,0.032
4739.51019,11.314,0.031
4743.55978,11.342,0.038
4744.52774,11.39,0.04
4746.54082,11.261,0.041
4747.56354,11.699,0.038
4750.57612,11.454,0.039
4753.51042,11.467,0.038
4753.56473,11.467,0.032
4755.55777,11.433,0.035
4755.59041,11.412,0.039
4758.53045,11.498,0.041
4758.55217,11.41,0.043
4761.51919,11.409,0.042
4761.54215,11.526,0.043
4764.51757,11.516,0.037
4764.53915,11.44,0.037
4767.51235,11.502,0.037
4767.5346,11.423,0.041
4773.51684,11.435,0.042
4776.53673,11.508,0.036
4784.51554,11.453,0.037
4870.87383,11.108,0.04
4879.86435,11.158,0.031
4883.87529,11.203,0.032
4891.87337,11.34,0.039
4904.89545,11.297,0.043
4907.86914,11.308,0.045
4916.82941,11.146,0.04
4919.81913,11.202,0.045
4919.85953,11.175,0.04
4939.8052,10.951,0.043
4946.80945,10.934,0.045
4949.77693,10.941,0.042
4950.76077,10.917,0.043
4952.76101,10.925,0.046
4952.79982,10.976,0.043
4954.79096,10.971,0.043
4954.82363,10.942,0.047
4959.78384,11.087,0.051
4967.785,11.376,0.043
4968.80048,11.333,0.043
4969.82286,11.298,0.044
4975.72975,11.428,0.044
4985.70256,11.238,0.04
4987.69188,11.23,0.049
4989.7204,11.106,0.048
4991.74372,11.119,0.045
4991.75924,11.182,0.043
4994.76419,11.056,0.044
4994.77613,11.051,0.042
5006.78794,10.894,0.05
5006.79074,10.908,0.047
5012.65694,10.901,0.043
5012.71852,10.928,0.049
5014.66005,10.898,0.042
5021.72868,10.99,0.043
5021.74284,10.956,0.041
5023.73305,11.012,0.042
5023.75114,10.967,0.038
5031.61549,11.21,0.039
5031.6233,11.188,0.036
5040.71095,11.296,0.048
5040.71399,11.31,0.041
5042.60325,11.397,0.049
5042.61281,11.307,0.047
5047.68749,11.288,0.046
5049.7176,11.269,0.05
5057.56795,11.101,0.043
5057.57534,11.088,0.04
5063.57719,11.118,0.043
5063.58035,11.058,0.041
5075.65137,11.042,0.047
5075.65963,10.972,0.044
5083.65391,11.064,0.05
5083.65714,11.104,0.047
5086.51463,11.13,0.047
5088.55009,11.082,0.045
5088.5712,11.104,0.047
5092.6462,11.116,0.04
5098.50915,11.157,0.047
5098.51537,11.154,0.044
5104.59578,11.222,0.043
5104.59898,11.182,0.042
5111.60915,11.183,0.043
