1937.88494,11.585,0.034
1940.88442,11.51,0.031
1947.86391,10.935,0.03
1948.8802,11.415,0.038
1950.87395,11.023,0.042
1953.85483,10.951,0.03
1953.87054,11.068,0.033
1954.86204,11.451,0.038
1954.87335,11.481,0.039
1955.86392,11.471,0.031
1961.87088,11.073,0.032
1961.88187,10.831,0.036
1963.85844,11.464,0.033
1963.8736,11.456,0.032
1965.86687,11.224,0.032
1967.84861,11.255,0.032
1967.86944,10.678,0.035
1978.83274,11.46,0.043
1979.84,10.616,0.04
1979.86003,10.635,0.042
1980.81669,11.153,0.039
1980.84108,11.303,0.041
1981.82009,11.535,0.037
1981.86062,11.489,0.038
1982.78365,11.381,0.037
1982.81052,10.942,0.044
1994.77304,11.094,0.041
1996.83008,11.573,0.043
2025.73309,11.319,0.033
2026.76347,11.4,0.031
2027.75374,10.927,0.033
2030.74521,10.902,0.03
2031.75407,11.42,0.031
2032.74573,11.4,0.03
2032.7632,11.373,0.039
2033.73456,10.914,0.028
2037.63842,11.222,0.035
2037.71615,11.39,0.046
2052.70091,11.408,0.034
2053.71692,11.149,0.034
2054.70856,11.132,0.036
2055.69253,11.409,0.038
2056.69377,11.903,0.035
2057.6919,11.085,0.035
2058.68871,11.392,0.037
2058.71099,11.403,0.044
2061.68764,11.428,0.033
2068.71589,10.662,0.033
2069.67047,11.134,0.033
2070.65853,11.387,0.037
2080.56751,11.485,0.036
2081.63576,11.176,0.036
2082.64923,11.443,0.033
2083.63572,11.021,0.037
2083.65152,10.76,0.047
2085.62422,11.437,0.031
2085.64677,11.449,0.042
2086.6279,10.992,0.033
2087.62555,11.197,0.04
2088.62203,11.4,0.035
2096.64073,11.299,0.037
2096.66724,11.318,0.049
2102.57682,11.21,0.033
2102.59734,11.221,0.038
2103.5943,11.469,0.033
2104.59421,10.806,0.035
2104.60814,10.744,0.04
2105.59106,11.248,0.032
2105.60825,11.24,0.038
2106.593,11.428,0.03
2106.61364,11.433,0.041
2109.58797,11.473,0.028
2109.60412,11.457,0.035
2115.55036,11.465,0.03
2115.56434,11.47,0.037
2116.56282,10.782,0.032
2116.57901,10.795,0.036
2117.55717,11.251,0.031
2117.57787,11.301,0.037
2124.53309,11.472,0.031
2124.58794,11.383,0.038
2125.55108,10.794,0.031
2125.56972,10.873,0.039
2128.53227,10.774,0.029
2128.55309,10.855,0.039
2129.54241,11.309,0.031
2129.56343,11.331,0.037
2130.55388,11.402,0.03
2131.53503,10.807,0.03
2133.5116,11.416,0.03
2134.54727,10.872,0.039
2135.51486,11.314,0.032
2135.55509,11.337,0.038
2136.55466,11.367,0.036
2140.52774,10.82,0.043
2141.55059,11.35,0.036
2142.50722,11.451,0.033
2144.50877,11.325,0.037
2145.51555,11.393,0.041
2151.51481,11.331,0.045
2156.48797,11.415,0.034
2156.52372,11.405,0.036
2167.47878,10.985,0.037
2171.49848,11.454,0.033
2178.48638,11.096,0.038
2180.54939,11.451,0.035
2184.54911,10.915,0.034
2193.49093,10.806,0.036
2197.49452,11.302,0.037
2441.65227,11.572,0.024
2446.64562,11.426,0.024
2452.61229,11.4,0.04
2459.59675,11.505,0.041
2460.62978,11.116,0.023
2464.60085,11.439,0.027
2465.60224,11.408,0.029
2466.59379,11.028,0.024
2467.59648,11.419,0.023
2468.59341,11.412,0.026
2469.58984,11.084,0.027
2473.54829,11.407,0.029
2481.5492,11.02,0.034
2482.5811,11.424,0.036
2486.55512,11.326,0.037
2489.54631,11.253,0.032
2490.61312,11.375,0.038
2493.54397,11.187,0.035
2494.54721,11.494,0.037
2495.54608,11.025,0.034
2497.55285,11.451,0.027
2498.52958,11.123,0.027
2499.52992,11.194,0.024
2500.52528,11.52,0.036
2501.52146,11.07,0.039
2508.55857,11.36,0.031
2510.53298,10.68,0.036
2519.65595,11.332,0.031
2520.6512,11.443,0.034
2524.60228,10.939,0.033
2524.61567,10.763,0.043
2544.57959,11.454,0.03
2546.53883,11.179,0.026
2548.53245,11.034,0.027
2548.53547,10.976,0.032
2560.49806,10.897,0.027
2679.85867,11.214,0.027
2683.85033,11.416,0.033
2683.86887,11.458,0.033
2686.87577,11.468,0.035
2689.85335,11.498,0.029
2689.87131,11.459,0.036
2693.88896,10.785,0.038
2697.85338,11.292,0.026
2698.8618,11.535,0.035
2700.8831,11.389,0.029
2701.85776,11.509,0.032
2704.85017,11.473,0.033
2706.83542,11.341,0.03
2706.86878,11.373,0.033
2709.84443,11.351,0.031
2711.90005,11.152,0.042
2712.85871,11.405,0.035
2713.87899,11.45,0.038
2714.85565,10.96,0.026
2717.85445,10.949,0.043
2720.83199,10.844,0.038
2724.90339,11.451,0.027
2725.79487,11.446,0.033
2727.84877,11.413,0.032
2729.84289,11.093,0.031
2732.86245,11.206,0.038
2733.82613,11.419,0.025
2735.80431,11.025,0.032
2735.81209,11.007,0.027
2737.80638,11.545,0.026
2739.79568,11.408,0.032
2739.8194,11.46,0.031
2741.78657,11.006,0.026
2743.78466,11.519,0.03
2743.80771,11.36,0.032
2747.81075,11.217,0.037
2751.87007,11.537,0.033
2754.77941,11.419,0.025
2754.80296,11.454,0.031
2756.74673,11.035,0.025
2756.77543,11.144,0.03
2757.83337,11.493,0.026
2759.8434,11.287,0.03
2760.76073,11.456,0.034
2761.77082,10.966,0.027
2762.75044,11.122,0.048
2764.74987,11.275,0.033
2768.79803,11.337,0.028
2770.79934,10.725,0.029
2786.66213,11.038,0.026
2786.69695,11.194,0.031
2787.80496,11.512,0.026
2791.64841,11.472,0.027
2808.693,11.513,0.025
2808.71678,11.514,0.04
2809.82674,11.345,0.028
2810.63537,11.225,0.031
2811.69979,11.542,0.025
2811.82114,10.69,0.035
2812.84579,11.38,0.03
2816.83935,11.567,0.029
2820.56953,11.399,0.024
2820.80517,10.823,0.03
2822.64183,11.348,0.027
2826.6472,11.664,0.041
2829.60691,11.605,0.049
2836.58156,10.606,0.026
2838.78601,11.026,0.031
2841.6452,11.508,0.026
2851.64097,11.138,0.024
2853.75865,11.052,0.026
2855.6604,11.504,0.042
2861.54444,11.39,0.026
2866.66144,11.348,0.026
2866.68129,11.462,0.033
2867.72398,11.341,0.028
2872.52729,10.932,0.025
2877.56643,10.993,0.026
2879.56431,11.444,0.024
2882.58779,11.443,0.03
2888.51095,11.446,0.03
2894.56199,11.439,0.036
2896.58315,11.378,0.026
2898.57078,10.845,0.03
2900.56557,11.46,0.027
2904.55233,10.854,0.038
2906.55065,11.474,0.03
2909.55209,11.487,0.029
2915.5191,11.471,0.028
2917.54696,11.414,0.029
2921.54663,11.381,0.03
2923.54795,11.441,0.037
2929.50145,11.387,0.028
2931.51701,11.07,0.028
2933.52366,11.262,0.028
2935.52494,11.462,0.029
2937.52411,11.173,0.027
3054.87448,11.231,0.027
3055.88545,11.176,0.033
3057.81931,11.458,0.044
3057.84763,11.366,0.038
3057.898,10.903,0.037
3062.8595,11.453,0.039
3063.87776,10.958,0.038
3066.89679,10.76,0.028
3068.86823,11.488,0.034
3070.84905,11.186,0.028
3074.842,11.415,0.029
3080.84007,11.437,0.031
3086.88652,11.434,0.026
3086.90721,11.38,0.032
3089.88144,11.463,0.029
3090.84661,10.81,0.033
3092.85461,11.441,0.031
3096.89833,11.119,0.026
3097.79378,11.224,0.035
3099.81082,10.761,0.027
3103.83779,11.39,0.037
3106.86948,11.617,0.031
3109.80559,11.344,0.027
3112.79561,11.371,0.027
3113.81863,11.436,0.033
3115.78093,11.354,0.028
3116.8073,11.462,0.031
3118.86591,11.43,0.025
3122.79724,11.447,0.028
3124.85131,11.474,0.024
3125.75309,11.453,0.034
3127.75579,11.415,0.041
3128.8107,11.228,0.029
3134.82215,10.728,0.032
3142.89138,11.389,0.028
3146.68082,11.471,0.026
3153.74524,11.161,0.026
3156.70944,11.06,0.037
3162.67035,10.936,0.026
3164.7134,11.138,0.03
3164.76446,10.679,0.033
3167.7281,10.656,0.026
3169.70241,11.439,0.03
3169.77561,11.507,0.036
3175.81526,11.232,0.027
3178.63228,11.425,0.027
3178.65348,11.466,0.036
3180.73004,11.354,0.025
3183.71898,11.329,0.027
3189.64635,11.162,0.029
3189.68041,11.302,0.035
3191.739,10.988,0.035
3192.74293,11.418,0.04
3192.74542,11.38,0.035
3192.74795,11.43,0.037
3192.75051,11.481,0.041
3193.54701,11.349,0.043
3193.54945,11.343,0.041
3193.55195,11.37,0.039
3193.55694,11.327,0.041
3193.55946,11.332,0.029
3193.60432,11.397,0.032
3193.60678,11.415,0.031
3193.60926,11.416,0.026
3193.61175,11.435,0.031
3193.61424,11.419,0.027
3193.61673,11.437,0.027
3193.61923,11.473,0.032
3193.62172,11.423,0.031
3193.62421,11.431,0.026
3193.62749,11.402,0.026
3193.6315,11.462,0.032
3193.63401,11.463,0.032
3193.6388,11.455,0.032
3193.64131,11.483,0.032
3193.64381,11.462,0.027
3193.64631,11.502,0.044
3193.64883,11.423,0.029
3193.65136,11.454,0.032
3193.65614,11.424,0.029
3193.66071,11.458,0.034
3193.66316,11.428,0.032
3193.66571,11.501,0.031
3193.66822,11.446,0.027
3193.67072,11.476,0.031
3193.67322,11.462,0.032
3193.67572,11.457,0.027
3193.67825,11.441,0.027
3193.68085,11.433,0.033
3193.68335,11.741,0.032
3193.68583,11.59,0.032
3193.68836,11.443,0.034
3193.69089,11.531,0.027
3193.69339,11.556,0.032
3193.69594,11.524,0.027
3193.69844,11.54,0.033
3193.70094,11.513,0.032
3193.70343,11.6,0.027
3193.70596,11.506,0.028
3193.71074,11.511,0.029
3193.71323,11.51,0.033
3193.71573,11.539,0.032
3193.71822,11.571,0.033
3193.72072,11.53,0.032
3193.72322,11.523,0.033
3193.72571,11.472,0.028
3193.72821,11.492,0.032
3193.73072,11.512,0.028
3193.73322,11.502,0.032
3193.73572,11.47,0.032
3193.73823,11.515,0.028
3193.74074,11.457,0.032
3193.74329,11.475,0.028
3193.74579,11.435,0.032
3193.74829,11.459,0.033
3193.75082,11.41,0.033
3193.76068,11.279,0.033
3193.76319,11.229,0.033
3193.76572,11.179,0.027
3193.76823,11.099,0.033
3193.77073,11.014,0.028
3193.77324,10.925,0.027
3193.77581,10.87,0.033
3193.77832,10.79,0.032
3193.7831,10.676,0.033
3193.78566,10.642,0.032
3193.78815,10.613,0.028
3193.79067,10.579,0.027
3193.79318,10.544,0.033
3193.79569,10.558,0.033
3193.79818,10.559,0.027
3193.80067,10.565,0.032
3193.80317,10.55,0.029
3193.80568,10.57,0.032
3193.80818,10.602,0.027
3193.8107,10.586,0.033
3193.8132,10.594,0.033
3193.81569,10.624,0.034
3193.8182,10.661,0.027
3193.82069,10.682,0.034
3193.82323,10.744,0.034
3193.82575,10.83,0.033
3193.82826,10.755,0.029
3193.83075,10.755,0.029
3193.83326,10.728,0.036
3193.83576,10.768,0.036
3193.83826,10.774,0.029
3193.84079,10.796,0.042
3193.84335,10.798,0.041
3194.47619,11.432,0.042
3194.4937,11.541,0.038
3194.50367,11.539,0.031
3194.50867,11.436,0.035
3194.51117,11.473,0.033
3194.51367,11.473,0.03
3194.51617,11.486,0.031
3194.51868,11.526,0.032
3194.52118,11.505,0.03
3194.5237,11.516,0.037
3194.5262,11.529,0.036
3194.52871,11.506,0.028
3194.5337,11.509,0.031
3194.5387,11.488,0.034
3194.5412,11.472,0.031
3194.54368,11.552,0.03
3194.5462,11.494,0.027
3194.5487,11.501,0.029
3194.5512,11.515,0.031
3194.55369,11.541,0.03
3194.55621,11.504,0.031
3194.55872,11.55,0.03
3194.56124,11.533,0.03
3194.56374,11.511,0.03
3194.56852,11.509,0.03
3194.57102,11.519,0.03
3194.5758,11.471,0.03
3194.5783,11.535,0.03
3194.5808,11.506,0.03
3194.58333,11.541,0.03
3194.58586,11.396,0.03
3194.58836,11.538,0.03
3194.59314,11.48,0.03
3194.59566,11.447,0.03
3194.59816,11.406,0.03
3194.60068,11.45,0.03
3194.6032,11.397,0.031
3194.6057,11.377,0.031
3194.60819,11.359,0.031
3194.61069,11.302,0.03
3194.61398,11.222,0.03
3194.61797,11.197,0.031
3194.6205,11.134,0.031
3194.62301,11.059,0.031
3194.62551,11,0.03
3194.62801,10.926,0.032
3194.63051,10.879,0.031
3194.63301,10.784,0.031
3194.63551,10.734,0.031
3194.638,10.676,0.031
3194.64052,10.623,0.031
3194.6453,10.578,0.032
3194.6478,10.564,0.031
3194.6503,10.595,0.031
3194.65279,10.555,0.031
3194.65529,10.569,0.031
3194.65779,10.605,0.032
3194.66029,10.595,0.031
3194.66279,10.599,0.032
3194.66529,10.62,0.031
3194.6678,10.622,0.033
3194.6703,10.647,0.032
3194.67279,10.665,0.032
3194.6753,10.672,0.033
3194.6778,10.701,0.031
3194.68029,10.702,0.033
3194.68279,10.713,0.032
3194.68666,10.745,0.038
3194.69965,10.808,0.033
3194.70464,10.868,0.033
3194.70708,10.894,0.032
3194.70958,10.895,0.033
3194.71457,10.938,0.032
3194.71706,10.906,0.033
3194.71958,10.951,0.033
3194.72207,10.964,0.033
3194.72458,10.974,0.033
3194.72708,10.973,0.035
3194.7321,11.041,0.036
3194.7346,11.056,0.038
3194.7371,11.077,0.036
3194.7396,11.045,0.034
3194.7421,11.076,0.034
3194.7446,11.082,0.033
3194.74709,11.093,0.033
3194.74959,11.08,0.032
3194.75209,11.102,0.033
3194.75461,11.102,0.032
3194.76019,11.111,0.033
3194.76418,11.103,0.035
3194.76746,11.156,0.032
3194.77145,11.193,0.032
3194.77623,11.192,0.032
3194.77874,11.203,0.032
3194.78124,11.201,0.033
3194.78374,11.207,0.033
3194.78623,11.233,0.034
3194.78873,11.22,0.033
3194.79123,11.25,0.033
3194.79373,11.238,0.033
3194.79622,11.228,0.034
3194.79875,11.248,0.033
3194.80127,11.235,0.033
3194.80378,11.291,0.033
3194.80631,11.294,0.034
3194.80886,11.258,0.033
3194.81139,11.254,0.033
3194.81389,11.316,0.034
3194.81639,11.323,0.034
3194.81889,11.328,0.034
3194.82144,11.35,0.035
3194.82393,11.318,0.034
3194.82871,11.341,0.035
3194.83349,11.347,0.035
3194.836,11.332,0.037
3195.6471,11.21,0.037
3195.64938,11.22,0.034
3195.65167,11.234,0.034
3195.65395,11.237,0.037
3195.65665,11.291,0.032
3195.66112,11.255,0.033
3195.6634,11.274,0.034
3195.66568,11.391,0.035
3195.66796,11.472,0.035
3195.67024,11.511,0.032
3195.67253,11.319,0.032
3195.67483,11.288,0.034
3195.67711,11.379,0.032
3195.67939,11.361,0.033
3195.68173,11.367,0.03
3195.68411,11.351,0.032
3195.6864,11.368,0.032
3195.68868,11.385,0.032
3195.69107,11.349,0.032
3195.69342,11.393,0.03
3195.6958,11.397,0.031
3195.6982,11.374,0.03
3195.70054,11.359,0.03
3195.7029,11.387,0.03
3195.70521,11.438,0.031
3195.70764,11.418,0.029
3195.71072,11.394,0.029
3195.71307,11.399,0.028
3195.71541,11.465,0.029
3195.71777,11.406,0.029
3195.72012,11.439,0.03
3195.72557,11.429,0.029
3195.72788,11.429,0.029
3195.73018,11.435,0.03
3195.73247,11.43,0.029
3195.73475,11.437,0.029
3195.73704,11.37,0.029
3195.74186,11.456,0.032
3195.74414,11.492,0.03
3195.74958,11.443,0.032
3195.75421,11.477,0.031
3195.76212,11.446,0.037
3195.7644,11.477,0.036
3195.76675,11.473,0.036
3195.78425,11.552,0.039
3195.78656,11.478,0.042
3195.78904,11.587,0.039
3195.79138,11.487,0.039
3195.79374,11.467,0.041
3195.79619,11.49,0.041
3195.79851,11.453,0.042
3195.80087,11.454,0.04
3195.80327,11.511,0.035
3195.80561,11.513,0.037
3195.81035,11.482,0.04
3196.5677,11.447,0.031
3196.56998,11.429,0.028
3196.57232,11.413,0.028
3196.57464,11.4,0.028
3196.57699,11.4,0.029
3196.57932,11.417,0.027
3196.58473,11.418,0.028
3196.58703,11.443,0.028
3196.58935,11.421,0.028
3196.59168,11.427,0.027
3196.59404,11.45,0.027
3196.59638,11.433,0.029
3207.6662,11.342,0.034
3207.66876,11.38,0.038
3207.6713,11.41,0.03
3207.67381,11.434,0.036
3207.67637,11.421,0.033
3207.6789,11.433,0.036
3207.68144,11.44,0.033
3207.68399,11.474,0.034
3207.6865,11.434,0.035
3207.68902,11.447,0.036
3207.69157,11.444,0.034
3207.69411,11.505,0.031
3207.69661,11.48,0.033
3212.4896,11.432,0.032
3212.49203,11.545,0.029
3212.49453,11.563,0.03
3212.49704,11.569,0.029
3212.50209,11.569,0.029
3212.5046,11.568,0.03
3212.50711,11.599,0.03
3212.50964,11.532,0.029
3212.51214,11.547,0.028
3212.51462,11.554,0.028
3212.51714,11.442,0.03
3212.51964,11.521,0.027
3212.52215,11.515,0.03
3212.52465,11.54,0.031
3212.52717,11.529,0.026
3212.5297,11.492,0.029
3212.53223,11.473,0.028
3212.53474,11.466,0.029
3212.53725,11.476,0.029
3212.53979,11.493,0.029
3212.54233,11.386,0.026
3212.54485,11.416,0.029
3212.54963,11.365,0.031
3212.55443,11.311,0.028
3212.55694,11.314,0.031
3212.55947,11.248,0.025
3212.56201,11.215,0.03
3212.56452,11.117,0.03
3212.56703,11.067,0.03
3212.56953,10.997,0.027
3212.57203,10.985,0.027
3212.57454,10.882,0.027
3212.57706,10.805,0.031
3212.58212,10.707,0.032
3212.58462,10.68,0.027
3212.58712,10.654,0.031
3212.58964,10.587,0.028
3212.59214,10.594,0.031
3212.59464,10.55,0.027
3212.59715,10.596,0.031
3212.59964,10.573,0.031
3212.60214,10.568,0.031
3212.60465,10.583,0.032
3212.60715,10.615,0.027
3212.60968,10.623,0.031
3212.61222,10.63,0.026
3212.61471,10.654,0.027
3212.61723,10.693,0.031
3212.61973,10.666,0.03
3212.62223,10.725,0.03
3212.62474,10.708,0.031
3212.62729,10.718,0.026
3212.62983,10.751,0.03
3212.63238,10.775,0.03
3212.63995,10.78,0.03
3212.64248,10.812,0.027
3212.64499,10.863,0.029
3212.64749,10.863,0.029
3212.65006,10.848,0.026
3212.65259,10.9,0.029
3212.6551,10.898,0.027
3212.6576,10.915,0.029
3212.66011,10.951,0.029
3212.66262,10.942,0.029
3212.66515,10.971,0.027
3212.66768,10.968,0.026
3212.67019,11.023,0.029
3212.67268,10.986,0.026
3212.67518,10.99,0.029
3212.67769,10.999,0.028
3212.68022,11.016,0.029
3212.68273,11.04,0.026
3212.68526,11.056,0.03
3212.68779,11.03,0.029
3212.69032,11.057,0.026
3212.69282,11.091,0.027
3212.69537,11.118,0.029
3212.69789,11.132,0.03
3212.7004,11.163,0.029
3212.70292,11.125,0.026
3212.70546,11.153,0.029
3212.70797,11.15,0.028
3212.71046,11.146,0.027
3212.71296,11.187,0.029
3212.71546,11.146,0.027
3212.71796,11.175,0.029
3212.72049,11.188,0.029
3212.72304,11.207,0.026
3212.72811,11.226,0.029
3212.73065,11.25,0.029
3212.73323,11.255,0.027
3212.73573,11.274,0.027
3212.73828,11.262,0.028
3212.74081,11.275,0.029
3212.74335,11.303,0.027
3212.74584,11.306,0.027
3212.74835,11.269,0.029
3212.75088,11.28,0.026
3212.75599,11.308,0.029
3212.75856,11.336,0.029
3212.76107,11.311,0.03
3212.7636,11.35,0.029
3212.76618,11.358,0.029
3212.76875,11.339,0.032
3212.77132,11.334,0.029
3266.53878,11.162,0.03
3273.59461,11.507,0.031
3273.59809,11.578,0.034
3279.51439,11.469,0.036
3279.51782,11.51,0.035
3298.51701,10.801,0.025
3299.51176,11.373,0.034
3408.88034,11.287,0.033
3411.88501,11.35,0.04
3415.88365,11.427,0.046
3417.87266,11.337,0.032
3425.85109,10.911,0.034
3436.89508,10.843,0.03
3439.87863,10.937,0.043
3443.86029,11.236,0.029
3443.88543,11.267,0.036
3446.87052,11.211,0.028
3453.80594,11.387,0.034
3455.82842,11.188,0.031
3456.85896,11.424,0.036
3457.87505,10.83,0.036
3463.7993,11.038,0.03
3463.82451,10.861,0.036
3466.82537,10.812,0.029
3466.84489,10.81,0.038
3469.81696,10.808,0.031
3469.84767,10.844,0.037
3473.79462,11.26,0.032
3477.85785,11.411,0.035
3478.84288,10.947,0.038
3480.77941,11.472,0.041
3481.7801,10.876,0.033
3483.8233,11.484,0.034
3490.8467,11.118,0.037
3491.85589,11.408,0.031
3492.85354,11.089,0.035
3496.81253,11.039,0.032
3499.75092,10.822,0.032
3504.79665,11.286,0.037
3508.83968,11.284,0.026
3508.84198,11.245,0.03
3511.70903,10.79,0.026
3511.73096,10.855,0.032
3516.75244,11.401,0.035
3517.78021,11.142,0.035
3522.72964,11.403,0.035
3523.76489,11.158,0.041
3524.75918,11.432,0.044
3525.82748,10.843,0.039
3526.78045,11.216,0.036
3530.68429,11.382,0.04
3537.76415,10.746,0.032
3537.76665,10.731,0.039
3544.70301,11.148,0.039
3547.74523,11.291,0.035
3547.75557,11.308,0.043
3551.7326,11.453,0.044
3551.74748,11.449,0.047
3554.71177,11.413,0.028
3556.62334,10.911,0.034
3556.77341,11.355,0.028
3559.70586,11.276,0.042
3562.57426,10.746,0.03
3563.66471,11.424,0.042
3564.6117,11.464,0.026
3571.59978,11.057,0.03
3572.79997,10.726,0.037
3573.78494,11.163,0.034
3574.79188,11.423,0.035
3576.55665,11.464,0.03
3576.78925,11.236,0.036
3577.80096,11.493,0.039
3577.81858,11.451,0.046
3578.5858,11.425,0.029
3578.73792,11.294,0.036
3578.74038,11.31,0.035
3578.7445,11.205,0.043
3578.75197,11.1,0.045
3578.75447,11.095,0.04
3578.75696,11.022,0.049
3578.75947,10.962,0.045
3578.76454,10.851,0.037
3578.76716,10.816,0.042
3578.76978,10.817,0.035
3579.46871,11.515,0.039
3579.47124,11.421,0.038
3579.47385,11.452,0.039
3579.47635,11.49,0.038
3579.47882,11.427,0.035
3579.48141,11.484,0.037
3579.48413,11.435,0.039
3579.48671,11.417,0.037
3579.48936,11.467,0.036
3579.49203,11.458,0.036
3579.4946,11.469,0.036
3579.49724,11.473,0.04
3579.49984,11.466,0.037
3579.50247,11.492,0.037
3579.50505,11.499,0.037
3579.5077,11.419,0.037
3579.51034,11.457,0.035
3579.51293,11.452,0.038
3579.51556,11.454,0.037
3579.51811,11.487,0.035
3579.52071,11.464,0.037
3579.52608,11.477,0.035
3579.52867,11.508,0.037
3579.53142,11.461,0.04
3579.53476,11.481,0.036
3579.53739,11.527,0.039
3579.53998,11.448,0.037
3579.54261,11.487,0.036
3579.5461,11.46,0.036
3579.54876,11.501,0.035
3579.55227,11.493,0.035
3579.55491,11.516,0.035
3579.55757,11.506,0.037
3579.56021,11.494,0.038
3579.56283,11.488,0.036
3579.56546,11.478,0.039
3579.56806,11.471,0.036
3579.57061,11.514,0.035
3579.57328,11.43,0.035
3579.57673,11.389,0.04
3579.57948,11.412,0.038
3579.58211,11.365,0.036
3579.58645,11.356,0.037
3579.5899,11.369,0.036
3579.59255,11.29,0.039
3579.59534,11.284,0.036
3579.59797,11.273,0.035
3579.60137,11.161,0.036
3579.60403,11.166,0.038
3579.60664,11.142,0.036
3579.60939,11.075,0.037
3579.61199,11.054,0.036
3579.61466,10.991,0.038
3579.61733,10.945,0.036
3579.6199,10.921,0.036
3579.62255,10.852,0.037
3579.62507,10.796,0.043
3579.62787,10.726,0.042
3579.63054,10.726,0.038
3579.63315,10.665,0.041
3579.63577,10.686,0.041
3579.63838,10.687,0.037
3579.64188,10.645,0.038
3579.64452,10.628,0.044
3579.64717,10.662,0.044
3579.64993,10.675,0.042
3579.65254,10.678,0.042
3579.65517,10.699,0.037
3579.65787,10.683,0.042
3579.66044,10.724,0.039
3579.66312,10.692,0.041
3579.66571,10.714,0.037
3579.66833,10.752,0.04
3579.67087,10.742,0.043
3579.6742,10.753,0.04
3579.67683,10.812,0.041
3579.67951,10.817,0.037
3579.68222,10.823,0.039
3579.68467,10.812,0.039
3579.68732,10.832,0.043
3579.68988,10.858,0.044
3579.69265,10.909,0.045
3579.69533,10.892,0.046
3579.69816,10.909,0.043
3579.70079,10.957,0.038
3579.70355,10.943,0.038
3579.70623,10.953,0.041
3579.70879,10.997,0.041
3579.71673,11.038,0.039
3579.7194,11.057,0.039
3579.72209,11.036,0.044
3579.72467,11.056,0.042
3579.72733,11.066,0.037
3579.72991,11.082,0.039
3579.73253,11.106,0.038
3579.73521,11.073,0.037
3579.73786,11.112,0.037
3579.7405,11.15,0.037
3579.7431,11.123,0.037
3579.74563,11.13,0.04
3579.74827,11.163,0.038
3579.75097,11.182,0.037
3579.75373,11.19,0.039
3579.75712,11.143,0.042
3579.75975,11.158,0.038
3579.76242,11.175,0.037
3579.76512,11.214,0.038
3579.76859,11.214,0.038
3579.77134,11.189,0.042
3579.77394,11.25,0.036
3579.77664,11.249,0.037
3579.78002,11.224,0.037
3579.78255,11.249,0.037
3579.78529,11.235,0.039
3579.78798,11.292,0.038
3579.79167,11.287,0.036
3579.80185,11.3,0.039
3579.80449,11.236,0.037
3579.80711,11.299,0.038
3579.8098,11.452,0.043
3579.81236,11.324,0.043
3580.68311,11.404,0.043
3580.68636,11.327,0.043
3580.68874,11.338,0.046
3580.69124,11.346,0.047
3580.69383,11.34,0.047
3580.69641,11.359,0.047
3580.69886,11.378,0.044
3580.70154,11.388,0.046
3580.70408,11.418,0.043
3580.70695,11.434,0.046
3580.70967,11.394,0.043
3580.71239,11.421,0.04
3580.7151,11.606,0.043
3580.71777,11.523,0.043
3580.7204,11.413,0.04
3580.72309,11.453,0.045
3580.72587,11.412,0.039
3580.72849,11.422,0.041
3580.73094,11.392,0.04
3580.73379,11.394,0.039
3580.7365,11.457,0.039
3580.73995,11.479,0.037
3580.74262,11.451,0.037
3580.74533,11.436,0.038
3580.74804,11.429,0.038
3580.75065,11.459,0.039
3580.75313,11.456,0.039
3580.75574,11.456,0.037
3580.75838,11.401,0.037
3580.761,11.418,0.038
3580.76357,11.394,0.037
3580.76614,11.441,0.039
3580.76876,11.461,0.04
3580.77147,11.444,0.038
3580.77424,11.438,0.038
3580.77672,11.408,0.039
3580.78013,11.438,0.038
3580.78272,11.445,0.038
3580.7881,11.404,0.037
3580.79056,11.472,0.038
3580.79321,11.429,0.041
3580.79574,11.44,0.042
3580.79837,11.44,0.04
3580.80083,11.47,0.037
3580.80345,11.504,0.038
3581.46839,11.16,0.039
3581.47093,11.201,0.039
3581.47434,11.217,0.037
3581.47681,11.247,0.036
3581.47944,11.253,0.036
3581.48196,11.24,0.038
3581.48447,11.282,0.038
3581.487,11.272,0.036
3581.48945,11.28,0.037
3581.49199,11.273,0.038
3581.49451,11.29,0.037
3581.49694,11.252,0.036
3581.49939,11.282,0.038
3581.50268,11.312,0.036
3581.50773,11.304,0.039
3581.51043,11.276,0.038
3581.51297,11.258,0.039
3581.51562,11.322,0.037
3581.51815,11.34,0.038
3581.52061,11.338,0.037
3581.52322,11.339,0.037
3581.52571,11.321,0.036
3581.52843,11.348,0.039
3581.53103,11.351,0.037
3581.53357,11.403,0.038
3581.53618,11.388,0.038
3581.54125,11.402,0.036
3581.54379,11.392,0.035
3581.54704,11.382,0.035
3581.54962,11.358,0.038
3581.55464,11.421,0.038
3581.55716,11.393,0.036
3581.55967,11.371,0.038
3581.56234,11.399,0.038
3581.56493,11.419,0.038
3581.56743,11.402,0.037
3581.56989,11.402,0.039
3581.57246,11.402,0.039
3581.57505,11.389,0.037
3581.57778,11.39,0.036
3581.58041,11.408,0.042
3581.58298,11.386,0.039
3581.58542,11.455,0.039
3581.59048,11.414,0.036
3581.59295,11.519,0.037
3581.59802,11.382,0.04
3581.60048,11.392,0.038
3581.60301,11.476,0.037
3581.60574,11.422,0.037
3581.60828,11.425,0.042
3581.61075,11.372,0.041
3581.61332,11.435,0.037
3581.61578,11.436,0.04
3581.6184,11.387,0.044
3581.62085,11.44,0.038
3581.62336,11.442,0.04
3581.62587,11.403,0.042
3581.62838,11.447,0.039
3581.63094,11.452,0.038
3581.63344,11.424,0.037
3581.63609,11.439,0.038
3581.63873,11.453,0.036
3581.64133,11.413,0.038
3581.64381,11.42,0.038
3581.64639,11.422,0.036
3581.64884,11.478,0.036
3581.65136,11.443,0.038
3581.65386,11.475,0.039
3581.65642,11.494,0.038
3581.65886,11.463,0.041
3581.66145,11.488,0.035
3581.66399,11.512,0.037
3581.66654,11.513,0.038
3581.669,11.578,0.037
3581.67162,11.973,0.039
3581.67407,11.488,0.039
3581.67653,11.487,0.041
3581.67904,11.495,0.037
3581.68165,11.498,0.04
3581.68418,11.455,0.04
3581.68674,11.442,0.038
3581.68928,11.499,0.04
3581.69185,11.463,0.04
3581.6944,11.465,0.037
3581.6969,11.501,0.039
3581.69934,11.458,0.043
3581.70275,11.488,0.041
3581.70518,11.488,0.038
3581.70781,11.422,0.04
3581.71027,11.466,0.043
3581.71375,11.436,0.039
3581.71623,11.413,0.038
3581.71871,11.401,0.043
3581.72125,11.354,0.036
3581.72369,11.336,0.037
3581.727,11.381,0.039
3581.7296,11.555,0.038
3581.73459,11.23,0.036
3581.73722,11.231,0.036
3581.73977,11.201,0.035
3581.74246,11.136,0.035
3581.74503,11.128,0.036
3581.74748,11.086,0.034
3581.74997,10.993,0.033
3581.75266,10.992,0.034
3581.75521,10.914,0.035
3581.7585,10.878,0.035
3581.761,10.824,0.034
3581.7635,10.802,0.034
3581.76604,10.754,0.034
3581.7693,10.716,0.035
3581.77173,10.68,0.036
3581.77423,10.674,0.036
3581.77667,10.686,0.037
3581.77918,10.674,0.035
3581.78171,10.66,0.034
3581.78428,10.693,0.035
3581.78676,10.691,0.035
3581.78921,10.684,0.036
3581.79176,10.692,0.035
3581.79429,10.708,0.036
3581.79695,10.703,0.035
3581.79947,10.759,0.034
3581.80454,10.868,0.049
3581.80705,10.763,0.045
3582.46917,11.442,0.038
3582.4717,11.414,0.037
3582.47428,11.39,0.037
3582.47678,11.399,0.037
3582.4793,11.409,0.037
3582.48178,11.46,0.036
3582.48426,11.452,0.035
3582.4868,11.494,0.038
3582.49179,11.407,0.037
3582.49428,11.458,0.038
3582.49675,11.402,0.037
3582.50081,11.471,0.036
3582.50319,11.495,0.036
3582.50569,11.431,0.038
3582.50816,11.448,0.037
3582.51063,11.494,0.038
3582.51311,11.45,0.038
3582.51564,11.507,0.037
3582.51813,11.51,0.038
3582.52064,11.503,0.037
3582.52563,11.458,0.037
3582.5281,11.453,0.042
3582.53137,11.468,0.043
3582.53383,11.507,0.04
3582.53632,11.495,0.037
3582.53882,11.44,0.042
3582.54131,11.462,0.041
3582.54382,11.427,0.037
3582.54712,11.443,0.038
3582.54949,11.431,0.035
3582.552,11.403,0.038
3582.55453,11.428,0.038
3582.55702,11.443,0.037
3582.5595,11.453,0.037
3582.56276,11.426,0.036
3582.56524,11.393,0.037
3582.56772,11.412,0.036
3582.57021,11.405,0.038
3582.57266,11.349,0.036
3582.57517,11.366,0.036
3582.57766,11.33,0.039
3582.5802,11.302,0.039
3582.5827,11.254,0.04
3582.58601,11.263,0.037
3582.58839,11.196,0.035
3582.59087,11.2,0.036
3582.5933,11.147,0.034
3582.59659,11.107,0.037
3582.59896,11.068,0.037
3582.60148,11.042,0.035
3582.60643,10.985,0.037
3582.60893,10.959,0.037
3582.61145,10.889,0.035
3582.6147,10.847,0.04
3582.618,10.796,0.039
3582.62052,10.752,0.042
3582.623,10.774,0.039
3582.62548,10.718,0.042
3582.628,10.635,0.038
3582.63128,10.671,0.036
3582.63375,10.661,0.037
3582.63622,10.595,0.046
3582.63874,10.629,0.044
3582.64205,10.653,0.041
3582.64443,10.679,0.043
3582.64695,10.671,0.043
3582.64943,10.712,0.044
3582.65195,10.676,0.044
3582.65445,10.673,0.041
3582.65772,10.718,0.037
3582.6602,10.724,0.048
3582.66349,10.741,0.042
3582.66599,10.757,0.046
3582.67103,10.783,0.041
3582.67354,10.792,0.042
3582.67607,10.835,0.04
3582.67857,10.841,0.042
3582.68099,10.859,0.045
3582.68351,10.867,0.045
3582.68601,10.899,0.046
3582.68851,10.878,0.045
3582.69097,10.949,0.047
3582.69344,10.929,0.042
3582.69594,10.938,0.043
3582.69843,10.993,0.045
3582.70096,10.934,0.047
3582.70347,11.096,0.043
3582.71671,11.043,0.048
3582.71999,11.038,0.047
3582.72238,11.044,0.048
3582.72488,11.122,0.047
3582.72738,11.061,0.043
3582.72985,11.119,0.044
3582.73237,11.073,0.041
3582.73483,11.155,0.037
3582.73733,11.183,0.038
3582.73982,11.11,0.043
3582.74232,11.192,0.037
3582.7448,11.16,0.038
3582.74731,11.133,0.039
3582.75058,11.2,0.038
3582.75306,11.186,0.039
3582.75554,11.182,0.041
3582.75806,11.169,0.038
3582.76052,11.231,0.038
3582.76301,11.188,0.041
3582.76551,11.276,0.04
3582.76877,11.221,0.038
3582.77125,11.216,0.038
3583.64222,11.255,0.032
3583.64535,11.284,0.045
3585.70444,11.028,0.032
3585.70755,11.083,0.045
3587.71294,11.322,0.03
3587.71938,11.172,0.035
3590.55385,11.398,0.03
3590.57353,11.42,0.038
3592.57806,11.212,0.037
3596.5057,11.373,0.044
3596.50823,11.325,0.043
3596.51326,11.367,0.039
3596.51574,11.411,0.037
3596.51822,11.467,0.041
3596.52077,11.426,0.036
3596.52328,11.41,0.041
3596.52576,11.452,0.04
3596.53411,11.407,0.044
3596.56843,11.436,0.041
3596.61784,11.506,0.04
3596.64658,11.465,0.035
3596.67578,11.408,0.038
3596.70664,11.032,0.039
3596.73848,10.641,0.035
3597.49596,11.46,0.046
3597.55531,11.1,0.039
3597.6187,10.76,0.039
3599.63373,11.532,0.029
3599.63721,11.478,0.034
3601.68951,11.452,0.038
3601.69268,11.46,0.039
3603.69114,11.182,0.03
3603.69529,11.209,0.035
3607.51557,11.133,0.035
3607.52986,11.161,0.037
3616.62822,11.48,0.036
3616.63155,11.417,0.039
3619.54676,11.327,0.036
3619.5502,11.397,0.038
3621.59852,11.06,0.038
3621.6018,11.048,0.043
3624.51724,10.662,0.046
3624.51965,10.676,0.038
3624.52217,10.706,0.038
3624.52472,10.703,0.033
3624.52721,10.732,0.036
3624.52973,10.756,0.035
3624.53306,10.738,0.034
3624.53543,10.787,0.032
3624.53793,10.763,0.034
3624.54041,10.801,0.032
3624.5429,10.81,0.033
3624.54541,10.816,0.031
3624.55095,10.856,0.031
3624.55628,10.887,0.03
3624.56184,10.931,0.03
3624.56725,10.954,0.032
3624.58188,11.002,0.031
3624.59728,11.083,0.036
3624.62708,11.202,0.031
3624.65349,11.291,0.032
3628.52468,11.312,0.032
3629.6105,10.909,0.032
3630.59172,11.103,0.038
3631.60811,11.518,0.034
3632.59758,11.003,0.037
3634.55673,11.418,0.037
3634.62971,11.405,0.039
3637.59344,11.521,0.031
3639.50335,10.824,0.034
3641.54391,11.394,0.03
3642.5199,10.95,0.036
3643.58447,11.515,0.03
3647.53952,11.229,0.027
3648.54674,11.144,0.037
3654.499,10.975,0.043
3656.5466,10.586,0.032
3656.54999,10.551,0.038
3659.52273,10.729,0.031
3659.52594,10.672,0.035
3661.54159,11.545,0.039
3662.50774,10.884,0.038
3663.54561,11.354,0.037
3664.5357,11.467,0.035
3669.49761,11.223,0.031
3670.50541,11.466,0.034
3672.50153,11.235,0.029
3673.51261,11.495,0.036
3675.50064,11.327,0.032
3676.50982,11.436,0.04
3774.88454,10.729,0.035
3786.81351,11.375,0.045
3786.81764,11.329,0.042
3786.82002,11.399,0.042
3786.82333,11.277,0.045
3786.82574,11.185,0.044
3786.82828,11.141,0.043
3786.83079,11.124,0.043
3786.83328,11.407,0.042
3786.83581,11.252,0.043
3786.83829,10.953,0.042
3786.84084,10.97,0.045
3786.84415,10.852,0.043
3786.84671,10.83,0.041
3786.85013,10.793,0.046
3786.85251,10.729,0.039
3786.8551,10.685,0.04
3786.8576,10.692,0.04
3786.86012,10.684,0.043
3786.86262,10.668,0.043
3786.86596,10.709,0.043
3786.86835,10.703,0.039
3786.87089,10.715,0.042
3786.87591,10.662,0.04
3786.87848,10.703,0.038
3786.881,10.711,0.039
3786.88599,10.75,0.04
3786.8885,10.757,0.043
3786.89348,10.787,0.041
3786.89595,10.772,0.041
3787.80163,11.003,0.043
3787.80412,11.132,0.041
3787.80659,11.114,0.044
3787.80919,11.094,0.044
3787.81173,11.088,0.042
3787.81422,11.138,0.046
3787.81752,11.095,0.041
3787.82011,11.084,0.043
3787.82259,11.132,0.043
3791.85949,11.468,0.04
3791.86758,11.387,0.041
3795.85664,10.725,0.032
3795.88295,10.886,0.038
3799.85131,11.345,0.042
3799.87928,11.332,0.041
3803.85712,11.523,0.037
3803.87765,11.551,0.045
3806.86676,11.421,0.033
3806.88784,11.416,0.043
3810.87733,11.144,0.045
3813.87699,11.129,0.039
3814.83987,11.457,0.046
3818.82422,11.48,0.041
3819.7212,11.193,0.04
3819.7518,10.832,0.04
3819.78076,10.762,0.04
3819.80935,10.873,0.049
3819.8389,11.071,0.039
3819.86655,11.15,0.04
3819.89705,11.269,0.041
3820.71617,11.121,0.039
3820.74876,11.262,0.04
3820.77895,11.362,0.039
3820.80927,11.361,0.039
3820.83911,11.463,0.039
3820.86591,11.467,0.039
3820.89362,11.468,0.042
3821.85416,11.286,0.037
3822.86687,11.155,0.039
3824.84515,11.261,0.034
3825.8725,11.244,0.041
3828.86043,11.218,0.039
3832.81506,11.397,0.041
3833.80733,11.301,0.037
3835.82798,11.375,0.04
3836.81463,11.259,0.035
3848.85389,10.858,0.047
3851.77454,11.155,0.031
3851.80125,10.996,0.044
3856.75702,11.455,0.043
3856.83908,11.426,0.039
3859.77775,11.458,0.043
3861.80233,11.338,0.042
3863.78301,10.735,0.031
3863.8318,10.955,0.046
3865.76783,11.419,0.031
3865.78574,11.418,0.045
3867.7701,11.351,0.036
3867.78728,11.29,0.039
3872.77632,10.81,0.036
3872.80249,10.955,0.043
3881.74742,10.765,0.031
3882.71684,11.269,0.039
3886.75181,11.436,0.033
3886.79333,11.322,0.041
3891.6723,11.194,0.038
3892.71977,11.473,0.03
3893.72018,10.835,0.031
3894.71412,11.337,0.028
3896.73301,10.921,0.035
3900.72924,11.367,0.043
3901.72196,11.427,0.034
3902.7361,11.046,0.035
3903.73189,11.425,0.035
3905.72378,10.985,0.041
3906.77005,11.447,0.042
3907.73939,11.281,0.039
3908.83606,11.361,0.041
3909.8513,11.41,0.033
3912.7497,11.485,0.037
3913.80729,10.823,0.033
4152.89398,11.429,0.032
4156.88741,10.974,0.044
4160.8789,11.211,0.037
4164.86875,11.468,0.043
4168.88237,10.664,0.036
4174.86538,10.616,0.032
4177.89181,10.849,0.039
4181.85503,11.326,0.047
4185.84099,11.494,0.035
4189.83155,10.721,0.029
4196.84772,11.494,0.044
4202.86084,11.463,0.036
4205.82098,11.398,0.035
4213.86781,11.264,0.033
4216.86141,11.265,0.032
4230.81313,10.771,0.028
4234.86191,11.377,0.031
4245.72677,11.25,0.048
4247.71102,11.414,0.028
4255.72863,11.204,0.034
4255.76275,11.272,0.036
4258.65725,10.948,0.027
4258.68623,11.132,0.03
4269.7592,10.974,0.032
4273.66851,11.185,0.031
4278.67015,10.806,0.029
4282.68859,11.302,0.041
4284.69215,10.825,0.032
4286.68534,11.415,0.046
4290.68466,10.888,0.029
4292.64502,11.415,0.03
4296.64346,10.815,0.037
4298.64885,11.416,0.035
4302.67075,10.973,0.031
4304.61289,11.424,0.028
4310.60412,11.426,0.031
4312.60116,11.3,0.038
4315.60368,11.348,0.029
4316.67959,11.012,0.028
4317.6607,11.128,0.031
4329.64717,11.226,0.03
4329.65032,11.239,0.031
4331.58097,11.392,0.034
4338.52289,10.803,0.031
4340.57829,11.251,0.034
4342.58295,11.382,0.037
4344.52399,10.883,0.031
4344.57995,11.086,0.036
4346.58241,11.125,0.035
4348.58406,11.428,0.033
4350.55202,11.088,0.032
4350.57922,11.231,0.04
4352.59146,10.871,0.031
4357.5905,11.48,0.032
4359.55541,11.193,0.033
4364.49228,11.408,0.026
4365.50943,11.097,0.028
4367.5899,10.844,0.031
4372.53254,11.502,0.036
4373.5093,11.136,0.037
4376.53805,10.808,0.032
4378.55782,11.488,0.035
4379.57817,10.902,0.032
4380.58508,11.412,0.035
4383.54402,11.298,0.028
4385.51467,10.753,0.029
4386.52583,11.286,0.028
4392.50247,11.307,0.031
4392.50561,11.25,0.032
4402.49845,11.376,0.037
4408.50929,11.356,0.031
4507.8859,11.298,0.041
4518.86943,10.835,0.037
4523.86572,11.475,0.036
4529.86078,11.508,0.031
4533.8703,11.068,0.028
4533.88429,11.142,0.035
4537.84876,11.413,0.031
4540.87358,11.484,0.039
4547.87608,10.574,0.037
4551.84238,11.243,0.037
4557.83069,11.254,0.032
4560.85425,11.318,0.03
4563.84755,11.351,0.03
4566.83495,11.309,0.031
4569.82395,11.329,0.03
4572.79499,11.326,0.032
4574.81398,10.698,0.032
4576.85057,11.529,0.036
4583.85437,11.087,0.03
4586.82104,10.928,0.031
4586.86848,11.197,0.032
4589.80413,10.954,0.031
4592.781,10.866,0.031
4594.84254,10.949,0.028
4595.7611,10.819,0.03
4597.85336,10.641,0.028
4602.75881,11.308,0.035
4610.78407,11.186,0.034
4612.79055,10.852,0.046
4616.7936,11.266,0.033
4622.74009,11.159,0.033
4624.83515,10.96,0.032
4626.6346,11.32,0.03
4627.72134,11.273,0.032
4629.70767,11.425,0.031
4631.70814,11.12,0.031
4638.79261,11.446,0.035
4640.76416,11.376,0.032
4642.75077,10.778,0.032
4644.77162,11.502,0.037
4649.62769,11.007,0.039
4651.66593,10.933,0.04
4653.67075,11.434,0.029
4655.65796,11.217,0.032
4657.69431,10.714,0.038
4665.63307,11.421,0.033
4667.65624,11.29,0.036
4672.7378,11.187,0.03
4675.74815,11.228,0.034
4681.66767,11.026,0.035
4683.66771,11.398,0.035
4685.65046,11.418,0.035
4693.55184,10.933,0.038
4697.55235,11.253,0.03
4701.56235,11.459,0.03
4705.60058,11.029,0.035
4707.68637,10.773,0.04
4710.5713,11.394,0.045
4715.54188,11.353,0.04
4720.58369,11.159,0.035
4722.6218,10.752,0.037
4725.634,10.901,0.048
4728.59332,10.835,0.037
4730.63297,11.419,0.043
4734.55603,10.906,0.042
4738.55612,11.215,0.037
4741.53766,11.264,0.038
4747.52185,11.21,0.045
4750.55777,11.297,0.043
4753.54994,11.317,0.036
4756.52606,11.24,0.038
4759.51795,11.311,0.042
4762.51661,11.288,0.038
4765.51136,11.274,0.037
4768.50744,11.326,0.042
4774.50228,11.284,0.042
4884.8693,11.475,0.039
4892.85922,11.273,0.048
4905.84564,11.481,0.048
4916.85834,11.416,0.046
4920.83652,11.335,0.049
4927.87858,11.261,0.045
4938.88069,10.829,0.049
4947.7952,10.722,0.044
4950.7842,10.677,0.049
4952.84801,11.502,0.045
4954.83452,11.401,0.046
5006.72597,11.402,0.046
5012.71655,11.272,0.048
5014.6696,11.375,0.043
5022.65946,11.027,0.046
5024.66641,11.358,0.046
5031.63349,10.99,0.04
5049.68648,11.373,0.048
5066.55144,11.275,0.047
5083.62809,11.4,0.046
5087.64586,11.232,0.042
5092.62828,10.989,0.041
5105.58776,11.187,0.047
5122.52921,11.104,0.048
