1949.88887,11.835,0.059
1953.88266,11.956,0.045
1954.89463,11.998,0.048
1962.8727,11.884,0.049
1981.8314,11.919,0.058
2117.5639,11.97,0.028
2169.51521,11.93,0.056
2173.48184,11.936,0.041
2177.49717,12.159,0.042
2180.51715,11.884,0.043
2185.51417,12.612,0.046
2191.48589,11.885,0.052
2443.65235,12.149,0.038
2445.64731,11.986,0.033
2452.62767,11.986,0.049
2470.55049,12.115,0.045
2473.56849,11.895,0.044
2508.6259,11.985,0.053
2510.60884,11.991,0.041
2520.55303,12.659,0.035
2521.56244,11.976,0.032
2524.55563,11.948,0.044
2535.52386,11.935,0.041
2539.52959,12.161,0.059
2544.55671,11.965,0.034
2546.52985,11.961,0.033
2548.5211,11.971,0.031
2684.8874,11.872,0.033
2685.89234,11.988,0.033
2688.88765,11.901,0.049
2690.88837,11.896,0.039
2700.87848,11.831,0.034
2704.8601,11.893,0.027
2707.86768,11.934,0.038
2710.85696,12.222,0.038
2713.84468,11.993,0.032
2717.86894,11.946,0.031
2720.83954,12.001,0.031
2725.85761,11.931,0.03
2726.86504,12.087,0.036
2728.87167,11.994,0.031
2729.84568,11.916,0.028
2736.82363,11.879,0.049
2738.82734,11.922,0.033
2740.83808,11.917,0.035
2742.81113,11.944,0.035
2750.85478,11.895,0.047
2751.76525,11.902,0.038
2752.79585,12.04,0.03
2755.77558,11.929,0.029
2757.7885,11.888,0.032
2759.83319,12.013,0.031
2761.78639,12.584,0.029
2768.82546,11.996,0.032
2770.80794,11.899,0.056
2775.80899,11.883,0.035
2784.72696,11.849,0.03
2786.68995,11.915,0.028
2787.85229,11.896,0.035
2791.67416,11.842,0.035
2805.82208,11.943,0.035
2809.73156,11.875,0.028
2811.68084,12.168,0.029
2812.82553,11.886,0.031
2816.81275,11.891,0.035
2820.59709,11.895,0.031
2826.65143,11.927,0.041
2830.6006,12.423,0.033
2832.6325,11.863,0.035
2833.74335,11.912,0.034
2838.61374,11.915,0.033
2840.67577,11.854,0.033
2845.66785,12.59,0.033
2851.61233,11.875,0.036
2860.55764,11.929,0.032
2862.54594,12.008,0.034
2866.5465,11.938,0.032
2868.57477,11.835,0.032
2872.57443,11.92,0.029
2875.60797,11.839,0.029
2877.59866,11.928,0.029
2879.5993,12.414,0.028
2884.58538,11.894,0.031
2892.54624,11.853,0.033
2894.54283,11.91,0.037
2896.56612,12.406,0.033
2898.55668,11.885,0.034
2900.54867,11.873,0.035
2904.53826,11.954,0.043
2906.53659,11.899,0.034
2909.53537,11.962,0.038
2911.51674,11.884,0.033
2915.51704,12.123,0.033
2923.50174,11.89,0.032
2926.50964,11.911,0.044
2929.4995,12.488,0.029
2933.49624,11.928,0.032
3063.897,11.999,0.04
3068.89864,11.893,0.048
3072.89015,11.927,0.037
3076.88234,11.897,0.037
3079.89585,11.956,0.048
3091.8486,11.884,0.047
3096.89553,11.922,0.031
3099.84692,11.893,0.049
3102.86271,12.249,0.047
3105.88359,11.988,0.034
3108.82856,11.921,0.054
3111.81495,11.926,0.032
3114.80572,11.969,0.053
3116.87117,11.948,0.032
3122.80204,11.941,0.031
3124.85614,11.9,0.031
3131.76724,12.305,0.055
3141.83809,11.867,0.045
3144.86107,11.894,0.035
3153.74738,12.145,0.03
3156.70665,11.856,0.051
3160.73559,12.021,0.041
3163.74412,11.903,0.033
3165.76751,11.923,0.035
3168.78314,11.901,0.03
3171.72943,12.345,0.033
3175.72505,11.865,0.033
3180.73524,11.901,0.03
3183.72421,11.877,0.033
3185.68387,11.921,0.033
3190.71499,11.884,0.045
3273.56711,11.9,0.044
3279.5008,11.911,0.042
3282.53863,11.821,0.043
3294.50617,11.981,0.038
3416.89073,11.873,0.034
3427.87329,11.972,0.034
3431.87765,11.881,0.032
3434.88616,11.883,0.039
3447.88045,11.967,0.041
3450.88475,11.886,0.026
3453.84849,11.989,0.027
3456.87489,11.845,0.033
3459.83921,11.779,0.043
3462.85512,12.503,0.031
3465.84523,11.92,0.03
3468.85296,11.89,0.033
3471.85362,11.956,0.037
3474.83252,11.891,0.037
3477.81604,11.904,0.033
3480.80829,12.449,0.033
3489.79616,11.893,0.034
3491.81739,11.92,0.034
3501.73445,11.897,0.037
3503.79353,11.904,0.032
3509.79205,11.891,0.036
3512.69181,11.94,0.032
3516.7318,11.816,0.044
3520.71079,11.926,0.04
3522.73837,11.937,0.036
3524.77013,11.895,0.046
3537.75065,12.009,0.04
3543.6861,11.96,0.051
3550.7026,11.864,0.036
3552.74367,12.007,0.048
3553.59828,11.983,0.04
3553.60066,11.898,0.03
3553.60633,11.94,0.03
3553.60888,11.903,0.029
3553.61227,11.925,0.029
3553.61465,11.917,0.032
3553.61808,11.851,0.03
3553.62045,11.886,0.036
3553.62798,11.884,0.029
3553.6305,11.896,0.032
3553.63301,11.921,0.036
3553.6401,11.92,0.04
3553.64603,11.845,0.032
3553.65188,11.923,0.049
3553.65968,11.949,0.033
3553.67605,11.946,0.033
3553.69146,11.897,0.032
3553.72176,11.934,0.031
3553.77036,11.936,0.032
3553.80366,11.969,0.031
3555.73808,11.931,0.045
3559.60632,11.932,0.034
3563.6281,11.975,0.035
3570.61477,11.896,0.038
3573.6632,11.953,0.038
3575.68105,11.892,0.035
3577.70083,11.961,0.047
3583.61932,11.976,0.045
3585.67889,11.952,0.049
3587.67906,11.929,0.038
3590.54539,11.935,0.036
3592.55365,11.911,0.038
3599.63931,11.915,0.035
3602.50695,11.875,0.039
3604.54009,11.85,0.049
3608.51882,11.933,0.036
3616.56962,11.964,0.036
3619.52656,11.926,0.051
3621.56868,11.849,0.047
3626.54499,11.907,0.035
3630.53204,12.132,0.037
3632.53679,12.235,0.042
3635.51638,11.87,0.049
3639.5191,12.015,0.036
3642.52731,11.972,0.038
3649.49723,12.217,0.037
3652.50392,11.906,0.044
3656.50537,11.916,0.038
3659.50248,11.827,0.036
3662.49305,11.851,0.037
3790.88292,11.945,0.035
3794.89217,11.918,0.032
3798.87793,11.905,0.038
3803.89556,11.928,0.035
3807.89815,11.93,0.031
3811.88434,11.935,0.037
3815.84467,11.884,0.034
3818.87817,11.968,0.034
3822.84971,12.68,0.031
3825.87043,11.951,0.04
3828.85837,11.869,0.042
3831.8607,11.949,0.033
3834.81561,11.912,0.034
3837.83353,11.943,0.033
3847.90953,11.961,0.036
3850.79495,11.852,0.039
3852.83113,11.929,0.034
3855.79155,12.419,0.04
3858.77985,11.873,0.033
3860.85215,11.872,0.042
3862.8049,11.883,0.032
3864.75586,11.956,0.036
3866.76482,11.839,0.031
3868.77003,11.91,0.036
3871.78966,12.089,0.032
3874.88192,11.859,0.036
3877.7347,11.9,0.04
3880.79313,11.973,0.033
3883.71095,11.876,0.031
3887.72052,11.876,0.039
3891.72777,11.946,0.037
3893.70804,11.869,0.032
3896.70473,12.01,0.039
3898.74356,11.931,0.039
3900.81217,11.85,0.04
3902.79388,11.925,0.036
3907.63843,12.539,0.043
3909.73587,11.853,0.036
4145.89054,11.936,0.038
4158.89046,11.855,0.042
4166.87407,11.982,0.05
4174.87769,11.901,0.033
4181.88815,12.537,0.045
4185.85982,11.841,0.043
4189.84092,11.892,0.047
4192.82237,11.904,0.043
4196.84568,11.95,0.046
4205.82705,11.881,0.046
4213.84591,12.059,0.051
4216.83848,12.043,0.041
4228.79565,11.925,0.043
4230.79685,11.918,0.042
4232.79808,12.294,0.036
4234.83714,11.893,0.041
4247.69944,11.952,0.046
4250.76554,11.939,0.047
4253.88362,12.029,0.046
4258.7535,11.965,0.034
4269.7458,11.899,0.039
4272.74151,11.942,0.04
4274.74315,12.044,0.036
4277.6592,11.889,0.039
4283.66776,12.452,0.04
4285.65131,11.95,0.046
4289.64744,11.954,0.04
4291.65194,12.086,0.045
4293.64162,11.95,0.043
4295.6575,11.927,0.04
4297.64867,11.94,0.041
4299.61945,12.128,0.05
4301.61208,12.052,0.05
4303.61595,11.957,0.035
4305.61187,11.947,0.05
4308.59404,11.882,0.045
4310.67104,12.034,0.051
4312.67281,11.954,0.047
4319.56155,11.951,0.034
4329.58433,11.931,0.04
4331.56233,11.942,0.041
4333.53916,12.066,0.036
4336.57371,11.865,0.037
4341.64067,12.071,0.046
4343.63759,11.836,0.049
4346.50056,11.915,0.04
4348.52664,11.945,0.042
4350.53268,12.499,0.045
4352.55031,11.963,0.035
4355.55374,11.937,0.041
4357.56472,11.888,0.038
4359.54107,11.932,0.039
4363.50576,11.903,0.038
4365.55472,11.962,0.037
4369.53208,11.977,0.038
4371.54397,12.025,0.039
4373.55664,12.154,0.041
4377.49616,11.878,0.035
4379.52889,11.903,0.038
4382.50463,11.943,0.035
4385.50384,11.909,0.039
4520.88291,11.943,0.037
4524.88973,12.607,0.038
4527.89426,11.94,0.037
4537.87981,11.888,0.035
4541.87391,12.449,0.032
4545.86801,11.893,0.041
4548.88064,12.027,0.036
4552.86194,11.958,0.033
4555.86529,11.952,0.033
4558.85557,12.249,0.033
4561.84995,11.935,0.034
4564.83768,11.878,0.034
4567.83477,11.885,0.035
4570.82582,11.87,0.037
4572.85079,11.935,0.034
4574.82288,12.64,0.041
4576.83079,11.957,0.034
4583.80532,11.916,0.033
4586.83256,11.99,0.039
4589.79751,11.907,0.036
4592.77345,12.315,0.035
4595.75762,11.927,0.038
4597.78579,11.922,0.037
4602.75302,11.948,0.035
4606.7555,12.064,0.04
4609.76586,11.984,0.042
4611.77397,11.946,0.036
4615.82529,12.058,0.042
4617.73124,12.076,0.038
4621.70259,11.916,0.037
4623.726,11.941,0.038
4627.70275,11.879,0.041
4629.69021,11.929,0.039
4631.68917,11.925,0.034
4633.68257,11.903,0.043
4638.76161,11.881,0.041
4640.73449,12.036,0.036
4642.70464,12.39,0.036
4644.72664,11.939,0.041
4646.79933,11.832,0.052
4649.60834,11.815,0.035
4651.64889,11.904,0.037
4653.65821,11.949,0.037
4655.6421,11.958,0.04
4657.67952,12.03,0.039
4663.62391,11.864,0.037
4665.68405,11.895,0.034
4667.70374,11.967,0.036
4671.60073,11.914,0.035
4677.6139,11.982,0.036
4679.62866,11.901,0.036
4682.61153,11.914,0.041
4684.57736,11.948,0.038
4686.55253,11.948,0.036
4690.60624,11.963,0.037
4697.65334,11.928,0.039
4701.64348,11.854,0.05
4703.64695,11.871,0.034
4709.5453,12.317,0.041
4720.56457,11.829,0.038
4724.5154,11.852,0.041
4726.57287,12.348,0.044
4729.55985,11.906,0.036
4733.51213,11.89,0.038
4737.52597,11.938,0.039
4740.5181,11.888,0.037
4745.50125,11.857,0.043
4748.52595,11.891,0.039
4755.50351,11.878,0.041
4759.49588,12.434,0.047
4882.89392,12.023,0.033
4886.89361,11.955,0.038
4891.89468,11.92,0.039
4910.88389,11.914,0.039
4916.89823,12.522,0.041
4919.88825,11.914,0.041
4926.88291,11.973,0.049
4929.88537,11.899,0.048
4932.83884,12.054,0.045
4936.87126,11.86,0.044
4939.82172,11.897,0.052
4946.80216,11.896,0.041
4949.78843,11.907,0.045
4954.81548,11.89,0.048
4959.80045,12.004,0.048
4967.80125,12.537,0.046
4969.85296,11.858,0.044
4975.75734,11.879,0.048
4984.74621,12.708,0.048
4991.72274,11.954,0.052
4994.74854,11.919,0.049
5002.6946,12.113,0.051
5006.69672,11.937,0.048
5014.64767,11.872,0.04
5022.63949,12.029,0.053
5024.63721,11.914,0.047
5029.65268,11.94,0.044
5040.62066,11.923,0.052
5042.58479,11.995,0.044
5047.62837,11.971,0.054
5049.63565,11.957,0.052
5088.56601,11.956,0.047
5097.53496,11.89,0.048
5103.55886,11.915,0.051
