1939.88039,12.345,0.042
1949.86579,11.823,0.043
1953.83857,11.74,0.044
1954.84355,11.724,0.045
1955.84881,11.77,0.044
1961.864,11.799,0.051
1963.84644,11.723,0.043
1965.83984,11.74,0.042
1967.83938,11.753,0.046
1977.77379,12.032,0.048
1979.79185,12.001,0.056
1980.80033,12.055,0.054
1981.80849,11.988,0.05
1982.77882,12.152,0.051
1984.79157,12.072,0.051
1985.83428,12.023,0.051
1994.76342,12.023,0.053
1995.83083,12.059,0.058
2008.73692,11.482,0.056
2016.81142,11.433,0.058
2025.73678,11.426,0.038
2027.75964,11.489,0.039
2030.7511,11.508,0.04
2031.75773,11.491,0.042
2031.76397,11.526,0.037
2032.7426,11.545,0.038
2033.74044,11.673,0.04
2037.70075,11.631,0.044
2040.70617,11.64,0.054
2052.70223,11.807,0.045
2052.70843,11.815,0.041
2053.73249,11.802,0.042
2054.70536,11.85,0.049
2054.71831,11.792,0.046
2055.69385,11.815,0.045
2056.69509,11.767,0.045
2057.68645,11.788,0.046
2058.69006,11.821,0.045
2061.68448,11.707,0.048
2067.63491,11.536,0.048
2068.65122,11.54,0.045
2069.66733,11.487,0.047
2070.65992,11.515,0.045
2080.56444,11.363,0.049
2081.6372,11.352,0.043
2082.65067,11.398,0.045
2083.63267,11.301,0.047
2085.6257,11.382,0.041
2086.63164,11.37,0.044
2087.62254,11.349,0.046
2087.63331,11.334,0.04
2088.62353,11.344,0.045
2093.55824,11.396,0.041
2094.58421,11.44,0.048
2102.57846,11.672,0.043
2102.5871,11.669,0.04
2103.59594,11.694,0.046
2104.59585,11.685,0.042
2104.60914,11.692,0.041
2105.58821,11.706,0.044
2105.60029,11.698,0.044
2106.59468,11.76,0.043
2106.60345,11.765,0.039
2109.59619,11.782,0.039
2116.57341,11.716,0.041
2117.56782,11.602,0.041
2124.54386,11.478,0.042
2125.5597,11.437,0.04
2128.53422,11.458,0.042
2129.54444,11.424,0.045
2129.55114,11.484,0.039
2130.56046,11.405,0.043
2130.56263,11.457,0.042
2131.53704,11.399,0.043
2131.54387,11.405,0.041
2132.54982,11.424,0.042
2132.55428,11.4,0.044
2133.53459,11.415,0.042
2133.54841,11.424,0.041
2134.55574,11.402,0.043
2135.54752,11.397,0.042
2142.55081,11.486,0.041
2143.56032,11.506,0.039
2144.53111,11.498,0.041
2151.48892,11.656,0.044
2156.47597,11.776,0.04
2164.4984,11.976,0.036
2168.54473,12.018,0.039
2172.48439,12.019,0.038
2180.52431,12.007,0.038
2184.52209,11.786,0.052
2191.51632,11.628,0.042
2195.48538,11.597,0.05
2198.50957,11.512,0.044
2203.4956,11.545,0.05
2205.5173,11.545,0.049
2219.49668,11.826,0.053
2441.64919,11.766,0.035
2443.64086,11.845,0.038
2446.6498,11.755,0.04
2452.60924,11.771,0.052
2454.62177,11.805,0.051
2454.64443,11.76,0.049
2460.63133,11.688,0.038
2463.63085,11.656,0.042
2464.60246,11.578,0.039
2465.60387,11.643,0.042
2466.59993,11.612,0.044
2467.59812,11.621,0.035
2468.59507,11.611,0.035
2469.59151,11.623,0.044
2473.54998,11.558,0.044
2481.5465,11.524,0.051
2482.58293,11.502,0.051
2486.55698,11.643,0.05
2489.54821,11.624,0.049
2490.5643,11.592,0.054
2491.54762,11.632,0.051
2493.54599,11.537,0.045
2494.55152,11.591,0.048
2495.55308,11.57,0.045
2497.54809,11.557,0.043
2498.53627,11.583,0.042
2499.53198,11.568,0.041
2502.56722,11.61,0.042
2503.57192,11.671,0.045
2508.67281,11.65,0.038
2510.64766,11.709,0.043
2520.54593,11.728,0.035
2521.55535,11.744,0.037
2524.55119,11.772,0.052
2526.58847,11.764,0.042
2535.51479,11.629,0.04
2543.62232,11.612,0.042
2544.54505,11.577,0.045
2545.58948,11.569,0.037
2549.55576,11.544,0.041
2552.54243,11.564,0.047
2558.53315,11.611,0.041
2559.54638,11.653,0.039
2560.56084,11.656,0.04
2561.56351,11.705,0.038
2563.5397,11.641,0.039
2566.54091,11.819,0.04
2578.50019,12.01,0.043
2663.86865,11.583,0.042
2678.87156,11.63,0.038
2685.85054,11.853,0.037
2686.86913,11.805,0.035
2688.84991,11.794,0.036
2692.8626,11.946,0.042
2694.85561,12.021,0.039
2697.88383,12.044,0.037
2703.83033,12.014,0.038
2703.84385,11.951,0.035
2706.82367,11.945,0.036
2710.84989,11.891,0.038
2711.83555,11.812,0.035
2714.83912,11.861,0.036
2719.82364,11.766,0.037
2721.83366,11.791,0.041
2723.83917,11.67,0.038
2725.83801,11.601,0.037
2726.85801,11.607,0.038
2727.83058,11.853,0.042
2728.84642,11.636,0.038
2729.82037,11.684,0.039
2732.84369,11.624,0.039
2734.79908,11.599,0.038
2736.79811,11.629,0.043
2738.81559,11.612,0.039
2740.79848,11.631,0.038
2742.79056,11.608,0.042
2744.78146,11.662,0.041
2747.87303,11.718,0.042
2751.69574,11.669,0.037
2751.73541,11.646,0.038
2755.76146,11.765,0.041
2757.77429,11.8,0.04
2759.82588,11.748,0.039
2761.77457,11.752,0.042
2763.76206,11.726,0.042
2770.77614,11.69,0.051
2775.78785,11.627,0.043
2775.81558,11.595,0.044
2782.76856,11.536,0.041
2784.71506,11.503,0.037
2786.66804,11.471,0.039
2787.81356,11.48,0.037
2791.64068,11.479,0.042
2802.83537,11.603,0.048
2804.67741,11.536,0.04
2808.71138,11.588,0.037
2810.62079,11.654,0.039
2811.79601,11.585,0.038
2813.83135,11.536,0.042
2820.69913,11.639,0.034
2826.79332,11.645,0.035
2830.59797,11.598,0.038
2830.72342,11.532,0.041
2831.73348,11.598,0.036
2832.77393,11.601,0.037
2834.6163,11.538,0.044
2838.72305,11.487,0.035
2840.76045,11.472,0.04
2845.74134,11.449,0.036
2851.58097,11.514,0.036
2853.71156,11.475,0.037
2853.73181,11.443,0.038
2855.61785,11.51,0.036
2858.66885,11.536,0.042
2860.6191,11.564,0.044
2860.68708,11.559,0.034
2861.71121,11.606,0.036
2865.74797,11.592,0.047
2866.60884,11.665,0.042
2867.61915,11.722,0.038
2874.7123,11.783,0.036
2876.6323,11.833,0.038
2876.64417,11.781,0.036
2878.62752,11.787,0.039
2883.55212,11.815,0.034
2885.5399,11.709,0.038
2885.54234,11.772,0.038
2886.67897,11.735,0.037
2892.70019,11.684,0.039
2893.59638,11.674,0.037
2894.60695,11.68,0.035
2895.59082,11.687,0.035
2896.62145,11.676,0.036
2897.60212,11.734,0.037
2898.60658,11.673,0.034
2900.60137,11.687,0.034
2904.58846,11.669,0.039
2904.62487,11.685,0.045
2906.59161,11.729,0.034
2906.62777,11.684,0.036
2910.49828,11.726,0.035
2911.56473,11.749,0.049
2912.51924,11.687,0.038
2915.54553,11.738,0.035
2916.56249,11.706,0.036
2917.57336,11.721,0.035
2921.57079,11.753,0.037
2922.56246,11.736,0.034
2923.56987,11.754,0.036
2924.57019,11.752,0.036
2926.56839,11.861,0.054
2929.5705,11.897,0.035
2930.56212,11.855,0.037
2931.57442,11.861,0.035
2932.56043,11.817,0.037
2933.56668,11.801,0.037
2934.55742,11.813,0.034
2935.56363,11.817,0.035
2936.55717,11.844,0.054
2940.50255,11.716,0.043
2942.50637,11.823,0.035
2942.52928,11.703,0.037
2945.5274,11.784,0.039
2950.50071,11.812,0.039
2954.50318,11.84,0.037
3053.87422,11.878,0.036
3057.8933,11.791,0.035
3061.89462,11.8,0.037
3066.88341,11.735,0.034
3069.8637,11.776,0.041
3077.82189,11.846,0.036
3080.87824,11.648,0.048
3086.87833,11.762,0.034
3089.89076,11.866,0.036
3092.85912,11.853,0.038
3096.90556,11.843,0.033
3099.82029,11.63,0.036
3105.88061,11.589,0.036
3108.80505,11.541,0.035
3111.79596,11.562,0.035
3114.78602,11.53,0.034
3116.85355,11.562,0.035
3122.79896,11.576,0.035
3124.85301,11.599,0.034
3126.82828,11.555,0.036
3128.81487,11.576,0.036
3130.82367,11.599,0.036
3141.81421,11.622,0.038
3144.85239,11.604,0.034
3152.92274,11.77,0.045
3154.68204,11.811,0.033
3157.8033,11.764,0.043
3159.70836,11.824,0.045
3160.8622,11.942,0.04
3162.76512,11.925,0.034
3164.79239,11.976,0.036
3169.81454,11.944,0.035
3172.78523,11.896,0.041
3176.64057,11.873,0.035
3178.78485,11.784,0.043
3182.62526,11.638,0.035
3184.63652,11.61,0.036
3187.53599,11.576,0.043
3189.76127,11.536,0.038
3294.54141,11.747,0.049
3404.8696,11.623,0.045
3408.87018,11.624,0.048
3416.86352,11.768,0.036
3420.85596,11.728,0.048
3427.84039,11.79,0.051
3430.86327,11.795,0.037
3436.89205,11.63,0.04
3443.8497,11.559,0.039
3446.85988,11.572,0.037
3449.85998,11.713,0.055
3453.77838,11.812,0.042
3455.82463,11.833,0.044
3457.87965,11.902,0.045
3462.81146,11.977,0.041
3465.827,11.929,0.039
3468.83387,11.87,0.037
3471.80706,11.793,0.037
3474.81056,11.785,0.039
3477.79871,11.781,0.043
3479.86183,11.768,0.054
3481.81766,11.83,0.037
3487.79452,11.758,0.045
3492.8215,11.634,0.041
3496.80545,11.66,0.04
3504.77597,11.82,0.051
3508.80793,11.718,0.036
3510.83448,11.737,0.055
3512.71409,11.761,0.035
3516.76675,11.772,0.042
3520.70444,11.807,0.045
3522.73211,11.838,0.04
3524.76165,11.944,0.046
3526.78296,11.957,0.043
3528.82387,12.005,0.04
3537.73288,12.109,0.047
3544.74344,12.055,0.041
3547.79005,12.075,0.036
3551.77418,12.088,0.048
3554.73891,12.1,0.036
3556.83767,12.091,0.038
3562.57029,12.24,0.051
3564.61771,12.242,0.037
3570.61109,12.305,0.036
3573.6604,12.424,0.039
3575.67829,12.275,0.037
3583.58557,12.519,0.043
3585.64267,12.364,0.039
3587.66305,12.338,0.039
3589.71003,12.318,0.044
3592.5372,12.308,0.041
3599.60773,12.076,0.039
3601.66892,12.05,0.039
3603.6683,12.088,0.037
3616.55231,12.314,0.045
3618.66094,12.187,0.042
3620.6512,12.152,0.049
3625.61212,12.182,0.042
3628.59748,12.374,0.039
3631.52239,12.412,0.039
3633.54291,12.282,0.04
3639.56842,12.35,0.036
3642.57243,12.442,0.04
3644.5947,12.439,0.047
3648.55829,12.394,0.053
3650.57675,12.432,0.036
3653.52476,12.341,0.041
3658.52827,12.289,0.039
3660.55305,12.37,0.039
3665.54001,12.116,0.046
3669.53274,11.97,0.034
3672.51389,11.927,0.041
3675.51171,11.842,0.047
3680.50141,11.779,0.041
3759.86844,12.551,0.04
3774.86971,11.621,0.045
3775.88365,11.526,0.045
3790.86064,11.368,0.045
3791.86491,11.457,0.047
3794.87182,11.398,0.046
3797.88945,11.52,0.046
3802.87484,11.611,0.048
3806.83872,11.688,0.042
3809.87003,11.845,0.041
3813.82893,11.833,0.053
3814.85713,11.757,0.05
3817.83833,11.868,0.047
3818.84693,11.862,0.047
3820.85807,11.862,0.042
3823.8838,11.785,0.047
3825.83764,11.816,0.039
3826.88215,11.816,0.04
3829.83888,11.72,0.042
3832.82879,11.748,0.046
3835.81448,11.693,0.043
3847.85288,11.648,0.045
3849.85334,11.636,0.041
3852.77623,11.726,0.038
3856.78794,11.729,0.038
3858.75777,11.682,0.049
3860.8193,11.712,0.039
3864.74188,11.664,0.039
3866.73361,11.669,0.037
3871.78669,11.69,0.039
3874.87596,11.647,0.041
3877.70843,11.642,0.04
3880.75925,11.666,0.037
3883.6973,11.621,0.038
3887.71412,11.511,0.039
3891.73076,11.519,0.037
3893.69996,11.51,0.036
3898.74063,11.431,0.039
3900.80527,11.428,0.038
3902.7901,11.462,0.035
3904.81187,11.456,0.051
3906.8617,11.439,0.049
3909.69794,11.41,0.042
3913.70083,11.4,0.042
3981.50701,11.793,0.044
4133.87352,11.821,0.047
4141.87388,11.673,0.043
4143.88111,11.707,0.036
4145.86814,11.685,0.037
4151.8767,11.8,0.038
4152.87709,11.841,0.036
4155.87136,12.012,0.045
4156.87306,11.905,0.046
4158.87942,11.919,0.047
4160.86881,11.857,0.04
4162.84901,11.852,0.041
4164.86259,11.906,0.042
4166.8473,11.918,0.046
4168.87505,11.824,0.038
4173.88222,11.746,0.038
4174.85681,11.64,0.041
4176.87509,11.602,0.042
4177.88313,11.502,0.044
4180.83315,11.577,0.042
4183.86107,11.476,0.042
4187.87753,11.539,0.042
4188.88083,11.457,0.039
4190.83818,11.475,0.036
4193.81679,11.526,0.039
4194.82956,11.372,0.038
4197.82068,11.453,0.044
4202.82593,11.414,0.037
4202.8708,11.393,0.038
4204.8726,11.447,0.036
4205.83843,11.447,0.039
4208.80739,11.426,0.051
4212.84771,11.56,0.04
4212.88872,11.453,0.046
4215.84812,11.506,0.036
4216.8291,11.53,0.037
4227.84375,11.833,0.038
4228.79843,11.892,0.036
4229.832,11.893,0.034
4230.79969,11.982,0.034
4231.83351,11.886,0.034
4232.80093,12.051,0.036
4234.75954,12.007,0.035
4234.84089,11.985,0.036
4245.68762,11.911,0.047
4247.67928,11.82,0.04
4250.75777,11.72,0.037
4253.87983,11.686,0.041
4256.67014,11.554,0.035
4258.74509,11.476,0.035
4266.78351,11.444,0.037
4269.63876,11.533,0.042
4269.66964,11.425,0.038
4272.68929,11.562,0.036
4272.71155,11.512,0.036
4274.67991,11.527,0.036
4274.72141,11.547,0.036
4277.64639,11.623,0.036
4277.67425,11.581,0.036
4281.6983,11.754,0.044
4283.66493,11.72,0.037
4283.69984,11.803,0.037
4284.81171,11.783,0.044
4290.78457,11.799,0.038
4292.75937,11.876,0.042
4296.78331,11.794,0.041
4298.77328,11.691,0.05
4300.73972,11.718,0.04
4302.7716,11.704,0.038
4303.63748,11.584,0.035
4304.63431,11.641,0.039
4306.65958,11.568,0.035
4308.59138,11.649,0.041
4310.66754,11.538,0.037
4315.66378,11.445,0.036
4317.56435,11.472,0.034
4319.55814,11.561,0.037
4329.55053,11.7,0.041
4331.549,11.76,0.035
4333.53669,11.763,0.036
4336.57046,11.772,0.038
4338.72013,11.691,0.044
4341.54591,11.723,0.038
4343.55665,11.789,0.04
4345.57522,11.796,0.036
4347.5773,11.814,0.037
4349.57517,11.764,0.042
4351.5779,11.735,0.039
4353.67005,11.77,0.034
4356.51084,11.745,0.038
4358.5176,11.739,0.039
4360.5034,11.649,0.04
4363.51422,11.674,0.033
4365.55752,11.545,0.038
4368.61163,11.599,0.037
4376.54556,11.42,0.036
4378.56892,11.461,0.04
4380.59716,11.42,0.04
4383.55198,11.437,0.037
4386.53345,11.445,0.035
4392.52259,11.461,0.04
4400.51874,11.621,0.04
4407.5123,11.924,0.039
4411.5069,11.975,0.037
4502.87253,11.777,0.042
4505.8861,11.765,0.04
4506.87042,11.764,0.042
4510.86593,11.837,0.048
4517.89296,11.941,0.04
4518.88259,11.827,0.038
4521.8572,11.899,0.037
4522.88926,11.924,0.034
4524.87816,12.029,0.036
4527.87527,12.097,0.04
4528.86472,12.005,0.044
4531.83845,12.177,0.04
4532.86544,12.164,0.041
4535.90083,12.332,0.037
4536.8781,12.183,0.036
4539.83997,12.3,0.043
4540.84117,12.2,0.04
4543.82297,12.149,0.04
4546.83267,11.941,0.038
4546.89935,11.944,0.039
4550.84878,11.786,0.04
4555.79636,11.707,0.036
4558.83644,11.66,0.035
4559.86794,11.575,0.037
4561.82648,11.607,0.038
4563.83133,11.555,0.039
4564.81387,11.577,0.037
4566.84847,11.559,0.037
4567.80489,11.611,0.038
4569.85073,11.511,0.034
4570.79714,11.589,0.037
4572.80044,11.692,0.036
4572.84704,11.642,0.037
4574.8005,11.71,0.041
4574.87039,11.666,0.035
4576.82702,11.696,0.04
4577.83936,11.697,0.036
4580.81293,11.803,0.042
4583.80152,11.919,0.036
4585.81863,11.834,0.046
4586.82698,12.078,0.039
4588.78757,12.071,0.038
4589.76451,12.083,0.038
4591.77585,12.126,0.037
4592.74065,12.22,0.04
4593.8181,12.108,0.034
4594.82254,12.167,0.035
4596.7659,12.217,0.035
4597.72516,12.065,0.036
4599.75719,12.081,0.038
4601.76909,12.08,0.036
4602.73429,12.236,0.04
4603.77142,12.022,0.035
4606.75158,11.939,0.042
4607.7669,12.083,0.04
4609.70366,11.977,0.037
4610.73867,11.975,0.035
4611.74899,11.953,0.038
4612.78629,11.85,0.043
4615.81901,11.91,0.039
4616.78941,11.918,0.037
4617.72728,12.017,0.037
4622.74817,11.72,0.037
4623.73218,11.763,0.036
4627.69569,11.72,0.035
4627.73889,11.617,0.032
4629.6734,11.75,0.035
4631.68529,11.769,0.036
4631.74114,11.718,0.035
4633.66294,11.753,0.039
4633.72443,11.732,0.037
4638.7445,11.907,0.038
4638.74712,11.788,0.038
4640.71133,11.833,0.038
4640.71396,11.798,0.038
4642.68484,11.843,0.035
4642.71111,11.778,0.039
4644.70433,11.877,0.037
4644.73217,11.833,0.039
4646.71643,11.851,0.044
4646.81339,11.798,0.04
4648.75972,11.869,0.05
4649.63035,11.864,0.04
4650.82096,11.811,0.047
4651.68482,11.857,0.039
4653.58826,11.94,0.035
4653.68132,11.887,0.035
4655.62253,11.942,0.037
4655.66734,11.917,0.036
4657.66141,11.983,0.039
4657.70214,11.987,0.039
4660.61242,12.119,0.044
4660.66313,11.885,0.036
4663.62024,11.942,0.039
4663.65358,11.874,0.039
4664.76492,11.879,0.037
4665.70428,11.982,0.036
4666.75994,11.848,0.038
4667.71672,11.805,0.047
4672.71142,11.806,0.041
4672.77911,11.784,0.039
4675.78598,11.746,0.039
4678.7288,11.684,0.051
4681.65872,11.723,0.041
4681.71445,11.761,0.038
4683.65813,11.689,0.043
4683.7666,11.702,0.038
4685.63909,11.755,0.039
4685.69079,11.749,0.048
4687.59445,11.708,0.041
4687.66955,11.683,0.038
4690.54583,11.688,0.034
4691.57556,11.712,0.034
4694.63739,11.76,0.042
4697.64016,11.788,0.036
4697.74063,11.769,0.037
4701.63296,11.91,0.039
4701.70845,11.858,0.037
4703.63479,11.851,0.041
4703.71322,11.863,0.037
4705.66628,12,0.042
4706.62151,11.955,0.037
4708.61961,11.999,0.045
4709.5603,11.959,0.038
4710.63809,12.046,0.049
4715.61004,12.03,0.042
4715.61331,12.028,0.041
4720.55954,12.134,0.039
4721.59554,12.06,0.041
4722.60371,12.107,0.046
4724.62411,12.092,0.041
4725.62212,12.069,0.053
4726.66233,12.107,0.037
4728.57843,11.988,0.043
4729.63511,12.016,0.039
4730.61781,12.026,0.049
4733.53361,12.008,0.035
4733.62564,12.023,0.043
4738.51672,11.956,0.038
4739.60818,11.867,0.039
4741.50978,11.93,0.037
4742.56461,11.849,0.054
4745.50963,11.89,0.045
4745.51551,11.714,0.037
4747.54396,11.805,0.046
4747.5481,11.727,0.045
4750.56726,11.904,0.047
4753.52312,11.883,0.04
4753.55746,11.888,0.041
4756.53392,11.924,0.046
4758.54299,11.789,0.048
4759.52572,11.841,0.044
4761.53231,11.709,0.046
4762.52461,11.818,0.039
4764.52929,11.797,0.042
4765.52022,11.744,0.038
4767.5255,11.872,0.044
4768.51557,11.903,0.038
4772.49847,11.845,0.037
4776.51667,11.961,0.044
4852.86934,11.851,0.038
4869.88092,11.602,0.047
4877.87474,11.724,0.036
4880.88458,11.684,0.039
4882.87599,11.709,0.036
4884.87992,11.675,0.046
4886.85882,11.655,0.05
4890.87228,11.597,0.045
4892.87123,11.529,0.045
4904.88061,11.658,0.044
4905.8421,11.616,0.045
4907.86693,11.666,0.047
4916.81132,11.805,0.051
4916.84853,11.782,0.044
4919.84998,12.131,0.047
4919.89058,11.753,0.044
4924.90811,11.722,0.052
4927.89644,11.747,0.042
4928.88746,11.796,0.05
4931.82583,11.832,0.052
4937.7961,11.776,0.047
4937.82406,11.803,0.047
4939.8639,11.746,0.046
4940.82004,11.719,0.045
4946.7752,11.643,0.049
4946.82985,11.603,0.044
4949.8037,11.542,0.043
4951.78917,11.596,0.046
4952.7901,11.557,0.047
4954.74731,11.566,0.048
4962.76894,11.656,0.046
4967.80768,11.707,0.047
4967.8174,11.701,0.046
4969.87168,11.729,0.046
4969.88149,11.662,0.042
4975.76015,11.785,0.047
4984.74228,11.801,0.05
4988.71292,11.777,0.05
4990.75789,11.748,0.052
4990.77209,11.746,0.046
5002.69077,11.7,0.051
5006.69299,11.679,0.051
5006.71715,11.644,0.051
5009.68969,11.597,0.048
5012.6958,11.628,0.046
5012.73327,11.929,0.049
5014.64383,11.614,0.047
5014.68057,11.612,0.043
5019.70406,11.743,0.05
5021.73436,11.661,0.048
5021.74662,11.639,0.05
5023.7397,11.663,0.045
5023.75416,11.655,0.045
5031.60693,11.822,0.044
5031.64524,11.945,0.058
5040.59434,12.005,0.052
5040.61749,11.917,0.048
5042.58118,11.956,0.048
5042.60689,11.885,0.05
5047.60181,11.936,0.052
5048.77463,11.955,0.049
5048.79424,11.968,0.047
5067.61278,11.761,0.054
5069.61011,11.728,0.054
5075.63511,11.722,0.049
5082.66966,11.692,0.046
5083.6218,11.693,0.05
5087.53023,11.765,0.049
5087.64033,11.701,0.049
5089.58276,11.708,0.049
5092.62289,11.757,0.045
5097.51331,11.775,0.051
5099.54,11.772,0.051
5104.58824,11.772,0.045
5106.49907,11.791,0.051
5111.53799,11.525,0.052
5111.59872,11.704,0.048
