1940.88118,9.902,0.038
1953.88689,9.871,0.036
1954.87604,9.851,0.047
1961.89146,9.889,0.034
1963.87183,9.88,0.033
1965.86511,9.875,0.035
1967.86769,9.847,0.034
1978.82176,9.898,0.042
1979.84881,9.865,0.042
1980.8278,9.915,0.041
1981.84748,9.878,0.04
1994.78698,9.857,0.05
1994.80938,9.888,0.048
1997.80079,9.897,0.054
2025.74888,9.894,0.037
2026.78426,9.889,0.035
2027.76492,9.899,0.039
2030.75412,9.903,0.04
2031.76302,9.89,0.035
2032.75015,9.894,0.033
2033.74349,9.911,0.037
2037.62629,9.851,0.058
2052.70541,9.922,0.044
2054.71078,9.93,0.049
2055.69705,9.912,0.04
2056.6983,9.931,0.042
2057.69413,10.219,0.042
2058.69326,9.88,0.043
2061.68989,9.924,0.04
2068.72774,9.921,0.042
2069.68857,9.914,0.038
2080.58356,9.915,0.042
2081.64038,9.878,0.038
2082.65383,9.901,0.035
2083.63806,9.894,0.042
2085.62886,9.909,0.035
2086.63704,9.905,0.036
2087.6279,9.901,0.043
2088.62666,9.919,0.04
2096.64855,9.901,0.041
2102.5815,9.896,0.037
2103.59897,9.884,0.038
2104.59888,9.944,0.042
2105.59346,9.931,0.036
2106.59994,9.929,0.037
2109.59264,9.91,0.036
2115.55735,9.913,0.035
2116.56525,9.92,0.036
2124.5378,9.895,0.041
2125.55587,9.945,0.038
2128.53922,9.91,0.036
2129.5472,9.906,0.034
2131.50545,9.917,0.04
2132.54575,9.932,0.035
2133.53726,9.888,0.035
2135.51964,9.901,0.037
2135.55509,9.91,0.058
2136.53827,9.927,0.036
2140.53006,9.918,0.042
2141.55059,9.916,0.055
2142.54026,9.939,0.059
2144.50877,9.905,0.057
2145.51555,9.934,0.06
2151.51267,9.93,0.048
2156.47836,9.915,0.045
2164.50954,9.89,0.042
2168.56258,9.929,0.057
2172.5047,9.918,0.041
2178.49255,9.9,0.043
2180.54939,9.856,0.048
2185.48139,9.888,0.046
2189.48519,9.858,0.041
2193.48655,9.913,0.045
2197.49013,9.916,0.041
2441.65458,9.875,0.028
2444.64333,9.885,0.03
2446.65297,9.84,0.031
2452.61464,9.819,0.034
2454.64304,9.83,0.053
2460.63442,9.846,0.028
2463.62711,9.861,0.042
2464.60552,9.825,0.03
2465.60692,9.861,0.03
2466.5962,9.826,0.028
2467.60118,9.818,0.029
2468.59809,9.833,0.027
2469.59453,9.852,0.032
2473.55536,9.845,0.032
2481.55164,9.869,0.037
2482.58845,9.854,0.037
2486.55984,9.816,0.042
2489.55103,9.848,0.042
2490.59063,9.904,0.034
2491.55043,9.892,0.038
2493.54875,9.828,0.034
2494.55426,9.863,0.032
2495.56262,9.852,0.037
2497.55081,9.84,0.03
2498.54118,9.868,0.029
2499.53694,9.887,0.029
2501.52688,9.885,0.032
2508.56788,9.825,0.035
2511.58513,9.873,0.051
2543.5049,9.883,0.036
2543.5193,9.97,0.047
2545.49681,9.858,0.029
2545.5138,9.856,0.036
2545.52078,9.844,0.042
2545.5276,9.851,0.046
2545.53446,9.873,0.043
2545.54132,9.862,0.043
2545.54826,9.854,0.042
2545.55512,9.863,0.038
2545.56195,9.846,0.042
2545.57579,9.864,0.041
2546.51141,9.851,0.052
2546.52324,9.871,0.042
2546.53496,9.893,0.054
2546.54656,9.875,0.048
2546.55808,9.907,0.044
2546.56957,9.867,0.056
2547.48158,9.926,0.053
2547.49349,9.892,0.05
2547.50514,10.166,0.043
2547.50921,9.905,0.034
2547.51678,9.885,0.044
2547.52835,9.896,0.055
2547.53984,9.945,0.06
2547.55147,9.816,0.046
2548.48129,9.889,0.045
2548.517,9.877,0.039
2548.52858,9.9,0.04
2548.55161,9.885,0.045
2548.56363,9.877,0.043
2549.4816,9.863,0.036
2549.49354,9.87,0.032
2549.50231,9.88,0.03
2549.50517,9.871,0.032
2549.52836,9.877,0.033
2549.53977,9.878,0.033
2549.55138,9.871,0.032
2549.56293,9.878,0.035
2552.4825,9.845,0.045
2552.49893,9.853,0.047
2552.503,9.839,0.035
2552.51509,9.885,0.047
2552.53107,9.848,0.047
2552.54723,9.856,0.047
2553.48304,9.881,0.039
2553.50676,9.908,0.036
2553.51624,9.918,0.043
2553.52776,9.89,0.037
2553.53926,9.89,0.038
2553.54874,9.882,0.036
2560.5005,9.891,0.032
2561.49449,9.884,0.043
2561.50589,9.882,0.046
2561.51367,9.865,0.048
2561.52048,9.866,0.048
2561.52739,9.876,0.046
2562.49968,9.901,0.047
2562.5158,9.924,0.051
2562.52301,9.894,0.048
2562.52984,9.887,0.054
2563.49366,9.875,0.043
2563.51596,9.871,0.04
2563.52782,9.889,0.042
2564.48685,9.878,0.05
2564.49674,9.888,0.044
2564.50832,9.853,0.04
2564.52005,9.856,0.043
2565.48731,9.852,0.048
2565.49899,9.88,0.038
2565.51057,9.871,0.042
2565.52216,9.862,0.04
2566.48768,9.839,0.052
2566.49936,9.866,0.044
2566.51097,9.87,0.06
2568.48832,9.861,0.043
2568.50468,9.895,0.036
2679.87247,9.822,0.036
2683.86207,9.814,0.037
2683.88517,9.791,0.049
2684.87447,9.797,0.049
2685.87809,9.797,0.042
2686.87168,9.785,0.035
2686.87345,9.804,0.046
2686.88749,9.801,0.047
2688.87046,9.782,0.047
2689.8626,9.808,0.039
2689.86436,9.835,0.049
2689.88299,9.823,0.052
2690.8649,9.77,0.055
2690.88145,9.793,0.057
2697.86724,9.765,0.039
2698.86646,9.817,0.052
2698.88568,9.795,0.053
2699.85034,9.826,0.044
2699.86692,9.807,0.049
2699.8832,9.831,0.046
2700.86171,9.83,0.048
2700.88,9.836,0.042
2700.89885,9.819,0.046
2701.85047,9.817,0.043
2701.88357,9.815,0.051
2702.87718,9.786,0.043
2702.89616,9.762,0.053
2703.84615,9.796,0.039
2703.86244,9.797,0.036
2703.89262,9.807,0.038
2704.841,9.826,0.045
2704.84385,9.832,0.033
2704.85708,9.83,0.047
2704.8731,9.812,0.051
2704.89018,9.819,0.046
2706.86469,9.811,0.031
2711.82911,9.909,0.049
2713.86565,9.791,0.031
2717.84583,9.813,0.034
2720.75412,9.837,0.041
2725.78284,9.838,0.032
2729.82527,9.795,0.033
2732.85382,9.821,0.03
2734.82121,9.782,0.03
2736.80383,9.841,0.032
2740.80351,9.814,0.03
2742.79659,9.841,0.039
2742.82052,9.845,0.044
2744.8175,9.782,0.039
2751.88414,9.822,0.038
2754.79891,9.787,0.031
2754.82133,9.766,0.042
2756.75638,9.831,0.03
2757.84329,9.808,0.032
2759.8534,9.795,0.032
2761.78217,9.808,0.033
2768.80954,9.845,0.036
2770.80151,9.83,0.037
2783.66643,9.857,0.042
2786.69494,9.827,0.03
2791.67687,9.83,0.033
2808.84995,9.777,0.038
2810.63091,9.716,0.037
2811.81366,9.823,0.04
2813.70705,9.824,0.039
2819.68174,9.813,0.033
2819.68908,9.821,0.036
2821.67136,9.805,0.032
2836.58633,9.816,0.034
2843.61558,9.822,0.036
2853.58067,9.796,0.034
2855.56692,9.816,0.03
2861.5539,9.822,0.033
2862.67561,9.801,0.035
2866.68542,9.817,0.033
2872.69933,9.818,0.031
2876.52186,9.821,0.03
2878.5229,9.794,0.03
2883.52582,9.782,0.029
2888.52731,9.782,0.031
2893.5611,9.82,0.035
2895.56966,9.783,0.034
2897.57861,9.829,0.031
2905.54584,9.797,0.029
2908.55916,9.813,0.035
2915.53566,9.769,0.034
2917.56121,9.806,0.035
2923.55778,9.832,0.041
2927.51005,9.783,0.032
2931.52697,9.783,0.035
2934.49854,9.865,0.034
2936.50541,9.796,0.048
3055.87889,9.848,0.035
3056.8872,9.845,0.043
3059.87498,9.853,0.038
3068.86618,9.811,0.04
3072.84928,9.834,0.04
3075.87987,9.852,0.036
3080.85536,9.835,0.035
3086.8966,9.868,0.03
3090.83442,9.852,0.041
3090.878,9.849,0.045
3093.88504,9.861,0.031
3097.78908,9.872,0.038
3099.85959,9.84,0.037
3102.83532,9.872,0.039
3102.88496,9.878,0.038
3106.88489,9.891,0.036
3109.81074,9.834,0.032
3111.74274,9.848,0.035
3111.79042,9.873,0.036
3112.80596,9.856,0.029
3113.8812,9.859,0.034
3113.90804,9.867,0.036
3114.86559,9.84,0.029
3115.79619,9.84,0.031
3116.78332,9.857,0.032
3118.88188,9.857,0.029
3122.81,9.836,0.032
3124.86407,9.823,0.03
3126.85441,9.852,0.039
3128.82314,9.836,0.035
3134.82976,9.871,0.036
3144.73726,9.873,0.028
3153.9323,9.848,0.035
3162.68085,9.832,0.031
3164.71903,9.847,0.034
3167.73219,9.831,0.033
3169.70762,9.865,0.035
3175.82099,9.878,0.029
3178.64577,9.883,0.036
3180.74057,9.885,0.038
3183.73011,9.843,0.028
3185.69923,9.862,0.037
3189.65733,9.878,0.037
3191.74427,9.843,0.042
3273.60645,9.897,0.054
3274.51823,9.876,0.044
3277.51833,9.898,0.036
3279.55823,9.879,0.037
3299.52733,9.882,0.039
3409.88578,9.903,0.043
3413.88566,9.876,0.054
3416.88184,9.91,0.058
3417.88581,9.907,0.044
3421.87696,9.882,0.055
3421.88669,9.872,0.071
3425.86242,9.907,0.045
3425.87873,9.916,0.063
3443.89567,9.876,0.038
3446.89425,9.905,0.029
3449.88044,9.912,0.044
3453.80594,9.908,0.045
3456.83884,9.906,0.043
3463.80478,9.904,0.041
3466.83558,9.932,0.035
3466.86338,9.93,0.041
3469.82491,9.892,0.04
3475.80408,9.881,0.062
3478.77999,9.929,0.042
3491.86356,9.945,0.042
3496.8267,9.895,0.051
3499.76727,10.017,0.052
3501.81151,9.876,0.056
3504.7331,9.865,0.052
3504.8135,9.913,0.061
3508.87628,9.903,0.033
3511.71794,9.901,0.037
3520.72366,9.892,0.047
3522.74474,9.924,0.044
3526.805,9.892,0.044
3528.86222,9.899,0.063
3538.70541,9.918,0.037
3540.71981,9.919,0.047
3547.75044,9.899,0.037
3554.71702,9.876,0.029
3554.73084,9.923,0.049
3556.77853,9.907,0.037
3562.57689,9.913,0.033
3564.62179,9.899,0.033
3571.67034,9.913,0.042
3574.67556,9.92,0.036
3576.68408,9.915,0.037
3578.67499,9.892,0.04
3583.71654,9.893,0.044
3585.75264,9.904,0.043
3585.75562,9.93,0.056
3588.53218,9.92,0.039
3590.64364,9.926,0.043
3599.66327,9.916,0.039
3604.50509,9.908,0.052
3608.50316,9.883,0.038
3617.6064,9.892,0.048
3620.51718,9.894,0.042
3624.51724,9.888,0.068
3624.51965,9.901,0.054
3624.52217,9.911,0.052
3624.52472,9.922,0.048
3624.52721,9.902,0.049
3624.52973,9.927,0.049
3624.53306,9.912,0.049
3624.53543,9.897,0.045
3624.53793,9.871,0.048
3624.54041,9.904,0.045
3624.5429,9.948,0.047
3624.54541,9.905,0.045
3624.55095,9.923,0.044
3624.55628,9.905,0.042
3624.56184,9.915,0.043
3624.56725,9.901,0.043
3624.58188,9.911,0.044
3624.59728,9.911,0.05
3624.62708,9.928,0.044
3626.60229,9.894,0.038
3629.6238,9.926,0.044
3631.61972,9.915,0.044
3634.57374,9.908,0.043
3637.60198,9.897,0.039
3641.55214,9.901,0.037
3644.50674,9.881,0.048
3648.52988,9.914,0.037
3654.51504,9.894,0.044
3657.54112,9.887,0.041
3660.50099,9.918,0.049
3662.52401,9.867,0.056
3665.51064,9.904,0.044
3669.50923,9.897,0.036
3673.4984,9.915,0.042
3775.88631,9.885,0.049
3776.82362,9.899,0.051
3776.82608,9.909,0.053
3776.82858,9.914,0.052
3776.83111,9.892,0.052
3776.83357,9.899,0.055
3776.83611,9.909,0.053
3776.83864,9.885,0.053
3776.84116,9.879,0.052
3776.84367,9.905,0.051
3776.84621,9.907,0.052
3776.84875,9.898,0.049
3776.85135,9.891,0.048
3776.85383,9.911,0.05
3776.85635,9.939,0.049
3776.8588,9.911,0.049
3776.86129,9.91,0.048
3776.86382,9.897,0.049
3776.86642,9.964,0.048
3776.86892,10.124,0.048
3776.87152,9.982,0.049
3776.87406,9.927,0.048
3776.87664,9.899,0.047
3776.87909,9.925,0.047
3776.88163,9.889,0.047
3776.88413,9.88,0.046
3776.88659,9.885,0.049
3777.82364,9.902,0.054
3777.82617,9.913,0.053
3777.82867,9.913,0.051
3777.83114,9.892,0.052
3777.83438,9.875,0.053
3777.83762,9.894,0.048
3777.84013,9.929,0.049
3777.84335,9.878,0.049
3777.84658,9.9,0.046
3777.84909,9.883,0.047
3777.8516,9.908,0.045
3777.85412,9.89,0.047
3777.8566,9.898,0.044
3777.8591,9.891,0.046
3777.86158,9.92,0.045
3777.86409,9.904,0.045
3777.8666,9.919,0.045
3777.86909,9.891,0.044
3777.8716,9.91,0.045
3777.87732,9.929,0.046
3777.87985,9.916,0.044
3777.88236,9.9,0.044
3777.88483,9.892,0.046
3777.88736,9.904,0.048
3777.88986,9.886,0.048
3778.82027,9.896,0.054
3778.82273,9.855,0.053
3778.82615,9.887,0.052
3778.82855,9.885,0.052
3778.83105,9.91,0.051
3778.8336,9.911,0.052
3778.83614,9.916,0.048
3778.83861,9.889,0.049
3778.84118,9.939,0.048
3778.84379,9.914,0.051
3778.84629,9.897,0.047
3778.8488,9.879,0.047
3778.85132,9.878,0.048
3778.85625,9.89,0.047
3778.85874,9.89,0.047
3778.86126,9.915,0.048
3778.86384,9.907,0.048
3778.86628,9.919,0.049
3778.86959,9.879,0.051
3778.87205,9.906,0.045
3778.8746,9.895,0.048
3778.87795,9.875,0.046
3778.88041,9.873,0.046
3778.88296,9.866,0.046
3778.88544,9.871,0.047
3778.88875,9.913,0.048
3778.89134,9.931,0.048
3779.81881,9.935,0.061
3779.82549,9.906,0.054
3779.83276,9.943,0.056
3779.83604,9.872,0.059
3779.84884,9.933,0.052
3779.85138,9.909,0.051
3779.85665,9.896,0.055
3779.86271,9.945,0.053
3779.86792,9.912,0.05
3779.87385,9.901,0.052
3779.87912,9.912,0.057
3779.88429,9.91,0.052
3779.8895,9.892,0.053
3780.81479,9.946,0.053
3780.82215,9.943,0.053
3780.82999,9.908,0.052
3780.84353,9.925,0.049
3780.84873,9.896,0.049
3780.85388,9.916,0.046
3780.85911,9.876,0.048
3781.8107,9.859,0.055
3781.82326,9.888,0.054
3781.82974,9.885,0.049
3781.83493,9.916,0.05
3781.84,9.917,0.051
3781.84615,9.888,0.049
3781.85203,9.898,0.048
3781.85799,9.914,0.049
3781.86309,9.885,0.049
3781.86833,9.889,0.047
3781.8736,9.895,0.052
3781.87894,9.898,0.054
3781.88409,9.87,0.05
3782.87179,9.899,0.048
3782.875,9.903,0.048
3782.88006,9.904,0.048
3782.88259,9.928,0.049
3791.87361,9.896,0.051
3792.87749,9.896,0.058
3795.87507,9.901,0.043
3799.86254,10.012,0.043
3803.86315,9.903,0.056
3804.85712,9.88,0.063
3806.8726,9.912,0.041
3808.85429,9.885,0.065
3810.86342,9.926,0.047
3812.85274,9.949,0.062
3818.84455,9.922,0.044
3819.7212,9.934,0.058
3819.7518,9.928,0.059
3819.78076,9.936,0.06
3819.80935,9.917,0.069
3819.8389,9.911,0.057
3819.85578,9.899,0.07
3819.86655,9.903,0.057
3819.89705,9.917,0.059
3820.71617,9.915,0.055
3820.74876,9.923,0.06
3820.77895,9.931,0.06
3820.80927,9.927,0.059
3820.83911,9.924,0.06
3820.86591,10.108,0.059
3820.89362,9.924,0.06
3821.85718,9.938,0.043
3822.87699,9.904,0.066
3824.85586,9.906,0.045
3826.84583,9.962,0.069
3827.84568,9.935,0.038
3829.86734,9.915,0.058
3830.86738,9.911,0.046
3832.86039,9.925,0.059
3833.82426,9.9,0.044
3836.81692,9.903,0.045
3851.7769,9.921,0.04
3851.81032,9.931,0.064
3853.83846,9.907,0.038
3858.85426,9.909,0.052
3861.75118,9.908,0.039
3861.81984,9.906,0.057
3863.78541,9.92,0.038
3865.77017,9.912,0.04
3867.77513,9.909,0.047
3875.90408,9.903,0.042
3880.74684,9.907,0.057
3881.75928,9.921,0.043
3886.88076,9.888,0.041
3887.73328,9.892,0.053
3889.69022,9.893,0.046
3889.75715,9.946,0.056
3891.71725,9.899,0.036
3891.76261,9.898,0.049
3893.70594,9.917,0.038
3900.73773,9.923,0.063
3901.73489,9.872,0.042
3903.73957,9.915,0.04
3904.77258,9.925,0.061
3906.77506,9.932,0.062
3907.75317,9.884,0.043
3908.84492,9.907,0.061
3909.86401,9.91,0.044
3913.81935,9.904,0.043
4139.88029,9.938,0.037
4146.88305,9.885,0.048
4152.88266,9.907,0.04
4153.89215,9.914,0.043
4156.87951,9.891,0.044
4157.88907,9.906,0.045
4160.87451,9.934,0.046
4161.88186,9.921,0.041
4164.85826,9.9,0.046
4165.8639,9.89,0.061
4168.86602,9.867,0.037
4174.85435,9.919,0.034
4174.871,9.917,0.04
4177.87788,9.915,0.035
4178.85562,9.867,0.064
4181.8815,9.916,0.059
4185.85323,9.929,0.046
4188.87373,9.896,0.04
4189.84688,9.891,0.039
4191.82193,9.906,0.036
4192.82423,9.906,0.039
4194.80845,9.905,0.035
4202.83744,9.915,0.038
4202.86312,10.079,0.039
4205.79617,9.923,0.058
4205.83309,9.927,0.04
4213.89049,9.919,0.04
4215.81554,9.914,0.04
4227.81902,9.888,0.033
4228.83265,9.864,0.04
4229.81225,9.896,0.032
4230.81873,9.895,0.035
4231.81139,9.898,0.038
4232.87454,9.919,0.04
4233.82499,9.913,0.039
4234.87307,9.91,0.045
4238.78508,9.879,0.043
4245.70578,9.848,0.059
4245.74071,9.907,0.066
4247.68594,9.904,0.032
4247.7224,9.943,0.041
4255.73985,9.865,0.041
4258.6691,9.897,0.031
4268.63158,9.924,0.054
4273.80488,9.901,0.032
4273.81264,9.899,0.036
4278.68491,9.931,0.037
4283.6836,9.912,0.046
4284.70433,9.874,0.034
4285.68023,9.884,0.044
4290.69603,9.875,0.044
4291.67548,9.909,0.034
4292.6424,9.898,0.034
4293.66443,9.924,0.034
4295.68037,9.93,0.038
4296.64081,9.889,0.037
4297.67079,9.901,0.047
4298.64619,9.904,0.039
4299.64605,9.939,0.038
4300.61222,9.863,0.052
4301.62817,9.919,0.045
4302.65719,9.901,0.034
4303.62699,9.903,0.036
4304.60429,9.915,0.032
4305.61767,9.929,0.036
4309.6177,9.915,0.052
4310.60913,9.916,0.041
4311.66487,9.907,0.036
4312.60618,9.948,0.046
4314.70396,9.893,0.034
4315.60871,9.934,0.035
4317.56113,9.882,0.032
4317.66919,9.904,0.037
4330.5877,9.921,0.044
4330.59081,9.905,0.04
4332.58829,9.891,0.038
4338.60011,9.877,0.043
4338.60327,9.885,0.037
4340.66105,9.886,0.04
4340.66422,9.9,0.043
4342.65846,9.888,0.045
4346.65189,9.924,0.059
4348.66427,9.891,0.039
4351.50765,9.901,0.038
4353.53681,9.91,0.036
4353.60889,9.926,0.032
4355.62493,9.903,0.039
4356.50498,9.91,0.032
4357.62938,9.914,0.039
4358.50944,9.877,0.033
4365.51721,9.937,0.036
4367.59779,9.672,0.04
4368.59575,9.934,0.044
4372.53785,9.934,0.048
4373.51191,9.918,0.051
4375.56816,9.881,0.034
4376.54067,9.957,0.038
4377.56985,9.897,0.034
4378.56413,9.943,0.044
4380.58768,9.882,0.044
4383.52383,9.903,0.032
4383.54662,9.901,0.037
4386.50987,9.885,0.031
4386.52843,9.892,0.038
4392.51174,9.909,0.039
4392.51487,9.893,0.042
4403.51114,9.91,0.038
4409.50771,9.921,0.039
4511.88005,9.916,0.034
4518.88044,9.891,0.043
4519.87888,9.911,0.048
4522.88337,9.878,0.033
4523.87644,9.887,0.042
4529.86386,9.913,0.033
4529.87183,9.906,0.044
4533.8823,9.874,0.039
4537.84675,9.888,0.033
4537.87034,9.919,0.039
4540.87168,9.888,0.041
4547.87011,9.911,0.037
4548.85304,9.876,0.044
4557.8431,9.917,0.038
4559.83995,9.917,0.036
4560.85933,9.918,0.041
4562.83816,9.884,0.034
4563.85317,9.915,0.038
4565.82556,9.894,0.036
4566.85224,9.918,0.041
4568.81812,9.886,0.046
4569.84499,9.888,0.037
4571.78614,9.87,0.036
4572.80716,9.912,0.041
4573.83657,9.899,0.037
4574.82489,9.928,0.044
4575.82494,9.917,0.044
4576.85542,9.909,0.049
4578.84631,9.864,0.043
4583.83598,9.899,0.036
4583.86204,9.914,0.04
4586.86077,9.877,0.041
4586.88292,9.892,0.042
4589.77174,9.898,0.039
4589.81202,9.895,0.042
4592.75255,9.881,0.031
4592.79193,9.913,0.043
4594.84503,9.872,0.032
4595.77774,9.914,0.038
4597.73703,9.922,0.032
4597.86188,9.937,0.036
4602.74255,9.9,0.04
4602.77925,9.914,0.044
4610.76629,9.878,0.037
4610.79334,9.905,0.042
4612.76839,9.889,0.052
4616.90592,9.886,0.041
4616.91141,9.91,0.043
4622.84434,9.874,0.038
4622.85273,9.899,0.04
4627.68989,9.911,0.037
4627.73061,9.87,0.04
4629.68043,9.843,0.035
4629.71024,9.881,0.04
4631.69474,9.896,0.035
4631.72774,9.861,0.04
4633.70764,9.919,0.047
4639.73715,9.887,0.052
4641.73365,9.86,0.034
4641.73632,9.893,0.039
4643.73267,9.86,0.039
4643.73532,9.887,0.045
4645.74537,9.889,0.036
4645.74807,9.861,0.041
4647.78348,9.902,0.038
4647.78616,9.921,0.047
4649.82674,9.89,0.051
4649.83561,9.88,0.054
4652.59853,9.909,0.032
4652.6189,9.881,0.04
4654.6331,9.902,0.038
4654.66139,9.906,0.04
4656.63701,9.89,0.039
4656.6566,9.885,0.044
4658.68166,9.921,0.047
4658.70046,9.928,0.057
4664.69801,9.885,0.043
4665.64206,9.89,0.044
4666.72024,9.918,0.039
4667.66963,9.915,0.047
4670.67188,9.872,0.035
4672.69549,9.89,0.032
4672.74952,9.885,0.037
4681.64766,9.869,0.035
4681.68566,9.885,0.046
4683.64477,9.86,0.043
4683.68228,9.873,0.046
4685.61431,9.873,0.038
4687.63167,9.827,0.042
4693.53871,9.89,0.044
4693.56113,9.842,0.052
4697.61488,9.881,0.034
4697.62434,9.863,0.036
4701.61177,9.872,0.032
4701.62037,9.919,0.039
4703.61792,9.872,0.039
4705.64988,9.892,0.039
4708.60649,9.892,0.036
4708.61257,9.898,0.043
4710.62415,9.877,0.055
4710.63024,9.926,0.055
4720.6285,9.879,0.042
4720.63196,9.87,0.046
4722.65967,9.923,0.05
4724.53535,9.836,0.046
4726.55524,9.856,0.049
4726.59265,9.864,0.049
4729.54847,9.841,0.041
4729.58567,9.818,0.038
4731.58474,9.888,0.066
4731.60721,9.859,0.045
4734.61812,9.868,0.045
4737.54999,9.855,0.037
4739.53587,9.854,0.042
4740.53949,9.842,0.038
4747.52806,9.894,0.047
4747.532,9.855,0.055
4750.5605,9.873,0.056
4754.5143,9.887,0.042
4756.52871,9.893,0.047
4759.52052,9.888,0.05
4760.51264,9.869,0.046
4762.51934,9.901,0.047
4765.51404,9.891,0.046
4766.49736,9.856,0.044
4884.86729,9.858,0.042
4891.88773,9.867,0.061
4892.85718,9.864,0.054
4905.84965,9.852,0.057
4905.86544,9.861,0.061
4916.84609,9.828,0.051
4916.87403,9.849,0.06
4919.86358,9.839,0.052
4920.84983,9.842,0.067
4927.87651,9.843,0.05
4940.80443,9.877,0.055
4946.78516,9.877,0.052
4947.79757,9.879,0.056
4951.7933,9.851,0.048
4952.85034,9.871,0.057
4954.75685,9.84,0.052
4955.77497,9.881,0.063
4967.86694,9.877,0.064
4973.83949,9.875,0.06
4985.70058,9.819,0.053
4985.71632,9.86,0.056
4987.70933,9.88,0.063
4992.8129,9.856,0.059
4993.73959,9.855,0.061
5006.84526,9.81,0.062
5012.72573,9.846,0.058
5014.65715,9.846,0.051
5014.67559,9.856,0.057
5021.66475,9.845,0.052
5022.66881,9.848,0.064
5023.66597,9.817,0.049
5024.67689,9.907,0.065
5037.6485,9.837,0.045
5037.65142,9.844,0.049
5039.61217,9.837,0.049
5039.6152,9.871,0.055
5041.59281,9.85,0.053
5041.60565,10.06,0.052
5048.61572,9.826,0.05
5048.6195,9.909,0.06
5063.66101,9.777,0.057
5063.66811,9.837,0.058
5075.58616,9.871,0.06
5086.52155,9.84,0.067
5088.57741,9.841,0.066
5104.5847,9.84,0.054
5105.60359,9.873,0.065
5111.52565,9.875,0.055
5122.55231,9.826,0.064
