1947.87768,10.382,0.053
1947.88374,10.405,0.055
1949.89521,10.429,0.05
1950.86934,10.322,0.051
1953.8661,10.349,0.038
1954.85921,10.316,0.05
1955.8572,10.356,0.04
1961.87493,10.341,0.038
1963.86248,10.33,0.036
1965.85304,10.345,0.037
1967.85261,10.43,0.035
1978.80243,10.372,0.044
1979.84385,10.389,0.041
1979.84605,10.378,0.044
1980.82286,10.353,0.041
1981.83792,10.35,0.039
1981.84012,10.353,0.043
1982.80377,10.33,0.043
1994.77912,10.376,0.046
1994.78866,10.366,0.049
1997.79323,10.397,0.051
1997.80247,10.513,0.054
2025.75974,10.329,0.053
2025.77098,10.338,0.048
2026.80223,10.357,0.07
2027.77319,10.372,0.058
2030.76243,10.394,0.058
2032.76086,10.423,0.052
2032.76514,10.437,0.058
2033.75403,10.446,0.045
2033.75875,10.396,0.052
2035.72908,10.425,0.053
2037.70899,10.411,0.066
2055.70999,10.347,0.067
2058.70379,10.328,0.066
2059.76252,10.378,0.065
2068.74134,10.296,0.058
2069.68343,10.361,0.061
2080.58529,10.484,0.062
2081.65119,10.484,0.059
2082.6669,10.505,0.064
2083.65329,10.456,0.06
2085.64183,10.461,0.054
2086.6456,10.449,0.062
2087.64316,10.471,0.066
2088.63748,10.437,0.063
2093.56398,10.335,0.064
2096.61035,10.315,0.061
2102.59242,10.319,0.055
2103.60995,10.346,0.05
2104.61221,10.359,0.057
2105.61007,10.36,0.059
2106.60876,10.379,0.057
2109.6104,10.433,0.052
2115.56917,10.401,0.05
2116.58085,10.401,0.047
2117.57303,10.402,0.053
2124.54903,10.307,0.06
2125.56259,10.293,0.058
2128.54604,10.262,0.054
2129.55636,10.278,0.055
2130.56547,10.293,0.057
2132.56162,10.325,0.054
2133.55345,10.319,0.059
2134.56088,10.334,0.055
2135.55256,10.352,0.053
2140.51371,10.4,0.049
2141.54126,10.383,0.054
2143.49445,10.379,0.056
2144.52044,10.376,0.058
2151.49387,10.4,0.055
2156.48339,10.412,0.051
2164.4921,10.39,0.035
2172.48251,10.287,0.05
2178.48417,10.294,0.047
2180.52232,10.298,0.051
2184.52458,10.358,0.054
2188.50271,10.475,0.047
2191.50958,10.533,0.06
2194.51258,10.505,0.054
2441.66982,10.372,0.035
2442.66061,10.367,0.034
2443.65688,10.343,0.034
2443.65941,10.345,0.034
2444.65222,10.368,0.037
2444.66099,10.336,0.032
2446.66375,10.308,0.033
2446.66627,10.308,0.036
2452.62571,10.293,0.047
2452.63222,10.314,0.036
2459.61282,10.418,0.058
2460.64535,10.431,0.03
2463.61786,10.414,0.034
2463.62208,10.424,0.051
2464.61902,10.418,0.033
2465.61793,10.396,0.031
2465.62043,10.399,0.033
2466.60753,10.404,0.035
2467.61244,10.39,0.046
2467.61892,10.404,0.029
2468.60911,10.365,0.032
2470.5372,10.352,0.036
2473.57553,10.278,0.033
2474.6225,10.279,0.039
2474.6267,10.27,0.031
2481.56738,10.253,0.044
2482.59589,10.286,0.039
2482.6024,10.266,0.037
2486.56657,10.291,0.041
2486.57132,10.294,0.046
2489.56035,10.384,0.047
2489.56909,10.37,0.035
2490.58314,10.42,0.041
2491.56491,10.349,0.043
2493.55554,10.382,0.034
2493.56026,10.41,0.043
2494.56103,10.407,0.043
2495.56493,10.395,0.034
2495.56736,10.364,0.036
2497.55787,10.371,0.037
2497.56219,10.384,0.036
2498.54597,10.402,0.04
2498.54802,10.376,0.032
2499.53951,10.348,0.032
2499.54837,10.379,0.031
2500.51811,10.34,0.052
2508.56575,10.258,0.043
2508.57056,10.275,0.038
2510.52546,10.377,0.052
2510.53066,10.333,0.047
2511.58763,10.331,0.051
2511.59233,10.382,0.052
2512.64901,10.381,0.052
2519.65133,10.48,0.04
2520.6466,10.432,0.045
2521.65337,10.394,0.041
2526.63866,10.298,0.05
2535.58626,10.365,0.046
2545.55285,10.366,0.046
2546.55582,10.424,0.054
2548.54704,10.388,0.046
2552.57047,10.351,0.041
2560.50342,10.317,0.042
2561.52296,10.298,0.053
2562.5599,10.332,0.055
2565.54104,10.373,0.044
2566.5579,10.383,0.048
2568.53853,10.392,0.039
2578.512,10.383,0.035
2678.87312,10.447,0.049
2685.86873,10.353,0.046
2685.87615,10.347,0.041
2688.86596,10.302,0.046
2688.8729,10.277,0.055
2693.86357,10.281,0.047
2693.86595,10.323,0.044
2697.86213,10.329,0.041
2698.8568,10.338,0.054
2701.82245,10.39,0.043
2701.84353,10.409,0.045
2704.83892,10.455,0.039
2704.84566,10.402,0.047
2706.85605,10.419,0.041
2706.86653,10.408,0.044
2711.82637,10.372,0.045
2711.8309,10.344,0.039
2713.85336,10.377,0.04
2713.86742,10.336,0.044
2717.83557,10.373,0.045
2717.84758,10.364,0.048
2720.81047,10.406,0.045
2720.8178,10.375,0.049
2725.78454,10.393,0.039
2725.78682,10.371,0.047
2727.83711,10.367,0.045
2727.84169,10.365,0.045
2729.83722,10.382,0.042
2732.86462,10.404,0.043
2732.86927,10.36,0.047
2734.83758,10.374,0.039
2734.83991,10.357,0.045
2736.81762,10.338,0.043
2738.82449,10.362,0.046
2738.82916,10.36,0.047
2740.8075,10.361,0.053
2740.81194,10.388,0.042
2742.80604,10.356,0.05
2744.7981,10.351,0.045
2747.89152,10.362,0.059
2751.87209,10.354,0.047
2754.80733,10.392,0.042
2756.76768,10.356,0.039
2758.80878,10.357,0.038
2760.74813,10.367,0.039
2760.75837,10.385,0.047
2762.74787,10.371,0.056
2764.73762,10.389,0.042
2764.7475,10.375,0.041
2768.82735,10.372,0.042
2768.83207,10.362,0.048
2770.80352,10.359,0.042
2776.62834,10.447,0.045
2783.66379,10.529,0.04
2784.73145,10.398,0.04
2786.69223,10.383,0.045
2786.69879,10.394,0.038
2791.65946,10.339,0.043
2791.68541,10.383,0.041
2795.74352,10.301,0.045
2808.84211,10.371,0.042
2810.63944,10.392,0.037
2811.8252,10.405,0.04
2813.71562,10.432,0.044
2820.86507,10.416,0.043
2836.59287,10.385,0.044
2840.83349,10.418,0.057
2845.77605,10.401,0.032
2851.77529,10.402,0.039
2854.55072,10.383,0.033
2861.57256,10.378,0.04
2866.68325,10.419,0.04
2867.74305,10.407,0.041
2872.65161,10.39,0.036
2875.6608,10.427,0.038
2877.64745,10.408,0.043
2879.65696,10.414,0.05
2884.63232,10.36,0.043
2888.53679,10.394,0.039
2892.67652,10.412,0.053
2896.60962,10.36,0.04
2898.59726,10.348,0.041
2900.59203,10.35,0.042
2904.57903,10.309,0.046
2906.57964,10.321,0.038
2909.58141,10.342,0.041
2911.55295,10.316,0.04
2915.53857,10.339,0.043
2917.56414,10.334,0.04
2921.5631,10.375,0.041
2926.56158,10.386,0.056
2928.56286,10.427,0.048
2930.55989,10.379,0.049
2932.55819,10.388,0.049
2934.55528,10.378,0.045
2943.51442,10.326,0.051
2945.5347,10.293,0.053
2949.52127,10.331,0.048
2955.51043,10.374,0.057
3054.88419,10.373,0.038
3055.81717,10.339,0.053
3055.8673,10.396,0.043
3057.82422,10.355,0.054
3059.85594,10.36,0.038
3059.86649,10.35,0.035
3067.88912,10.253,0.043
3067.89681,10.226,0.038
3070.8772,10.237,0.041
3074.85205,10.327,0.046
3075.86116,10.33,0.048
3080.84977,10.434,0.044
3080.85228,10.434,0.042
3086.89349,10.382,0.042
3090.82611,10.379,0.04
3090.83658,10.314,0.045
3093.88696,10.329,0.04
3097.78588,10.343,0.038
3100.83776,10.318,0.046
3103.83269,10.519,0.049
3106.8947,10.377,0.047
3109.82591,10.43,0.041
3112.81828,10.462,0.041
3114.71911,10.373,0.045
3115.80578,10.419,0.036
3122.82477,10.365,0.037
3125.74128,10.332,0.039
3127.75291,10.336,0.059
3131.79415,10.383,0.049
3134.82435,10.41,0.039
3144.74989,10.389,0.033
3153.87862,10.291,0.035
3156.72193,10.314,0.043
3162.69545,10.567,0.045
3164.73873,10.362,0.034
3169.72256,10.287,0.045
3175.85644,10.304,0.047
3180.75772,10.358,0.036
3183.73998,10.405,0.044
3185.69137,10.436,0.042
3189.68504,10.411,0.041
3191.79871,10.421,0.044
3266.53129,10.297,0.036
3266.53629,10.32,0.037
3278.60864,10.224,0.057
3278.62091,10.208,0.047
3292.5345,10.411,0.051
3293.56801,10.422,0.038
3298.50418,10.423,0.04
3298.52895,10.398,0.036
3404.88403,10.409,0.049
3410.88309,10.354,0.047
3414.88178,10.411,0.056
3422.8689,10.37,0.052
3426.86242,10.367,0.059
3443.87503,10.408,0.045
3446.88537,10.404,0.039
3449.87731,10.45,0.045
3453.80279,10.408,0.046
3456.84081,10.392,0.047
3463.81654,10.335,0.046
3469.84212,10.336,0.057
3472.86391,10.371,0.041
3475.82595,10.326,0.075
3478.78756,10.337,0.047
3481.7894,10.387,0.063
3483.82058,10.36,0.044
3489.86652,10.371,0.052
3491.88992,10.367,0.068
3499.78427,10.427,0.067
3502.75037,10.429,0.062
3504.78985,10.405,0.057
3510.82468,10.336,0.046
3517.77501,10.308,0.059
3521.73467,10.294,0.065
3525.834,10.361,0.067
3528.68716,10.359,0.056
3530.72938,10.405,0.058
3547.75284,10.374,0.045
3551.74481,10.391,0.065
3556.61734,10.405,0.052
3561.66521,10.479,0.059
3563.63391,10.411,0.057
3574.78547,10.365,0.053
3576.78662,10.387,0.056
3593.55661,10.304,0.05
3599.59462,10.376,0.046
3601.66452,10.437,0.077
3603.66385,10.446,0.055
3606.6632,10.43,0.058
3616.49767,10.435,0.052
3618.60179,10.266,0.059
3628.49132,10.288,0.051
3630.57205,10.312,0.055
3632.57919,10.327,0.058
3634.60725,10.317,0.056
3637.61923,10.342,0.048
3641.57576,10.357,0.05
3643.62026,10.359,0.05
3647.55667,10.368,0.043
3654.49371,10.272,0.064
3659.52089,10.307,0.056
3661.53924,10.38,0.059
3663.54306,10.386,0.057
3666.54497,10.448,0.058
3670.50303,10.375,0.051
3676.50738,10.353,0.058
3767.87772,10.403,0.065
3774.88655,10.428,0.064
3791.87572,10.387,0.065
3795.87709,10.392,0.054
3803.86526,10.424,0.072
3806.87455,10.381,0.059
3810.86534,10.345,0.064
3814.85063,10.324,0.066
3819.83248,10.32,0.066
3822.86444,10.403,0.059
3825.85961,10.44,0.072
3829.81893,10.448,0.055
3832.83783,10.334,0.062
3835.83326,10.34,0.058
3847.8554,10.31,0.07
3852.84525,10.418,0.064
3858.77707,10.4,0.062
3860.84328,10.366,0.052
3862.83173,10.347,0.054
3866.76219,10.314,0.061
3868.78516,10.29,0.062
3872.79988,10.337,0.061
3882.71417,10.43,0.057
3892.72766,10.414,0.053
3894.71976,10.345,0.043
3900.72629,10.311,0.062
3902.73348,10.324,0.053
3904.76183,10.335,0.058
3906.76419,10.366,0.058
3908.83021,10.4,0.059
4152.88631,10.56,0.042
4156.88158,10.428,0.052
4160.87653,10.394,0.052
4164.86027,10.328,0.057
4168.8628,10.321,0.043
4174.85056,10.413,0.039
4177.8741,10.467,0.044
4181.83864,10.381,0.062
4184.88518,10.387,0.075
4188.87881,10.353,0.044
4191.83391,10.368,0.042
4194.81112,10.392,0.041
4202.84995,10.418,0.04
4205.80904,10.422,0.04
4213.85393,10.467,0.042
4216.85165,10.403,0.038
4228.82531,10.351,0.036
4230.80979,10.349,0.04
4232.81292,10.366,0.04
4234.8507,10.404,0.041
4245.72014,10.28,0.066
4247.70513,10.303,0.036
4250.82986,10.308,0.041
4255.75447,10.44,0.046
4258.68006,10.415,0.038
4266.72275,10.35,0.064
4272.65519,10.326,0.036
4274.6899,10.307,0.035
4277.66524,10.314,0.035
4282.68026,10.342,0.048
4284.68381,10.396,0.04
4286.67763,10.431,0.054
4290.67641,10.453,0.036
4292.65072,10.482,0.035
4294.65876,10.464,0.049
4296.64837,10.455,0.04
4298.65374,10.427,0.042
4300.61757,10.398,0.048
4302.66254,10.315,0.037
4304.61034,10.296,0.034
4310.60157,10.347,0.042
4312.5986,10.372,0.049
4315.60113,10.408,0.035
4317.65819,10.409,0.036
4329.53502,10.312,0.046
4331.53698,10.343,0.035
4333.53333,10.303,0.039
4338.51434,10.421,0.035
4340.57579,10.426,0.04
4342.58047,10.475,0.042
4344.57746,10.533,0.041
4346.57994,10.439,0.04
4348.58159,10.411,0.037
4350.57676,10.343,0.04
4352.58899,10.314,0.037
4355.57806,10.305,0.04
4357.58803,10.302,0.039
4359.55213,10.321,0.041
4365.49796,10.398,0.038
4368.57314,10.449,0.044
4372.59864,10.496,0.05
4375.60334,10.44,0.036
4378.50501,10.307,0.04
4380.56009,10.246,0.042
4383.53295,10.256,0.036
4386.51811,10.285,0.036
4392.49714,10.366,0.041
4400.50462,10.416,0.047
4409.51408,10.325,0.042
4494.88017,10.366,0.045
4504.88377,10.381,0.044
4508.88491,10.457,0.045
4518.87474,10.32,0.046
4522.87709,10.317,0.038
4529.85835,10.39,0.039
4533.8784,10.439,0.044
4537.8437,10.348,0.039
4540.86788,10.273,0.047
4547.83524,10.346,0.045
4551.83969,10.422,0.053
4559.85123,10.476,0.037
4562.8623,10.47,0.042
4565.87866,10.376,0.039
4568.84687,10.356,0.044
4571.80941,10.314,0.038
4574.7725,10.329,0.041
4576.83365,10.369,0.048
4586.86275,10.344,0.043
4589.80061,10.339,0.039
4592.76977,10.346,0.04
4595.77096,10.313,0.039
4597.85833,10.335,0.037
4602.77582,10.468,0.045
4606.77977,10.465,0.053
4610.78142,10.451,0.04
4612.78279,10.374,0.073
4616.78359,10.322,0.037
4622.73751,10.297,0.039
4627.71547,10.366,0.041
4629.7008,10.369,0.04
4631.71467,10.434,0.039
4633.69397,10.388,0.047
4640.65753,10.439,0.042
4642.68813,10.398,0.038
4644.71063,10.339,0.039
4646.71972,10.323,0.052
4648.763,10.355,0.041
4650.8242,10.315,0.044
4653.60971,10.309,0.037
4655.64585,10.326,0.038
4657.68244,10.334,0.051
4660.63377,10.43,0.068
4665.63048,10.47,0.043
4670.72256,10.377,0.071
4672.73512,10.379,0.039
4681.66501,10.374,0.043
4683.66433,10.368,0.05
4685.6479,10.433,0.043
4693.5454,10.353,0.043
4701.55681,10.302,0.04
4703.56097,10.303,0.044
4705.59719,10.352,0.048
4707.68375,10.378,0.05
4710.56786,10.512,0.062
4720.52758,10.452,0.044
4722.57958,10.366,0.049
4725.60196,10.397,0.056
4728.55975,10.28,0.049
4730.60237,10.338,0.049
4733.61441,10.323,0.047
4737.59596,10.342,0.037
4740.58241,10.378,0.04
4747.51394,10.313,0.055
4753.5192,10.359,0.048
4755.56689,10.359,0.047
4758.53982,10.316,0.048
4761.52917,10.366,0.047
4764.52606,10.332,0.046
4767.52218,10.423,0.051
4774.49989,10.494,0.054
4884.86344,10.582,0.052
4892.85329,10.291,0.06
4916.83957,10.395,0.059
4919.88115,10.344,0.063
4928.89062,10.363,0.07
4931.85646,10.388,0.071
4940.81812,10.437,0.062
4946.79831,10.333,0.065
4949.79831,10.303,0.065
4952.7746,10.314,0.057
4954.8278,10.292,0.059
4967.83882,10.311,0.06
4984.74961,10.36,0.063
4988.73132,10.375,0.07
5002.69736,10.348,0.066
5006.70044,10.306,0.063
5014.66445,10.387,0.058
5021.81148,10.391,0.068
5023.8124,10.376,0.059
5029.62698,10.259,0.064
5038.59759,10.384,0.07
5042.58871,10.514,0.068
5047.58812,10.374,0.07
5048.75604,10.366,0.063
5084.61629,10.426,0.058
5089.5439,10.405,0.069
5093.60049,10.377,0.063
5104.59367,10.381,0.064
5107.55495,10.321,0.072
5116.52201,10.42,0.071
5123.54453,10.475,0.071
