1949.87862,9.778,0.045
1953.87723,9.79,0.043
1954.88454,9.747,0.055
1955.86596,9.79,0.042
1962.86214,9.766,0.042
1966.85982,9.952,0.038
1978.84655,9.802,0.045
1980.89931,9.752,0.046
1981.86973,9.777,0.041
1982.81487,9.799,0.042
1994.80938,9.836,0.048
1997.82074,9.828,0.052
2025.77562,9.805,0.047
2026.81883,9.798,0.055
2027.78463,9.783,0.055
2032.7699,9.793,0.054
2033.76552,9.802,0.052
2037.72519,9.785,0.064
2052.72532,9.788,0.066
2054.72846,9.795,0.062
2055.71709,9.785,0.056
2056.71832,9.793,0.065
2058.7132,9.814,0.067
2059.76746,9.786,0.065
2070.70687,9.786,0.069
2080.60166,9.81,0.064
2082.67189,9.823,0.062
2083.65608,9.778,0.065
2085.64909,9.902,0.054
2087.64595,9.778,0.058
2088.64469,9.818,0.055
2096.67181,9.782,0.065
2102.59968,9.827,0.06
2103.61717,9.807,0.062
2104.61722,9.786,0.055
2105.61287,9.801,0.059
2106.61599,9.814,0.06
2109.60648,9.798,0.052
2115.57417,9.79,0.05
2116.58365,9.781,0.048
2117.58025,9.806,0.058
2124.59495,9.778,0.06
2125.57211,9.8,0.054
2128.55775,9.942,0.055
2129.56592,9.791,0.056
2130.5705,9.808,0.053
2131.55389,9.808,0.058
2132.56657,9.78,0.059
2134.55912,9.797,0.051
2135.55755,9.793,0.053
2136.5571,9.802,0.054
2140.53006,9.772,0.042
2141.55302,9.804,0.055
2142.54272,9.794,0.061
2143.54086,9.779,0.055
2144.53646,9.781,0.059
2145.52971,9.809,0.057
2151.51267,9.764,0.048
2156.49497,9.78,0.055
2158.51009,9.792,0.058
2164.48102,9.79,0.053
2168.55209,9.8,0.066
2172.49169,9.791,0.055
2178.48879,9.8,0.056
2180.52929,9.797,0.055
2184.52696,9.795,0.056
2188.50507,9.787,0.05
2192.49927,9.775,0.056
2195.49979,9.801,0.06
2199.48969,9.788,0.06
2206.50627,9.805,0.058
2440.67246,9.788,0.032
2442.66784,9.797,0.032
2443.66411,9.777,0.03
2444.66379,9.793,0.039
2446.67098,9.798,0.035
2452.63725,9.774,0.038
2454.64304,9.787,0.053
2455.68327,9.795,0.051
2460.65037,9.79,0.03
2463.62711,9.789,0.042
2463.63865,9.789,0.06
2464.62376,9.803,0.03
2465.62518,9.808,0.03
2467.61722,9.798,0.029
2470.56061,9.789,0.037
2473.58059,9.779,0.036
2474.63182,9.783,0.033
2481.57016,9.777,0.044
2482.61007,9.78,0.04
2486.57838,9.812,0.042
2489.56513,9.783,0.04
2490.59063,9.774,0.034
2491.56993,9.808,0.04
2493.56505,9.797,0.044
2494.57057,9.788,0.053
2495.57,9.791,0.035
2497.56715,9.794,0.035
2498.55533,9.763,0.044
2499.55115,9.793,0.038
2500.53006,9.813,0.039
2501.53662,9.793,0.039
2508.57979,9.773,0.039
2510.53766,9.789,0.048
2524.62257,9.79,0.047
2535.59355,9.778,0.038
2543.5193,9.79,0.047
2545.5138,9.775,0.036
2545.52078,9.778,0.042
2545.5276,9.786,0.046
2545.53446,9.789,0.043
2545.54132,9.788,0.043
2545.54826,9.788,0.042
2545.55512,9.794,0.038
2545.56195,10.111,0.042
2545.57579,9.772,0.041
2546.51141,9.765,0.052
2546.52324,9.774,0.042
2546.53496,9.781,0.054
2546.54656,9.795,0.048
2546.55808,9.791,0.044
2546.56957,9.784,0.056
2547.48158,9.772,0.053
2547.49349,9.772,0.05
2547.50514,9.792,0.043
2547.51678,9.808,0.044
2547.52835,9.782,0.055
2547.53984,9.809,0.06
2547.55147,9.791,0.046
2548.48129,9.773,0.045
2548.517,9.785,0.039
2548.52858,9.823,0.04
2548.55161,9.828,0.045
2548.56363,9.838,0.043
2549.4816,9.767,0.036
2549.49354,9.793,0.032
2549.50517,9.789,0.032
2549.52836,9.792,0.033
2549.53977,9.801,0.033
2549.55138,9.817,0.032
2549.56293,9.786,0.035
2552.4825,9.764,0.045
2552.49893,9.779,0.047
2552.51509,9.761,0.047
2552.53107,9.779,0.047
2552.54723,9.779,0.047
2553.48304,9.784,0.039
2553.50676,9.786,0.036
2553.51624,9.785,0.043
2553.52776,9.794,0.037
2553.53926,9.811,0.038
2553.54874,9.794,0.036
2561.49449,9.789,0.043
2561.50589,9.79,0.046
2561.51367,9.795,0.048
2561.52048,9.78,0.048
2561.52739,9.782,0.046
2562.49968,9.777,0.047
2562.5158,9.806,0.051
2562.52301,9.798,0.048
2562.52984,9.796,0.054
2563.49366,9.777,0.043
2563.51596,9.786,0.04
2563.52782,9.783,0.042
2564.48685,9.776,0.05
2564.49674,9.777,0.044
2564.50832,9.777,0.04
2564.52005,9.769,0.043
2565.48731,9.803,0.048
2565.49899,9.776,0.038
2565.51057,9.795,0.042
2565.52216,9.794,0.04
2566.48768,9.762,0.052
2566.49936,9.807,0.044
2566.51097,9.811,0.06
2568.48832,9.784,0.043
2568.50468,9.768,0.036
2679.87247,9.775,0.036
2683.88517,9.799,0.049
2684.87447,9.789,0.049
2685.87809,9.801,0.042
2686.87345,9.786,0.046
2686.88749,9.785,0.047
2688.87046,9.941,0.047
2689.86436,9.773,0.049
2689.88299,9.794,0.052
2690.8649,9.789,0.055
2690.88145,9.781,0.057
2698.86646,9.779,0.052
2698.88568,9.797,0.053
2699.85034,9.785,0.044
2699.86692,9.783,0.049
2699.8832,9.779,0.046
2700.86171,9.779,0.048
2700.88,9.836,0.042
2700.89885,9.807,0.046
2701.85047,9.788,0.043
2701.88357,9.794,0.051
2702.87718,9.784,0.043
2702.89616,9.794,0.053
2703.84615,9.784,0.039
2703.86244,9.797,0.036
2703.89262,9.774,0.038
2704.841,9.796,0.045
2704.85708,9.755,0.047
2704.8731,9.744,0.051
2704.89018,9.781,0.046
2742.82052,9.913,0.044
2744.8175,9.846,0.039
2751.88414,9.778,0.038
2754.82133,9.789,0.042
2756.78218,9.793,0.04
2758.82023,9.781,0.041
2760.77269,9.771,0.045
2764.75942,9.797,0.04
2768.84132,9.774,0.059
2770.80151,9.817,0.037
2783.66643,9.797,0.042
2786.71289,9.8,0.043
2790.72818,9.794,0.037
2794.7174,9.808,0.04
2808.85497,9.795,0.046
2810.64452,9.777,0.041
2811.83555,9.799,0.045
2813.72071,9.782,0.043
2819.68908,9.777,0.036
2834.65251,9.794,0.045
2835.76244,9.797,0.044
2838.75325,9.798,0.046
2839.52137,9.932,0.05
2839.52358,9.921,0.044
2839.5258,9.933,0.035
2839.52801,9.926,0.034
2839.53023,9.92,0.034
2839.53244,9.926,0.032
2839.53465,9.92,0.033
2839.53686,9.94,0.033
2839.53907,9.935,0.034
2839.54738,9.952,0.034
2839.54959,9.942,0.032
2839.55181,9.935,0.031
2839.55741,9.948,0.035
2839.56277,9.939,0.035
2839.57468,9.947,0.034
2839.57969,9.953,0.033
2839.58459,9.945,0.034
2839.58951,9.948,0.033
2839.59478,9.958,0.033
2839.5996,9.947,0.033
2839.60713,9.917,0.037
2839.61476,9.952,0.034
2839.63087,9.943,0.035
2839.63782,9.925,0.034
2839.64914,9.938,0.034
2839.65357,9.949,0.033
2839.65578,9.929,0.032
2839.65799,9.93,0.032
2839.6602,9.942,0.033
2839.66241,9.937,0.034
2839.67061,9.942,0.038
2839.67282,9.945,0.046
2839.70096,9.964,0.054
2839.70549,9.946,0.042
2839.71005,9.933,0.039
2839.71462,9.949,0.036
2839.71926,9.934,0.035
2839.72384,9.931,0.034
2839.73552,9.932,0.035
2839.74035,9.918,0.036
2839.74518,9.903,0.04
2839.75266,9.947,0.04
2839.78445,9.908,0.039
2839.80395,9.915,0.041
2839.81367,9.871,0.047
2839.82352,9.864,0.045
2840.4662,9.794,0.035
2840.46841,9.782,0.037
2840.47063,9.784,0.038
2840.47284,9.788,0.034
2840.47505,9.794,0.034
2840.47727,9.782,0.034
2840.47948,9.776,0.034
2840.48169,9.788,0.032
2840.4839,9.785,0.033
2840.48611,9.79,0.033
2840.48832,9.783,0.032
2840.49054,9.785,0.032
2840.49275,9.787,0.033
2840.49496,9.785,0.031
2840.49718,9.798,0.032
2840.49939,9.797,0.031
2840.5016,9.791,0.031
2840.50381,9.8,0.032
2840.50603,9.784,0.032
2840.51045,9.787,0.032
2840.51488,9.791,0.031
2840.51709,9.794,0.032
2840.52261,9.798,0.033
2840.52829,9.789,0.033
2840.53381,9.797,0.032
2840.53889,9.789,0.032
2840.54389,9.77,0.042
2840.54905,9.788,0.033
2840.55414,9.791,0.032
2840.55923,9.792,0.031
2840.56432,9.782,0.032
2840.56949,9.784,0.034
2840.57689,9.792,0.032
2840.58435,9.781,0.032
2840.59168,9.791,0.032
2840.59896,9.782,0.034
2840.60619,9.794,0.032
2840.61334,9.796,0.034
2840.623,9.784,0.034
2840.63257,9.786,0.032
2840.64193,9.791,0.033
2840.6512,9.78,0.033
2840.66046,9.766,0.033
2840.66973,9.766,0.032
2840.67887,9.808,0.035
2840.68804,9.767,0.032
2840.69796,9.795,0.04
2840.70753,9.778,0.033
2840.71703,9.792,0.032
2840.72629,9.786,0.029
2840.74505,9.785,0.035
2840.75434,9.782,0.032
2840.76381,9.776,0.034
2840.77367,9.803,0.04
2840.7832,9.773,0.037
2840.80145,9.803,0.041
2840.80368,9.784,0.048
2840.81101,9.76,0.043
2840.82065,9.799,0.04
2841.46934,9.777,0.037
2841.4797,9.776,0.036
2841.4904,9.771,0.034
2841.50049,9.776,0.032
2841.5244,9.785,0.032
2841.53431,9.78,0.033
2841.54423,9.798,0.031
2841.55426,9.785,0.032
2841.56313,9.783,0.034
2841.57319,9.772,0.033
2841.58949,9.806,0.034
2841.59933,9.782,0.034
2841.61725,9.784,0.033
2841.64345,9.774,0.032
2841.65256,9.785,0.033
2841.67049,9.793,0.035
2841.68766,9.776,0.034
2845.76928,9.783,0.035
2853.58067,9.782,0.034
2855.57702,9.804,0.036
2861.57986,9.791,0.044
2862.71391,9.758,0.05
2863.47223,9.786,0.041
2863.47444,9.766,0.038
2863.47666,9.791,0.038
2863.47887,9.771,0.038
2863.48108,9.795,0.037
2863.48329,9.803,0.039
2863.4855,9.78,0.037
2863.48771,9.781,0.037
2863.48994,9.781,0.037
2863.49215,9.768,0.037
2863.49436,9.803,0.038
2863.49878,9.785,0.038
2863.501,9.78,0.039
2863.50555,9.783,0.037
2863.51556,9.793,0.039
2863.52039,9.789,0.039
2863.53247,9.79,0.039
2863.54465,9.787,0.04
2864.47237,9.776,0.037
2864.47458,9.775,0.035
2864.47679,9.771,0.034
2864.479,9.8,0.034
2864.48343,9.785,0.035
2864.48564,9.779,0.035
2864.48785,9.789,0.034
2864.49006,9.789,0.034
2864.49227,9.764,0.034
2864.49448,9.775,0.034
2864.4967,9.776,0.035
2864.49891,9.798,0.035
2864.50418,9.788,0.035
2864.50926,9.776,0.036
2864.51426,9.794,0.034
2864.51917,9.789,0.035
2864.5314,9.785,0.037
2864.54382,9.768,0.034
2864.7144,9.806,0.039
2864.71661,9.784,0.038
2864.71882,9.784,0.038
2864.72103,9.783,0.038
2864.72325,9.79,0.038
2864.72546,9.775,0.038
2864.72767,9.771,0.039
2864.72988,9.787,0.039
2864.73209,9.783,0.038
2865.47813,9.783,0.048
2865.48034,9.786,0.051
2865.48255,9.778,0.047
2865.48476,9.771,0.051
2865.48919,9.753,0.045
2865.49582,9.776,0.05
2865.50025,9.76,0.041
2865.50246,9.769,0.041
2865.5072,9.794,0.043
2865.51195,9.751,0.042
2865.51713,9.785,0.041
2865.52178,9.779,0.041
2865.53375,9.789,0.041
2865.5457,9.774,0.042
2866.71465,9.799,0.04
2872.70733,9.784,0.04
2875.70859,9.794,0.046
2877.67415,9.79,0.045
2879.70289,9.778,0.047
2883.51028,9.786,0.036
2893.56411,9.931,0.045
2895.57269,9.786,0.044
2897.58165,9.796,0.041
2904.62046,9.805,0.057
2910.49643,9.789,0.042
2916.50711,9.794,0.047
2922.53422,9.79,0.054
2924.54181,9.805,0.048
2927.54092,9.797,0.04
2929.53969,9.772,0.048
2931.54458,9.807,0.046
2933.54542,9.78,0.047
2935.54446,9.785,0.047
2937.54736,9.774,0.046
2943.51655,9.756,0.045
2951.50556,9.797,0.042
3056.8872,9.78,0.043
3060.88924,9.815,0.049
3064.88691,9.783,0.048
3066.86915,9.771,0.043
3068.88379,9.795,0.048
3072.87579,9.776,0.044
3076.81072,9.911,0.059
3081.8497,9.786,0.062
3087.84893,9.8,0.045
3090.878,9.785,0.045
3097.80618,9.787,0.036
3100.85612,9.781,0.042
3103.84784,9.797,0.071
3107.90165,9.78,0.044
3110.83504,9.788,0.033
3113.82104,9.791,0.043
3114.77786,9.81,0.047
3116.81523,9.811,0.035
3122.83823,9.782,0.043
3125.75823,9.77,0.051
3127.76921,9.796,0.063
3134.82976,9.776,0.036
3144.76012,9.784,0.038
3154.63662,9.805,0.04
3154.65318,9.793,0.038
3154.708,9.788,0.037
3154.73431,9.769,0.038
3154.76566,9.788,0.038
3154.79576,9.797,0.035
3154.88442,9.785,0.039
3154.94256,9.776,0.042
3156.60664,9.785,0.053
3156.63634,9.779,0.042
3156.66537,9.794,0.042
3156.72495,9.791,0.036
3156.77952,9.767,0.042
3156.80608,9.785,0.061
3156.83238,9.963,0.038
3156.86193,9.798,0.034
3156.89053,9.76,0.038
3156.91755,9.783,0.043
3157.75182,9.808,0.04
3157.76471,9.811,0.041
3162.75052,9.935,0.047
3164.78006,9.792,0.034
3167.59702,9.782,0.042
3167.62308,9.787,0.037
3167.64979,9.772,0.036
3167.66491,9.784,0.037
3167.66734,9.789,0.036
3167.66976,9.795,0.037
3167.70935,9.787,0.037
3167.71438,9.79,0.035
3168.58753,9.791,0.045
3168.62086,9.814,0.041
3168.65145,9.801,0.037
3168.67989,9.799,0.042
3168.71335,9.808,0.039
3168.74203,9.808,0.037
3168.83466,9.779,0.04
3168.86052,9.789,0.038
3168.889,9.784,0.04
3168.91797,9.735,0.052
3169.79153,9.778,0.046
3172.77281,9.795,0.048
3176.59553,9.799,0.045
3176.65001,9.771,0.039
3176.66891,9.768,0.039
3182.65408,9.792,0.044
3184.65054,9.792,0.037
3189.68304,9.793,0.047
3190.86837,9.787,0.054
3190.87079,9.791,0.054
3190.87324,9.791,0.047
3190.87568,9.781,0.051
3191.61269,9.785,0.051
3191.61748,9.796,0.048
3191.62226,9.777,0.054
3191.62475,9.783,0.05
3191.62722,9.789,0.046
3191.62965,9.792,0.039
3191.63211,9.804,0.046
3191.6346,9.774,0.046
3191.63708,9.798,0.037
3191.63954,9.786,0.045
3191.64282,9.789,0.037
3191.64677,9.759,0.058
3191.65484,9.787,0.044
3191.66038,9.786,0.041
3191.66544,9.781,0.043
3191.67075,9.766,0.052
3191.68643,9.777,0.041
3191.69961,9.781,0.052
3191.72591,9.794,0.042
3191.75229,9.875,0.044
3191.7811,9.808,0.045
3191.79669,9.795,0.056
3191.81002,9.756,0.057
3191.8362,9.771,0.045
3191.86524,9.782,0.057
3266.51329,9.809,0.039
3273.60645,9.792,0.054
3276.56753,9.815,0.058
3279.52064,9.811,0.05
3294.53531,9.795,0.037
3299.53062,9.785,0.045
3416.88184,9.803,0.058
3421.88669,9.785,0.071
3425.87873,9.802,0.063
3443.89567,9.787,0.038
3447.85234,9.794,0.056
3450.87887,9.787,0.039
3453.8337,9.923,0.051
3453.84178,9.926,0.04
3456.86397,9.785,0.043
3459.72949,9.796,0.058
3459.732,9.783,0.044
3459.73457,9.771,0.059
3460.72673,9.794,0.067
3460.72919,9.768,0.065
3463.83614,9.965,0.042
3465.74239,9.808,0.041
3466.72654,9.772,0.047
3466.72905,9.759,0.059
3466.86338,9.782,0.041
3467.7093,9.786,0.058
3467.84537,9.783,0.056
3469.8544,9.797,0.057
3469.90801,9.775,0.04
3473.81181,9.811,0.036
3476.82908,9.789,0.058
3478.86079,9.788,0.048
3481.7945,9.793,0.065
3483.83435,9.773,0.045
3490.85506,9.784,0.068
3492.86111,9.78,0.059
3496.8267,9.96,0.051
3500.78528,9.778,0.063
3504.8135,9.777,0.061
3508.88147,9.789,0.043
3511.75422,9.796,0.055
3517.78272,9.79,0.058
3523.7748,9.794,0.058
3525.83661,9.807,0.063
3528.69841,9.786,0.057
3538.72305,9.792,0.057
3540.71981,9.796,0.047
3541.63169,9.784,0.065
3541.76722,9.761,0.047
3544.71492,9.786,0.064
3547.76585,9.826,0.058
3549.8453,9.806,0.054
3550.53084,9.865,0.052
3550.56252,9.889,0.043
3550.59381,10.079,0.04
3550.62245,9.956,0.04
3550.64945,9.927,0.038
3550.67897,9.925,0.04
3550.70581,9.946,0.046
3551.75774,9.796,0.064
3552.60054,9.788,0.054
3552.6313,9.79,0.043
3552.65996,9.779,0.037
3552.68729,9.821,0.04
3552.71536,9.795,0.044
3552.74174,9.783,0.049
3554.73084,9.789,0.049
3556.8159,9.81,0.058
3559.82417,9.794,0.049
3562.60889,9.821,0.04
3564.64728,9.797,0.047
3572.81199,9.792,0.055
3573.46619,9.798,0.042
3573.46861,9.793,0.039
3573.47108,9.75,0.04
3573.4736,9.754,0.04
3573.4761,9.788,0.039
3573.4786,9.789,0.037
3573.48106,9.77,0.04
3573.48349,9.795,0.039
3573.48598,9.782,0.04
3573.48848,9.779,0.039
3573.49177,9.78,0.038
3573.49415,9.778,0.038
3573.49667,9.793,0.038
3573.49918,9.766,0.037
3573.50593,9.789,0.037
3573.51239,9.79,0.038
3573.51874,9.789,0.038
3573.52494,9.783,0.04
3573.53914,9.793,0.037
3573.55354,9.79,0.037
3573.58403,9.79,0.038
3573.61153,9.793,0.037
3573.6382,9.785,0.037
3573.66665,9.788,0.037
3573.69352,9.763,0.038
3573.72284,9.798,0.039
3573.75512,9.784,0.038
3573.78805,9.792,0.04
3573.81995,9.759,0.06
3574.48606,9.771,0.036
3574.51327,9.785,0.036
3574.54015,9.934,0.037
3574.56864,9.789,0.039
3575.56785,9.772,0.049
3577.61589,9.792,0.06
3583.72316,9.766,0.057
3585.75562,9.789,0.056
3588.53856,9.804,0.057
3590.64995,9.803,0.064
3592.65121,9.787,0.065
3599.66678,9.817,0.052
3601.70319,9.774,0.057
3604.50827,9.951,0.062
3608.52591,9.823,0.058
3617.60975,9.786,0.061
3622.56042,9.791,0.06
3628.55892,9.767,0.047
3630.64011,9.787,0.059
3633.51534,9.775,0.056
3639.56101,9.787,0.053
3642.56378,9.802,0.051
3644.58621,9.794,0.067
3648.55326,9.793,0.058
3654.51841,9.793,0.057
3656.5607,9.781,0.059
3659.53366,9.784,0.054
3661.54686,9.779,0.059
3663.55113,9.785,0.057
3668.50071,9.789,0.05
3671.50474,9.8,0.048
3792.87749,9.779,0.058
3796.8728,9.787,0.058
3800.87763,9.764,0.062
3804.85712,9.785,0.063
3808.85429,10.178,0.065
3812.85274,9.789,0.062
3819.85578,9.847,0.07
3822.87699,9.812,0.066
3826.84583,9.794,0.069
3829.86734,9.793,0.058
3832.86039,9.77,0.059
3835.8555,9.781,0.058
3851.81032,9.776,0.064
3861.81984,9.827,0.057
3863.83753,9.791,0.058
3865.79237,9.775,0.055
3867.79038,9.778,0.058
3874.75628,9.823,0.06
3880.74684,9.8,0.057
3883.72642,9.785,0.061
3887.73328,9.785,0.053
3889.75715,9.777,0.056
3891.76261,9.81,0.049
3893.74539,9.794,0.049
3900.73773,9.791,0.063
3902.74121,9.793,0.057
3904.77258,9.769,0.061
3906.77506,9.924,0.062
3908.84492,9.782,0.061
3912.76417,9.788,0.057
4153.89215,9.902,0.043
4157.88907,9.82,0.045
4161.88186,9.808,0.041
4165.8639,9.782,0.061
4174.871,9.786,0.04
4178.85562,9.784,0.064
4181.8815,9.777,0.059
4185.85323,9.777,0.046
4189.84688,9.785,0.039
4192.82423,9.794,0.039
4202.86312,9.812,0.039
4205.83309,9.796,0.04
4215.81554,9.78,0.04
4228.83265,9.816,0.04
4230.81873,9.782,0.035
4232.87454,9.795,0.04
4234.87307,9.802,0.045
4245.74071,9.791,0.066
4247.7224,9.781,0.041
4250.84391,9.871,0.044
4255.7692,9.793,0.047
4258.68867,9.777,0.037
4268.63158,9.821,0.054
4273.81264,9.789,0.036
4278.68491,9.785,0.037
4283.6836,9.805,0.046
4285.68023,9.794,0.044
4291.67548,9.794,0.034
4293.66443,9.789,0.034
4295.68037,9.794,0.038
4297.67079,9.79,0.047
4299.64605,9.791,0.038
4301.62817,9.8,0.045
4303.62699,9.788,0.036
4305.61767,9.765,0.036
4310.60913,9.818,0.041
4312.60618,9.805,0.046
4315.60871,9.945,0.035
4317.66919,9.785,0.037
4330.59081,9.894,0.04
4332.58829,9.793,0.038
4338.60327,9.77,0.037
4340.66422,9.776,0.043
4342.65846,9.809,0.045
4344.65799,9.786,0.047
4346.65584,9.785,0.039
4348.66427,9.781,0.039
4350.66953,9.805,0.048
4353.53681,9.789,0.036
4355.62493,9.787,0.039
4357.62938,9.795,0.039
4365.51721,9.791,0.036
4368.59575,9.784,0.044
4376.54067,9.787,0.038
4378.56413,9.789,0.044
4380.58768,9.791,0.044
4383.54662,9.784,0.037
4386.52843,9.788,0.038
4392.51487,9.82,0.042
4403.51114,9.803,0.038
4409.50771,9.779,0.039
4519.87888,9.759,0.048
4523.87644,9.79,0.042
4529.87183,9.791,0.044
4533.8942,9.788,0.042
4537.87034,9.789,0.039
4541.85002,9.949,0.038
4548.85304,9.785,0.044
4557.8431,9.792,0.038
4560.85933,9.777,0.041
4563.85317,9.794,0.038
4566.85224,9.766,0.041
4569.84499,9.805,0.037
4572.80716,9.775,0.041
4574.82489,10,0.044
4576.85542,9.781,0.049
4583.86204,9.784,0.04
4586.88292,9.755,0.042
4589.81202,9.786,0.042
4592.79193,9.795,0.043
4595.77774,9.947,0.038
4597.86188,9.78,0.036
4602.77925,9.789,0.044
4610.79334,9.8,0.042
4616.91141,9.799,0.043
4622.85273,9.78,0.04
4627.73061,9.781,0.04
4629.71024,9.79,0.04
4631.72774,9.791,0.04
4633.70764,9.82,0.047
4639.73715,9.754,0.052
4641.73632,9.779,0.039
4643.73532,9.781,0.045
4645.74807,9.784,0.041
4647.78616,9.804,0.047
4649.83561,9.861,0.054
4652.6189,9.806,0.04
4654.66139,9.783,0.04
4656.6566,9.789,0.044
4658.70046,9.786,0.057
4665.64206,9.789,0.044
4667.66963,9.786,0.047
4672.74952,9.781,0.037
4681.68566,9.771,0.046
4683.68228,9.786,0.046
4685.66134,9.785,0.047
4687.63167,9.822,0.042
4693.56113,9.791,0.052
4697.62434,9.78,0.036
4701.62037,9.787,0.039
4703.62411,9.94,0.046
4705.6595,9.785,0.044
4708.61257,9.813,0.043
4710.63024,9.779,0.055
4720.63196,9.777,0.046
4722.65967,9.786,0.05
4726.55524,9.796,0.049
4729.54847,9.793,0.041
4731.58474,9.802,0.066
4734.61812,9.79,0.045
4739.53587,9.775,0.042
4747.532,9.768,0.055
4750.5605,9.792,0.056
4753.55256,9.75,0.046
4756.52871,9.786,0.047
4759.52052,9.81,0.05
4762.51934,9.783,0.047
4765.51404,9.793,0.046
4768.51008,9.809,0.049
4891.88773,9.825,0.061
4905.86544,9.784,0.061
4916.87403,9.806,0.06
4920.84983,9.771,0.067
4947.79757,9.786,0.056
4952.85034,9.787,0.057
4955.77497,9.8,0.063
4967.86694,9.802,0.064
4973.83949,9.779,0.06
4985.71632,9.804,0.056
4993.73959,9.784,0.061
5006.84526,9.774,0.062
5012.72573,9.79,0.058
5014.67559,9.788,0.057
5022.66881,9.775,0.064
5024.67689,9.779,0.065
5037.65142,9.909,0.049
5039.6152,9.781,0.055
5041.60565,9.796,0.052
5048.6195,9.798,0.06
5063.66811,9.747,0.058
5075.58616,9.825,0.06
5086.52155,9.776,0.067
5088.57741,9.787,0.066
5105.60359,9.756,0.065
5111.52565,9.801,0.055
5122.55231,9.756,0.064
