1947.88374,11.131,0.038
1950.86934,11.13,0.042
1954.87335,11.116,0.039
1955.8572,11.073,0.033
1961.8865,11.013,0.037
1963.86687,10.997,0.033
1965.86244,11.054,0.032
1967.865,11.047,0.036
1978.81197,11.214,0.043
1979.84605,11.242,0.041
1980.82505,11.22,0.043
1981.84012,11.186,0.04
1982.80377,11.198,0.043
1994.78866,11.327,0.045
1997.80247,11.442,0.048
2025.75974,11.337,0.038
2032.76086,11.319,0.036
2033.75875,11.364,0.037
2083.64911,11.104,0.043
2087.63899,11.197,0.048
2103.61244,11.448,0.042
2109.60174,11.477,0.037
2115.57163,11.433,0.037
2116.57664,11.475,0.037
2117.5755,11.388,0.039
2124.55146,11.27,0.043
2125.5673,11.254,0.042
2130.56789,11.236,0.037
2133.55142,11.201,0.04
2134.54494,11.152,0.04
2135.54601,11.147,0.039
2140.52774,11.112,0.043
2142.51725,11.169,0.039
2151.51481,11.248,0.045
2156.48797,11.231,0.034
2164.47852,11.099,0.036
2168.54968,10.997,0.038
2172.48929,10.953,0.035
2178.48638,11.002,0.038
2180.53133,11.057,0.037
2184.53135,11.048,0.047
2188.51177,11.102,0.035
2192.50133,11.128,0.035
2441.66561,11.234,0.034
2443.65941,11.208,0.026
2444.65222,11.206,0.029
2446.66627,11.208,0.029
2452.62571,11.224,0.04
2459.61282,11.248,0.046
2463.64063,11.195,0.027
2464.61902,11.279,0.029
2465.62043,11.275,0.029
2466.60753,11.26,0.028
2467.61244,11.233,0.034
2470.5372,11.247,0.031
2474.6225,11.173,0.034
2482.59589,11.17,0.038
2486.57132,11.138,0.045
2489.56035,11.1,0.037
2490.60669,11.064,0.037
2493.56026,11.065,0.04
2495.56736,11.118,0.033
2497.55787,11.084,0.031
2498.54597,11.095,0.033
2499.53951,11.089,0.027
2508.57056,11.204,0.032
2510.53066,11.196,0.036
2511.59233,11.195,0.037
2512.65139,11.337,0.048
2519.65366,11.23,0.033
2521.65567,11.242,0.033
2524.61338,11.349,0.043
2543.51237,11.193,0.036
2544.49166,11.22,0.035
2545.55285,11.158,0.034
2547.53527,11.204,0.034
2552.52426,11.338,0.044
2560.48978,11.248,0.033
2561.51828,11.282,0.037
2564.52232,11.353,0.035
2566.49718,11.292,0.036
2568.53853,11.325,0.036
2678.87312,11.342,0.036
2685.86873,11.255,0.033
2688.8729,11.203,0.039
2690.88552,11.206,0.036
2693.86357,11.186,0.034
2698.8568,11.111,0.037
2701.84353,11.11,0.033
2704.84566,11.058,0.033
2706.86653,11.112,0.033
2711.8309,11.101,0.03
2713.86742,11.142,0.032
2717.84758,11.125,0.035
2719.85576,11.115,0.033
2720.8178,11.123,0.037
2725.78682,11.129,0.034
2727.84169,11.098,0.034
2729.83267,11.16,0.036
2732.86927,11.126,0.034
2734.83991,11.162,0.032
2736.81316,11.187,0.031
2738.82916,11.203,0.033
2740.8075,11.211,0.038
2744.79595,11.35,0.051
2751.86773,11.438,0.035
2754.80976,11.458,0.033
2756.77009,11.453,0.031
2758.80878,11.476,0.029
2760.75837,11.418,0.034
2764.7475,11.43,0.033
2768.83207,11.375,0.035
2770.79462,11.39,0.042
2775.79778,11.423,0.036
2782.77636,11.489,0.047
2784.73145,11.468,0.03
2786.69223,11.436,0.034
2787.85465,11.462,0.039
2791.65946,11.411,0.035
2795.74352,11.467,0.034
2808.70976,11.224,0.031
2810.63295,11.198,0.031
2811.81572,11.18,0.035
2813.70912,11.192,0.034
2820.70452,11.078,0.029
2826.73553,11.063,0.028
2830.61263,11.043,0.041
2835.62683,11.082,0.03
2838.62847,11.135,0.029
2840.68315,11.103,0.031
2845.67292,11.266,0.03
2851.5867,11.372,0.027
2853.74471,11.428,0.031
2855.62088,11.477,0.033
2861.56826,11.4,0.03
2862.67814,11.381,0.034
2866.67894,11.31,0.034
2867.73639,11.32,0.034
2872.52558,11.387,0.029
2874.72286,11.352,0.036
2876.6402,11.355,0.035
2878.63041,11.433,0.038
2883.55984,11.454,0.031
2888.49522,11.538,0.031
2892.49597,11.419,0.037
2894.70156,11.476,0.033
2897.61694,11.387,0.037
2899.60138,11.337,0.045
2904.64002,11.286,0.044
2910.5032,11.271,0.034
2916.49019,11.26,0.041
2917.59014,11.219,0.034
2921.58927,11.175,0.038
2923.5798,11.182,0.04
2928.57731,11.042,0.035
2931.51275,11.01,0.034
2933.52211,11.034,0.035
2935.52339,11.013,0.037
2937.52244,10.97,0.036
2943.50283,11.014,0.037
2947.50711,11.013,0.039
2951.508,11.09,0.038
3054.88419,11.075,0.032
3055.81717,11.122,0.042
3057.82422,11.099,0.041
3059.85594,11.092,0.034
3067.89681,11.18,0.033
3075.86116,11.344,0.034
3080.85228,11.512,0.036
3086.89861,11.626,0.033
3090.83658,11.747,0.039
3096.91284,11.697,0.033
3102.85879,11.501,0.038
3107.89134,11.289,0.035
3113.80802,11.108,0.032
3114.71911,11.086,0.04
3116.79617,11.009,0.034
3125.75038,11.001,0.037
3127.74793,11.111,0.043
3129.79093,11.08,0.052
3130.88156,11.036,0.037
3134.80681,11.119,0.033
3134.81947,11.085,0.033
3144.75345,11.215,0.033
3152.86228,11.166,0.035
3154.70184,11.153,0.032
3162.70343,11.128,0.032
3164.73369,11.103,0.033
3167.75173,11.088,0.031
3169.72032,11.106,0.032
3171.85324,11.066,0.055
3178.66149,11.249,0.037
3180.76054,11.238,0.037
3183.74281,11.307,0.034
3191.74947,11.523,0.04
3266.53629,11.331,0.029
3278.60864,11.315,0.04
3292.5345,11.288,0.037
3298.50418,11.216,0.032
3404.88403,11.725,0.04
3410.88309,11.271,0.038
3414.88178,11.242,0.036
3422.8689,11.144,0.043
3426.86242,11.143,0.04
3443.87503,11.044,0.039
3446.88537,11.078,0.033
3450.85023,11.086,0.037
3453.82351,11.095,0.034
3456.84081,11.098,0.038
3463.81654,11.165,0.04
3463.82451,11.179,0.036
3469.84212,11.259,0.038
3472.86391,11.273,0.035
3473.79462,11.256,0.032
3475.82595,11.249,0.047
3478.78756,11.253,0.041
3481.7894,11.154,0.042
3483.82058,11.213,0.037
3489.86652,11.227,0.039
3491.88992,11.163,0.049
3496.81253,11.244,0.032
3499.78427,11.221,0.048
3502.75037,11.26,0.042
3504.78985,11.29,0.041
3510.82468,11.349,0.032
3517.77501,11.286,0.04
3521.73467,11.395,0.042
3525.834,11.299,0.046
3528.68716,11.339,0.041
3530.72938,11.265,0.04
3547.75284,11.06,0.039
3551.74481,11.095,0.049
3556.61734,11.051,0.035
3561.66521,11.059,0.04
3563.63391,11.08,0.038
3574.78547,11.145,0.036
3576.78662,11.163,0.038
3593.55661,11.261,0.034
3596.73848,11.288,0.035
3599.59462,11.299,0.032
3601.66452,11.235,0.053
3603.66385,11.344,0.037
3606.6632,11.368,0.041
3616.49767,11.369,0.039
3618.60179,11.394,0.043
3628.49132,11.377,0.036
3630.57205,11.359,0.037
3632.57919,11.314,0.037
3634.60725,11.29,0.037
3637.61923,11.271,0.036
3641.57576,11.194,0.034
3643.62026,11.212,0.034
3647.55667,11.21,0.03
3654.49371,11.248,0.044
3659.52089,11.149,0.037
3661.53924,11.157,0.04
3663.54306,11.153,0.038
3666.54497,11.104,0.04
3670.50303,11.074,0.036
3676.50738,11.008,0.04
3767.87772,11.249,0.043
3774.88655,11.076,0.044
3787.80163,10.981,0.043
3787.80412,10.976,0.041
3787.80659,10.938,0.044
3787.80919,10.982,0.044
3787.81173,10.881,0.042
3787.81422,10.922,0.046
3787.81752,10.938,0.041
3787.82011,10.945,0.043
3787.82259,10.942,0.043
3791.86758,10.977,0.041
3791.87572,10.912,0.043
3795.87709,10.974,0.037
3795.88295,11.019,0.038
3803.86526,11.1,0.048
3803.87765,11.075,0.045
3806.87455,11.146,0.04
3806.88784,11.11,0.043
3810.86534,11.143,0.043
3814.83987,11.187,0.046
3814.85063,11.174,0.045
3817.76397,11.286,0.042
3817.79346,11.251,0.045
3817.82384,11.295,0.043
3817.85291,11.274,0.04
3817.88154,11.286,0.043
3817.9094,11.305,0.042
3818.75047,11.315,0.044
3818.78028,11.239,0.043
3818.83776,11.291,0.046
3818.86603,11.282,0.054
3818.89487,11.246,0.041
3819.83248,11.348,0.047
3822.86444,11.337,0.039
3825.85961,11.363,0.045
3825.8725,11.571,0.041
3829.81893,11.462,0.037
3832.81506,11.5,0.041
3832.83783,11.458,0.043
3835.83326,11.431,0.039
3847.8554,11.158,0.047
3848.85389,11.174,0.047
3852.84525,11.185,0.044
3858.77707,11.221,0.045
3860.84328,11.234,0.035
3861.80233,11.238,0.042
3862.83173,11.173,0.036
3866.76219,11.182,0.041
3868.78516,11.208,0.043
3872.79988,11.206,0.041
3882.71417,11.067,0.038
3892.72766,11.067,0.036
3894.71976,11.035,0.031
3896.73301,11.058,0.035
3900.72629,11.052,0.039
3902.73348,10.996,0.036
3904.76183,11.029,0.04
3906.76419,11.034,0.04
3908.83021,11.105,0.04
4152.89398,11.421,0.032
4156.88741,11.424,0.044
4160.8789,11.406,0.037
4164.86027,11.511,0.045
4164.86875,11.439,0.043
4168.88237,11.482,0.036
4174.86538,11.464,0.032
4177.8741,11.422,0.035
4177.89181,11.391,0.039
4181.85503,11.309,0.047
4184.88518,11.295,0.055
4185.84099,11.256,0.035
4188.87881,11.232,0.037
4189.83155,11.193,0.029
4194.81112,11.034,0.034
4196.84772,11.103,0.044
4202.84995,10.99,0.035
4202.86084,10.911,0.036
4205.80904,10.944,0.033
4205.82098,10.936,0.035
4213.85393,10.997,0.034
4213.86781,11.005,0.033
4216.86141,10.999,0.032
4228.82787,11.224,0.032
4230.80979,11.216,0.034
4230.81313,11.241,0.028
4232.81292,11.373,0.032
4232.82039,11.229,0.037
4234.8507,11.231,0.033
4234.86191,11.275,0.031
4245.72014,11.352,0.048
4245.72677,11.335,0.048
4247.70513,11.279,0.03
4247.71102,11.295,0.028
4250.82986,11.301,0.033
4255.75447,11.371,0.035
4258.68006,11.4,0.031
4258.68623,11.406,0.03
4266.72275,11.528,0.048
4268.7266,11.571,0.047
4269.7592,11.657,0.032
4272.65519,11.618,0.03
4274.6899,11.624,0.031
4277.66524,11.569,0.029
4282.68026,11.434,0.038
4284.68381,11.349,0.032
4286.67763,11.283,0.04
4290.67641,11.24,0.031
4290.68466,11.18,0.029
4292.65072,11.182,0.03
4294.65876,11.187,0.038
4296.64837,11.092,0.034
4298.65374,11.109,0.032
4300.61757,11.085,0.042
4302.66254,11.047,0.03
4304.61034,11.099,0.029
4310.60157,10.952,0.033
4312.5986,11.069,0.038
4315.60113,11.119,0.029
4317.65819,11.109,0.03
4329.53502,11.149,0.038
4331.53698,11.18,0.028
4333.53333,11.177,0.032
4338.51434,11.307,0.03
4340.57579,11.22,0.033
4342.58047,11.27,0.033
4344.57746,11.251,0.035
4346.57994,11.281,0.033
4348.58159,11.3,0.032
4350.57676,11.358,0.035
4352.58899,11.39,0.03
4355.57806,11.385,0.033
4357.58803,11.469,0.033
4359.55213,11.534,0.032
4365.49796,11.514,0.031
4368.57314,11.595,0.035
4372.59864,11.567,0.038
4375.60334,11.572,0.032
4378.50501,11.584,0.036
4380.56009,11.478,0.035
4383.53295,11.453,0.029
4386.51811,11.386,0.03
4392.49714,11.132,0.035
4400.50462,11.001,0.038
4409.51408,11.023,0.036
4507.8859,11.115,0.041
4518.86943,11.094,0.037
4523.86572,11.082,0.036
4529.86078,11.163,0.031
4533.8784,11.193,0.037
4537.84876,11.134,0.031
4540.87358,11.136,0.039
4547.83524,11.062,0.035
4547.87608,11.026,0.037
4551.84238,11.029,0.037
4557.83069,11.086,0.032
4559.85123,11.045,0.03
4560.85425,11.041,0.03
4563.84755,11.048,0.03
4565.87866,11.09,0.032
4566.83495,11.094,0.031
4568.84687,11.14,0.039
4571.80941,11.265,0.032
4572.79499,11.206,0.032
4574.7725,11.387,0.033
4574.81398,11.245,0.032
4576.83365,11.353,0.039
4576.85057,11.273,0.036
4583.85437,11.487,0.03
4586.86848,11.508,0.032
4589.80061,11.571,0.033
4589.80413,11.672,0.031
4592.781,11.597,0.031
4595.7611,11.613,0.03
4597.85336,11.551,0.028
4602.75881,11.526,0.035
4602.77582,11.547,0.034
4606.77977,11.52,0.04
4610.78142,11.391,0.033
4610.78407,11.357,0.034
4612.78279,11.278,0.053
4612.79055,11.536,0.046
4616.78359,11.271,0.032
4616.7936,11.232,0.033
4622.73751,11.205,0.033
4622.74009,11.125,0.033
4627.71547,11.105,0.033
4627.72134,11.013,0.032
4629.70767,11.072,0.031
4631.70814,11.082,0.031
4631.71467,11.061,0.032
4633.69397,11.019,0.037
4640.65753,11.035,0.034
4640.76416,11.042,0.032
4642.68813,11.064,0.03
4642.75077,11.044,0.032
4644.71063,11.127,0.033
4644.77162,11.091,0.037
4646.71972,11.128,0.041
4648.763,11.106,0.036
4649.62769,11.086,0.039
4650.8242,11.135,0.036
4653.60971,11.222,0.03
4653.67075,11.21,0.029
4655.64585,11.186,0.031
4655.65796,11.132,0.032
4657.68244,11.166,0.039
4657.69431,11.172,0.038
4660.63377,11.233,0.048
4665.63048,11.259,0.034
4672.73512,11.251,0.032
4672.7378,11.25,0.03
4681.66501,11.362,0.036
4681.66767,11.374,0.035
4683.66433,11.489,0.04
4683.66771,11.407,0.035
4685.6479,11.429,0.038
4685.65046,11.355,0.035
4693.5454,11.501,0.034
4693.55184,11.676,0.038
4701.55681,11.467,0.032
4703.56097,11.487,0.037
4705.59719,11.438,0.038
4707.68375,11.457,0.042
4710.56786,11.559,0.048
4720.52758,11.449,0.036
4722.57958,11.325,0.041
4725.60196,11.262,0.044
4728.55975,11.212,0.039
4730.60237,11.193,0.042
4733.61441,11.139,0.038
4737.59596,11.046,0.031
4740.58241,10.962,0.031
4747.51394,10.87,0.046
4753.5192,10.959,0.039
4755.56689,10.97,0.039
4758.53982,11.113,0.039
4761.52917,11.227,0.038
4764.52606,11.235,0.037
4767.52218,11.299,0.041
4774.49989,11.349,0.043
4884.86344,11.409,0.043
4884.8693,11.393,0.039
4892.85329,11.449,0.048
4892.85922,11.519,0.048
4905.84564,11.4,0.048
4916.83957,11.222,0.045
4916.85834,11.188,0.046
4919.88115,11.21,0.049
4928.89062,11.165,0.054
4931.85646,11.192,0.054
4938.88069,11.191,0.049
4940.81812,11.167,0.05
4946.79831,11.167,0.049
4947.7952,11.226,0.044
4949.79831,11.174,0.05
4952.7746,11.143,0.045
4952.84801,11.177,0.045
4954.8278,11.139,0.045
4954.83452,11.186,0.046
4967.83882,11.1,0.047
4967.85175,11.038,0.046
4984.74961,11.179,0.054
4988.73132,11.246,0.053
5002.69736,11.397,0.049
5006.70044,11.503,0.052
5014.66445,11.489,0.045
5014.6696,11.38,0.043
5021.81148,11.361,0.053
5029.62698,11.093,0.048
5038.59759,11.118,0.051
5042.58871,11.215,0.051
5047.58812,11.098,0.053
5048.75604,11.097,0.047
5067.55502,11.227,0.046
5084.61629,11.187,0.048
5089.5439,11.282,0.053
5093.60049,11.17,0.052
5104.59367,11.331,0.049
5107.55495,11.693,0.055
5116.52201,11.373,0.054
5123.54453,11.315,0.055
