1949.87862,11.005,0.039
1953.87723,11.054,0.035
1955.86596,11.146,0.032
1962.86214,11.248,0.035
1966.85982,11.216,0.035
1978.84655,10.496,0.04
1980.89931,10.524,0.04
1981.86973,10.583,0.036
1982.81487,10.623,0.043
1994.80938,10.926,0.043
1997.82074,11.071,0.048
2025.77562,10.679,0.034
2026.81883,10.697,0.039
2027.78463,10.747,0.039
2032.7699,10.914,0.038
2033.76552,10.926,0.038
2037.72519,11.048,0.045
2052.72532,11.243,0.045
2054.72846,11.113,0.041
2055.71709,11.018,0.04
2056.71832,10.925,0.043
2058.7132,10.672,0.045
2059.76746,10.619,0.046
2070.70687,10.75,0.045
2080.60166,11.045,0.044
2082.67189,11.128,0.044
2083.65608,11.118,0.046
2085.64909,11.186,0.038
2087.64595,11.242,0.044
2088.64469,11.246,0.039
2096.67181,11.213,0.045
2102.59968,10.567,0.041
2103.61717,10.502,0.042
2104.61722,10.484,0.038
2105.61287,10.494,0.042
2106.61599,10.538,0.04
2109.60648,10.623,0.037
2115.57417,10.82,0.035
2116.58365,10.854,0.035
2117.58025,10.872,0.039
2124.59495,11.112,0.041
2125.57211,11.102,0.038
2128.55775,11.193,0.037
2129.56592,11.193,0.039
2130.5705,11.214,0.037
2131.55389,11.261,0.039
2132.56657,11.239,0.04
2134.55912,11.245,0.038
2135.55755,11.253,0.037
2136.5571,11.253,0.04
2140.53006,11.097,0.037
2140.5325,11.085,0.03
2141.55302,10.958,0.038
2142.54272,10.856,0.04
2143.54086,10.715,0.039
2144.53646,10.594,0.039
2145.52971,10.528,0.038
2151.51267,10.67,0.039
2151.51956,10.592,0.038
2156.49719,10.767,0.036
2158.51009,10.863,0.039
2164.47644,10.987,0.036
2168.55432,11.129,0.04
2172.49392,11.191,0.036
2178.49102,11.282,0.039
2180.53376,11.23,0.041
2184.53608,10.94,0.042
2188.51908,10.54,0.039
2192.50842,10.549,0.039
2195.50657,10.639,0.039
2199.49651,10.758,0.041
2440.67246,10.889,0.026
2442.66784,10.631,0.028
2443.66411,10.564,0.025
2444.66379,10.497,0.033
2446.67098,10.481,0.029
2452.63725,10.654,0.035
2454.64304,10.724,0.042
2455.68327,10.788,0.042
2460.65037,10.915,0.026
2463.62711,11,0.035
2463.63865,11.002,0.051
2464.62376,11.06,0.027
2465.62518,11.088,0.029
2467.61722,11.127,0.025
2470.56061,11.143,0.033
2473.58059,11.238,0.033
2474.63182,11.22,0.032
2481.57016,10.985,0.039
2482.61007,10.914,0.037
2486.57838,10.498,0.04
2489.56513,10.476,0.035
2490.59063,10.536,0.032
2491.56993,10.521,0.039
2493.56505,10.57,0.042
2494.57057,10.682,0.046
2495.57,10.674,0.035
2497.56715,10.772,0.03
2498.55533,10.759,0.036
2499.55115,10.817,0.029
2500.53006,10.881,0.036
2501.53662,10.894,0.033
2508.57979,11.083,0.033
2510.53766,11.132,0.038
2524.62257,11.113,0.044
2535.59355,10.628,0.034
2543.5193,10.847,0.035
2545.5138,10.96,0.03
2545.52078,10.932,0.032
2545.5276,10.933,0.034
2545.53446,10.937,0.032
2545.54132,10.958,0.032
2545.54826,10.935,0.031
2545.55512,10.942,0.03
2545.56195,10.941,0.032
2545.57579,10.938,0.032
2546.51141,11.048,0.039
2546.52324,10.968,0.037
2546.53496,10.996,0.038
2546.54656,10.968,0.034
2546.55808,10.958,0.033
2546.56957,10.953,0.038
2547.48158,11.002,0.037
2547.49349,10.994,0.036
2547.50514,11.012,0.032
2547.51678,10.988,0.038
2547.52835,10.995,0.037
2547.53984,10.947,0.04
2547.55147,10.999,0.035
2548.48129,11.033,0.035
2548.517,11.043,0.032
2548.52858,11.044,0.031
2548.55161,11.043,0.033
2548.56363,11.042,0.033
2549.4816,11.077,0.034
2549.49354,11.083,0.032
2549.50517,11.068,0.032
2549.52836,11.062,0.033
2549.53977,11.083,0.032
2549.55138,11.089,0.032
2549.56293,11.063,0.034
2552.4825,11.272,0.043
2552.49893,11.131,0.045
2552.51509,11.169,0.045
2552.53107,11.179,0.045
2552.54723,11.228,0.045
2553.48304,11.172,0.034
2553.50676,11.168,0.035
2553.51624,11.176,0.041
2553.52776,11.213,0.038
2553.53926,11.167,0.036
2553.54874,11.235,0.035
2561.49449,11.286,0.033
2561.50589,11.251,0.033
2561.51367,11.28,0.034
2561.52048,11.278,0.035
2561.52739,11.272,0.033
2562.49968,11.278,0.035
2562.5158,11.251,0.039
2562.52301,11.3,0.038
2562.52984,11.292,0.037
2563.49366,11.272,0.035
2563.51596,11.322,0.035
2563.52782,11.271,0.034
2564.48685,11.294,0.041
2564.49674,11.256,0.038
2564.50832,11.252,0.036
2564.52005,11.266,0.037
2565.48731,11.224,0.036
2565.49899,11.236,0.032
2565.51057,11.185,0.033
2565.52216,11.216,0.031
2566.48768,11.119,0.038
2566.49936,11.149,0.034
2566.51097,11.129,0.049
2568.48832,10.928,0.04
2568.50468,10.943,0.035
2679.87247,11.126,0.028
2683.88517,11.184,0.034
2684.87447,11.242,0.035
2685.87809,11.261,0.031
2686.87345,11.299,0.035
2686.88749,11.251,0.035
2688.87046,11.322,0.037
2689.86436,11.268,0.036
2689.88299,11.246,0.036
2690.8649,11.355,0.039
2690.88145,11.257,0.04
2698.86646,10.634,0.037
2698.88568,10.63,0.04
2699.85034,10.571,0.034
2699.86692,10.56,0.035
2699.8832,10.548,0.033
2700.86171,10.507,0.035
2700.88,10.521,0.036
2700.89885,10.523,0.033
2701.85047,10.485,0.033
2701.88357,10.496,0.036
2702.87718,10.533,0.034
2702.89616,10.485,0.038
2703.84615,10.534,0.03
2703.86244,10.566,0.026
2703.89262,10.555,0.027
2704.841,10.562,0.034
2704.85708,10.579,0.034
2704.8731,10.574,0.037
2704.89018,10.549,0.036
2742.82052,10.56,0.033
2744.8175,10.496,0.032
2751.88414,10.688,0.028
2754.82133,10.828,0.031
2756.78218,10.866,0.031
2758.82023,10.924,0.032
2760.77269,10.974,0.034
2764.75942,11.118,0.03
2768.84132,11.23,0.047
2770.80151,11.271,0.029
2783.66643,10.656,0.038
2786.71289,10.492,0.032
2790.72818,10.583,0.03
2794.7174,10.738,0.033
2808.85497,11.176,0.033
2810.64452,11.178,0.032
2811.83555,11.188,0.034
2813.72071,11.233,0.035
2819.68908,11.216,0.028
2834.65251,10.634,0.032
2835.76244,10.665,0.032
2838.75325,10.752,0.032
2839.52137,10.821,0.044
2839.52358,10.76,0.038
2839.5258,10.812,0.031
2839.52801,10.799,0.028
2839.53023,10.79,0.027
2839.53244,10.781,0.027
2839.53465,10.805,0.027
2839.53686,10.79,0.027
2839.53907,10.789,0.028
2839.54738,10.806,0.028
2839.54959,10.788,0.027
2839.55181,10.785,0.026
2839.55741,10.803,0.029
2839.56277,10.819,0.028
2839.57468,10.796,0.028
2839.57969,10.791,0.027
2839.58459,10.816,0.027
2839.58951,10.831,0.028
2839.59478,10.817,0.027
2839.5996,10.801,0.028
2839.60713,10.788,0.032
2839.61476,10.789,0.028
2839.63087,10.781,0.028
2839.63782,10.803,0.028
2839.64914,10.782,0.028
2839.65357,10.774,0.027
2839.65578,10.791,0.027
2839.65799,10.806,0.027
2839.6602,10.811,0.027
2839.66241,10.801,0.028
2839.67061,10.8,0.031
2839.67282,10.829,0.041
2839.70096,10.781,0.046
2839.70549,10.774,0.035
2839.71005,10.795,0.032
2839.71462,10.829,0.029
2839.71926,10.809,0.028
2839.72384,10.786,0.028
2839.73552,10.798,0.029
2839.74035,10.799,0.031
2839.74518,10.804,0.033
2839.75266,10.811,0.033
2839.78445,10.808,0.031
2839.80395,10.796,0.033
2839.81367,10.868,0.036
2839.82352,10.765,0.035
2840.4662,10.831,0.028
2840.46841,10.836,0.03
2840.47063,10.8,0.03
2840.47284,10.845,0.028
2840.47505,10.81,0.029
2840.47727,10.799,0.027
2840.47948,10.795,0.027
2840.48169,10.832,0.027
2840.4839,10.795,0.026
2840.48611,10.822,0.028
2840.48832,10.803,0.027
2840.49054,10.822,0.027
2840.49275,10.828,0.027
2840.49496,10.791,0.026
2840.49718,10.829,0.027
2840.49939,10.813,0.026
2840.5016,10.815,0.027
2840.50381,10.823,0.027
2840.50603,10.8,0.025
2840.51045,10.81,0.026
2840.51488,10.805,0.026
2840.51709,10.818,0.027
2840.52261,10.818,0.028
2840.52829,10.835,0.028
2840.53381,10.829,0.026
2840.53889,10.838,0.029
2840.54389,10.904,0.043
2840.54905,10.83,0.027
2840.55414,10.841,0.026
2840.55923,10.847,0.028
2840.56432,10.855,0.027
2840.56949,10.817,0.03
2840.57689,10.81,0.027
2840.58435,10.822,0.027
2840.59168,10.819,0.027
2840.59896,10.833,0.028
2840.60619,10.82,0.027
2840.61334,10.838,0.028
2840.623,10.855,0.027
2840.63257,10.839,0.027
2840.64193,10.862,0.027
2840.6512,10.836,0.028
2840.66046,10.825,0.027
2840.66973,10.84,0.03
2840.67887,10.817,0.03
2840.68804,10.842,0.027
2840.69796,10.845,0.035
2840.70753,10.809,0.028
2840.71703,10.828,0.027
2840.72629,10.814,0.023
2840.74505,10.88,0.027
2840.75434,10.834,0.025
2840.76381,10.838,0.027
2840.77367,10.812,0.032
2840.7832,10.844,0.029
2840.80145,10.835,0.033
2840.80368,10.838,0.034
2840.81101,10.847,0.033
2840.82065,10.875,0.032
2841.46934,10.894,0.034
2841.4797,10.872,0.03
2841.4904,10.872,0.03
2841.50049,10.853,0.028
2841.5244,10.843,0.027
2841.53431,10.857,0.028
2841.54423,10.846,0.026
2841.55426,10.855,0.026
2841.56313,10.873,0.029
2841.57319,10.876,0.028
2841.58949,10.871,0.028
2841.59933,10.844,0.028
2841.61725,10.882,0.027
2841.64345,10.869,0.027
2841.65256,10.864,0.028
2841.67049,10.865,0.029
2841.68766,10.89,0.029
2845.76928,11.002,0.028
2853.58067,11.218,0.027
2855.57702,11.232,0.029
2861.57986,11.223,0.031
2862.71391,11.268,0.039
2863.47223,11.225,0.032
2863.47444,11.207,0.03
2863.47666,11.228,0.03
2863.47887,11.225,0.031
2863.48108,11.215,0.03
2863.48329,11.205,0.03
2863.4855,11.23,0.03
2863.48771,11.206,0.03
2863.48994,11.233,0.029
2863.49215,11.227,0.029
2863.49436,11.164,0.03
2863.49878,11.187,0.03
2863.501,11.256,0.03
2863.50555,11.208,0.028
2863.51556,11.268,0.031
2863.52039,11.227,0.032
2863.53247,11.251,0.031
2863.54465,11.287,0.032
2864.47237,11.185,0.03
2864.47458,11.17,0.03
2864.47679,11.194,0.029
2864.479,11.167,0.029
2864.48343,11.157,0.03
2864.48564,11.177,0.028
2864.48785,11.187,0.028
2864.49006,11.222,0.029
2864.49227,11.19,0.029
2864.49448,11.195,0.029
2864.4967,11.201,0.03
2864.49891,11.172,0.029
2864.50418,11.228,0.029
2864.50926,11.198,0.029
2864.51426,11.164,0.028
2864.51917,11.188,0.029
2864.5314,11.195,0.031
2864.54382,11.167,0.029
2864.7144,11.136,0.032
2864.71661,11.177,0.032
2864.71882,11.156,0.032
2864.72103,11.166,0.031
2864.72325,11.167,0.032
2864.72546,11.183,0.03
2864.72767,11.19,0.033
2864.72988,11.182,0.033
2864.73209,11.16,0.031
2865.47813,11.146,0.038
2865.48034,11.129,0.039
2865.48255,11.14,0.037
2865.48476,11.168,0.04
2865.48919,11.174,0.036
2865.49582,11.144,0.038
2865.50025,11.1,0.033
2865.50246,11.071,0.034
2865.5072,11.106,0.035
2865.51195,11.117,0.033
2865.51713,11.135,0.033
2865.52178,11.098,0.033
2865.53375,11.114,0.033
2865.5457,11.081,0.034
2866.71465,10.985,0.031
2872.70733,10.501,0.03
2875.70859,10.593,0.033
2877.67415,10.654,0.033
2879.70289,10.713,0.036
2883.51028,10.849,0.029
2893.56411,11.14,0.038
2895.57269,11.208,0.04
2897.58165,11.24,0.034
2904.62046,11.263,0.046
2910.49643,10.795,0.032
2916.50711,10.519,0.034
2922.53422,10.724,0.037
2924.54181,10.776,0.034
2927.54092,10.887,0.03
2929.53969,10.951,0.034
2931.54458,11.003,0.032
2933.54542,11.067,0.035
2935.54446,11.123,0.034
2937.54736,11.16,0.035
2943.51655,11.265,0.034
2951.50556,11.028,0.034
3056.8872,10.936,0.038
3060.88924,11.058,0.035
3064.88691,11.148,0.034
3066.86915,11.187,0.032
3068.88379,11.227,0.034
3072.87579,11.272,0.033
3076.81072,11.18,0.047
3081.8497,10.708,0.043
3087.84893,10.532,0.033
3090.878,10.645,0.032
3097.80618,10.85,0.031
3100.85612,10.956,0.035
3103.84784,11.138,0.049
3107.90165,11.18,0.037
3110.83504,11.254,0.029
3113.82104,11.265,0.032
3114.77786,11.288,0.035
3116.81523,11.285,0.032
3122.83823,10.917,0.033
3125.75823,10.539,0.038
3127.76921,10.483,0.049
3134.82976,10.661,0.03
3144.76012,11.033,0.03
3154.63662,11.272,0.036
3154.65318,11.232,0.031
3154.708,11.231,0.033
3154.73431,11.245,0.032
3154.76566,11.246,0.032
3154.79576,11.262,0.03
3154.82746,11.275,0.033
3154.85685,11.274,0.032
3154.88442,11.221,0.033
3154.9158,11.248,0.032
3154.94256,11.232,0.035
3156.60664,11.311,0.046
3156.63634,11.243,0.036
3156.66537,11.574,0.036
3156.72495,11.281,0.03
3156.77952,11.279,0.034
3156.80608,11.332,0.046
3156.83238,11.276,0.032
3156.86193,11.308,0.029
3156.89053,11.284,0.031
3156.91755,11.28,0.035
3157.75182,11.286,0.032
3157.76471,11.308,0.035
3158.91869,11.283,0.037
3158.92112,11.227,0.036
3158.92357,11.246,0.036
3158.92603,11.52,0.037
3158.9285,11.586,0.038
3158.93096,11.269,0.036
3158.9334,11.321,0.037
3158.93585,11.22,0.035
3158.94075,11.322,0.037
3158.9432,11.301,0.037
3158.94642,11.267,0.039
3162.75052,11.17,0.035
3164.78006,11.03,0.029
3167.59702,10.646,0.037
3167.62308,10.623,0.032
3167.64979,10.628,0.03
3167.66491,10.618,0.032
3167.66734,10.608,0.031
3167.66976,10.625,0.032
3167.67704,10.6,0.032
3167.67947,10.604,0.03
3167.68189,10.609,0.031
3167.68432,10.632,0.031
3167.68674,10.61,0.034
3167.68917,10.623,0.032
3167.69159,10.615,0.031
3167.694,10.62,0.031
3167.69642,10.617,0.031
3167.70935,10.617,0.032
3167.71438,10.607,0.03
3167.71965,10.62,0.032
3167.73461,10.623,0.031
3167.74946,10.618,0.031
3168.58753,10.544,0.039
3168.62086,10.545,0.033
3168.65145,10.54,0.031
3168.67989,10.547,0.035
3168.71335,10.55,0.032
3168.74203,10.556,0.031
3168.77319,10.549,0.032
3168.80165,10.513,0.033
3168.83466,10.566,0.032
3168.86052,10.538,0.031
3168.889,10.506,0.034
3168.91797,10.527,0.04
3169.79153,10.479,0.033
3172.77281,10.545,0.035
3176.59553,10.668,0.039
3176.65001,10.692,0.032
3176.66891,10.684,0.03
3176.70583,10.676,0.033
3176.73451,10.688,0.031
3176.76051,10.743,0.033
3176.78984,10.683,0.044
3177.59695,10.722,0.047
3177.62786,10.723,0.034
3177.67647,10.63,0.043
3177.70666,10.694,0.033
3177.73881,10.662,0.036
3177.76653,10.713,0.036
3177.7953,10.679,0.037
3177.85257,10.725,0.035
3178.58449,10.753,0.041
3178.61144,10.707,0.035
3178.64072,10.75,0.034
3178.66917,10.747,0.041
3178.70388,10.733,0.04
3178.73274,10.735,0.034
3178.78835,10.738,0.034
3182.65408,10.892,0.033
3184.65054,10.967,0.032
3189.68304,11.066,0.034
3190.86837,11.16,0.043
3190.87079,11.208,0.043
3190.87324,11.176,0.038
3190.87568,11.181,0.043
3191.61269,11.188,0.046
3191.61748,11.234,0.039
3191.62226,11.141,0.043
3191.62475,11.176,0.041
3191.62722,11.187,0.038
3191.62965,11.179,0.034
3191.63211,11.183,0.037
3191.6346,11.155,0.037
3191.63708,11.18,0.031
3191.63954,11.147,0.037
3191.64282,11.155,0.033
3191.64677,11.154,0.043
3191.65484,11.195,0.036
3191.66038,11.189,0.034
3191.66544,11.21,0.036
3191.67075,11.203,0.042
3191.68643,11.161,0.034
3191.69961,11.184,0.042
3191.72591,11.153,0.035
3191.75229,11.186,0.036
3191.7811,11.151,0.036
3191.79669,11.221,0.042
3191.81002,11.126,0.043
3191.8362,11.143,0.037
3191.86524,11.156,0.045
3266.51329,10.832,0.029
3273.60645,11.011,0.039
3276.56753,11.135,0.042
3279.52064,11.176,0.037
3294.53531,10.723,0.031
3299.53062,10.477,0.032
3416.88184,11.268,0.038
3421.88669,10.807,0.047
3425.87873,10.485,0.042
3443.89567,11.04,0.033
3447.85234,11.111,0.038
3450.87887,11.225,0.032
3453.84178,11.265,0.032
3456.86397,11.312,0.035
3459.72949,11.214,0.04
3459.732,11.217,0.036
3459.73457,11.242,0.04
3460.72673,11.221,0.045
3460.72919,11.309,0.044
3463.83614,10.923,0.036
3465.74239,10.674,0.034
3466.72905,10.568,0.039
3466.86338,10.582,0.034
3467.7093,10.519,0.039
3467.84537,10.536,0.038
3469.8544,10.514,0.039
3469.90801,10.52,0.033
3473.81181,10.632,0.029
3476.82908,10.706,0.039
3478.86079,10.793,0.037
3481.7945,10.848,0.041
3483.83435,10.92,0.038
3490.85506,11.155,0.047
3492.86111,11.173,0.04
3496.8267,11.249,0.035
3500.78528,11.224,0.043
3504.8135,11.121,0.041
3508.88147,10.603,0.031
3511.75422,10.49,0.037
3517.78272,10.675,0.038
3523.7748,10.854,0.041
3525.83661,10.892,0.044
3528.69841,11.006,0.04
3530.74329,11.043,0.037
3538.72305,11.213,0.039
3540.71981,11.246,0.038
3541.63169,11.174,0.049
3541.76722,11.304,0.04
3544.71492,11.151,0.044
3547.76585,11.042,0.041
3549.8453,10.81,0.04
3550.53084,10.669,0.042
3550.56252,10.693,0.036
3550.59381,10.738,0.033
3550.62245,10.675,0.034
3550.64945,10.697,0.033
3550.67897,10.704,0.034
3550.70581,10.729,0.039
3551.75774,10.562,0.045
3552.60054,10.55,0.044
3552.6313,10.545,0.037
3552.65996,10.529,0.032
3552.68729,10.511,0.037
3552.71536,10.45,0.039
3552.74174,10.544,0.043
3554.73084,10.495,0.033
3556.8159,10.553,0.039
3559.82417,10.639,0.043
3561.83327,10.687,0.04
3562.60889,10.745,0.035
3564.64728,10.794,0.034
3572.81199,11.034,0.038
3573.46619,11.075,0.034
3573.46861,11.077,0.033
3573.47108,11.046,0.034
3573.4736,11.101,0.032
3573.4761,11.076,0.032
3573.4786,11.066,0.031
3573.48106,11.062,0.032
3573.48349,11.1,0.032
3573.48598,11.106,0.032
3573.48848,11.074,0.032
3573.49177,11.091,0.032
3573.49415,11.079,0.032
3573.49667,11.068,0.032
3573.49918,11.086,0.031
3573.50593,11.09,0.031
3573.51239,11.101,0.032
3573.51874,11.082,0.03
3573.52494,11.194,0.032
3573.53914,11.083,0.03
3573.55354,11.084,0.03
3573.58403,11.1,0.032
3573.61153,11.091,0.031
3573.6382,11.154,0.031
3573.66665,11.1,0.03
3573.69352,11.084,0.032
3573.72284,11.073,0.033
3573.75512,11.07,0.032
3573.78805,11.061,0.032
3573.81995,11.115,0.047
3574.48606,11.107,0.031
3574.51327,11.131,0.03
3574.54015,11.109,0.031
3574.56864,11.101,0.032
3575.56785,11.114,0.034
3577.61589,11.208,0.042
3583.72316,11.236,0.04
3585.75562,11.233,0.038
3588.53856,11.234,0.04
3590.64995,11.001,0.045
3592.65121,10.806,0.045
3599.66678,10.543,0.036
3601.70319,10.622,0.038
3604.50827,10.71,0.044
3608.52591,10.879,0.041
3617.60975,11.202,0.042
3622.56042,11.295,0.042
3628.55892,11.276,0.032
3630.64011,11.299,0.04
3633.51534,10.997,0.038
3639.56101,10.495,0.038
3642.56378,10.532,0.038
3644.58621,10.605,0.047
3648.55326,10.785,0.045
3654.51841,11.009,0.038
3656.5607,11.044,0.04
3659.53366,11.078,0.037
3661.54686,11.162,0.04
3663.55113,11.192,0.039
3668.50071,11.255,0.033
3671.50474,11.265,0.034
3792.87749,11.262,0.046
3796.8728,11.278,0.039
3800.87763,11.271,0.04
3804.85712,10.937,0.045
3808.85429,10.475,0.043
3812.85274,10.549,0.042
3819.85578,10.768,0.048
3822.87699,10.856,0.047
3826.84583,10.97,0.046
3829.86734,11.053,0.038
3832.86039,11.165,0.038
3835.8555,11.209,0.039
3851.81032,10.485,0.045
3861.81984,10.739,0.04
3863.83753,10.8,0.039
3865.79237,10.895,0.037
3867.79038,10.938,0.039
3874.75628,11.141,0.042
3880.74684,11.247,0.038
3883.72642,11.254,0.043
3887.73328,11.177,0.036
3889.75715,10.962,0.041
3891.76261,10.713,0.034
3893.74539,10.528,0.033
3900.73773,10.631,0.042
3902.74121,10.714,0.039
3904.77258,10.763,0.043
3906.77506,10.89,0.046
3908.84492,10.904,0.042
3912.76417,11.055,0.039
4153.89215,10.55,0.034
4157.88907,10.703,0.038
4161.88186,10.847,0.035
4165.8639,10.952,0.047
4174.871,11.17,0.033
4178.85562,11.23,0.048
4181.8815,11.367,0.045
4185.85323,11.202,0.038
4189.84688,10.736,0.033
4192.82423,10.629,0.031
4202.86312,10.778,0.034
4205.83309,10.845,0.035
4215.81554,11.17,0.034
4228.83265,11.175,0.034
4230.81873,10.982,0.03
4232.87454,10.677,0.033
4234.87307,10.518,0.037
4245.74071,10.775,0.05
4247.7224,10.829,0.034
4250.84391,10.964,0.036
4255.7692,11.114,0.036
4258.68867,11.14,0.03
4268.63158,11.304,0.046
4273.81264,10.878,0.031
4278.68491,10.479,0.031
4283.6836,10.607,0.036
4285.68023,10.678,0.037
4291.67548,10.884,0.03
4293.66443,10.946,0.029
4295.68037,11.038,0.033
4297.67079,11.134,0.037
4299.64605,11.126,0.033
4301.62817,11.209,0.038
4303.62699,11.256,0.031
4305.61767,11.248,0.031
4310.60913,11.308,0.034
4312.60618,11.225,0.038
4315.60871,10.974,0.03
4317.66919,10.699,0.031
4330.59081,10.791,0.035
4332.58829,10.821,0.034
4338.60327,11.048,0.032
4340.66422,11.082,0.034
4342.65846,11.163,0.036
4344.65799,11.192,0.037
4346.65584,11.266,0.033
4348.66427,11.245,0.032
4350.66953,11.301,0.043
4353.53681,11.299,0.031
4355.62493,11.285,0.034
4357.62938,11.071,0.034
4365.51721,10.509,0.03
4368.59575,10.56,0.036
4373.51191,10.807,0.045
4376.54067,10.873,0.034
4378.56413,10.967,0.038
4380.58768,11.012,0.037
4383.54662,11.353,0.031
4386.52843,11.214,0.032
4392.51487,11.296,0.036
4403.51114,10.632,0.032
4409.50771,10.535,0.032
4519.87888,11.31,0.038
4523.87644,11.28,0.036
4529.87183,10.821,0.035
4533.8942,10.445,0.036
4537.87034,10.555,0.031
4541.85002,10.72,0.032
4548.85304,10.929,0.035
4557.8431,11.164,0.031
4560.85933,11.244,0.034
4563.85317,11.272,0.032
4566.85224,11.305,0.035
4569.84499,11.126,0.032
4572.80716,10.786,0.033
4574.82489,10.541,0.038
4576.85542,10.488,0.042
4583.86204,10.677,0.031
4586.87608,10.783,0.035
4586.88292,10.798,0.035
4589.81202,10.88,0.033
4592.79193,11.005,0.036
4595.77774,11.062,0.031
4597.86188,11.142,0.031
4602.77925,11.35,0.036
4610.79334,11.229,0.035
4616.91141,10.577,0.036
4622.85273,10.601,0.035
4627.73061,10.735,0.034
4629.71024,10.836,0.032
4631.72774,10.897,0.034
4633.70764,10.959,0.037
4639.73715,11.134,0.039
4641.73632,11.187,0.033
4643.73532,11.261,0.038
4645.74807,11.26,0.035
4647.78616,11.296,0.041
4649.83561,11.306,0.044
4652.6189,11.2,0.033
4654.66139,11.121,0.034
4656.6566,10.943,0.037
4658.70046,10.63,0.045
4665.64206,10.6,0.036
4667.66963,10.814,0.038
4672.74952,10.837,0.031
4681.68566,11.096,0.038
4683.68228,11.212,0.037
4685.66134,11.209,0.042
4687.63167,11.279,0.036
4693.56113,11.26,0.042
4697.62434,11.142,0.03
4701.62037,10.628,0.033
4703.62411,10.492,0.039
4705.6595,10.517,0.037
4708.61257,10.613,0.036
4710.63024,10.63,0.043
4720.63196,10.981,0.038
4722.65967,11.071,0.041
4726.55524,11.125,0.04
4729.54847,11.211,0.034
4731.58474,11.267,0.051
4734.61812,11.296,0.038
4739.53587,11.148,0.036
4747.532,10.452,0.046
4750.5605,10.562,0.044
4753.55256,10.694,0.039
4756.52871,10.756,0.039
4759.52052,10.851,0.04
4762.51934,10.945,0.04
4765.51404,11.073,0.042
4768.51008,11.159,0.042
4891.88773,11.001,0.05
4905.86544,11.264,0.048
4916.87403,10.476,0.048
4920.84983,10.568,0.051
4947.79757,11.256,0.045
4952.85034,11.201,0.046
4955.77497,10.789,0.05
4967.86694,10.715,0.051
4973.83949,10.938,0.049
4985.71632,11.254,0.044
4993.73959,11.244,0.049
5006.84526,10.583,0.05
5012.72573,10.793,0.046
5014.67559,10.886,0.045
5022.66881,11.123,0.05
5024.67689,11.162,0.05
5037.65142,11.17,0.04
5039.6152,11.018,0.044
5041.60565,10.707,0.041
5048.6195,10.569,0.047
5063.66811,11.035,0.048
5075.58616,11.288,0.048
5086.52155,10.501,0.051
5088.57741,10.507,0.049
5105.60359,11.045,0.05
5111.52565,11.225,0.046
5122.55231,11.183,0.051
