1947.88374,11.143,0.038
1950.86934,11.182,0.042
1954.87335,11.223,0.039
1955.8572,11.172,0.033
1961.8865,11.215,0.037
1963.86687,11.23,0.033
1965.86244,11.277,0.032
1967.865,11.246,0.036
1978.81197,11.353,0.043
1979.84605,11.282,0.041
1980.82505,11.362,0.043
1981.84012,11.326,0.04
1982.80377,11.314,0.043
1994.78866,11.426,0.045
1997.80247,11.448,0.048
2025.75974,11.377,0.038
2032.76086,11.431,0.036
2033.75875,11.371,0.037
2083.64911,11.004,0.043
2087.63899,11,0.048
2103.61244,11.174,0.042
2109.60174,11.231,0.037
2115.57163,11.272,0.037
2116.57664,11.296,0.037
2117.5755,11.287,0.039
2124.55146,11.335,0.043
2125.5673,11.35,0.042
2130.56789,11.396,0.037
2133.55142,11.381,0.04
2134.54494,11.421,0.04
2135.54601,11.404,0.039
2140.51371,11.471,0.047
2142.51725,11.392,0.039
2151.49387,11.442,0.043
2156.48797,11.384,0.034
2164.47852,11.405,0.036
2164.4921,11.367,0.03
2168.54968,11.436,0.038
2172.48251,11.428,0.035
2172.48929,11.409,0.035
2178.48417,11.417,0.034
2178.48638,11.412,0.038
2180.53133,11.936,0.037
2184.52458,11.402,0.038
2188.50271,11.429,0.037
2191.50958,11.432,0.044
2192.50133,11.361,0.035
2194.51258,11.366,0.037
2441.66561,11.465,0.034
2443.65941,11.406,0.026
2444.65222,11.432,0.029
2446.66627,11.398,0.029
2452.62571,11.47,0.04
2459.61282,11.51,0.046
2463.64063,11.42,0.027
2464.61902,11.424,0.029
2465.62043,11.399,0.029
2466.60753,11.412,0.028
2467.61244,11.448,0.034
2470.5372,11.471,0.031
2474.6225,11.427,0.034
2482.59589,11.376,0.038
2486.57132,11.387,0.045
2489.56035,11.358,0.037
2490.60669,11.384,0.037
2493.56026,11.372,0.04
2495.56736,11.349,0.033
2497.55787,11.318,0.031
2498.54597,11.289,0.033
2499.53951,11.273,0.027
2508.57056,11.202,0.032
2510.53066,11.224,0.036
2511.59233,11.196,0.037
2512.65139,11.242,0.048
2519.65366,11.202,0.033
2521.65567,11.194,0.033
2524.61338,11.249,0.043
2543.51237,11.272,0.036
2544.49166,11.312,0.035
2545.55285,11.254,0.034
2547.53527,11.271,0.034
2552.52426,11.406,0.044
2560.48978,11.337,0.033
2561.51828,11.365,0.037
2564.52232,11.428,0.035
2566.49718,11.387,0.036
2568.53853,11.371,0.036
2678.87312,11.181,0.036
2688.8729,11.215,0.039
2690.88552,11.579,0.036
2693.86357,11.269,0.034
2698.8568,11.286,0.037
2701.84353,11.355,0.033
2704.84566,11.308,0.033
2706.86653,11.368,0.033
2711.8309,11.358,0.03
2713.86742,11.373,0.032
2717.84758,11.393,0.035
2719.85576,11.462,0.033
2720.8178,11.42,0.037
2725.78682,11.402,0.034
2726.80613,11.429,0.026
2728.85526,11.463,0.031
2729.83267,11.438,0.036
2732.86927,11.437,0.034
2734.83991,11.408,0.032
2736.81316,11.433,0.031
2738.82916,11.432,0.033
2740.8075,11.469,0.038
2744.79595,11.443,0.051
2754.80976,11.396,0.033
2756.77009,11.446,0.031
2758.80878,11.442,0.029
2760.75837,11.399,0.034
2763.78454,11.418,0.026
2764.7475,11.397,0.033
2768.83207,11.387,0.035
2770.79462,11.445,0.042
2770.82138,11.378,0.051
2775.82968,11.389,0.033
2782.77636,11.3,0.047
2784.73145,11.294,0.03
2786.69223,11.302,0.034
2787.85465,11.324,0.039
2791.65946,11.32,0.035
2795.74352,11.18,0.034
2808.70976,11.043,0.031
2810.63295,11.023,0.031
2811.81572,11.031,0.035
2813.70912,11.04,0.034
2820.70452,11.032,0.029
2826.73553,11.091,0.028
2830.61263,11.042,0.041
2835.62683,11.078,0.03
2838.62847,11.092,0.029
2840.68315,11.118,0.031
2845.67292,11.207,0.03
2851.5867,11.276,0.027
2853.74471,11.326,0.031
2855.62088,11.308,0.033
2861.56826,11.359,0.03
2862.67814,11.368,0.034
2866.67894,11.335,0.034
2867.73639,11.385,0.034
2872.52558,11.419,0.029
2874.72286,11.377,0.036
2876.6402,11.41,0.035
2878.63041,11.412,0.038
2883.55984,11.408,0.031
2888.49522,11.416,0.031
2892.49597,11.42,0.037
2894.70156,11.498,0.033
2897.61694,11.413,0.037
2899.60138,11.442,0.045
2904.64002,11.397,0.044
2910.5032,11.444,0.034
2916.49019,11.185,0.041
2917.59014,11.403,0.034
2921.58927,11.431,0.038
2923.5798,11.395,0.04
2928.57731,11.366,0.035
2931.51275,11.383,0.034
2933.52211,11.358,0.035
2935.52339,11.362,0.037
2937.52244,11.372,0.036
2943.50283,11.329,0.037
2947.50711,11.33,0.039
2951.508,11.311,0.038
3054.88419,11.38,0.032
3055.81717,11.352,0.042
3056.89196,11.372,0.031
3057.82422,11.372,0.041
3059.85594,11.369,0.034
3067.89681,11.357,0.033
3075.86116,11.294,0.034
3080.85228,11.235,0.036
3086.89861,11.203,0.033
3090.83658,11.316,0.039
3096.91284,11.212,0.033
3102.85879,11.402,0.038
3107.89134,11.183,0.035
3113.80802,11.222,0.032
3114.71911,11.234,0.04
3116.79617,11.239,0.034
3125.75038,11.229,0.037
3127.74793,11.278,0.043
3129.79093,11.163,0.052
3130.88156,11.284,0.037
3134.80681,11.296,0.033
3134.81947,11.288,0.033
3144.75345,11.322,0.033
3152.86228,11.39,0.035
3154.70184,11.333,0.032
3162.70343,11.311,0.032
3164.73369,11.374,0.033
3167.75173,11.377,0.031
3169.72032,11.431,0.032
3171.85324,11.416,0.055
3178.66149,11.393,0.037
3180.76054,11.386,0.037
3183.74281,11.366,0.034
3191.74947,11.448,0.04
3266.53629,11.112,0.029
3278.60864,11.143,0.04
3292.5345,11.131,0.037
3298.50418,11.166,0.032
3404.88403,11.25,0.04
3410.88309,11.26,0.038
3414.88178,11.232,0.036
3422.8689,11.254,0.043
3426.86242,11.197,0.04
3443.87503,11.172,0.039
3446.88537,11.185,0.033
3450.85023,11.181,0.037
3453.82351,11.228,0.034
3456.84081,11.21,0.038
3463.81654,11.263,0.04
3469.84212,11.31,0.038
3472.86391,11.341,0.035
3475.82595,11.218,0.047
3478.78756,11.361,0.041
3481.7894,11.396,0.042
3483.82058,11.441,0.037
3489.86652,11.421,0.039
3491.88992,11.441,0.049
3499.78427,11.368,0.048
3502.75037,11.383,0.042
3504.78985,11.378,0.041
3510.82468,11.399,0.032
3517.77501,11.394,0.04
3521.73467,11.373,0.042
3525.834,11.353,0.046
3528.68716,11.366,0.041
3530.72938,11.328,0.04
3547.75284,11.174,0.039
3551.74481,11.098,0.049
3556.61734,11.08,0.035
3561.66521,11.096,0.04
3563.63391,11.09,0.038
3574.78547,11.097,0.036
3576.78662,11.085,0.038
3593.55661,11.14,0.034
3599.59462,11.23,0.032
3601.66452,11.252,0.053
3603.66385,11.352,0.037
3606.6632,11.296,0.041
3616.49767,11.404,0.039
3618.60179,11.37,0.043
3628.49132,11.385,0.036
3630.57205,11.414,0.037
3632.57919,11.448,0.037
3634.50818,11.424,0.037
3634.51058,11.4,0.039
3634.51305,11.346,0.035
3634.51559,11.405,0.034
3634.51809,11.442,0.037
3634.52061,11.404,0.035
3634.52463,11.377,0.034
3634.52792,11.444,0.039
3634.53045,11.45,0.037
3634.53295,11.479,0.038
3634.53546,11.416,0.037
3634.53796,11.448,0.036
3634.54038,11.463,0.04
3634.5429,11.401,0.038
3634.54948,11.433,0.036
3634.55533,11.39,0.035
3634.56066,11.417,0.036
3634.56665,11.396,0.047
3634.58091,11.392,0.033
3634.60725,11.392,0.037
3637.61923,11.455,0.036
3641.57576,11.448,0.034
3643.62026,11.413,0.034
3647.55667,11.438,0.03
3654.49371,11.387,0.044
3659.52089,11.416,0.037
3661.53924,11.473,0.04
3663.54306,11.435,0.038
3666.54497,11.406,0.04
3670.50303,11.422,0.036
3676.50738,11.383,0.04
3767.87772,11.388,0.043
3774.88655,11.378,0.044
3791.87572,11.438,0.043
3795.87709,11.423,0.037
3803.86526,11.458,0.048
3806.87455,11.396,0.04
3810.86534,11.37,0.043
3814.85063,11.406,0.045
3817.76397,11.361,0.042
3817.79346,11.371,0.045
3817.82384,11.479,0.043
3817.85291,11.373,0.04
3817.88154,11.351,0.043
3817.9094,11.411,0.042
3818.75047,11.404,0.044
3818.78028,11.379,0.043
3818.83776,11.396,0.046
3818.86603,11.344,0.054
3818.89487,11.405,0.041
3819.83248,11.299,0.047
3822.86444,11.363,0.039
3825.85961,11.416,0.045
3829.81893,11.4,0.037
3832.83783,11.324,0.043
3835.83326,11.313,0.039
3847.8554,11.238,0.047
3852.84525,11.247,0.044
3858.77707,11.178,0.045
3860.84328,11.185,0.035
3862.83173,11.175,0.036
3866.76219,11.172,0.041
3868.78516,11.128,0.043
3872.79988,11.127,0.041
3882.71417,11.2,0.038
3892.72766,11.22,0.036
3894.71976,11.232,0.031
3900.72629,11.34,0.039
3902.73348,11.326,0.036
3904.76183,11.36,0.04
3906.76419,11.336,0.04
3908.83021,11.335,0.04
4152.88631,11.198,0.036
4156.88158,11.118,0.045
4160.87653,11.104,0.044
4164.86027,11.101,0.045
4168.8628,11.126,0.035
4174.85056,11.175,0.031
4177.8741,11.174,0.035
4181.83864,11.111,0.048
4184.88518,11.137,0.055
4188.87881,11.3,0.037
4191.83391,11.324,0.032
4194.81112,11.313,0.034
4202.84995,11.291,0.035
4205.80904,11.322,0.033
4213.85393,11.378,0.034
4216.85165,11.336,0.035
4228.82531,11.382,0.03
4230.80979,11.294,0.034
4232.81292,11.333,0.032
4234.8507,11.398,0.033
4245.72014,11.368,0.048
4247.70513,11.378,0.03
4250.82986,11.41,0.033
4255.75447,11.252,0.035
4258.68006,11.304,0.031
4266.72275,11.25,0.048
4268.7266,11.342,0.047
4272.65519,11.366,0.03
4274.6899,11.372,0.031
4277.66524,11.342,0.029
4282.68026,11.343,0.038
4284.68381,11.232,0.032
4286.67763,11.124,0.04
4290.67641,11.167,0.031
4292.65072,11.068,0.03
4294.65876,11.062,0.038
4296.64837,10.986,0.034
4298.65374,11.025,0.032
4300.61757,11.048,0.042
4302.66254,11.028,0.03
4304.61034,11.052,0.029
4310.60157,11.057,0.033
4312.5986,11.051,0.038
4315.60113,11.091,0.029
4317.65819,11.076,0.03
4329.53502,11.157,0.038
4331.53698,11.174,0.028
4333.53333,11.192,0.032
4338.51434,11.212,0.03
4340.57579,11.199,0.033
4342.58047,11.23,0.033
4344.57746,11.291,0.035
4346.57994,11.233,0.033
4348.58159,11.253,0.032
4350.57676,11.319,0.035
4352.58899,11.317,0.03
4355.57806,11.325,0.033
4357.58803,11.281,0.033
4359.55213,11.295,0.032
4365.49796,11.305,0.031
4368.57314,11.354,0.035
4372.59864,11.4,0.038
4375.60334,11.363,0.032
4378.50501,11.388,0.036
4380.56009,11.38,0.035
4383.53295,11.357,0.029
4386.51811,11.421,0.03
4392.49714,11.391,0.035
4400.50462,11.403,0.038
4409.51408,11.394,0.036
4494.88017,11.36,0.035
4504.88377,11.282,0.036
4508.88491,11.268,0.038
4518.87474,11.36,0.037
4522.87709,11.327,0.031
4529.85835,11.389,0.031
4533.8784,11.4,0.037
4537.8437,11.409,0.032
4540.86788,11.426,0.038
4547.83524,11.344,0.035
4551.83969,11.413,0.041
4559.85123,11.396,0.03
4562.8623,11.314,0.034
4565.87866,11.322,0.032
4568.84687,11.312,0.039
4571.80941,11.262,0.032
4574.7725,11.249,0.033
4576.83365,11.301,0.039
4586.86275,11.184,0.036
4589.80061,11.135,0.033
4592.76977,11.113,0.033
4595.77096,11.136,0.032
4597.85833,11.092,0.031
4602.77582,11.104,0.034
4606.77977,11.088,0.04
4610.78142,11.141,0.033
4612.78279,11.111,0.053
4616.78359,11.213,0.032
4622.73751,11.296,0.033
4627.71547,11.261,0.033
4629.7008,11.34,0.032
4631.71467,11.277,0.032
4633.69397,11.311,0.037
4640.65753,11.371,0.034
4642.68813,11.327,0.03
4644.71063,11.321,0.033
4646.71972,11.342,0.041
4648.763,11.324,0.036
4650.8242,11.323,0.036
4653.60971,11.366,0.03
4655.64585,11.339,0.031
4657.68244,11.345,0.039
4660.63377,11.328,0.048
4665.63048,11.365,0.034
4670.72256,11.328,0.053
4672.73512,11.409,0.032
4681.66501,11.375,0.036
4683.66433,11.44,0.04
4685.6479,11.433,0.038
4693.5454,11.354,0.034
4701.55681,11.39,0.032
4703.56097,11.392,0.037
4705.59719,11.348,0.038
4707.68375,11.343,0.042
4710.56786,11.295,0.048
4720.52758,11.321,0.036
4722.57958,11.242,0.041
4725.60196,11.277,0.044
4728.55975,11.205,0.039
4730.60237,11.17,0.042
4733.61441,11.148,0.038
4737.59596,11.138,0.031
4740.58241,11.111,0.031
4747.51394,10.857,0.046
4753.5192,10.901,0.039
4755.56689,10.975,0.039
4758.53982,10.983,0.039
4761.52917,11.01,0.038
4764.52606,11.013,0.037
4767.52218,11.038,0.041
4774.49989,11.167,0.043
4884.86344,11.148,0.043
4892.85329,11.151,0.048
4916.83957,11.089,0.045
4919.88115,11.107,0.049
4928.89062,11.182,0.054
4931.85646,11.151,0.054
4940.81812,11.259,0.05
4946.79831,11.28,0.049
4949.79831,11.314,0.05
4952.7746,11.284,0.045
4954.8278,11.435,0.045
4967.83882,11.402,0.047
4984.74961,11.467,0.054
4988.73132,11.491,0.053
5002.69736,11.464,0.049
5006.70044,11.401,0.052
5014.66445,11.439,0.045
5021.81148,11.407,0.053
5023.8124,11.357,0.045
5029.62698,11.381,0.048
5038.59759,11.326,0.051
5042.58871,11.253,0.051
5047.58812,11.27,0.053
5048.75604,11.33,0.047
5067.55502,11.143,0.046
5084.61629,11.245,0.048
5089.5439,11.329,0.053
5093.60049,11.293,0.052
5104.59367,11.415,0.049
5107.55495,11.476,0.055
5116.52201,11.464,0.054
5123.54453,11.407,0.055
