1947.88374,12.534,0.06
1950.86934,12.706,0.067
1954.87335,12.338,0.053
1955.86392,12.54,0.04
1961.8865,12.347,0.045
1963.86687,12.147,0.042
1965.86244,12.153,0.039
1967.865,12.412,0.043
1978.81197,12.653,0.053
1980.82505,12.869,0.052
1994.78866,12.431,0.056
1997.80247,12.443,0.058
1997.81176,12.376,0.061
2025.75974,12.694,0.058
2032.76086,12.358,0.06
2033.75875,12.376,0.06
2083.64911,12.294,0.061
2087.63899,12.244,0.075
2103.61244,12.712,0.065
2109.60174,12.52,0.054
2115.57163,12.225,0.054
2116.57664,12.19,0.06
2117.5755,12.144,0.06
2124.55146,12.184,0.061
2125.5673,12.172,0.059
2130.56789,12.178,0.055
2133.55142,12.224,0.06
2134.54494,12.343,0.065
2135.54601,12.324,0.06
2136.55466,12.269,0.053
2140.52774,12.692,0.071
2142.51725,12.931,0.066
2151.51481,12.232,0.065
2156.48797,12.195,0.053
2164.47852,12.226,0.055
2168.54968,12.233,0.053
2172.48929,12.203,0.051
2178.48638,12.458,0.054
2180.53133,12.466,0.058
2184.53135,12.565,0.067
2188.51177,12.377,0.052
2192.50133,12.157,0.055
2441.66561,12.09,0.041
2443.65941,12.157,0.032
2444.65222,12.136,0.035
2446.66627,12.161,0.034
2452.62571,12.223,0.049
2459.61282,12.592,0.048
2463.64063,12.779,0.036
2464.61902,12.793,0.035
2465.62043,12.67,0.036
2466.60753,12.592,0.032
2467.61244,12.408,0.038
2470.5372,12.267,0.04
2474.6225,12.18,0.045
2482.59589,12.048,0.055
2486.57132,12.219,0.059
2489.56035,12.217,0.045
2490.60669,12.172,0.055
2493.56026,12.148,0.052
2495.56736,12.156,0.044
2497.55787,12.256,0.037
2498.54597,12.289,0.042
2499.53951,12.363,0.034
2508.57056,12.27,0.044
2510.53066,12.318,0.063
2511.59233,12.079,0.042
2512.65139,12.145,0.054
2519.65366,12.15,0.048
2521.65567,12.046,0.052
2524.61338,12.088,0.061
2543.51237,12.757,0.056
2544.49166,12.685,0.065
2545.55285,12.617,0.054
2547.53527,12.437,0.057
2552.52426,12.163,0.062
2560.48978,12.206,0.053
2561.51828,12.146,0.057
2564.52232,12.095,0.052
2566.49718,12.019,0.061
2568.53853,12.201,0.052
2678.87312,12.09,0.048
2683.86887,12.089,0.048
2688.8729,12.161,0.053
2690.88552,12.208,0.038
2693.86357,12.156,0.048
2698.8568,12.271,0.051
2701.84353,12.795,0.049
2704.84566,12.617,0.05
2706.86653,12.403,0.047
2711.8309,12.232,0.046
2713.86742,12.109,0.046
2717.84758,11.984,0.047
2719.85576,12.364,0.041
2720.8178,12.008,0.048
2725.78682,11.92,0.05
2726.80613,11.992,0.036
2728.85526,12.093,0.037
2729.83267,12.137,0.052
2732.86927,12.175,0.048
2734.83991,12.142,0.045
2736.81316,12.271,0.045
2738.82916,12.351,0.047
2740.8075,12.472,0.047
2754.80976,12.188,0.05
2756.77009,12.09,0.045
2758.80878,12.228,0.042
2760.75837,12.164,0.049
2763.78454,12.157,0.036
2764.7475,12.207,0.044
2768.83207,12.172,0.051
2770.82138,12.178,0.054
2775.82968,12.299,0.037
2782.77636,12.664,0.059
2784.73145,12.718,0.044
2786.69223,12.339,0.047
2787.85465,12.229,0.052
2791.65946,12.374,0.046
2795.74352,12.14,0.046
2808.70976,12.027,0.046
2810.63295,12.099,0.05
2811.81572,12.167,0.053
2813.70912,12.115,0.05
2820.70452,12.442,0.038
2826.73553,12.36,0.034
2830.61263,12.146,0.044
2835.62683,12.129,0.039
2838.62847,12.131,0.037
2840.68315,12.006,0.041
2845.67292,12.129,0.036
2851.5867,12.089,0.033
2853.74471,12.236,0.034
2855.62088,12.322,0.04
2861.56826,12.687,0.038
2862.67814,12.776,0.044
2866.67894,12.272,0.048
2867.73639,12.182,0.05
2872.52558,12.22,0.04
2874.72286,12.065,0.05
2876.6402,12.181,0.053
2878.63041,12.045,0.05
2883.55984,11.965,0.048
2888.49522,12.084,0.045
2892.49597,12.075,0.061
2894.70156,12.189,0.04
2897.61694,12.385,0.054
2899.60138,12.542,0.056
2904.64002,12.784,0.057
2910.5032,12.287,0.053
2916.49019,12.093,0.055
2917.59014,12.072,0.048
2921.58927,12.081,0.05
2923.5798,12.11,0.051
2928.57731,12.101,0.05
2931.51275,12.151,0.05
2933.52211,12.122,0.049
2935.52339,12.147,0.052
2937.52244,12.163,0.052
2943.50283,12.551,0.051
2947.50711,12.259,0.051
2951.508,12.137,0.05
3054.88419,12.448,0.047
3055.81717,12.543,0.052
3056.89196,12.287,0.036
3057.82422,13.488,0.054
3059.85594,12.658,0.049
3067.89681,12.498,0.046
3075.86116,12.194,0.047
3080.85228,12.26,0.05
3086.89861,12.22,0.049
3090.83658,12.278,0.052
3096.91284,12.552,0.048
3102.85879,12.956,0.052
3107.89134,12.485,0.045
3113.80802,12.416,0.047
3114.71911,12.282,0.056
3116.79617,12.328,0.048
3125.75038,12.361,0.049
3127.74793,12.258,0.052
3129.79093,12.276,0.063
3130.88156,12.294,0.049
3144.75345,12.889,0.046
3152.86228,12.377,0.048
3154.70184,12.433,0.046
3162.70343,12.31,0.045
3164.73369,12.373,0.046
3167.75173,12.313,0.044
3169.72032,12.39,0.048
3171.85324,12.208,0.059
3178.66149,12.375,0.048
3180.76054,12.916,0.054
3183.74281,12.953,0.049
3191.74947,12.643,0.067
3266.53629,12.543,0.041
3273.59809,12.304,0.04
3278.60864,12.123,0.055
3292.5345,12.282,0.049
3298.50418,12.46,0.044
3411.88501,12.291,0.048
3415.88365,12.354,0.076
3416.89194,12.381,0.055
3421.8888,12.895,0.048
3422.88625,12.702,0.052
3425.88078,12.431,0.054
3439.87863,12.204,0.059
3443.88543,12.16,0.049
3443.90281,12.154,0.044
3444.84556,12.069,0.046
3447.86017,12.106,0.049
3449.85633,12.369,0.054
3450.83649,12.412,0.073
3450.85023,12.24,0.06
3452.85351,12.319,0.055
3453.81769,12.384,0.064
3453.82351,12.343,0.049
3454.84232,12.285,0.052
3455.81518,12.405,0.065
3456.83478,12.248,0.065
3456.85896,12.286,0.046
3463.82451,12.62,0.046
3464.83326,12.618,0.061
3466.84489,12.495,0.052
3467.88871,12.369,0.05
3469.84767,12.385,0.052
3473.79462,12.275,0.045
3476.8459,12.112,0.061
3478.84288,12.199,0.05
3481.7801,12.17,0.047
3481.87149,12.178,0.049
3483.8233,12.278,0.051
3490.8467,12.43,0.049
3492.85354,12.431,0.048
3492.86898,12.421,0.057
3496.81253,12.34,0.043
3496.84339,12.285,0.043
3504.79665,12.894,0.046
3506.77808,12.491,0.045
3508.84198,12.293,0.041
3509.80029,12.305,0.045
3511.73096,12.426,0.054
3512.70351,12.253,0.047
3517.78021,12.188,0.05
3521.75375,12.194,0.05
3523.76489,12.209,0.045
3525.82748,12.059,0.066
3528.714,12.268,0.053
3530.68429,12.176,0.059
3537.76665,12.479,0.063
3538.73607,12.308,0.049
3540.73066,12.427,0.062
3544.70301,12.291,0.051
3547.75557,12.309,0.073
3550.71076,12.237,0.058
3551.74748,12.17,0.07
3555.74398,12.217,0.053
3556.62334,12.164,0.065
3559.70586,12.092,0.065
3563.66471,12.128,0.07
3572.79997,12.382,0.043
3574.79188,12.421,0.045
3574.79473,12.298,0.041
3576.78925,12.342,0.051
3576.79222,12.24,0.041
3577.80096,12.432,0.055
3577.81858,12.309,0.055
3578.73792,12.396,0.057
3578.74038,12.475,0.054
3578.7445,12.372,0.055
3578.75197,12.461,0.053
3578.75447,12.386,0.054
3578.75696,12.406,0.071
3578.75947,12.521,0.068
3578.76454,12.269,0.047
3578.76716,12.39,0.066
3578.76978,12.331,0.044
3579.46871,12.562,0.05
3579.47124,12.481,0.052
3579.47385,12.485,0.052
3579.47635,12.497,0.055
3579.47882,12.524,0.045
3579.48141,12.535,0.051
3579.48413,12.638,0.054
3579.48671,12.574,0.048
3579.48936,12.513,0.044
3579.49203,12.519,0.048
3579.4946,12.612,0.045
3579.49724,12.736,0.078
3579.49984,12.556,0.047
3579.50247,12.61,0.049
3579.50505,12.552,0.051
3579.5077,12.584,0.049
3579.51034,12.645,0.047
3579.51293,12.525,0.049
3579.51556,12.55,0.048
3579.51811,12.537,0.043
3579.52071,12.599,0.051
3579.52608,12.575,0.047
3579.52867,12.623,0.047
3579.53142,12.499,0.052
3579.53476,12.591,0.045
3579.53739,12.581,0.06
3579.53998,12.567,0.048
3579.54261,12.487,0.051
3579.5461,12.647,0.05
3579.54876,12.514,0.044
3579.55227,12.497,0.046
3579.55491,12.597,0.045
3579.55757,12.631,0.048
3579.56021,12.558,0.048
3579.56283,12.602,0.044
3579.56546,12.649,0.062
3579.56806,12.653,0.044
3579.57061,12.503,0.046
3579.57328,12.622,0.045
3579.57673,12.563,0.059
3579.57948,12.574,0.057
3579.58211,12.66,0.052
3579.58645,12.661,0.048
3579.5899,12.63,0.047
3579.59255,12.522,0.048
3579.59534,12.633,0.046
3579.59797,12.632,0.043
3579.60137,12.555,0.047
3579.60403,12.692,0.059
3579.60664,12.561,0.058
3579.60939,12.686,0.047
3579.61199,12.63,0.052
3579.61466,12.612,0.05
3579.61733,12.656,0.045
3579.6199,12.588,0.049
3579.62255,12.636,0.05
3579.62507,12.472,0.074
3579.62787,12.647,0.069
3579.63054,12.608,0.064
3579.63315,12.53,0.07
3579.63577,12.564,0.069
3579.63838,12.66,0.051
3579.64188,12.424,0.052
3579.64452,12.462,0.08
3579.64717,12.47,0.077
3579.64993,12.62,0.073
3579.65254,12.551,0.073
3579.65517,12.606,0.055
3579.65787,12.578,0.07
3579.66044,12.543,0.063
3579.66312,12.568,0.072
3579.66571,12.619,0.054
3579.66833,12.438,0.069
3579.67087,12.633,0.065
3579.6742,12.61,0.067
3579.67683,12.59,0.069
3579.67951,12.544,0.059
3579.68222,12.569,0.062
3579.68467,12.607,0.064
3579.68732,12.56,0.073
3579.68988,12.526,0.075
3579.69265,12.538,0.076
3579.69533,12.609,0.08
3579.69816,12.704,0.072
3579.70079,12.653,0.058
3579.70355,12.598,0.06
3579.70623,12.567,0.071
3579.70879,12.676,0.071
3579.71673,12.581,0.058
3579.7194,12.668,0.061
3579.72209,12.548,0.071
3579.72467,12.636,0.069
3579.72733,12.745,0.058
3579.72991,12.63,0.058
3579.73253,12.503,0.06
3579.73521,12.594,0.057
3579.73786,12.595,0.052
3579.7405,12.644,0.059
3579.7431,12.621,0.046
3579.74563,12.576,0.064
3579.74827,12.71,0.058
3579.75097,12.633,0.054
3579.75373,12.546,0.051
3579.75712,12.595,0.067
3579.75975,12.56,0.048
3579.76242,12.574,0.051
3579.76512,12.624,0.049
3579.76859,12.591,0.053
3579.77134,12.572,0.063
3579.77394,12.578,0.043
3579.77664,12.621,0.045
3579.78002,12.594,0.045
3579.78255,12.631,0.044
3579.78529,12.645,0.052
3579.78798,12.664,0.05
3579.79167,12.715,0.045
3579.79927,12.698,0.048
3579.80185,12.626,0.053
3579.80449,12.611,0.05
3579.80711,12.608,0.049
3579.8098,12.573,0.051
3579.81236,12.583,0.057
3580.68311,12.692,0.068
3580.68636,12.684,0.074
3580.68874,12.606,0.078
3580.69124,12.76,0.079
3580.69383,12.823,0.08
3580.69641,12.881,0.08
3580.69886,12.873,0.075
3580.70154,12.746,0.074
3580.70408,12.785,0.056
3580.70695,12.953,0.075
3580.70967,12.822,0.064
3580.71239,12.827,0.061
3580.7151,12.856,0.067
3580.71777,12.853,0.073
3580.7204,12.646,0.057
3580.72309,12.725,0.075
3580.72587,12.698,0.06
3580.72849,12.742,0.062
3580.73094,12.822,0.065
3580.73379,12.719,0.054
3580.7365,12.788,0.058
3580.73995,12.701,0.043
3580.74262,12.651,0.045
3580.74533,12.74,0.046
3580.74804,12.817,0.049
3580.75065,12.676,0.047
3580.75313,12.767,0.057
3580.75574,12.776,0.046
3580.75838,12.746,0.044
3580.761,12.794,0.046
3580.76357,12.675,0.045
3580.76614,12.682,0.047
3580.76876,12.753,0.05
3580.77147,12.669,0.046
3580.77424,12.706,0.046
3580.77672,12.75,0.045
3580.78013,12.751,0.043
3580.78272,12.637,0.045
3580.7881,12.794,0.046
3580.79056,12.814,0.046
3580.79321,12.646,0.047
3580.79574,12.718,0.053
3580.79837,12.817,0.049
3580.80083,12.923,0.044
3580.80345,12.722,0.042
3581.46839,12.765,0.045
3581.47093,12.742,0.052
3581.47434,12.785,0.045
3581.47681,12.725,0.044
3581.47944,12.689,0.047
3581.48196,12.772,0.047
3581.48447,12.688,0.052
3581.487,12.735,0.045
3581.48945,12.785,0.049
3581.49199,12.768,0.056
3581.49451,12.81,0.049
3581.49694,12.79,0.045
3581.49939,12.736,0.049
3581.50268,12.671,0.05
3581.50773,12.85,0.055
3581.51043,12.813,0.052
3581.51297,12.82,0.055
3581.51562,12.812,0.046
3581.51815,12.727,0.052
3581.52061,12.743,0.052
3581.52322,12.709,0.05
3581.52571,12.742,0.046
3581.52843,12.565,0.047
3581.53103,12.86,0.049
3581.53357,12.721,0.056
3581.53618,12.675,0.046
3581.54125,12.787,0.046
3581.54379,12.753,0.046
3581.54704,12.778,0.045
3581.54962,12.791,0.045
3581.55464,12.735,0.051
3581.55716,12.785,0.047
3581.55967,12.737,0.051
3581.56234,12.742,0.059
3581.56493,12.717,0.049
3581.56743,12.83,0.051
3581.56989,12.751,0.048
3581.57246,12.852,0.049
3581.57505,12.725,0.045
3581.57778,12.69,0.045
3581.58041,12.727,0.066
3581.58298,12.636,0.056
3581.58542,12.857,0.064
3581.59048,12.629,0.049
3581.59295,12.776,0.053
3581.59802,12.77,0.072
3581.60048,12.741,0.052
3581.60301,12.814,0.048
3581.60574,12.789,0.046
3581.60828,12.839,0.068
3581.61075,12.648,0.071
3581.61332,12.636,0.049
3581.61578,12.672,0.068
3581.6184,12.988,0.077
3581.62085,12.823,0.054
3581.62336,12.726,0.067
3581.62587,12.817,0.074
3581.62838,12.818,0.063
3581.63094,12.872,0.064
3581.63344,12.762,0.052
3581.63609,12.743,0.062
3581.63873,12.715,0.058
3581.64133,12.903,0.061
3581.64381,12.723,0.064
3581.64639,12.664,0.057
3581.64884,12.78,0.056
3581.65136,12.672,0.063
3581.65386,12.81,0.061
3581.65642,12.752,0.063
3581.65886,12.667,0.063
3581.66145,12.771,0.049
3581.66399,12.672,0.058
3581.66654,12.742,0.065
3581.669,12.691,0.059
3581.67162,12.635,0.065
3581.67407,12.671,0.067
3581.67653,12.717,0.073
3581.67904,12.833,0.061
3581.68165,12.84,0.067
3581.68418,12.874,0.069
3581.68674,12.743,0.058
3581.68928,12.596,0.066
3581.69185,12.754,0.066
3581.6944,12.687,0.063
3581.6969,12.747,0.068
3581.69934,12.761,0.074
3581.70275,12.715,0.072
3581.70518,12.734,0.06
3581.70781,12.769,0.069
3581.71027,12.943,0.073
3581.71375,12.741,0.063
3581.71623,12.891,0.06
3581.71871,13.07,0.074
3581.72125,12.791,0.053
3581.72369,12.708,0.052
3581.727,12.738,0.068
3581.7296,12.635,0.061
3581.73459,12.644,0.047
3581.73722,12.816,0.05
3581.73977,12.775,0.051
3581.74246,12.798,0.049
3581.74503,12.716,0.051
3581.74748,12.731,0.042
3581.74997,12.696,0.043
3581.75266,12.765,0.045
3581.75521,12.671,0.043
3581.7585,12.783,0.05
3581.761,12.702,0.044
3581.7635,12.693,0.047
3581.76604,12.742,0.044
3581.7693,12.722,0.046
3581.77173,12.826,0.045
3581.77423,12.807,0.044
3581.77667,12.841,0.054
3581.77918,12.777,0.045
3581.78171,12.849,0.043
3581.78428,12.79,0.045
3581.78676,12.747,0.05
3581.78921,12.774,0.043
3581.79176,12.704,0.041
3581.79429,12.74,0.048
3581.79695,12.73,0.042
3581.79947,12.782,0.042
3581.80454,12.675,0.056
3581.80705,12.728,0.057
3582.46917,12.669,0.048
3582.4717,12.809,0.049
3582.47428,12.74,0.049
3582.47678,12.788,0.049
3582.4793,12.843,0.048
3582.48178,12.903,0.046
3582.48426,12.753,0.046
3582.4868,12.755,0.051
3582.49179,12.772,0.047
3582.49428,12.748,0.048
3582.49675,12.727,0.05
3582.50081,12.805,0.047
3582.50319,12.859,0.046
3582.50569,12.79,0.049
3582.50816,12.69,0.053
3582.51063,12.703,0.052
3582.51311,12.729,0.054
3582.51564,12.879,0.05
3582.51813,12.756,0.052
3582.52064,12.692,0.052
3582.52563,12.814,0.05
3582.5281,12.833,0.074
3582.53137,12.673,0.06
3582.53383,12.731,0.06
3582.53632,12.894,0.054
3582.53882,12.857,0.069
3582.54131,12.737,0.069
3582.54382,12.834,0.045
3582.54712,12.907,0.049
3582.54949,12.819,0.043
3582.552,12.779,0.053
3582.55453,12.741,0.053
3582.55702,12.839,0.048
3582.5595,12.655,0.046
3582.56276,12.725,0.047
3582.56524,12.734,0.049
3582.56772,12.711,0.047
3582.57021,12.856,0.059
3582.57266,12.805,0.044
3582.57517,12.639,0.05
3582.57766,12.772,0.053
3582.5802,12.754,0.064
3582.5827,12.66,0.062
3582.58601,12.816,0.057
3582.58839,12.788,0.048
3582.59087,12.682,0.048
3582.5933,12.789,0.044
3582.59659,12.821,0.06
3582.59896,12.878,0.061
3582.60148,13.12,0.05
3582.60643,12.823,0.05
3582.60893,12.753,0.052
3582.61145,12.759,0.044
3582.6147,12.742,0.06
3582.618,12.67,0.066
3582.62052,12.694,0.072
3582.623,12.692,0.059
3582.62548,12.754,0.07
3582.628,12.661,0.058
3582.63128,12.836,0.049
3582.63375,12.772,0.048
3582.63622,12.616,0.082
3582.63874,12.757,0.074
3582.64205,12.714,0.071
3582.64443,12.69,0.073
3582.64695,12.734,0.074
3582.64943,12.744,0.077
3582.65195,12.808,0.078
3582.65445,12.907,0.064
3582.65772,12.723,0.049
3582.6602,12.875,0.083
3582.66349,12.855,0.062
3582.66599,12.63,0.081
3582.67103,12.799,0.069
3582.67354,12.696,0.073
3582.67607,12.749,0.07
3582.67857,12.697,0.073
3582.68099,12.584,0.08
3582.68351,12.66,0.078
3582.68601,12.657,0.078
3582.68851,12.651,0.077
3582.69097,12.728,0.082
3582.69344,12.652,0.069
3582.69594,12.819,0.071
3582.69843,12.909,0.08
3582.70096,12.947,0.083
3582.70347,12.652,0.063
3582.71671,12.785,0.076
3582.71999,12.718,0.076
3582.72238,12.758,0.066
3582.72488,12.574,0.081
3582.72738,12.714,0.068
3582.72985,12.874,0.074
3582.73237,12.667,0.055
3582.73483,12.779,0.046
3582.73733,12.782,0.046
3582.73982,12.761,0.067
3582.74232,12.777,0.047
3582.7448,12.773,0.048
3582.74731,12.792,0.052
3582.75058,12.846,0.044
3582.75306,12.716,0.049
3582.75554,12.748,0.061
3582.75806,12.837,0.049
3582.76052,12.732,0.055
3582.76301,12.624,0.065
3582.76551,12.81,0.061
3582.76877,12.824,0.044
3582.77125,12.755,0.048
3583.64535,12.715,0.079
3585.70755,12.699,0.072
3587.71938,12.312,0.052
3590.57353,12.353,0.051
3592.57806,12.249,0.049
3599.63721,12.29,0.043
3601.69268,12.191,0.047
3603.69529,12.083,0.043
3607.52986,12.045,0.052
3616.63155,12.459,0.045
3619.5502,12.563,0.053
3621.6018,12.623,0.05
3628.52468,12.403,0.038
3630.59172,12.346,0.057
3632.59758,12.186,0.043
3634.50818,12.196,0.049
3634.51058,12.44,0.064
3634.51305,12.157,0.05
3634.51559,12.2,0.044
3634.51809,12.195,0.054
3634.52061,12.089,0.049
3634.52463,12.204,0.041
3634.52792,12.179,0.061
3634.53045,12.123,0.056
3634.53295,12.154,0.057
3634.53546,12.331,0.056
3634.53796,12.125,0.053
3634.54038,12.189,0.066
3634.5429,12.3,0.055
3634.54948,12.112,0.043
3634.55533,12.181,0.044
3634.56066,12.125,0.041
3634.56665,12.192,0.052
3634.58091,12.198,0.042
3634.62971,12.144,0.058
3639.50335,12.126,0.045
3642.5199,12.148,0.042
3644.57985,12.12,0.07
3648.54674,12.196,0.044
3654.499,12.351,0.058
3656.54999,12.223,0.048
3659.52594,12.581,0.043
3661.54159,12.685,0.047
3663.54561,12.766,0.047
3666.55131,12.348,0.055
3670.50541,12.32,0.045
3673.51261,12.314,0.053
3676.50982,12.295,0.048
3786.81351,12.514,0.051
3786.81764,12.473,0.053
3786.82002,12.634,0.054
3786.82333,12.506,0.058
3786.82574,12.555,0.056
3786.82828,12.56,0.057
3786.83079,12.502,0.05
3786.83328,12.499,0.053
3786.83581,12.437,0.052
3786.83829,12.533,0.049
3786.84084,12.418,0.059
3786.84415,12.538,0.056
3786.84671,12.49,0.054
3786.85013,12.326,0.056
3786.85251,12.542,0.05
3786.8551,12.585,0.052
3786.8576,12.575,0.05
3786.86012,12.521,0.052
3786.86262,12.612,0.057
3786.86596,12.594,0.057
3786.86835,12.473,0.051
3786.87089,12.503,0.055
3786.87591,12.591,0.049
3786.87848,12.509,0.047
3786.881,12.433,0.052
3786.88599,12.485,0.046
3786.8885,12.524,0.056
3786.89348,12.406,0.047
3786.89595,12.524,0.051
3787.80163,12.598,0.05
3787.80412,12.554,0.051
3787.80659,12.489,0.061
3787.80919,12.471,0.052
3787.81173,12.49,0.052
3787.81422,12.264,0.054
3787.81752,12.399,0.053
3787.82011,12.459,0.051
3787.82259,12.373,0.06
3791.86758,12.219,0.046
3792.87957,12.133,0.05
3795.88295,12.202,0.055
3796.88279,12.103,0.046
3799.87928,12.256,0.053
3803.87765,12.215,0.068
3806.88784,12.212,0.067
3808.86899,12.121,0.053
3810.87733,12.369,0.074
3812.86141,12.159,0.048
3814.83987,12.166,0.065
3817.76397,12.267,0.054
3817.79346,12.196,0.059
3817.82384,12.257,0.058
3817.85291,12.219,0.051
3817.88154,12.222,0.065
3817.9094,12.256,0.067
3818.75047,12.293,0.056
3818.78028,12.37,0.057
3818.83776,12.423,0.07
3818.86603,12.286,0.073
3818.89487,12.275,0.065
3822.86687,12.654,0.051
3822.88818,12.639,0.056
3825.8725,12.339,0.051
3826.85843,12.276,0.046
3828.86043,12.219,0.061
3830.85846,12.261,0.057
3832.81506,12.169,0.066
3834.74568,12.217,0.047
3834.80423,12.205,0.048
3834.85781,12.094,0.062
3834.88452,12.161,0.062
3834.91312,12.114,0.056
3835.82798,12.165,0.051
3836.80535,12.159,0.05
3836.83362,12.144,0.051
3836.86436,12.282,0.051
3836.89319,12.246,0.049
3837.835,12.259,0.051
3848.85389,12.084,0.057
3851.80125,12.243,0.064
3851.82039,12.287,0.063
3856.83908,12.289,0.049
3859.77775,12.543,0.063
3859.84605,12.386,0.05
3861.80233,12.605,0.068
3863.8318,12.511,0.081
3865.78574,12.507,0.074
3867.78728,12.414,0.054
3868.79894,12.331,0.055
3872.80249,12.262,0.061
3880.77042,12.066,0.043
3882.71684,12.131,0.051
3886.79333,12.224,0.071
3887.75066,12.161,0.064
3889.79122,12.142,0.045
3891.6723,12.201,0.061
3891.77329,12.129,0.042
3893.72018,12.384,0.037
3893.7552,12.303,0.042
3896.73301,12.314,0.053
3896.75387,12.245,0.058
3900.72924,12.714,0.066
3900.75057,12.686,0.056
3902.7361,12.813,0.047
3904.78114,12.743,0.054
3906.77005,12.353,0.062
3906.79404,12.288,0.055
3908.83606,12.206,0.066
3912.7497,12.341,0.049
4152.89398,12.208,0.047
4156.88741,12.128,0.059
4160.8789,12.09,0.049
4162.87102,12.008,0.061
4164.86875,12.01,0.072
4168.88237,12.191,0.055
4174.86538,12.173,0.049
4177.89181,12.268,0.058
4179.86089,12.349,0.044
4181.85503,12.405,0.052
4185.84099,12.427,0.048
4185.87868,12.318,0.044
4189.83155,12.276,0.037
4189.86264,12.611,0.043
4192.84177,12.072,0.043
4196.84772,12.025,0.053
4196.88042,12.099,0.048
4202.86084,12.102,0.055
4202.88399,12.03,0.057
4205.82098,12.035,0.055
4205.86148,12.114,0.046
4213.86781,12.21,0.041
4213.88427,12.685,0.063
4216.86141,12.21,0.041
4228.82787,12.268,0.046
4228.84957,12.149,0.05
4230.81313,12.196,0.038
4230.83117,12.085,0.04
4232.82039,12.119,0.044
4232.90397,12.088,0.043
4234.86191,12.003,0.039
4238.7662,11.986,0.044
4245.72677,12.048,0.051
4247.71102,11.971,0.036
4247.7425,11.993,0.045
4255.76275,12.203,0.042
4258.68623,12.378,0.036
4269.7592,12.233,0.042
4269.7754,12.208,0.043
4273.66851,12.125,0.036
4273.68671,12.123,0.037
4278.67015,12.133,0.038
4278.68979,12.09,0.04
4282.68859,12.025,0.066
4283.71132,11.991,0.05
4284.69215,12.003,0.043
4285.70504,12.004,0.051
4286.68534,12.015,0.056
4289.70115,12.062,0.039
4290.68466,12.024,0.037
4291.70183,12.107,0.041
4292.64502,12.115,0.044
4293.68852,12.101,0.04
4295.70249,12.063,0.048
4296.64346,12.095,0.06
4297.69366,12.18,0.045
4298.64885,12.316,0.051
4299.66968,12.493,0.057
4301.64282,12.558,0.045
4302.67075,12.524,0.046
4303.6492,12.568,0.042
4304.61289,12.49,0.035
4305.62651,12.275,0.039
4310.60412,12.138,0.044
4312.60116,12.23,0.062
4312.62428,12.094,0.061
4315.60368,12.197,0.041
4315.63031,12.183,0.044
4317.6607,12.156,0.037
4317.68238,12.061,0.044
4329.65032,12.09,0.042
4329.65418,12.199,0.045
4331.58097,12.122,0.054
4331.58408,12.103,0.053
4332.75109,12.027,0.059
4338.52289,12.373,0.046
4338.54827,12.334,0.043
4340.57829,12.39,0.055
4340.59239,12.457,0.047
4342.58295,12.52,0.059
4342.59348,12.427,0.045
4344.57995,12.408,0.063
4344.59048,12.489,0.058
4346.58241,12.33,0.065
4346.59295,12.304,0.043
4348.58406,12.23,0.06
4348.59461,12.232,0.049
4350.57922,12.087,0.069
4350.59469,12.216,0.051
4352.59146,12.195,0.035
4352.60203,12.167,0.035
4354.70033,12.073,0.042
4357.5905,12.134,0.043
4359.49785,12.076,0.037
4359.55541,11.988,0.052
4365.50943,12.064,0.033
4365.51269,12.055,0.041
4367.65978,12.003,0.052
4373.5093,12.072,0.06
4375.58247,12.124,0.041
4376.53805,12.274,0.044
4378.55782,12.307,0.041
4379.6284,12.412,0.052
4380.58508,12.573,0.046
4382.54459,12.634,0.042
4383.54402,12.56,0.037
4384.57538,12.474,0.039
4386.52583,12.298,0.034
4386.60446,12.188,0.037
4392.50561,12.186,0.041
4393.51277,12.138,0.052
4402.50244,11.946,0.057
4407.53592,12.038,0.043
4408.50929,11.896,0.041
4411.52242,12.025,0.05
4507.8859,12.295,0.062
4518.86943,11.934,0.054
4520.87889,11.88,0.044
4523.86572,11.947,0.06
4524.89108,12.007,0.047
4529.86078,12.103,0.039
4530.8787,12.055,0.063
4533.88429,12.165,0.043
4537.84876,12.231,0.047
4537.87502,12.379,0.04
4540.87358,12.572,0.06
4541.86912,12.573,0.047
4545.85816,12.175,0.06
4547.87608,12.103,0.058
4548.87673,12.124,0.048
4551.84238,12.132,0.044
4557.83069,12.102,0.042
4557.85847,12.031,0.042
4560.85425,12.1,0.041
4560.87954,11.949,0.04
4563.84755,12.01,0.038
4566.83495,11.98,0.048
4567.8529,12.001,0.049
4569.82395,11.987,0.041
4570.84943,11.97,0.047
4572.79499,12.139,0.039
4573.81727,12.113,0.041
4574.81398,12.152,0.046
4575.87882,12.264,0.05
4576.85057,12.254,0.058
4578.85901,12.37,0.042
4583.85437,12.358,0.036
4585.82739,12.284,0.042
4586.86848,12.331,0.047
4588.81056,12.273,0.045
4589.80413,12.152,0.039
4591.80158,12.232,0.048
4592.781,12.124,0.039
4593.85195,12.077,0.038
4595.7611,12.039,0.045
4596.78945,11.972,0.041
4597.85336,12.043,0.038
4599.78049,12.111,0.046
4601.77878,12.095,0.05
4602.75881,12.033,0.049
4606.80276,11.956,0.046
4610.78407,12.078,0.044
4611.80219,12.131,0.048
4612.79055,12.245,0.047
4616.7936,12.215,0.039
4617.75885,12.211,0.042
4622.74009,12.567,0.039
4623.80387,12.641,0.047
4627.72134,12.132,0.048
4627.78306,12.13,0.045
4629.70767,12.052,0.038
4631.70814,12.132,0.046
4631.75618,12.115,0.046
4633.72851,12.239,0.05
4638.79261,11.916,0.04
4638.79516,12.027,0.044
4640.76416,11.956,0.047
4640.76669,11.981,0.05
4642.75077,12.01,0.046
4642.75335,12.073,0.048
4644.77162,12.12,0.06
4644.77413,11.971,0.06
4649.62769,12.001,0.047
4649.64881,11.966,0.054
4651.66593,12.096,0.06
4651.69436,11.953,0.047
4653.67075,12.082,0.038
4653.69413,12.083,0.042
4655.65796,12.212,0.052
4655.67158,12.147,0.044
4657.69431,12.182,0.049
4657.70642,12.15,0.042
4660.67167,12.621,0.041
4665.63307,12.399,0.04
4665.67916,12.218,0.042
4667.65624,12.272,0.042
4667.69382,12.254,0.041
4672.7378,12.113,0.038
4672.76634,12.2,0.047
4675.74815,11.991,0.043
4675.77388,11.964,0.039
4678.79049,12.001,0.045
4681.66767,12.03,0.045
4681.70246,12.013,0.059
4683.66771,11.964,0.043
4683.75304,12.008,0.056
4685.65046,12.048,0.044
4685.67267,12.024,0.047
4687.65248,12.082,0.049
4693.55184,12.192,0.042
4693.57918,12.177,0.048
4697.55235,12.146,0.037
4697.57877,12.024,0.041
4701.56235,12.552,0.037
4701.58544,12.578,0.048
4703.56744,12.74,0.048
4703.59059,12.523,0.058
4705.60058,12.487,0.042
4705.62163,12.307,0.048
4707.68637,12.139,0.064
4707.6989,12.198,0.047
4710.5713,12.212,0.062
4715.54188,11.995,0.042
4720.58369,11.893,0.046
4720.58777,11.874,0.053
4722.6218,12.056,0.053
4722.62524,12.022,0.059
4725.634,12.039,0.077
4728.59332,11.969,0.053
4728.59671,12.085,0.05
4730.63297,11.93,0.073
4730.63629,11.963,0.062
4733.6386,12.127,0.06
4734.55603,12.119,0.07
4738.52676,12.299,0.041
4738.55612,12.361,0.052
4741.51669,12.421,0.06
4741.53766,12.254,0.067
4747.52185,12.115,0.071
4750.55777,12.097,0.066
4753.54994,12.104,0.051
4756.52606,11.827,0.055
4759.51795,11.834,0.068
4762.51661,12.02,0.06
4765.51136,11.86,0.05
4765.53605,11.841,0.049
4768.50744,12.145,0.07
4774.50228,11.958,0.07
4775.52455,11.963,0.056
4884.8693,12.07,0.049
4886.88878,11.995,0.053
4892.85922,12.162,0.059
4905.84564,12.287,0.057
4905.89115,12.188,0.062
4916.85834,12.013,0.052
4916.88603,11.964,0.052
4920.83652,11.94,0.056
4927.87858,12.124,0.059
4927.91139,11.97,0.052
4938.88069,12.297,0.052
4947.7952,12.087,0.055
4950.7842,12.157,0.062
4952.84801,12.099,0.05
4954.83452,12.213,0.05
4967.85175,11.953,0.056
4969.75828,11.866,0.061
4988.75646,12.18,0.053
5006.72597,11.901,0.06
5012.71655,12.138,0.068
5014.6696,12.135,0.048
5014.68471,12.025,0.051
5022.65946,12.423,0.055
5024.66641,12.384,0.059
5031.63349,11.95,0.045
5031.65187,11.984,0.05
5042.61106,11.879,0.051
5049.68648,11.937,0.058
5066.55144,12.316,0.06
5075.55911,11.919,0.053
5083.62809,11.831,0.053
5087.60199,11.931,0.06
5087.64586,11.97,0.046
5089.6684,12.036,0.057
5092.56508,11.927,0.061
5092.62828,12.054,0.05
5105.58776,12.259,0.052
5122.52921,11.85,0.052
