1948.8802,10.61,0.057
1950.87395,10.748,0.052
1953.87054,10.63,0.044
1954.87335,9.997,0.052
1955.86392,10.634,0.04
1961.88187,9.804,0.041
1963.8736,10.025,0.039
1965.86687,10.212,0.04
1967.86944,10.369,0.04
1978.83274,10.505,0.049
1979.86003,9.808,0.048
1980.84108,10.539,0.047
1981.86062,10.004,0.043
1982.81052,10.634,0.044
1997.81176,10.198,0.043
2032.7632,10.455,0.058
2037.71615,9.973,0.067
2058.71099,10.654,0.063
2083.65152,10.681,0.069
2085.64677,10.608,0.063
2096.66724,10.742,0.073
2102.59734,10.022,0.054
2104.60814,10.249,0.056
2105.60825,10.689,0.057
2106.61364,10.428,0.059
2109.60412,9.801,0.052
2115.56434,10.374,0.053
2116.57901,10.787,0.05
2117.57787,10.512,0.053
2124.58794,10.395,0.058
2125.56972,10.725,0.059
2128.55309,10.581,0.059
2129.56343,9.961,0.056
2130.55905,10.613,0.056
2132.56416,10.596,0.057
2134.54727,10.752,0.055
2135.54601,10.456,0.06
2135.55509,10.509,0.058
2136.55466,10.126,0.051
2140.52774,10.102,0.047
2141.55059,10.61,0.055
2142.54026,10.355,0.059
2144.50877,10.424,0.057
2145.51555,10.655,0.06
2151.51481,10.32,0.057
2156.48797,9.845,0.05
2164.47852,10.518,0.052
2168.54968,10.64,0.059
2172.48929,10.625,0.054
2178.48638,10.282,0.053
2180.53133,10.494,0.053
2184.53135,10.609,0.065
2188.51177,10.703,0.049
2192.50133,9.921,0.053
2442.66555,10.608,0.035
2443.66181,10.017,0.042
2445.64548,10.206,0.046
2446.66869,10.609,0.037
2452.63045,9.905,0.04
2459.61753,10.193,0.056
2460.64804,10.634,0.031
2463.64977,10.259,0.033
2464.62142,10.579,0.033
2465.62283,10.351,0.034
2467.61483,10.457,0.032
2473.57372,10.646,0.039
2474.62488,10.363,0.035
2481.56324,10.023,0.045
2486.5737,10.555,0.046
2489.5627,10.644,0.041
2491.563,10.592,0.042
2493.56263,10.633,0.037
2494.56813,10.427,0.058
2495.55848,10.695,0.046
2497.56474,9.837,0.036
2498.55286,10.656,0.043
2499.54418,10.063,0.055
2500.52528,10.613,0.046
2501.55007,10.248,0.036
2508.57288,10.143,0.038
2510.53298,10.234,0.05
2519.65595,10.511,0.041
2520.6512,10.04,0.047
2524.61567,10.086,0.048
2535.54548,10.162,0.048
2544.58263,10.206,0.035
2546.54186,10.311,0.044
2548.53547,10.416,0.04
2552.55632,10.622,0.046
2561.53196,10.647,0.045
2564.52949,10.353,0.045
2566.50397,10.451,0.059
2683.86887,9.955,0.047
2684.88144,10.63,0.047
2686.87577,10.611,0.052
2688.88164,10.657,0.052
2689.87131,10.533,0.053
2693.88896,10.641,0.053
2698.8618,10.492,0.051
2698.88735,10.52,0.054
2701.85776,9.987,0.047
2704.85017,10.613,0.049
2706.86878,10.725,0.049
2709.84443,10.586,0.038
2711.85363,10.595,0.043
2711.90005,10.595,0.061
2713.87899,10.701,0.056
2713.88055,10.737,0.042
2717.85445,9.834,0.062
2720.83199,10.659,0.057
2720.84295,10.568,0.047
2725.79487,10.414,0.047
2726.8084,10.203,0.046
2728.85753,10.055,0.053
2729.84289,10.602,0.043
2732.86245,10.46,0.056
2733.88077,10.151,0.042
2735.80431,10.203,0.046
2737.85456,10.081,0.038
2739.8194,10.175,0.043
2741.81546,10.318,0.045
2743.80771,10.46,0.043
2754.80296,10.579,0.044
2756.77543,10.628,0.042
2760.76073,10.653,0.048
2762.75044,10.689,0.061
2763.78241,10.553,0.041
2764.74987,9.835,0.049
2768.82994,10.426,0.047
2784.73386,10.082,0.048
2786.69695,10.199,0.042
2791.68125,10.2,0.044
2808.71678,10.609,0.062
2810.63537,10.53,0.044
2811.82114,10.338,0.051
2813.71154,10.284,0.053
2819.70829,10.658,0.037
2819.86049,10.886,0.045
2820.80517,10.313,0.043
2820.82463,10.39,0.043
2826.69086,10.481,0.061
2829.60691,9.822,0.066
2829.80519,10.332,0.036
2834.845,10.065,0.051
2838.7486,10.264,0.051
2845.76179,10.092,0.04
2851.64377,10.333,0.042
2853.58778,10.364,0.041
2853.69561,10.511,0.054
2853.76147,10.606,0.04
2855.72501,10.558,0.047
2861.57062,10.577,0.044
2866.68129,10.644,0.047
2867.73874,10.403,0.047
2872.5401,10.725,0.041
2875.58062,10.586,0.053
2877.57172,10.635,0.049
2879.56962,10.618,0.037
2882.59311,10.562,0.046
2888.59394,10.675,0.048
2894.56975,10.076,0.049
2894.59851,10.145,0.052
2894.66571,10.305,0.068
2896.59092,10.335,0.051
2898.57854,10.455,0.056
2900.57335,10.531,0.051
2904.56009,10.632,0.052
2906.55842,10.648,0.051
2909.55995,10.551,0.055
2911.5316,10.622,0.055
2916.4974,10.272,0.065
2917.59473,9.955,0.051
2922.49931,10.583,0.051
2924.5182,10.589,0.048
2927.52921,10.56,0.05
2929.53028,10.595,0.055
2931.53466,10.609,0.051
2933.53827,10.66,0.049
2935.53952,10.568,0.055
2937.53684,9.836,0.054
2943.5119,10.375,0.053
2949.50784,10.612,0.042
3055.88545,10.332,0.04
3057.81931,10.319,0.051
3057.84763,10.365,0.046
3057.898,10.534,0.055
3059.87707,10.582,0.043
3063.87776,10.544,0.048
3068.86823,10.598,0.051
3086.90721,10.579,0.045
3090.84661,10.656,0.048
3097.79378,10.645,0.045
3100.84321,10.279,0.052
3103.83779,10.17,0.057
3107.89394,10.309,0.04
3113.81863,10.575,0.049
3116.8073,10.106,0.037
3122.83016,10.599,0.037
3125.75309,9.936,0.043
3127.75579,10.164,0.055
3144.75764,10.665,0.036
3153.77117,10.646,0.036
3153.7871,10.607,0.034
3153.79494,10.622,0.036
3153.80019,10.616,0.035
3153.82158,10.604,0.034
3156.70944,10.286,0.047
3162.74535,10.722,0.039
3164.76446,10.617,0.049
3169.77561,10.624,0.052
3172.76091,10.31,0.05
3175.88617,10.067,0.048
3177.7412,9.813,0.046
3178.65348,10.515,0.052
3180.75055,10.633,0.056
3182.62357,10.634,0.051
3183.73788,10.42,0.039
3189.68041,10.6,0.051
3191.79407,10.759,0.048
3266.53878,10.313,0.041
3273.59809,10.268,0.053
3279.51782,10.577,0.052
3293.54849,10.328,0.041
3299.51176,10.614,0.05
3411.88501,10.615,0.061
3415.88365,10.644,0.066
3439.87863,10.093,0.055
3443.88543,10.488,0.053
3450.85023,10.252,0.045
3453.82351,10.756,0.042
3456.85896,10.662,0.055
3463.82451,10.512,0.055
3466.84489,10.076,0.057
3469.84767,10.684,0.055
3473.79462,10.254,0.048
3478.84288,10.648,0.047
3481.7801,10.47,0.042
3483.8233,10.635,0.042
3490.8467,10.626,0.047
3492.85354,10.653,0.043
3496.81253,10.636,0.045
3504.79665,10.21,0.054
3508.84198,10.57,0.043
3511.73096,9.812,0.04
3517.78021,10.548,0.041
3523.76489,10.635,0.064
3525.82748,10.149,0.058
3530.68429,10.652,0.061
3537.76665,10.589,0.057
3544.70301,10.445,0.059
3547.75557,10.005,0.062
3551.74748,10.384,0.066
3556.62334,10.689,0.041
3559.70586,10.662,0.06
3563.66471,10.745,0.06
3572.79997,9.991,0.057
3574.79188,10.173,0.052
3576.78925,10.364,0.053
3577.80096,10.752,0.061
3577.81858,10.69,0.057
3578.73792,10.4,0.054
3578.74038,10.366,0.056
3578.7445,10.398,0.06
3578.75197,10.417,0.053
3578.75447,10.446,0.048
3578.75696,10.459,0.059
3578.75947,10.435,0.053
3578.76454,10.449,0.056
3578.76716,10.446,0.063
3578.76978,10.44,0.054
3579.46871,10.545,0.061
3579.47124,10.58,0.059
3579.47385,10.549,0.059
3579.47635,10.608,0.057
3579.47882,10.576,0.054
3579.48141,10.604,0.058
3579.48413,10.557,0.058
3579.48671,10.581,0.059
3579.48936,10.582,0.056
3579.49203,10.587,0.055
3579.4946,10.576,0.056
3579.49724,10.757,0.061
3579.49984,10.73,0.056
3579.50247,10.617,0.057
3579.50505,10.584,0.055
3579.5077,10.619,0.055
3579.51034,10.613,0.055
3579.51293,10.606,0.059
3579.51556,10.604,0.055
3579.51811,10.602,0.053
3579.52071,10.594,0.056
3579.52608,10.617,0.055
3579.52867,10.617,0.058
3579.53142,10.611,0.061
3579.53476,10.6,0.056
3579.53739,10.621,0.055
3579.53998,10.592,0.057
3579.54261,10.606,0.054
3579.5461,10.609,0.056
3579.54876,10.603,0.053
3579.55227,10.634,0.053
3579.55491,10.619,0.056
3579.55757,10.664,0.056
3579.56021,10.663,0.056
3579.56283,10.629,0.055
3579.56546,10.633,0.058
3579.56806,10.637,0.055
3579.57061,10.629,0.054
3579.57328,10.664,0.054
3579.57673,10.633,0.061
3579.57948,10.656,0.055
3579.58211,10.627,0.056
3579.58645,10.657,0.055
3579.5899,10.638,0.054
3579.59255,10.629,0.059
3579.59534,10.658,0.056
3579.59797,10.639,0.054
3579.60137,10.638,0.054
3579.60403,10.623,0.057
3579.60664,10.63,0.055
3579.60939,10.651,0.055
3579.61199,10.628,0.055
3579.61466,10.651,0.057
3579.61733,10.621,0.056
3579.6199,10.665,0.056
3579.62255,10.638,0.056
3579.62507,10.653,0.061
3579.62787,10.624,0.063
3579.63054,10.629,0.057
3579.63315,10.607,0.061
3579.63577,10.642,0.061
3579.63838,10.64,0.058
3579.64188,10.599,0.059
3579.64452,10.597,0.064
3579.64717,10.615,0.063
3579.64993,10.589,0.061
3579.65254,10.595,0.061
3579.65517,10.608,0.057
3579.65787,10.618,0.062
3579.66044,10.58,0.058
3579.66312,10.608,0.061
3579.66571,10.606,0.058
3579.66833,10.624,0.061
3579.67087,10.644,0.065
3579.6742,10.633,0.061
3579.67683,10.662,0.06
3579.67951,10.634,0.056
3579.68222,10.658,0.06
3579.68467,10.654,0.058
3579.68732,10.682,0.062
3579.68988,10.677,0.065
3579.69265,10.641,0.067
3579.69533,10.678,0.066
3579.69816,10.698,0.064
3579.70079,10.684,0.058
3579.70355,10.696,0.059
3579.70623,10.732,0.062
3579.70879,10.704,0.06
3579.71673,10.706,0.057
3579.7194,10.723,0.06
3579.72209,10.731,0.063
3579.72467,10.779,0.063
3579.72733,10.743,0.057
3579.72991,10.741,0.059
3579.73253,10.716,0.058
3579.73521,10.76,0.057
3579.73786,10.747,0.057
3579.7405,10.72,0.057
3579.7431,10.692,0.059
3579.74563,10.683,0.06
3579.74827,10.696,0.058
3579.75097,10.649,0.057
3579.75373,10.622,0.059
3579.75712,10.56,0.063
3579.75975,10.559,0.057
3579.76242,10.496,0.057
3579.76512,10.423,0.057
3579.76859,10.296,0.056
3579.77134,10.26,0.064
3579.77394,10.215,0.056
3579.77664,10.2,0.057
3579.78002,10.164,0.056
3579.78255,10.143,0.057
3579.78529,10.1,0.059
3579.78798,10.084,0.056
3579.79167,10.026,0.056
3579.79927,9.93,0.063
3579.80185,9.893,0.061
3579.80449,9.878,0.056
3579.80711,9.833,0.057
3579.8098,9.845,0.061
3579.81236,9.84,0.05
3580.68311,10.457,0.067
3580.68636,10.453,0.063
3580.68874,10.458,0.068
3580.69124,10.487,0.07
3580.69383,10.478,0.069
3580.69641,10.481,0.068
3580.69886,10.451,0.064
3580.70154,10.529,0.067
3580.70408,10.531,0.063
3580.70695,10.571,0.065
3580.70967,10.616,0.065
3580.71239,10.87,0.06
3580.7151,10.929,0.064
3580.71777,10.522,0.064
3580.7204,10.466,0.06
3580.72309,10.485,0.065
3580.72587,10.473,0.06
3580.72849,10.495,0.062
3580.73094,10.503,0.061
3580.73379,10.515,0.059
3580.7365,10.535,0.06
3580.73995,10.517,0.059
3580.74262,10.511,0.057
3580.74533,10.565,0.06
3580.74804,10.539,0.059
3580.75065,10.574,0.061
3580.75313,10.577,0.059
3580.75574,10.583,0.057
3580.75838,10.591,0.058
3580.761,10.564,0.057
3580.76357,10.578,0.058
3580.76614,10.604,0.061
3580.76876,10.569,0.06
3580.77147,10.572,0.06
3580.77424,10.567,0.058
3580.77672,10.554,0.058
3580.78013,10.574,0.058
3580.78272,10.616,0.059
3580.7881,10.659,0.057
3580.79056,10.651,0.059
3580.79321,10.748,0.063
3580.79574,10.614,0.064
3580.79837,10.6,0.061
3580.80083,10.667,0.059
3580.80345,10.6,0.059
3581.46839,10.638,0.061
3581.47093,10.636,0.06
3581.47434,10.609,0.058
3581.47681,10.662,0.057
3581.47944,10.618,0.057
3581.48196,10.66,0.058
3581.48447,10.632,0.059
3581.487,10.635,0.056
3581.48945,10.632,0.057
3581.49199,10.619,0.059
3581.49451,10.616,0.058
3581.49694,10.64,0.055
3581.49939,10.622,0.059
3581.50268,10.605,0.057
3581.50773,10.62,0.06
3581.51043,10.614,0.057
3581.51297,10.64,0.059
3581.51562,10.673,0.056
3581.51815,10.679,0.058
3581.52061,10.632,0.057
3581.52322,10.667,0.056
3581.52571,10.658,0.056
3581.52843,10.632,0.059
3581.53103,10.64,0.058
3581.53357,10.684,0.057
3581.53618,10.669,0.058
3581.54125,10.653,0.056
3581.54379,10.606,0.055
3581.54704,10.669,0.055
3581.54962,10.602,0.056
3581.55464,10.643,0.058
3581.55716,10.608,0.055
3581.55967,10.597,0.059
3581.56234,10.621,0.058
3581.56493,10.592,0.059
3581.56743,10.64,0.057
3581.56989,10.633,0.058
3581.57246,10.624,0.058
3581.57505,10.608,0.056
3581.57778,10.599,0.056
3581.58041,10.632,0.062
3581.58298,10.638,0.059
3581.58542,10.638,0.06
3581.59048,10.606,0.053
3581.59295,10.638,0.055
3581.59802,10.593,0.06
3581.60048,10.643,0.057
3581.60301,10.667,0.057
3581.60574,10.65,0.056
3581.60828,10.686,0.061
3581.61075,10.652,0.059
3581.61332,10.673,0.057
3581.61578,10.682,0.058
3581.6184,10.7,0.063
3581.62085,10.648,0.056
3581.62336,10.676,0.059
3581.62587,10.713,0.062
3581.62838,10.69,0.057
3581.63094,10.711,0.058
3581.63344,10.703,0.056
3581.63609,10.752,0.056
3581.63873,10.703,0.055
3581.64133,10.723,0.058
3581.64381,10.725,0.058
3581.64639,10.731,0.054
3581.64884,10.748,0.052
3581.65136,10.706,0.057
3581.65386,10.751,0.057
3581.65642,10.747,0.056
3581.65886,10.733,0.06
3581.66145,10.739,0.053
3581.66399,10.764,0.056
3581.66654,10.714,0.057
3581.669,10.709,0.056
3581.67162,10.694,0.057
3581.67407,10.668,0.058
3581.67653,10.656,0.06
3581.67904,10.654,0.056
3581.68165,10.639,0.059
3581.68418,10.613,0.059
3581.68674,10.578,0.058
3581.68928,10.483,0.059
3581.69185,10.407,0.059
3581.6944,10.366,0.057
3581.6969,10.303,0.059
3581.69934,10.261,0.063
3581.70275,10.215,0.061
3581.70518,10.168,0.057
3581.70781,10.153,0.059
3581.71027,10.138,0.063
3581.71375,10.093,0.06
3581.71623,10.046,0.055
3581.71871,10.042,0.063
3581.72125,9.99,0.054
3581.72369,9.945,0.057
3581.727,9.937,0.058
3581.7296,9.882,0.058
3581.73459,9.843,0.054
3581.73722,9.846,0.055
3581.73977,9.827,0.055
3581.74246,9.839,0.054
3581.74503,9.827,0.054
3581.74748,9.814,0.052
3581.74997,9.822,0.052
3581.75266,9.823,0.052
3581.75521,9.834,0.054
3581.7585,9.857,0.053
3581.761,9.856,0.052
3581.7635,9.874,0.054
3581.76604,9.889,0.052
3581.7693,9.898,0.055
3581.77173,9.882,0.055
3581.77423,9.882,0.055
3581.77667,9.924,0.055
3581.77918,9.943,0.053
3581.78171,9.94,0.053
3581.78428,9.961,0.053
3581.78676,9.951,0.054
3581.78921,9.998,0.056
3581.79176,9.977,0.052
3581.79429,9.97,0.054
3581.79695,9.99,0.053
3581.79947,10.021,0.052
3581.80454,10.03,0.066
3581.80705,10.043,0.052
3582.46917,10.11,0.059
3582.4717,10.102,0.056
3582.47428,10.12,0.057
3582.47678,10.137,0.056
3582.4793,10.116,0.056
3582.48178,10.142,0.056
3582.48426,10.123,0.054
3582.4868,10.152,0.058
3582.49179,10.156,0.057
3582.49428,10.199,0.059
3582.49675,10.333,0.056
3582.50081,10.205,0.055
3582.50319,10.208,0.054
3582.50569,10.225,0.057
3582.50816,10.207,0.056
3582.51063,10.236,0.059
3582.51311,10.206,0.056
3582.51564,10.261,0.057
3582.51813,10.242,0.056
3582.52064,10.245,0.057
3582.52563,10.25,0.056
3582.5281,10.255,0.063
3582.53137,10.286,0.063
3582.53383,10.286,0.06
3582.53632,10.279,0.056
3582.53882,10.309,0.06
3582.54131,10.31,0.06
3582.54382,10.313,0.056
3582.54712,10.318,0.057
3582.54949,10.307,0.055
3582.552,10.326,0.059
3582.55453,10.304,0.057
3582.55702,10.336,0.056
3582.5595,10.404,0.055
3582.56276,10.738,0.055
3582.56524,10.383,0.056
3582.56772,10.359,0.054
3582.57021,10.329,0.057
3582.57266,10.368,0.056
3582.57517,10.347,0.056
3582.57766,10.376,0.058
3582.5802,10.398,0.058
3582.5827,10.384,0.059
3582.58601,10.378,0.056
3582.58839,10.406,0.056
3582.59087,10.419,0.055
3582.5933,10.408,0.053
3582.59659,10.398,0.056
3582.59896,10.428,0.056
3582.60148,10.392,0.054
3582.60643,10.412,0.057
3582.60893,10.401,0.058
3582.61145,10.441,0.053
3582.6147,10.462,0.06
3582.618,10.438,0.057
3582.62052,10.462,0.063
3582.623,10.438,0.057
3582.62548,10.467,0.063
3582.628,10.433,0.057
3582.63128,10.477,0.056
3582.63375,10.481,0.055
3582.63622,10.48,0.065
3582.63874,10.503,0.062
3582.64205,10.496,0.06
3582.64443,10.505,0.062
3582.64695,10.506,0.063
3582.64943,10.51,0.063
3582.65195,10.51,0.064
3582.65445,10.545,0.061
3582.65772,10.683,0.057
3582.6602,10.924,0.067
3582.66349,10.564,0.061
3582.66599,10.554,0.067
3582.67103,10.53,0.06
3582.67354,10.528,0.062
3582.67607,10.584,0.059
3582.67857,10.564,0.062
3582.68099,10.569,0.065
3582.68351,10.575,0.065
3582.68601,10.582,0.066
3582.68851,10.59,0.062
3582.69097,10.616,0.067
3582.69344,10.582,0.061
3582.69594,10.582,0.064
3582.69843,10.628,0.065
3582.70096,10.611,0.067
3582.70347,10.586,0.064
3582.71671,10.608,0.067
3582.71999,10.537,0.066
3582.72238,10.563,0.067
3582.72488,10.561,0.067
3582.72738,10.551,0.063
3582.72985,10.587,0.065
3582.73237,10.529,0.061
3582.73483,10.561,0.057
3582.73733,10.569,0.057
3582.73982,10.599,0.063
3582.74232,10.59,0.056
3582.7448,10.608,0.057
3582.74731,10.609,0.06
3582.75058,10.63,0.058
3582.75306,10.623,0.06
3582.75554,10.641,0.061
3582.75806,10.649,0.059
3582.76052,10.609,0.059
3582.76301,10.626,0.06
3582.76551,10.662,0.06
3582.76877,10.66,0.057
3582.77125,10.652,0.061
3583.64535,10.039,0.064
3585.70755,10.22,0.063
3587.71938,10.384,0.052
3590.57353,10.634,0.058
3592.57806,10.706,0.056
3599.63721,10.724,0.051
3601.69268,9.937,0.058
3603.69529,10.18,0.053
3607.52986,10.128,0.055
3616.63155,10.348,0.055
3619.5502,10.742,0.058
3621.6018,9.926,0.065
3628.52468,10.72,0.047
3630.59172,9.9,0.056
3632.59758,10.19,0.057
3634.50818,10.148,0.055
3634.51058,10.137,0.059
3634.51305,10.185,0.054
3634.51559,10.193,0.052
3634.51809,10.212,0.056
3634.52061,10.192,0.055
3634.52463,10.198,0.053
3634.52792,10.234,0.058
3634.53045,10.222,0.053
3634.53295,10.209,0.056
3634.53546,10.202,0.055
3634.53796,10.251,0.053
3634.54038,10.208,0.056
3634.5429,10.243,0.055
3634.54948,10.244,0.052
3634.55533,10.278,0.05
3634.56066,10.437,0.054
3634.56665,10.3,0.064
3634.58091,10.346,0.051
3634.62971,10.409,0.062
3639.50335,10.292,0.051
3642.5199,10.656,0.053
3644.57985,10.708,0.067
3648.54674,9.808,0.054
3654.499,10.325,0.063
3656.54999,10.539,0.057
3659.52594,10.002,0.054
3661.54159,10.296,0.06
3663.54561,10.427,0.057
3666.55131,9.905,0.059
3670.50541,10.219,0.051
3673.51261,10.751,0.054
3676.50982,10.624,0.059
3786.81351,10.351,0.072
3786.81764,10.363,0.064
3786.82002,10.376,0.065
3786.82333,10.357,0.066
3786.82574,10.387,0.069
3786.82828,10.38,0.067
3786.83079,10.363,0.065
3786.83328,10.394,0.063
3786.83581,10.383,0.065
3786.83829,10.374,0.065
3786.84084,10.375,0.069
3786.84415,10.404,0.067
3786.84671,10.372,0.063
3786.85013,10.429,0.074
3786.85251,10.423,0.061
3786.8551,10.435,0.062
3786.8576,10.382,0.062
3786.86012,10.445,0.065
3786.86262,10.404,0.067
3786.86596,10.469,0.064
3786.86835,10.459,0.06
3786.87089,10.48,0.064
3786.87591,10.458,0.06
3786.87848,10.446,0.059
3786.881,10.466,0.058
3786.88599,10.483,0.063
3786.8885,10.522,0.064
3786.89348,10.479,0.063
3786.89595,10.525,0.062
3787.80163,10.672,0.064
3787.80412,10.721,0.062
3787.80659,10.753,0.067
3787.80919,10.684,0.067
3787.81173,10.765,0.061
3787.81422,10.766,0.067
3787.81752,10.718,0.064
3787.82011,10.784,0.066
3787.82259,10.722,0.064
3791.86758,10.14,0.062
3792.87957,10.579,0.055
3795.88295,10.512,0.055
3799.87928,10.655,0.063
3803.87765,10.727,0.07
3806.88784,10.568,0.061
3808.86899,10.608,0.062
3810.87733,10.647,0.067
3812.86141,10.701,0.06
3814.83987,10.557,0.067
3817.76397,10.59,0.063
3817.79346,10.662,0.068
3817.82384,10.589,0.067
3817.85291,10.594,0.063
3817.88154,10.599,0.066
3817.9094,10.635,0.052
3818.75047,9.837,0.065
3818.78028,9.883,0.067
3818.83776,10.108,0.068
3818.86603,10.184,0.076
3818.89487,10.259,0.049
3822.86687,10.543,0.058
3822.88818,10.548,0.062
3825.8725,9.99,0.064
3826.85843,10.63,0.055
3828.86043,10.652,0.057
3830.85846,10.702,0.06
3832.81506,10.687,0.059
3835.82798,10.615,0.064
3848.85389,10.675,0.072
3851.80125,10.563,0.062
3851.82039,10.551,0.059
3856.83908,10.338,0.059
3859.77775,10.706,0.061
3859.84605,9.867,0.052
3861.80233,9.885,0.061
3863.8318,10.227,0.065
3865.78574,10.515,0.065
3867.78728,10.408,0.059
3872.80249,10.137,0.062
3882.71684,10.621,0.059
3886.79333,10.189,0.061
3887.75066,10.534,0.055
3889.79122,10.608,0.047
3891.6723,10.632,0.057
3893.72018,10.601,0.046
3896.73301,10.501,0.049
3896.75387,10.515,0.051
3900.72924,10.603,0.064
3902.7361,10.646,0.054
3906.77005,9.879,0.061
3906.79404,9.963,0.053
3908.83606,10.295,0.06
3912.7497,10.429,0.055
4152.89398,10.302,0.041
4156.88741,10.599,0.053
4160.8789,10.644,0.045
4162.87102,10.68,0.056
4164.86875,10.698,0.055
4168.88237,10.138,0.045
4174.86538,10.551,0.04
4177.89181,10.161,0.047
4179.86089,10.236,0.043
4181.85503,10.399,0.061
4185.84099,10.605,0.045
4185.87868,10.616,0.044
4189.83155,10.616,0.035
4189.86264,10.651,0.037
4192.84177,10.572,0.039
4196.84772,10.696,0.058
4196.88042,10.595,0.058
4202.86084,9.861,0.042
4202.88399,9.927,0.043
4205.82098,10.649,0.043
4205.86148,10.616,0.042
4213.86781,10.189,0.042
4213.88427,10.172,0.058
4216.86141,10.686,0.037
4228.82787,10.539,0.039
4228.84957,10.579,0.038
4230.81313,10.592,0.036
4230.83117,10.591,0.038
4232.82039,10.635,0.046
4232.90397,10.688,0.037
4234.86191,10.726,0.04
4238.7662,10.243,0.05
4245.72677,10.63,0.065
4247.71102,10.731,0.035
4247.7425,10.561,0.037
4255.76275,10.537,0.049
4258.68623,10.137,0.038
4269.7592,10.21,0.041
4269.7754,10.22,0.045
4273.66851,10.339,0.038
4273.68671,10.33,0.034
4278.67015,9.963,0.037
4278.68979,10.008,0.036
4282.68859,10.388,0.051
4283.71132,10.473,0.052
4284.69215,10.538,0.041
4285.70504,9.781,0.044
4286.68534,10.644,0.062
4289.70115,10.241,0.035
4290.68466,10.648,0.035
4291.70183,10.412,0.035
4292.64502,10.745,0.036
4293.68852,10.537,0.032
4295.70249,10.631,0.035
4296.64346,9.896,0.044
4297.69366,10.627,0.044
4298.64885,10.173,0.044
4299.66968,10.629,0.039
4301.64282,10.713,0.041
4302.67075,10.524,0.04
4303.6492,10.092,0.036
4304.61289,10.503,0.034
4305.62651,9.837,0.033
4310.60412,10.674,0.041
4312.60116,10.697,0.048
4312.62428,10.37,0.048
4315.60368,10.591,0.036
4315.63031,10.605,0.037
4317.6607,10.615,0.039
4317.68238,10.657,0.046
4329.65032,10.564,0.037
4329.65418,10.561,0.038
4331.58097,10.534,0.041
4331.58408,10.495,0.04
4332.75109,10.246,0.042
4338.52289,10.297,0.037
4338.54827,10.324,0.037
4340.57829,10.547,0.043
4340.59239,10.557,0.039
4342.58295,10.66,0.045
4342.59348,10.611,0.041
4344.57995,10.627,0.043
4344.59048,10.65,0.045
4346.58241,10.7,0.041
4346.59295,10.697,0.036
4348.58406,10.538,0.04
4348.59461,10.266,0.037
4350.57922,9.83,0.046
4350.59469,9.874,0.04
4352.59146,10.123,0.039
4352.60203,10.146,0.036
4354.70033,10.537,0.036
4357.5905,10.187,0.039
4359.49785,10.614,0.035
4359.55541,9.845,0.042
4365.50943,10.3,0.036
4365.51269,10.322,0.036
4367.65978,10.671,0.051
4373.5093,10.577,0.046
4375.58247,10.124,0.035
4376.53805,10.513,0.038
4378.55782,10.664,0.043
4379.6284,10.266,0.039
4380.58508,10.677,0.043
4382.54459,10.607,0.034
4383.54402,10.404,0.035
4384.57538,10.158,0.036
4386.52583,9.841,0.036
4386.60446,10.047,0.036
4392.50561,10.377,0.042
4393.51277,10.725,0.043
4402.50244,10.676,0.043
4407.53592,10.615,0.039
4408.50929,10.279,0.039
4411.52242,10.598,0.04
4507.8859,10.207,0.051
4518.86943,9.843,0.048
4520.87889,10.124,0.049
4523.86572,10.674,0.044
4524.89108,10.496,0.038
4529.86078,10.132,0.039
4530.8787,10.625,0.042
4533.88429,10.508,0.042
4537.84876,10.606,0.037
4537.87502,10.635,0.036
4540.87358,10.406,0.047
4541.86912,10.766,0.039
4545.85816,9.947,0.055
4547.87608,10.187,0.046
4548.87673,10.567,0.042
4551.84238,10.448,0.049
4557.83069,10.641,0.04
4557.85847,10.58,0.037
4560.85425,10.502,0.039
4560.87954,10.546,0.038
4563.84755,9.929,0.038
4566.83495,10.621,0.038
4567.8529,10.415,0.039
4569.82395,10.423,0.038
4570.84943,10.012,0.038
4572.79499,9.827,0.042
4573.81727,10.667,0.041
4574.81398,10.096,0.041
4575.87882,10.654,0.045
4576.85057,10.376,0.046
4578.85901,10.475,0.047
4583.85437,10.25,0.039
4585.82739,10.311,0.048
4586.86848,10.647,0.038
4588.81056,10.303,0.041
4589.80413,10.553,0.039
4591.80158,10.64,0.036
4592.781,10.038,0.037
4593.85195,10.634,0.035
4595.7611,10.596,0.037
4596.78945,10.457,0.035
4597.85336,9.813,0.035
4599.78049,9.794,0.04
4601.77878,10.045,0.037
4602.75881,10.636,0.044
4606.80276,10.175,0.051
4610.78407,10.099,0.042
4611.80219,10.57,0.04
4612.79055,10.344,0.063
4616.7936,10.571,0.038
4617.75885,9.789,0.042
4622.74009,10.607,0.039
4623.80387,10.507,0.041
4627.72134,10.601,0.04
4627.78306,10.621,0.039
4629.70767,10.646,0.04
4631.70814,10.603,0.039
4631.75618,10.571,0.037
4633.72851,10.786,0.046
4638.79261,10.657,0.044
4638.79516,10.594,0.044
4640.76416,10.733,0.039
4640.76669,10.703,0.038
4642.75077,10.601,0.04
4642.75335,10.521,0.039
4644.77162,9.904,0.044
4644.77413,9.911,0.04
4649.62769,10.629,0.05
4649.64881,10.609,0.051
4651.66593,10.638,0.051
4651.69436,10.689,0.052
4653.67075,10.616,0.036
4653.69413,10.174,0.036
4655.65796,9.832,0.038
4655.67158,9.833,0.036
4657.69431,10.186,0.05
4657.70642,10.203,0.046
4660.67167,10.707,0.036
4665.63307,10.624,0.043
4665.67916,10.586,0.045
4667.65624,10.606,0.044
4667.69382,10.613,0.039
4672.7378,10.636,0.038
4672.76634,10.614,0.038
4675.74815,10.293,0.042
4675.77388,10.472,0.034
4678.79049,9.799,0.047
4681.66767,10.6,0.041
4681.70246,10.665,0.042
4683.66771,10.636,0.047
4683.75304,10.615,0.039
4685.65046,10.616,0.042
4685.67267,10.57,0.042
4687.65248,10.705,0.043
4693.55184,9.794,0.049
4693.57918,9.88,0.047
4697.55235,10.248,0.038
4697.57877,10.33,0.036
4701.56235,10.571,0.036
4701.58544,10.617,0.035
4703.56744,10.697,0.043
4703.59059,10.61,0.042
4705.60058,10.616,0.045
4705.62163,10.683,0.043
4707.68637,9.81,0.049
4707.6989,9.856,0.047
4710.5713,10.567,0.058
4715.54188,10.279,0.054
4720.58369,10.025,0.043
4720.58777,10.001,0.043
4722.6218,10.288,0.048
4722.62524,10.346,0.047
4725.634,10.117,0.057
4728.59332,10.625,0.047
4728.59671,10.646,0.045
4730.63297,10.642,0.048
4730.63629,10.568,0.044
4733.6386,10.498,0.044
4734.55603,10.765,0.05
4738.52676,9.835,0.044
4738.55612,9.97,0.046
4741.51669,10.69,0.043
4741.53766,10.621,0.047
4747.52185,9.868,0.056
4750.55777,10.6,0.055
4753.54994,10.499,0.045
4756.52606,9.902,0.047
4759.51795,10.64,0.052
4762.51661,10.475,0.046
4765.51136,9.862,0.047
4765.53605,9.988,0.049
4768.50744,10.626,0.051
4774.50228,9.862,0.053
4775.52455,10.619,0.045
4884.8693,10.757,0.049
4886.88878,9.821,0.056
4892.85922,10.35,0.061
4905.84564,10.569,0.065
4905.89115,10.663,0.06
4916.85834,10.632,0.06
4916.88603,10.632,0.057
4920.83652,10.72,0.065
4927.87858,10.855,0.06
4927.91139,10.691,0.055
4938.88069,10.08,0.063
4947.7952,10.765,0.057
4950.7842,10.572,0.064
4952.84801,10.624,0.057
4954.83452,10.653,0.06
4967.85175,9.929,0.06
4969.75828,9.846,0.059
4988.75646,10.602,0.059
5006.72597,10.66,0.056
5012.71655,10.483,0.062
5014.6696,10.067,0.057
5014.68471,9.899,0.06
5022.65946,10.47,0.06
5024.66641,10.613,0.059
5031.63349,10.433,0.052
5031.65187,10.466,0.056
5042.61106,10.577,0.063
5049.68648,10.644,0.064
5066.55144,10.568,0.06
5075.55911,10.598,0.06
5083.62809,10.4,0.057
5087.60199,10.582,0.059
5087.64586,10.666,0.054
5089.6684,10.641,0.059
5092.56508,10.319,0.058
5092.62828,10.387,0.055
5105.58776,10.588,0.062
5122.52921,10.706,0.063
