2524.56335,12.582,0.055
2535.55485,11.84,0.049
2544.5058,12.532,0.064
2547.53786,12.516,0.037
2549.53554,12.423,0.038
2552.52687,12.468,0.05
2558.49965,12.649,0.057
2701.89306,12.527,0.033
2706.89004,12.691,0.035
2709.89193,12.145,0.039
2711.88321,12.548,0.035
2712.89083,12.676,0.033
2714.87344,12.089,0.033
2722.87186,12.656,0.035
2726.88144,12.582,0.039
2728.87782,11.763,0.031
2729.84711,12.094,0.031
2729.86815,12.179,0.03
2732.88502,12.551,0.03
2732.90604,12.306,0.034
2735.84156,12.38,0.029
2735.8437,12.592,0.032
2737.88861,12.412,0.037
2737.89073,12.474,0.034
2739.86353,12.239,0.046
2739.87262,12.299,0.034
2741.84572,12.474,0.033
2743.83991,11.849,0.045
2743.84661,11.841,0.04
2747.85397,12.683,0.039
2751.81344,12.586,0.035
2751.86419,12.697,0.037
2754.83459,12.206,0.033
2754.83901,12.106,0.029
2756.79677,12.552,0.036
2756.81602,12.593,0.028
2758.83102,11.77,0.034
2758.83301,11.795,0.034
2760.78676,12.427,0.031
2760.80628,12.469,0.041
2764.77746,11.91,0.033
2764.78628,11.993,0.031
2775.8358,12.698,0.04
2782.79448,12.707,0.054
2783.7258,12.621,0.049
2784.74899,11.926,0.032
2785.74625,12.312,0.034
2786.71986,12.415,0.031
2787.76617,12.759,0.037
2790.73641,12.385,0.04
2791.69607,12.552,0.035
2794.72797,11.902,0.039
2805.84587,12.645,0.04
2809.7077,11.928,0.033
2809.74527,12.14,0.035
2811.69672,12.444,0.03
2811.70087,12.576,0.029
2812.84272,11.765,0.032
2816.83407,12.61,0.043
2820.6272,12.05,0.031
2821.6463,12.836,0.032
2822.6807,12.644,0.037
2830.62616,12.168,0.035
2830.6604,12.423,0.037
2832.61858,12.608,0.033
2832.62038,12.607,0.032
2833.73125,11.792,0.038
2835.62864,12.299,0.032
2835.63044,12.188,0.032
2838.62986,12.487,0.032
2838.63756,12.505,0.034
2840.68456,12.472,0.034
2840.69226,12.4,0.036
2845.6772,12.466,0.032
2845.6826,12.434,0.035
2851.6944,12.67,0.033
2853.59143,12.566,0.036
2854.55515,12.159,0.031
2855.58552,12.177,0.034
2858.58308,12.602,0.033
2859.64276,12.076,0.036
2861.62166,12.537,0.032
2866.58513,12.519,0.032
2866.64955,12.667,0.04
2867.69178,12.532,0.036
2872.54892,12.654,0.031
2872.64129,12.614,0.031
2875.58718,12.288,0.029
2877.57831,12.624,0.037
2878.52527,12.634,0.036
2879.57893,11.89,0.028
2882.59977,12.579,0.034
2884.56986,11.893,0.033
2885.59602,12.379,0.03
2888.57468,12.385,0.042
2888.59619,12.094,0.035
2893.5096,12.59,0.037
2895.51997,12.085,0.035
2897.53353,12.608,0.039
2901.52408,12.463,0.049
2905.51816,12.174,0.033
2908.52791,12.576,0.046
2910.53638,12.293,0.037
2912.53591,12.593,0.036
2915.55068,12.427,0.039
2923.52597,12.299,0.044
2927.50163,12.632,0.033
2929.51195,11.978,0.037
2932.49949,12.58,0.038
2934.509,11.994,0.033
3071.8967,12.579,0.042
3075.8897,12.788,0.038
3077.89748,11.849,0.037
3079.88841,12.436,0.037
3080.90648,12.636,0.041
3087.90559,11.787,0.045
3088.90029,12.285,0.055
3091.89408,12.555,0.037
3092.89433,11.887,0.044
3097.87251,11.761,0.036
3097.88511,11.826,0.045
3100.88735,12.581,0.034
3100.89235,12.759,0.035
3103.86314,12.045,0.054
3104.84418,12.501,0.045
3106.87356,12.694,0.054
3109.85957,12.552,0.045
3110.85441,12.659,0.042
3112.84602,11.741,0.043
3113.84425,12.245,0.055
3116.83375,12.687,0.032
3122.84913,11.85,0.031
3125.78095,12.409,0.051
3131.80709,12.559,0.051
3131.81736,12.589,0.038
3133.83308,12.266,0.031
3133.84562,12.248,0.034
3141.86561,11.951,0.045
3146.74234,12.657,0.037
3153.77558,12.165,0.031
3153.86974,12.448,0.035
3156.72926,12.683,0.046
3156.73692,12.644,0.03
3158.78984,12.214,0.038
3162.71877,12.644,0.034
3162.72083,12.329,0.04
3164.74128,12.396,0.033
3164.75086,12.492,0.028
3167.75566,11.833,0.041
3167.76366,11.841,0.03
3169.76125,12.412,0.031
3172.74943,11.844,0.038
3176.67884,12.585,0.039
3176.68716,12.653,0.033
3182.65727,12.71,0.053
3182.66429,12.572,0.034
3184.65491,12.091,0.046
3184.65702,12.159,0.039
3186.67982,12.66,0.032
3186.68286,12.699,0.033
3189.70759,12.512,0.033
3189.71056,12.337,0.04
3272.53997,12.588,0.05
3274.56929,12.584,0.051
3277.54532,12.482,0.04
3278.51888,11.807,0.048
3293.50992,11.905,0.035
3449.89017,12.524,0.04
3453.87341,12.365,0.043
3456.88703,11.743,0.037
3459.88283,12.576,0.034
3463.8576,12.351,0.044
3466.85283,11.93,0.039
3469.84422,12.549,0.037
3472.85742,12.171,0.048
3475.83379,12.469,0.042
3478.81888,12.382,0.069
3481.80751,12.316,0.044
3483.83104,12.445,0.043
3487.80634,12.021,0.035
3490.81638,12.677,0.04
3492.88871,12.576,0.04
3496.87717,11.945,0.035
3500.77837,12.633,0.071
3502.85687,12.267,0.054
3506.75739,12.511,0.051
3509.75922,12.607,0.042
3511.88242,12.005,0.038
3515.8257,12.552,0.039
3521.80507,11.787,0.085
3524.69676,12.526,0.058
3528.80332,12.543,0.039
3538.68586,12.127,0.033
3540.6788,12.58,0.042
3544.77992,12.659,0.072
3550.74062,12.557,0.049
3553.71764,12.508,0.035
3556.61968,12.623,0.035
3559.63258,12.406,0.043
3561.6967,12.388,0.082
3563.69075,12.347,0.041
3569.72035,12.644,0.039
3571.72726,11.9,0.038
3575.54649,12.49,0.033
3577.65818,11.882,0.064
3583.69347,12.299,0.074
3586.6265,12.5,0.094
3588.62989,12.19,0.067
3594.51616,12.138,0.037
3597.60737,11.821,0.072
3601.58735,12.605,0.087
3603.59217,12.123,0.054
3606.59461,12.687,0.059
3617.58347,11.841,0.045
3620.53538,12.469,0.082
3622.56522,12.029,0.045
3626.57881,12.483,0.041
3630.55388,13.263,0.041
3632.56017,11.698,0.081
3639.54387,12.335,0.066
3647.51469,11.923,0.035
3650.49864,12.497,0.058
3654.50223,12.462,0.067
3811.90151,12.065,0.04
3815.89511,12.291,0.035
3818.90168,12.529,0.05
3822.87171,12.39,0.045
3825.88393,12.282,0.055
3828.87149,12.629,0.041
3831.87498,12.029,0.036
3834.84246,12.609,0.041
3837.84307,12.294,0.045
3851.80709,11.847,0.036
3859.80693,12.674,0.042
3861.79622,11.892,0.068
3863.79646,12.442,0.035
3865.77879,12.509,0.048
3867.77107,12.245,0.049
3869.76812,12.391,0.074
3871.84728,12.144,0.06
3875.74752,12.725,0.036
3877.82864,12.438,0.04
3881.71871,12.123,0.05
3886.82433,12.03,0.065
3891.69735,12.283,0.033
3893.69601,12.403,0.036
3896.70876,12.008,0.045
3898.78428,12.589,0.079
3901.66611,12.48,0.036
3903.69251,12.299,0.038
3905.68175,12.585,0.05
3907.68396,12.024,0.048
3909.77958,12.616,0.053
3913.75745,12.489,0.062
4172.90609,12.556,0.045
4176.90234,12.25,0.037
4180.89796,11.987,0.046
4191.87194,12.267,0.036
4194.85939,12.566,0.053
4202.85773,12.657,0.063
4204.85791,12.596,0.044
4208.83481,12.652,0.054
4213.83959,12.634,0.04
4227.79779,12.458,0.037
4229.86711,12.043,0.042
4231.86835,12.481,0.039
4234.75601,12.595,0.037
4247.71871,12.369,0.039
4250.8402,12.153,0.036
4254.685,12.632,0.04
4256.85536,12.389,0.037
4259.687,12.566,0.052
4273.65828,12.498,0.034
4278.65711,12.382,0.036
4282.72876,12.418,0.074
4284.72062,12.685,0.04
4290.70908,11.815,0.039
4292.69783,12.482,0.047
4294.69145,12.476,0.051
4296.69566,12.308,0.05
4298.70092,12.558,0.054
4300.60298,12.759,0.047
4302.6665,12.29,0.042
4304.5952,12.655,0.037
4306.65584,11.952,0.038
4310.7115,12,0.053
4316.62604,11.844,0.048
4330.58507,12.507,0.043
4332.58513,12.276,0.065
4338.59366,12.475,0.049
4341.5554,11.778,0.061
4343.56245,12.353,0.062
4347.58019,12.312,0.05
4349.57808,12.542,0.052
4354.5641,12.677,0.044
4357.51282,12.084,0.039
4359.51834,12.598,0.034
4361.52263,11.792,0.039
4363.54621,12.65,0.046
4368.51942,12.447,0.059
4373.50017,12.552,0.076
4376.52646,11.899,0.048
4379.49432,12.626,0.06
4382.49518,12.22,0.039
4385.49448,12.568,0.05
4388.49077,12.43,0.043
4540.89325,12.1,0.046
4548.88232,12.65,0.04
4552.87828,12.56,0.049
4559.9131,11.93,0.041
4563.86346,12.65,0.044
4566.88811,12.583,0.058
4569.8853,11.831,0.036
4572.84286,12.56,0.041
4574.86698,11.824,0.05
4576.86892,12.581,0.056
4580.80652,11.976,0.047
4591.79761,12.531,0.038
4593.82819,12.701,0.05
4596.78626,12.371,0.036
4599.77714,12.337,0.056
4601.77563,12.575,0.049
4606.78552,12.553,0.044
4611.77534,12.435,0.041
4616.86353,12.66,0.037
4623.70582,12.602,0.047
4627.73517,12.571,0.042
4629.72674,12.516,0.038
4631.73737,12.416,0.048
4633.71715,12.559,0.066
4639.70483,12.611,0.035
4641.71538,12.356,0.037
4643.72082,12.804,0.037
4647.76999,12.707,0.042
4650.63603,11.924,0.065
4652.66572,12.51,0.047
4658.69673,12.531,0.061
4661.61091,12.114,0.039
4663.68015,12.556,0.055
4665.72631,12.203,0.042
4669.5974,12.7,0.041
4671.64529,12.409,0.038
4674.5753,12.622,0.037
4677.67078,12.632,0.062
4679.6718,12.051,0.035
4682.65284,12.681,0.049
4684.66143,12.067,0.048
4686.60332,12.245,0.053
4690.61131,11.925,0.043
4698.55668,12.704,0.036
4700.56116,11.901,0.051
4702.5776,12.382,0.037
4704.56456,12.711,0.045
4707.56998,12.429,0.056
4716.57453,12.293,0.039
4721.56049,12.34,0.038
4725.53861,11.823,0.061
4730.54941,11.872,0.052
4734.54067,12.48,0.046
4739.52446,12.784,0.048
4742.51505,12.371,0.044
4745.51291,11.799,0.039
4908.90416,11.889,0.042
4926.90578,12.554,0.048
4939.84549,12.036,0.046
4946.83569,12.656,0.043
4949.8168,11.978,0.043
4968.81711,11.887,0.059
4972.76674,12.66,0.067
4974.84337,12.944,0.067
4985.72028,12.139,0.052
4991.76275,12.541,0.044
4994.79232,12.165,0.05
5039.60813,12.052,0.047
5041.59474,12.646,0.041
5048.59649,12.678,0.047
5063.62388,12.641,0.048
5071.54023,12.335,0.059
5075.57525,12.213,0.043
5084.58214,11.924,0.044
5092.53428,12.533,0.042
5111.50102,12.437,0.054
