1947.88374,13.465,0.06
1961.8865,13.175,0.045
1965.86244,12.912,0.039
1980.82505,12.867,0.052
1981.84012,12.728,0.048
2025.75974,12.929,0.058
2032.76086,12.584,0.06
2033.75875,13.52,0.06
2083.64911,11.869,0.061
2087.63899,13.367,0.075
2103.61244,12.65,0.065
2109.60174,12.797,0.054
2115.57163,13.028,0.054
2116.57664,12.991,0.06
2117.5755,13.268,0.06
2124.55146,13.568,0.061
2125.5673,13.363,0.059
2130.56789,13.467,0.055
2133.55142,13.495,0.06
2135.54601,13.592,0.06
2142.51725,13.573,0.066
2156.48339,13.138,0.061
2443.65941,13.265,0.032
2452.62571,12.89,0.049
2463.64063,12.869,0.036
2464.61902,12.519,0.035
2465.62043,12.505,0.036
2466.60753,12.307,0.032
2467.61244,12.265,0.038
2470.5372,11.997,0.04
2474.6225,11.849,0.045
2482.59589,11.714,0.055
2486.57132,11.671,0.059
2489.56035,11.705,0.045
2490.60669,11.642,0.055
2493.56026,11.657,0.052
2495.56736,11.559,0.044
2497.55787,11.687,0.037
2498.54597,11.695,0.042
2499.53951,11.74,0.034
2508.57056,11.731,0.044
2510.53066,11.936,0.063
2511.59233,11.985,0.042
2512.65139,11.843,0.054
2519.65366,12.266,0.048
2521.65567,12.317,0.052
2524.61338,12.363,0.061
2545.55285,13.214,0.054
2547.53527,13.297,0.057
2552.52426,12.887,0.062
2560.48978,13.363,0.053
2566.49718,13.484,0.061
2678.87312,13.144,0.048
2683.89171,12.825,0.041
2688.8729,12.708,0.053
2690.88552,12.817,0.038
2693.86357,12.574,0.048
2698.8568,12.752,0.051
2698.88043,12.489,0.044
2701.84353,12.58,0.049
2704.84566,12.76,0.05
2706.86653,12.587,0.047
2707.86165,12.549,0.043
2710.84394,12.58,0.037
2711.8309,12.669,0.046
2712.88537,12.709,0.036
2713.86742,12.661,0.046
2714.88932,12.573,0.036
2717.84758,12.579,0.047
2719.85576,12.678,0.041
2720.8178,12.697,0.048
2725.78682,12.841,0.05
2726.80613,12.677,0.036
2728.85526,12.717,0.037
2729.83267,12.744,0.052
2732.86927,12.989,0.048
2733.87362,12.948,0.036
2734.83991,12.928,0.045
2736.81316,13.092,0.045
2737.84992,13.107,0.036
2738.82916,13.025,0.047
2740.8075,13.035,0.047
2754.80976,13.558,0.05
2756.77009,13.321,0.045
2760.75837,13.426,0.049
2763.78454,13.311,0.036
2768.83207,13.538,0.051
2784.73145,13.421,0.044
2786.69223,13.683,0.047
2787.85465,13.637,0.052
2795.74352,13.547,0.046
2810.63295,13.692,0.05
2811.81572,13.576,0.053
2820.76187,13.635,0.031
2835.62683,13.507,0.039
2853.74471,13.174,0.034
2861.56826,13.302,0.038
2866.67894,13.377,0.048
2867.73639,13.41,0.05
2874.72286,13.297,0.05
2876.6402,13.275,0.053
2878.63041,13.13,0.05
2883.55984,12.816,0.048
2888.49522,12.425,0.045
2892.49597,12.239,0.061
2894.70156,12.115,0.04
2897.61694,11.885,0.054
2899.60138,11.975,0.056
2904.64002,11.926,0.057
2910.5032,11.864,0.053
2916.49019,11.946,0.055
2917.59014,11.936,0.048
2921.58927,11.955,0.05
2923.5798,11.96,0.051
2928.57731,12.035,0.05
2931.51275,12.077,0.05
2933.52211,12.123,0.049
2935.52339,12.154,0.052
2937.52244,12.217,0.052
2943.50283,12.39,0.051
2947.50711,12.535,0.051
2951.508,12.551,0.05
3055.81717,13.495,0.052
3056.89196,13.596,0.036
3057.82422,13.541,0.054
3086.89861,13.47,0.049
3096.91284,12.657,0.048
3102.85879,12.326,0.052
3107.89134,12.006,0.045
3113.80802,11.994,0.047
3114.71911,11.972,0.056
3116.79617,11.971,0.048
3125.75038,11.981,0.049
3127.74793,12.084,0.052
3129.79093,12.065,0.063
3130.88156,12.123,0.049
3144.75345,12.506,0.046
3152.86228,12.73,0.048
3154.70184,12.836,0.046
3162.70343,13.124,0.045
3164.73369,13.139,0.046
3167.75173,13.221,0.044
3169.72032,13.078,0.048
3171.85324,13.268,0.059
3178.66149,13.337,0.048
3180.76054,13.568,0.054
3191.74947,13.253,0.067
3278.60864,13.25,0.055
3292.5345,13.149,0.049
3298.50418,12.806,0.044
3414.88178,13.656,0.048
3448.85937,13.824,0.038
3449.85633,13.333,0.054
3450.83649,13.517,0.073
3450.85023,13.258,0.06
3452.85351,13.658,0.055
3472.86391,13.494,0.057
3475.82595,13.44,0.058
3481.7894,13.449,0.066
3483.82058,13.454,0.058
3491.88992,13.41,0.076
3502.75037,13.626,0.053
3502.78375,13.805,0.043
3504.78985,13.619,0.055
3510.82468,13.157,0.043
3517.77501,12.677,0.055
3521.73467,12.668,0.057
3525.834,12.425,0.077
3528.68716,12.235,0.06
3530.72938,12.148,0.061
3547.75284,12.175,0.07
3551.74481,12.305,0.074
3556.61734,12.267,0.052
3561.66521,12.434,0.058
3563.63391,12.469,0.057
3574.78547,12.889,0.05
3576.78662,12.923,0.056
3593.55661,13.41,0.047
3599.59462,13.246,0.044
3603.66385,13.38,0.053
3616.49767,13.292,0.054
3630.57205,13.43,0.049
3634.50818,13.867,0.049
3634.51058,13.437,0.064
3634.51305,13.505,0.05
3634.51559,13.521,0.044
3634.51809,13.421,0.054
3634.52061,13.613,0.049
3634.52463,13.438,0.041
3634.52792,13.403,0.061
3634.53045,13.538,0.056
3634.53295,13.764,0.057
3634.53546,13.669,0.056
3634.53796,13.722,0.053
3634.54038,13.9,0.066
3634.5429,13.617,0.055
3634.54948,13.665,0.043
3634.55533,13.543,0.044
3634.56066,13.654,0.041
3634.58091,13.615,0.042
3634.60725,13.498,0.055
3637.61923,13.537,0.043
3654.49371,13.704,0.064
3663.54306,13.586,0.052
3666.54497,13.507,0.052
3670.50303,13.374,0.049
3767.87772,12.101,0.052
3774.88655,12.447,0.053
3791.87572,13.193,0.053
3795.87709,13.152,0.056
3803.86526,13.543,0.068
3804.86162,13.333,0.046
3806.87455,13.67,0.057
3812.859,13.404,0.043
3817.85291,13.673,0.051
3817.88154,13.424,0.065
3817.9094,13.513,0.067
3818.75047,13.502,0.056
3818.78028,13.499,0.057
3818.83776,13.695,0.07
3818.86603,13.441,0.073
3822.86444,13.561,0.055
3826.85598,13.536,0.059
3853.80857,13.683,0.049
3856.80515,13.541,0.056
3859.79575,13.493,0.041
3860.84328,13.461,0.048
3862.83173,13.559,0.053
3887.7447,13.474,0.055
3889.78497,13.637,0.038
3892.72766,13.385,0.05
3894.71976,13.065,0.038
3902.73348,13.228,0.049
3904.76183,13.352,0.052
3906.76419,13.283,0.057
4142.89018,13.463,0.04
4153.88324,13.402,0.054
4157.88011,13.554,0.047
4161.87209,13.111,0.077
4164.86027,13.149,0.066
4168.8628,13.037,0.055
4177.8741,13.177,0.046
4178.8974,13.48,0.057
4182.84391,13.097,0.05
4185.87212,13.285,0.042
4188.87881,12.861,0.041
4189.85277,13.174,0.039
4191.83391,13.06,0.043
4192.83933,13.875,0.055
4194.81112,12.835,0.052
4202.84995,12.91,0.045
4202.89046,13.605,0.038
4205.80904,13.031,0.043
4205.85324,13.697,0.04
4213.90161,13.577,0.04
4216.85165,12.978,0.041
4228.82531,13.102,0.039
4228.85511,13.435,0.039
4230.82784,13.474,0.037
4232.9014,13.623,0.048
4235.77649,13.626,0.037
4272.68736,13.729,0.034
4274.71883,13.711,0.037
4277.68144,13.669,0.043
4283.70621,13.861,0.046
4285.6916,13.659,0.042
4289.68775,13.672,0.035
4293.6751,13.664,0.036
4295.69183,13.509,0.04
4297.6823,13.636,0.045
4301.64583,13.5,0.049
4304.84336,13.363,0.043
4312.62975,13.455,0.048
4315.63581,13.585,0.033
4329.53502,13.13,0.045
4330.75336,13.702,0.05
4331.53698,13.019,0.04
4332.64275,13.758,0.047
4333.53333,13.251,0.05
4340.60271,13.558,0.04
4342.58047,12.897,0.046
4346.59778,13.449,0.049
4348.58159,13.279,0.045
4348.60022,13.426,0.05
4350.57676,13.119,0.053
4350.60027,13.521,0.04
4352.58899,12.986,0.037
4352.61022,13.365,0.036
4355.57806,13.081,0.046
4355.59763,13.805,0.045
4357.58803,12.904,0.042
4357.60403,13.464,0.038
4359.55213,13.025,0.043
4359.56968,13.34,0.04
4365.49796,12.893,0.047
4365.50123,13.209,0.034
4368.57314,12.671,0.044
4372.55039,13.798,0.048
4375.58,13.361,0.038
4375.60334,12.692,0.044
4377.58319,13.278,0.036
4378.50501,12.758,0.052
4379.61948,13.098,0.043
4380.56009,12.683,0.051
4382.54221,12.649,0.032
4383.53295,12.618,0.041
4384.57297,13.167,0.037
4386.51811,12.611,0.038
4386.60209,12.625,0.031
4392.49714,12.649,0.05
4393.49845,13.546,0.042
4400.50462,12.623,0.05
4403.52729,13.568,0.041
4407.52813,12.659,0.04
4409.51408,12.624,0.063
4508.88983,13.791,0.042
4519.89289,13.532,0.047
4523.89137,13.548,0.044
4530.86898,13.538,0.041
4537.86172,13.755,0.033
4540.88933,13.423,0.046
4552.85276,13.468,0.052
4557.85599,13.574,0.036
4559.85123,13.079,0.039
4560.87692,13.133,0.035
4562.8623,13.106,0.048
4563.89086,13.687,0.041
4565.87866,12.819,0.048
4566.90311,13.478,0.043
4568.84687,12.758,0.053
4569.89481,13.334,0.034
4571.80941,12.64,0.043
4572.84014,12.657,0.034
4574.7725,12.475,0.051
4575.81865,12.47,0.059
4583.87945,12.088,0.035
4586.86275,11.74,0.043
4587.76634,11.881,0.038
4589.80061,11.79,0.042
4589.86723,11.854,0.04
4592.76977,11.719,0.045
4592.80656,13.326,0.036
4595.77096,11.704,0.04
4595.7917,11.737,0.036
4597.85833,11.738,0.042
4602.77582,11.729,0.046
4602.79307,11.823,0.038
4606.77977,11.853,0.048
4606.79597,11.964,0.039
4610.78142,11.966,0.044
4611.80695,12.132,0.037
4612.78279,11.858,0.059
4615.80933,12.308,0.036
4616.78359,12.106,0.04
4617.75307,12.263,0.036
4621.7321,12.427,0.042
4622.73751,12.507,0.044
4623.79603,13.063,0.036
4627.71547,12.564,0.054
4627.76962,12.64,0.041
4629.7008,12.591,0.041
4629.73803,13.462,0.033
4631.71467,12.658,0.045
4631.74504,12.933,0.034
4633.69397,12.939,0.05
4633.73082,12.941,0.045
4638.73602,13.09,0.039
4642.68813,13.093,0.041
4642.71512,13.662,0.038
4644.71063,12.933,0.048
4644.73613,13.498,0.037
4646.83344,13.599,0.068
4648.763,13.485,0.051
4649.65109,13.459,0.05
4653.60971,13.151,0.04
4655.64585,13.159,0.043
4655.67829,13.464,0.036
4657.68244,13.083,0.051
4657.71149,13.626,0.035
4660.67394,13.602,0.042
4670.73593,13.076,0.051
4672.75216,13.756,0.048
4675.75867,13.643,0.052
4681.66501,12.964,0.056
4681.68834,13.711,0.054
4683.68499,13.734,0.056
4685.66411,13.513,0.059
4687.63444,13.782,0.066
4697.58746,13.776,0.034
4701.55681,13.436,0.041
4701.59034,13.624,0.035
4703.59562,13.574,0.051
4707.71256,13.431,0.062
4715.56948,13.624,0.043
4720.53088,13.315,0.05
4722.58293,13.596,0.054
4725.6053,13.524,0.069
4728.5631,13.504,0.051
4730.60571,13.571,0.072
4733.61777,13.598,0.062
4737.59596,13.48,0.042
4737.59937,13.539,0.036
4740.58241,13.237,0.043
4740.58572,13.587,0.038
4752.60877,13.235,0.052
4755.53159,13.293,0.068
4763.55043,13.516,0.072
4764.52606,13.113,0.06
4767.52218,13.206,0.071
4769.52853,13.453,0.068
4783.52435,13.116,0.075
4787.51142,13.68,0.061
4879.89394,13.47,0.048
4884.88906,13.584,0.047
4892.85329,13.424,0.063
4916.87951,13.634,0.048
4927.89866,13.603,0.046
4931.83499,13.708,0.049
4934.85098,13.544,0.05
4938.90742,13.552,0.055
4940.81812,13.341,0.059
4946.79831,13.424,0.059
4947.82485,13.541,0.05
4955.8241,13.286,0.046
4959.85116,13.615,0.05
4967.87163,13.546,0.047
4974.75163,13.758,0.062
4984.74961,13.253,0.064
4988.73132,12.899,0.058
4988.76293,12.868,0.048
5002.69736,11.986,0.052
5006.70044,12.007,0.055
5006.72833,12.751,0.05
5009.69693,11.926,0.052
5012.74127,11.904,0.057
5014.66445,11.897,0.053
5014.69692,13.379,0.041
5021.81148,11.864,0.063
5022.68147,11.928,0.048
5023.8124,11.757,0.05
5024.68539,11.915,0.047
5029.62698,11.831,0.05
5029.65677,11.994,0.041
5038.59759,12.133,0.055
5038.62893,12.295,0.048
5040.62745,12.328,0.053
5042.58871,12.327,0.053
5042.61669,12.302,0.044
5047.58812,12.604,0.056
5047.61458,12.606,0.046
5048.75604,12.3,0.052
5049.61783,12.515,0.059
5067.56673,13.128,0.044
5075.55004,13.471,0.053
5082.65505,13.715,0.049
5087.52078,13.508,0.043
5097.62731,13.614,0.056
5105.57229,13.553,0.046
5123.54453,13.096,0.068
