1947.87768,10.057,0.053
1949.89521,10.108,0.05
1953.8661,10.052,0.038
1954.85921,10.064,0.05
1954.89573,10.034,0.058
1955.85957,10.038,0.041
1961.87493,10.052,0.038
1963.86248,10.074,0.036
1965.85304,10.066,0.037
1967.85261,9.983,0.035
1978.80243,9.784,0.044
1979.84385,9.758,0.041
1980.82286,9.787,0.041
1981.83792,9.837,0.039
1994.77912,9.857,0.046
1994.80649,9.93,0.044
1997.79323,9.976,0.051
2025.77098,9.787,0.048
2026.80223,9.816,0.07
2027.77319,9.823,0.058
2030.76243,9.858,0.058
2032.76514,9.914,0.058
2033.75403,9.931,0.045
2035.72908,9.963,0.053
2037.70899,9.972,0.066
2055.70999,9.914,0.067
2058.70379,9.874,0.066
2059.76252,9.874,0.065
2068.74134,9.882,0.058
2069.68343,9.886,0.061
2080.58529,9.923,0.062
2081.65119,9.938,0.059
2082.6669,9.944,0.064
2083.65329,9.961,0.06
2085.64183,9.99,0.054
2086.6456,10.024,0.062
2087.64316,9.993,0.066
2088.63748,9.973,0.063
2093.56398,9.732,0.064
2096.61035,9.707,0.061
2102.59242,9.893,0.055
2103.60995,9.938,0.05
2104.61221,9.961,0.057
2105.61007,10.008,0.059
2106.60876,10.013,0.057
2109.6104,10.035,0.052
2115.56917,9.799,0.05
2116.58085,9.779,0.047
2117.57303,9.745,0.053
2124.54903,9.853,0.06
2125.56259,10.328,0.058
2128.54604,9.838,0.054
2129.55636,9.847,0.055
2130.56547,9.819,0.057
2132.56162,9.785,0.054
2133.55345,9.749,0.059
2134.56088,9.78,0.055
2135.55256,9.74,0.053
2136.54985,9.753,0.056
2140.53661,9.824,0.054
2141.54126,9.82,0.054
2143.49445,9.887,0.056
2144.52044,9.904,0.058
2151.50089,9.93,0.051
2156.48339,10.013,0.051
2156.49992,9.988,0.04
2164.49656,9.834,0.041
2168.52795,9.767,0.042
2168.54063,9.78,0.052
2172.48027,9.809,0.048
2172.48251,9.816,0.05
2173.53158,9.841,0.037
2178.48417,9.892,0.047
2179.4855,9.88,0.038
2179.52385,9.864,0.056
2180.52232,9.892,0.051
2184.51314,9.792,0.042
2187.48361,9.827,0.035
2188.49357,9.855,0.039
2188.50271,9.847,0.047
2190.51486,9.865,0.036
2191.50502,9.883,0.044
2193.50848,9.925,0.038
2194.51045,9.932,0.047
2194.51258,10,0.054
2196.51498,10.021,0.041
2198.4938,10.011,0.049
2205.48969,9.965,0.048
2441.66982,9.996,0.035
2442.66061,10.004,0.034
2443.65688,10.046,0.034
2444.66099,10.054,0.032
2446.66375,10.052,0.033
2452.63222,10.066,0.036
2460.64535,9.951,0.03
2463.63359,9.92,0.04
2465.61793,9.851,0.031
2467.61892,9.858,0.029
2468.60911,9.841,0.032
2473.57553,9.863,0.033
2474.6267,9.867,0.031
2481.56738,9.878,0.044
2482.6024,9.833,0.037
2486.56657,9.811,0.041
2489.56909,9.897,0.035
2490.60872,9.86,0.034
2491.56491,9.933,0.043
2493.55554,10.055,0.034
2494.56103,10.091,0.043
2495.56493,10.097,0.034
2497.56219,10.144,0.036
2498.54802,10.118,0.032
2499.54837,10.062,0.031
2500.54802,10.018,0.04
2508.56575,9.845,0.043
2510.52546,9.715,0.052
2511.58763,9.908,0.051
2512.64901,9.902,0.052
2519.65133,9.881,0.04
2520.6466,9.899,0.045
2521.65337,9.872,0.041
2526.63866,9.863,0.05
2535.58626,10.076,0.046
2546.55582,10.148,0.054
2548.54704,10.135,0.046
2552.57047,10.084,0.041
2560.50342,9.977,0.042
2561.52296,9.932,0.053
2562.5599,9.915,0.055
2565.54104,9.872,0.044
2566.5579,9.862,0.048
2578.512,9.826,0.035
2683.88265,10.047,0.041
2686.88494,10.181,0.043
2688.86596,10.176,0.046
2689.88959,10.222,0.046
2693.86595,10.175,0.044
2694.85913,10.103,0.049
2697.86213,9.969,0.041
2698.87118,9.937,0.045
2701.82245,9.883,0.043
2701.86426,9.875,0.037
2704.83892,9.936,0.039
2704.86119,9.928,0.039
2706.85605,9.994,0.041
2707.8546,9.99,0.057
2709.88892,10.003,0.042
2711.82637,10.005,0.045
2712.83417,9.949,0.036
2713.85336,9.952,0.04
2717.83557,9.845,0.045
2719.85805,9.833,0.046
2720.81047,9.816,0.045
2721.86614,9.842,0.051
2725.78454,9.921,0.039
2727.85027,9.989,0.036
2729.83722,10.024,0.042
2729.84894,10.002,0.038
2732.86462,10.103,0.043
2734.83758,10.165,0.039
2736.81762,10.183,0.043
2737.84285,10.211,0.038
2738.82449,10.232,0.046
2740.81194,10.277,0.042
2742.80604,10.238,0.05
2747.89152,10.218,0.059
2754.80733,10.037,0.042
2756.76768,10.041,0.039
2760.74813,10.006,0.039
2762.74787,9.982,0.056
2763.78661,10.004,0.036
2764.73762,9.965,0.042
2768.82735,9.951,0.042
2770.83255,9.945,0.035
2775.84319,9.983,0.059
2776.62834,10.017,0.045
2783.67269,10.068,0.037
2786.69879,10.065,0.038
2791.68541,10.077,0.041
2808.84211,9.787,0.042
2810.63944,9.764,0.037
2811.8252,9.771,0.04
2813.71562,9.79,0.044
2820.86507,9.911,0.043
2820.87521,9.941,0.038
2829.6415,9.888,0.065
2836.59287,9.846,0.044
2840.83349,9.886,0.057
2845.77605,9.938,0.032
2851.77529,9.766,0.039
2854.55072,9.797,0.033
2861.57256,10.034,0.04
2866.68325,10.08,0.04
2867.74305,10.075,0.041
2872.65161,9.991,0.036
2875.6608,9.998,0.038
2877.64745,10.011,0.043
2879.65696,10.034,0.05
2884.63232,10.035,0.043
2888.53679,9.93,0.039
2892.67652,9.914,0.053
2894.67331,9.916,0.054
2896.60962,9.931,0.04
2898.59726,9.967,0.041
2900.59203,9.99,0.042
2904.57903,9.989,0.046
2906.57964,10.025,0.038
2909.58141,9.955,0.041
2911.55295,9.901,0.04
2915.53857,9.798,0.043
2917.56414,9.783,0.04
2921.5631,9.806,0.041
2926.56158,9.84,0.056
2928.56286,9.877,0.048
2930.55989,9.909,0.049
2932.55819,9.958,0.049
2934.55528,9.982,0.045
2943.51442,10.01,0.051
2945.5347,10.033,0.053
2949.52127,10.139,0.048
2955.51043,10.2,0.057
3055.8673,9.996,0.043
3059.86649,9.994,0.035
3064.88138,9.981,0.043
3067.88912,9.875,0.043
3070.8772,9.824,0.041
3074.85205,9.863,0.046
3080.84977,9.954,0.044
3086.89349,10.009,0.042
3090.82611,9.947,0.04
3090.88287,9.992,0.038
3093.88696,9.893,0.04
3097.78588,9.888,0.038
3100.83776,9.978,0.046
3103.83269,10.064,0.049
3106.8947,10.032,0.047
3109.82591,10.024,0.041
3111.84317,10.048,0.047
3112.81828,10.004,0.041
3114.83354,9.977,0.039
3115.80578,10.005,0.036
3122.82477,10.054,0.037
3125.74128,10.065,0.039
3127.75291,10.026,0.059
3131.79415,9.956,0.049
3134.85012,9.986,0.037
3144.74989,9.957,0.033
3153.87862,10.086,0.035
3156.72193,10.196,0.043
3162.69545,10.437,0.045
3164.73873,10.498,0.034
3169.72256,10.571,0.045
3175.85644,10.401,0.047
3176.72905,10.392,0.04
3180.75772,10.374,0.036
3183.73998,10.367,0.044
3185.69137,10.418,0.042
3189.68504,10.402,0.041
3191.79871,10.479,0.044
3266.53129,10.535,0.036
3278.62091,10.603,0.047
3293.56801,10.259,0.038
3298.52895,10.417,0.036
3409.88027,10.245,0.054
3413.88012,10.233,0.063
3417.8802,10.152,0.06
3418.88679,10.048,0.053
3422.88149,10.048,0.061
3426.87819,9.996,0.051
3432.8019,10.038,0.058
3436.90281,10.092,0.044
3443.90035,9.905,0.048
3446.88034,9.892,0.038
3447.85773,9.939,0.039
3449.87731,9.912,0.045
3450.88081,9.931,0.04
3453.80279,9.947,0.046
3453.8438,9.969,0.04
3455.84069,9.966,0.057
3456.86593,9.958,0.039
3458.85652,9.965,0.049
3463.81888,9.979,0.053
3466.84815,9.964,0.037
3466.87729,9.988,0.057
3469.83901,9.974,0.039
3472.85209,9.938,0.058
3475.81675,9.911,0.071
3478.80294,9.859,0.04
3481.77653,9.897,0.048
3483.81492,10.064,0.051
3489.84905,9.983,0.051
3491.88393,10.016,0.054
3499.78162,10.045,0.064
3502.74761,10.079,0.058
3508.86959,10.067,0.038
3511.73386,10.072,0.049
3520.72982,9.823,0.051
3522.75972,9.809,0.046
3526.85897,9.869,0.052
3538.71487,9.834,0.059
3540.70715,9.844,0.054
3547.76275,9.977,0.037
3551.75471,9.992,0.054
3556.6137,9.949,0.047
3559.66356,9.966,0.051
3561.69209,9.993,0.052
3563.65067,10.02,0.046
3571.62571,9.828,0.044
3575.79977,9.781,0.045
3578.57159,9.821,0.046
3583.69924,9.867,0.05
3585.74391,9.843,0.052
3587.75758,9.824,0.046
3590.57565,9.802,0.051
3592.58105,9.798,0.053
3599.66918,9.971,0.044
3601.70532,10.017,0.054
3603.72443,10.063,0.05
3607.52118,10.043,0.049
3617.58944,9.886,0.049
3619.69415,9.94,0.053
3622.51713,9.943,0.052
3626.58524,9.962,0.041
3629.61637,9.989,0.052
3633.6364,9.955,0.053
3637.56452,9.929,0.047
3642.61581,9.941,0.04
3646.56649,9.919,0.042
3654.50699,9.98,0.054
3656.55541,9.993,0.051
3659.53122,9.958,0.048
3661.54434,10.007,0.053
3663.54848,10.018,0.05
3666.5579,10.08,0.053
3670.50823,10.033,0.044
3673.51558,9.943,0.045
3676.51268,10.012,0.049
3775.87813,12.323,0.06
3791.86162,13.474,0.061
3792.87358,13.043,0.065
3795.86225,13.25,0.048
3799.85874,12.859,0.062
3803.85915,12.376,0.07
3804.85918,12.462,0.059
3806.86867,12.342,0.058
3808.85718,12.304,0.059
3810.85961,12.074,0.065
3812.85572,11.834,0.059
3813.87872,11.907,0.057
3818.8327,11.465,0.061
3819.84993,11.615,0.053
3821.86948,11.463,0.059
3822.87982,11.503,0.057
3824.86736,11.671,0.059
3826.84852,11.515,0.057
3827.85615,11.497,0.057
3830.84658,11.421,0.053
3830.876,11.444,0.06
3833.83509,11.429,0.06
3836.83172,11.475,0.057
3848.85037,11.696,0.068
3848.87235,11.649,0.068
3851.8316,11.683,0.049
3856.83547,11.812,0.055
3859.76527,11.686,0.051
3859.85949,11.736,0.055
3861.80542,11.753,0.051
3863.81987,11.959,0.048
3865.78881,12.19,0.056
3867.78364,12.275,0.051
3868.80112,12.663,0.051
3869.77558,12.425,0.063
3872.81061,12.656,0.056
3882.71149,12.585,0.052
3882.7455,12.479,0.048
3886.83298,12.656,0.05
3886.87425,12.58,0.044
3889.69289,12.693,0.06
3891.7538,12.585,0.045
3891.76948,12.368,0.038
3893.72299,12.575,0.047
3896.72674,12.681,0.049
3896.77115,12.323,0.045
3901.75675,12.466,0.058
3903.75125,12.7,0.048
3904.79412,12.605,0.05
3905.75162,12.803,0.051
3907.77207,12.973,0.056
3909.8807,13.424,0.052
3913.83959,12.922,0.056
4146.87961,11.891,0.045
4153.8894,11.841,0.039
4157.88547,11.815,0.056
4161.87821,11.622,0.043
4165.87539,11.918,0.056
4168.85406,11.989,0.045
4174.8672,11.891,0.037
4177.87014,11.817,0.04
4177.89848,11.667,0.048
4180.87942,11.64,0.053
4181.86359,11.964,0.059
4184.82254,11.722,0.05
4185.84934,11.567,0.044
4188.87636,11.605,0.043
4189.84296,11.626,0.034
4191.82712,11.641,0.038
4192.82684,11.684,0.039
4194.8201,11.769,0.04
4196.85916,11.746,0.058
4202.84745,11.9,0.037
4202.91168,11.886,0.036
4205.82982,11.943,0.041
4205.86453,11.995,0.042
4213.86359,12.284,0.044
4215.83435,12.08,0.035
4216.85791,12.019,0.034
4227.82665,12.01,0.033
4228.86062,11.842,0.034
4229.82406,11.921,0.034
4230.8397,11.847,0.036
4231.82327,12.061,0.036
4232.92404,11.859,0.035
4234.74742,11.864,0.041
4235.77867,11.826,0.034
4238.76825,11.726,0.052
4246.73128,11.464,0.037
4247.70247,11.446,0.033
4250.82423,11.532,0.044
4255.76553,11.508,0.043
4258.67738,11.444,0.035
4272.67877,11.242,0.034
4273.66482,11.255,0.036
4274.7282,11.159,0.03
4277.69086,11.185,0.031
4278.67616,11.247,0.034
4282.69466,11.221,0.046
4282.71469,11.255,0.046
4284.69822,11.216,0.038
4284.71486,11.136,0.037
4290.68997,11.279,0.034
4290.70667,11.321,0.032
4292.65619,11.336,0.033
4292.68177,11.281,0.031
4294.66426,11.411,0.036
4296.65461,11.364,0.045
4296.68347,11.346,0.038
4298.66363,11.324,0.043
4298.68951,11.258,0.042
4300.63394,11.27,0.045
4300.66182,11.205,0.043
4302.68372,11.15,0.035
4302.70495,11.194,0.034
4304.62163,11.14,0.032
4304.64744,11.137,0.03
4306.60266,11.176,0.033
4306.63268,11.122,0.035
4309.60633,11.119,0.048
4310.63411,11.118,0.036
4311.64353,11.077,0.038
4312.63194,11.02,0.039
4315.63801,11.11,0.033
4316.69165,11.009,0.034
4317.70099,10.971,0.044
4319.67012,10.984,0.035
4330.55489,10.938,0.04
4330.58348,10.94,0.033
4332.56365,10.955,0.037
4332.58272,10.958,0.034
4338.59637,11.064,0.035
4339.68234,11.08,0.035
4340.65887,11.105,0.04
4341.69323,11.134,0.039
4342.65233,11.202,0.042
4343.69408,11.174,0.041
4344.65266,11.085,0.044
4345.69648,11.092,0.039
4346.64977,11.079,0.037
4347.69483,11.09,0.05
4348.65901,11.025,0.038
4349.69007,10.982,0.045
4350.66677,11.039,0.04
4351.70971,11.086,0.053
4353.53251,11.156,0.034
4354.6078,11.114,0.033
4355.6222,11.261,0.033
4356.63056,11.327,0.034
4357.62661,11.302,0.034
4358.66277,11.29,0.035
4359.64004,11.439,0.039
4364.50375,11.598,0.033
4365.51518,11.599,0.033
4367.5958,11.814,0.04
4367.66231,11.793,0.043
4369.61507,11.798,0.047
4371.63714,11.967,0.045
4372.55542,11.942,0.042
4375.53588,12.135,0.038
4375.58506,12.114,0.033
4377.54234,12.219,0.039
4379.54534,12.276,0.036
4379.64411,12.338,0.04
4381.58941,12.33,0.046
4381.63917,12.164,0.042
4384.52832,12.362,0.037
4384.54187,12.196,0.033
4386.56046,12.301,0.032
4386.56978,12.196,0.03
4388.55507,12.174,0.033
4392.50917,11.771,0.041
4392.51818,11.775,0.04
4402.53906,11.462,0.041
4402.54777,11.567,0.04
4407.55113,11.615,0.034
4408.51738,11.613,0.039
4410.55453,11.543,0.041
4413.51834,11.488,0.035
4505.88345,11.627,0.044
4518.86374,12.032,0.045
4519.88113,11.777,0.045
4522.8797,11.918,0.036
4523.88206,11.728,0.035
4529.86878,11.641,0.037
4533.87586,11.752,0.044
4533.89044,11.711,0.041
4537.86723,11.683,0.032
4540.86547,11.733,0.043
4541.85895,11.707,0.034
4546.89401,11.727,0.043
4548.85491,11.804,0.041
4550.84404,12.049,0.047
4552.85527,11.898,0.036
4557.83911,12.125,0.038
4559.86156,11.816,0.036
4560.86886,11.798,0.036
4562.85532,11.842,0.037
4563.88826,11.843,0.038
4565.85979,11.783,0.039
4567.82435,11.743,0.036
4568.84008,11.799,0.038
4570.8713,11.815,0.035
4571.80257,11.783,0.039
4573.81951,11.792,0.043
4573.87346,11.798,0.04
4575.85067,11.841,0.053
4576.80904,11.615,0.044
4578.85213,11.74,0.046
4583.82518,11.602,0.037
4583.88176,11.71,0.035
4586.85323,11.624,0.041
4587.77732,11.659,0.039
4589.79357,11.763,0.037
4590.79461,11.685,0.038
4592.78315,11.763,0.036
4593.79543,11.786,0.032
4595.76406,11.753,0.035
4595.88049,11.704,0.033
4597.85558,11.845,0.034
4602.77316,11.819,0.043
4602.79546,11.715,0.044
4606.77622,11.794,0.053
4606.81989,11.683,0.049
4610.78961,11.588,0.038
4610.81274,11.657,0.038
4612.79674,11.568,0.056
4616.86937,11.551,0.036
4616.89522,11.502,0.047
4622.84657,11.668,0.038
4623.70312,11.594,0.035
4627.71761,11.543,0.037
4627.75178,11.666,0.037
4629.71308,11.497,0.039
4629.75291,11.493,0.034
4631.71776,11.429,0.037
4631.76559,11.45,0.035
4633.68593,11.336,0.044
4633.74975,11.434,0.043
4638.85451,11.548,0.047
4638.88631,11.51,0.056
4640.83439,11.55,0.039
4641.66907,11.469,0.032
4642.83328,11.539,0.041
4643.71894,11.594,0.039
4645.62926,11.646,0.037
4645.7238,11.632,0.036
4647.68631,11.492,0.038
4647.76469,11.564,0.037
4649.7934,11.479,0.044
4651.72286,11.457,0.041
4651.89466,11.488,0.034
4653.73804,11.307,0.035
4654.63896,11.265,0.039
4655.67359,11.384,0.036
4656.67802,11.213,0.034
4657.70837,11.225,0.046
4658.72418,11.282,0.053
4660.64318,11.071,0.066
4661.61854,11.22,0.043
4664.63338,11.261,0.041
4665.66635,11.258,0.039
4666.64588,11.318,0.04
4667.68519,11.284,0.036
4670.61355,11.45,0.038
4672.63714,11.154,0.035
4672.76343,11.235,0.036
4675.67616,11.094,0.035
4675.77093,11.02,0.035
4678.67307,10.951,0.041
4681.59033,10.966,0.038
4681.69321,10.891,0.042
4683.59039,11.035,0.043
4683.73914,10.895,0.034
4685.56996,10.872,0.042
4685.66984,10.926,0.039
4687.56462,10.952,0.041
4687.6488,10.948,0.039
4691.74445,11.079,0.041
4693.56468,11.161,0.046
4694.71831,11.176,0.049
4697.59988,11.11,0.035
4698.65112,11.155,0.042
4701.59846,11.232,0.033
4702.65827,11.176,0.04
4704.67282,11.195,0.042
4705.63649,11.085,0.04
4706.68155,11.103,0.037
4708.59222,11.03,0.038
4709.64026,11.03,0.045
4710.60912,10.909,0.056
4721.59786,10.859,0.041
4721.6013,10.778,0.042
4724.63803,10.854,0.051
4724.64151,10.857,0.048
4729.64817,10.961,0.044
4730.52961,10.929,0.044
4733.53653,10.844,0.037
4733.55755,10.88,0.042
4736.61865,10.77,0.041
4737.55976,10.81,0.042
4739.61105,10.781,0.04
4740.54864,10.782,0.039
4746.51372,10.773,0.052
4747.52526,10.896,0.053
4748.55574,10.799,0.053
4752.61148,10.751,0.057
4754.55178,10.872,0.049
4755.53411,10.91,0.046
4756.5843,10.866,0.048
4757.57776,10.823,0.049
4759.55456,10.925,0.053
4760.55621,10.787,0.042
4762.55195,10.9,0.048
4763.55306,10.969,0.043
4765.54583,11.073,0.046
4768.54145,11.15,0.048
4769.53196,11.177,0.044
4774.50947,11.503,0.047
4774.51268,11.332,0.045
4776.55042,11.404,0.048
4779.54678,11.385,0.051
4784.518,11.431,0.051
4787.51778,11.401,0.045
4872.8827,11.306,0.047
4879.87654,10.925,0.043
4884.8925,10.723,0.062
4891.87935,10.466,0.051
4892.88296,10.496,0.061
4905.87167,10.359,0.057
4916.86754,10.432,0.053
4919.86623,10.427,0.059
4920.84507,10.381,0.067
4927.90113,10.51,0.057
4931.83732,10.496,0.063
4937.88361,10.351,0.06
4938.91487,10.335,0.067
4940.81476,10.35,0.058
4946.8201,10.24,0.057
4947.83056,10.227,0.051
4952.77116,10.221,0.056
4955.82061,10.27,0.057
4961.75809,10.305,0.064
4967.79751,10.313,0.056
4968.76695,10.277,0.056
4969.84347,10.293,0.057
4974.75898,10.327,0.057
4975.77731,10.317,0.065
4985.71257,10.361,0.053
4985.72425,10.398,0.052
4987.73516,10.287,0.066
4989.74832,10.256,0.066
4992.80978,10.19,0.066
4992.81557,10.177,0.055
5006.81244,10.331,0.056
5006.8361,10.323,0.057
5009.68755,10.302,0.065
5009.71644,10.315,0.066
5012.73111,10.334,0.056
5012.7583,10.357,0.053
5014.66665,10.411,0.057
5014.7067,10.405,0.05
5019.66325,10.48,0.066
5021.67479,10.496,0.052
5021.84382,10.544,0.06
5023.67723,10.458,0.05
5023.86028,10.512,0.056
5025.68638,10.454,0.064
5037.64617,10.32,0.051
5038.75839,10.3,0.068
5039.6301,10.342,0.049
5040.72653,10.361,0.054
5041.62272,10.54,0.047
5042.66502,10.373,0.063
5047.72233,10.416,0.061
5047.7541,10.472,0.055
5049.7648,10.485,0.065
5057.62475,10.3,0.06
5057.63993,10.272,0.061
5063.62916,10.379,0.051
5063.65215,10.325,0.049
5070.71801,10.449,0.063
5083.63713,10.235,0.053
5083.66239,10.282,0.061
5085.67698,10.202,0.053
5087.66694,10.213,0.054
5088.55272,10.201,0.062
5092.63153,10.278,0.049
5092.6495,10.267,0.052
5104.58282,10.175,0.055
5104.60468,10.133,0.052
5111.5958,10.095,0.057
5111.61644,10.107,0.054
5123.52803,10.104,0.062
