1947.89255,12.137,0.049
1953.89054,11.963,0.043
1953.89497,11.862,0.05
1955.8774,12.105,0.043
1961.89726,12.124,0.05
1963.8822,11.569,0.04
1965.87544,11.946,0.04
1967.87801,11.989,0.045
1978.85308,11.794,0.051
1979.88484,11.833,0.049
1979.88943,11.938,0.051
1981.82316,11.97,0.051
1982.82402,12.026,0.054
1997.82707,12.181,0.055
2008.75671,11.98,0.057
2011.73246,11.996,0.058
2016.76457,12.461,0.056
2025.78644,12.02,0.041
2025.79329,12.074,0.036
2026.83647,12.409,0.041
2027.79526,12.598,0.038
2027.7976,12.601,0.043
2030.78687,12.57,0.042
2030.79122,12.52,0.038
2031.79345,12.309,0.037
2032.78277,11.887,0.037
2032.78512,11.876,0.042
2033.77403,11.599,0.042
2033.78069,11.636,0.036
2037.75093,11.954,0.043
2052.73832,11.97,0.042
2054.74368,12.274,0.046
2055.73464,12.601,0.043
2056.7313,12.791,0.042
2057.72721,12.755,0.04
2058.72848,12.65,0.042
2061.71909,11.661,0.042
2069.76841,12.537,0.042
2070.72002,12.853,0.04
2081.67616,12.011,0.041
2082.68285,12.276,0.04
2083.66931,12.462,0.046
2085.66945,12.95,0.04
2087.65926,12.587,0.041
2088.66248,12.051,0.041
2093.57646,11.881,0.039
2102.61534,12.152,0.038
2103.63509,11.836,0.042
2105.62412,11.78,0.04
2106.63401,11.949,0.038
2109.62001,12.018,0.037
2114.77976,12.83,0.047
2115.61844,12.554,0.038
2116.59498,12.162,0.043
2117.59833,11.81,0.042
2125.5925,12.442,0.041
2128.5874,12.838,0.037
2129.58406,12.635,0.04
2130.57969,12.243,0.038
2131.56542,11.782,0.042
2132.58255,11.541,0.04
2134.56837,11.923,0.043
2136.56651,11.96,0.042
2140.55076,12.74,0.035
2141.55562,12.86,0.042
2142.54977,12.799,0.039
2143.55472,12.631,0.039
2144.54131,12.186,0.037
2145.53681,11.851,0.038
2151.53989,11.997,0.057
2156.5022,12.788,0.043
2164.48383,12.611,0.041
2168.53021,12.678,0.044
2171.51176,12.662,0.042
2173.5338,11.818,0.038
2179.49003,11.943,0.049
2190.52855,11.849,0.039
2193.5175,12.035,0.045
2206.49781,11.941,0.047
2214.50142,12.297,0.045
2442.68445,11.61,0.028
2443.67751,11.819,0.034
2444.67944,11.923,0.035
2446.68217,11.939,0.041
2446.68872,11.941,0.033
2455.69255,11.667,0.049
2455.69495,11.776,0.043
2460.67389,12.003,0.034
2460.67593,11.915,0.033
2463.64063,12.588,0.037
2463.64977,12.578,0.036
2464.63285,12.697,0.04
2464.64172,12.764,0.036
2465.63657,12.673,0.046
2465.64313,13.057,0.036
2466.6269,12.538,0.035
2466.6293,12.697,0.039
2467.62859,12.474,0.036
2467.63297,12.57,0.035
2468.62777,12.014,0.041
2468.63435,12.087,0.032
2470.57221,11.479,0.041
2470.57691,11.599,0.041
2473.59415,11.927,0.039
2473.59657,11.874,0.043
2474.63874,11.934,0.04
2474.64343,11.931,0.046
2481.58041,12.688,0.048
2481.5828,12.596,0.049
2482.61713,12.101,0.046
2482.6192,12.17,0.043
2486.59655,11.895,0.052
2489.57674,11.967,0.039
2489.58351,12.004,0.04
2490.60669,12.165,0.048
2491.5791,12.383,0.056
2493.57218,12.848,0.048
2493.5766,12.877,0.046
2494.58656,12.672,0.049
2495.57921,12.471,0.049
2495.58157,12.39,0.046
2497.57434,11.896,0.038
2497.58092,11.863,0.037
2498.56471,11.537,0.046
2499.56047,11.793,0.043
2499.5628,11.688,0.046
2501.562,11.925,0.044
2501.56859,11.938,0.039
2510.54775,12.43,0.051
2511.60428,11.838,0.043
2519.5773,12.38,0.051
2519.66395,12.42,0.037
2521.58299,12.764,0.04
2521.66373,12.848,0.035
2524.62539,12.478,0.047
2526.60872,11.514,0.041
2526.64412,11.541,0.038
2535.54852,12.802,0.047
2543.51775,11.945,0.035
2544.49472,11.934,0.047
2545.56041,11.987,0.033
2548.58795,12.561,0.039
2549.57287,12.874,0.042
2552.58719,12.232,0.054
2561.48848,12.359,0.039
2561.49293,12.309,0.038
2562.53516,13.334,0.035
2566.52766,12.39,0.038
2568.55862,11.568,0.047
2578.52863,12.887,0.042
2683.89171,11.937,0.037
2684.88144,11.957,0.038
2688.88164,12.633,0.041
2690.88552,12.792,0.041
2698.88043,12.077,0.043
2698.88735,11.818,0.045
2702.86934,12.536,0.039
2704.87768,12.821,0.041
2707.86165,12.221,0.043
2710.84394,11.759,0.037
2711.85363,11.922,0.037
2712.88537,11.961,0.033
2713.88055,11.921,0.038
2714.88932,12.003,0.039
2719.85576,12.855,0.04
2720.84295,12.562,0.04
2726.80613,11.937,0.032
2726.8084,11.96,0.036
2728.85526,12.069,0.037
2728.85753,12.023,0.043
2730.85958,12.455,0.033
2730.86895,12.372,0.038
2733.87362,12.847,0.033
2735.85269,12.195,0.035
2735.85498,12.174,0.038
2737.84992,11.594,0.034
2739.8469,11.921,0.037
2741.84997,11.845,0.04
2743.83282,12.13,0.035
2743.83514,12.167,0.037
2755.77925,11.928,0.035
2755.78626,11.949,0.037
2757.79449,12.223,0.04
2757.79663,12.142,0.034
2759.87157,12.837,0.033
2761.79244,12.729,0.035
2761.79481,12.832,0.039
2763.78454,12.341,0.033
2768.85015,11.875,0.048
2770.82138,12.002,0.056
2782.77636,11.9,0.057
2784.75384,11.975,0.043
2784.75624,11.971,0.04
2786.718,12.269,0.038
2786.72468,12.292,0.036
2788.80827,12.903,0.041
2788.81283,12.817,0.039
2788.81506,12.867,0.035
2788.81728,12.844,0.035
2788.8195,12.945,0.036
2788.82171,12.88,0.035
2788.82393,12.938,0.037
2788.82616,12.78,0.039
2788.82837,12.956,0.037
2788.83059,12.937,0.045
2788.87276,12.941,0.044
2788.87497,12.812,0.041
2788.87941,12.74,0.045
2788.88162,12.865,0.041
2788.88384,12.97,0.04
2788.88607,12.771,0.039
2788.88828,12.806,0.038
2788.8905,12.659,0.039
2788.89272,12.818,0.039
2788.90159,12.855,0.04
2788.90603,12.812,0.048
2788.90824,12.968,0.04
2789.57914,12.806,0.041
2789.58137,12.84,0.039
2789.5858,12.768,0.039
2789.58802,12.721,0.038
2789.59025,12.82,0.038
2789.59247,12.781,0.039
2789.59912,12.879,0.04
2789.60135,12.871,0.039
2789.60357,12.915,0.038
2789.60579,12.861,0.038
2789.60801,12.773,0.038
2789.61022,12.844,0.038
2789.61245,12.922,0.039
2789.61688,12.89,0.039
2789.6191,12.786,0.038
2789.62131,12.835,0.039
2789.62353,12.875,0.038
2789.62576,12.78,0.038
2789.62797,12.759,0.038
2789.63019,12.72,0.039
2789.63241,12.75,0.037
2789.63462,12.844,0.038
2789.63685,12.851,0.037
2789.63907,12.822,0.039
2789.64128,12.828,0.037
2789.6435,12.806,0.039
2789.64572,12.808,0.038
2789.64793,12.809,0.038
2789.65016,12.916,0.038
2789.65238,12.827,0.039
2789.6546,12.734,0.038
2789.65681,12.821,0.038
2789.65903,12.825,0.038
2789.66126,12.735,0.037
2789.66347,12.83,0.038
2789.66569,12.77,0.038
2789.66791,12.726,0.038
2789.67013,12.699,0.038
2789.67236,12.768,0.038
2789.67458,12.775,0.038
2789.67901,12.688,0.038
2789.68123,12.781,0.038
2789.68346,12.818,0.038
2789.68568,12.775,0.037
2789.68789,12.812,0.038
2789.69011,12.862,0.038
2789.69233,12.873,0.039
2789.69455,12.738,0.039
2789.69678,12.771,0.038
2789.699,12.738,0.037
2789.70121,12.756,0.038
2789.70343,12.771,0.037
2789.70566,12.822,0.038
2789.70787,12.762,0.038
2789.71009,12.803,0.038
2789.71231,12.795,0.038
2789.71452,12.713,0.038
2789.71675,12.713,0.038
2789.71896,12.764,0.038
2789.72118,12.825,0.039
2789.7234,12.748,0.038
2789.72561,12.811,0.038
2789.72785,12.879,0.038
2789.73006,12.662,0.038
2789.73228,12.729,0.038
2789.73449,12.856,0.039
2789.73671,12.8,0.04
2789.73893,12.912,0.039
2789.74114,12.789,0.042
2789.74337,12.748,0.04
2789.74559,12.708,0.039
2789.7478,12.667,0.039
2789.75002,12.793,0.044
2789.75224,12.781,0.044
2789.75447,12.749,0.041
2789.75668,12.727,0.039
2789.7589,12.721,0.038
2789.76112,12.703,0.038
2789.76334,12.759,0.038
2789.76556,12.737,0.039
2789.76778,12.791,0.038
2789.77,12.785,0.038
2789.77221,12.828,0.037
2789.77443,12.795,0.039
2789.77666,12.764,0.037
2789.77887,12.823,0.038
2789.78109,12.845,0.04
2789.78552,12.793,0.038
2789.78774,12.642,0.037
2789.78997,12.744,0.038
2789.79662,12.933,0.039
2789.79884,12.832,0.037
2789.80106,12.765,0.038
2789.80328,12.832,0.038
2789.8055,12.795,0.039
2789.80772,12.82,0.036
2789.80993,12.921,0.037
2789.81216,12.997,0.036
2789.81438,12.952,0.05
2789.81659,12.91,0.036
2789.81881,13.036,0.037
2789.82103,12.998,0.04
2789.82548,12.815,0.037
2789.82769,12.894,0.038
2789.82991,12.949,0.038
2789.83212,12.671,0.038
2789.83434,12.715,0.037
2789.83657,12.677,0.038
2789.83878,12.818,0.039
2789.84103,12.763,0.038
2789.84324,12.797,0.038
2789.84547,12.887,0.036
2789.8477,12.761,0.038
2789.84991,12.898,0.037
2789.85213,12.958,0.038
2789.85434,12.854,0.038
2789.85657,12.83,0.038
2789.85879,12.885,0.037
2789.861,12.741,0.038
2789.86322,12.735,0.038
2789.86544,12.712,0.037
2789.86766,12.677,0.038
2789.86988,12.814,0.038
2789.8721,12.696,0.037
2789.87431,12.818,0.038
2789.87653,12.768,0.038
2789.87876,12.863,0.038
2789.88097,12.716,0.039
2789.88319,12.731,0.038
2789.8854,12.787,0.039
2789.88763,12.741,0.038
2789.89207,12.9,0.038
2789.89429,12.899,0.039
2789.8965,12.788,0.039
2789.89872,12.854,0.039
2789.90094,12.789,0.038
2789.90315,12.859,0.039
2789.90539,12.946,0.039
2789.90761,12.889,0.039
2789.90982,12.912,0.037
2789.91204,12.878,0.037
2789.91426,12.79,0.037
2789.91648,12.816,0.038
2789.9187,12.741,0.037
2789.92092,12.726,0.036
2789.92314,12.813,0.036
2789.92536,12.796,0.037
2789.92758,12.706,0.037
2789.92979,12.855,0.038
2789.93201,12.75,0.038
2789.93423,12.688,0.039
2789.93644,12.657,0.04
2789.93867,12.727,0.04
2789.94089,12.694,0.04
2790.73919,12.68,0.037
2790.74891,12.643,0.032
2792.57524,11.952,0.038
2792.57746,11.943,0.038
2792.57968,11.997,0.037
2792.5819,11.962,0.037
2792.58411,11.946,0.037
2792.58633,11.983,0.037
2792.58855,11.947,0.038
2792.59076,11.898,0.038
2792.593,11.946,0.037
2792.59521,11.901,0.037
2792.59743,11.901,0.037
2792.60506,11.981,0.04
2792.60728,11.9,0.037
2792.60949,11.908,0.038
2792.61171,11.9,0.038
2792.61394,11.945,0.038
2792.61838,11.952,0.038
2792.6206,11.96,0.037
2792.62283,11.959,0.038
2792.62504,11.902,0.037
2792.62948,11.917,0.038
2792.63169,11.938,0.037
2792.63391,11.912,0.038
2792.63835,11.914,0.037
2792.64057,11.894,0.037
2792.64279,11.887,0.037
2792.64501,11.872,0.038
2792.64722,11.923,0.038
2792.64945,11.883,0.038
2792.65167,11.923,0.038
2792.65389,11.965,0.037
2792.6561,11.939,0.038
2792.65832,11.889,0.038
2792.66055,11.921,0.039
2792.66277,11.979,0.038
2792.66499,11.89,0.038
2792.6672,11.924,0.038
2792.67165,11.945,0.039
2792.67387,11.934,0.041
2793.57383,11.666,0.05
2793.57604,11.629,0.046
2793.57826,11.636,0.043
2793.58049,11.629,0.044
2793.5827,11.686,0.045
2793.58492,11.647,0.046
2793.58714,11.735,0.047
2793.5938,11.633,0.041
2793.59601,11.632,0.047
2793.59823,11.636,0.048
2793.60488,11.592,0.04
2793.6071,11.647,0.045
2793.60932,11.594,0.04
2793.61154,11.618,0.043
2793.61375,11.591,0.043
2793.61597,11.629,0.04
2793.6182,11.687,0.039
2793.62041,11.615,0.045
2793.62485,11.623,0.046
2793.89559,11.503,0.047
2793.89781,11.604,0.044
2793.90003,11.618,0.041
2793.90225,11.599,0.046
2793.90447,11.559,0.047
2793.90669,11.59,0.05
2793.9089,11.599,0.045
2793.91113,11.465,0.049
2794.73063,11.617,0.037
2796.56147,11.839,0.041
2796.56369,11.897,0.04
2796.56592,11.81,0.039
2796.56813,11.837,0.041
2796.57257,11.85,0.041
2796.57478,11.838,0.039
2796.577,11.826,0.04
2796.57923,11.895,0.04
2796.58144,11.929,0.04
2796.58366,11.842,0.04
2796.58588,11.92,0.039
2796.58809,11.888,0.04
2796.59031,11.91,0.04
2796.59254,11.893,0.04
2796.59476,11.831,0.04
2796.59698,11.813,0.039
2796.5992,11.817,0.039
2796.60143,11.861,0.039
2796.60364,11.874,0.04
2796.60586,11.886,0.04
2796.60808,11.847,0.039
2796.61029,11.816,0.04
2796.61251,12.308,0.04
2796.61474,12.014,0.039
2796.61696,11.955,0.04
2796.61917,11.885,0.039
2796.62139,11.848,0.039
2796.62361,11.84,0.039
2796.62584,11.826,0.039
2796.62805,11.913,0.039
2796.63027,11.898,0.04
2796.63249,11.839,0.039
2796.6347,11.838,0.039
2796.63693,11.904,0.04
2796.63916,11.898,0.04
2796.64137,11.801,0.04
2796.64359,11.863,0.041
2796.64581,11.826,0.041
2796.64804,11.888,0.041
2796.65026,11.867,0.04
2796.65248,11.897,0.041
2796.6547,11.868,0.041
2796.65691,11.849,0.04
2796.65914,11.823,0.041
2796.66136,11.815,0.04
2796.66357,11.818,0.039
2796.66579,11.828,0.041
2796.66801,11.871,0.04
2796.67023,11.883,0.039
2796.67245,11.84,0.041
2796.67467,11.882,0.041
2796.67689,11.853,0.04
2796.67911,11.766,0.04
2796.68133,11.796,0.04
2796.68355,11.811,0.04
2796.68577,11.842,0.04
2796.68799,11.802,0.041
2796.69021,11.892,0.04
2796.69244,11.867,0.038
2796.69466,11.864,0.038
2796.69688,11.891,0.038
2796.6991,11.877,0.038
2796.70131,11.835,0.037
2796.70354,11.874,0.039
2796.70576,11.805,0.037
2796.70797,11.851,0.038
2796.71019,11.883,0.037
2796.71463,11.829,0.037
2796.71685,11.844,0.038
2796.71907,11.866,0.038
2796.72129,11.843,0.038
2796.7235,11.922,0.037
2796.72573,11.914,0.037
2796.72795,11.883,0.037
2796.73017,11.878,0.037
2796.73238,11.862,0.038
2796.7346,11.824,0.037
2796.73683,11.898,0.037
2796.74126,11.863,0.037
2796.74348,11.868,0.038
2796.74569,11.877,0.037
2796.74791,11.844,0.037
2796.75014,11.827,0.037
2796.75235,11.795,0.038
2796.75457,11.872,0.037
2796.75679,11.907,0.037
2796.759,11.875,0.037
2796.76122,11.85,0.036
2796.76345,11.82,0.037
2796.76567,11.863,0.037
2796.76788,11.833,0.038
2796.7701,11.82,0.037
2796.77232,11.766,0.037
2796.77454,11.833,0.037
2796.77676,11.805,0.037
2796.77897,11.906,0.037
2796.78119,11.889,0.037
2796.78341,11.907,0.038
2796.78564,11.908,0.036
2796.78786,11.849,0.037
2796.79007,11.885,0.037
2796.79229,11.884,0.038
2796.7945,11.827,0.038
2796.79672,11.868,0.036
2796.79895,11.797,0.037
2796.80339,11.846,0.037
2796.80561,11.838,0.036
2796.80782,11.941,0.038
2796.81005,11.851,0.037
2796.81227,11.866,0.037
2796.81448,11.866,0.037
2796.8167,11.837,0.037
2796.81892,11.94,0.038
2796.82113,11.894,0.037
2796.82336,11.871,0.037
2796.82779,11.893,0.037
2796.83223,11.87,0.037
2796.83445,11.821,0.036
2796.83667,11.892,0.037
2796.83888,11.863,0.038
2797.56144,11.911,0.043
2797.56366,11.802,0.042
2797.56587,11.844,0.042
2797.5681,11.827,0.042
2797.57033,11.793,0.042
2797.57255,11.881,0.041
2797.57476,11.831,0.041
2797.57699,11.883,0.042
2797.58142,11.821,0.042
2797.58364,11.835,0.041
2797.58586,11.927,0.042
2797.58807,11.891,0.041
2797.5903,11.915,0.041
2797.59252,11.88,0.04
2797.59474,11.912,0.04
2797.59696,12,0.041
2797.59917,11.936,0.042
2802.8024,12.872,0.034
2808.74767,11.667,0.035
2810.65409,11.865,0.036
2811.84511,11.943,0.036
2812.61526,11.89,0.038
2812.68637,12.03,0.038
2813.73186,12.101,0.041
2820.60734,11.989,0.035
2820.70968,11.948,0.039
2820.76187,11.954,0.032
2821.71106,11.64,0.038
2826.76159,11.988,0.045
2834.67531,12.071,0.038
2836.60256,11.624,0.037
2838.80069,12.013,0.036
2840.84834,11.991,0.035
2845.78666,12.862,0.033
2851.62058,11.845,0.031
2853.74471,11.901,0.037
2855.52975,11.967,0.042
2861.77762,12.599,0.04
2863.50361,11.787,0.04
2865.77754,11.978,0.05
2867.64402,11.94,0.038
2872.55953,12.638,0.039
2874.72286,12.822,0.043
2875.59273,12.607,0.05
2877.58608,11.757,0.036
2879.58446,11.708,0.033
2882.61024,11.932,0.036
2884.57287,12.11,0.036
2893.59528,11.757,0.04
2894.70156,11.861,0.036
2896.64386,11.958,0.034
2898.62671,12.138,0.034
2900.62134,12.62,0.033
2904.60105,12.129,0.046
2906.60416,11.523,0.032
2909.6264,11.961,0.034
2911.57982,11.999,0.033
2916.49326,12.805,0.042
2917.59322,12.682,0.046
2921.59256,11.787,0.036
2923.58282,11.995,0.037
2926.58128,12.045,0.039
2928.58322,12.731,0.034
2930.57543,12.841,0.036
2932.5737,12.221,0.035
2936.56551,12.081,0.043
2943.53872,12.846,0.036
2947.50711,11.907,0.045
2949.52424,11.618,0.035
2951.508,11.978,0.045
2955.51321,12.436,0.035
2957.52429,13.045,0.035
3056.89196,13.015,0.034
3059.88951,11.869,0.039
3062.89332,11.827,0.049
3064.89387,11.84,0.04
3068.87556,12.579,0.035
3068.88852,12.733,0.039
3069.87528,12.97,0.038
3070.86353,12.898,0.043
3071.87463,12.684,0.044
3072.86736,12.33,0.036
3072.88338,12.425,0.039
3073.86587,11.843,0.038
3074.86981,11.672,0.039
3075.86557,11.572,0.039
3076.86226,11.855,0.035
3076.87574,11.841,0.039
3081.85971,12.3,0.04
3081.86226,12.295,0.036
3082.86015,12.654,0.04
3087.8326,12.054,0.042
3087.85348,12.081,0.045
3087.86356,11.879,0.038
3088.83342,11.698,0.041
3088.84674,11.676,0.049
3089.8468,11.535,0.038
3089.85464,11.524,0.038
3090.85103,11.71,0.039
3090.88771,11.735,0.035
3091.84207,11.881,0.038
3092.84294,11.972,0.04
3097.80811,12.78,0.034
3100.82434,12.434,0.043
3100.87379,12.439,0.038
3108.81253,11.987,0.034
3111.80335,12.942,0.039
3111.84581,13.112,0.038
3114.84107,12.558,0.033
3122.87704,12.087,0.034
3125.77046,12.921,0.035
3127.78217,12.854,0.041
3128.745,12.594,0.048
3129.85582,12.013,0.041
3131.84129,11.626,0.037
3144.81944,11.75,0.033
3152.86454,12.358,0.036
3154.74421,12.884,0.032
3162.77662,12.216,0.035
3164.80316,12.02,0.034
3170.74019,12.582,0.036
3176.77897,11.875,0.034
3179.66848,12.14,0.038
3184.67341,12.571,0.035
3189.71632,11.805,0.038
3191.82564,11.981,0.046
3266.48503,12.705,0.042
3266.56234,12.837,0.032
3266.5828,12.768,0.037
3273.52216,11.735,0.043
3274.501,11.855,0.035
3274.6065,11.988,0.043
3277.6077,12.046,0.045
3278.48849,12.175,0.045
3278.60675,12.266,0.043
3279.48554,12.503,0.041
3292.49033,12.16,0.047
3294.50145,12.649,0.046
3299.49862,11.741,0.033
3299.51757,11.723,0.041
3416.89194,11.983,0.041
3421.8888,12.973,0.041
3422.88625,12.617,0.042
3425.88078,11.923,0.043
3427.86931,11.556,0.039
3443.90281,11.876,0.037
3444.84556,11.895,0.039
3447.86017,12.359,0.04
3448.85937,12.587,0.032
3449.85633,12.728,0.039
3450.83649,12.82,0.043
3452.85351,12.512,0.039
3453.81769,11.932,0.043
3454.84232,11.765,0.039
3455.81518,11.598,0.049
3456.83478,11.791,0.047
3464.83326,12.718,0.044
3467.88871,12.006,0.04
3476.8459,12.56,0.042
3479.83208,12.784,0.047
3481.87149,12.058,0.043
3492.86898,12.835,0.041
3496.84339,11.757,0.038
3506.77808,12.833,0.041
3509.80029,12.123,0.038
3512.70351,11.663,0.039
3517.79667,12.184,0.043
3521.75375,13.009,0.043
3523.79254,12.26,0.041
3525.86237,11.563,0.042
3528.714,11.952,0.043
3538.73607,11.85,0.04
3540.73066,11.756,0.044
3550.71076,12.601,0.041
3555.74398,11.886,0.048
3572.8028,11.96,0.041
3574.79473,12.32,0.038
3576.79222,12.976,0.037
3582.81539,11.682,0.04
3585.55752,11.918,0.041
3587.59618,12.022,0.041
3589.60696,12.614,0.043
3594.53425,11.921,0.045
3602.56963,12.168,0.042
3604.57613,12.71,0.043
3609.52098,11.702,0.041
3616.64847,12.207,0.044
3621.61087,12.577,0.045
3628.52795,11.897,0.038
3630.59502,12.133,0.041
3632.60332,12.814,0.039
3634.50818,13.015,0.039
3634.51058,12.946,0.042
3634.51305,12.866,0.038
3634.51559,12.851,0.036
3634.51809,12.863,0.039
3634.52061,12.712,0.038
3634.52463,12.684,0.036
3634.52792,12.868,0.043
3634.53045,12.784,0.04
3634.53295,12.758,0.04
3634.53546,12.843,0.04
3634.53796,12.788,0.039
3634.54038,12.79,0.044
3634.5429,12.927,0.04
3634.54948,12.807,0.037
3634.55533,12.775,0.037
3634.56066,12.852,0.036
3634.56665,12.795,0.048
3634.58091,12.763,0.035
3634.63686,12.757,0.041
3637.63976,11.731,0.043
3641.59952,11.909,0.04
3644.52734,12.234,0.047
3648.52864,12.75,0.04
3660.52413,12.662,0.04
3664.56289,12.096,0.038
3668.54381,11.842,0.04
3671.53042,11.984,0.037
3792.87957,11.573,0.044
3796.88279,11.954,0.038
3800.8848,12.549,0.039
3808.86899,11.812,0.043
3812.86141,12.138,0.04
3817.76397,12.779,0.045
3817.79346,12.637,0.047
3817.82384,12.739,0.045
3817.85291,12.643,0.043
3817.88154,12.774,0.049
3817.9094,12.675,0.05
3818.75047,12.506,0.046
3818.78028,12.408,0.045
3818.83776,12.451,0.051
3818.86603,12.558,0.057
3818.89487,12.391,0.048
3822.88818,11.842,0.041
3826.85843,11.986,0.04
3830.85846,12.746,0.041
3834.71365,11.687,0.04
3834.74568,11.698,0.041
3834.80423,11.655,0.039
3834.85781,11.635,0.045
3834.88452,11.655,0.043
3834.91312,11.676,0.041
3835.73611,11.553,0.042
3835.76231,11.493,0.041
3835.80346,11.603,0.043
3835.83509,11.468,0.04
3835.86593,11.544,0.046
3835.92135,12.021,0.04
3836.71621,11.731,0.044
3836.80535,11.752,0.041
3836.83362,11.719,0.041
3836.86436,11.748,0.04
3836.89319,11.815,0.04
3836.91959,11.823,0.047
3837.69317,11.979,0.044
3837.72456,11.92,0.043
3837.75258,11.902,0.044
3837.78116,11.893,0.043
3837.80826,11.903,0.041
3837.835,11.886,0.04
3851.82039,11.877,0.048
3859.84605,12.804,0.044
3868.79894,11.873,0.045
3874.76669,12.456,0.046
3880.77042,11.88,0.038
3887.75066,12.724,0.045
3889.79122,12.097,0.039
3891.77329,11.549,0.038
3893.7552,11.866,0.037
3896.75387,12.076,0.047
3900.75057,12.792,0.043
3902.75193,12.616,0.044
3904.78114,11.76,0.042
3906.79404,11.7,0.042
3912.79404,12.386,0.041
4162.87102,11.87,0.045
4179.86089,12.406,0.038
4185.87868,11.852,0.039
4189.86264,11.947,0.039
4192.84177,12.145,0.037
4196.88042,12.768,0.043
4202.88399,11.866,0.041
4205.86148,11.923,0.039
4213.88427,11.918,0.05
4228.84957,11.545,0.039
4230.83117,11.79,0.037
4232.90397,11.875,0.037
4238.7662,12.777,0.042
4247.7425,11.873,0.037
4256.77667,11.663,0.037
4258.83445,11.782,0.037
4269.7754,12.002,0.04
4273.68671,11.864,0.036
4278.68979,12.44,0.035
4283.71132,12.158,0.043
4285.70504,11.453,0.041
4289.70115,11.925,0.036
4291.70183,12.155,0.039
4293.68852,12.749,0.036
4295.70249,12.827,0.039
4297.69366,12.2,0.039
4299.66968,11.493,0.04
4301.64282,11.871,0.038
4303.6492,11.879,0.038
4305.62651,12.084,0.036
4312.62428,11.901,0.045
4315.63031,11.836,0.038
4317.68238,11.895,0.04
4329.65418,11.939,0.04
4331.58408,11.854,0.042
4332.75109,12.038,0.043
4338.54827,12.565,0.041
4340.59239,11.879,0.039
4342.59348,11.932,0.039
4344.59048,11.948,0.042
4346.59295,11.934,0.037
4348.59461,12.533,0.039
4350.59469,12.837,0.041
4352.60203,12.636,0.035
4354.70033,11.946,0.037
4359.49785,11.93,0.036
4365.51269,12.764,0.038
4367.65978,12.397,0.042
4375.58247,12.626,0.036
4379.6284,12.932,0.041
4382.54459,11.981,0.036
4384.57538,11.558,0.037
4386.60446,11.909,0.035
4393.51277,12.808,0.04
4402.50244,11.96,0.042
4407.53592,12.938,0.038
4411.52242,11.728,0.04
4520.87889,12.963,0.039
4524.89108,11.506,0.038
4530.8787,12.051,0.045
4537.87502,11.842,0.035
4541.86912,11.885,0.038
4545.85816,12.414,0.047
4548.87673,12.811,0.04
4557.85847,11.992,0.036
4560.87954,12.657,0.036
4567.8529,11.662,0.04
4570.84943,11.911,0.039
4573.81727,12.329,0.037
4575.87882,12.939,0.039
4578.85901,12.393,0.04
4585.82739,12.034,0.042
4588.81056,12.636,0.039
4591.80158,12.568,0.04
4593.85195,11.842,0.036
4596.78945,11.909,0.037
4599.78049,11.962,0.039
4601.77878,12.295,0.038
4606.80276,12.473,0.041
4611.80219,11.901,0.039
4615.85621,12.214,0.041
4617.75885,12.722,0.04
4623.80387,11.514,0.04
4627.78306,11.923,0.038
4631.75618,12.797,0.037
4633.72851,12.967,0.039
4638.79516,11.805,0.04
4640.76669,11.922,0.04
4642.75335,12.031,0.039
4644.77413,12.492,0.043
4649.64881,12.154,0.045
4651.69436,11.624,0.041
4653.69413,11.89,0.036
4655.67158,11.953,0.036
4657.70642,12.196,0.04
4660.67167,12.754,0.035
4665.67916,11.521,0.039
4667.69382,11.883,0.037
4672.76634,12.62,0.037
4675.77388,12.793,0.034
4678.79049,11.617,0.041
4681.70246,11.862,0.043
4683.75304,11.852,0.041
4685.67267,12.139,0.041
4687.65248,12.863,0.038
4693.57918,11.547,0.04
4697.57877,11.895,0.037
4701.58544,12.741,0.038
4703.59059,12.761,0.042
4705.62163,12.244,0.04
4707.6989,11.582,0.043
4720.58777,11.787,0.042
4722.62524,11.697,0.043
4728.59671,12.384,0.044
4730.63629,12.873,0.046
4733.6386,12.184,0.044
4738.52676,11.797,0.038
4741.51669,12.062,0.043
4765.53605,11.715,0.041
4775.52455,12.411,0.042
4886.88878,12.63,0.046
4905.89115,11.747,0.05
4916.88603,12.084,0.049
4927.91139,13.058,0.046
4969.75828,12.837,0.051
4988.75646,11.559,0.049
5014.68471,12.401,0.048
5031.65187,11.538,0.048
5042.61106,12.579,0.05
5075.55911,11.918,0.048
5087.60199,11.58,0.05
5089.6684,11.855,0.049
5092.56508,11.912,0.051
