1954.89573,12.351,0.053
1955.87543,12.264,0.045
1962.85962,12.376,0.051
1964.86713,12.388,0.048
1966.8618,12.478,0.05
1978.84381,12.584,0.054
1979.8687,12.652,0.052
1980.89656,12.441,0.051
1981.87619,12.661,0.048
1982.81664,12.587,0.055
1984.82294,12.498,0.048
1994.80649,12.365,0.051
1995.86885,12.328,0.062
1997.79323,12.409,0.057
1999.81729,12.568,0.062
2008.74284,12.241,0.058
2016.77141,12.513,0.052
2025.80232,12.578,0.059
2026.83408,12.565,0.071
2027.79955,12.612,0.068
2030.7888,12.728,0.058
2031.79774,12.668,0.063
2032.78704,12.577,0.057
2033.77594,12.688,0.056
2037.74626,12.703,0.062
2039.78435,12.545,0.076
2052.73585,12.487,0.074
2054.74793,12.442,0.08
2055.73216,12.4,0.073
2056.73552,12.349,0.074
2057.73142,12.547,0.074
2058.73273,12.48,0.076
2061.7258,12.299,0.075
2064.80555,12.446,0.081
2065.70476,12.333,0.066
2069.7702,12.387,0.078
2070.71751,12.39,0.076
2080.6214,12.327,0.077
2081.67363,12.195,0.074
2085.66467,12.173,0.062
2086.67676,12.25,0.068
2087.66345,12.147,0.076
2088.65771,12.229,0.074
2093.58078,12.313,0.071
2096.69675,12.397,0.068
2102.61958,12.414,0.063
2103.63033,12.413,0.061
2104.63865,12.568,0.057
2105.63056,12.476,0.064
2106.63151,12.569,0.061
2109.6287,12.575,0.054
2114.77272,12.598,0.058
2115.62264,12.615,0.053
2116.60593,12.609,0.06
2117.59585,12.692,0.065
2124.56591,12.612,0.064
2125.58104,12.685,0.062
2128.58257,12.671,0.062
2129.5816,12.633,0.066
2130.58849,12.602,0.06
2131.57425,12.601,0.068
2132.58457,12.659,0.062
2133.57652,12.67,0.056
2134.57945,12.67,0.066
2135.57792,12.745,0.065
2136.57519,12.624,0.059
2140.55281,12.594,0.082
2141.56672,12.632,0.064
2142.56097,12.532,0.067
2143.55681,12.514,0.064
2144.52044,12.534,0.066
2144.55241,12.504,0.066
2145.54794,12.53,0.062
2151.54198,12.453,0.057
2156.49992,12.45,0.051
2164.49057,12.394,0.043
2164.4921,12.48,0.047
2168.52795,12.611,0.051
2171.50234,12.425,0.054
2173.53158,12.447,0.041
2179.4855,12.627,0.052
2180.52232,12.65,0.057
2183.4884,12.708,0.057
2184.52458,12.861,0.063
2187.48361,12.718,0.042
2188.50271,12.763,0.054
2190.51486,12.808,0.041
2191.50958,12.767,0.066
2193.50848,12.644,0.051
2194.51258,12.785,0.067
2196.51498,12.629,0.056
2199.50398,12.615,0.056
2206.49568,12.382,0.051
2213.51687,12.327,0.071
2440.68987,12.352,0.034
2441.69001,12.452,0.041
2442.66061,12.453,0.043
2442.68193,12.485,0.038
2443.67929,12.378,0.04
2444.66099,12.317,0.039
2446.66375,12.257,0.038
2446.68392,12.214,0.041
2452.63222,12.207,0.047
2463.63359,11.959,0.043
2465.63834,11.99,0.036
2467.63492,11.989,0.034
2468.62958,11.966,0.034
2470.5787,12.028,0.033
2473.59839,12.088,0.037
2474.6267,11.975,0.039
2474.64981,12.053,0.054
2481.56738,12.095,0.06
2481.58463,12.18,0.049
2482.62804,12.152,0.042
2486.56657,12.185,0.052
2486.58952,12.246,0.045
2490.60872,12.207,0.045
2491.59011,12.225,0.051
2493.58772,12.105,0.037
2494.58857,12.26,0.05
2497.58295,12.155,0.038
2498.57338,12.266,0.036
2499.5715,12.251,0.043
2500.54802,12.126,0.046
2501.57293,12.297,0.037
2502.582,12.166,0.043
2508.59423,12.25,0.043
2510.52546,12.236,0.067
2511.61358,12.138,0.043
2519.66611,12.011,0.046
2520.66399,11.984,0.058
2521.67577,11.911,0.044
2526.64629,11.903,0.058
2535.58933,11.873,0.054
2540.64502,11.924,0.048
2544.64141,11.887,0.047
2546.5634,11.924,0.05
2548.55011,11.909,0.05
2552.57351,12.068,0.051
2560.50342,12.078,0.052
2560.59198,12.102,0.047
2561.59012,12.119,0.051
2562.5599,12.193,0.057
2564.53972,12.155,0.048
2565.54104,12.356,0.057
2565.58151,12.27,0.053
2566.5579,12.349,0.06
2578.512,12.583,0.047
2683.88265,12.426,0.045
2686.88494,12.349,0.043
2689.88959,12.37,0.043
2694.85913,12.291,0.046
2698.87118,12.356,0.046
2701.86426,12.337,0.045
2704.86119,12.459,0.043
2707.8546,12.444,0.049
2709.88892,12.326,0.044
2712.83417,12.273,0.043
2719.85805,12.293,0.046
2721.86614,12.264,0.048
2725.80813,12.321,0.046
2727.85027,12.28,0.045
2729.84894,12.283,0.041
2732.87077,12.341,0.043
2735.80815,12.397,0.044
2737.84285,12.292,0.042
2739.85147,12.387,0.04
2741.85442,12.34,0.04
2743.83724,12.284,0.042
2747.86759,12.269,0.048
2747.89152,12.585,0.052
2755.78135,12.298,0.04
2759.87832,12.236,0.047
2761.79677,12.167,0.04
2763.78661,12.135,0.04
2768.82735,12.134,0.043
2768.84755,12.1,0.042
2770.83255,12.079,0.04
2775.84319,12.172,0.049
2783.67269,12.223,0.041
2786.73126,12.24,0.041
2790.74101,12.303,0.04
2791.68541,12.29,0.045
2808.84211,12.669,0.049
2808.84429,12.608,0.042
2810.65911,12.667,0.042
2811.84706,12.615,0.046
2813.71562,12.66,0.053
2813.73381,12.599,0.047
2820.87521,12.72,0.039
2829.6415,12.323,0.052
2830.73606,12.58,0.037
2834.68183,12.659,0.038
2836.60914,12.388,0.039
2838.80497,12.38,0.04
2840.83349,12.173,0.047
2840.85262,12.481,0.039
2845.77605,12.313,0.035
2845.8004,12.383,0.035
2851.77529,12.235,0.042
2851.8338,12.295,0.037
2854.55072,12.212,0.035
2854.55799,12.164,0.032
2856.81348,12.303,0.036
2861.601,12.071,0.037
2867.74305,12.123,0.048
2872.65161,12.189,0.043
2872.69277,12.232,0.042
2875.6608,12.704,0.047
2875.69691,12.363,0.043
2877.64745,12.399,0.05
2877.6694,12.398,0.046
2879.65696,12.334,0.051
2879.68873,12.346,0.044
2884.63232,12.44,0.049
2884.66307,12.655,0.047
2888.53679,12.444,0.049
2888.72531,12.39,0.043
2892.67652,12.38,0.054
2893.5599,12.418,0.048
2894.67331,12.336,0.044
2896.60962,12.283,0.049
2896.63443,12.386,0.045
2898.59726,12.362,0.051
2898.61729,12.366,0.045
2900.59203,12.336,0.052
2900.60947,12.377,0.046
2904.57903,12.328,0.052
2904.59648,12.398,0.048
2906.57964,12.232,0.048
2906.59961,12.334,0.044
2909.58141,12.255,0.049
2909.62184,12.363,0.044
2911.55295,12.282,0.05
2911.57532,12.351,0.045
2915.53857,12.354,0.049
2916.50546,12.322,0.043
2917.56414,12.296,0.047
2917.59788,12.237,0.045
2921.5631,12.187,0.047
2921.59511,12.245,0.042
2923.58512,12.309,0.047
2926.56158,12.24,0.058
2926.58359,12.196,0.041
2928.56286,12.226,0.049
2928.58553,12.189,0.045
2930.55989,12.088,0.05
2930.57787,12.099,0.045
2932.55819,12.247,0.051
2932.57614,12.192,0.045
2934.55528,12.185,0.048
2934.57258,12.134,0.044
2943.51442,12.205,0.051
2943.51963,12.053,0.046
2945.5347,12.154,0.05
2945.53998,12.227,0.049
2949.52127,12.264,0.047
2951.51628,12.398,0.044
2954.51995,12.416,0.043
2955.51043,12.363,0.055
2959.52158,12.479,0.05
3060.88092,12.249,0.043
3064.88138,12.32,0.043
3076.86486,12.339,0.045
3087.85092,12.192,0.043
3090.88287,12.066,0.044
3093.88696,12.097,0.045
3097.81061,12.071,0.043
3100.83776,12.113,0.045
3100.86075,12.304,0.043
3103.86791,12.205,0.044
3108.81496,12.192,0.042
3109.82591,12.211,0.047
3111.84317,12.203,0.043
3114.83354,12.316,0.041
3118.84594,12.271,0.041
3122.82477,12.386,0.045
3122.88728,12.299,0.043
3125.76771,12.276,0.043
3127.78863,12.394,0.046
3129.8582,12.43,0.046
3134.85012,12.365,0.037
3144.74989,12.456,0.043
3144.82403,12.54,0.04
3153.87862,12.37,0.048
3153.92309,12.446,0.043
3156.74775,12.336,0.044
3158.80338,12.327,0.042
3162.69545,12.349,0.047
3162.78372,12.21,0.044
3164.81026,12.236,0.044
3170.75501,12.124,0.041
3173.70169,12.132,0.049
3175.85644,12.036,0.048
3176.72905,12.045,0.044
3179.67071,11.957,0.042
3180.75772,12.001,0.049
3182.68334,12.03,0.042
3183.73998,11.963,0.047
3184.66799,11.982,0.042
3185.69137,11.984,0.045
3189.70332,12.046,0.042
3191.79871,12.119,0.049
3191.82015,12.163,0.049
3278.62655,12.483,0.048
3298.52895,12.567,0.044
3418.88679,12.323,0.054
3422.88149,12.487,0.055
3426.87819,12.349,0.05
3430.87222,12.307,0.046
3443.90035,12.352,0.063
3447.85773,12.206,0.061
3450.88081,12.312,0.055
3453.8438,12.165,0.06
3456.86593,12.237,0.046
3459.87434,12.131,0.061
3463.8547,12.224,0.049
3466.87729,12.21,0.065
3470.8306,12.289,0.044
3473.85726,12.201,0.05
3476.84915,12.228,0.076
3479.83901,12.544,0.081
3487.84335,12.188,0.052
3490.88071,12.181,0.053
3499.80426,12.154,0.071
3504.83995,12.255,0.062
3508.87162,12.109,0.04
3511.7692,12.026,0.042
3517.8074,12.084,0.049
3523.80973,12.07,0.056
3526.71739,12.1,0.064
3528.77547,12.087,0.06
3538.7417,11.909,0.045
3544.73234,11.827,0.05
3547.78385,11.952,0.054
3551.77204,12.022,0.061
3556.63743,12.045,0.053
3559.71082,12.096,0.079
3561.75086,12.18,0.048
3563.68578,12.325,0.048
3572.80488,12.583,0.041
3574.82226,12.421,0.044
3576.81566,12.574,0.046
3583.71434,12.483,0.056
3585.74965,12.545,0.055
3587.77865,12.389,0.052
3590.59055,12.363,0.053
3592.60037,12.33,0.063
3599.66108,12.352,0.042
3601.69824,12.387,0.047
3603.71202,12.218,0.043
3607.54859,12.274,0.046
3617.60173,12.314,0.048
3619.69415,12.329,0.065
3619.69738,12.375,0.048
3622.52128,12.394,0.057
3630.63811,12.225,0.057
3632.64212,12.216,0.045
3633.6364,12.315,0.05
3634.67851,12.076,0.073
3637.6757,12.258,0.045
3641.60796,12.376,0.05
3642.61581,12.271,0.043
3643.66059,12.324,0.047
3646.56649,12.376,0.044
3647.57137,12.327,0.037
3654.50699,12.405,0.052
3654.51361,12.435,0.057
3656.55541,12.402,0.048
3656.55878,12.346,0.048
3658.60413,12.303,0.052
3661.52313,12.412,0.048
3663.53296,12.324,0.043
3665.56335,12.501,0.049
3666.5579,12.337,0.058
3669.55346,12.235,0.041
3671.58469,12.222,0.043
3673.51558,12.227,0.052
3676.51268,12.185,0.049
3677.55153,12.665,0.049
3792.87092,12.811,0.045
3792.87358,12.681,0.057
3796.8804,12.814,0.049
3800.88235,12.846,0.069
3804.85918,12.9,0.059
3808.85718,12.692,0.08
3808.86638,12.568,0.055
3812.85572,12.73,0.083
3819.84993,12.406,0.068
3822.87982,12.364,0.078
3826.84852,12.224,0.078
3826.85598,12.275,0.059
3830.84658,12.295,0.051
3833.90686,12.266,0.048
3836.88738,12.191,0.064
3848.87235,12.269,0.063
3851.8316,12.396,0.062
3859.85949,12.554,0.053
3862.78375,12.545,0.058
3864.78258,12.598,0.052
3866.80858,12.638,0.046
3872.90703,12.834,0.049
3882.7455,12.706,0.062
3886.87425,12.788,0.046
3889.78497,12.823,0.038
3891.76948,12.8,0.041
3893.76897,12.654,0.04
3896.76215,12.713,0.052
3896.77115,12.746,0.055
3900.76798,12.728,0.062
3902.76752,12.647,0.043
3904.79412,12.665,0.064
3906.84371,12.739,0.057
3909.71613,12.702,0.061
3913.72155,12.641,0.052
4142.89018,12.265,0.04
4153.88324,12.361,0.054
4157.88011,12.24,0.047
4161.87209,12.267,0.077
4165.86929,12.432,0.047
4177.89848,12.657,0.069
4178.8974,12.355,0.057
4181.86359,12.495,0.055
4182.84391,12.506,0.05
4185.87212,12.654,0.042
4189.84296,12.538,0.044
4189.85277,12.406,0.039
4192.83933,12.562,0.055
4196.85916,12.626,0.049
4196.87385,12.66,0.052
4202.89046,12.689,0.038
4202.91168,12.667,0.05
4205.85324,12.677,0.04
4205.86453,12.624,0.048
4213.90161,12.552,0.04
4215.83435,12.49,0.041
4228.85511,11.943,0.039
4230.82784,11.792,0.037
4230.8397,11.83,0.041
4232.9014,11.775,0.048
4232.92404,11.742,0.041
4235.77649,11.685,0.037
4235.77867,11.681,0.053
4238.76365,11.605,0.043
4238.76825,11.64,0.049
4245.76377,11.574,0.048
4246.73128,11.633,0.039
4247.74473,11.691,0.033
4250.74844,11.703,0.039
4255.78335,11.861,0.042
4258.70608,11.98,0.039
4258.72149,12.008,0.037
4272.67877,12.419,0.039
4274.7282,12.49,0.038
4277.69086,12.507,0.04
4282.71469,12.586,0.046
4284.71486,12.493,0.044
4290.70667,12.585,0.034
4292.68177,12.576,0.038
4296.68347,12.664,0.044
4298.68951,12.618,0.041
4300.66182,12.575,0.05
4302.70495,12.585,0.04
4304.64744,12.445,0.041
4304.84336,12.537,0.043
4306.63268,12.291,0.045
4310.63411,12.246,0.039
4312.63194,12.123,0.045
4315.63801,11.963,0.038
4317.70099,11.93,0.053
4330.58348,11.93,0.043
4330.75336,11.982,0.05
4332.58272,11.97,0.043
4339.68234,12.06,0.04
4341.69323,12.141,0.047
4343.69408,12.177,0.059
4345.69648,12.234,0.063
4347.69483,12.305,0.056
4349.69007,12.36,0.065
4351.70971,12.323,0.05
4354.6078,12.328,0.041
4356.63056,12.396,0.04
4358.66277,12.47,0.041
4365.51518,12.495,0.038
4367.66231,12.486,0.041
4372.55542,12.517,0.049
4375.58506,12.408,0.042
4377.61182,12.274,0.067
4379.64411,12.264,0.061
4381.63917,12.298,0.056
4384.54187,12.105,0.04
4386.56978,12.067,0.035
4388.55507,12.02,0.038
4392.51818,12.006,0.048
4402.54777,12.101,0.047
4407.55113,12.275,0.042
4410.55453,12.361,0.044
4508.88983,12.881,0.042
4519.88113,12.634,0.052
4519.89289,12.764,0.047
4523.88206,12.579,0.043
4523.89137,12.657,0.044
4530.86898,12.546,0.041
4533.89044,12.627,0.044
4537.86172,12.564,0.033
4540.88933,12.396,0.046
4541.85895,12.492,0.044
4548.84918,12.48,0.036
4548.85491,12.355,0.045
4552.85276,12.505,0.052
4552.85527,12.504,0.046
4557.83911,12.379,0.052
4557.85599,12.415,0.036
4560.86886,12.349,0.05
4560.87692,12.361,0.035
4563.88826,12.322,0.044
4563.89086,12.261,0.041
4566.90311,12.278,0.043
4567.82435,12.237,0.04
4570.8713,12.167,0.045
4572.84014,12.153,0.034
4573.81951,12.202,0.054
4575.81865,12.167,0.059
4576.80904,12.152,0.05
4583.87945,12.243,0.035
4583.88176,12.274,0.039
4587.77732,12.298,0.043
4589.86723,12.353,0.04
4590.79461,12.324,0.045
4592.80656,12.388,0.036
4593.79543,12.447,0.046
4595.7917,12.44,0.036
4602.79307,12.536,0.038
4602.79546,12.341,0.056
4606.81989,12.358,0.048
4610.81274,12.486,0.042
4611.80695,12.372,0.037
4616.89522,12.376,0.046
4617.75307,12.46,0.036
4623.70312,12.375,0.044
4623.79603,12.368,0.036
4627.75178,12.26,0.045
4627.76962,12.268,0.041
4629.73803,12.391,0.033
4629.75291,12.287,0.04
4631.74504,12.311,0.034
4631.76559,12.292,0.04
4633.74975,12.255,0.045
4638.88631,12.207,0.047
4640.71716,12.199,0.033
4641.66907,12.246,0.039
4642.71512,12.216,0.038
4643.71894,12.297,0.042
4645.7238,12.242,0.046
4646.83344,12.186,0.068
4647.76469,12.145,0.042
4649.65109,12.087,0.05
4649.7934,12.301,0.047
4651.89466,12.165,0.045
4653.68458,12.098,0.035
4654.63896,12.17,0.042
4655.67829,12.172,0.036
4656.67802,12.28,0.046
4658.72418,12.308,0.046
4660.67394,12.194,0.042
4661.61854,12.227,0.049
4667.68519,12.418,0.039
4670.73593,12.541,0.051
4672.75216,12.472,0.048
4672.76343,12.741,0.049
4675.77093,12.497,0.052
4681.68834,12.526,0.054
4681.69321,12.508,0.056
4683.68499,12.702,0.056
4683.73914,12.6,0.042
4685.66411,12.481,0.059
4685.66984,12.601,0.048
4687.6488,12.428,0.05
4693.56468,12.381,0.043
4697.59988,12.218,0.035
4701.59846,12.183,0.038
4705.63649,12.262,0.045
4708.59222,11.961,0.053
4710.60912,12.008,0.046
4721.6013,11.939,0.057
4724.64151,12.062,0.063
4729.64817,12.051,0.06
4733.53653,12.108,0.045
4736.61865,12.293,0.045
4739.61105,12.082,0.047
4747.52526,12.3,0.069
4752.61148,13.004,0.057
4755.53411,12.704,0.075
4757.57776,13.062,0.071
4760.55621,12.548,0.058
4763.55306,12.518,0.069
4766.53841,12.369,0.072
4769.53196,12.779,0.068
4774.51268,12.227,0.069
4776.55042,12.212,0.067
4779.54678,12.265,0.076
4784.518,12.142,0.067
4787.51778,12.159,0.056
4879.89394,11.949,0.048
4884.88906,12.025,0.047
4884.8925,12.069,0.055
4888.87861,12.223,0.055
4892.88025,12.261,0.044
4892.88296,12.26,0.068
4905.87167,12.475,0.064
4916.86754,12.432,0.051
4916.87951,12.385,0.048
4920.84507,12.35,0.067
4927.90113,12.28,0.076
4931.83732,12.135,0.057
4938.90742,12.178,0.055
4938.91487,12.001,0.062
4947.82485,12.232,0.05
4947.83056,12.119,0.055
4955.82061,12.291,0.057
4961.75809,12.209,0.056
4967.87163,12.067,0.047
4968.76695,12.056,0.055
4974.75898,12.151,0.059
4985.72425,12.173,0.057
4987.73516,12.184,0.056
4989.74832,12.3,0.052
4992.81557,12.25,0.054
5006.8361,12.409,0.057
5009.71644,12.411,0.056
5012.7583,12.428,0.061
5014.69692,12.376,0.041
5014.7067,12.454,0.048
5021.84382,12.3,0.053
5037.64617,12.276,0.053
5039.6301,12.265,0.046
5041.62272,12.293,0.047
5047.7541,12.143,0.049
5049.7648,12.252,0.053
5057.63993,12.401,0.052
5063.65215,12.486,0.052
5070.71801,12.36,0.077
5083.63713,12.032,0.049
5087.66694,12.05,0.052
5092.63153,11.962,0.056
5104.60468,12.018,0.045
5111.61644,12.074,0.06
