1962.88065,7.701,0.044
1964.88412,7.298,0.04
1966.87776,7.498,0.04
1978.86684,7.795,0.046
1979.90541,7.656,0.048
1981.84373,7.438,0.045
1982.84494,7.604,0.046
2025.80926,8.385,0.044
2026.83877,8.077,0.048
2027.802,7.93,0.049
2030.79349,7.969,0.045
2031.80021,7.718,0.046
2032.78955,7.567,0.042
2033.78297,8.109,0.042
2037.75838,8.045,0.056
2051.8023,7.898,0.054
2053.70037,7.828,0.04
2055.73702,7.817,0.055
2057.73407,7.908,0.05
2058.7354,7.851,0.047
2061.7285,7.944,0.051
2070.76241,8.024,0.053
2080.62645,8.249,0.052
2081.67863,7.8,0.05
2082.68979,7.832,0.053
2085.66745,7.85,0.044
2086.68208,7.813,0.054
2087.66623,7.874,0.054
2102.62238,7.829,0.049
2103.63312,7.655,0.05
2104.63695,7.534,0.049
2105.62885,7.611,0.045
2106.62753,7.714,0.048
2109.62473,7.211,0.043
2115.5835,7.429,0.046
2116.59749,7.57,0.042
2117.59415,7.749,0.045
2125.58829,7.729,0.052
2128.57858,7.862,0.046
2129.57759,7.594,0.048
2130.58445,7.278,0.043
2131.57023,7.917,0.048
2132.57835,7.959,0.048
2133.57246,7.825,0.047
2134.5754,7.637,0.043
2135.57161,7.537,0.046
2136.56892,7.437,0.043
2140.5443,7.874,0.044
2141.56267,7.442,0.041
2142.55691,8.001,0.051
2143.5505,7.838,0.049
2144.54834,7.86,0.044
2145.54383,7.701,0.052
2156.5091,7.972,0.051
2167.48736,8.019,0.053
2171.48867,7.844,0.051
2173.54073,8.05,0.046
2179.4811,8.065,0.054
2184.51864,8.4,0.049
2188.49903,8.055,0.041
2191.51275,7.981,0.044
2194.51573,7.845,0.045
2198.49904,8.109,0.046
2206.50243,7.971,0.045
2441.69276,7.627,0.041
2442.68691,7.803,0.031
2443.68207,7.748,0.03
2444.68398,7.159,0.032
2446.68669,7.606,0.033
2464.63745,7.475,0.034
2466.6339,7.467,0.033
2467.63774,7.669,0.032
2468.63237,7.833,0.033
2470.58376,7.161,0.041
2473.60119,7.785,0.038
2474.64577,7.724,0.035
2481.5874,7.327,0.045
2482.62402,7.574,0.043
2486.5878,7.285,0.045
2489.59073,7.853,0.035
2490.62554,7.318,0.04
2491.58385,7.263,0.042
2493.57912,7.69,0.038
2494.58234,7.844,0.043
2495.58397,7.456,0.043
2497.57672,7.467,0.037
2498.5671,7.659,0.038
2499.56518,7.822,0.038
2501.56438,7.162,0.039
2508.53018,7.609,0.046
2511.56604,7.145,0.056
2512.62371,7.354,0.051
2519.63767,7.743,0.035
2520.63036,7.862,0.034
2521.63995,7.255,0.034
2524.59703,7.713,0.042
2526.63493,7.475,0.041
2535.59654,7.829,0.038
2543.48359,7.352,0.037
2543.52295,7.338,0.039
2545.50282,7.767,0.035
2545.50554,7.747,0.033
2545.51748,7.746,0.033
2545.52444,7.738,0.032
2545.53127,7.745,0.033
2545.53813,7.751,0.033
2545.54498,7.756,0.033
2545.55878,7.753,0.034
2545.5656,7.757,0.032
2545.57253,7.762,0.034
2545.57944,7.764,0.035
2545.58654,7.758,0.033
2545.59349,7.772,0.034
2545.60035,7.779,0.039
2545.60716,7.769,0.036
2545.61424,7.774,0.038
2546.51507,7.815,0.049
2546.5269,7.817,0.038
2546.53862,7.818,0.037
2546.55021,7.803,0.037
2546.56173,7.805,0.041
2546.57322,7.8,0.039
2546.58269,7.816,0.041
2546.59222,7.777,0.049
2546.6018,7.785,0.054
2546.61145,7.793,0.056
2547.48522,7.227,0.041
2547.49714,7.197,0.038
2547.50881,7.183,0.036
2547.52043,7.247,0.036
2547.53201,7.156,0.035
2547.54351,7.171,0.037
2547.55513,7.235,0.041
2548.48495,7.303,0.055
2548.49698,7.307,0.033
2548.5088,7.311,0.034
2548.52066,7.304,0.034
2548.53224,7.326,0.033
2548.54375,7.332,0.035
2548.55528,7.333,0.036
2548.56729,7.319,0.034
2548.57633,7.349,0.037
2548.57906,7.327,0.036
2548.59079,7.346,0.035
2548.60309,7.338,0.039
2549.48527,7.795,0.029
2549.52052,7.556,0.03
2549.53201,7.564,0.029
2549.54343,7.573,0.029
2549.55504,7.562,0.028
2549.56658,7.555,0.029
2549.5781,7.58,0.031
2552.48615,7.261,0.045
2552.50259,7.247,0.043
2552.51875,7.241,0.043
2552.53473,7.241,0.043
2552.5509,7.21,0.043
2552.56719,7.244,0.044
2552.5805,7.251,0.046
2552.58324,7.206,0.043
2552.59002,7.2,0.044
2553.4867,7.294,0.039
2553.49858,7.271,0.038
2553.55949,7.336,0.034
2553.56692,7.355,0.034
2553.57444,7.291,0.039
2553.58194,7.311,0.038
2553.58944,7.298,0.037
2554.4869,7.54,0.053
2554.5901,7.541,0.045
2561.49761,7.836,0.036
2562.5033,7.538,0.038
2562.51941,7.528,0.041
2562.52662,7.517,0.039
2562.53344,7.517,0.038
2562.54289,7.505,0.044
2562.54696,7.511,0.041
2562.54968,7.494,0.04
2562.55642,7.497,0.046
2562.56339,7.485,0.04
2563.49729,7.18,0.036
2563.52218,7.193,0.038
2563.53399,7.194,0.039
2563.54336,7.205,0.037
2563.55019,7.2,0.038
2563.56388,7.204,0.038
2564.49046,7.435,0.044
2564.50289,7.436,0.04
2564.51418,7.431,0.039
2564.52587,7.441,0.041
2564.53788,7.44,0.04
2564.54732,7.445,0.04
2564.55422,7.453,0.039
2564.56114,7.447,0.039
2565.49089,7.636,0.039
2565.50257,7.632,0.037
2565.51417,7.649,0.037
2565.52574,7.65,0.037
2565.52994,7.667,0.036
2565.53986,7.655,0.04
2565.55151,7.652,0.037
2566.49127,7.805,0.04
2566.50296,7.792,0.041
2566.51456,7.81,0.038
2566.52591,7.823,0.041
2566.53727,7.815,0.041
2566.55168,7.819,0.041
2568.4919,7.158,0.036
2568.50825,7.148,0.035
2568.52427,7.163,0.035
2568.53741,7.174,0.038
2568.54773,7.177,0.042
2578.49404,7.156,0.044
2578.50582,7.13,0.04
2578.51767,7.142,0.038
2579.49518,7.315,0.047
2579.50459,7.316,0.042
2579.51407,7.353,0.036
2686.89377,7.142,0.049
2690.87844,7.827,0.054
2699.87069,7.71,0.042
2699.89341,7.706,0.045
2701.88003,7.356,0.04
2702.8902,7.228,0.045
2703.88454,7.518,0.059
2703.88658,7.489,0.041
2704.87931,7.674,0.037
2704.89591,7.671,0.039
2706.86092,7.509,0.04
2709.86011,7.669,0.038
2712.85017,7.183,0.038
2717.87902,7.148,0.046
2720.8549,7.778,0.043
2726.83548,7.829,0.034
2728.8985,7.319,0.037
2730.87105,7.719,0.038
2733.8899,7.296,0.043
2735.85944,7.697,0.038
2737.90016,7.415,0.038
2739.87962,7.494,0.039
2741.859,7.839,0.042
2743.84418,7.187,0.042
2744.8793,7.444,0.06
2747.8654,7.686,0.059
2755.78841,7.602,0.035
2757.7989,7.836,0.04
2759.87385,7.348,0.037
2761.79925,7.737,0.04
2770.82603,7.484,0.045
2770.84622,7.477,0.035
2783.69843,7.794,0.035
2786.73621,7.601,0.038
2790.7468,7.332,0.036
2808.86209,7.843,0.039
2810.67196,7.17,0.037
2811.85436,7.457,0.04
2813.74112,7.829,0.043
2819.71517,7.824,0.037
2821.7157,7.337,0.037
2829.64657,7.839,0.038
2834.68012,7.832,0.046
2838.80779,7.682,0.039
2840.7313,7.637,0.046
2841.65511,7.171,0.037
2843.64645,7.619,0.042
2853.59506,7.558,0.043
2855.59631,7.848,0.039
2862.59796,7.242,0.041
2866.69867,7.485,0.037
2867.75615,7.254,0.038
2872.71526,7.207,0.036
2875.71879,7.821,0.036
2877.68206,7.242,0.039
2883.51545,7.326,0.035
2884.69934,7.591,0.038
2894.60647,7.516,0.038
2896.63696,7.857,0.039
2898.61982,7.291,0.039
2900.61197,7.688,0.038
2904.59894,7.451,0.049
2906.60205,7.821,0.037
2909.62426,7.408,0.042
2911.57769,7.795,0.038
2916.51252,7.744,0.043
2917.6102,7.838,0.04
2921.60275,7.729,0.048
2923.5897,7.327,0.042
2926.58813,7.705,0.037
2929.5077,7.229,0.039
2931.52346,7.683,0.04
2933.52985,7.611,0.038
2935.53109,7.454,0.044
2937.53046,7.819,0.04
2944.52034,7.214,0.042
2949.51638,7.195,0.042
2955.50825,7.282,0.039
3069.88568,7.521,0.051
3073.89077,7.24,0.046
3081.86464,7.807,0.052
3087.87121,7.782,0.046
3091.85483,7.783,0.036
3097.84603,7.87,0.046
3100.87885,7.535,0.047
3103.87304,7.408,0.047
3108.82994,7.564,0.04
3111.84912,7.642,0.048
3114.83701,7.169,0.04
3118.84351,7.773,0.033
3122.87193,7.784,0.042
3125.77566,7.347,0.044
3127.79489,7.752,0.051
3130.78996,7.304,0.039
3146.72746,7.418,0.033
3154.66679,7.875,0.032
3162.78084,7.537,0.038
3164.80818,7.86,0.039
3170.75296,7.506,0.031
3173.69713,7.653,0.043
3176.72705,7.195,0.033
3182.68644,7.383,0.038
3184.6711,7.773,0.04
3186.70194,7.191,0.039
3266.52205,7.668,0.035
3272.51809,7.799,0.049
3274.63739,7.174,0.047
3277.58601,7.8,0.051
3279.61569,7.159,0.038
3294.55675,7.415,0.037
3299.53684,7.682,0.037
3417.88715,7.713,0.054
3421.89637,7.79,0.05
3425.89095,7.605,0.044
3427.88019,7.855,0.051
3455.84231,7.472,0.043
3458.86648,7.828,0.039
3464.84721,7.249,0.035
3468.84621,7.871,0.05
3471.88535,7.511,0.045
3474.86337,7.475,0.05
3477.84796,7.66,0.049
3480.83407,7.141,0.058
3483.80781,7.79,0.051
3490.87163,7.143,0.059
3502.78644,7.468,0.056
3504.83103,7.833,0.055
3508.83203,7.706,0.03
3511.7729,7.178,0.043
3517.79914,7.414,0.048
3521.76563,7.175,0.056
3523.81262,7.612,0.055
3528.78367,7.525,0.062
3537.8081,7.229,0.058
3539.75304,7.669,0.057
3550.70831,7.775,0.05
3552.747,7.114,0.061
3558.8362,7.332,0.062
3559.64879,7.521,0.05
3561.68551,7.866,0.056
3563.62377,7.259,0.05
3568.80663,7.271,0.047
3572.80889,7.472,0.052
3572.81557,7.476,0.055
3575.58704,7.622,0.04
3577.58904,7.77,0.049
3577.63924,7.736,0.044
3582.77708,7.742,0.063
3583.73455,7.15,0.05
3584.73387,7.402,0.055
3585.76395,7.624,0.056
3586.67887,7.793,0.057
3588.70329,7.159,0.048
3591.55886,7.727,0.048
3594.53698,7.26,0.049
3602.57226,7.818,0.051
3602.57732,7.836,0.05
3604.57875,7.169,0.046
3604.58379,7.196,0.055
3609.52373,7.161,0.047
3609.5264,7.158,0.051
3615.52577,7.338,0.051
3618.56265,7.827,0.053
3620.52719,7.309,0.052
3622.56364,7.712,0.055
3622.64966,7.753,0.043
3628.49567,7.834,0.043
3628.56889,7.858,0.044
3630.57643,7.258,0.052
3630.64606,7.253,0.051
3632.58285,7.691,0.051
3632.64831,7.695,0.052
3634.61086,7.525,0.055
3637.62285,7.598,0.047
3641.5796,7.425,0.043
3641.61875,7.438,0.042
3644.52224,7.816,0.061
3644.53075,7.759,0.057
3648.52278,7.738,0.043
3648.53396,7.781,0.04
3650.55262,7.182,0.042
3650.55752,7.186,0.042
3657.5634,7.552,0.055
3657.58661,7.572,0.049
3660.51669,7.409,0.059
3660.52934,7.423,0.055
3662.54028,7.49,0.066
3662.56073,7.506,0.059
3664.55503,7.84,0.054
3664.56839,7.863,0.048
3668.53128,7.658,0.043
3671.52258,7.203,0.045
3671.53403,7.182,0.043
3674.52784,7.813,0.048
3674.53894,7.813,0.045
3677.51433,7.354,0.051
3677.52589,7.392,0.043
3796.8907,7.584,0.047
3800.89138,7.307,0.061
3808.8767,7.852,0.062
3812.87886,7.667,0.059
3819.87439,7.724,0.055
3823.85499,7.766,0.059
3827.84675,7.583,0.051
3830.88951,7.191,0.055
3834.83344,7.845,0.054
3837.8622,7.523,0.051
3850.83603,7.721,0.05
3853.8239,7.622,0.05
3856.80842,7.162,0.056
3859.79904,7.734,0.05
3862.79147,7.31,0.046
3864.79035,7.732,0.05
3866.81227,7.325,0.044
3866.8222,7.282,0.053
3868.81235,7.529,0.063
3874.77558,7.692,0.048
3874.78307,7.686,0.055
3877.76586,7.185,0.052
3880.81824,7.809,0.048
3883.81347,7.401,0.053
3883.8209,7.41,0.054
3887.76332,7.158,0.053
3889.88342,7.607,0.044
3891.78396,7.813,0.045
3900.75334,7.693,0.058
3902.75436,7.427,0.055
3906.79648,7.843,0.055
3909.71324,7.459,0.047
3912.79952,7.631,0.048
3913.72453,7.171,0.048
4156.89798,7.4,0.055
4160.89741,7.158,0.043
4164.89917,7.841,0.05
4168.90197,7.739,0.041
4175.87397,7.47,0.046
4179.8748,7.829,0.052
4182.9022,7.442,0.04
4186.90338,7.14,0.049
4190.85475,7.809,0.037
4193.86062,7.588,0.037
4202.91739,7.368,0.036
4205.87095,7.848,0.038
4213.90808,7.471,0.042
4228.85187,7.34,0.037
4230.83665,7.741,0.036
4232.91244,7.187,0.038
4235.78794,7.736,0.035
4238.77919,7.269,0.059
4247.7522,7.701,0.036
4251.78648,7.806,0.042
4256.77902,7.786,0.034
4259.7169,7.305,0.053
4266.7528,7.704,0.039
4269.68922,7.229,0.036
4272.72739,7.831,0.038
4274.73191,7.183,0.033
4277.70044,7.811,0.032
4283.704,7.775,0.049
4289.69633,7.178,0.035
4291.69701,7.575,0.035
4293.68371,7.867,0.032
4295.69763,7.332,0.037
4297.68886,7.701,0.045
4299.66411,7.37,0.039
4301.64852,7.51,0.041
4303.65172,7.825,0.032
4310.62974,7.167,0.036
4312.6276,7.658,0.046
4315.63287,7.15,0.033
4329.58088,7.829,0.037
4331.56925,7.26,0.033
4333.55588,7.682,0.032
4338.55089,7.648,0.036
4340.60052,7.615,0.038
4342.5961,7.467,0.055
4344.59387,7.799,0.041
4346.59558,7.165,0.04
4348.59724,7.654,0.046
4348.67599,7.64,0.036
4350.59809,7.765,0.041
4352.60803,7.339,0.038
4353.54678,7.583,0.034
4355.59203,7.818,0.035
4357.60166,7.294,0.039
4359.56648,7.724,0.033
4360.48693,7.874,0.041
4365.49307,7.844,0.038
4365.52299,7.851,0.035
4368.57152,7.469,0.042
4372.59704,7.203,0.046
4375.60098,7.803,0.034
4378.50343,7.372,0.036
4378.50841,7.383,0.043
4380.55852,7.733,0.044
4380.56352,7.812,0.042
4383.53126,7.361,0.033
4383.53637,7.373,0.035
4386.51642,7.832,0.033
4393.49266,7.266,0.045
4393.52214,7.296,0.049
4399.5298,7.471,0.047
4403.52404,7.197,0.041
4407.52568,7.677,0.038
4408.52391,7.176,0.036
4413.51622,7.17,0.063
4519.89588,7.816,0.049
4524.89868,7.777,0.037
4530.89155,7.833,0.035
4537.90095,7.294,0.035
4541.89319,7.412,0.036
4545.89094,7.832,0.05
4557.86313,7.159,0.036
4561.84143,7.829,0.034
4564.87343,7.594,0.036
4567.89004,7.229,0.036
4570.89695,7.733,0.036
4573.83181,7.245,0.039
4576.82293,7.85,0.043
4585.84,7.648,0.037
4588.81798,7.139,0.043
4591.80996,7.773,0.036
4593.86314,7.159,0.032
4596.79712,7.759,0.035
4601.78456,7.742,0.037
4606.81688,7.696,0.051
4611.80456,7.683,0.036
4615.80617,7.456,0.038
4617.76463,7.803,0.041
4623.81203,7.768,0.038
4626.65262,7.578,0.041
4628.72382,7.857,0.043
4630.69992,7.314,0.036
4632.70279,7.723,0.035
4638.73288,7.831,0.043
4640.72714,7.203,0.035
4642.7186,7.668,0.035
4644.73955,7.602,0.038
4646.85544,7.456,0.055
4649.65468,7.771,0.048
4651.70116,7.403,0.034
4653.70085,7.782,0.034
4655.68862,7.169,0.034
4657.72352,7.594,0.034
4660.70187,7.21,0.035
4666.65584,7.264,0.039
4672.66079,7.503,0.036
4675.69286,7.577,0.054
4678.69062,7.65,0.038
4681.61294,7.156,0.04
4683.61341,7.61,0.042
4685.60351,7.781,0.041
4687.60014,7.358,0.036
4693.58357,7.528,0.046
4697.58524,7.266,0.037
4701.5881,7.49,0.034
4703.59337,7.489,0.038
4705.62931,7.832,0.04
4707.70946,7.21,0.048
4710.5823,7.805,0.053
4715.56201,7.777,0.047
4720.51262,7.737,0.041
4722.54166,7.221,0.045
4725.56665,7.754,0.047
4728.531,7.26,0.046
4730.57185,7.72,0.049
4733.5874,7.262,0.038
4737.57599,7.545,0.04
4740.5647,7.653,0.038
4748.48911,7.155,0.049
4748.51497,7.175,0.051
4754.52626,7.314,0.045
4754.54237,7.333,0.046
4756.56543,7.758,0.044
4756.57635,7.765,0.046
4759.53701,7.303,0.046
4762.5322,7.863,0.042
4762.54319,7.86,0.042
4765.52853,7.494,0.045
4768.52309,7.534,0.042
4768.53412,7.518,0.045
4775.52717,7.424,0.044
4780.50391,7.35,0.052
4879.89105,7.69,0.045
4886.89882,7.678,0.065
4891.89912,7.762,0.054
4906.87025,7.843,0.06
4916.90429,7.815,0.055
4920.87424,7.649,0.052
4927.91446,7.811,0.053
4931.85225,7.75,0.065
4939.90485,7.288,0.061
4946.8462,7.67,0.061
4949.82852,7.19,0.058
4952.81491,7.808,0.053
4955.78307,7.379,0.064
4959.84785,7.141,0.064
4969.77738,7.326,0.058
4973.73003,7.796,0.055
4975.8117,7.249,0.065
4984.77573,7.698,0.059
4988.75976,7.786,0.056
4993.76118,7.753,0.059
4993.77311,7.776,0.06
5012.75298,7.41,0.057
5014.69384,7.812,0.053
5021.68414,7.161,0.057
5023.68698,7.592,0.049
5025.74258,7.826,0.053
5042.62718,7.18,0.063
5048.60813,7.396,0.055
5067.56205,7.469,0.066
5075.54186,7.643,0.057
5082.65029,7.727,0.052
5085.55862,7.573,0.05
5087.58879,7.801,0.052
5089.64062,7.343,0.054
5092.5552,7.843,0.049
5097.49487,7.838,0.063
5111.54934,7.638,0.05
