1947.89255,9.693,0.063
1953.89054,9.734,0.043
1955.87975,9.771,0.038
1961.89726,9.787,0.04
1963.8822,9.781,0.035
1965.87544,9.787,0.037
1967.87801,9.739,0.034
1978.85308,9.747,0.044
1979.88484,9.746,0.041
1981.82316,9.762,0.038
1982.82402,9.735,0.04
1994.80428,9.589,0.048
1997.82707,9.539,0.051
2008.75671,9.585,0.05
2011.73246,9.599,0.055
2016.76457,9.687,0.046
2025.79329,9.738,0.042
2026.83647,9.704,0.051
2027.79526,9.741,0.041
2030.79122,9.764,0.044
2031.79345,9.761,0.043
2032.78277,9.767,0.038
2033.78069,9.768,0.036
2037.75093,9.785,0.054
2052.73832,9.805,0.05
2054.74368,9.804,0.057
2055.73464,9.768,0.054
2056.7313,9.759,0.049
2057.72721,9.762,0.046
2058.72848,9.735,0.045
2061.71909,9.732,0.053
2070.72002,9.694,0.053
2081.67616,9.619,0.05
2082.68285,9.623,0.045
2083.66931,9.595,0.06
2085.66945,9.63,0.044
2087.65926,9.631,0.045
2088.66248,9.664,0.048
2093.57646,9.713,0.051
2102.61534,9.797,0.044
2103.63509,9.797,0.048
2105.62412,9.779,0.043
2106.63401,9.78,0.043
2109.62001,9.733,0.039
2114.77976,9.672,0.055
2115.61844,9.681,0.041
2116.59498,9.667,0.04
2117.59833,9.665,0.044
2125.5925,9.647,0.049
2128.5874,9.674,0.045
2129.58406,9.668,0.045
2130.57969,9.659,0.043
2131.56542,9.682,0.048
2132.58255,9.651,0.046
2134.56837,9.625,0.041
2136.57313,9.628,0.043
2140.55076,9.637,0.035
2140.55281,9.593,0.04
2141.55562,9.617,0.045
2142.54977,9.636,0.048
2143.55472,9.621,0.049
2144.54131,9.62,0.044
2145.53681,9.633,0.044
2151.53989,9.624,0.053
2151.54198,9.613,0.047
2156.5022,9.629,0.046
2164.48383,9.635,0.048
2168.53021,9.727,0.059
2171.51176,9.716,0.052
2173.5338,9.745,0.044
2179.49003,9.672,0.042
2190.52855,9.728,0.046
2193.5175,9.768,0.053
2206.49781,9.752,0.047
2214.50142,9.706,0.045
2442.68445,9.664,0.023
2446.68872,9.662,0.028
2454.67897,9.625,0.042
2455.69255,9.645,0.051
2460.67593,9.653,0.025
2464.64172,9.667,0.032
2465.64313,9.676,0.029
2466.6269,9.71,0.033
2467.63297,9.697,0.029
2468.63435,9.685,0.026
2470.57221,9.716,0.034
2473.59415,9.754,0.035
2474.63874,9.755,0.031
2481.58041,9.839,0.043
2482.6192,9.855,0.036
2486.59655,9.82,0.043
2489.58351,9.783,0.034
2490.61627,9.765,0.035
2491.5791,9.754,0.045
2493.5766,9.746,0.036
2494.58656,9.746,0.036
2495.57921,9.716,0.04
2497.58092,9.705,0.028
2499.56047,9.691,0.033
2501.56859,9.711,0.03
2508.58986,9.659,0.038
2510.54775,9.648,0.035
2511.60428,9.622,0.052
2519.66395,9.587,0.028
2520.66183,9.593,0.036
2521.66373,9.6,0.031
2524.62539,9.596,0.043
2526.64412,9.635,0.037
2543.51775,9.817,0.039
2544.49472,9.826,0.033
2545.56041,9.817,0.032
2548.58795,9.767,0.035
2552.58719,9.823,0.048
2561.48848,9.856,0.04
2562.53516,9.854,0.043
2566.52766,9.807,0.041
2568.55862,9.755,0.04
2578.52863,9.615,0.034
2683.89171,10.025,0.044
2698.88043,10.385,0.052
2703.87769,10.255,0.034
2704.87768,10.249,0.035
2707.86165,10.21,0.059
2710.84394,10.15,0.042
2712.88537,10.106,0.039
2714.88932,10.065,0.041
2726.80613,9.904,0.036
2726.83071,9.923,0.032
2728.86805,9.899,0.04
2730.85958,9.932,0.036
2733.87362,9.93,0.035
2735.85269,9.971,0.036
2737.84992,9.974,0.035
2739.8469,9.993,0.037
2741.84997,9.996,0.037
2743.83282,9.967,0.036
2755.77925,10.093,0.031
2757.79663,10.093,0.036
2759.87157,10.104,0.037
2761.79244,10.121,0.035
2763.78454,10.094,0.037
2770.82138,9.963,0.063
2770.85301,9.96,0.033
2775.84739,10.005,0.035
2782.81087,10.095,0.048
2784.75384,10.093,0.041
2786.72468,10.137,0.033
2790.74891,10.183,0.033
2794.73063,10.238,0.038
2802.8024,10.319,0.038
2808.74767,10.263,0.034
2810.65409,10.25,0.033
2811.84511,10.209,0.034
2813.73186,10.174,0.046
2820.76187,10.139,0.032
2826.76159,10.2,0.05
2830.63845,10.179,0.043
2834.67531,10.139,0.046
2836.60256,10.147,0.037
2838.80069,10.169,0.037
2840.84834,10.159,0.039
2845.78666,10.154,0.028
2851.62058,10.119,0.029
2855.66568,10.104,0.047
2861.77762,10.078,0.048
2865.77754,9.995,0.071
2867.64402,9.992,0.038
2872.55953,9.918,0.033
2875.59273,9.957,0.033
2877.58608,9.906,0.031
2879.58446,9.903,0.029
2882.61024,9.876,0.037
2884.57287,9.876,0.032
2893.59528,9.738,0.042
2896.64386,9.709,0.039
2898.62671,9.717,0.039
2900.62134,9.737,0.036
2904.60105,9.73,0.053
2906.60416,9.775,0.032
2909.6264,9.805,0.038
2911.57982,9.793,0.036
2916.49326,9.799,0.05
2917.59322,9.796,0.037
2921.59256,9.833,0.045
2923.58282,9.83,0.043
2926.58128,9.902,0.036
2928.58322,9.924,0.042
2930.57543,9.971,0.041
2932.5737,9.98,0.041
2936.56551,9.943,0.057
2943.53872,9.846,0.042
2945.54459,9.801,0.044
2949.52424,9.733,0.034
2955.51321,9.67,0.039
2957.52429,9.678,0.038
3068.87556,9.64,0.036
3072.86736,9.655,0.034
3076.86226,9.665,0.04
3081.86226,9.658,0.046
3087.85348,9.63,0.057
3090.88771,9.666,0.036
3097.80811,9.802,0.041
3100.87379,9.836,0.044
3108.81253,9.863,0.031
3111.84581,9.88,0.043
3114.84107,9.931,0.031
3122.87704,9.856,0.038
3125.77046,9.784,0.036
3127.78217,9.768,0.056
3129.85582,9.706,0.041
3131.84129,9.664,0.041
3144.81944,9.601,0.03
3152.86454,9.638,0.037
3154.74421,9.624,0.03
3162.77662,9.662,0.038
3164.80316,9.688,0.039
3170.74019,9.705,0.039
3176.77897,9.682,0.033
3179.66848,9.675,0.04
3184.67341,9.7,0.032
3189.71632,9.751,0.046
3191.82564,9.741,0.047
3266.56234,9.721,0.028
3299.49862,9.613,0.029
3326.50829,9.706,0.048
3410.88757,9.75,0.051
3414.88943,9.728,0.04
3418.89438,9.691,0.053
3422.8839,9.69,0.045
3426.8805,9.676,0.036
3430.87454,9.648,0.044
3444.83757,9.638,0.051
3447.8713,9.651,0.052
3448.85937,9.643,0.036
3449.85633,9.66,0.044
3450.83649,9.653,0.043
3452.85351,9.767,0.04
3453.81769,9.641,0.046
3456.86844,9.67,0.049
3467.87966,9.588,0.033
3470.8613,9.508,0.041
3476.87966,9.442,0.053
3479.84509,9.45,0.052
3481.86883,9.459,0.049
3490.87499,9.559,0.043
3495.84465,9.537,0.067
3499.80205,9.531,0.066
3502.78375,9.51,0.049
3504.82204,9.497,0.049
3508.82287,9.564,0.035
3511.76704,9.597,0.04
3517.80169,9.673,0.045
3521.747,9.636,0.059
3523.78277,9.629,0.046
3525.84415,9.608,0.045
3528.71139,9.573,0.049
3539.77011,9.746,0.06
3550.69781,9.684,0.037
3552.73632,9.653,0.056
3555.73339,9.618,0.053
3558.8307,9.624,0.038
3562.82812,9.591,0.037
3564.73676,9.582,0.032
3569.64837,9.58,0.036
3572.81861,9.565,0.045
3574.84407,9.583,0.042
3577.58258,9.59,0.04
3582.78802,9.588,0.048
3584.75417,9.647,0.041
3586.69246,9.653,0.054
3588.73797,9.673,0.059
3591.55612,9.67,0.056
3594.53079,9.734,0.049
3602.57454,9.684,0.044
3604.58098,9.663,0.046
3609.51839,9.621,0.048
3616.51539,9.586,0.039
3620.60862,9.614,0.045
3622.69186,9.687,0.038
3628.49879,9.739,0.037
3630.57876,9.766,0.042
3632.58514,9.726,0.045
3634.5429,9.701,0.055
3634.54948,9.718,0.052
3634.56066,9.722,0.054
3634.56665,9.71,0.064
3634.58091,9.731,0.051
3634.61684,9.725,0.048
3641.58219,9.786,0.036
3643.6287,9.785,0.043
3646.64026,9.684,0.04
3649.56209,9.642,0.053
3654.61233,9.519,0.051
3656.60803,9.492,0.045
3659.55566,9.488,0.043
3661.5761,9.483,0.048
3663.57981,9.487,0.044
3666.57258,9.521,0.041
3670.51964,9.533,0.037
3673.52782,9.557,0.038
3792.87092,9.716,0.052
3796.87784,9.764,0.04
3800.87971,9.766,0.058
3804.86162,9.747,0.058
3808.86638,9.955,0.053
3812.859,9.665,0.051
3819.85771,9.71,0.056
3822.88575,9.706,0.055
3826.85598,9.709,0.05
3830.856,9.77,0.059
3834.71365,9.824,0.061
3834.74568,9.801,0.057
3834.80423,9.839,0.059
3834.8093,9.823,0.059
3834.85781,9.824,0.062
3834.88452,9.831,0.056
3834.91312,9.832,0.06
3835.73611,9.835,0.066
3835.76231,9.833,0.063
3836.71621,9.863,0.068
3836.80535,9.827,0.061
3836.83362,9.861,0.063
3836.86436,9.751,0.06
3836.89319,9.813,0.056
3836.91959,9.873,0.059
3837.69317,9.845,0.063
3837.72456,9.837,0.061
3837.75258,9.876,0.063
3837.78116,9.852,0.06
3837.80826,9.836,0.057
3837.835,9.866,0.052
3837.84992,9.847,0.044
3847.88323,9.868,0.062
3850.82396,9.891,0.043
3853.80857,9.85,0.042
3856.80515,9.871,0.048
3859.79575,9.82,0.041
3862.75814,9.796,0.045
3864.77021,9.756,0.047
3868.79638,9.761,0.05
3874.77793,9.679,0.042
3877.74798,9.598,0.041
3880.79971,9.577,0.044
3883.80469,9.575,0.045
3887.7447,9.526,0.046
3889.78497,9.526,0.037
3891.76729,9.507,0.036
3893.76685,9.525,0.035
3896.76215,9.557,0.044
3900.76164,9.598,0.05
3902.76527,9.616,0.043
3904.79189,9.607,0.049
3906.80391,9.605,0.047
3909.70458,9.634,0.041
3913.7075,9.65,0.042
4142.89018,9.821,0.047
4153.88324,9.899,0.039
4157.88011,10.005,0.043
4161.87209,10.165,0.048
4165.86929,10.353,0.053
4178.8974,10.503,0.067
4182.84391,10.615,0.042
4185.87212,10.84,0.04
4189.85277,10.992,0.032
4192.83933,11.266,0.048
4196.87385,11.36,0.054
4202.89046,11.701,0.035
4205.85324,12.007,0.037
4213.90161,12.23,0.038
4238.76365,12.476,0.047
4245.76377,13.046,0.069
4247.74473,12.703,0.033
4258.72149,12.469,0.034
4289.68775,12.505,0.033
4572.84014,12.471,0.035
4592.80656,12.648,0.032
4617.75307,12.631,0.034
4879.89394,12.475,0.044
4955.8241,12.254,0.058
4967.87163,12.407,0.053
4993.7636,12.267,0.052
5006.72833,11.927,0.054
5009.69693,11.702,0.066
5014.69692,11.747,0.05
5022.68147,11.808,0.058
5024.68539,11.707,0.057
5029.65677,11.686,0.05
5038.62893,11.846,0.065
5042.61669,11.966,0.06
5047.61458,11.617,0.062
5049.61783,11.676,0.064
5067.56673,11.743,0.053
5075.55004,11.672,0.051
5082.65505,11.601,0.052
5084.69232,11.56,0.05
5087.52078,11.596,0.048
5089.57488,11.462,0.057
5093.62663,11.507,0.064
5097.62731,11.407,0.07
5105.57229,11.356,0.061
