1962.89437,5.708,0.047
1964.89797,6.092,0.041
1966.89386,5.744,0.038
1978.89188,5.66,0.046
1980.86618,5.656,0.044
1982.84021,6.582,0.039
2026.84303,7.244,0.046
2027.80888,7.27,0.048
2030.80006,7.071,0.048
2031.81163,6.902,0.051
2032.79611,6.851,0.046
2033.79183,6.795,0.041
2037.76495,6.608,0.049
2052.74498,6.391,0.05
2053.75774,6.803,0.051
2054.75491,6.198,0.055
2055.74356,6.357,0.055
2056.74472,6.179,0.051
2057.74063,6.411,0.046
2061.73504,6.449,0.057
2070.72225,6.888,0.052
2080.6353,6.483,0.051
2081.68517,6.452,0.052
2082.69402,6.438,0.054
2083.6805,6.229,0.06
2085.67394,6.506,0.051
2086.68631,6.602,0.052
2087.67046,6.386,0.05
2088.66933,6.67,0.051
2102.62664,6.588,0.053
2103.63744,6.48,0.047
2104.6413,6.629,0.049
2105.63322,6.629,0.05
2106.6386,6.451,0.049
2109.62683,6.56,0.044
2115.5878,6.164,0.045
2116.60404,6.098,0.044
2117.60526,6.193,0.048
2131.57237,6.802,0.047
2140.54648,6.374,0.034
2168.53264,7.039,0.045
2173.55107,6.711,0.041
2180.53932,6.18,0.052
2184.54632,6.124,0.05
2188.5503,6.239,0.039
2192.5116,6.165,0.041
2205.49507,6.199,0.043
2442.69347,5.99,0.038
2446.69319,5.951,0.033
2453.68967,5.541,0.033
2464.64861,5.31,0.034
2465.64769,5.3,0.034
2467.64203,5.533,0.032
2468.63892,5.258,0.033
2470.59295,5.182,0.036
2473.60784,5.208,0.039
2489.59285,5.666,0.035
2493.58128,5.517,0.039
2498.56926,5.662,0.036
2499.56736,5.71,0.034
2501.54621,5.729,0.037
2508.59231,5.499,0.036
2511.61168,5.356,0.06
2524.62788,5.369,0.042
2535.51154,5.619,0.035
2544.5392,5.783,0.031
2545.58135,5.906,0.033
2547.54775,6.11,0.036
2552.53898,5.82,0.046
2561.49096,6.69,0.038
2562.53764,6.731,0.037
2564.50704,6.425,0.037
2568.5102,6.598,0.037
2687.89294,6.108,0.054
2698.90155,6.767,0.052
2702.89763,6.8,0.042
2703.90039,7.141,0.044
2711.87766,6.882,0.033
2714.86563,7.129,0.035
2719.88448,6.6,0.046
2725.83209,6.034,0.036
2726.85188,5.761,0.043
2728.9101,5.877,0.043
2732.88912,5.772,0.035
2735.83632,5.444,0.038
2738.83049,5.629,0.037
2740.85806,5.393,0.033
2742.85054,5.419,0.038
2755.79272,5.692,0.034
2757.80629,5.627,0.041
2760.76494,5.414,0.033
2764.78872,5.435,0.031
2784.76048,5.737,0.036
2786.73372,5.509,0.033
2790.75111,5.696,0.033
2802.82174,5.413,0.058
2810.66948,5.782,0.035
2811.85189,5.824,0.036
2813.73864,5.814,0.039
2820.77624,5.846,0.033
2822.77591,5.594,0.057
2826.78024,5.583,0.032
2830.64081,5.788,0.036
2834.67769,5.659,0.046
2838.81213,5.874,0.04
2841.65945,5.949,0.036
2843.63718,5.528,0.054
2851.62765,6.108,0.032
2853.74969,5.974,0.035
2855.66815,5.965,0.064
2862.72411,6.093,0.043
2866.72476,5.976,0.037
2872.5713,5.769,0.032
2884.57989,5.498,0.036
2893.60242,5.876,0.041
2895.59918,5.859,0.038
2897.60815,5.93,0.039
2904.63084,5.633,0.045
2908.49627,5.546,0.038
2910.50877,5.722,0.035
2918.56999,5.611,0.045
2922.53733,5.472,0.039
2927.54404,5.495,0.036
2929.5452,5.831,0.04
2931.54781,5.769,0.037
2933.54853,5.651,0.037
2936.50184,5.636,0.055
2939.50727,5.822,0.037
2947.51041,5.672,0.046
3070.89829,5.764,0.051
3074.89596,5.674,0.05
3087.8921,5.652,0.039
3091.88292,5.565,0.046
3097.87523,5.625,0.041
3101.85909,5.562,0.049
3108.83233,5.628,0.042
3111.85299,5.621,0.036
3114.85616,5.49,0.029
3118.85106,5.518,0.037
3122.86919,5.721,0.033
3129.85027,5.502,0.052
3144.7751,5.609,0.031
3152.89868,5.769,0.062
3154.74923,5.748,0.03
3157.8779,5.778,0.043
3159.74064,5.498,0.054
3162.80181,5.601,0.035
3164.82602,5.661,0.039
3170.7631,5.605,0.03
3173.70684,5.313,0.05
3176.75229,5.575,0.039
3179.68106,6.085,0.038
3182.68883,5.75,0.031
3184.67602,5.905,0.044
3186.694,5.522,0.04
3189.72147,5.737,0.037
3191.8309,5.717,0.04
3266.5091,5.265,0.039
3273.5901,5.33,0.043
3276.55472,5.344,0.049
3279.51338,5.455,0.042
3292.53824,5.419,0.04
3295.50653,5.677,0.037
3299.50725,5.56,0.04
3427.89747,5.896,0.066
3431.89163,5.709,0.052
3444.87393,5.86,0.049
3448.89113,5.771,0.036
3452.89614,5.633,0.032
3455.85853,5.466,0.04
3458.88868,5.507,0.05
3468.8621,5.614,0.042
3471.88775,5.704,0.038
3474.86576,5.667,0.05
3477.85358,5.812,0.052
3480.84298,5.75,0.06
3483.8168,5.847,0.051
3487.84667,5.772,0.038
3487.8583,5.603,0.035
3490.88329,5.836,0.056
3496.84024,6.394,0.042
3499.80782,6.92,0.05
3502.78878,7.368,0.045
3508.82945,7.794,0.032
3511.77515,7.77,0.044
3517.80419,7.358,0.035
3521.75962,7.097,0.051
3526.72853,6.736,0.052
3528.75937,6.618,0.049
3542.69111,6.061,0.05
3544.82915,5.797,0.052
3547.87362,5.839,0.056
3554.77544,5.426,0.045
3558.64937,5.523,0.044
3562.69183,5.611,0.039
3564.67382,5.504,0.044
3569.65645,5.482,0.049
3573.62002,5.499,0.042
3575.63737,5.626,0.042
3583.61786,5.72,0.055
3585.67441,5.731,0.048
3587.67775,5.569,0.044
3590.57912,5.791,0.047
3601.71143,5.877,0.05
3604.51139,5.465,0.055
3608.54652,5.861,0.055
3616.53836,5.842,0.057
3618.63937,5.773,0.059
3620.62974,5.98,0.048
3628.50598,6.142,0.041
3630.58154,6.305,0.048
3632.58799,6.467,0.052
3634.61956,6.647,0.053
3637.62899,6.91,0.057
3641.58838,7.327,0.043
3644.5248,7.545,0.059
3648.52542,7.701,0.045
3650.55512,7.787,0.044
3656.56496,7.799,0.046
3658.49061,7.743,0.052
3659.53712,7.733,0.048
3661.55344,7.702,0.055
3663.55889,7.632,0.05
3668.49556,7.039,0.043
3671.50298,6.54,0.042
3674.50609,6.102,0.047
3677.49981,5.777,0.049
3796.89852,7.382,0.047
3804.89096,6.622,0.063
3808.90005,6.056,0.054
3812.90217,5.93,0.054
3819.88099,5.542,0.052
3821.80032,5.468,0.049
3821.82855,5.486,0.048
3821.85821,5.504,0.045
3821.8889,5.463,0.047
3822.78771,5.462,0.049
3822.81596,5.392,0.048
3822.84547,5.474,0.044
3822.87361,5.491,0.046
3822.90093,5.454,0.047
3823.8688,5.435,0.063
3827.85775,5.335,0.045
3831.86195,5.428,0.049
3834.8681,5.391,0.051
3847.90211,5.653,0.064
3850.83839,5.618,0.046
3853.82626,5.662,0.046
3856.81424,5.728,0.05
3859.80456,5.59,0.049
3862.79385,5.833,0.044
3864.79272,5.724,0.05
3866.81706,5.646,0.052
3868.80966,5.613,0.056
3874.78038,5.602,0.047
3880.82059,5.554,0.046
3883.82313,5.649,0.053
3887.76061,5.355,0.049
3889.83382,5.347,0.034
3889.86474,5.406,0.042
3891.78052,5.669,0.047
3893.75741,5.517,0.043
3896.75881,5.473,0.045
3896.77446,5.414,0.039
3900.75884,5.762,0.058
3902.76193,5.864,0.05
3904.78947,6.086,0.058
3906.80136,5.869,0.052
3909.70793,6.277,0.048
3913.7185,6.278,0.054
4161.8967,5.746,0.049
4175.88822,5.357,0.038
4178.88567,5.225,0.057
4179.89351,5.577,0.041
4182.87037,5.277,0.04
4187.90813,5.17,0.04
4189.88645,5.407,0.033
4192.87931,5.292,0.046
4194.87078,5.234,0.036
4196.90317,5.505,0.048
4202.9083,5.346,0.041
4205.87644,5.656,0.037
4205.87899,5.312,0.038
4212.89432,5.298,0.056
4216.84513,5.322,0.037
4216.84817,5.705,0.031
4227.85602,5.532,0.032
4228.8574,5.35,0.036
4229.8518,5.598,0.032
4230.83331,5.296,0.035
4231.85537,5.769,0.054
4232.90985,5.285,0.034
4235.7918,5.435,0.035
4238.78144,5.182,0.054
4245.7748,5.48,0.06
4247.75446,5.104,0.038
4251.79625,5.155,0.048
4255.79647,5.382,0.046
4258.71819,5.26,0.036
4266.77555,5.343,0.045
4269.69145,5.419,0.036
4272.73638,5.48,0.041
4274.74087,5.49,0.034
4277.69442,5.546,0.045
4283.70873,5.57,0.051
4285.70246,5.622,0.052
4289.6986,5.719,0.036
4291.69929,5.77,0.035
4295.69991,5.9,0.035
4299.6664,6.066,0.038
4301.65083,6.164,0.041
4303.65481,6.222,0.037
4305.65614,6.231,0.059
4307.62746,6.211,0.038
4310.63777,6.049,0.037
4312.63561,5.905,0.044
4317.70386,5.637,0.061
4329.5832,5.261,0.041
4331.57161,5.224,0.034
4333.55338,5.247,0.034
4338.55575,5.042,0.037
4340.60961,5.085,0.041
4342.60098,5.218,0.043
4344.59877,5.361,0.043
4346.60047,5.376,0.037
4348.60287,5.395,0.04
4350.60674,5.338,0.042
4353.50588,5.316,0.031
4355.6003,5.361,0.036
4357.60685,5.104,0.038
4359.57536,5.177,0.036
4361.54567,5.227,0.034
4365.52055,5.346,0.036
4368.60525,5.408,0.042
4376.54413,5.502,0.037
4378.56746,5.481,0.044
4380.59573,5.433,0.044
4383.55049,5.366,0.038
4386.53187,5.244,0.035
4388.51752,5.202,0.034
4393.50368,5.479,0.041
4400.51425,5.305,0.045
4406.51694,5.244,0.048
4409.51734,5.236,0.037
4529.89702,5.485,0.037
4538.8898,5.322,0.038
4539.89456,5.451,0.052
4542.89044,5.298,0.04
4546.86964,5.259,0.04
4547.88627,5.466,0.038
4550.87141,5.351,0.048
4557.87048,5.201,0.036
4561.85123,5.261,0.035
4563.85499,5.437,0.034
4565.85535,5.328,0.036
4567.84615,5.645,0.034
4568.86676,5.269,0.056
4571.8711,5.357,0.035
4574.81816,5.414,0.039
4576.84165,5.511,0.037
4577.84734,5.499,0.043
4580.81625,5.615,0.037
4580.83673,5.532,0.042
4585.8346,5.591,0.038
4588.82034,5.703,0.042
4588.82354,5.702,0.037
4591.81325,5.821,0.035
4594.79851,5.948,0.032
4594.8076,5.926,0.029
4596.85198,6.046,0.034
4597.79578,6.054,0.031
4601.78769,6.294,0.035
4606.81342,6.349,0.056
4610.80916,6.162,0.036
4611.80935,6.17,0.037
4615.81251,5.903,0.039
4617.76199,5.762,0.041
4623.80942,5.421,0.04
4626.66914,5.348,0.038
4627.75933,5.726,0.032
4629.74111,5.581,0.032
4630.70228,5.251,0.035
4631.75314,5.557,0.031
4632.70515,5.194,0.035
4638.74174,5.111,0.045
4640.72948,5.008,0.036
4642.72173,5.036,0.038
4644.7418,5.087,0.04
4646.86419,5.159,0.056
4649.65791,5.354,0.046
4651.7043,5.434,0.032
4653.70324,5.249,0.034
4653.74084,5.377,0.029
4655.69185,5.293,0.034
4655.69409,5.575,0.031
4657.72589,5.386,0.034
4660.7042,5.446,0.034
4660.72954,5.441,0.03
4665.66099,5.576,0.042
4667.67912,5.582,0.037
4672.75487,5.423,0.035
4672.76107,5.599,0.03
4675.76223,5.31,0.035
4681.69105,5.204,0.04
4683.73352,5.182,0.036
4685.66768,5.332,0.041
4687.64391,5.38,0.037
4697.59104,4.981,0.036
4701.59304,5.06,0.033
4703.59918,5.31,0.038
4705.6343,5.144,0.04
4708.59003,5.317,0.04
4710.60695,5.229,0.058
4715.5927,5.391,0.04
4720.55572,5.55,0.038
4722.59995,5.628,0.042
4725.61737,5.732,0.045
4728.57115,5.816,0.046
4730.61267,5.858,0.039
4733.62133,5.953,0.039
4737.60218,6.094,0.036
4740.58841,6.194,0.039
4743.54428,6.216,0.046
4748.49523,6.077,0.043
4754.5296,5.778,0.045
4756.56879,5.723,0.045
4759.53963,5.636,0.045
4762.53557,5.507,0.04
4765.53116,5.384,0.047
4768.52574,5.336,0.044
4906.88423,5.138,0.059
4917.88379,5.122,0.049
4929.89245,5.408,0.057
4947.83405,5.277,0.05
4952.83027,5.438,0.058
4962.79653,5.27,0.058
4969.78068,5.145,0.054
4973.73856,5.34,0.056
4975.81486,5.244,0.058
4984.78908,5.357,0.057
4988.76885,5.562,0.056
4993.7662,5.741,0.053
5012.7471,6.686,0.057
5014.68789,6.802,0.051
5022.68409,6.57,0.059
5024.68889,6.469,0.061
5029.66495,6.061,0.051
5048.61049,5.395,0.057
5067.62683,4.932,0.057
5075.55674,5.038,0.056
5082.66286,5.145,0.056
5085.56192,5.175,0.054
5087.5913,5.175,0.051
5089.64957,5.192,0.055
5092.55767,5.241,0.048
