1954.89573,11.945,0.051
1955.87543,12.043,0.044
1962.85962,12.253,0.049
1964.86713,11.988,0.047
1966.8618,12.039,0.05
1978.84381,12.428,0.054
1979.8687,12.151,0.05
1981.87619,12.059,0.048
1982.81664,11.857,0.056
1984.82294,12.305,0.049
1995.86885,12.327,0.055
2008.74284,12.171,0.052
2025.80232,11.998,0.043
2026.83408,12.011,0.048
2027.79955,12.02,0.046
2030.7888,12.108,0.043
2031.79774,11.991,0.044
2032.78704,11.93,0.042
2033.77594,12.039,0.042
2037.74626,11.949,0.044
2039.78435,12.173,0.05
2052.73585,11.966,0.047
2054.74793,12.207,0.05
2055.73216,12.332,0.049
2056.73552,12.029,0.047
2057.73142,11.893,0.05
2058.73273,11.943,0.048
2061.7258,12.069,0.047
2064.80555,12.193,0.054
2065.70476,12.291,0.055
2069.7702,12.24,0.051
2070.71751,12.209,0.047
2080.6214,11.98,0.048
2081.67363,12.309,0.048
2085.66467,12.09,0.047
2086.67676,12.248,0.046
2087.66345,12.097,0.048
2088.65771,11.971,0.049
2093.58078,12.258,0.047
2096.69675,12.135,0.047
2102.61958,12.26,0.045
2103.63033,12.026,0.047
2104.63865,11.987,0.043
2105.63056,12.031,0.048
2106.63151,12.198,0.045
2109.6287,11.938,0.043
2114.77272,12.185,0.048
2115.62264,12.009,0.044
2116.60593,12.143,0.047
2117.59585,12.291,0.047
2124.56591,12.116,0.047
2125.58104,11.925,0.046
2128.58257,12.17,0.045
2129.5816,12.032,0.046
2130.58849,11.957,0.042
2131.57425,11.976,0.046
2132.58457,12.263,0.046
2133.57652,12.192,0.043
2134.57945,12.032,0.049
2135.57792,11.967,0.046
2136.57519,12.065,0.046
2140.55281,11.923,0.055
2141.56672,11.995,0.044
2142.56097,12.136,0.046
2143.55681,12.291,0.045
2144.55241,12.099,0.044
2145.54794,11.997,0.044
2151.54198,11.906,0.044
2156.49992,11.931,0.039
2164.49057,12.247,0.036
2168.52795,12.19,0.035
2171.50234,11.93,0.039
2173.53158,12.34,0.034
2179.4855,12.294,0.047
2183.4884,12.078,0.057
2187.48361,11.906,0.036
2190.51486,12.02,0.035
2193.50848,12.275,0.038
2196.51498,11.985,0.041
2199.50398,12.233,0.041
2206.49568,11.948,0.041
2207.5326,12.059,0.056
2213.51687,12.22,0.049
2440.68987,11.983,0.036
2441.69001,12.045,0.041
2442.68193,12.212,0.041
2443.67929,12.329,0.034
2446.68392,12.008,0.039
2454.68541,12.111,0.05
2465.63834,12.118,0.037
2467.63492,12.031,0.035
2468.62958,12.241,0.035
2470.5787,12.252,0.036
2473.59839,12.059,0.039
2474.64981,12.211,0.055
2486.58952,12.104,0.043
2490.60872,12.085,0.043
2490.62964,12.125,0.044
2491.59011,12.225,0.05
2493.58772,12.062,0.038
2494.58857,12.109,0.048
2497.58295,12.048,0.043
2498.57338,12.05,0.039
2499.5715,12.159,0.041
2500.54802,12.206,0.045
2501.57293,12.1,0.035
2502.582,12.057,0.041
2508.59423,12.227,0.045
2511.61358,11.951,0.044
2519.66611,12.048,0.042
2520.66399,11.909,0.044
2521.67577,12.025,0.042
2526.64629,11.995,0.043
2535.58933,12.178,0.046
2540.64502,11.971,0.046
2544.64141,12.138,0.04
2546.5634,12.028,0.039
2548.55011,11.957,0.039
2552.57351,11.99,0.046
2560.59198,12.093,0.041
2561.59012,11.97,0.042
2564.53972,12.196,0.047
2565.58151,12.154,0.044
2683.88265,12.119,0.04
2686.88494,12.142,0.04
2689.88959,11.964,0.042
2694.85913,11.983,0.043
2698.87118,12.145,0.042
2701.86426,12.107,0.039
2704.86119,11.935,0.039
2707.8546,12.263,0.048
2709.88892,11.951,0.04
2712.83417,12.202,0.039
2719.85805,12.012,0.041
2721.86614,12.117,0.045
2725.80813,11.971,0.039
2727.85027,12.409,0.041
2729.84894,12.016,0.043
2732.87077,12.24,0.038
2735.80815,11.976,0.04
2737.84285,12.213,0.04
2739.85147,12.024,0.039
2741.85442,12.091,0.04
2743.83724,12.187,0.039
2747.86759,12.291,0.048
2755.78135,12.018,0.039
2759.87832,11.952,0.037
2761.79677,11.962,0.038
2763.78661,12.243,0.037
2768.84755,12.094,0.044
2770.83255,11.927,0.039
2775.84319,12.058,0.049
2783.67269,11.951,0.043
2786.73126,12.011,0.039
2790.74101,12.095,0.04
2808.84429,12.013,0.041
2810.65911,12.201,0.04
2811.84706,12.228,0.038
2813.73381,12.181,0.043
2820.87521,12.133,0.038
2829.6415,12.01,0.055
2830.73606,12.144,0.038
2834.68183,12.216,0.042
2836.60914,12.27,0.042
2838.80497,12.107,0.039
2840.85262,12.017,0.038
2845.8004,11.955,0.038
2851.8338,12.178,0.038
2853.59679,12.034,0.037
2854.55799,12.018,0.036
2856.81348,12.089,0.038
2861.601,12.208,0.042
2872.69277,11.929,0.039
2875.69691,12.192,0.039
2877.6694,11.931,0.04
2879.68873,12.199,0.038
2884.66307,12.126,0.039
2888.72531,12.113,0.04
2893.5599,12.042,0.051
2894.60138,11.983,0.038
2894.67331,12.137,0.042
2896.63443,12.189,0.04
2898.61729,11.91,0.039
2900.60947,12.857,0.04
2904.59648,11.944,0.043
2906.59961,12.257,0.041
2909.62184,11.989,0.04
2911.57532,12.176,0.04
2916.50546,12.047,0.045
2917.59788,12.119,0.042
2921.59511,12.309,0.038
2923.58512,12.002,0.041
2926.58359,12.275,0.042
2928.58553,12.032,0.039
2930.57787,12.043,0.04
2932.57614,12.221,0.043
2934.57258,11.93,0.041
2943.51963,12.231,0.046
2945.53998,12.03,0.04
2951.51628,12.051,0.04
2954.51995,12.024,0.039
2956.54663,12.168,0.039
2959.52158,12.066,0.046
2961.51998,12.047,0.04
2964.51361,12.039,0.04
3060.88092,12.112,0.038
3064.88138,12.37,0.04
3076.86486,11.924,0.042
3087.85092,11.961,0.04
3090.88287,12.188,0.042
3097.81061,11.976,0.039
3100.86075,12.096,0.041
3103.86791,12.105,0.04
3108.81496,12.019,0.039
3111.84317,11.954,0.04
3114.83354,12.187,0.04
3118.84594,12.049,0.038
3122.88728,12.106,0.04
3125.76771,12.041,0.04
3127.78863,11.953,0.045
3129.8582,12.221,0.045
3134.85012,12.334,0.039
3144.82403,12.212,0.038
3153.92309,12.239,0.04
3156.74775,12.266,0.038
3158.80338,11.967,0.039
3162.78372,12.029,0.038
3164.81026,12.129,0.04
3170.75501,12.104,0.038
3173.70169,12.159,0.043
3176.72905,12.266,0.04
3179.67071,12.023,0.039
3182.68334,12.259,0.039
3184.66799,12.066,0.04
3189.70332,11.998,0.041
3191.82015,12.023,0.045
3278.62655,12.27,0.044
3418.88679,12.019,0.043
3422.88149,12.2,0.046
3426.87819,12.219,0.04
3430.87222,11.998,0.04
3443.90035,11.911,0.044
3447.85773,12.303,0.045
3450.88081,12.082,0.041
3453.8438,12.077,0.043
3456.86593,12.245,0.039
3459.87434,11.996,0.049
3463.8547,12.035,0.042
3466.87729,12.319,0.051
3470.8306,11.979,0.04
3473.85726,12.041,0.043
3476.84915,12.192,0.052
3479.83901,11.958,0.05
3487.84335,12.296,0.044
3490.88071,12.076,0.045
3499.80426,11.979,0.055
3504.83995,11.962,0.054
3508.87162,11.976,0.04
3511.7692,11.942,0.039
3517.8074,12.276,0.039
3523.80973,12.096,0.044
3526.71739,12.014,0.05
3528.77547,12.28,0.045
3538.7417,12.252,0.04
3544.73234,12.236,0.041
3547.78385,12.19,0.043
3551.77204,12.06,0.046
3556.63743,12.314,0.041
3559.71082,12.285,0.052
3561.75086,11.956,0.042
3563.68578,12.011,0.038
3572.80488,12.206,0.042
3574.82226,11.979,0.041
3576.81566,12.193,0.038
3583.71434,12.324,0.043
3585.74965,11.968,0.041
3587.77865,12.257,0.042
3590.59055,12.115,0.042
3592.60037,12.103,0.046
3599.66108,12.19,0.04
3601.69824,11.963,0.04
3603.71202,12.233,0.04
3607.54859,12.286,0.039
3617.60173,12.028,0.047
3619.69738,12.27,0.044
3622.52128,12.545,0.047
3630.63811,12.219,0.045
3632.64212,11.969,0.04
3634.67851,12.244,0.05
3637.6757,11.938,0.046
3641.60796,12.173,0.042
3643.66059,12.073,0.044
3647.57137,12.119,0.038
3654.51361,12.009,0.043
3656.55878,12.279,0.041
3658.60413,11.913,0.042
3661.52313,12.147,0.041
3663.53296,12.089,0.04
3665.56335,12.1,0.04
3669.55346,11.959,0.04
3671.58469,12.226,0.04
3677.55153,12.235,0.04
3792.87358,11.893,0.053
3796.8804,11.943,0.041
3800.88235,12.135,0.048
3804.85918,12.404,0.049
3808.85718,12.159,0.05
3812.85572,11.94,0.053
3819.84993,12.203,0.048
3822.87982,12.061,0.049
3826.84852,11.976,0.048
3830.84658,12.127,0.043
3833.90686,12.243,0.045
3836.88738,11.982,0.045
3848.87235,12.287,0.05
3851.8316,11.944,0.045
3859.85949,12.242,0.051
3862.78375,11.989,0.045
3864.78258,12.11,0.042
3866.80858,12.104,0.04
3868.80112,11.952,0.045
3872.90703,12.128,0.04
3882.7455,12.061,0.045
3886.87425,11.942,0.04
3891.76948,12.231,0.039
3893.76897,11.932,0.038
3896.77115,12.105,0.046
3900.76798,12.268,0.045
3902.76752,11.957,0.04
3904.79412,12.203,0.046
3906.84371,11.963,0.042
3909.71613,11.886,0.045
3913.72155,12.007,0.042
4153.8894,11.93,0.04
4157.88547,12.118,0.056
4161.87821,12.259,0.045
4165.87539,12.2,0.048
4174.8672,12.03,0.042
4177.89848,12.004,0.048
4181.86359,12.133,0.049
4185.84934,12.024,0.043
4189.84296,12.006,0.04
4192.82684,12.274,0.041
4196.85916,12.289,0.047
4202.91168,11.959,0.04
4205.86453,12.221,0.041
4215.83435,11.972,0.039
4228.86062,11.871,0.037
4230.8397,12.143,0.039
4232.92404,12.006,0.038
4235.77867,11.969,0.04
4238.76825,12.293,0.047
4246.73128,12.081,0.04
4250.74844,11.925,0.04
4255.78335,11.997,0.041
4258.70608,12.253,0.037
4272.67877,11.948,0.038
4274.7282,12.104,0.037
4277.69086,11.978,0.037
4282.71469,12.132,0.042
4284.71486,12.131,0.038
4290.70667,12.076,0.036
4292.68177,12.025,0.038
4296.68347,12.048,0.04
4298.68951,12.27,0.04
4300.66182,12.277,0.042
4302.70495,12.06,0.039
4304.64744,12.232,0.038
4306.63268,12.111,0.043
4310.63411,12.363,0.039
4312.63194,11.939,0.04
4315.63801,12.235,0.038
4317.70099,12.115,0.044
4330.58348,12.191,0.04
4332.58272,12.094,0.04
4339.68234,12.298,0.039
4341.69323,11.966,0.042
4343.69408,12.273,0.045
4345.69648,12.011,0.045
4347.69483,12.1,0.047
4349.69007,12.223,0.047
4351.70971,12.03,0.047
4354.6078,12.165,0.038
4356.63056,12.096,0.039
4358.66277,12.2,0.039
4365.51518,12.081,0.038
4367.66231,12.073,0.04
4372.55542,12.151,0.044
4375.58506,12.298,0.04
4377.61182,12.071,0.05
4379.64411,12.34,0.044
4381.63917,12.074,0.045
4384.54187,11.981,0.039
4386.56978,12.241,0.037
4388.55507,11.965,0.039
4392.51818,12.222,0.042
4402.54777,12.131,0.042
4407.55113,12.101,0.039
4410.55453,12.13,0.041
4519.88113,12.028,0.044
4523.88206,12.355,0.039
4529.86878,12.162,0.042
4533.89044,12.325,0.042
4537.86723,12.058,0.036
4541.85895,11.975,0.039
4548.85491,12.221,0.04
4552.85527,12.025,0.04
4557.83911,11.91,0.041
4560.86886,11.935,0.041
4563.88826,12.328,0.041
4567.82435,11.97,0.038
4570.8713,11.992,0.039
4573.81951,12.098,0.044
4576.80904,12.062,0.043
4583.88176,12.196,0.038
4587.77732,12.028,0.041
4590.79461,12.228,0.041
4593.79543,12.146,0.04
4595.88049,11.892,0.039
4602.79546,11.939,0.043
4606.81989,11.906,0.044
4610.81274,11.969,0.039
4616.89522,12.17,0.044
4623.70312,11.986,0.041
4627.75178,11.942,0.039
4629.75291,12.159,0.039
4631.76559,12.068,0.038
4633.74975,12.006,0.041
4638.88631,12.132,0.048
4641.66907,12.208,0.038
4643.71894,11.974,0.039
4645.7238,12.364,0.041
4647.76469,11.975,0.04
4649.7934,12.268,0.042
4651.89466,12.201,0.039
4654.63896,11.933,0.039
4656.67802,12.381,0.042
4658.72418,12.112,0.045
4661.61854,12.036,0.043
4665.66635,12.133,0.04
4667.68519,12.055,0.039
4672.76343,12.089,0.04
4675.77093,12.201,0.041
4681.69321,12.459,0.045
4683.73914,11.934,0.038
4685.66984,12.125,0.043
4687.6488,12.273,0.042
4693.56468,12.231,0.042
4697.59988,12.303,0.037
4701.59846,11.976,0.038
4705.63649,12.105,0.04
4708.59222,12.297,0.041
4710.60912,11.898,0.045
4721.6013,12.059,0.044
4724.64151,12.064,0.047
4729.64817,12.025,0.046
4733.53653,12.194,0.039
4736.61865,12.187,0.043
4739.61105,11.979,0.04
4747.52526,11.919,0.052
4752.61148,11.952,0.048
4755.53411,12.013,0.052
4757.57776,12.339,0.051
4760.55621,12.009,0.046
4763.55306,12.179,0.048
4766.53841,11.972,0.05
4769.53196,12.239,0.048
4774.51268,12.206,0.049
4776.55042,12.019,0.047
4779.54678,12.136,0.049
4784.518,12.181,0.049
4787.51778,11.999,0.043
4884.8925,12.206,0.051
4892.88296,11.993,0.054
4905.87167,12.222,0.052
4916.86754,12.14,0.048
4920.84507,12.216,0.057
4927.90113,11.972,0.055
4931.83732,12.284,0.052
4938.91487,12.057,0.056
4947.83056,12.074,0.048
4955.82061,12.134,0.052
4961.75809,12.003,0.052
4968.76695,12.095,0.049
4974.75898,12.428,0.056
4985.72425,11.945,0.048
4987.73516,12.081,0.053
4989.74832,12.009,0.051
4992.81557,12.132,0.05
5006.8361,12.258,0.054
5009.71644,12.017,0.054
5012.7583,12.278,0.054
5014.7067,12.114,0.046
5021.84382,12.047,0.05
5023.86028,12.07,0.047
5037.64617,11.971,0.052
5039.6301,12.268,0.046
5041.62272,12.088,0.044
5047.7541,12.219,0.049
5049.7648,11.931,0.052
5057.63993,12.059,0.05
5063.65215,12.173,0.05
5070.71801,11.904,0.057
5083.63713,12.177,0.05
5087.66694,12.077,0.051
5092.63153,12.033,0.049
5104.60468,12.333,0.046
5111.61644,12.04,0.051
