1963.89156,9.695,0.034
1967.8823,9.693,0.037
1978.86905,9.675,0.046
1979.90761,9.8,0.046
1981.8506,9.749,0.042
1994.83618,9.715,0.048
1997.8454,9.68,0.052
2016.79459,9.706,0.053
2025.81141,9.748,0.042
2026.84094,9.716,0.053
2030.79796,9.71,0.045
2031.80954,9.804,0.046
2032.794,9.705,0.043
2033.78743,9.708,0.041
2037.76287,9.718,0.051
2052.74291,9.747,0.054
2053.75568,9.762,0.057
2054.75052,9.711,0.059
2055.73918,9.71,0.059
2056.74034,9.745,0.059
2057.73625,9.724,0.051
2058.73757,9.876,0.054
2061.73066,9.883,0.059
2070.76457,9.722,0.055
2080.63094,9.909,0.053
2081.6808,9.718,0.06
2082.69196,9.705,0.056
2085.67188,9.701,0.053
2086.68425,9.744,0.055
2087.6684,9.712,0.056
2088.66493,9.816,0.057
2102.62457,9.856,0.054
2103.6398,9.704,0.053
2104.64367,9.717,0.053
2105.63558,9.732,0.048
2106.6365,9.703,0.05
2109.63148,9.715,0.045
2115.5857,9.716,0.052
2116.60192,9.719,0.041
2117.60083,9.696,0.05
2125.59051,9.7,0.055
2128.58079,9.694,0.052
2129.57981,9.795,0.053
2130.58671,9.709,0.05
2131.57697,9.691,0.052
2132.58057,9.947,0.049
2133.57471,9.703,0.048
2134.57767,9.703,0.051
2135.57384,9.739,0.048
2136.57115,9.711,0.053
2140.54876,9.885,0.044
2141.56491,9.715,0.049
2142.55914,9.719,0.05
2143.55273,9.94,0.052
2144.55058,9.715,0.048
2145.5461,9.727,0.05
2156.50462,9.719,0.051
2173.54884,9.915,0.048
2179.49707,9.726,0.048
2184.53464,9.938,0.057
2192.50463,9.798,0.046
2195.50514,9.965,0.046
2199.49505,9.73,0.05
2206.50938,9.971,0.04
2442.68907,9.721,0.026
2444.68616,9.685,0.029
2445.67716,9.921,0.031
2446.69113,9.707,0.029
2454.68142,9.716,0.049
2464.64419,9.762,0.03
2465.6456,9.689,0.031
2466.6361,9.702,0.03
2467.63993,9.978,0.028
2468.63682,9.701,0.029
2470.58856,9.74,0.032
2473.60338,9.694,0.035
2474.64804,9.692,0.031
2481.58963,9.747,0.045
2482.62623,9.699,0.039
2486.59229,9.897,0.047
2489.59519,9.916,0.03
2490.62782,9.666,0.044
2493.58591,9.729,0.036
2494.58456,9.721,0.037
2495.58624,9.78,0.035
2497.57894,9.909,0.031
2498.57157,9.692,0.033
2499.56966,9.705,0.03
2501.5666,9.694,0.032
2508.69457,9.76,0.039
2510.66287,9.702,0.038
2512.51963,9.688,0.029
2519.5726,9.939,0.039
2520.57132,9.703,0.031
2521.58094,9.717,0.033
2524.57135,9.726,0.037
2526.60668,9.687,0.035
2543.50875,9.719,0.04
2544.48569,9.723,0.035
2545.53311,9.708,0.034
2547.527,9.718,0.038
2549.52466,9.861,0.028
2552.52057,9.932,0.043
2561.48638,9.713,0.037
2562.52846,9.7,0.042
2564.50473,9.697,0.038
2568.50327,9.714,0.034
2684.88827,9.745,0.05
2688.89079,9.698,0.053
2702.87865,9.697,0.037
2703.88877,9.752,0.046
2711.87018,9.718,0.04
2717.89559,10.13,0.046
2720.86427,9.966,0.045
2726.84031,9.735,0.041
2728.90794,9.756,0.044
2730.88956,9.717,0.04
2734.80499,9.719,0.039
2736.84707,9.723,0.044
2738.85026,9.694,0.039
2740.85328,9.699,0.037
2742.84838,9.908,0.04
2744.88618,9.712,0.042
2755.79058,9.718,0.035
2757.80109,9.689,0.038
2760.75538,9.711,0.036
2764.78428,9.767,0.034
2770.84836,9.74,0.043
2775.84514,9.867,0.046
2782.80865,9.724,0.036
2786.72931,9.719,0.036
2790.75352,9.703,0.033
2802.79564,9.81,0.039
2808.74034,9.732,0.037
2810.66738,9.801,0.032
2811.84981,9.719,0.04
2813.73656,9.92,0.041
2820.77414,9.702,0.033
2826.77333,9.705,0.033
2830.6432,9.715,0.034
2835.64202,9.905,0.032
2838.81001,9.941,0.04
2840.72438,9.737,0.051
2841.65733,9.713,0.034
2843.65093,9.897,0.043
2851.61859,9.731,0.032
2855.6399,9.706,0.035
2855.6637,9.804,0.063
2862.59571,9.775,0.039
2866.5958,9.691,0.034
2867.69739,9.702,0.036
2872.56661,9.694,0.031
2875.6002,9.708,0.037
2877.5909,9.715,0.033
2879.59154,9.754,0.031
2882.61505,9.7,0.041
2884.57767,9.832,0.036
2893.60018,9.733,0.042
2901.58857,9.76,0.062
2904.62856,9.706,0.057
2906.63143,9.797,0.034
2910.50186,9.696,0.035
2916.4888,9.745,0.059
2917.58876,9.873,0.042
2921.57961,9.697,0.046
2923.57558,9.727,0.043
2926.57403,9.733,0.048
2932.56851,9.693,0.039
2934.56289,9.727,0.036
2937.50873,9.704,0.04
2949.5033,9.703,0.046
3060.89603,9.721,0.04
3064.89883,9.73,0.053
3066.87932,9.924,0.042
3068.90114,9.711,0.048
3076.88343,9.71,0.044
3081.87218,9.687,0.054
3087.88153,9.705,0.047
3091.87238,9.728,0.04
3097.84853,9.701,0.038
3100.88936,9.698,0.044
3103.87665,9.704,0.047
3107.91913,9.867,0.043
3110.90124,9.879,0.034
3113.86204,9.703,0.034
3116.84607,9.71,0.039
3122.87441,9.704,0.039
3125.7835,9.698,0.04
3142.77588,9.719,0.036
3152.84131,9.704,0.041
3154.74686,9.733,0.029
3162.77339,9.818,0.04
3164.80072,9.717,0.038
3170.75037,9.961,0.04
3173.70955,9.736,0.05
3176.755,9.73,0.053
3179.67863,9.71,0.04
3182.69159,9.707,0.03
3184.67872,9.737,0.038
3186.70449,9.726,0.038
3189.73175,9.807,0.047
3191.8336,9.696,0.05
3266.51153,9.722,0.037
3272.49231,9.712,0.056
3274.60939,9.951,0.049
3277.57236,9.757,0.036
3279.59409,9.705,0.044
3299.49593,9.717,0.042
3417.88715,9.738,0.054
3421.89637,9.723,0.05
3425.89095,9.762,0.044
3448.88187,9.715,0.033
3452.886,9.71,0.036
3455.84231,9.718,0.043
3458.86648,9.737,0.039
3464.84721,9.93,0.035
3468.84621,9.697,0.05
3471.88535,9.696,0.045
3474.86337,9.711,0.05
3477.84796,9.7,0.049
3480.83407,9.727,0.058
3483.80781,9.958,0.051
3490.87163,9.666,0.059
3502.78644,9.913,0.056
3504.83103,9.692,0.055
3508.83203,9.844,0.03
3511.7729,9.723,0.043
3517.79914,9.687,0.048
3521.76563,9.715,0.056
3523.81262,9.69,0.055
3528.78367,9.669,0.062
3537.8081,9.669,0.058
3539.75304,9.712,0.057
3550.70831,9.696,0.05
3552.747,9.735,0.061
3558.8362,9.713,0.062
3563.62377,9.718,0.05
3568.80663,9.866,0.047
3572.80889,9.681,0.052
3575.58704,9.71,0.04
3577.63924,9.711,0.044
3582.77708,9.86,0.063
3584.73387,9.719,0.055
3586.67887,9.701,0.057
3588.70329,9.706,0.048
3591.55886,9.687,0.048
3594.53698,9.697,0.049
3602.57226,9.705,0.051
3604.57875,9.727,0.046
3609.5264,9.875,0.051
3615.52577,9.718,0.051
3618.56265,9.694,0.053
3622.64966,9.688,0.043
3628.49567,9.946,0.043
3630.57643,9.692,0.052
3632.58285,9.684,0.051
3634.61086,9.768,0.055
3637.62285,9.703,0.047
3641.5796,9.701,0.043
3644.52224,9.72,0.061
3648.52278,9.711,0.043
3650.55262,9.943,0.042
3657.5634,9.689,0.055
3660.51669,9.689,0.059
3662.54028,9.71,0.066
3664.55503,9.798,0.054
3668.53128,9.676,0.043
3671.52258,9.714,0.045
3674.52784,9.694,0.048
3677.51433,9.717,0.051
3796.8907,9.871,0.047
3800.89138,9.681,0.061
3808.8767,9.713,0.062
3812.87886,9.706,0.059
3819.87439,9.701,0.055
3823.85499,9.707,0.059
3827.84675,9.713,0.051
3827.88599,9.736,0.046
3830.88951,9.705,0.055
3834.83344,9.707,0.054
3837.8622,9.74,0.051
3850.83603,9.702,0.05
3853.8239,9.711,0.05
3856.80842,9.718,0.056
3859.79904,9.874,0.05
3862.79147,9.901,0.046
3864.79035,9.727,0.05
3866.8222,9.703,0.053
3868.81235,9.693,0.063
3874.78307,9.71,0.055
3877.76586,9.694,0.052
3880.81824,9.694,0.048
3883.8209,9.698,0.054
3887.76332,9.727,0.053
3889.88342,9.687,0.044
3891.78396,9.707,0.045
3900.75334,9.807,0.058
3902.75436,9.708,0.055
3906.79648,9.819,0.055
3912.79952,9.721,0.048
4156.89798,9.833,0.055
4160.89741,9.707,0.043
4161.8967,9.798,0.049
4161.89852,9.754,0.041
4164.89917,9.934,0.05
4167.89628,9.799,0.045
4168.90197,9.703,0.041
4175.87397,9.95,0.046
4175.88998,9.975,0.045
4179.8748,9.667,0.052
4179.8953,9.686,0.051
4179.90035,9.734,0.049
4182.9022,9.686,0.04
4183.87911,9.775,0.044
4186.90338,9.994,0.049
4190.85475,9.695,0.037
4191.86011,9.723,0.037
4192.89277,9.765,0.039
4193.86062,9.685,0.037
4202.91739,9.746,0.036
4203.87565,9.726,0.037
4205.87095,9.866,0.038
4213.90808,9.734,0.042
4216.84513,9.907,0.037
4216.86809,9.872,0.036
4228.85187,9.716,0.037
4228.8574,9.726,0.036
4229.87211,9.741,0.038
4230.83665,9.85,0.036
4231.87069,9.691,0.037
4232.91244,9.722,0.038
4235.78794,9.811,0.035
4238.77919,10.035,0.059
4247.7522,9.707,0.036
4251.78648,9.711,0.042
4256.77902,9.718,0.034
4259.7169,9.692,0.053
4266.7528,9.688,0.039
4269.68922,9.708,0.036
4272.72739,9.686,0.038
4274.73191,9.732,0.033
4277.70044,9.72,0.032
4283.704,9.71,0.049
4289.69633,9.744,0.035
4291.69701,9.725,0.035
4293.68371,9.731,0.032
4295.69763,9.726,0.037
4297.68886,9.683,0.045
4299.66411,9.712,0.039
4301.64852,9.889,0.041
4303.65172,9.72,0.032
4310.62974,9.71,0.036
4312.6276,9.853,0.046
4315.63287,9.726,0.033
4329.58088,9.716,0.037
4331.56925,9.972,0.033
4333.55588,9.722,0.032
4338.55089,9.721,0.036
4340.60052,9.711,0.038
4342.5961,9.947,0.055
4344.59387,9.715,0.041
4346.59558,9.714,0.04
4348.59724,9.748,0.046
4350.59809,9.81,0.041
4352.60803,9.723,0.038
4355.59203,9.714,0.035
4357.60166,9.676,0.039
4359.56648,9.737,0.033
4359.6808,9.723,0.041
4365.49307,9.701,0.038
4368.57152,9.727,0.042
4372.59704,9.873,0.046
4375.60098,9.946,0.034
4378.50343,9.714,0.036
4380.55852,9.688,0.044
4383.53126,9.969,0.033
4386.51642,9.8,0.033
4393.49266,9.725,0.045
4399.5298,9.721,0.047
4403.52404,9.74,0.041
4407.52568,9.687,0.038
4413.51622,9.806,0.063
4519.89588,9.691,0.049
4520.89815,9.763,0.056
4524.89868,9.739,0.037
4530.89155,9.726,0.035
4530.89958,9.712,0.037
4532.89068,9.938,0.036
4537.90095,9.713,0.035
4541.89319,9.724,0.036
4545.89094,9.725,0.05
4546.88639,9.72,0.043
4557.86313,9.728,0.036
4558.8586,9.697,0.035
4561.8894,9.73,0.035
4564.87343,9.73,0.036
4565.87441,9.853,0.035
4567.89004,9.724,0.036
4570.89695,9.733,0.036
4573.83181,9.972,0.039
4576.82293,9.742,0.043
4585.83732,9.708,0.037
4585.84,9.698,0.037
4585.86975,9.707,0.039
4585.87316,9.708,0.04
4588.81798,9.694,0.043
4588.85596,9.684,0.042
4591.80996,9.672,0.036
4593.86314,9.731,0.032
4596.79712,9.689,0.035
4596.85198,9.723,0.034
4601.78456,9.726,0.037
4606.81688,9.945,0.051
4611.80456,9.735,0.036
4611.87791,9.715,0.038
4615.80617,9.694,0.038
4616.82709,9.707,0.039
4617.76463,9.799,0.041
4623.74707,9.704,0.038
4623.81203,9.763,0.038
4623.83208,9.723,0.039
4626.65262,9.715,0.041
4628.72382,9.739,0.043
4630.69992,9.73,0.036
4632.70279,9.707,0.035
4638.73288,9.731,0.043
4640.72714,9.71,0.035
4641.75329,9.963,0.035
4642.7186,9.73,0.035
4643.74887,9.705,0.041
4644.73955,9.829,0.038
4645.77865,9.728,0.037
4646.85544,9.695,0.055
4646.86419,9.731,0.056
4647.84056,9.914,0.035
4649.65468,9.722,0.048
4650.67529,9.646,0.039
4651.70116,9.693,0.034
4652.71891,9.712,0.035
4653.70085,9.764,0.034
4654.7142,9.702,0.034
4655.68862,9.912,0.034
4656.70822,9.724,0.04
4657.72352,9.752,0.034
4660.70187,9.725,0.035
4666.65584,9.948,0.039
4666.68911,9.946,0.04
4670.66761,9.703,0.036
4670.67017,9.71,0.038
4672.66079,9.722,0.036
4672.69373,9.693,0.036
4675.69286,9.765,0.054
4678.69062,9.712,0.038
4681.61294,9.699,0.04
4681.64347,9.701,0.044
4683.61341,9.726,0.042
4683.64344,9.724,0.044
4685.60351,9.858,0.041
4685.63,9.83,0.043
4687.60014,9.714,0.036
4687.63003,9.711,0.038
4693.58357,9.728,0.046
4694.59958,9.723,0.046
4697.58524,9.709,0.037
4701.5881,9.706,0.034
4701.67794,9.717,0.035
4703.59337,9.71,0.038
4705.62931,9.71,0.04
4705.73848,9.736,0.036
4707.70946,9.757,0.048
4708.63806,9.695,0.038
4710.5823,9.892,0.053
4710.65646,9.992,0.049
4715.56201,9.771,0.047
4720.51262,9.725,0.041
4722.54166,9.709,0.045
4725.56665,9.705,0.047
4726.62847,9.786,0.048
4728.531,9.759,0.046
4729.61224,9.973,0.042
4730.57185,9.753,0.049
4731.63603,9.723,0.052
4733.5874,9.689,0.038
4737.57599,9.778,0.04
4740.5647,9.979,0.038
4748.48911,9.941,0.049
4754.52626,9.725,0.045
4754.5481,9.742,0.044
4756.56543,9.719,0.044
4756.58307,9.713,0.048
4759.53701,9.872,0.046
4762.5322,9.922,0.042
4762.5499,9.907,0.044
4765.52853,9.755,0.045
4765.54451,9.76,0.042
4768.52309,9.678,0.042
4768.54007,9.698,0.047
4780.50391,9.722,0.052
4879.89105,9.694,0.045
4886.89882,10.02,0.065
4891.89912,9.731,0.054
4891.90106,9.714,0.058
4906.87025,9.727,0.06
4906.90637,9.698,0.059
4916.90429,9.728,0.055
4920.87424,9.703,0.052
4927.91446,9.774,0.053
4931.85225,9.722,0.065
4931.8582,9.688,0.063
4939.90485,9.72,0.061
4946.8462,9.73,0.061
4946.854,9.759,0.057
4949.82852,9.933,0.058
4949.84348,9.967,0.061
4952.81491,9.805,0.053
4952.83626,9.908,0.054
4955.78307,9.728,0.064
4955.7974,9.703,0.06
4959.84785,9.688,0.064
4962.82001,9.719,0.056
4969.77738,9.694,0.058
4973.73003,9.71,0.055
4975.8117,9.682,0.065
4984.77573,9.714,0.059
4993.76118,9.93,0.059
5006.7567,9.692,0.062
5012.75298,9.916,0.057
5014.69384,9.741,0.053
5014.71384,9.729,0.054
5021.68414,9.687,0.057
5023.68698,9.973,0.049
5025.74258,9.723,0.053
5042.62718,9.955,0.063
5048.60813,9.725,0.055
5067.56205,9.736,0.066
5067.58202,9.762,0.06
5075.54186,9.9,0.057
5082.65029,9.721,0.052
5085.55862,9.692,0.05
5087.58879,9.715,0.052
5089.57836,9.742,0.06
5089.64062,9.782,0.054
5092.5552,9.715,0.049
5093.63598,9.721,0.061
5097.49487,9.762,0.063
5111.54934,9.732,0.05
