1954.89079,13.055,0.059
1955.8774,13.232,0.045
1962.88472,13.279,0.047
1964.87743,12.909,0.044
1964.8929,13.328,0.041
1966.88644,13.122,0.04
1978.87544,13.396,0.05
1980.84885,13.332,0.05
1981.88696,13.147,0.044
1982.87642,13.317,0.048
1994.83787,13.176,0.051
1997.85886,13.097,0.052
2009.81536,12.665,0.06
2016.80321,12.439,0.053
2025.78644,12.184,0.055
2025.84309,12.23,0.049
2026.85166,12.192,0.065
2027.7976,12.099,0.061
2027.81524,12.13,0.059
2030.78687,12.114,0.06
2030.82237,12.123,0.056
2031.82047,12.118,0.065
2032.78512,12.016,0.054
2032.80252,12.247,0.056
2033.77403,12.069,0.058
2033.81842,12.023,0.051
2037.77358,12.066,0.075
2052.75825,12.009,0.073
2053.7666,11.971,0.067
2054.76143,12.012,0.081
2055.75009,11.9,0.081
2056.74903,11.931,0.076
2057.74718,11.992,0.067
2058.74619,12.067,0.074
2061.74163,12.092,0.07
2064.7857,12.072,0.06
2064.79209,12.007,0.06
2065.71157,12.028,0.07
2069.76841,12.222,0.057
2070.76016,12.218,0.057
2070.78755,12.216,0.062
2080.63756,12.443,0.078
2081.69415,12.407,0.07
2082.70085,12.62,0.063
2085.66292,12.671,0.056
2085.68977,12.669,0.07
2086.69565,12.528,0.063
2087.67955,12.702,0.069
2088.67615,12.822,0.072
2093.59487,12.784,0.067
2102.611,12.862,0.063
2102.63359,12.924,0.057
2103.62855,12.872,0.053
2103.65115,12.929,0.061
2104.63463,12.969,0.051
2104.65053,12.9,0.053
2105.64246,12.847,0.057
2106.62517,12.894,0.055
2109.63837,12.794,0.047
2114.76658,12.886,0.05
2115.63004,12.792,0.053
2116.61336,12.874,0.062
2117.58947,12.799,0.056
2128.56304,12.748,0.061
2129.57523,12.666,0.055
2129.59813,12.673,0.061
2130.58205,12.748,0.057
2130.59597,12.712,0.058
2131.58406,12.766,0.061
2132.57598,12.672,0.055
2133.57009,12.764,0.053
2133.58404,12.729,0.051
2134.57299,12.844,0.062
2134.58696,12.821,0.066
2135.56468,12.764,0.057
2135.58321,12.837,0.053
2136.56651,12.702,0.051
2136.58719,12.783,0.061
2140.56708,13.019,0.074
2141.56025,12.763,0.062
2141.57424,12.811,0.061
2142.56628,12.795,0.054
2143.54582,12.78,0.06
2143.56676,12.785,0.058
2144.54593,12.807,0.051
2144.55775,12.817,0.057
2145.54141,12.908,0.049
2145.55548,12.916,0.05
2151.58654,12.881,0.058
2156.50685,12.993,0.054
2167.48509,12.805,0.048
2167.50154,12.853,0.045
2171.4864,12.996,0.051
2171.49397,12.87,0.053
2173.50514,12.935,0.054
2173.53618,12.968,0.05
2179.4924,13.102,0.065
2184.50112,13.092,0.049
2184.5094,12.876,0.055
2188.48976,12.964,0.051
2191.5012,12.882,0.059
2194.5089,13.017,0.065
2206.50014,12.986,0.064
2442.70023,13.067,0.039
2443.67751,12.951,0.034
2444.67944,12.949,0.034
2446.68217,13.188,0.041
2446.70229,13.128,0.046
2454.68367,13.086,0.049
2455.69495,13.272,0.046
2460.67389,13.128,0.031
2464.63285,13.152,0.042
2464.65331,12.987,0.034
2465.66141,13.012,0.035
2466.6293,13.263,0.039
2466.64519,13.139,0.039
2467.62859,13.152,0.038
2467.64903,13.229,0.03
2468.62777,13.142,0.037
2468.64819,13.091,0.031
2470.59768,13.236,0.037
2473.59657,12.959,0.041
2473.61484,13.073,0.036
2474.64343,13.093,0.047
2474.65716,13.13,0.044
2481.5828,12.818,0.054
2481.60106,13.128,0.045
2482.61713,12.688,0.05
2482.63546,12.828,0.043
2486.60611,13.029,0.045
2489.57674,12.705,0.04
2489.61854,12.722,0.039
2490.61863,12.91,0.052
2491.59761,12.698,0.052
2493.57218,12.716,0.048
2493.59301,12.714,0.039
2494.60285,12.668,0.047
2495.58157,12.601,0.049
2495.59556,12.497,0.041
2497.57434,12.645,0.037
2497.59284,12.555,0.035
2498.56471,12.449,0.049
2498.58989,12.456,0.032
2499.5628,12.474,0.048
2499.57902,12.556,0.042
2500.5535,12.433,0.053
2501.562,12.353,0.047
2501.58732,12.463,0.036
2502.58959,12.349,0.047
2503.58976,12.38,0.06
2508.53285,12.222,0.037
2508.66435,12.136,0.039
2510.63933,12.143,0.049
2511.56874,12.086,0.039
2512.62645,12.05,0.045
2519.5773,12.029,0.058
2519.64044,12.057,0.033
2520.63575,12.039,0.045
2521.58299,12.017,0.051
2521.64274,12.027,0.044
2526.60872,12.122,0.059
2526.63774,12.068,0.048
2535.54852,12.26,0.06
2535.55151,12.296,0.054
2540.58533,12.813,0.065
2544.58566,12.431,0.055
2545.63045,12.462,0.048
2549.57287,12.649,0.053
2561.49293,12.921,0.046
2562.4965,12.92,0.05
2563.55946,13.024,0.045
2564.57985,13.021,0.055
2566.52981,13.319,0.06
2568.51745,13.125,0.043
2694.88848,13.159,0.042
2699.88653,13.05,0.041
2702.86934,12.881,0.045
2703.87988,13.039,0.041
2706.87438,12.962,0.042
2709.87134,12.965,0.044
2712.86575,12.814,0.04
2717.88796,12.562,0.044
2720.87094,12.634,0.049
2726.8262,12.383,0.04
2728.86355,12.234,0.041
2730.89128,12.252,0.042
2734.81223,12.181,0.044
2736.8488,12.157,0.041
2738.85906,12.175,0.04
2739.86553,12.133,0.044
2740.87152,12.098,0.041
2741.83844,12.176,0.046
2742.8616,12.119,0.041
2743.83514,12.105,0.044
2744.85345,12.09,0.04
2747.86327,12.034,0.049
2754.81308,12.162,0.048
2755.78626,12.184,0.04
2756.82555,12.102,0.038
2757.79449,12.181,0.046
2758.84862,12.322,0.039
2759.85935,12.296,0.047
2760.81806,12.275,0.041
2761.79481,12.28,0.043
2764.80951,12.329,0.039
2768.85015,12.225,0.048
2770.84143,12.42,0.039
2782.8249,12.628,0.043
2783.81542,12.69,0.044
2784.75624,12.702,0.042
2786.718,12.764,0.043
2786.74949,12.706,0.04
2788.80827,12.903,0.044
2788.81283,12.722,0.046
2788.81506,12.805,0.049
2788.81728,12.705,0.047
2788.8195,12.81,0.046
2788.82171,12.765,0.046
2788.82393,12.697,0.04
2788.82616,12.717,0.042
2788.82837,12.759,0.046
2788.83059,12.675,0.052
2788.87053,12.96,0.051
2788.87276,12.809,0.051
2788.87497,12.703,0.05
2788.87941,12.856,0.051
2788.88162,12.744,0.048
2788.88384,12.742,0.047
2788.88607,12.86,0.046
2788.88828,12.822,0.045
2788.8905,12.786,0.046
2788.89272,12.793,0.045
2788.90159,12.825,0.047
2788.90603,12.907,0.053
2788.90824,12.846,0.049
2788.91047,12.822,0.054
2788.93709,12.853,0.052
2789.57914,12.794,0.047
2789.58137,12.685,0.046
2789.5858,12.837,0.047
2789.58802,12.852,0.046
2789.59025,12.854,0.045
2789.59247,12.841,0.046
2789.59912,12.837,0.047
2789.60135,12.806,0.045
2789.60357,12.773,0.046
2789.60579,12.778,0.046
2789.60801,12.804,0.045
2789.61022,12.826,0.045
2789.61245,12.78,0.046
2789.61688,12.856,0.046
2789.6191,12.775,0.046
2789.62131,12.755,0.049
2789.62353,12.816,0.047
2789.62576,12.785,0.047
2789.62797,12.946,0.046
2789.63019,12.698,0.047
2789.63241,12.836,0.045
2789.63462,12.743,0.046
2789.63685,12.786,0.046
2789.63907,12.834,0.046
2789.64128,12.783,0.046
2789.6435,12.717,0.046
2789.64572,12.747,0.046
2789.64793,12.694,0.045
2789.65016,12.777,0.046
2789.65238,12.72,0.046
2789.6546,12.716,0.046
2789.65681,12.915,0.045
2789.65903,12.879,0.045
2789.66126,12.793,0.044
2789.66347,12.814,0.045
2789.66569,12.829,0.046
2789.66791,12.829,0.044
2789.67013,12.754,0.045
2789.67236,12.81,0.045
2789.67458,12.74,0.046
2789.67901,12.795,0.045
2789.68123,12.825,0.045
2789.68346,12.783,0.044
2789.68568,12.74,0.045
2789.68789,12.723,0.046
2789.69011,12.792,0.045
2789.69233,12.798,0.046
2789.69455,12.859,0.046
2789.69678,12.777,0.045
2789.699,12.805,0.044
2789.70121,12.817,0.044
2789.70343,12.814,0.045
2789.70566,12.729,0.044
2789.70787,12.818,0.045
2789.71009,12.759,0.045
2789.71231,12.826,0.045
2789.71452,12.706,0.046
2789.71675,12.837,0.047
2789.71896,12.697,0.047
2789.72118,12.79,0.048
2789.7234,12.735,0.045
2789.72561,12.811,0.047
2789.72785,12.851,0.049
2789.73006,12.761,0.045
2789.73228,12.769,0.048
2789.73449,12.756,0.045
2789.73671,12.76,0.05
2789.73893,12.772,0.051
2789.74114,12.773,0.052
2789.74337,12.801,0.051
2789.74559,12.827,0.047
2789.7478,12.871,0.052
2789.75002,12.968,0.05
2789.75224,12.761,0.056
2789.75447,12.885,0.048
2789.75668,12.918,0.054
2789.7589,12.907,0.049
2789.76112,12.876,0.047
2789.76334,12.731,0.054
2789.76556,12.865,0.045
2789.76778,12.831,0.044
2789.77,12.855,0.047
2789.77221,12.852,0.055
2789.77443,12.847,0.049
2789.77666,12.729,0.049
2789.77887,12.773,0.054
2789.78109,12.923,0.047
2789.78552,12.816,0.049
2789.78774,12.833,0.052
2789.78997,12.76,0.049
2789.79662,12.834,0.046
2789.79884,12.886,0.051
2789.80106,12.785,0.043
2789.80328,12.727,0.052
2789.8055,12.718,0.046
2789.80772,12.801,0.045
2789.80993,12.786,0.052
2789.81216,12.824,0.047
2789.81438,12.731,0.063
2789.81659,12.786,0.053
2789.81881,12.77,0.045
2789.82103,12.817,0.044
2789.82548,12.819,0.048
2789.82769,12.874,0.048
2789.82991,12.837,0.051
2789.83212,12.769,0.043
2789.83434,12.907,0.054
2789.83657,12.862,0.044
2789.83878,12.85,0.052
2789.84103,12.858,0.048
2789.84324,12.841,0.054
2789.84547,12.921,0.048
2789.8477,12.821,0.049
2789.84991,12.812,0.049
2789.85213,12.846,0.048
2789.85434,12.825,0.049
2789.85657,12.771,0.048
2789.85879,12.867,0.048
2789.861,12.814,0.046
2789.86322,12.797,0.047
2789.86544,12.818,0.045
2789.86766,12.744,0.047
2789.86988,12.728,0.048
2789.8721,12.765,0.047
2789.87431,12.761,0.05
2789.87653,12.78,0.046
2789.87876,12.826,0.049
2789.88097,12.791,0.048
2789.88319,12.826,0.048
2789.8854,12.769,0.046
2789.88763,12.802,0.047
2789.89207,12.8,0.047
2789.89429,12.748,0.048
2789.8965,12.802,0.047
2789.89872,12.847,0.049
2789.90094,12.814,0.045
2789.90315,12.988,0.05
2789.90539,13.245,0.048
2789.90761,12.96,0.046
2789.90982,13.028,0.046
2789.91204,12.924,0.047
2789.91426,12.717,0.045
2789.91648,12.769,0.047
2789.9187,12.832,0.045
2789.92092,12.723,0.045
2789.92314,12.72,0.047
2789.92536,12.785,0.045
2789.92758,12.752,0.046
2789.92979,12.765,0.047
2789.93201,12.743,0.048
2789.93423,12.825,0.046
2789.93644,12.815,0.048
2789.93867,12.853,0.046
2789.94089,12.77,0.047
2789.9431,12.813,0.048
2790.73919,12.794,0.043
2790.77462,12.864,0.042
2792.57301,12.891,0.044
2792.57524,12.773,0.044
2792.57746,12.911,0.044
2792.57968,12.862,0.043
2792.5819,12.762,0.043
2792.58411,12.849,0.042
2792.58633,12.862,0.044
2792.58855,12.838,0.044
2792.59076,12.887,0.044
2792.593,12.968,0.045
2792.59521,12.947,0.044
2792.59743,12.968,0.045
2792.60506,13.02,0.046
2792.60728,12.901,0.043
2792.60949,12.781,0.044
2792.61171,12.9,0.047
2792.61394,12.846,0.044
2792.61838,12.978,0.046
2792.6206,12.941,0.045
2792.62283,12.902,0.045
2792.62504,12.888,0.044
2792.62948,12.788,0.045
2792.63169,12.801,0.045
2792.63391,12.875,0.044
2792.63835,12.999,0.044
2792.64057,12.809,0.045
2792.64279,12.9,0.043
2792.64501,12.886,0.043
2792.64722,12.904,0.044
2792.64945,12.825,0.043
2792.65167,12.761,0.043
2792.65389,12.905,0.043
2792.6561,13.055,0.042
2792.65832,12.874,0.043
2792.66055,12.84,0.043
2792.66277,12.885,0.043
2792.66499,12.946,0.042
2792.6672,12.978,0.043
2792.67165,12.919,0.042
2792.67387,13.207,0.044
2792.74932,13.016,0.045
2793.57383,13.218,0.056
2793.57604,13.067,0.053
2793.57826,12.949,0.048
2793.58049,12.828,0.05
2793.5827,12.861,0.053
2793.58492,12.837,0.052
2793.58714,12.799,0.052
2793.5938,12.845,0.047
2793.59601,12.868,0.055
2793.59823,12.844,0.053
2793.60488,12.971,0.045
2793.6071,13.048,0.05
2793.60932,12.853,0.049
2793.61154,12.862,0.052
2793.61375,12.862,0.048
2793.61597,12.878,0.049
2793.6182,12.77,0.046
2793.62041,13.004,0.051
2793.62485,12.794,0.052
2793.89559,12.844,0.061
2793.89781,12.932,0.058
2793.90003,13.031,0.049
2793.90225,13.035,0.059
2793.90447,12.876,0.059
2793.90669,13.019,0.062
2793.9089,13.141,0.054
2793.91113,12.928,0.06
2793.92223,12.897,0.06
2793.93556,12.959,0.059
2793.93778,12.857,0.056
2793.94225,12.819,0.056
2793.94447,12.897,0.05
2794.73294,12.982,0.045
2794.73515,12.978,0.048
2794.73737,12.927,0.05
2794.73959,13.012,0.053
2794.7418,12.973,0.052
2794.74403,12.896,0.05
2794.74625,12.941,0.054
2794.74847,13.02,0.045
2794.75069,13.011,0.051
2794.7529,12.915,0.048
2794.75513,12.911,0.057
2794.75735,12.95,0.055
2794.75956,12.954,0.051
2794.76178,12.982,0.055
2794.764,12.846,0.048
2794.76623,12.907,0.045
2794.76844,12.936,0.047
2794.77067,12.926,0.055
2794.77288,12.953,0.048
2794.7751,12.97,0.052
2794.77733,13.032,0.051
2794.77955,12.81,0.047
2794.78176,12.89,0.053
2794.78398,12.825,0.048
2794.7862,12.89,0.056
2794.78843,12.947,0.046
2794.79065,12.818,0.055
2794.79287,12.958,0.051
2794.79508,12.866,0.047
2794.7973,12.971,0.051
2794.80174,13.078,0.056
2794.80396,12.934,0.048
2794.80618,12.905,0.055
2794.8084,12.988,0.053
2794.81063,12.997,0.051
2794.81284,13.015,0.053
2794.81506,12.876,0.053
2794.81728,12.97,0.055
2794.81949,12.853,0.045
2794.82171,12.865,0.044
2794.82394,12.875,0.05
2794.82615,13.095,0.049
2794.82837,13.049,0.052
2794.83059,12.923,0.049
2794.8328,12.904,0.048
2795.74558,12.906,0.045
2795.7478,12.916,0.047
2795.75001,13.097,0.047
2795.75225,13.153,0.044
2795.75446,13.036,0.044
2795.75668,12.918,0.049
2795.7589,13.053,0.045
2795.76111,12.981,0.048
2795.76334,13.051,0.047
2795.76555,13.067,0.046
2795.76778,12.974,0.053
2795.76999,12.978,0.049
2795.77221,13.033,0.054
2795.77444,13.018,0.046
2795.79218,12.969,0.055
2795.79439,12.912,0.055
2795.79661,12.984,0.048
2795.80106,12.997,0.044
2795.80549,12.889,0.043
2795.80771,12.954,0.045
2795.80992,13.038,0.046
2795.81214,13.06,0.049
2795.81437,13.204,0.047
2795.81658,13.036,0.049
2795.8188,13.033,0.05
2795.82102,13.099,0.051
2795.82323,12.984,0.053
2795.83656,12.878,0.049
2795.84321,12.909,0.051
2795.84988,13.148,0.049
2795.85209,13,0.049
2795.85431,12.975,0.046
2795.85653,12.997,0.048
2795.85874,12.933,0.049
2795.86097,13.141,0.051
2795.86319,13.145,0.05
2795.86541,13.174,0.05
2795.86762,12.936,0.055
2795.8765,12.914,0.055
2795.87872,12.966,0.051
2795.90533,12.874,0.05
2795.90755,12.897,0.05
2795.90978,12.896,0.047
2795.91199,12.93,0.049
2795.91421,12.971,0.049
2796.56147,12.889,0.046
2796.56369,13.022,0.047
2796.56592,12.975,0.048
2796.56813,13.002,0.047
2796.57257,13.02,0.047
2796.57478,13.033,0.045
2796.577,13.037,0.047
2796.57923,13.06,0.046
2796.58144,13.107,0.047
2796.58366,13.035,0.048
2796.58588,13.193,0.047
2796.58809,13.076,0.048
2796.59031,13.131,0.047
2796.59254,13.037,0.047
2796.59476,12.986,0.047
2796.59698,12.963,0.047
2796.5992,12.988,0.046
2796.60143,12.952,0.047
2796.60364,12.968,0.049
2796.60586,12.833,0.047
2796.60808,12.935,0.046
2796.61029,12.887,0.048
2796.61251,12.911,0.049
2796.61474,13,0.047
2796.61696,12.927,0.048
2796.61917,12.971,0.047
2796.62139,12.967,0.046
2796.62361,12.873,0.047
2796.62584,12.985,0.047
2796.62805,13.112,0.047
2796.63027,13.051,0.047
2796.63249,12.991,0.047
2796.6347,12.944,0.048
2796.63693,12.948,0.047
2796.63916,13.01,0.048
2796.64137,13.036,0.048
2796.64359,12.961,0.049
2796.64581,13.052,0.048
2796.64804,13.09,0.047
2796.65026,13.091,0.047
2796.65248,13.009,0.048
2796.6547,12.958,0.047
2796.65691,13.108,0.046
2796.65914,13.013,0.047
2796.66136,12.961,0.046
2796.66357,12.917,0.046
2796.66579,12.944,0.047
2796.66801,13.044,0.046
2796.67023,13.025,0.047
2796.67245,12.974,0.046
2796.67467,13.05,0.048
2796.67689,13.105,0.047
2796.67911,13.138,0.046
2796.68133,13.028,0.047
2796.68355,12.99,0.046
2796.68577,13.006,0.046
2796.68799,12.997,0.046
2796.69021,12.956,0.046
2796.69244,12.951,0.044
2796.69466,12.978,0.045
2796.69688,12.998,0.043
2796.6991,12.905,0.045
2796.70131,12.924,0.044
2796.70354,12.904,0.043
2796.70576,12.935,0.044
2796.70797,12.88,0.045
2796.71019,12.955,0.046
2796.71463,13.016,0.046
2796.71685,12.955,0.044
2796.71907,12.937,0.046
2796.72129,12.918,0.045
2796.7235,12.977,0.046
2796.72573,13.002,0.045
2796.72795,12.963,0.046
2796.73017,12.955,0.046
2796.73238,12.915,0.046
2796.7346,12.943,0.048
2796.73683,13.076,0.045
2796.74126,13.007,0.047
2796.74348,13.008,0.049
2796.74569,13.111,0.046
2796.74791,12.814,0.045
2796.75014,12.998,0.048
2796.75235,13.025,0.045
2796.75457,13.036,0.049
2796.75679,13.083,0.048
2796.759,12.942,0.046
2796.76122,13.029,0.048
2796.76345,13.12,0.044
2796.76567,13.033,0.05
2796.76788,13.005,0.043
2796.7701,12.989,0.051
2796.77232,13.011,0.047
2796.77454,12.976,0.052
2796.77676,12.986,0.05
2796.77897,12.955,0.05
2796.78119,12.884,0.051
2796.78341,12.964,0.046
2796.78564,12.857,0.05
2796.78786,12.962,0.051
2796.79007,12.947,0.052
2796.79229,12.891,0.049
2796.7945,12.893,0.048
2796.79672,12.927,0.051
2796.79895,12.914,0.047
2796.80339,12.885,0.047
2796.80561,12.965,0.047
2796.80782,12.977,0.048
2796.81005,12.977,0.05
2796.81227,12.915,0.048
2796.81448,13.069,0.045
2796.8167,13.06,0.049
2796.81892,13.122,0.045
2796.82113,12.983,0.048
2796.82336,13.01,0.045
2796.82779,13.069,0.049
2796.83223,13.025,0.049
2796.83445,13.049,0.046
2796.83667,13.004,0.049
2796.83888,12.979,0.046
2796.8411,13.013,0.048
2796.84332,13.131,0.048
2796.84555,13.072,0.048
2796.84777,13.064,0.048
2796.84998,12.912,0.047
2796.8522,13.013,0.049
2796.85442,12.959,0.047
2796.85886,13.031,0.048
2796.86108,12.955,0.049
2796.86329,13.021,0.046
2796.86551,12.881,0.048
2796.86773,12.86,0.047
2796.86994,12.995,0.048
2796.87217,12.937,0.049
2796.87439,12.932,0.048
2796.8766,12.991,0.047
2796.87882,13.006,0.045
2796.88104,13.012,0.047
2796.88325,12.961,0.048
2796.8877,13.032,0.046
2796.88992,13.006,0.048
2796.89214,12.87,0.049
2796.89437,12.919,0.048
2796.89659,12.989,0.049
2796.8988,12.922,0.048
2796.90102,12.993,0.048
2796.90324,12.943,0.046
2796.90546,12.958,0.047
2796.90768,12.885,0.047
2796.9099,12.896,0.049
2796.91211,13.07,0.046
2796.91655,12.936,0.047
2796.91877,12.947,0.047
2796.92099,13.05,0.049
2796.92321,12.974,0.047
2796.92542,13.027,0.048
2796.92764,12.966,0.048
2796.92987,12.93,0.047
2796.93209,12.949,0.047
2796.9343,12.953,0.048
2796.93652,13.057,0.046
2796.93874,13.184,0.047
2796.94095,13.062,0.046
2796.94318,12.899,0.046
2796.9454,12.984,0.047
2797.56144,12.909,0.047
2797.56366,12.787,0.047
2797.56587,12.887,0.047
2797.5681,12.922,0.047
2797.57033,12.892,0.048
2797.57255,12.98,0.047
2797.57476,13.088,0.048
2797.57699,12.891,0.048
2797.58364,12.766,0.048
2797.58586,12.926,0.047
2797.58807,12.999,0.047
2797.5903,12.978,0.047
2797.59252,12.822,0.048
2797.59474,12.96,0.046
2797.59696,12.866,0.046
2797.59917,12.95,0.048
2802.88298,13.466,0.049
2808.75604,13.063,0.055
2808.76946,13.17,0.055
2809.7273,13.137,0.044
2809.7876,13.254,0.045
2809.87629,13.229,0.048
2810.67859,13.326,0.041
2810.69344,13.207,0.046
2810.75191,13.208,0.045
2810.81245,13.238,0.049
2810.86847,13.355,0.047
2811.62915,13.278,0.042
2811.70661,13.211,0.041
2811.76682,13.353,0.044
2811.83087,13.244,0.046
2811.90411,13.076,0.049
2812.61526,13.264,0.045
2812.67011,13.296,0.043
2812.68637,13.258,0.043
2812.74594,13.388,0.047
2812.80446,13.15,0.048
2812.92587,13.378,0.046
2813.72513,13.255,0.049
2813.7844,13.283,0.048
2813.84959,13.26,0.052
2813.90624,13.384,0.05
2813.90846,13.418,0.046
2813.91067,13.399,0.046
2813.91289,13.22,0.046
2813.91732,13.364,0.045
2813.92177,13.355,0.045
2813.92398,13.289,0.046
2813.92842,13.163,0.047
2813.93065,13.125,0.045
2813.93287,13.21,0.044
2813.93509,13.17,0.045
2813.93731,13.364,0.048
2813.94176,13.377,0.055
2814.51614,13.362,0.045
2814.51836,13.477,0.046
2814.52059,13.383,0.046
2814.52281,13.338,0.047
2814.52503,13.298,0.047
2814.52725,13.242,0.047
2814.52947,13.321,0.048
2814.5317,13.266,0.046
2814.53391,13.341,0.047
2814.53613,13.32,0.048
2814.53835,13.531,0.046
2814.54056,13.289,0.047
2814.54278,13.289,0.047
2814.545,13.427,0.048
2814.54722,13.303,0.046
2814.54944,13.188,0.046
2814.55166,13.299,0.046
2814.55388,13.229,0.047
2814.55611,13.258,0.048
2814.55832,13.318,0.046
2814.56054,13.251,0.047
2814.56276,13.33,0.047
2814.56497,13.24,0.047
2814.56719,13.282,0.048
2814.56942,13.436,0.047
2814.57163,13.317,0.046
2814.57385,13.249,0.046
2814.57607,13.319,0.045
2814.58051,13.226,0.048
2814.58273,13.271,0.047
2814.58494,13.25,0.047
2814.58716,13.253,0.047
2814.58937,13.21,0.047
2814.59159,13.259,0.045
2814.59382,13.387,0.046
2814.59603,13.336,0.048
2814.59825,13.396,0.045
2814.60047,13.296,0.045
2814.60268,13.3,0.045
2814.6049,13.244,0.045
2814.60713,13.322,0.044
2814.60934,13.304,0.045
2814.61156,13.291,0.046
2814.61378,13.285,0.045
2814.616,13.266,0.046
2814.61821,13.283,0.045
2814.62044,13.297,0.046
2814.62487,13.252,0.043
2814.6271,13.338,0.045
2814.62931,13.36,0.045
2814.63154,13.366,0.045
2814.63376,13.319,0.045
2814.63597,13.267,0.045
2814.63819,13.333,0.045
2814.64041,13.346,0.046
2814.64264,13.339,0.046
2814.64486,13.259,0.045
2814.64707,13.137,0.045
2814.64929,13.239,0.044
2814.65151,13.222,0.045
2814.65372,13.346,0.046
2814.65595,13.275,0.046
2814.65817,13.322,0.045
2814.66039,13.356,0.046
2814.66261,13.315,0.047
2814.66482,13.269,0.047
2814.66705,13.249,0.046
2814.66926,13.219,0.044
2814.67148,13.438,0.047
2814.6737,13.32,0.045
2814.67591,13.354,0.048
2814.67813,13.26,0.046
2814.68036,13.302,0.045
2814.68258,13.327,0.048
2814.68479,13.347,0.047
2814.68701,13.266,0.049
2814.68923,13.227,0.044
2814.69146,13.244,0.048
2814.69368,13.294,0.045
2814.69589,13.256,0.051
2814.69811,13.355,0.046
2814.70033,13.386,0.05
2814.70254,13.326,0.049
2814.70477,13.332,0.047
2814.70698,13.278,0.048
2814.7092,13.361,0.05
2814.71142,13.342,0.051
2814.71585,13.358,0.053
2814.71808,13.321,0.052
2814.72029,13.411,0.047
2814.72252,13.307,0.056
2814.72473,13.244,0.044
2814.72918,13.553,0.052
2814.73139,13.373,0.052
2814.73361,13.294,0.051
2814.73582,13.43,0.046
2814.73804,13.347,0.051
2814.74026,13.343,0.045
2814.74247,13.322,0.049
2814.7447,13.286,0.043
2814.74692,13.327,0.049
2814.74913,13.184,0.048
2814.75135,13.332,0.051
2814.75357,13.311,0.054
2814.75801,13.253,0.049
2814.76023,13.305,0.045
2814.76245,13.35,0.051
2814.76466,13.263,0.049
2814.76688,13.285,0.051
2814.76911,13.357,0.051
2814.77132,13.22,0.044
2814.77354,13.333,0.053
2814.77576,13.282,0.047
2814.77797,13.371,0.048
2814.7802,13.298,0.048
2814.78242,13.342,0.051
2814.78463,13.413,0.049
2814.78685,13.253,0.047
2814.78907,13.269,0.048
2814.7913,13.292,0.046
2814.79351,13.342,0.047
2814.79573,13.292,0.046
2814.79795,13.416,0.047
2814.80016,13.324,0.048
2814.80238,14.076,0.047
2814.80683,14.058,0.047
2814.80904,13.961,0.047
2814.81126,13.412,0.048
2814.81348,13.23,0.047
2814.81792,13.233,0.049
2814.82014,13.267,0.047
2814.82236,13.317,0.045
2814.82467,13.247,0.047
2814.8292,13.325,0.047
2814.83363,13.277,0.045
2814.83603,13.354,0.05
2814.84316,13.268,0.047
2814.85007,13.386,0.05
2814.85689,13.348,0.052
2814.86383,13.414,0.047
2814.87133,13.279,0.049
2814.88349,13.368,0.048
2814.89107,13.391,0.051
2814.90414,13.38,0.045
2814.91197,13.632,0.044
2814.91756,13.309,0.047
2814.9256,13.245,0.046
2814.93158,13.277,0.048
2814.9398,13.18,0.055
2815.75605,13.287,0.047
2815.75826,13.305,0.05
2815.76049,13.363,0.044
2815.76271,13.3,0.05
2815.76493,13.287,0.049
2815.76715,13.286,0.051
2815.76937,13.272,0.046
2815.7716,13.349,0.046
2815.77382,13.344,0.047
2815.77603,13.228,0.046
2815.77825,13.426,0.048
2815.78046,13.34,0.046
2815.78269,13.408,0.047
2815.78491,13.252,0.047
2815.78712,13.243,0.048
2815.78934,13.269,0.048
2815.79156,13.331,0.044
2815.79377,13.367,0.047
2815.796,13.265,0.047
2815.79822,13.264,0.047
2815.80043,13.388,0.048
2815.80265,13.296,0.046
2815.80488,13.3,0.047
2815.80718,13.292,0.049
2815.80939,13.247,0.045
2815.81397,13.333,0.048
2815.81867,13.466,0.043
2815.82324,13.349,0.047
2815.82788,13.365,0.045
2815.8326,13.25,0.044
2815.84193,13.309,0.047
2815.84652,13.401,0.044
2815.85127,13.478,0.044
2815.85825,13.341,0.044
2815.86523,13.293,0.044
2815.87229,13.372,0.043
2815.87927,13.399,0.044
2815.88642,13.399,0.045
2815.89361,13.298,0.045
2815.90313,13.297,0.05
2815.91265,13.463,0.047
2815.92271,13.304,0.046
2815.9327,13.49,0.043
2816.69949,13.198,0.059
2816.70169,13.306,0.058
2816.70389,13.341,0.057
2816.70608,13.256,0.059
2816.70827,13.31,0.061
2816.71047,13.357,0.062
2816.72187,13.115,0.054
2816.72407,13.351,0.059
2816.72626,13.349,0.058
2816.72846,13.261,0.054
2816.73068,13.228,0.056
2816.73288,13.355,0.056
2816.73509,13.344,0.052
2816.73729,13.308,0.059
2816.7395,13.241,0.054
2816.74171,13.402,0.06
2816.75049,13.248,0.06
2816.75268,13.364,0.057
2816.75487,13.211,0.058
2816.75707,13.283,0.059
2816.75927,13.371,0.052
2816.76348,13.465,0.058
2816.76568,13.283,0.057
2816.76788,13.261,0.056
2816.77007,13.304,0.052
2816.77227,13.255,0.055
2816.77517,13.306,0.053
2816.77808,13.312,0.056
2816.78098,13.356,0.054
2816.78389,13.465,0.053
2816.78681,13.406,0.054
2816.78971,13.364,0.05
2816.79439,13.254,0.05
2816.79927,13.366,0.054
2816.80155,13.367,0.058
2816.80373,13.26,0.051
2816.80832,13.358,0.051
2816.82259,13.346,0.053
2816.8299,13.255,0.051
2816.83707,13.363,0.055
2816.84432,13.33,0.05
2816.85148,13.38,0.051
2816.86088,13.482,0.053
2816.87031,13.491,0.053
2816.87981,13.389,0.052
2816.88933,13.267,0.054
2816.89888,13.301,0.052
2816.90822,13.337,0.052
2816.91784,13.316,0.05
2816.92747,13.32,0.053
2816.93709,13.416,0.051
2819.50565,13.262,0.046
2819.50787,13.447,0.043
2819.5101,13.42,0.044
2819.51232,13.442,0.043
2819.52384,13.336,0.045
2819.52976,13.224,0.042
2819.53566,13.183,0.041
2819.54141,13.328,0.041
2819.54699,13.195,0.041
2819.55242,13.291,0.04
2819.55806,13.317,0.045
2819.5636,13.395,0.043
2819.56905,13.566,0.042
2819.57667,13.476,0.04
2819.59164,13.618,0.04
2819.59959,13.186,0.041
2819.60742,13.321,0.039
2819.61514,13.364,0.039
2819.62529,13.403,0.039
2819.63556,13.463,0.039
2819.64541,13.336,0.041
2819.65511,13.27,0.043
2819.66471,13.327,0.04
2819.67423,13.27,0.038
2819.6841,13.223,0.039
2819.69409,13.349,0.038
2819.70357,13.337,0.039
2819.72194,13.299,0.04
2819.73107,13.264,0.038
2819.74941,13.345,0.038
2819.75857,13.343,0.038
2819.77705,13.286,0.039
2819.78632,13.564,0.039
2819.79562,13.343,0.041
2819.80504,13.431,0.039
2819.81448,13.319,0.041
2819.82398,13.593,0.038
2819.83349,13.526,0.041
2819.87242,13.168,0.047
2819.91138,13.359,0.046
2820.50521,13.475,0.044
2820.52545,13.275,0.043
2820.53539,13.345,0.043
2820.54509,13.366,0.04
2820.55465,13.401,0.043
2820.56485,13.374,0.04
2820.57511,13.422,0.039
2820.5853,13.33,0.039
2820.59526,13.275,0.04
2820.60504,13.31,0.038
2820.60734,13.464,0.038
2820.61524,13.345,0.039
2820.62567,13.446,0.039
2820.63522,13.313,0.038
2820.64513,13.333,0.038
2820.65487,13.287,0.039
2820.66448,13.277,0.039
2820.67418,13.415,0.037
2820.68354,13.318,0.04
2820.69316,13.485,0.038
2820.70238,13.371,0.039
2820.71191,13.351,0.039
2820.72139,13.401,0.038
2820.73073,13.373,0.039
2820.74017,13.424,0.039
2820.74959,13.446,0.04
2820.76905,13.283,0.039
2820.7786,13.546,0.041
2820.79807,13.157,0.041
2820.80749,13.425,0.041
2820.81712,13.353,0.043
2820.83659,13.37,0.042
2821.6093,13.285,0.043
2821.66903,13.382,0.037
2821.71106,13.543,0.039
2821.75385,13.365,0.035
2821.76309,13.397,0.036
2821.77237,13.382,0.036
2821.78185,13.375,0.036
2821.79148,13.209,0.036
2821.80112,13.395,0.043
2821.81067,13.362,0.039
2821.81298,13.43,0.044
2821.82032,13.412,0.04
2821.83012,13.243,0.04
2821.84013,13.195,0.038
2821.84961,13.247,0.04
2821.85913,13.239,0.039
2822.63967,13.273,0.05
2822.64946,13.312,0.047
2822.65912,13.301,0.047
2822.6691,13.341,0.044
2822.67918,13.344,0.045
2822.68888,13.275,0.045
2822.69867,13.16,0.046
2822.70097,13.259,0.047
2822.70824,13.28,0.048
2822.71762,13.383,0.048
2822.73614,13.359,0.05
2826.49284,13.25,0.035
2826.50336,13.319,0.036
2826.51384,13.335,0.039
2826.5241,13.416,0.039
2826.53409,13.297,0.038
2826.54459,13.332,0.038
2826.55501,13.371,0.037
2826.56508,13.4,0.038
2826.57519,13.351,0.037
2826.5848,13.505,0.037
2826.59501,13.403,0.037
2826.60497,13.416,0.037
2826.61479,13.28,0.038
2826.62455,13.309,0.042
2826.69312,13.281,0.046
2826.70267,13.418,0.039
2826.71231,13.322,0.037
2826.72171,13.416,0.037
2826.73112,13.291,0.037
2826.74051,13.37,0.036
2826.74999,13.386,0.047
2826.75951,13.231,0.05
2826.7687,13.338,0.037
2826.77807,13.414,0.038
2826.78723,13.192,0.041
2826.79672,13.302,0.038
2826.80657,13.187,0.038
2826.81594,13.418,0.038
2826.82531,13.331,0.036
2826.83488,13.256,0.039
2829.48284,13.393,0.039
2829.49279,13.389,0.038
2829.5133,13.245,0.042
2829.52335,13.529,0.041
2829.53331,13.409,0.042
2829.55396,13.124,0.043
2829.56415,13.081,0.039
2829.64423,13.528,0.044
2829.65354,12.855,0.051
2829.66059,13.211,0.035
2829.66282,13.24,0.039
2829.72745,13.363,0.042
2829.73676,13.09,0.041
2829.74612,13.354,0.054
2829.75542,13.319,0.043
2829.76483,13.244,0.049
2829.77428,13.43,0.04
2829.78388,13.214,0.044
2829.79337,13.419,0.043
2829.81255,13.237,0.042
2829.82212,13.379,0.044
2829.83176,13.452,0.04
2829.84141,13.256,0.043
2829.85141,13.226,0.052
2829.86109,13.435,0.041
2829.87082,13.219,0.038
2829.8806,13.11,0.041
2835.69336,13.271,0.04
2835.70005,13.267,0.039
2836.55888,13.19,0.04
2836.77238,13.338,0.041
2838.60775,13.245,0.041
2838.68656,13.183,0.038
2838.76299,13.066,0.039
2839.60953,13.29,0.037
2840.61121,13.185,0.039
2840.7149,13.019,0.04
2840.81852,13.123,0.041
2841.5972,12.975,0.039
2841.83084,13.177,0.047
2843.64858,13.148,0.037
2843.72667,13.1,0.037
2844.78964,13.088,0.035
2845.58878,13.06,0.033
2845.74031,13.109,0.033
2851.65566,12.916,0.034
2851.66061,12.876,0.035
2853.78444,12.97,0.042
2854.5424,12.892,0.033
2854.60138,12.856,0.033
2854.65908,12.808,0.033
2854.72345,12.897,0.034
2854.79114,12.892,0.036
2855.52975,12.875,0.048
2855.67499,12.989,0.049
2856.78568,13.053,0.039
2858.59826,12.784,0.034
2862.59073,12.702,0.041
2862.61952,12.672,0.043
2862.65294,12.709,0.042
2863.50361,12.874,0.041
2864.53661,12.787,0.043
2866.58114,12.723,0.041
2866.62005,12.683,0.044
2867.53271,12.717,0.042
2867.63009,12.651,0.042
2867.70702,12.676,0.043
2867.74162,12.724,0.045
2868.50907,12.6,0.042
2868.63476,12.685,0.044
2872.59822,12.716,0.038
2874.55722,12.603,0.046
2874.672,12.617,0.043
2875.53869,12.483,0.046
2875.62438,12.613,0.043
2875.69231,12.546,0.05
2876.62418,12.579,0.048
2876.71778,12.482,0.045
2877.48365,12.591,0.043
2877.58393,12.567,0.046
2877.6125,12.632,0.044
2877.68414,12.574,0.05
2878.48628,12.543,0.04
2878.58777,12.457,0.043
2879.4885,12.513,0.042
2879.61316,12.564,0.037
2879.69121,12.539,0.045
2882.53633,12.377,0.045
2883.51305,12.554,0.04
2883.67068,12.461,0.043
2884.49832,12.542,0.041
2884.59841,12.528,0.045
2884.60134,12.617,0.041
2884.689,12.513,0.045
2885.49895,12.481,0.042
2892.58899,12.467,0.065
2893.50336,12.497,0.047
2893.60724,12.451,0.047
2893.67689,12.562,0.047
2894.50261,12.464,0.041
2895.49523,12.571,0.042
2895.59669,12.506,0.046
2896.61527,12.521,0.045
2897.58932,12.448,0.053
2897.66095,12.534,0.041
2898.4892,12.633,0.039
2898.58865,12.574,0.045
2898.67784,12.52,0.046
2899.48428,12.427,0.046
2899.64055,12.561,0.053
2900.48171,12.576,0.049
2900.58345,12.572,0.046
2901.48491,12.498,0.045
2902.48235,12.509,0.046
2904.48283,12.532,0.049
2904.63581,12.524,0.053
2905.48814,12.589,0.037
2905.60743,12.614,0.043
2906.48334,12.626,0.041
2906.58523,12.706,0.046
2908.48368,12.624,0.055
2908.61507,12.619,0.043
2909.63623,12.606,0.055
2910.48297,12.464,0.049
2910.58725,12.595,0.045
2911.48453,12.599,0.042
2911.58483,12.703,0.045
2911.62562,12.603,0.043
2916.50046,12.643,0.047
2916.61955,12.727,0.046
2917.4956,12.69,0.049
2917.57915,12.604,0.045
2921.50688,12.552,0.043
2922.50232,12.695,0.051
2922.60454,12.666,0.045
2923.49365,12.605,0.047
2923.59693,12.575,0.046
2924.49096,12.668,0.045
2924.59312,12.648,0.047
2927.4926,12.619,0.042
2928.49261,12.646,0.047
2928.59497,12.652,0.045
2929.49343,12.615,0.048
2929.59661,12.574,0.043
2930.49342,12.606,0.046
2930.59581,12.675,0.044
2931.49389,12.682,0.046
2932.49487,12.647,0.048
2933.49496,12.597,0.047
2934.49496,12.612,0.048
2935.4986,12.586,0.049
2936.49657,12.581,0.047
2939.49766,12.649,0.047
2944.51342,12.62,0.046
2945.51618,12.676,0.049
2946.51458,12.747,0.046
2947.52607,12.603,0.051
2949.51098,12.661,0.044
2950.50611,12.742,0.045
2951.55385,12.682,0.043
2953.50816,12.64,0.043
2955.5058,12.595,0.048
2956.50632,12.564,0.042
2958.50741,12.636,0.043
2959.50878,12.528,0.046
3059.88951,13.247,0.045
3062.89332,13.189,0.051
3064.89387,13.332,0.043
3068.88852,13.417,0.044
3069.87528,13.098,0.044
3069.89266,13.15,0.044
3071.87463,13.286,0.049
3072.88338,13.328,0.046
3073.86587,13.083,0.044
3074.86981,13.07,0.045
3074.88469,13.082,0.042
3075.86557,13.04,0.044
3076.87574,12.976,0.045
3081.85971,12.737,0.045
3082.86015,12.867,0.046
3082.87212,12.832,0.043
3087.8326,12.686,0.048
3087.86356,12.649,0.045
3087.87579,12.549,0.042
3088.83342,12.554,0.046
3088.84674,12.51,0.055
3089.8468,12.617,0.043
3089.85464,12.623,0.043
3091.84207,12.378,0.045
3091.8644,12.626,0.043
3092.84294,12.567,0.041
3093.86049,12.5,0.042
3097.83105,12.461,0.043
3097.85581,12.41,0.043
3098.8301,12.49,0.047
3100.82434,12.557,0.047
3101.83364,12.387,0.045
3101.84598,12.697,0.045
3102.83895,12.417,0.045
3103.82696,12.451,0.048
3104.87729,12.466,0.044
3107.91677,12.539,0.045
3108.82078,12.36,0.043
3109.81947,12.442,0.053
3109.83815,12.481,0.041
3110.81344,12.453,0.045
3111.80335,12.469,0.043
3112.86361,12.474,0.04
3114.79616,12.708,0.047
3115.7976,12.388,0.045
3116.79817,12.503,0.044
3118.83528,12.551,0.042
3122.86691,12.466,0.041
3122.90733,12.609,0.043
3124.77457,12.572,0.044
3125.74501,12.556,0.048
3125.79827,12.538,0.049
3125.84092,12.615,0.044
3126.86372,12.589,0.042
3127.8195,12.524,0.047
3127.82657,12.713,0.046
3128.745,12.483,0.05
3128.85247,12.503,0.046
3129.75783,12.58,0.047
3130.75655,12.612,0.05
3130.80988,12.531,0.043
3130.87556,12.57,0.044
3131.75532,12.58,0.045
3141.83503,12.846,0.052
3142.72675,12.533,0.042
3142.83147,12.511,0.04
3144.76737,12.617,0.04
3146.72167,12.614,0.046
3146.7478,12.572,0.04
3146.83468,12.602,0.043
3153.80243,12.743,0.04
3153.81812,12.76,0.035
3156.70394,12.855,0.054
3156.76319,12.786,0.044
3156.82416,12.718,0.041
3157.76189,12.609,0.046
3157.91794,12.763,0.047
3158.71653,12.794,0.044
3158.81896,12.764,0.043
3162.7709,12.879,0.044
3163.71808,12.748,0.042
3163.83041,12.88,0.049
3164.66656,12.74,0.045
3164.76941,12.782,0.042
3164.88565,12.721,0.048
3165.65648,12.648,0.046
3165.72977,12.85,0.04
3165.75966,12.93,0.044
3166.85168,12.893,0.057
3167.71165,12.78,0.044
3168.70831,12.879,0.045
3168.77793,12.895,0.042
3168.86283,12.947,0.042
3169.64776,12.859,0.046
3169.74888,12.957,0.043
3169.86451,13.06,0.046
3170.84373,12.832,0.046
3171.69783,12.832,0.044
3171.81906,12.849,0.045
3172.6978,12.925,0.053
3172.81619,12.772,0.048
3174.79317,13.086,0.042
3175.736,12.9,0.043
3175.89686,12.922,0.042
3177.63026,13.09,0.043
3178.63805,12.98,0.045
3178.74618,12.978,0.04
3179.63095,13.175,0.043
3179.69142,12.902,0.041
3179.76345,13.044,0.044
3179.87475,12.972,0.043
3180.76329,12.955,0.049
3180.88147,13.093,0.045
3182.66291,13.191,0.046
3182.70194,12.998,0.042
3182.80497,12.911,0.047
3183.65894,13.134,0.044
3183.78689,13.063,0.045
3184.60938,12.985,0.048
3185.60747,13.019,0.045
3185.70728,12.987,0.044
3186.62139,13.05,0.045
3189.72666,13.046,0.046
3189.88144,13.265,0.048
3190.69358,13.075,0.063
3190.81464,13.127,0.045
3191.66288,13.042,0.064
3191.77565,13.11,0.047
3266.48503,13.055,0.053
3266.55028,12.991,0.033
3266.5828,13.156,0.04
3272.51011,13.033,0.064
3274.501,13.047,0.037
3274.6065,13.117,0.052
3274.62116,13.051,0.055
3277.58385,13.062,0.056
3277.6077,13.14,0.056
3278.48849,13.229,0.062
3278.60675,13.219,0.054
3279.48554,13.218,0.046
3292.49033,12.646,0.058
3293.50751,12.94,0.035
3294.50145,12.897,0.062
3299.51757,12.859,0.053
3426.89306,13.373,0.054
3427.86931,13.202,0.047
3444.86298,13.306,0.071
3448.88414,13.297,0.05
3452.88785,13.07,0.046
3454.84232,12.78,0.052
3455.81518,12.937,0.065
3455.85037,13.051,0.072
3456.83478,12.902,0.065
3458.87898,12.85,0.055
3464.83326,12.687,0.061
3467.88871,12.707,0.05
3468.85901,12.633,0.046
3472.8651,12.626,0.045
3475.87683,12.534,0.068
3476.8459,12.625,0.061
3478.83878,12.642,0.066
3479.83208,12.593,0.062
3481.81916,12.512,0.046
3481.87149,12.67,0.049
3484.84151,12.743,0.056
3491.89391,13.049,0.078
3492.86898,12.625,0.057
3508.85554,12.801,0.036
3509.80029,12.842,0.045
3511.78234,12.893,0.04
3512.70351,12.93,0.047
3517.79667,12.827,0.063
3521.75375,12.963,0.05
3522.7058,12.698,0.077
3523.79254,12.936,0.051
3525.86237,12.975,0.05
3526.8718,12.817,0.057
3528.714,12.832,0.053
3538.73607,12.731,0.049
3538.77313,12.631,0.045
3540.77167,12.56,0.068
3550.71076,12.69,0.058
3550.73919,12.534,0.064
3552.84296,12.684,0.048
3555.75966,12.553,0.059
3558.90217,12.727,0.046
3561.64906,12.591,0.056
3563.68966,12.53,0.043
3572.8028,12.232,0.041
3573.67218,12.439,0.053
3574.79473,12.25,0.041
3575.68828,12.123,0.06
3576.79222,12.225,0.041
3577.71326,12.344,0.061
3582.81539,12.342,0.045
3582.81824,12.186,0.045
3584.82673,12.124,0.05
3585.55752,12.141,0.049
3587.59618,12.121,0.052
3589.60696,12.024,0.065
3589.62105,12.1,0.066
3591.68951,12.105,0.054
3594.53425,12.043,0.053
3594.55184,12.081,0.046
3600.61261,12.141,0.071
3602.56963,12.161,0.057
3602.59605,12.14,0.044
3604.57613,12.199,0.054
3604.60536,12.4,0.049
3609.52098,12.284,0.051
3609.53677,12.387,0.055
3616.64847,12.551,0.046
3616.65247,12.396,0.049
3619.5599,12.575,0.083
3621.61087,12.709,0.054
3621.61407,12.763,0.086
3628.52795,12.855,0.04
3628.53128,12.872,0.041
3630.59502,12.859,0.049
3630.59835,12.809,0.05
3632.60332,12.97,0.046
3632.60654,12.96,0.041
3634.63686,12.944,0.048
3634.64015,13.095,0.043
3637.63976,13.141,0.047
3637.64312,13.084,0.05
3641.59952,13.074,0.048
3641.60313,13.079,0.037
3643.65626,13.33,0.054
3644.52734,13.326,0.063
3646.64981,13.182,0.04
3648.52864,13.324,0.043
3649.57461,13.094,0.063
3657.58462,13.167,0.047
3660.52413,13.189,0.046
3660.52743,13.339,0.057
3662.55687,13.217,0.046
3664.56289,13.261,0.047
3664.56634,13.587,0.045
3668.54381,13.336,0.051
3668.54703,13.217,0.038
3670.58328,13.534,0.043
3671.53042,13.499,0.042
3673.53664,13.532,0.055
3676.52956,13.533,0.061
3793.89222,12.734,0.046
3796.88279,12.684,0.046
3797.89359,12.774,0.056
3800.8848,12.679,0.049
3804.88461,12.548,0.053
3808.88595,12.539,0.046
3812.9043,12.463,0.058
3820.85888,12.55,0.042
3823.89845,12.593,0.042
3827.86903,12.522,0.071
3831.84758,12.546,0.043
3834.8786,12.521,0.057
3835.80346,12.548,0.058
3835.83509,12.564,0.05
3835.86593,12.556,0.064
3835.92135,12.627,0.052
3836.86436,12.595,0.051
3837.69317,12.463,0.05
3837.72456,12.557,0.048
3837.75258,12.5,0.055
3837.78116,12.382,0.059
3837.80826,12.644,0.051
3837.835,12.484,0.051
3848.89215,12.631,0.064
3851.85702,12.659,0.046
3860.82428,12.704,0.058
3863.79887,12.992,0.057
3865.81739,12.865,0.046
3867.81304,13.078,0.046
3874.76669,13.108,0.064
3874.84792,13.116,0.082
3877.77633,13.22,0.074
3880.83181,13.295,0.043
3883.83317,13.376,0.085
3887.77841,13.662,0.047
3889.8907,13.497,0.046
3891.78881,13.596,0.046
3893.7552,13.56,0.042
3893.80177,13.941,0.052
3896.79371,13.404,0.053
3901.77608,13.447,0.059
3902.75193,13.619,0.065
3907.79578,13.636,0.047
3912.79404,13.49,0.052
3913.88524,13.506,0.051
4160.88932,13.283,0.055
4164.89106,12.992,0.064
4167.8865,13.032,0.041
4168.89031,12.928,0.064
4179.87756,12.439,0.055
4182.90411,12.706,0.061
4186.90613,12.497,0.038
4190.85667,12.308,0.047
4193.8651,12.264,0.057
4203.86685,12.523,0.05
4207.89471,12.535,0.052
4213.91651,12.646,0.04
4229.87957,12.907,0.038
4231.88079,12.947,0.05
4234.80086,12.935,0.065
4246.74655,13.133,0.045
4250.77494,13.168,0.042
4256.77667,13.205,0.039
4256.81088,13.082,0.047
4258.83445,13.319,0.039
4273.7118,13.297,0.036
4276.69394,13.237,0.042
4278.70437,13.139,0.036
4283.81771,13.068,0.059
4285.80776,12.842,0.059
4289.80057,13.019,0.044
4291.80182,12.916,0.035
4293.78601,13.009,0.045
4295.80194,12.894,0.057
4297.82907,12.852,0.047
4299.77693,12.83,0.053
4301.68048,12.855,0.046
4303.68418,12.774,0.038
4305.67626,12.754,0.039
4307.63426,12.762,0.049
4311.6578,12.636,0.044
4316.75385,12.58,0.038
4319.70449,12.502,0.049
4329.66247,12.668,0.05
4331.60451,12.519,0.041
4332.78282,12.533,0.064
4338.57425,12.615,0.045
4340.62887,12.573,0.054
4342.62407,12.629,0.042
4344.62045,12.615,0.062
4346.62083,12.681,0.047
4348.62324,12.617,0.056
4350.62785,12.704,0.051
4353.529,12.743,0.036
4355.6187,12.796,0.046
4357.62289,12.803,0.049
4359.63162,12.843,0.054
4367.50798,12.785,0.043
4369.56362,12.862,0.04
4371.58163,13.11,0.042
4373.59387,12.996,0.048
4376.58517,12.993,0.043
4378.59961,12.996,0.055
4380.62907,12.916,0.044
4382.63719,12.902,0.036
4385.5357,12.98,0.048
4387.53789,12.967,0.052
4393.51598,13.12,0.047
4403.58536,13.055,0.053
4408.51314,12.998,0.041
4411.54803,12.979,0.043
4428.515,13.045,0.045
4523.89625,12.56,0.043
4531.89115,12.499,0.042
4537.89427,12.448,0.041
4541.88668,12.377,0.039
4545.88458,12.464,0.05
4558.85003,12.54,0.041
4561.87999,12.486,0.048
4565.86134,12.474,0.04
4569.84102,12.595,0.045
4572.85878,12.582,0.05
4575.84271,12.781,0.045
4579.86475,12.818,0.043
4585.85326,12.884,0.036
4588.83799,12.915,0.043
4591.83039,13.046,0.055
4594.81904,12.993,0.04
4597.80364,13.033,0.041
4602.80395,13.064,0.044
4606.85273,12.825,0.063
4611.8289,13.214,0.044
4615.89162,13.26,0.039
4617.77991,13.394,0.043
4623.82081,13.362,0.049
4626.67159,13.728,0.043
4628.73641,13.489,0.048
4632.71601,13.576,0.042
4639.75568,13.591,0.041
4641.76291,13.513,0.041
4643.75383,13.56,0.051
4645.78454,13.63,0.052
4647.84578,13.8,0.068
4650.66859,13.554,0.049
4652.70756,13.394,0.045
4654.70322,13.558,0.05
4656.70242,13.278,0.068
4661.65133,13.395,0.048
4666.68014,13.257,0.045
4669.84048,13.021,0.039
4671.85419,13.007,0.039
4674.61339,13.052,0.04
4677.6911,13.176,0.046
4679.69562,12.926,0.041
4682.67145,12.997,0.043
4684.6808,12.913,0.043
4686.61428,12.883,0.049
4697.60717,12.782,0.035
4701.60493,12.951,0.045
4703.61178,12.863,0.054
4705.64373,12.996,0.052
4708.59951,12.985,0.069
4710.61571,12.8,0.062
4715.71296,13.19,0.041
4721.52907,13.009,0.048
4724.58221,13.129,0.07
4726.63405,13.177,0.069
4729.61713,12.925,0.05
4734.66885,13.025,0.052
4739.49812,13.134,0.048
4742.49878,12.942,0.05
4748.50943,13.022,0.063
4750.61924,12.923,0.049
4753.57769,12.795,0.061
4755.60705,12.809,0.055
4758.56534,12.718,0.059
4761.55618,12.797,0.066
4764.55129,12.803,0.05
4767.54754,12.615,0.055
4776.52538,12.6,0.066
4778.55833,12.524,0.057
4783.51483,12.619,0.05
4786.51554,12.504,0.067
4793.51184,12.645,0.051
4905.90282,12.931,0.063
4917.86434,13.166,0.061
4928.90488,12.891,0.052
4932.84613,13.028,0.063
4940.82267,12.765,0.057
4947.84814,12.881,0.061
4962.81433,12.694,0.065
4969.78688,12.748,0.059
4973.74535,12.764,0.064
4975.824,12.526,0.067
4984.82311,12.513,0.072
4988.77723,12.418,0.052
4994.78725,12.349,0.075
5006.77424,12.292,0.056
5009.72601,12.232,0.054
5014.72546,12.19,0.051
5021.71641,12.114,0.056
5023.72151,12.159,0.047
5031.69184,12.211,0.042
5042.64621,12.413,0.052
5048.63354,12.471,0.056
5070.70873,13.487,0.058
5084.72181,13.573,0.057
5087.53415,13.375,0.051
5089.58656,13.382,0.049
5093.64502,13.819,0.064
5106.54481,13.377,0.064
5110.63319,13.174,0.062
5124.54613,13.615,0.058
5145.53139,12.913,0.06
