1979.88164,11.262,0.041
1981.88211,11.013,0.041
1982.89466,11.238,0.051
1984.87764,10.973,0.041
2140.57177,11.165,0.045
2173.55107,11.134,0.032
2180.53932,11.25,0.043
2184.52182,10.803,0.042
2184.54632,10.809,0.044
2188.5503,11.137,0.037
2192.5116,11.192,0.035
2196.506,10.778,0.038
2205.49507,10.821,0.04
2442.69543,11.177,0.041
2442.71326,11.177,0.027
2443.69507,11.004,0.03
2443.71293,11.02,0.024
2444.6902,10.881,0.03
2446.71538,10.982,0.036
2452.65496,11.005,0.039
2453.69619,10.904,0.043
2459.67596,10.946,0.036
2464.66645,10.962,0.03
2466.66074,11.208,0.03
2473.60982,10.974,0.039
2473.63044,10.956,0.035
2481.59373,11.179,0.041
2481.61664,11.223,0.04
2508.62546,11.173,0.045
2511.60665,11.322,0.043
2511.63304,11.265,0.04
2520.50363,11.229,0.026
2535.53001,11.273,0.033
2539.53823,10.794,0.05
2540.55933,11.013,0.039
2544.5744,11.248,0.028
2547.55945,11.245,0.033
2549.56243,11.041,0.033
2552.54602,11.04,0.036
2552.55366,11.019,0.038
2554.54066,10.592,0.045
2560.50668,10.718,0.029
2561.50094,11.013,0.028
2561.52621,11.052,0.028
2562.55252,11.285,0.033
2563.52431,10.661,0.03
2564.51253,11.041,0.032
2565.5094,11.28,0.027
2568.51337,11.265,0.038
2700.90212,10.705,0.031
2711.89122,11.276,0.029
2722.8774,11.061,0.029
2725.86985,11.081,0.027
2727.90309,10.651,0.035
2730.86552,10.627,0.026
2736.91958,10.692,0.028
2738.86646,11.296,0.03
2739.85973,10.631,0.027
2740.87892,11.049,0.028
2755.81331,11.044,0.026
2757.81619,10.677,0.031
2757.83332,10.647,0.028
2764.82274,11.045,0.026
2769.8411,10.678,0.033
2775.84929,10.734,0.032
2782.81971,11.111,0.047
2784.76249,10.67,0.029
2784.78257,10.659,0.026
2786.76354,11.218,0.025
2790.78096,10.706,0.026
2802.85932,10.756,0.044
2802.8613,10.74,0.042
2804.69375,11.271,0.031
2804.71505,11.238,0.031
2808.76671,10.737,0.026
2812.68803,11.106,0.027
2813.7429,11.225,0.033
2814.85406,10.757,0.033
2819.72833,11.266,0.026
2821.71745,11.111,0.026
2829.67398,10.69,0.031
2830.77315,11.131,0.037
2832.63543,10.708,0.026
2836.61979,11.178,0.045
2836.62677,11.055,0.051
2843.6438,11.342,0.046
2843.66257,11.266,0.042
2851.62968,11.082,0.026
2851.63729,11.13,0.024
2853.75173,10.761,0.028
2853.75437,10.811,0.026
2855.65404,11.282,0.037
2861.59893,11.259,0.028
2861.62058,11.235,0.029
2862.73153,10.775,0.032
2872.56188,11.132,0.028
2872.57869,11.142,0.026
2875.59777,11.147,0.028
2875.61232,11.176,0.028
2877.58848,10.766,0.028
2877.60305,10.778,0.026
2879.58686,11.254,0.027
2879.60374,11.241,0.027
2882.61266,11.257,0.031
2882.64146,11.342,0.05
2884.5753,11.148,0.028
2884.58991,11.152,0.026
2885.59917,11.196,0.028
2885.61174,11.238,0.026
2888.59934,11.233,0.03
2892.60136,10.796,0.03
2894.56835,11.252,0.03
2896.57558,11.219,0.027
2896.58955,11.148,0.03
2898.56617,10.802,0.028
2898.57719,10.794,0.028
2900.55818,11.274,0.026
2900.57202,11.232,0.028
2904.54777,10.77,0.031
2904.5588,10.793,0.041
2906.54614,11.255,0.027
2906.55716,11.198,0.028
2909.54757,11.227,0.031
2911.52628,11.232,0.037
2911.53033,11.153,0.032
2915.53028,11.334,0.03
2917.55815,11.202,0.03
2921.55902,11.153,0.033
2923.55711,11.209,0.034
2924.54809,11.214,0.029
2926.56025,11.2,0.029
2928.55869,10.832,0.03
2929.54837,11.173,0.027
2931.5114,10.815,0.029
2931.5511,10.881,0.027
2935.51974,11.192,0.029
2937.52106,10.849,0.03
2946.50803,10.86,0.031
3072.89683,11.198,0.035
3076.88903,11.248,0.038
3081.88729,11.166,0.048
3088.89533,11.176,0.042
3092.89028,10.808,0.048
3098.87503,10.844,0.044
3101.87568,10.899,0.043
3102.89321,11.175,0.048
3105.88392,11.163,0.052
3108.86401,11.246,0.054
3108.88737,11.231,0.028
3118.85615,11.109,0.028
3122.87927,10.906,0.03
3122.90198,10.913,0.028
3125.82381,10.927,0.046
3127.88834,11.056,0.032
3132.83676,11.237,0.034
3134.86805,10.909,0.029
3141.80792,11.163,0.046
3144.84615,11.205,0.026
3146.7452,10.845,0.042
3153.79668,11.233,0.029
3153.80721,11.274,0.032
3156.77303,11.199,0.05
3162.79779,11.163,0.029
3164.7612,10.947,0.029
3164.8202,10.902,0.027
3172.75502,11,0.037
3173.75556,10.925,0.034
3174.75324,11.227,0.039
3174.75571,11.22,0.039
3174.75816,11.231,0.031
3174.76294,11.231,0.033
3174.76538,11.235,0.031
3174.76782,11.246,0.03
3174.77027,11.294,0.029
3174.77273,11.215,0.028
3174.77519,11.251,0.029
3174.77764,11.205,0.028
3174.78013,11.233,0.029
3174.78259,11.224,0.028
3174.78773,11.191,0.029
3174.79514,11.247,0.028
3175.73798,10.961,0.038
3175.76692,10.943,0.034
3175.79607,10.849,0.029
3175.83246,10.857,0.042
3175.86147,10.769,0.029
3175.8747,10.803,0.029
3175.88808,10.735,0.028
3178.68627,11.032,0.054
3179.71011,10.936,0.043
3180.77311,11.217,0.03
3182.72457,10.926,0.026
3183.75296,11.223,0.031
3185.72538,10.931,0.03
3189.7415,11.203,0.03
3191.80709,11.02,0.034
3191.85963,10.915,0.036
3266.63151,11.039,0.029
3268.5473,10.724,0.031
3273.61359,11.267,0.04
3276.58254,11.327,0.037
3279.52794,11.278,0.031
3292.54188,10.698,0.034
3295.51016,10.658,0.028
3299.5108,11.017,0.026
3433.90117,11.052,0.03
3445.90177,11.029,0.027
3449.90501,11.306,0.035
3453.87442,10.718,0.032
3456.89849,10.798,0.031
3467.86763,11.277,0.03
3471.87053,10.65,0.027
3474.90926,10.698,0.032
3477.90043,10.667,0.03
3480.87957,10.702,0.04
3483.86062,10.677,0.031
3487.86772,11.079,0.03
3499.83913,11.071,0.043
3502.82237,11.146,0.035
3508.84824,11.071,0.027
3511.78425,11.102,0.028
3515.80963,11.354,0.031
3521.8111,11.234,0.034
3523.89141,11.151,0.042
3526.74757,11.078,0.033
3528.80949,10.688,0.033
3538.7567,11.122,0.03
3543.71128,10.64,0.036
3544.72898,11.089,0.033
3550.80491,11.318,0.029
3553.7059,11.069,0.026
3555.82373,10.763,0.031
3559.68165,11.118,0.04
3561.71526,10.772,0.04
3563.69444,11.251,0.031
3569.68523,11.252,0.027
3572.82207,11.264,0.034
3575.62083,11.248,0.028
3577.65075,11.151,0.052
3583.63798,11.135,0.035
3587.69496,11.262,0.028
3590.60378,11.255,0.036
3600.60848,10.743,0.041
3602.59345,11.245,0.032
3604.60279,11.2,0.051
3616.60229,11.136,0.028
3619.54022,11.242,0.037
3621.59742,10.812,0.034
3624.61741,10.806,0.029
3628.59162,11.192,0.031
3630.65968,10.815,0.036
3632.50792,11.19,0.038
3633.51962,10.748,0.036
3639.56523,10.809,0.032
3642.56852,10.836,0.031
3644.59045,11.12,0.042
3648.55758,10.825,0.036
3650.57614,11.232,0.029
3652.55324,11.113,0.036
3654.55889,10.833,0.035
3659.54866,11.178,0.031
3661.56637,11.226,0.035
3664.51829,11.206,0.033
3668.51509,11.154,0.029
3671.512,11.187,0.029
3674.51615,11.163,0.032
3677.50612,11.143,0.03
3802.89044,11.263,0.043
3803.8434,10.804,0.043
3803.87403,10.797,0.037
3803.90291,10.78,0.035
3804.84326,11.229,0.041
3804.87182,11.177,0.041
3804.89948,11.217,0.04
3808.90208,11.186,0.033
3810.88725,11.141,0.037
3813.90459,11.153,0.032
3819.88954,11.188,0.032
3823.88437,11.176,0.034
3827.87813,10.824,0.031
3831.89755,11.214,0.031
3835.88565,11.134,0.034
3851.86905,10.927,0.039
3860.83909,10.878,0.03
3863.825,10.861,0.03
3865.86186,11.07,0.033
3867.82253,11.213,0.032
3869.81805,10.931,0.036
3871.81779,11.046,0.029
3875.80768,10.847,0.038
3879.79989,11.163,0.049
3882.77855,11.234,0.033
3886.80706,10.961,0.032
3891.74974,11.259,0.028
3893.78794,11,0.029
3896.78082,10.943,0.032
3900.77356,11.241,0.045
3902.76985,11.227,0.03
3904.79651,10.918,0.037
3906.8528,11.173,0.035
3909.72185,11.17,0.029
3913.72653,10.948,0.031
4176.8974,10.623,0.046
4180.89382,11.004,0.043
4184.89666,11.259,0.049
4190.87862,11.277,0.028
4193.88993,11.286,0.029
4203.89913,10.656,0.028
4208.9019,11.296,0.03
4213.9095,11.096,0.039
4228.8744,11.049,0.028
4230.85729,10.68,0.028
4233.81469,10.671,0.048
4235.86176,11.289,0.029
4238.79985,11.335,0.042
4246.76544,11.102,0.029
4250.78176,11.259,0.027
4256.8079,11.295,0.027
4259.7559,11.294,0.047
4269.78495,10.78,0.049
4273.72092,11.112,0.038
4278.71052,10.723,0.028
4285.71911,11.131,0.035
4289.71535,11.267,0.03
4291.71747,11.088,0.027
4293.7062,10.731,0.026
4295.71897,11.286,0.03
4297.70944,11.081,0.035
4301.66808,11.222,0.03
4303.67339,11.094,0.028
4305.66273,10.733,0.026
4307.65135,11.275,0.033
4310.65148,11.271,0.028
4312.65172,11.161,0.038
4315.65469,11.142,0.027
4329.61217,10.746,0.032
4331.59234,11.245,0.025
4333.55953,11.097,0.028
4334.73486,11.216,0.029
4338.63849,10.769,0.029
4340.6905,11.227,0.033
4342.68399,11.187,0.031
4346.68444,11.18,0.028
4348.69109,11.138,0.03
4351.52551,11.122,0.031
4353.64137,10.819,0.027
4356.5164,10.765,0.028
4358.52243,11.22,0.027
4360.50976,11.202,0.041
4362.56199,10.789,0.029
4365.5338,10.787,0.029
4368.61106,10.857,0.032
4372.63082,11.206,0.043
4376.52534,11.295,0.031
4378.54807,11.196,0.035
4380.58438,10.787,0.036
4383.54332,10.786,0.028
4386.52509,10.799,0.027
4388.5159,11.245,0.029
4393.51059,11.228,0.036
4400.52885,11.162,0.033
4407.52153,10.873,0.031
4411.51352,11.277,0.033
4540.90594,11.224,0.035
4548.88578,11.202,0.033
4552.88194,11.211,0.028
4557.88163,11.192,0.032
4561.86708,11.185,0.027
4565.88782,10.852,0.028
4569.88153,11.211,0.026
4573.85166,11.152,0.03
4576.8645,11.089,0.03
4580.8436,10.863,0.029
4585.86621,11.107,0.032
4588.85827,11.047,0.029
4591.85076,11.084,0.028
4597.8263,11.063,0.029
4600.80233,11.063,0.03
4602.83144,11.208,0.034
4606.84805,10.956,0.036
4611.8259,11.255,0.033
4615.83964,10.95,0.031
4617.80165,11.206,0.031
4621.77236,11.016,0.036
4623.83507,11.2,0.032
4628.75032,10.95,0.035
4630.73001,11.016,0.028
4632.73104,11.23,0.029
4638.77575,11.232,0.033
4640.75279,10.933,0.027
4642.74231,10.904,0.028
4644.76342,11.241,0.03
4646.86919,10.995,0.045
4649.67922,10.879,0.034
4651.70656,10.908,0.027
4653.71088,11.195,0.03
4655.70091,10.945,0.03
4657.73409,10.839,0.029
4660.73473,10.835,0.028
4662.72372,11.345,0.033
4666.69121,10.839,0.031
4670.65595,10.922,0.029
4672.67866,10.885,0.03
4678.70375,10.76,0.04
4681.63269,10.885,0.032
4683.63207,11.27,0.032
4685.61894,10.939,0.033
4687.61796,10.818,0.033
4697.61378,10.964,0.029
4701.61079,11.235,0.027
4703.61697,10.959,0.03
4705.64905,10.723,0.039
4708.60559,10.754,0.032
4710.62177,11.252,0.042
4715.66088,10.986,0.031
4720.57456,10.739,0.032
4722.6172,11.251,0.032
4725.63282,11.291,0.037
4728.59244,11.24,0.033
4730.6306,10.966,0.031
4733.63698,11.026,0.029
4738.52453,10.724,0.031
4741.51531,10.707,0.029
4743.55199,11.273,0.036
4748.50468,11.012,0.034
4754.5354,11.107,0.031
4757.52689,11.041,0.036
4760.52401,11.071,0.034
4763.52084,11.017,0.037
4766.50615,10.989,0.039
4769.50509,11.065,0.035
4777.51678,10.647,0.032
4918.88921,11.086,0.045
4940.8556,11.254,0.043
4947.86695,10.648,0.04
4962.83054,10.675,0.043
4966.85274,11.07,0.047
4969.79599,11.114,0.041
4973.75691,11.36,0.05
4984.7969,11.142,0.043
4988.7801,11.327,0.041
4990.78693,11.114,0.043
4993.86653,11.095,0.049
5006.74795,11.259,0.046
5012.76501,11.296,0.045
5014.71668,11.103,0.039
5021.71357,11.303,0.042
5023.71863,11.111,0.039
5031.66752,10.681,0.037
5042.63614,11.371,0.045
5048.63094,11.304,0.043
5067.64715,10.784,0.05
5071.6487,11.203,0.043
5075.62867,11.316,0.044
5083.62129,11.167,0.046
5087.63979,11.223,0.044
5092.62238,11.232,0.039
5097.52141,10.744,0.047
5099.54574,11.241,0.041
5103.56388,10.868,0.05
5106.53951,10.742,0.05
5111.55522,11.248,0.037
