1962.88257,11.423,0.035
1964.88601,11.442,0.03
1966.88205,11.255,0.031
1978.87996,11.527,0.042
1980.85885,11.695,0.039
1981.90761,11.844,0.038
1982.85819,11.861,0.041
1984.83405,11.936,0.041
1994.831,12.094,0.041
1995.9075,11.896,0.041
1997.84252,12.089,0.042
2016.80761,11.672,0.041
2026.74776,11.156,0.031
2027.81064,11.196,0.026
2030.80863,11.147,0.027
2031.82256,11.2,0.029
2032.80713,11.284,0.027
2033.82051,11.278,0.025
2037.76897,11.494,0.034
2052.74907,12.363,0.032
2053.76866,12.506,0.03
2054.76347,12.507,0.034
2055.75214,12.366,0.032
2056.75338,12.297,0.03
2057.74922,12.212,0.029
2058.74823,12.107,0.032
2061.74366,11.633,0.032
2065.71361,11.508,0.033
2080.6419,11.753,0.031
2081.69173,11.682,0.031
2082.7051,11.606,0.031
2083.69379,11.676,0.038
2086.70237,11.459,0.029
2087.6838,11.492,0.03
2088.68043,11.509,0.031
2093.59689,10.84,0.03
2102.63562,10.964,0.029
2103.64421,11.037,0.033
2104.65481,11.12,0.029
2105.64905,11.232,0.028
2106.65221,11.366,0.027
2114.75739,11.874,0.025
2115.63432,11.924,0.029
2116.62225,11.962,0.028
2117.61582,12.04,0.03
2128.5697,11.763,0.027
2129.59576,11.662,0.031
2130.60489,11.636,0.029
2131.59519,11.566,0.029
2132.58977,11.586,0.026
2133.59286,11.604,0.028
2134.59816,11.594,0.029
2135.5922,11.59,0.032
2136.58485,11.738,0.028
2140.56474,11.665,0.031
2141.5832,11.767,0.029
2142.57749,11.635,0.029
2143.56443,11.748,0.029
2144.56893,11.654,0.027
2145.56444,11.704,0.027
2167.49464,11.797,0.032
2169.61186,11.768,0.032
2172.51131,11.985,0.033
2179.48395,11.91,0.038
2185.55958,12.202,0.032
2188.53433,12.225,0.049
2191.49727,12.25,0.031
2194.49807,11.852,0.03
2197.50128,11.809,0.034
2201.49142,11.734,0.035
2207.50061,11.842,0.037
2213.50362,11.73,0.037
2214.50142,11.659,0.037
2216.5159,11.638,0.041
2446.69759,12.192,0.03
2453.68273,12.148,0.047
2455.69255,12.114,0.043
2464.6576,11.901,0.024
2465.65673,11.997,0.026
2466.64947,12.014,0.024
2467.65331,11.99,0.021
2468.64575,12.078,0.021
2470.59971,12.101,0.026
2473.61913,12.197,0.028
2474.63874,12.006,0.028
2474.66607,12.004,0.038
2481.60537,11.885,0.035
2482.64438,11.796,0.031
2486.59655,11.416,0.039
2486.61276,11.552,0.033
2489.6345,11.774,0.028
2490.61627,11.656,0.034
2491.60873,11.789,0.035
2493.60418,11.891,0.03
2494.59823,12.064,0.044
2495.60449,11.933,0.029
2497.60182,11.988,0.024
2498.58754,11.926,0.025
2499.59025,11.888,0.027
2500.55788,11.928,0.029
2501.5827,12.025,0.025
2502.59631,11.975,0.031
2508.53723,12.016,0.031
2510.57926,12.184,0.029
2511.62367,12.179,0.036
2520.68366,12.072,0.025
2521.6958,11.937,0.028
2524.63737,12.105,0.03
2526.65381,12.24,0.027
2540.5298,12.096,0.039
2543.6195,11.957,0.049
2544.53055,12.1,0.031
2545.56805,12.096,0.023
2564.54265,11.776,0.03
2565.58446,11.847,0.029
2578.52863,12.1,0.031
2578.55039,12.285,0.028
2687.89031,11.24,0.038
2694.87909,11.017,0.031
2699.88436,11.053,0.027
2703.87769,11.175,0.028
2706.87217,11.292,0.025
2709.86683,11.378,0.023
2712.86125,11.568,0.025
2717.88328,11.803,0.029
2720.85661,11.838,0.027
2726.83071,11.406,0.026
2728.86805,11.283,0.031
2730.9098,11.398,0.025
2734.81672,11.613,0.024
2736.858,11.77,0.028
2738.85672,11.849,0.024
2740.8692,11.735,0.023
2742.85696,11.524,0.026
2749.86657,10.69,0.028
2754.82457,10.674,0.031
2756.83012,10.678,0.026
2758.85301,10.658,0.023
2760.81042,10.702,0.027
2764.80244,10.919,0.025
2770.85301,11.498,0.026
2775.84739,11.8,0.028
2782.81087,11.754,0.04
2784.75384,11.502,0.031
2786.74478,11.324,0.024
2788.80827,11.198,0.034
2788.81283,11.16,0.033
2788.81506,11.182,0.03
2788.81728,11.216,0.03
2788.8195,11.189,0.031
2788.82171,11.164,0.03
2788.82393,11.108,0.028
2788.82616,11.217,0.029
2788.82837,11.202,0.03
2788.83059,11.154,0.04
2788.87053,11.166,0.044
2788.87276,11.128,0.04
2788.87497,11.232,0.037
2788.87941,11.161,0.04
2788.88162,11.169,0.038
2788.88384,11.217,0.035
2788.88607,11.171,0.035
2788.88828,11.199,0.034
2788.8905,11.216,0.034
2788.89272,11.192,0.034
2788.90159,11.16,0.035
2788.90603,11.177,0.044
2788.90824,11.183,0.035
2788.91047,11.153,0.045
2788.93709,11.113,0.04
2790.76991,11.15,0.023
2792.57301,11.116,0.033
2792.57524,11.121,0.032
2792.57746,11.108,0.032
2792.57968,11.144,0.032
2792.5819,11.082,0.032
2792.58411,11.065,0.031
2792.58633,11.094,0.031
2792.58855,11.088,0.031
2792.59076,11.055,0.032
2792.593,11.129,0.032
2792.59521,11.145,0.031
2792.59743,11.109,0.031
2792.60283,11.085,0.039
2792.60506,11.09,0.036
2792.60728,11.067,0.03
2792.60949,11.059,0.032
2792.61171,11.119,0.033
2792.61394,11.135,0.033
2792.61838,11.085,0.032
2792.6206,11.045,0.032
2792.62283,11.08,0.032
2792.62504,11.056,0.032
2792.62948,11.071,0.032
2792.63169,11.116,0.032
2792.63391,11.081,0.032
2792.63835,11.084,0.032
2792.64057,11.13,0.032
2792.64279,11.124,0.032
2792.64501,11.132,0.032
2792.64722,11.126,0.033
2792.64945,11.136,0.032
2792.65167,11.138,0.032
2792.65389,11.135,0.032
2792.6561,11.115,0.031
2792.65832,11.115,0.032
2792.66055,11.085,0.032
2792.66277,11.138,0.032
2792.66499,11.154,0.031
2792.6672,11.137,0.032
2792.67165,11.118,0.033
2792.67387,11.169,0.035
2792.74932,10.983,0.04
2793.57383,11.153,0.046
2793.57604,11.112,0.042
2793.57826,11.119,0.038
2793.58049,11.039,0.039
2793.5827,11.105,0.041
2793.58492,11.152,0.042
2793.58714,11.131,0.044
2793.5938,11.062,0.036
2793.59601,11.162,0.044
2793.59823,10.986,0.045
2793.60488,11.104,0.035
2793.6071,11.142,0.041
2793.60932,11.137,0.037
2793.61154,11.098,0.04
2793.61375,11.124,0.04
2793.61597,11.136,0.036
2793.6182,11.15,0.034
2793.62041,11.141,0.042
2793.62485,11.096,0.046
2793.89559,11.082,0.044
2793.89781,11.142,0.041
2793.90003,11.066,0.036
2793.90225,11.074,0.041
2793.90447,11.093,0.044
2793.90669,11.072,0.047
2793.9089,11.139,0.042
2793.91113,11.04,0.047
2793.92223,11.083,0.045
2793.93556,11.057,0.045
2793.93778,11.09,0.039
2793.94225,11.028,0.044
2793.94447,11.09,0.041
2794.73294,11.047,0.032
2794.73515,11.078,0.035
2794.73737,11.06,0.036
2794.73959,11.062,0.033
2794.7418,11.104,0.035
2794.74403,11.065,0.033
2794.74625,11.059,0.034
2794.74847,11.063,0.033
2794.75069,11.058,0.033
2794.7529,11.126,0.034
2794.75513,11.119,0.035
2794.75735,11.052,0.035
2794.75956,11.092,0.034
2794.76178,11.06,0.035
2794.764,11.084,0.033
2794.76623,11.05,0.032
2794.76844,11.076,0.034
2794.77067,11.119,0.034
2794.77288,11.096,0.034
2794.7751,11.132,0.034
2794.77733,11.088,0.033
2794.77955,11.107,0.033
2794.78176,11.06,0.034
2794.78398,11.079,0.033
2794.7862,11.099,0.033
2794.78843,11.074,0.033
2794.79065,11.097,0.034
2794.79287,11.066,0.034
2794.79508,11.075,0.033
2794.7973,11.058,0.033
2794.80174,11.102,0.033
2794.80396,11.077,0.034
2794.80618,11.087,0.033
2794.8084,11.12,0.035
2794.81063,11.095,0.035
2794.81284,11.088,0.035
2794.81506,11.079,0.036
2794.81728,11.116,0.035
2794.81949,11.084,0.033
2794.82171,11.042,0.034
2794.82394,11.085,0.035
2794.82615,11.138,0.034
2794.82837,11.121,0.035
2794.83059,11.108,0.033
2794.8328,11.124,0.033
2795.74558,11.038,0.034
2795.7478,11.052,0.035
2795.75001,11.071,0.034
2795.75225,11.066,0.033
2795.75446,11.082,0.033
2795.75668,11.078,0.034
2795.7589,11.107,0.034
2795.76111,11.084,0.034
2795.76334,11.116,0.032
2795.76555,11.115,0.033
2795.76778,11.089,0.036
2795.76999,11.101,0.035
2795.77221,11.076,0.034
2795.77444,11.098,0.036
2795.77887,11.129,0.047
2795.79218,11.089,0.042
2795.79439,11.091,0.044
2795.79661,11.094,0.032
2795.80106,11.025,0.032
2795.80549,11.036,0.032
2795.80771,11.029,0.032
2795.80992,11.071,0.032
2795.81214,11.069,0.036
2795.81437,11.052,0.034
2795.81658,11.007,0.038
2795.8188,10.997,0.038
2795.82102,11.04,0.042
2795.82323,11.076,0.044
2795.83656,11.102,0.04
2795.84321,11.045,0.038
2795.84766,11.101,0.043
2795.84988,11.098,0.041
2795.85209,11.047,0.036
2795.85431,11.019,0.036
2795.85653,11.058,0.035
2795.85874,11.115,0.035
2795.86097,11.023,0.044
2795.86319,11.131,0.038
2795.86541,11.061,0.036
2795.86762,11.117,0.047
2795.8765,11.035,0.047
2795.87872,11.089,0.038
2795.89868,11.017,0.044
2795.90533,11.139,0.037
2795.90755,11.088,0.043
2795.90978,11.081,0.04
2795.91199,11.042,0.04
2795.91421,11.056,0.041
2796.56147,11.083,0.036
2796.56369,11.133,0.035
2796.56592,11.061,0.035
2796.56813,11.143,0.035
2796.57257,11.089,0.036
2796.57478,11.171,0.034
2796.577,11.091,0.035
2796.57923,11.098,0.035
2796.58144,11.066,0.035
2796.58366,11.082,0.035
2796.58588,11.09,0.035
2796.58809,11.091,0.036
2796.59031,11.109,0.035
2796.59254,11.085,0.035
2796.59476,11.044,0.035
2796.59698,11.073,0.034
2796.5992,11.078,0.034
2796.60143,11.079,0.034
2796.60364,11.089,0.035
2796.60586,11.045,0.035
2796.60808,11.107,0.035
2796.61029,11.07,0.036
2796.61251,11.105,0.036
2796.61474,11.117,0.035
2796.61696,11.103,0.035
2796.61917,11.06,0.035
2796.62139,11.084,0.035
2796.62361,11.072,0.034
2796.62584,11.061,0.035
2796.62805,11.09,0.035
2796.63027,11.103,0.035
2796.63249,11.129,0.035
2796.6347,11.117,0.035
2796.63693,11.039,0.035
2796.63916,11.097,0.036
2796.64137,11.12,0.036
2796.64359,11.08,0.036
2796.64581,11.095,0.036
2796.64804,11.125,0.036
2796.65026,11.076,0.035
2796.65248,11.071,0.036
2796.6547,11.074,0.036
2796.65691,11.086,0.036
2796.65914,11.097,0.036
2796.66136,11.133,0.036
2796.66357,11.14,0.035
2796.66579,11.082,0.036
2796.66801,11.12,0.035
2796.67023,11.113,0.034
2796.67245,11.108,0.035
2796.67467,11.082,0.036
2796.67689,11.145,0.036
2796.67911,11.101,0.035
2796.68133,11.096,0.035
2796.68355,11.057,0.035
2796.68577,11.123,0.034
2796.68799,11.081,0.036
2796.69021,11.068,0.035
2796.69244,11.019,0.033
2796.69466,11.016,0.033
2796.69688,11.07,0.032
2796.6991,11.101,0.033
2796.70131,11.067,0.032
2796.70354,11.062,0.03
2796.70576,11.068,0.032
2796.70797,11.067,0.033
2796.71019,11.047,0.032
2796.71463,11.057,0.032
2796.71685,11.066,0.031
2796.71907,11.059,0.032
2796.72129,11.072,0.032
2796.7235,11.062,0.032
2796.72573,11.062,0.032
2796.72795,11.037,0.032
2796.73017,11.095,0.032
2796.73238,11.035,0.032
2796.7346,11.019,0.032
2796.73683,11.035,0.032
2796.74126,11.035,0.032
2796.74348,11.088,0.032
2796.74569,11.049,0.031
2796.74791,11.085,0.032
2796.75014,11.083,0.031
2796.75235,11.042,0.032
2796.75457,11.027,0.032
2796.75679,11.099,0.032
2796.759,11.02,0.032
2796.76122,11.089,0.031
2796.76345,11.067,0.031
2796.76567,11.047,0.031
2796.76788,11.104,0.031
2796.7701,11.086,0.031
2796.77232,11.073,0.031
2796.77454,11.051,0.033
2796.77676,11.068,0.032
2796.77897,11.039,0.032
2796.78119,11.071,0.032
2796.78341,11.078,0.031
2796.78564,11.008,0.031
2796.78786,11.048,0.032
2796.79007,11.126,0.031
2796.79229,11.038,0.031
2796.7945,11.099,0.031
2796.79672,11.101,0.031
2796.79895,11.08,0.03
2796.80339,11.083,0.031
2796.80561,11.081,0.031
2796.80782,11.032,0.032
2796.81005,11.069,0.032
2796.81227,11.081,0.032
2796.81448,11.059,0.031
2796.8167,11.024,0.032
2796.81892,11.089,0.032
2796.82113,11.071,0.032
2796.82336,11.095,0.03
2796.82779,11.069,0.032
2796.83223,11.047,0.033
2796.83445,11.03,0.031
2796.83667,11.055,0.033
2796.83888,11.077,0.031
2796.8411,11.061,0.032
2796.84332,11.071,0.032
2796.84555,11.092,0.032
2796.84777,11.101,0.032
2796.84998,11.061,0.032
2796.8522,11.097,0.032
2796.85442,11.104,0.032
2796.85886,11.082,0.032
2796.86108,11.051,0.033
2796.86329,11.059,0.032
2796.86551,11.088,0.032
2796.86773,11.103,0.032
2796.86994,11.114,0.031
2796.87217,11.075,0.03
2796.87439,11.064,0.033
2796.8766,11.02,0.033
2796.87882,11.07,0.032
2796.88104,11.021,0.032
2796.88325,11.039,0.033
2796.8877,11.077,0.033
2796.88992,11.054,0.033
2796.89214,11.033,0.033
2796.89437,11.063,0.033
2796.89659,11.053,0.034
2796.8988,11.037,0.035
2796.90102,11.068,0.033
2796.90324,11.041,0.034
2796.90546,11.061,0.033
2796.90768,11.051,0.034
2796.9099,11.063,0.033
2796.91211,11.109,0.033
2796.91655,11.053,0.034
2796.91877,11.083,0.034
2796.92099,11.05,0.033
2796.92321,11.059,0.033
2796.92542,11.077,0.034
2796.92764,11.01,0.032
2796.92987,11.049,0.035
2796.93209,11.073,0.034
2796.9343,11.073,0.034
2796.93652,11.064,0.031
2796.93874,11.022,0.034
2796.94095,11.098,0.033
2796.94318,11.057,0.034
2796.9454,11.091,0.034
2797.56144,11.042,0.04
2797.56366,11.136,0.039
2797.56587,11.14,0.039
2797.5681,11.111,0.039
2797.57033,11.141,0.039
2797.57255,11.096,0.038
2797.57476,11.116,0.038
2797.57699,11.084,0.039
2797.58142,11.2,0.039
2797.58364,11.071,0.038
2797.58586,11.085,0.039
2797.58807,11.128,0.038
2797.5903,11.132,0.038
2797.59252,11.103,0.037
2797.59474,11.114,0.037
2797.59696,11.142,0.037
2797.59917,11.069,0.039
2802.8024,11.454,0.026
2802.80439,11.285,0.027
2804.68921,11.278,0.029
2808.76018,11.063,0.024
2810.68065,10.822,0.027
2812.65997,10.847,0.027
2813.73186,10.824,0.035
2814.51614,10.807,0.036
2814.51836,10.727,0.033
2814.52059,10.781,0.034
2814.52281,10.713,0.034
2814.52503,10.774,0.035
2814.52725,10.743,0.035
2814.52947,10.722,0.035
2814.5317,10.74,0.035
2814.53391,10.765,0.035
2814.53613,10.758,0.035
2814.53835,10.762,0.033
2814.54056,10.759,0.034
2814.54278,10.766,0.035
2814.545,10.744,0.034
2814.54722,10.778,0.034
2814.54944,10.745,0.034
2814.55166,10.792,0.033
2814.55388,10.716,0.034
2814.55611,10.759,0.033
2814.55832,10.807,0.034
2814.56054,10.769,0.034
2814.56276,10.818,0.034
2814.56497,10.777,0.035
2814.56719,10.751,0.034
2814.56942,10.757,0.033
2814.57163,10.731,0.033
2814.57385,10.726,0.034
2814.57607,10.73,0.033
2814.58051,10.737,0.034
2814.58273,10.743,0.034
2814.58494,10.75,0.034
2814.58716,10.751,0.035
2814.58937,10.744,0.034
2814.59159,10.748,0.035
2814.59382,10.716,0.035
2814.59603,10.721,0.035
2814.59825,10.744,0.034
2814.60047,10.772,0.034
2814.60268,10.741,0.033
2814.6049,10.733,0.034
2814.60713,10.743,0.034
2814.60934,10.723,0.034
2814.61156,10.744,0.035
2814.61378,10.749,0.035
2814.616,10.752,0.035
2814.61821,10.738,0.033
2814.62044,10.718,0.034
2814.62487,10.71,0.033
2814.6271,10.732,0.034
2814.62931,10.748,0.034
2814.63154,10.732,0.035
2814.63376,10.735,0.034
2814.63597,10.786,0.035
2814.63819,10.741,0.034
2814.64041,10.715,0.035
2814.64264,10.759,0.034
2814.64486,10.781,0.034
2814.64707,10.759,0.033
2814.64929,10.724,0.034
2814.65151,10.769,0.035
2814.65372,10.748,0.034
2814.65595,10.751,0.034
2814.65817,10.774,0.033
2814.66039,10.732,0.034
2814.66261,10.757,0.035
2814.66482,10.717,0.034
2814.66705,10.706,0.034
2814.66926,10.758,0.033
2814.67148,10.749,0.034
2814.6737,10.756,0.032
2814.67591,10.714,0.034
2814.67813,10.767,0.033
2814.68036,10.731,0.033
2814.68258,10.731,0.034
2814.68479,10.758,0.034
2814.68701,10.738,0.033
2814.68923,10.768,0.033
2814.69146,10.744,0.033
2814.69368,10.77,0.034
2814.69589,10.731,0.033
2814.69811,10.754,0.033
2814.70033,10.732,0.033
2814.70254,10.749,0.033
2814.70477,10.792,0.033
2814.70698,10.75,0.034
2814.7092,10.762,0.034
2814.71142,10.746,0.033
2814.71585,10.725,0.034
2814.71808,10.756,0.034
2814.72029,10.754,0.034
2814.72252,10.786,0.034
2814.72473,10.756,0.033
2814.72918,10.749,0.034
2814.73139,10.776,0.033
2814.73361,10.751,0.034
2814.73582,10.755,0.033
2814.73804,10.762,0.034
2814.74026,10.746,0.033
2814.74247,10.787,0.033
2814.7447,10.768,0.033
2814.74692,10.766,0.033
2814.74913,10.752,0.034
2814.75135,10.759,0.033
2814.75357,10.762,0.034
2814.75801,10.74,0.033
2814.76023,10.749,0.034
2814.76245,10.74,0.034
2814.76466,10.717,0.033
2814.76688,10.781,0.033
2814.76911,10.763,0.034
2814.77132,10.753,0.033
2814.77354,10.75,0.034
2814.77576,10.771,0.034
2814.77797,10.744,0.034
2814.7802,10.789,0.034
2814.78242,10.757,0.034
2814.78463,10.747,0.034
2814.78685,10.744,0.033
2814.78907,10.769,0.034
2814.7913,10.723,0.033
2814.79351,10.754,0.034
2814.79573,10.8,0.034
2814.79795,10.767,0.034
2814.80016,10.764,0.034
2814.80238,10.769,0.034
2814.80461,10.748,0.036
2814.80683,10.745,0.035
2814.80904,10.754,0.035
2814.81126,10.737,0.033
2814.81348,10.74,0.036
2814.81792,10.708,0.035
2814.82014,10.746,0.035
2814.82236,10.734,0.034
2814.82662,10.871,0.029
2814.8292,10.772,0.036
2814.83603,10.761,0.037
2814.84316,10.732,0.036
2814.85689,10.774,0.034
2814.87133,10.759,0.035
2814.88349,10.747,0.034
2814.89107,10.694,0.036
2814.90414,10.732,0.033
2814.91197,10.755,0.034
2814.91756,10.719,0.035
2814.9256,10.728,0.036
2815.75605,10.797,0.033
2815.75826,10.799,0.032
2815.76049,10.793,0.031
2815.76271,10.787,0.032
2815.76493,10.757,0.032
2815.76715,10.786,0.031
2815.76937,10.806,0.032
2815.7716,10.758,0.032
2815.77382,10.802,0.031
2815.77603,10.803,0.032
2815.77825,10.81,0.033
2815.78046,10.788,0.031
2815.78269,10.791,0.033
2815.78491,10.776,0.032
2815.78712,10.797,0.032
2815.78934,10.779,0.032
2815.79156,10.789,0.032
2815.79377,10.797,0.032
2815.796,10.767,0.032
2815.79822,10.799,0.033
2815.80043,10.794,0.032
2815.80265,10.815,0.033
2815.80488,10.79,0.034
2815.80939,10.786,0.032
2815.81397,10.778,0.034
2815.81867,10.802,0.032
2815.82324,10.803,0.032
2815.82788,10.803,0.033
2815.8326,10.776,0.032
2815.84193,10.825,0.032
2815.84652,10.823,0.032
2815.85127,10.792,0.032
2815.85825,10.847,0.034
2815.86523,10.819,0.035
2815.87229,10.769,0.033
2815.87927,10.833,0.033
2815.88642,10.792,0.035
2815.89361,10.821,0.032
2815.90313,11.209,0.04
2815.91265,10.768,0.034
2815.92271,10.782,0.034
2815.9327,10.821,0.032
2816.69729,10.886,0.036
2816.69949,10.823,0.033
2816.70169,10.843,0.034
2816.70389,10.871,0.033
2816.70608,10.827,0.033
2816.70827,10.875,0.033
2816.71047,10.842,0.033
2816.72187,10.814,0.037
2816.72407,10.836,0.033
2816.72626,10.854,0.031
2816.72846,10.835,0.032
2816.73068,10.865,0.032
2816.73288,10.874,0.032
2816.73509,10.898,0.031
2816.73729,10.849,0.032
2816.7395,10.843,0.031
2816.74171,10.869,0.031
2816.75049,10.838,0.032
2816.75268,10.873,0.032
2816.75487,10.831,0.032
2816.75707,10.841,0.033
2816.75927,10.856,0.031
2816.76348,10.849,0.034
2816.76568,10.835,0.033
2816.76788,10.875,0.032
2816.77007,10.829,0.032
2816.77227,10.843,0.032
2816.77517,10.854,0.032
2816.77808,10.836,0.033
2816.78098,10.84,0.032
2816.78389,10.845,0.032
2816.78681,10.826,0.033
2816.78971,10.835,0.031
2816.79439,10.894,0.031
2816.79927,10.805,0.037
2816.80373,10.84,0.032
2816.80832,10.878,0.032
2816.82259,10.95,0.032
2816.8299,10.885,0.034
2816.83707,10.874,0.035
2816.84432,10.795,0.035
2816.85148,10.845,0.033
2816.86088,10.862,0.033
2816.87031,10.832,0.036
2816.87981,10.888,0.033
2816.88933,10.787,0.037
2816.89888,10.838,0.035
2816.90822,10.849,0.034
2816.91784,10.843,0.033
2816.92747,10.858,0.034
2816.93709,10.838,0.038
2818.89341,10.978,0.023
2819.50565,10.999,0.036
2819.50787,11.06,0.032
2819.5101,11.06,0.034
2819.51232,11.061,0.033
2819.51777,10.971,0.035
2819.52384,11.046,0.036
2819.52976,11.114,0.033
2819.53566,11.027,0.032
2819.54141,11.096,0.03
2819.54699,11.034,0.031
2819.55242,11.102,0.031
2819.55806,11.059,0.036
2819.5636,11.019,0.03
2819.56905,11.062,0.03
2819.57667,11.006,0.03
2819.58412,11.004,0.033
2819.59164,11.045,0.03
2819.59959,11.042,0.034
2819.60742,11.017,0.031
2819.61514,11.067,0.03
2819.62529,11.097,0.031
2819.63556,11.081,0.032
2819.64541,11.049,0.031
2819.65511,11.011,0.031
2819.66471,11.068,0.03
2819.67423,11.061,0.029
2819.6841,11.023,0.029
2819.69409,11.102,0.029
2819.70357,11.071,0.029
2819.72194,11.011,0.03
2819.73107,11.093,0.028
2819.74941,11.075,0.029
2819.75857,11.045,0.028
2819.77705,11.095,0.028
2819.78632,11.049,0.029
2819.79562,11.063,0.03
2819.80504,11.066,0.029
2819.81448,11.039,0.03
2819.83349,11.042,0.03
2819.84308,11.081,0.034
2819.85277,11.015,0.036
2819.87242,11.021,0.033
2819.8921,11.002,0.033
2819.90157,11.087,0.035
2819.91138,11.086,0.034
2819.92134,11.034,0.043
2820.50521,11.058,0.035
2820.51533,11.131,0.032
2820.52545,11.064,0.033
2820.53539,11.118,0.031
2820.54509,11.11,0.03
2820.55465,11.18,0.037
2820.56485,11.099,0.03
2820.57511,11.161,0.029
2820.5853,11.165,0.031
2820.59526,11.15,0.03
2820.60504,11.109,0.029
2820.61524,11.165,0.029
2820.62567,11.157,0.029
2820.63522,11.144,0.029
2820.64513,11.113,0.029
2820.65487,11.114,0.03
2820.66448,11.163,0.03
2820.67418,11.08,0.029
2820.68354,11.118,0.031
2820.69316,11.088,0.029
2820.70238,11.162,0.029
2820.71191,11.126,0.029
2820.72139,11.089,0.028
2820.73073,11.16,0.029
2820.74017,11.126,0.029
2820.74959,11.098,0.03
2820.75976,11.117,0.028
2820.76905,11.106,0.03
2820.7786,11.089,0.03
2820.78836,11.172,0.031
2820.79807,11.108,0.031
2820.80749,11.094,0.032
2820.81712,11.147,0.031
2820.83659,11.082,0.031
2821.67855,11.198,0.024
2821.75385,11.217,0.029
2821.76309,11.237,0.03
2821.77237,11.236,0.03
2821.78185,11.212,0.03
2821.79148,11.247,0.031
2821.80112,11.269,0.038
2821.81067,11.222,0.032
2821.82032,11.268,0.033
2821.83012,11.257,0.033
2821.84013,11.177,0.035
2821.84961,11.145,0.035
2821.85913,11.229,0.034
2822.63967,11.281,0.034
2822.64946,11.284,0.033
2822.65912,11.317,0.031
2822.6691,11.209,0.031
2822.67918,11.168,0.033
2822.68888,11.243,0.032
2822.69867,11.178,0.035
2822.70824,11.289,0.034
2822.71762,11.258,0.032
2822.73614,11.23,0.038
2824.66554,11.401,0.05
2826.49284,11.38,0.031
2826.50336,11.411,0.031
2826.51384,11.398,0.03
2826.5241,11.45,0.029
2826.53409,11.342,0.029
2826.54459,11.425,0.03
2826.55501,11.365,0.029
2826.56508,11.325,0.029
2826.57519,11.412,0.029
2826.5848,11.368,0.029
2826.59501,11.451,0.029
2826.60497,11.425,0.028
2826.61479,11.369,0.03
2826.62455,11.363,0.032
2826.63531,11.389,0.043
2826.64518,11.276,0.037
2826.65446,11.301,0.043
2826.69312,11.442,0.042
2826.70267,11.327,0.032
2826.70984,11.405,0.022
2826.71231,11.38,0.029
2826.72171,11.386,0.028
2826.73112,11.423,0.03
2826.74051,11.419,0.028
2826.75951,11.371,0.045
2826.7687,11.313,0.029
2826.77807,11.382,0.028
2826.78723,11.36,0.033
2827.55457,11.364,0.046
2827.61146,11.455,0.042
2829.48284,11.483,0.032
2829.49279,11.482,0.031
2829.5133,11.495,0.031
2829.52335,11.481,0.031
2829.53331,11.531,0.032
2829.54361,11.487,0.038
2829.55396,11.502,0.036
2829.56415,11.451,0.031
2829.57449,11.438,0.036
2829.59467,11.415,0.035
2829.64423,11.576,0.037
2829.66282,11.455,0.032
2829.69036,11.572,0.036
2829.70899,11.349,0.034
2829.72745,11.51,0.03
2829.73676,11.504,0.029
2830.65699,11.553,0.024
2834.67531,12.037,0.032
2835.69768,12.153,0.024
2838.69087,12.193,0.027
2838.80069,12.158,0.027
2840.84834,12.415,0.027
2841.85572,12.331,0.025
2843.67415,12.319,0.037
2851.62058,11.912,0.022
2851.64895,11.772,0.022
2853.77206,11.878,0.022
2855.66568,11.883,0.041
2861.77762,11.912,0.034
2862.62164,12.052,0.026
2865.77754,11.942,0.05
2866.62217,11.886,0.023
2867.64402,11.825,0.029
2867.70915,11.845,0.024
2872.55953,11.416,0.029
2872.58826,11.4,0.022
2875.59273,11.034,0.03
2876.66041,11.102,0.023
2877.58608,11.118,0.024
2878.64577,11.064,0.028
2879.58446,11.024,0.023
2880.70375,10.958,0.026
2882.61024,11.01,0.027
2883.57325,10.987,0.026
2884.57287,10.987,0.025
2886.54298,11.062,0.026
2892.53434,11.313,0.027
2893.59528,11.287,0.034
2895.61641,11.325,0.031
2896.64386,11.405,0.028
2897.62555,11.359,0.034
2898.62671,11.586,0.027
2900.62134,11.742,0.026
2904.60105,11.99,0.045
2904.64615,11.875,0.044
2906.60416,12.026,0.024
2906.64157,11.992,0.029
2909.6264,12.061,0.029
2909.64417,12.18,0.025
2911.57982,12.243,0.026
2911.59729,12.262,0.036
2916.49326,12.28,0.036
2917.48944,12.017,0.026
2917.59322,12.043,0.032
2921.49119,12.168,0.033
2921.59256,11.992,0.031
2923.51071,12.02,0.024
2923.58282,12.113,0.031
2926.51856,12.02,0.03
2926.58128,12.037,0.028
2928.52632,11.887,0.037
2928.58322,11.943,0.029
2930.53189,11.768,0.035
2930.57543,11.983,0.029
2932.53266,11.797,0.027
2932.5737,11.993,0.028
2934.53098,11.743,0.027
2936.52931,11.67,0.038
2936.56551,11.819,0.041
2939.53682,11.496,0.025
2943.53872,11.305,0.03
2944.50735,11.255,0.044
2945.54459,11.199,0.032
2946.53844,11.255,0.025
2949.52424,11.179,0.028
2949.54316,11.152,0.029
2951.5516,11.271,0.029
2955.51321,11.47,0.028
2956.55205,11.455,0.025
2957.52429,11.597,0.028
2961.52275,11.664,0.026
3057.89419,11.227,0.034
3069.90312,11.886,0.033
3074.87966,11.721,0.028
3087.88356,11.01,0.028
3091.87437,11.092,0.028
3097.85319,11.412,0.025
3100.87379,11.766,0.034
3101.84338,11.798,0.027
3104.86954,12.107,0.04
3109.83548,12.435,0.025
3112.87389,12.514,0.029
3115.85899,12.327,0.024
3122.87704,12.294,0.028
3122.89719,12.232,0.025
3125.80074,12.233,0.028
3127.83435,12.03,0.033
3129.85582,12.067,0.032
3130.82,11.972,0.028
3142.79106,11.02,0.025
3144.81944,10.972,0.025
3146.7502,10.985,0.024
3152.86454,11.219,0.03
3152.87164,11.158,0.027
3154.77402,11.398,0.023
3157.88817,11.499,0.044
3159.79412,11.466,0.036
3162.77662,11.881,0.028
3162.83414,11.965,0.037
3168.78021,12.094,0.026
3170.74019,12.36,0.031
3170.872,11.958,0.027
3176.77897,12.281,0.027
3176.78136,12.341,0.024
3179.7,12.185,0.025
3182.72222,12.015,0.024
3184.70247,12.008,0.025
3191.82564,11.839,0.035
3266.52515,11.259,0.022
3292.55263,11.444,0.034
3326.50829,11.501,0.035
3424.89639,11.353,0.043
3426.89306,11.459,0.042
3432.89867,11.726,0.041
3444.85777,11.912,0.036
3444.86298,11.996,0.044
3447.88954,11.802,0.033
3452.87696,11.697,0.033
3455.85037,11.87,0.043
3458.87898,11.722,0.038
3464.84916,11.326,0.029
3468.85901,10.91,0.034
3472.87103,10.846,0.031
3475.87683,10.802,0.046
3475.89802,10.924,0.036
3478.83878,10.91,0.042
3478.84646,10.81,0.032
3481.81916,10.997,0.038
3481.82607,10.96,0.032
3483.76581,11.197,0.038
3483.79863,11.121,0.035
3483.85789,11.185,0.031
3483.88709,11.113,0.035
3483.9142,11.035,0.042
3484.73294,11.15,0.046
3484.84151,11.298,0.051
3484.8481,11.12,0.042
3486.69826,11.386,0.04
3491.89391,11.658,0.043
3491.89635,11.723,0.032
3502.79812,12.044,0.034
3502.80715,12.375,0.043
3508.85554,11.935,0.028
3511.78234,11.684,0.03
3521.85118,11.613,0.04
3522.7058,11.535,0.044
3524.74127,11.598,0.034
3526.79629,11.671,0.028
3526.8718,11.642,0.037
3528.85278,11.603,0.038
3538.77313,10.979,0.033
3540.77167,11.035,0.037
3542.6971,10.94,0.031
3550.73387,11.128,0.031
3550.73919,11.303,0.037
3552.75686,11.315,0.033
3552.84296,11.281,0.037
3555.75445,11.426,0.028
3555.75966,11.42,0.034
3558.89572,11.516,0.037
3558.90217,11.567,0.037
3561.6557,11.932,0.028
3563.68966,12.119,0.033
3563.6999,12.072,0.026
3568.83591,11.964,0.025
3573.67455,11.828,0.028
3575.69066,11.65,0.028
3577.71326,11.608,0.042
3577.71565,11.61,0.033
3581.84144,11.524,0.026
3584.63248,11.679,0.026
3584.82673,11.687,0.043
3586.64872,11.766,0.026
3590.7412,11.918,0.026
3592.74525,12.026,0.031
3602.60434,11.453,0.029
3604.60536,11.433,0.045
3609.55126,11.176,0.038
3616.5475,11.404,0.028
3616.65247,11.483,0.039
3618.65761,11.602,0.037
3620.63837,11.53,0.029
3622.70813,11.699,0.026
3628.52352,12.17,0.026
3630.59048,12.045,0.03
3632.5963,12.082,0.027
3634.61684,12.086,0.033
3634.64015,12.141,0.036
3637.63793,12.064,0.036
3637.64312,11.972,0.038
3641.59744,11.68,0.025
3643.64924,11.684,0.034
3643.65626,11.805,0.043
3646.64981,11.749,0.037
3649.5662,11.649,0.044
3649.57461,11.666,0.038
3655.49622,11.815,0.039
3657.56914,11.754,0.028
3659.62074,11.79,0.03
3664.54065,11.728,0.027
3668.52089,11.49,0.026
3668.54703,11.514,0.032
3670.57453,11.199,0.025
3670.58328,11.216,0.033
3673.53127,10.939,0.025
3676.52708,10.935,0.025
3793.89222,12.068,0.038
3796.8929,11.726,0.031
3797.89359,11.706,0.039
3800.89348,11.33,0.038
3804.88461,11.239,0.045
3808.88595,11.03,0.044
3812.88623,11.083,0.031
3812.9043,11.16,0.042
3820.85888,11.327,0.037
3823.89596,11.461,0.033
3823.89845,11.544,0.04
3827.85199,11.622,0.031
3827.86903,11.437,0.041
3831.84421,12.029,0.03
3831.84758,11.755,0.037
3834.8786,12.18,0.039
3847.91676,11.776,0.037
3848.89215,11.833,0.049
3850.84342,11.918,0.031
3851.85702,11.755,0.037
3856.82516,11.978,0.035
3860.82428,11.998,0.037
3862.80933,11.889,0.032
3863.79887,11.922,0.038
3864.81126,11.749,0.035
3865.81739,11.827,0.036
3866.83017,11.726,0.03
3867.81304,11.64,0.037
3868.8383,11.573,0.031
3869.80864,11.572,0.041
3874.79704,11.546,0.027
3877.77633,11.577,0.05
3877.77861,11.546,0.032
3880.83181,11.508,0.034
3883.83539,11.447,0.031
3887.77841,11.649,0.037
3889.8907,11.849,0.034
3891.78881,12.055,0.033
3892.73383,12.065,0.026
3893.80177,12.087,0.035
3894.72589,12.275,0.026
3896.79371,12.354,0.036
3901.77608,12.165,0.039
3901.77843,12.186,0.031
3903.78094,12.066,0.029
3907.79578,11.791,0.036
3913.88524,11.735,0.036
4164.89106,11.996,0.044
4168.89031,11.867,0.04
4179.87756,11.734,0.039
4182.90411,11.912,0.04
4186.90613,12.1,0.035
4186.90931,12.038,0.037
4190.85667,12.229,0.034
4190.85908,12.087,0.027
4193.8651,11.874,0.035
4203.86685,11.413,0.037
4207.89471,11.601,0.037
4212.91638,11.469,0.038
4213.91651,11.696,0.034
4229.87957,11.654,0.031
4231.88079,11.489,0.033
4234.80086,11.333,0.038
4246.74655,11.811,0.034
4250.77494,12.12,0.034
4250.79171,12.048,0.027
4256.81088,12.044,0.032
4266.73633,11.774,0.047
4266.77203,11.788,0.03
4273.7118,11.833,0.033
4276.69394,11.981,0.032
4278.70437,11.963,0.03
4283.81771,12.638,0.041
4285.72256,12.376,0.03
4285.80776,12.368,0.039
4289.80057,12.391,0.033
4291.80182,12.403,0.028
4293.70882,12.515,0.026
4293.78601,12.461,0.032
4295.72158,12.137,0.027
4295.80194,12.302,0.035
4297.71203,12.011,0.041
4297.82907,12.193,0.035
4299.68512,11.999,0.026
4299.77693,12.008,0.032
4301.6771,11.923,0.028
4301.68048,11.911,0.036
4303.68157,11.926,0.032
4303.68418,11.931,0.029
4305.67364,11.968,0.026
4305.67626,11.911,0.03
4307.63426,11.914,0.043
4307.64646,11.931,0.026
4311.65442,11.867,0.028
4311.6578,11.845,0.035
4316.75127,11.852,0.025
4316.75385,11.85,0.032
4319.70449,11.829,0.032
4329.59742,11.312,0.031
4329.66247,11.253,0.038
4331.58979,11.315,0.034
4331.60451,11.212,0.031
4332.78282,11.208,0.039
4338.57425,11.319,0.034
4338.57914,11.281,0.042
4340.62887,11.541,0.044
4340.63377,11.496,0.028
4342.62407,11.505,0.035
4342.62973,11.515,0.029
4344.62045,11.736,0.053
4344.62935,11.641,0.033
4346.62651,11.853,0.026
4348.62817,11.957,0.029
4350.63279,12.12,0.028
4353.52651,12.282,0.028
4355.61622,12.317,0.026
4355.6187,12.349,0.033
4357.6204,12.278,0.029
4357.62289,12.15,0.033
4359.60123,12.008,0.027
4359.63162,12.155,0.034
4361.57222,11.727,0.026
4367.49605,11.39,0.031
4369.55516,11.264,0.029
4369.56362,11.3,0.035
4371.57072,11.199,0.028
4371.58163,11.33,0.033
4373.58115,11.302,0.028
4373.59387,11.25,0.035
4376.57064,11.36,0.027
4376.58517,11.359,0.033
4378.58697,11.632,0.031
4380.61427,11.532,0.031
4380.62907,11.516,0.036
4382.63402,11.239,0.024
4382.63719,11.389,0.03
4385.53325,10.96,0.028
4387.5355,10.848,0.028
4393.50168,10.587,0.036
4399.55356,10.631,0.031
4402.58569,10.798,0.028
4403.58536,10.835,0.034
4407.50743,11.085,0.03
4413.55094,11.68,0.026
4426.51541,11.934,0.035
4428.515,11.751,0.041
4430.51616,11.651,0.031
4523.89625,12.11,0.032
4531.89115,11.846,0.034
4537.89427,11.932,0.03
4541.88668,12.095,0.031
4558.85003,12.474,0.031
4561.87999,12.161,0.034
4565.86134,11.936,0.03
4568.87891,11.854,0.035
4569.84102,11.902,0.033
4572.85878,11.83,0.035
4575.84271,11.975,0.041
4577.86417,11.838,0.031
4579.86475,11.759,0.036
4585.85326,11.092,0.03
4588.83799,10.935,0.032
4591.83039,11.013,0.035
4591.8434,10.961,0.032
4594.81904,11.285,0.03
4597.80364,11.688,0.03
4602.80395,12.076,0.037
4606.85273,12.383,0.041
4611.8289,12.517,0.033
4615.83348,12.751,0.03
4615.89162,12.751,0.034
4617.77991,12.826,0.035
4623.82081,12.143,0.035
4626.67159,11.766,0.031
4628.73641,11.644,0.037
4632.71601,11.477,0.032
4638.79751,11.551,0.032
4639.75568,11.547,0.031
4641.76291,11.736,0.032
4643.75383,11.63,0.037
4645.78454,11.374,0.035
4647.84578,11.371,0.039
4650.66859,11.398,0.034
4652.70756,11.362,0.032
4654.70322,11.358,0.032
4656.70242,11.223,0.037
4658.78544,11.268,0.045
4661.65133,11.153,0.034
4666.68014,11.281,0.034
4669.84048,11.491,0.038
4671.85419,11.57,0.031
4674.61339,11.649,0.031
4677.6911,11.782,0.034
4679.69562,11.911,0.032
4682.67145,12.153,0.036
4682.67374,11.884,0.04
4684.6808,12.124,0.036
4684.68307,11.896,0.034
4686.61428,11.795,0.036
4686.62568,11.859,0.032
4697.60717,11.307,0.03
4701.60493,11.403,0.032
4701.60809,11.392,0.027
4703.61178,11.522,0.037
4703.6142,11.418,0.031
4705.64373,11.531,0.037
4708.59951,11.709,0.04
4708.60199,11.595,0.031
4710.61571,11.587,0.045
4710.61817,11.473,0.04
4715.5728,11.504,0.031
4715.71296,11.49,0.037
4720.72601,11.326,0.032
4721.52907,11.271,0.036
4724.54003,11.124,0.03
4724.58221,11.126,0.043
4726.59736,11.284,0.035
4726.63405,11.332,0.044
4729.59043,11.455,0.031
4729.61713,11.474,0.035
4734.63814,11.696,0.036
4734.66885,11.655,0.038
4738.67975,12.016,0.033
4739.49812,12.08,0.034
4742.49878,12.063,0.037
4743.60789,12.305,0.037
4748.49238,12.91,0.032
4750.61924,12.352,0.045
4753.57373,12.634,0.033
4753.57769,12.434,0.04
4755.60015,12.466,0.035
4755.60705,12.428,0.038
4758.56206,12.733,0.037
4758.56534,12.412,0.041
4761.55618,12.379,0.041
4764.54897,12.074,0.032
4767.54522,12.075,0.033
4767.54754,12.156,0.038
4770.52897,12.19,0.038
4775.52271,12.086,0.033
4777.56518,12.086,0.034
4782.51036,11.944,0.038
4785.51885,11.858,0.034
4796.51598,11.808,0.045
4905.90282,12.036,0.049
4917.86434,11.377,0.048
4920.8762,11.341,0.039
4928.90488,11.465,0.046
4932.84613,11.56,0.052
4940.82267,11.621,0.047
4940.83623,11.544,0.044
4947.84814,11.816,0.046
4962.81433,11.638,0.051
4969.78688,11.778,0.048
4973.74535,11.801,0.05
4975.824,12.021,0.053
4984.82311,11.487,0.051
4988.77451,11.343,0.038
4988.77723,11.405,0.046
4993.78773,11.128,0.04
4994.78725,11.01,0.05
5006.76197,11.078,0.045
5006.77424,11.108,0.049
5009.72601,11.088,0.051
5014.72546,11.546,0.045
5021.71641,12.111,0.047
5023.72151,12.036,0.041
5031.68112,12.022,0.042
5031.69184,11.948,0.041
5042.64621,11.982,0.049
5042.65258,11.577,0.043
5048.63354,11.763,0.048
5048.63585,11.923,0.039
5067.5792,11.687,0.047
5075.56225,11.972,0.038
5082.65824,12.435,0.038
5082.68636,12.487,0.044
5084.6963,12.226,0.039
5084.72181,12.284,0.046
5087.52812,12.291,0.046
5087.53415,12.147,0.045
5089.5814,12.389,0.042
5089.58656,12.046,0.046
5093.64502,12.087,0.052
5097.64961,12.177,0.044
5103.52364,12.782,0.041
5103.56912,12.473,0.053
5106.52268,12.712,0.044
5106.54481,12.531,0.053
5110.63319,12.22,0.052
