2712.9014,10.764,0.027
2721.90375,10.678,0.037
2724.8984,10.668,0.027
2729.90014,10.689,0.026
2733.89368,10.671,0.026
2736.88088,10.675,0.032
2742.87514,10.712,0.031
2751.8348,10.763,0.029
2754.88838,10.767,0.027
2756.87846,10.808,0.025
2758.87316,10.812,0.026
2764.83371,10.822,0.024
2765.82596,10.8,0.027
2769.83824,10.828,0.049
2775.8509,10.849,0.033
2783.75758,10.809,0.027
2786.78588,10.797,0.027
2790.78696,10.724,0.026
2809.75362,10.677,0.025
2810.86229,10.689,0.027
2812.71683,10.674,0.025
2815.84285,10.716,0.029
2821.71887,10.76,0.026
2829.68232,10.724,0.045
2830.78224,10.711,0.029
2832.64888,10.72,0.026
2834.63872,10.667,0.05
2838.74561,10.628,0.031
2843.65729,10.624,0.037
2853.60327,10.687,0.034
2855.62564,10.642,0.031
2858.67446,10.622,0.026
2860.62254,10.595,0.026
2861.71468,10.558,0.028
2866.65777,10.598,0.026
2868.67318,10.625,0.027
2872.6739,10.616,0.024
2875.67599,10.649,0.025
2877.66036,10.682,0.024
2883.5467,10.719,0.025
2885.54627,10.707,0.026
2888.56675,10.757,0.025
2893.55353,10.818,0.027
2895.55928,10.881,0.025
2897.57117,10.921,0.025
2901.5587,11.112,0.038
2908.55679,11.248,0.027
2910.55248,11.37,0.025
2912.54723,11.478,0.025
2915.55463,11.651,0.027
2918.56364,12.165,0.029
2922.53381,12.193,0.027
2924.53912,12.316,0.027
2927.54061,12.441,0.026
2930.50978,12.705,0.027
2932.51577,12.793,0.026
2935.50478,12.841,0.027
3271.58915,11.978,0.047
3274.59087,12.031,0.046
3277.5598,12.138,0.047
3279.57548,11.975,0.046
3294.53171,11.828,0.037
3454.90127,11.002,0.033
3458.90155,11.092,0.032
3463.89892,11.05,0.03
3467.89268,11.032,0.03
3470.91482,11.012,0.029
3473.89514,11.044,0.032
3476.8923,11.069,0.037
3479.86587,11.053,0.035
3487.85378,10.975,0.046
3490.84695,11.036,0.038
3492.85381,11.066,0.034
3496.83637,11.091,0.032
3500.81609,11.119,0.032
3503.8056,11.153,0.027
3506.88386,11.185,0.033
3512.76776,11.218,0.031
3516.77741,11.296,0.032
3522.77085,11.489,0.04
3525.74558,11.501,0.029
3538.73203,11.327,0.029
3540.72075,11.31,0.03
3543.70111,11.36,0.039
3553.68809,11.321,0.031
3555.80233,11.273,0.031
3559.65622,11.209,0.031
3561.67387,11.131,0.044
3563.65881,11.137,0.033
3569.73516,11.182,0.03
3571.73556,11.163,0.032
3574.74984,11.149,0.032
3576.76503,11.127,0.033
3586.58684,10.995,0.031
3588.66812,11.015,0.049
3596.65386,10.898,0.031
3602.62614,10.829,0.033
3609.52919,10.815,0.04
3617.59692,10.785,0.041
3620.50947,10.819,0.041
3622.57842,10.759,0.034
3626.59227,10.731,0.028
3629.62057,10.663,0.035
3632.54484,10.723,0.039
3635.53319,10.654,0.047
3639.53476,10.787,0.036
3642.54059,10.794,0.033
3646.53267,10.79,0.03
3649.50559,10.748,0.041
3653.53628,10.623,0.037
3659.51538,10.585,0.037
3669.50644,10.73,0.029
3674.49928,10.767,0.037
3818.90848,10.531,0.035
3822.90871,10.566,0.034
3830.90221,10.55,0.034
3834.88057,10.555,0.033
3848.87349,10.422,0.043
3851.84937,10.409,0.036
3862.81436,10.499,0.03
3864.81278,10.561,0.035
3866.81305,10.52,0.031
3868.81853,10.511,0.038
3870.78715,10.48,0.034
3872.81387,10.48,0.037
3880.77377,10.507,0.03
3883.79218,10.517,0.037
3887.75406,10.577,0.038
3889.77328,10.636,0.03
3891.83617,10.565,0.031
3893.84604,10.559,0.03
3901.81172,10.51,0.035
3903.82045,10.494,0.033
3905.85992,10.445,0.036
3908.69863,10.43,0.03
3912.70737,10.479,0.03
3981.58388,10.504,0.042
4183.90598,10.457,0.038
4190.90421,10.48,0.032
4194.88629,10.543,0.035
4202.89156,10.506,0.031
4205.8844,10.48,0.034
4213.87401,10.45,0.048
4227.81859,10.448,0.029
4227.82805,10.488,0.031
4229.83728,10.511,0.029
4232.80421,10.514,0.03
4235.79586,10.555,0.036
4238.78514,10.544,0.035
4245.77604,10.554,0.045
4247.76697,10.502,0.03
4253.75467,10.43,0.033
4256.73902,10.405,0.035
4258.85247,10.425,0.03
4272.69901,10.473,0.029
4274.70905,10.502,0.029
4277.70228,10.502,0.028
4283.76652,10.525,0.042
4285.75622,10.513,0.034
4289.74861,10.57,0.039
4291.74915,10.545,0.034
4293.73611,10.526,0.03
4295.74447,10.498,0.032
4297.73889,10.508,0.034
4299.71738,10.494,0.029
4301.71702,10.508,0.035
4303.70536,10.426,0.029
4305.63153,10.425,0.029
4307.62353,10.416,0.032
4311.7186,10.405,0.033
4315.58827,10.371,0.029
4317.66651,10.576,0.031
4330.56105,10.403,0.028
4332.62431,10.417,0.043
4334.62721,10.427,0.028
4338.62895,10.499,0.031
4341.60528,10.477,0.03
4343.61228,10.516,0.032
4345.61822,10.497,0.03
4347.62285,10.505,0.03
4349.62253,10.447,0.035
4351.62205,10.436,0.036
4354.58782,10.464,0.03
4356.60676,10.478,0.03
4358.59017,10.482,0.032
4360.5733,10.455,0.036
4362.60604,10.52,0.031
4364.58506,10.498,0.033
4368.55095,10.417,0.034
4372.57447,10.385,0.039
4376.5175,10.482,0.032
4378.54022,10.497,0.036
4381.51812,10.471,0.037
4384.51391,10.477,0.032
4387.49626,10.48,0.032
4389.50082,10.495,0.032
4552.90208,10.516,0.031
4560.89491,10.447,0.03
4564.89236,10.428,0.03
4568.88367,10.46,0.045
4572.87978,10.517,0.03
4575.88133,10.535,0.034
4579.88308,10.579,0.034
4583.88391,10.604,0.03
4587.83464,10.506,0.035
4590.84403,10.478,0.032
4593.83646,10.486,0.028
4596.82529,10.489,0.029
4601.82024,10.473,0.03
4606.85913,10.473,0.038
4609.80529,10.596,0.033
4611.82193,10.568,0.031
4616.87314,10.571,0.033
4623.75836,10.594,0.031
4627.77642,10.55,0.032
4629.76586,10.509,0.034
4631.77903,10.497,0.031
4633.75721,10.476,0.036
4638.86284,10.43,0.036
4640.85519,10.46,0.031
4643.69741,10.462,0.035
4645.72636,10.492,0.036
4647.76736,10.496,0.035
4649.81215,10.463,0.036
4652.67827,10.445,0.035
4654.69616,10.474,0.036
4656.69794,10.486,0.031
4658.78182,10.506,0.042
4661.66228,10.455,0.03
4663.69354,10.447,0.033
4665.73916,10.469,0.034
4671.67001,10.515,0.028
4674.62081,10.523,0.028
4677.69766,10.468,0.031
4679.70315,10.496,0.03
4682.67814,10.508,0.034
4684.68824,10.538,0.032
4686.63087,10.569,0.033
4690.6234,10.611,0.031
4697.65984,10.4,0.031
4701.65027,10.401,0.04
4703.65385,10.4,0.034
4705.67395,10.377,0.034
4708.62739,10.39,0.033
4710.64591,10.47,0.044
4716.581,10.464,0.033
4720.61996,10.483,0.033
4724.53475,10.585,0.037
4726.59203,10.426,0.037
4729.58201,10.423,0.033
4733.53246,10.457,0.033
4737.54702,10.479,0.039
4740.53667,10.417,0.031
4743.52202,10.442,0.035
4747.55229,10.434,0.038
4754.52232,10.461,0.035
4757.5211,10.591,0.036
4760.51809,10.431,0.033
4764.50267,10.377,0.034
4768.49807,10.391,0.036
4931.89824,10.38,0.046
4935.90265,10.376,0.045
4939.87265,10.392,0.042
4946.8681,10.412,0.044
4949.87507,10.413,0.04
4952.85409,10.39,0.044
4955.82933,10.406,0.048
4961.81519,10.424,0.044
4966.80352,10.439,0.047
4968.84255,10.396,0.042
4972.80876,10.444,0.047
4975.79549,10.437,0.053
4985.75587,10.373,0.04
4989.76674,10.349,0.048
4991.78101,10.343,0.044
5006.81708,10.471,0.044
5012.77167,10.454,0.046
5014.71832,10.494,0.041
5019.73377,10.428,0.047
5021.76796,10.431,0.044
5023.78751,10.411,0.04
5039.64585,10.378,0.04
5041.63847,10.316,0.038
5047.72913,10.352,0.044
5057.63177,10.46,0.05
5063.63844,10.46,0.043
5068.58041,10.485,0.051
5071.55664,10.466,0.043
5075.58174,10.462,0.043
5084.59159,10.562,0.04
5086.60123,10.54,0.049
5088.61582,10.563,0.045
5093.5519,10.517,0.053
5106.49575,10.45,0.05
