1962.88722,12.123,0.049
1964.8884,11.993,0.045
1966.88442,11.94,0.044
1978.87781,11.463,0.051
1980.85669,11.465,0.049
1981.89855,11.401,0.047
1982.85602,11.392,0.052
1984.83187,11.323,0.048
1985.8418,11.29,0.052
1994.8401,11.259,0.054
1996.83244,11.285,0.048
1997.88895,11.282,0.048
1999.85848,11.247,0.053
2016.80526,11.614,0.049
2025.78317,11.651,0.035
2026.84913,11.725,0.041
2027.82398,11.76,0.035
2030.82658,11.755,0.037
2031.83369,11.792,0.041
2032.81596,11.835,0.036
2033.83164,11.801,0.035
2037.77098,11.911,0.041
2039.7905,11.862,0.042
2052.76005,12.125,0.042
2053.77969,12.149,0.039
2054.77453,12.219,0.042
2055.7609,12.393,0.04
2056.76205,12.246,0.04
2057.76027,12.238,0.038
2058.75927,12.314,0.039
2061.78736,12.315,0.044
2065.71782,12.437,0.04
2067.65515,12.525,0.038
2069.79994,12.575,0.034
2070.72847,12.602,0.039
2080.64382,12.775,0.041
2081.69588,12.813,0.038
2082.71382,12.79,0.039
2083.70479,13.227,0.046
2085.69149,12.911,0.039
2086.71353,12.904,0.04
2087.69475,12.902,0.039
2088.69376,12.926,0.041
2093.59882,12.993,0.04
2094.62199,13.121,0.04
2103.65512,13.378,0.038
2104.66357,13.36,0.038
2105.6555,13.432,0.04
2106.6587,13.427,0.037
2114.75039,13.412,0.035
2115.64078,13.56,0.035
2116.62873,13.517,0.038
2117.62459,13.478,0.04
2128.6284,13.969,0.035
2129.60457,13.811,0.036
2130.60692,13.775,0.039
2131.59721,13.974,0.039
2132.60312,13.798,0.037
2133.59721,13.962,0.036
2134.60018,13.848,0.042
2140.5736,14.009,0.041
2141.58527,14.068,0.037
2142.57953,13.944,0.034
2143.57779,13.933,0.039
2144.57101,14.088,0.039
2145.56652,13.995,0.038
2163.52919,14.608,0.048
2167.5059,14.293,0.039
2169.55409,14.286,0.045
2172.50438,14.343,0.039
2183.48468,14.161,0.051
2188.52984,15.029,0.039
2191.49279,14.042,0.042
2193.56128,14.537,0.049
2202.51008,14.106,0.041
2207.49848,14.279,0.042
2213.49454,14.15,0.046
2216.50919,14.2,0.058
2226.51749,13.496,0.05
2442.71552,12.126,0.043
2443.70612,12.198,0.033
2444.71035,12.258,0.036
2446.70404,12.519,0.044
2454.68541,12.552,0.05
2459.67127,12.755,0.05
2465.66316,12.743,0.039
2466.65828,12.931,0.042
2467.6621,12.828,0.036
2468.65216,13.01,0.036
2470.60873,13.041,0.041
2473.62796,13.187,0.044
2474.66803,13.005,0.051
2486.61925,13.451,0.043
2489.6413,13.755,0.034
2490.62964,13.619,0.044
2493.60622,13.641,0.04
2497.60383,13.793,0.039
2499.59227,13.86,0.04
2512.52655,14.154,0.049
2521.61184,14.008,0.036
2526.49671,14.264,0.038
2694.87698,11.98,0.038
2699.88902,11.888,0.044
2703.88234,11.827,0.036
2706.87683,11.742,0.035
2709.8692,11.741,0.036
2712.86359,11.72,0.034
2717.8928,11.727,0.043
2720.86144,11.715,0.042
2730.8935,11.421,0.036
2734.81443,11.338,0.032
2736.85096,11.292,0.037
2738.85437,11.204,0.035
2740.86688,11.184,0.035
2742.85461,11.082,0.035
2744.84877,11.082,0.035
2754.84061,10.954,0.036
2756.84142,10.956,0.035
2758.85972,10.971,0.032
2760.82003,10.939,0.041
2764.81372,10.987,0.037
2783.69573,11.401,0.035
2786.75676,11.557,0.046
2790.77642,11.604,0.038
2808.84429,12.002,0.041
2808.85901,12.034,0.033
2810.70545,12.132,0.037
2812.67413,12.174,0.038
2814.84025,12.323,0.044
2819.73743,12.17,0.039
2821.73117,12.35,0.035
2830.77529,12.691,0.038
2832.61669,12.533,0.037
2836.6243,12.82,0.039
2838.80497,12.696,0.039
2838.8273,12.676,0.033
2840.85262,12.963,0.038
2840.88586,12.707,0.043
2845.82406,12.901,0.04
2851.8338,13.072,0.038
2853.59679,13.086,0.037
2854.8317,13.166,0.033
2856.81348,13.442,0.038
2858.6175,13.56,0.037
2866.69147,13.502,0.035
2867.74897,13.745,0.036
2875.71167,13.62,0.036
2877.67989,13.837,0.034
2879.72302,13.776,0.034
2883.52025,13.988,0.034
2884.66307,13.707,0.039
2884.70414,13.767,0.035
2897.72401,14.107,0.033
2898.61729,14.007,0.039
2904.59648,13.708,0.043
2906.59961,13.858,0.041
2909.62184,14.612,0.04
2910.52074,14.157,0.034
2911.57532,14.078,0.04
2921.59839,14.05,0.035
2928.58553,14.027,0.039
2932.58218,14.446,0.032
2939.58244,14.06,0.034
2943.51963,13.997,0.046
2948.58003,13.565,0.034
2951.51628,13.834,0.04
2955.57405,13.612,0.034
2958.5261,13.854,0.033
2963.52502,13.709,0.036
3070.88659,11.643,0.041
3074.88226,11.615,0.035
3081.87429,11.557,0.04
3087.87836,11.288,0.035
3091.86692,11.197,0.036
3097.85828,11.028,0.034
3101.84842,10.924,0.035
3104.87201,10.856,0.044
3108.83427,10.789,0.034
3114.89478,10.72,0.035
3118.87428,10.649,0.034
3125.84777,10.607,0.034
3128.82374,10.663,0.036
3129.8582,10.551,0.045
3131.79562,10.701,0.034
3142.80669,10.855,0.034
3146.76044,10.914,0.031
3153.92309,11.044,0.04
3154.68783,11.102,0.033
3159.79893,11.257,0.041
3162.83905,11.334,0.034
3165.73765,11.344,0.04
3168.78779,11.441,0.037
3170.75501,11.467,0.038
3170.87424,11.531,0.034
3176.79923,11.61,0.039
3179.71491,11.806,0.031
3182.72706,11.836,0.033
3184.72501,11.92,0.033
3186.77016,12.039,0.035
3189.86196,12.039,0.036
3191.82015,12.112,0.045
3191.9053,12.115,0.047
3266.54772,13.932,0.036
3272.5278,14.141,0.035
3424.89639,12.109,0.052
3432.89867,12.053,0.048
3433.88137,12.019,0.031
3444.85777,11.803,0.043
3447.88954,11.716,0.041
3447.89204,11.78,0.044
3452.87085,11.548,0.036
3455.84428,11.457,0.042
3458.86846,11.723,0.038
3464.84916,11.317,0.039
3468.85379,11.279,0.037
3472.86852,11.204,0.039
3472.87103,11.206,0.037
3475.89802,11.203,0.038
3478.84646,11.11,0.037
3481.82607,11.033,0.04
3484.8481,10.892,0.048
3491.89635,10.961,0.039
3502.79812,10.898,0.04
3506.80603,10.932,0.038
3509.83187,11.046,0.035
3512.74116,11.114,0.037
3521.85118,11.182,0.048
3524.74127,11.325,0.041
3526.79629,11.296,0.038
3528.85278,11.324,0.046
3542.6971,11.644,0.038
3550.73387,11.878,0.039
3552.75686,11.914,0.039
3555.75445,11.918,0.039
3555.76247,11.862,0.033
3558.89572,12.005,0.044
3561.6557,12.053,0.039
3561.65958,12.103,0.042
3563.6999,12.186,0.034
3568.83591,12.204,0.035
3572.83513,12.368,0.038
3573.67455,12.35,0.038
3575.69066,12.397,0.038
3577.71565,12.3,0.039
3581.84144,12.499,0.036
3583.73178,12.629,0.036
3584.63248,12.526,0.034
3585.76118,12.591,0.034
3586.64872,12.588,0.033
3590.61543,12.705,0.039
3590.7412,12.669,0.033
3592.63336,12.727,0.034
3592.74525,12.721,0.039
3596.62222,12.76,0.034
3602.60171,12.935,0.034
3602.60434,12.93,0.035
3609.55126,13.411,0.045
3616.5475,13.349,0.039
3617.61447,13.302,0.042
3618.65761,13.211,0.044
3619.7006,13.234,0.034
3620.63837,13.491,0.038
3622.52912,13.341,0.041
3622.70813,13.271,0.036
3628.52352,13.535,0.037
3628.56356,13.431,0.036
3630.59048,13.331,0.039
3630.644,13.594,0.036
3632.5963,13.738,0.034
3637.63793,13.727,0.042
3640.69042,14.043,0.033
3641.59744,13.75,0.034
3643.52314,13.996,0.037
3643.64924,14.318,0.04
3646.64741,14.16,0.038
3649.54879,14.281,0.044
3649.5662,13.892,0.05
3655.49622,14.076,0.044
3657.56914,13.946,0.036
3664.54065,14.433,0.036
3664.54331,14.261,0.036
3668.52089,13.92,0.034
3668.52358,14.059,0.032
3673.53127,14.079,0.035
3673.53419,14.626,0.032
3796.8929,12.135,0.041
3800.89348,11.979,0.042
3804.88802,11.888,0.045
3808.89136,11.913,0.042
3812.88623,11.872,0.035
3820.86132,11.611,0.038
3823.89596,11.579,0.038
3827.85199,11.528,0.039
3831.84421,11.362,0.036
3834.87341,11.26,0.034
3847.91676,10.984,0.044
3850.84342,10.894,0.039
3853.83389,10.832,0.037
3856.82516,10.825,0.042
3857.8793,10.879,0.044
3859.81883,10.849,0.037
3862.80933,10.807,0.044
3864.81126,10.779,0.045
3866.83017,10.871,0.038
3868.8383,10.835,0.037
3874.79704,10.907,0.036
3874.80632,10.853,0.036
3877.77861,10.872,0.04
3880.83488,10.929,0.034
3883.83539,11.012,0.04
3883.86175,11.4,0.05
3887.79087,11.073,0.038
3892.73383,11.202,0.035
3894.72589,11.233,0.038
3901.77843,11.502,0.039
3903.78094,11.542,0.037
3909.71921,11.572,0.039
3913.74977,11.687,0.037
4161.89044,11.961,0.037
4179.88074,12.023,0.044
4182.90655,11.881,0.041
4186.90931,11.811,0.044
4190.85908,11.827,0.036
4193.8675,11.645,0.038
4203.85701,11.259,0.038
4207.88898,11.105,0.035
4212.91638,10.879,0.042
4216.86249,10.688,0.035
4229.87698,10.465,0.038
4231.87819,10.439,0.036
4234.80314,10.477,0.036
4246.74879,10.651,0.039
4250.79171,10.691,0.037
4251.82102,10.629,0.044
4256.80578,10.817,0.035
4266.77203,11,0.037
4269.69919,11.064,0.038
4272.75949,11.136,0.035
4274.75394,11.172,0.038
4277.71395,11.275,0.033
4283.73177,11.366,0.039
4285.72256,11.486,0.038
4289.71799,11.548,0.035
4291.72009,11.636,0.036
4293.70882,11.678,0.037
4295.72158,11.655,0.038
4297.71203,11.798,0.046
4299.68512,11.822,0.036
4301.6771,11.829,0.037
4303.68157,11.902,0.04
4305.67364,11.912,0.036
4307.64646,12.013,0.035
4311.65442,12.058,0.037
4312.66217,12.085,0.036
4316.75127,12.189,0.034
4319.70191,12.231,0.035
4329.59742,12.559,0.039
4331.58979,12.598,0.042
4332.75401,12.583,0.035
4338.57914,12.761,0.048
4340.63377,12.759,0.037
4342.62973,12.757,0.038
4344.62935,12.968,0.041
4346.62651,12.892,0.035
4348.62817,13.059,0.038
4348.67379,13.12,0.043
4350.63279,13.109,0.037
4350.68213,13.029,0.037
4353.52651,13.147,0.037
4353.54385,13.097,0.036
4355.61622,13.127,0.035
4357.6204,13.217,0.039
4359.60123,13.134,0.035
4361.57222,13.314,0.037
4365.52702,13.145,0.035
4367.49605,13.101,0.039
4369.55516,13.764,0.037
4371.57072,13.678,0.036
4372.5185,13.274,0.038
4373.58115,13.446,0.037
4375.54944,13.457,0.034
4376.57064,13.294,0.035
4378.58697,13.675,0.038
4379.5581,13.627,0.045
4380.61427,13.826,0.038
4381.61027,13.471,0.037
4382.63402,13.533,0.035
4385.53325,13.634,0.041
4386.55108,13.762,0.038
4387.5355,14.028,0.039
4388.53482,13.949,0.041
4393.50168,14.112,0.043
4393.5195,13.861,0.041
4402.58569,14.048,0.036
4407.50743,14.214,0.039
4408.53987,13.933,0.038
4411.5635,14.306,0.036
4413.55094,14.213,0.036
4520.89498,12.533,0.047
4525.89037,12.384,0.039
4530.8938,12.343,0.038
4537.89177,12.089,0.039
4541.8833,12.019,0.037
4545.88212,11.888,0.041
4558.84659,11.593,0.037
4561.8765,11.592,0.035
4565.84933,11.507,0.034
4568.87891,11.486,0.042
4571.89234,11.442,0.036
4574.83634,11.32,0.044
4577.86417,11.371,0.039
4577.86727,11.363,0.037
4580.86199,11.295,0.034
4585.87652,11.173,0.036
4588.8509,11.032,0.037
4591.8434,10.912,0.043
4594.81316,10.756,0.036
4597.80847,10.583,0.036
4602.81408,10.441,0.036
4606.83819,10.343,0.041
4611.83118,10.253,0.035
4615.83348,10.268,0.038
4617.78215,10.283,0.04
4621.7644,10.304,0.046
4623.82716,10.349,0.037
4626.6739,10.325,0.043
4630.71827,10.433,0.037
4632.71831,10.456,0.034
4638.79751,10.613,0.039
4640.76895,10.683,0.036
4642.75579,11.016,0.037
4644.77929,10.788,0.042
4647.67983,10.855,0.039
4649.71942,10.919,0.045
4651.7507,11.002,0.035
4653.75022,11.028,0.035
4655.7146,11.124,0.033
4657.74764,11.186,0.034
4660.75574,11.274,0.035
4666.6832,11.42,0.038
4671.86001,11.614,0.036
4674.61569,11.646,0.038
4677.69342,11.753,0.041
4679.69795,11.843,0.036
4682.67374,11.888,0.048
4684.68307,11.983,0.043
4686.62568,12.017,0.04
4697.61031,12.276,0.038
4701.60809,12.319,0.037
4703.6142,12.481,0.04
4705.64629,12.393,0.049
4708.60199,12.509,0.039
4710.61817,12.652,0.046
4715.5728,12.787,0.04
4720.72601,12.859,0.039
4724.54003,12.972,0.037
4726.59736,12.95,0.042
4729.59043,13.148,0.04
4731.61205,13.095,0.041
4734.63814,13.213,0.043
4738.67975,13.326,0.042
4741.58949,13.451,0.037
4743.60789,13.327,0.044
4747.53948,13.17,0.046
4748.49238,13.296,0.039
4753.57373,13.639,0.041
4755.60015,13.634,0.045
4757.55182,14.198,0.045
4758.56206,13.996,0.045
4760.54749,13.75,0.041
4763.54526,13.278,0.045
4764.54897,14.045,0.041
4767.54522,13.473,0.042
4770.52897,14.123,0.045
4775.53074,13.638,0.035
4782.51036,13.995,0.046
4785.51885,14.525,0.042
4906.87227,12.567,0.044
4916.90704,12.416,0.045
4920.8762,12.519,0.043
4940.83623,12.348,0.048
4947.85376,12.251,0.045
4962.81669,11.737,0.046
4969.78924,11.474,0.043
4973.74771,11.353,0.049
4975.90478,11.257,0.044
4984.80922,11.112,0.046
4988.77451,11.012,0.042
4993.78773,10.974,0.041
4993.79549,11.055,0.039
5006.76197,11.106,0.05
5014.7228,11.204,0.04
5021.71125,11.266,0.042
5023.71531,11.284,0.042
5031.68112,11.4,0.046
5038.65957,11.556,0.048
5042.65258,11.591,0.047
5048.63585,11.848,0.044
5067.5792,12.416,0.059
5075.56225,12.51,0.043
5082.65824,12.872,0.047
5084.6963,12.69,0.046
5087.52812,13.068,0.057
5089.5814,13.035,0.046
5093.63905,13.106,0.051
5097.64961,13.103,0.047
5103.52364,13.344,0.045
5106.52268,13.376,0.047
