2025.87298,13.074,0.034
2026.85832,13.125,0.035
2027.82195,13.116,0.034
2031.8249,13.019,0.036
2032.80945,12.975,0.033
2033.82283,13,0.033
2037.78029,12.9,0.038
2052.75378,12.644,0.037
2053.77106,12.564,0.035
2054.7659,12.602,0.038
2055.75456,12.564,0.034
2056.7558,12.607,0.033
2057.75164,12.561,0.034
2058.75065,12.462,0.035
2061.74611,12.567,0.037
2065.71604,12.541,0.046
2080.64662,12.464,0.037
2081.6987,12.48,0.033
2082.70312,12.525,0.035
2085.6831,12.399,0.035
2086.7004,12.476,0.034
2087.68183,12.462,0.044
2088.67846,12.355,0.038
2093.60164,12.879,0.043
2102.63815,12.168,0.035
2103.65346,12.146,0.034
2104.65286,12.146,0.034
2105.64477,12.069,0.037
2106.64794,12.052,0.034
2109.64068,12.079,0.032
2114.77122,11.939,0.037
2116.62029,11.912,0.034
2128.56773,11.862,0.035
2129.58928,11.854,0.036
2130.59831,11.868,0.033
2131.58873,11.865,0.034
2132.59909,11.894,0.034
2133.58864,11.896,0.03
2134.5939,11.845,0.039
2135.58793,11.891,0.037
2136.58062,11.9,0.036
2142.57322,11.969,0.033
2143.57369,11.881,0.037
2144.56467,11.932,0.033
2145.56018,11.92,0.031
2167.50389,11.773,0.036
2171.49627,11.754,0.035
2173.50745,11.785,0.036
2184.50573,11.649,0.05
2190.52722,11.608,0.037
2196.51814,11.675,0.043
2199.50711,11.539,0.043
2207.50753,11.476,0.044
2214.49511,11.563,0.056
2442.70473,12.146,0.037
2443.69766,12.04,0.034
2446.70685,12.15,0.048
2453.76449,11.974,0.039
2464.65564,11.814,0.038
2465.65475,11.91,0.039
2466.64751,11.782,0.038
2467.65135,11.822,0.033
2468.65051,11.759,0.034
2468.6709,11.79,0.043
2470.60223,11.785,0.038
2473.61717,11.712,0.043
2481.6034,11.659,0.045
2482.64013,11.641,0.046
2486.60847,11.569,0.045
2489.62326,11.647,0.045
2490.62554,11.674,0.044
2491.60229,11.584,0.058
2493.59535,11.592,0.042
2494.594,11.535,0.052
2495.60023,11.608,0.042
2497.59756,11.596,0.037
2498.58331,11.551,0.037
2499.58138,11.523,0.039
2501.58968,11.424,0.037
2502.59879,11.457,0.041
2508.53522,11.448,0.041
2511.61903,11.538,0.043
2519.67417,11.508,0.037
2520.67205,11.545,0.035
2521.6816,11.591,0.039
2524.6353,11.602,0.049
2526.65175,11.658,0.036
2535.60189,11.657,0.046
2543.48359,11.626,0.035
2543.52295,11.655,0.039
2545.50554,11.672,0.033
2545.51748,11.71,0.031
2545.52444,11.728,0.034
2545.53127,11.707,0.039
2545.53813,11.692,0.031
2545.54498,11.713,0.031
2545.55878,11.72,0.031
2545.5656,11.739,0.032
2545.57253,11.685,0.034
2545.57944,11.715,0.031
2545.58654,11.694,0.035
2545.59349,11.744,0.035
2545.60035,11.676,0.033
2545.60716,11.726,0.031
2545.61424,11.689,0.031
2546.51507,11.749,0.037
2546.5269,11.69,0.031
2546.53862,11.703,0.034
2546.55021,11.721,0.037
2546.56173,11.714,0.034
2546.56654,11.694,0.032
2546.57322,11.702,0.031
2546.58269,11.759,0.035
2546.59222,11.697,0.043
2546.6018,11.67,0.04
2546.61145,11.672,0.038
2547.48522,11.674,0.031
2547.49714,11.714,0.033
2547.50881,11.715,0.032
2547.52043,11.681,0.031
2547.53201,11.698,0.039
2547.54351,11.697,0.042
2547.55513,11.673,0.032
2548.48495,11.749,0.051
2548.49698,11.73,0.034
2548.5088,11.72,0.033
2548.52066,11.75,0.038
2548.53224,11.691,0.034
2548.54375,11.718,0.032
2548.55528,11.698,0.032
2548.5606,11.741,0.033
2548.56729,11.666,0.038
2548.57906,11.776,0.032
2548.59079,11.738,0.036
2548.60309,11.78,0.041
2549.48527,11.714,0.035
2549.52052,11.772,0.039
2549.53201,11.753,0.036
2549.54343,11.731,0.035
2549.55504,11.685,0.034
2549.56658,11.712,0.039
2549.5781,11.713,0.037
2552.48615,11.848,0.051
2552.50259,11.733,0.05
2552.51875,11.802,0.05
2552.53473,11.818,0.048
2552.5509,11.851,0.049
2552.56719,11.811,0.049
2552.5766,11.781,0.048
2552.58324,11.814,0.048
2552.59002,11.738,0.05
2553.4867,11.742,0.061
2553.49858,11.724,0.062
2553.55949,11.904,0.043
2553.56692,11.706,0.037
2553.57444,11.705,0.043
2553.58194,11.73,0.05
2553.58944,11.693,0.049
2554.4869,11.769,0.058
2554.5901,11.813,0.056
2562.5033,11.93,0.033
2562.50581,11.958,0.042
2562.51941,11.964,0.032
2562.52662,12.003,0.035
2562.53344,11.92,0.041
2562.54289,12.025,0.03
2562.54968,11.887,0.035
2562.55642,11.946,0.031
2562.56339,11.878,0.045
2563.49729,11.969,0.037
2563.52218,11.949,0.037
2563.53399,11.981,0.037
2563.54336,12.01,0.037
2563.55019,11.939,0.037
2563.56388,12.01,0.037
2563.56876,11.966,0.038
2564.49046,12.026,0.045
2564.50289,12.019,0.044
2564.51418,12.084,0.042
2564.52587,12.051,0.042
2564.53788,11.967,0.043
2564.54732,11.957,0.041
2564.55422,11.981,0.041
2564.56114,12.071,0.044
2565.49089,12.023,0.035
2565.50257,12.079,0.04
2565.51417,12.052,0.041
2565.52574,12.008,0.035
2565.53986,11.995,0.037
2565.55151,12.085,0.036
2566.49127,12.018,0.04
2566.50296,11.929,0.05
2566.51456,12.097,0.036
2566.52158,12.012,0.036
2566.52591,12.025,0.035
2566.53727,12.025,0.035
2566.55168,12.054,0.036
2568.4919,12.151,0.039
2568.50825,12.073,0.04
2568.52427,12.085,0.04
2568.53741,12.078,0.042
2568.54773,12.181,0.045
2568.55477,12.096,0.047
2578.49404,12.27,0.044
2578.50582,12.253,0.042
2578.51767,12.272,0.041
2578.52471,12.184,0.041
2579.49518,12.364,0.052
2579.50459,12.298,0.046
2579.51407,12.238,0.042
2814.83144,14.163,0.036
2821.72714,13.868,0.031
2830.766,13.928,0.033
2835.69569,13.551,0.032
2838.6889,13.566,0.03
2841.85043,13.728,0.036
2853.59506,13.159,0.038
2853.6022,13.22,0.032
2858.61576,13.086,0.03
2862.62416,12.905,0.039
2866.70142,13.049,0.034
2867.764,12.952,0.032
2872.72532,13.051,0.03
2875.72888,13.042,0.029
2877.68984,13.127,0.031
2879.74312,13.102,0.034
2883.51835,13.176,0.034
2884.70223,13.152,0.032
2894.60647,13.274,0.032
2894.61656,13.141,0.04
2896.62092,13.214,0.03
2898.60605,13.232,0.029
2900.60081,13.275,0.035
2904.58781,13.403,0.032
2906.59092,13.277,0.031
2909.5902,13.423,0.031
2911.5639,13.446,0.03
2921.54376,13.74,0.032
2923.54559,13.846,0.032
2926.54622,13.701,0.037
2928.54949,13.417,0.032
2930.55104,13.889,0.042
2932.5493,13.682,0.031
2934.54681,13.65,0.03
2939.5557,13.574,0.032
2944.52326,13.671,0.038
2946.5451,13.796,0.031
2950.51445,13.647,0.033
2956.5118,14.171,0.033
3071.88439,12.599,0.042
3075.88042,12.584,0.038
3082.86949,12.636,0.035
3087.89633,12.484,0.033
3091.88485,12.376,0.032
3097.87867,12.363,0.032
3101.86104,12.323,0.032
3104.88496,12.304,0.035
3109.84059,12.421,0.035
3112.8713,12.596,0.03
3115.85645,12.554,0.032
3125.84538,13.243,0.033
3127.83698,13.487,0.036
3272.52149,12.308,0.039
3274.64075,12.238,0.034
3277.59033,12.579,0.035
3279.61912,12.277,0.032
3293.58949,12.3,0.038
3425.89595,11.922,0.037
3444.87833,12.187,0.031
3448.89332,12.215,0.03
3452.89795,12.247,0.036
3455.86882,12.36,0.032
3459.8536,12.289,0.029
3464.86002,12.472,0.04
3468.8675,12.476,0.03
3472.88372,12.593,0.033
3476.85478,12.437,0.032
3479.87883,12.445,0.032
3487.87564,12.459,0.035
3499.83585,12.222,0.033
3502.80454,12.235,0.032
3506.80949,12.168,0.033
3509.84401,12.164,0.034
3512.75717,12.183,0.029
3524.7473,12.143,0.036
3528.8554,12,0.04
3542.69976,11.891,0.031
3550.73164,12.099,0.032
3552.75458,12.19,0.038
3555.74919,12.285,0.038
3559.67096,12.33,0.034
3561.70529,12.318,0.038
3563.71264,12.47,0.027
3568.81382,12.506,0.031
3573.66977,12.539,0.037
3575.6859,12.501,0.033
3577.71091,12.457,0.042
3582.77992,12.486,0.034
3584.74111,12.333,0.033
3590.59479,12.252,0.032
3594.55788,12.215,0.038
3602.58857,12.523,0.034
3604.59795,12.005,0.043
3609.54555,12.073,0.04
3616.54446,11.952,0.045
3618.65153,11.877,0.046
3620.63606,11.754,0.036
3622.52588,11.922,0.038
3628.51782,11.872,0.031
3630.58483,12.024,0.033
3632.59137,11.906,0.031
3634.62365,11.903,0.034
3637.63314,12.032,0.039
3641.59209,12.093,0.03
3643.63669,12.206,0.035
3644.53665,12.191,0.042
3650.51971,12.207,0.033
3655.50937,12.279,0.046
3657.56673,12.234,0.031
3660.51994,12.199,0.044
3660.53261,12.156,0.048
3662.54387,12.236,0.036
3664.55848,12.218,0.035
3668.53473,12.108,0.029
3671.52592,12.091,0.033
3674.53121,12.129,0.03
3676.54106,12.122,0.032
3677.51764,12.12,0.029
3794.90124,11.996,0.035
3798.90202,11.942,0.033
3805.88662,12.071,0.034
3809.89624,12.084,0.04
3813.88236,12.233,0.033
3820.87442,12.462,0.041
3824.86223,12.701,0.036
3827.88599,13.337,0.03
3831.88486,13.781,0.035
4161.89852,13.142,0.031
4175.88998,13.114,0.036
4179.8953,13.199,0.045
4183.87911,13.494,0.037
4187.90988,13.51,0.034
4191.86532,13.562,0.032
4194.87546,13.485,0.03
4203.87565,13.493,0.031
4207.89211,13.61,0.035
4212.91386,13.864,0.04
4216.86809,13.745,0.033
4319.68681,14.317,0.032
4329.59525,14.369,0.038
4331.59497,14.055,0.034
4342.67655,13.557,0.039
4344.67986,13.839,0.043
4346.67672,13.687,0.037
4348.68177,13.617,0.041
4350.69087,13.58,0.038
4353.55412,13.299,0.032
4355.63993,13.31,0.032
4357.64744,13.354,0.033
4359.6808,13.207,0.035
4367.49384,13.31,0.036
4369.55285,13.269,0.036
4371.56835,13.163,0.032
4373.5789,13.135,0.032
4376.56829,12.913,0.031
4378.58458,12.893,0.033
4380.61196,12.935,0.036
4381.54557,13.11,0.044
4383.55647,12.695,0.033
4385.5979,12.625,0.033
4387.60612,12.597,0.032
4393.4959,12.502,0.043
4393.52532,12.524,0.038
4399.53308,12.348,0.035
4402.56762,12.334,0.039
4407.5022,12.484,0.04
4411.50126,12.289,0.045
4520.89815,12.017,0.038
4530.89958,12.019,0.029
4538.90105,11.949,0.032
4542.89901,11.832,0.029
4546.88639,11.823,0.033
4550.8864,11.716,0.033
4558.8586,11.755,0.03
4561.8894,11.801,0.03
4565.87441,11.852,0.03
4569.86773,11.812,0.03
4572.86821,11.884,0.036
4575.86184,11.982,0.035
4579.87473,11.942,0.034
4585.87316,11.768,0.034
4588.85596,11.744,0.039
4591.84854,11.745,0.034
4594.81649,11.746,0.03
4597.81728,11.74,0.032
4602.82288,12.034,0.043
4616.82709,11.84,0.037
4623.74707,11.938,0.033
4627.77517,11.926,0.031
4629.76224,11.946,0.03
4633.76528,11.882,0.036
4639.75069,11.743,0.031
4641.75329,11.715,0.03
4643.74887,11.734,0.034
4645.77865,11.752,0.033
4647.84056,11.682,0.029
4650.67529,11.715,0.036
4652.71891,11.637,0.03
4654.7142,11.745,0.033
4656.70822,11.761,0.038
4662.68718,11.846,0.042
4666.68911,11.871,0.032
4670.67017,11.806,0.034
4672.69373,11.792,0.033
4681.64347,11.7,0.041
4683.64344,11.767,0.033
4685.63,11.755,0.037
4687.63003,11.738,0.036
4694.59958,11.599,0.033
4697.69817,11.75,0.04
4701.67794,11.779,0.031
4705.73848,11.879,0.033
4708.63806,12.06,0.03
4710.65646,12.051,0.036
4715.56517,12.068,0.036
4721.52426,12.277,0.033
4724.57723,12.491,0.034
4726.62847,12.628,0.042
4729.61224,12.792,0.038
4731.63603,13.129,0.037
4736.59621,13.577,0.036
4739.58826,13.504,0.03
4742.53995,13.975,0.032
4754.5481,13.599,0.035
4756.58307,13.727,0.041
4765.54451,14.072,0.034
4768.54007,13.445,0.042
4776.50201,13.535,0.034
4780.50713,13.814,0.04
4784.50981,13.45,0.041
4891.90106,12.757,0.039
4906.90637,12.294,0.041
4917.89146,12.069,0.038
4921.88409,12.02,0.045
4927.92084,11.989,0.039
4931.8582,12.026,0.04
4946.854,11.807,0.038
4949.84348,11.875,0.047
4952.83626,11.801,0.039
4955.7974,11.791,0.043
4962.82001,11.705,0.04
4974.77714,11.573,0.043
4984.80672,11.534,0.046
4988.79486,11.529,0.044
4994.78046,11.516,0.041
5006.7567,11.625,0.05
5012.77966,11.625,0.048
5014.71384,11.612,0.04
5021.70579,11.555,0.047
5023.71039,11.53,0.042
5030.73034,11.503,0.04
5042.64959,11.439,0.044
5067.58202,11.488,0.043
5069.58969,11.425,0.044
5082.65348,11.482,0.045
5084.68999,11.58,0.046
5087.52509,11.48,0.039
5089.57836,11.51,0.041
5093.63598,11.499,0.046
5106.5163,11.581,0.044
5124.54129,11.422,0.042
5144.5155,11.409,0.046
