1979.88164,11.218,0.041
1981.88211,11.345,0.041
1982.89466,11.438,0.051
1984.87764,11.197,0.041
2184.54246,11.303,0.042
2188.52796,11.277,0.042
2195.5107,11.487,0.035
2199.50067,11.353,0.036
2203.50218,11.148,0.038
2442.71326,11.327,0.027
2443.71293,11.272,0.024
2446.71538,11.409,0.036
2453.70297,11.273,0.041
2464.66645,11.477,0.03
2466.66074,11.279,0.03
2473.63044,11.364,0.035
2481.61664,11.187,0.04
2490.57757,11.26,0.034
2508.62546,11.593,0.045
2511.63304,11.221,0.04
2520.50363,11.267,0.026
2544.5744,11.321,0.028
2549.56243,11.291,0.033
2552.55366,11.457,0.038
2561.50094,11.427,0.028
2562.55252,11.464,0.033
2564.51253,11.195,0.032
2568.51337,11.31,0.038
2700.90212,11.447,0.031
2711.89122,11.303,0.029
2722.8774,11.272,0.029
2725.86985,11.402,0.027
2726.87053,11.274,0.03
2727.90309,11.311,0.035
2730.86552,11.432,0.026
2736.91958,11.283,0.028
2739.85973,11.47,0.027
2755.81331,11.244,0.026
2757.83332,11.598,0.028
2764.82274,11.389,0.026
2769.8411,11.401,0.033
2775.84929,11.193,0.032
2784.78257,11.265,0.026
2786.76354,11.496,0.025
2790.78096,11.26,0.026
2802.8613,11.445,0.042
2804.71505,11.247,0.031
2808.76671,11.343,0.026
2812.68803,11.455,0.027
2814.85406,11.281,0.033
2819.72833,11.282,0.026
2821.71745,11.502,0.026
2829.67398,11.284,0.031
2830.77315,11.518,0.037
2832.63543,11.28,0.026
2840.75685,11.549,0.032
2843.66257,11.202,0.042
2851.63729,11.36,0.024
2853.75437,11.193,0.026
2855.65404,11.442,0.037
2861.62058,11.318,0.029
2872.57869,11.258,0.026
2875.61232,11.449,0.028
2877.60305,11.277,0.026
2879.60374,11.573,0.027
2882.64146,11.333,0.05
2884.58991,11.493,0.026
2885.61174,11.408,0.026
2892.56775,11.381,0.029
2894.55492,11.468,0.029
2896.57558,11.256,0.027
2898.56617,11.501,0.028
2900.55818,11.323,0.026
2904.54777,11.444,0.031
2906.54614,11.263,0.027
2909.54757,11.421,0.031
2911.52628,11.284,0.037
2916.5377,11.269,0.031
2918.57328,11.461,0.028
2922.54048,11.489,0.028
2924.54809,11.332,0.029
2927.5472,11.482,0.026
2929.54837,11.286,0.027
2931.5511,11.313,0.027
2933.55169,11.455,0.027
2935.55082,11.17,0.028
2939.50592,11.302,0.028
2943.51138,11.422,0.028
2947.51925,11.57,0.032
2951.5121,11.453,0.032
3081.88729,11.539,0.048
3088.89533,11.354,0.042
3092.89028,11.313,0.048
3098.87503,11.328,0.044
3102.89321,11.29,0.048
3105.88392,11.489,0.052
3108.88737,11.342,0.028
3115.89599,11.457,0.039
3122.90198,11.203,0.028
3125.82381,11.377,0.046
3127.88834,11.221,0.032
3134.86805,11.476,0.029
3141.80792,11.136,0.046
3144.84615,11.461,0.026
3153.80721,11.526,0.032
3156.77303,11.37,0.05
3162.79779,11.462,0.029
3164.8202,11.484,0.027
3170.76794,11.318,0.027
3173.72926,11.42,0.039
3176.79671,11.392,0.042
3177.69732,11.454,0.057
3177.73517,11.578,0.035
3177.76287,11.48,0.042
3177.78935,11.462,0.047
3177.81481,11.489,0.031
3177.84455,11.535,0.031
3177.92122,11.703,0.048
3179.71011,11.307,0.043
3182.72457,11.475,0.026
3184.71231,11.293,0.027
3189.7415,11.243,0.03
3191.85963,11.461,0.036
3266.63151,11.336,0.029
3268.5473,11.376,0.031
3273.61359,11.334,0.04
3276.58254,11.292,0.037
3279.52794,11.423,0.031
3292.54188,11.35,0.034
3295.51016,11.293,0.028
3299.5108,11.442,0.026
3433.90117,11.407,0.03
3445.90177,11.468,0.027
3449.90501,11.325,0.035
3453.89,11.279,0.029
3463.89651,11.273,0.029
3467.86763,11.327,0.03
3467.88473,11.401,0.027
3474.90926,11.345,0.032
3475.87378,11.471,0.036
3477.90043,11.355,0.03
3478.87674,11.23,0.029
3480.87957,11.486,0.04
3481.85484,11.388,0.032
3483.86062,11.258,0.031
3489.84986,11.352,0.036
3492.83602,11.216,0.033
3496.85911,11.33,0.026
3499.83913,11.513,0.043
3500.83608,11.408,0.028
3502.82237,11.276,0.035
3503.82102,11.35,0.027
3506.84814,11.352,0.029
3508.84824,11.311,0.027
3509.84837,11.486,0.028
3511.78425,11.301,0.028
3512.7815,11.23,0.038
3515.80963,11.404,0.031
3516.79725,11.271,0.03
3521.8111,11.268,0.034
3523.89141,11.43,0.042
3524.82236,11.486,0.03
3526.74757,11.307,0.033
3528.80949,11.538,0.033
3530.74447,11.405,0.035
3538.7567,11.52,0.03
3543.71128,11.497,0.036
3547.80185,11.396,0.035
3550.80491,11.315,0.029
3553.7059,11.492,0.026
3554.74981,11.395,0.029
3555.82373,11.333,0.031
3559.68165,11.377,0.04
3561.71526,11.35,0.04
3563.69444,11.457,0.031
3564.70108,11.373,0.027
3569.68523,11.266,0.027
3572.82207,11.333,0.034
3574.72414,11.356,0.032
3575.62083,11.254,0.028
3577.65075,11.51,0.052
3583.63798,11.385,0.035
3587.69496,11.506,0.028
3587.73128,11.528,0.03
3590.60378,11.334,0.036
3600.60848,11.521,0.041
3602.59345,11.497,0.032
3604.60279,11.175,0.051
3616.60229,11.507,0.028
3619.54022,11.403,0.037
3621.59742,11.527,0.034
3624.61741,11.349,0.029
3628.59162,11.273,0.031
3630.65968,11.421,0.036
3633.51962,11.239,0.036
3637.56111,11.22,0.03
3637.59074,11.248,0.03
3637.61836,11.307,0.038
3639.56523,11.416,0.032
3642.56852,11.312,0.031
3644.59045,11.397,0.042
3648.55758,11.28,0.036
3650.57614,11.487,0.029
3652.55324,11.186,0.036
3654.55889,11.518,0.035
3659.54866,11.48,0.031
3661.56637,11.319,0.035
3664.51829,11.531,0.033
3668.51509,11.472,0.029
3671.512,11.308,0.029
3674.51615,11.484,0.032
3677.50612,11.289,0.03
3813.90459,11.42,0.032
3814.90304,11.293,0.036
3818.8908,11.435,0.032
3819.88954,11.304,0.032
3822.89222,11.555,0.037
3823.88437,11.415,0.034
3826.8954,11.53,0.032
3827.87813,11.548,0.031
3831.89755,11.54,0.031
3834.87549,11.245,0.031
3835.88565,11.352,0.034
3848.90748,11.352,0.046
3851.86905,11.526,0.039
3851.87802,11.475,0.04
3860.83909,11.468,0.03
3860.84399,11.414,0.029
3863.825,11.219,0.03
3863.8272,11.167,0.029
3865.83505,11.384,0.027
3865.86186,11.444,0.033
3867.82253,11.351,0.032
3867.82466,11.367,0.03
3869.81805,11.32,0.036
3869.82357,11.296,0.035
3871.81779,11.482,0.029
3871.8199,11.453,0.029
3875.80768,11.529,0.038
3882.77855,11.294,0.033
3882.78637,11.278,0.029
3886.80706,11.433,0.032
3886.81345,11.42,0.029
3891.74974,11.464,0.028
3891.7553,11.399,0.028
3893.79767,11.313,0.038
3896.7904,11.399,0.032
3900.77356,11.516,0.045
3901.72841,11.296,0.039
3902.76985,11.275,0.03
3903.75989,11.347,0.033
3904.79651,11.482,0.037
3905.77111,11.483,0.031
3906.8528,11.471,0.035
3907.77996,11.253,0.034
3909.72185,11.528,0.029
3913.72653,11.473,0.031
4172.90115,11.413,0.03
4178.89972,11.531,0.043
4182.89054,11.491,0.03
4184.89666,11.329,0.049
4190.87862,11.294,0.028
4190.89653,11.211,0.037
4193.90738,11.476,0.031
4203.91878,11.447,0.028
4208.89264,11.367,0.034
4215.86872,11.213,0.032
4227.83931,11.42,0.033
4229.85995,11.209,0.03
4231.86106,11.484,0.029
4234.81763,11.191,0.028
4250.78176,11.527,0.027
4250.79428,11.447,0.029
4253.88898,11.443,0.033
4256.75896,11.505,0.027
4258.82168,11.246,0.03
4273.72092,11.259,0.038
4273.72664,11.217,0.027
4278.71052,11.222,0.028
4278.71254,11.198,0.027
4282.71761,11.285,0.034
4283.72908,11.245,0.047
4284.73288,11.331,0.052
4285.71911,11.455,0.035
4290.72445,11.417,0.03
4292.69602,11.179,0.028
4293.7062,11.308,0.026
4295.71897,11.454,0.03
4296.70566,11.367,0.033
4297.70944,11.21,0.035
4298.71426,11.254,0.037
4300.67202,11.395,0.04
4301.66808,11.266,0.03
4302.71523,11.142,0.028
4303.67339,11.368,0.028
4304.65666,11.488,0.029
4305.66273,11.411,0.026
4306.65434,11.286,0.027
4307.65135,11.224,0.033
4308.66966,11.35,0.035
4310.65148,11.412,0.028
4310.71006,11.469,0.032
4312.65172,11.28,0.038
4312.7368,11.206,0.033
4315.65469,11.381,0.027
4315.73405,11.497,0.04
4319.60554,11.424,0.041
4329.61217,11.51,0.032
4330.59644,11.35,0.026
4331.59234,11.315,0.025
4332.59399,11.421,0.03
4333.55953,11.549,0.028
4334.58747,11.358,0.03
4338.59007,11.509,0.03
4338.63849,11.456,0.029
4340.6547,11.369,0.033
4342.64744,11.407,0.034
4342.68399,11.418,0.031
4344.64781,11.393,0.031
4346.68444,11.336,0.028
4348.69109,11.543,0.03
4351.52551,11.351,0.031
4353.64137,11.548,0.027
4355.62126,11.295,0.03
4356.5164,11.344,0.028
4357.62559,11.444,0.033
4358.52243,11.427,0.027
4359.63919,11.404,0.033
4360.50976,11.207,0.041
4361.5981,11.308,0.028
4362.56199,11.456,0.029
4365.5338,11.201,0.029
4368.61106,11.4,0.032
4369.55041,11.28,0.033
4372.63082,11.485,0.043
4376.52534,11.451,0.031
4378.54807,11.403,0.035
4380.58438,11.259,0.036
4383.54332,11.399,0.028
4386.52509,11.454,0.027
4388.5159,11.408,0.029
4393.51059,11.253,0.036
4400.52885,11.443,0.033
4407.52153,11.464,0.031
4411.51352,11.542,0.033
4548.90076,11.446,0.033
4552.89399,11.266,0.028
4560.88167,11.373,0.029
4564.87939,11.457,0.028
4568.8722,11.42,0.047
4569.88153,11.509,0.026
4572.86516,11.33,0.032
4575.87051,11.315,0.033
4579.88088,11.31,0.031
4583.87474,11.461,0.029
4587.82636,11.425,0.031
4590.83904,11.203,0.033
4591.85076,11.245,0.028
4593.82384,11.488,0.028
4596.82016,11.315,0.028
4600.80233,11.206,0.03
4601.81801,11.328,0.028
4606.83166,11.363,0.034
4609.79734,11.267,0.031
4611.84359,11.347,0.029
4615.83964,11.216,0.031
4616.81819,11.451,0.031
4621.77236,11.506,0.036
4623.75559,11.438,0.039
4627.77936,11.507,0.032
4629.7639,11.238,0.026
4631.77686,11.497,0.029
4633.76109,11.342,0.037
4638.77575,11.398,0.033
4638.81163,11.393,0.034
4640.78811,11.336,0.028
4642.78372,11.462,0.034
4644.81616,11.254,0.035
4647.68947,11.361,0.03
4649.72581,11.192,0.035
4651.70656,11.441,0.027
4651.78351,11.44,0.028
4653.76382,11.553,0.028
4655.72115,11.438,0.037
4661.62849,11.369,0.031
4662.72372,11.302,0.033
4663.68808,11.139,0.034
4665.73466,11.475,0.031
4671.66791,11.418,0.027
4674.61874,11.48,0.027
4677.69561,11.271,0.041
4678.70375,11.175,0.04
4679.70108,11.428,0.028
4682.67604,11.294,0.035
4684.68614,11.478,0.034
4686.62871,11.447,0.032
4687.61796,11.283,0.033
4690.63363,11.51,0.028
4697.61378,11.26,0.029
4697.67046,11.244,0.031
4701.61079,11.367,0.027
4701.66147,11.386,0.03
4703.61697,11.489,0.03
4703.66423,11.393,0.028
4706.60116,11.327,0.032
4708.60559,11.484,0.032
4709.55534,11.447,0.034
4710.62177,11.383,0.042
4716.54547,11.29,0.031
4720.57456,11.395,0.032
4720.60049,11.33,0.031
4722.6172,11.309,0.032
4722.6356,11.239,0.034
4725.63282,11.419,0.037
4725.64515,11.359,0.036
4728.59244,11.46,0.033
4728.60446,11.449,0.032
4730.6306,11.354,0.031
4733.63698,11.466,0.029
4738.52453,11.464,0.031
4738.58972,11.478,0.031
4741.51531,11.255,0.029
4743.55199,11.539,0.036
4743.59174,11.481,0.034
4748.50468,11.436,0.034
4754.5354,11.318,0.031
4757.52689,11.489,0.036
4760.52401,11.313,0.034
4763.52084,11.466,0.037
4766.50615,11.449,0.039
4769.50509,11.351,0.035
4777.51678,11.516,0.032
4918.88921,11.317,0.045
4920.89631,11.471,0.038
4934.88841,11.426,0.049
4938.8571,11.321,0.045
4940.8556,11.387,0.043
4947.87568,11.167,0.037
4961.80938,11.242,0.046
4966.80053,11.169,0.046
4968.85324,11.436,0.045
4972.80584,11.421,0.042
4973.75691,11.62,0.05
4975.78554,11.343,0.046
4984.86305,11.565,0.046
4988.7801,11.596,0.041
4988.79155,11.511,0.043
4990.78693,11.315,0.043
4990.78901,11.279,0.042
4993.86653,11.596,0.049
5006.74795,11.45,0.046
5012.76501,11.509,0.045
5013.6841,11.307,0.047
5015.68393,11.2,0.044
5017.7944,11.536,0.047
5021.83362,11.388,0.044
5024.65633,11.14,0.043
5039.64374,11.237,0.037
5041.63131,11.495,0.037
5042.63614,11.37,0.045
5047.684,11.425,0.042
5048.63094,11.347,0.043
5049.71067,11.222,0.047
5057.60699,11.393,0.042
5063.59286,11.246,0.043
5067.64715,11.386,0.05
5071.55355,11.367,0.039
5071.6487,11.46,0.043
5075.5681,11.455,0.041
5075.62867,11.455,0.044
5083.62129,11.303,0.046
5083.65366,11.187,0.047
5087.63979,11.296,0.044
5092.62238,11.252,0.039
5097.52141,11.244,0.047
5099.54574,11.451,0.041
5103.56388,11.371,0.05
5103.57532,11.304,0.047
5106.53951,11.239,0.05
5111.55522,11.258,0.037
5111.58249,11.254,0.037
