1961.89562,11.791,0.051
1963.88055,11.734,0.041
1965.87375,11.813,0.041
1967.87628,12.056,0.045
1979.8643,12.554,0.049
1984.82085,12.114,0.05
1985.84948,12.171,0.05
1994.81344,11.704,0.052
1997.82235,11.383,0.057
2025.79965,11.808,0.028
2026.84487,11.808,0.029
2027.80363,11.902,0.03
2030.79505,12.082,0.029
2031.80174,12.125,0.03
2032.79104,12.161,0.029
2033.78446,12.147,0.03
2037.75238,12.273,0.038
2039.78603,12.405,0.039
2040.72116,12.338,0.041
2052.73958,11.573,0.036
2053.75911,11.45,0.033
2054.7517,11.461,0.036
2055.74034,11.416,0.034
2056.7415,11.432,0.031
2057.73738,11.402,0.029
2058.7297,11.42,0.032
2061.73174,11.419,0.035
2067.6478,11.491,0.033
2068.6686,11.496,0.036
2069.69145,11.519,0.036
2070.71436,11.514,0.04
2080.61604,11.67,0.034
2081.6817,11.693,0.032
2082.69509,11.722,0.03
2085.675,11.794,0.031
2086.68988,11.88,0.032
2087.67374,11.901,0.035
2088.66583,11.943,0.031
2093.58212,12.225,0.037
2094.61664,12.334,0.035
2096.61867,12.383,0.043
2102.61645,12.298,0.036
2103.6407,12.249,0.038
2104.64458,12.133,0.032
2105.63651,11.961,0.033
2106.63965,11.873,0.031
2109.6324,11.638,0.031
2114.76055,11.478,0.033
2115.62408,11.535,0.034
2116.60739,11.532,0.037
2117.6018,11.526,0.036
2124.57751,11.624,0.04
2125.59378,11.593,0.035
2128.60231,11.636,0.031
2129.58543,11.687,0.035
2130.59004,11.68,0.035
2131.57813,11.702,0.032
2132.58621,11.661,0.035
2133.57812,11.685,0.031
2134.58105,11.698,0.037
2135.57505,11.676,0.034
2136.57682,11.691,0.033
2140.55451,11.836,0.04
2141.56839,11.858,0.035
2142.56265,11.887,0.034
2143.55854,11.947,0.035
2144.55414,11.966,0.036
2145.54966,12.114,0.033
2167.49626,11.715,0.032
2169.60678,11.596,0.054
2172.52204,11.531,0.035
2178.51485,11.563,0.033
2180.51188,11.544,0.039
2184.48924,11.626,0.036
2187.50918,11.716,0.045
2192.54665,11.905,0.037
2196.55695,11.975,0.042
2198.55193,12.201,0.037
2201.5392,12.298,0.044
2203.54727,12.378,0.046
2205.51166,12.431,0.039
2212.54611,11.881,0.058
2216.49766,11.815,0.045
2219.52111,11.947,0.043
2442.69005,12.374,0.049
2443.68965,12.227,0.047
2445.67355,12.149,0.04
2446.69431,12.007,0.045
2452.64952,11.917,0.05
2452.66527,11.69,0.06
2453.7655,11.762,0.04
2459.68403,11.562,0.051
2464.64508,11.544,0.042
2465.64876,11.548,0.043
2466.63923,11.646,0.05
2468.63997,11.575,0.042
2468.66491,11.443,0.049
2470.58008,11.463,0.046
2473.6043,11.623,0.046
2474.65122,11.679,0.053
2482.62949,12.052,0.048
2486.59781,12.238,0.049
2489.60327,12.415,0.042
2490.5557,12.157,0.045
2490.61038,12.376,0.047
2497.58688,12.43,0.051
2498.57723,12.493,0.046
2499.5731,12.454,0.047
2501.57459,12.303,0.049
2502.58363,12.325,0.052
2508.69592,11.737,0.035
2510.66907,11.664,0.047
2512.52098,11.702,0.05
2519.58131,11.775,0.051
2520.57739,11.549,0.04
2521.58707,11.572,0.028
2523.73926,11.491,0.034
2526.48811,11.504,0.031
2529.51453,11.692,0.055
2535.56692,11.824,0.035
2540.62988,12.067,0.032
2544.63169,12.288,0.03
2545.67319,12.39,0.029
2556.64496,12.708,0.052
2558.60217,12.589,0.044
2559.60076,12.486,0.038
2560.60887,12.461,0.03
2561.59772,12.303,0.036
2562.61001,12.206,0.032
2563.62629,12.186,0.033
2566.53489,11.905,0.036
2568.56892,11.777,0.045
2578.56426,11.579,0.038
2579.5659,11.698,0.061
2683.88787,11.745,0.029
2686.88323,11.724,0.031
2689.88786,11.821,0.033
2690.89513,11.812,0.036
2694.85733,11.709,0.031
2698.87386,11.709,0.034
2701.86926,11.693,0.03
2704.86378,11.735,0.029
2707.85716,11.731,0.038
2710.84196,11.909,0.032
2712.87399,12.033,0.035
2714.88727,12.11,0.032
2719.85362,11.967,0.036
2721.85658,11.881,0.037
2725.85166,11.686,0.033
2727.85961,11.592,0.033
2727.88728,11.529,0.042
2729.85848,11.59,0.03
2732.87763,11.567,0.038
2735.81278,11.671,0.031
2737.84498,11.694,0.031
2739.86749,11.755,0.035
2741.85193,11.789,0.034
2743.8416,11.742,0.035
2744.86022,11.833,0.036
2747.86954,11.858,0.039
2751.75435,11.877,0.037
2751.7885,11.807,0.037
2754.84561,11.866,0.038
2756.80356,11.898,0.034
2758.83944,11.886,0.027
2760.79061,12.101,0.041
2764.7813,12.228,0.031
2770.8365,12.433,0.04
2775.83789,12.287,0.044
2784.76877,11.576,0.034
2786.72593,11.569,0.032
2790.75467,11.475,0.035
2805.85494,11.602,0.033
2809.74922,11.693,0.043
2810.85516,11.721,0.031
2812.65671,11.788,0.036
2813.85345,11.744,0.034
2820.86187,12.072,0.035
2832.62269,12.813,0.039
2835.63277,12.656,0.044
2840.71134,12.374,0.042
2841.84432,12.497,0.031
2843.66366,12.283,0.042
2854.55951,11.499,0.034
2859.56284,11.669,0.038
2860.68247,11.619,0.04
2861.79215,11.669,0.032
2866.62313,11.759,0.034
2867.71011,11.834,0.031
2872.62686,11.914,0.032
2875.64377,11.899,0.028
2877.62948,11.946,0.039
2879.63284,11.902,0.031
2884.62086,11.944,0.032
2886.5303,11.987,0.039
2886.69424,11.959,0.034
2888.61316,11.99,0.037
2892.6693,12.022,0.029
2894.58404,12.097,0.033
2894.61054,12.159,0.041
2897.72079,12.015,0.029
2902.48669,12.008,0.03
2908.50057,11.832,0.033
2910.51312,11.775,0.031
2912.52947,11.702,0.028
2913.66362,11.68,0.046
2916.60097,11.705,0.029
2918.62776,11.766,0.029
2922.57981,11.887,0.035
2924.58884,11.959,0.033
2927.58671,12.011,0.029
2929.58783,11.977,0.032
2931.59489,12.062,0.027
2935.58315,12.124,0.03
2937.58331,11.972,0.029
2940.559,11.857,0.03
2942.54987,11.79,0.034
2944.55922,11.635,0.032
2949.56909,11.582,0.03
2951.56913,11.622,0.028
2954.53037,11.62,0.03
2958.55334,11.65,0.029
2961.51291,11.676,0.027
2963.54569,11.695,0.03
2966.5228,11.709,0.029
3060.89197,12.049,0.029
3064.88958,11.846,0.03
3068.8864,11.593,0.03
3072.87831,11.408,0.043
3076.8707,11.369,0.028
3079.87694,11.415,0.037
3082.90773,11.45,0.03
3087.84578,11.563,0.032
3090.8748,11.621,0.03
3097.81847,11.886,0.031
3100.8684,12.098,0.033
3103.87028,12.249,0.03
3106.8755,12.37,0.029
3112.85318,12.264,0.03
3115.84348,12.085,0.029
3122.88423,11.774,0.03
3125.77235,11.661,0.028
3127.79817,11.657,0.04
3130.7917,11.557,0.035
3132.83905,11.495,0.033
3134.833,11.505,0.032
3142.77748,11.662,0.043
3146.72893,11.606,0.026
3153.81221,11.976,0.043
3156.7495,12.064,0.028
3158.8051,12.269,0.03
3162.73863,12.175,0.029
3164.77592,12.075,0.029
3169.78454,11.823,0.03
3172.76781,11.767,0.035
3176.69645,11.699,0.028
3182.67202,11.677,0.029
3184.68481,11.684,0.029
3186.71097,11.63,0.031
3189.73546,11.591,0.037
3191.83739,11.451,0.044
3278.63497,12.634,0.039
3323.54496,11.852,0.041
3422.8795,11.402,0.039
3426.87616,11.421,0.036
3430.87015,11.518,0.03
3434.86567,11.591,0.039
3443.89282,11.834,0.035
3447.84941,12.039,0.036
3450.88576,12.249,0.04
3453.84948,12.269,0.037
3456.86075,12.289,0.034
3456.87588,12.271,0.036
3459.84894,12.216,0.027
3459.87929,12.26,0.03
3463.83896,11.923,0.041
3463.84547,11.972,0.041
3466.86852,11.773,0.042
3466.8794,11.713,0.038
3469.89718,11.623,0.034
3473.82343,11.551,0.041
3473.86614,11.494,0.031
3476.90196,11.429,0.041
3479.84803,11.414,0.039
3482.83175,11.333,0.035
3487.85218,11.513,0.04
3487.86139,11.492,0.036
3490.84099,11.583,0.037
3490.8625,11.703,0.033
3492.88292,11.8,0.044
3500.81345,12.301,0.039
3502.79174,12.305,0.037
3503.78597,12.347,0.032
3506.83643,12.437,0.035
3508.86187,12.594,0.035
3509.82818,12.453,0.036
3511.77863,12.495,0.028
3512.70649,12.518,0.032
3516.77201,12.414,0.036
3520.76056,12.205,0.036
3522.7846,12.103,0.033
3524.80355,12.022,0.04
3538.74755,11.599,0.03
3538.76899,11.571,0.028
3550.75788,11.926,0.03
3553.69398,12.087,0.033
3559.65942,12.284,0.035
3561.68775,12.288,0.029
3563.67899,12.21,0.03
3569.70961,11.983,0.033
3571.72049,11.952,0.032
3573.84578,11.869,0.037
3576.59863,11.874,0.032
3578.63669,11.828,0.032
3582.84881,11.769,0.036
3585.56841,11.709,0.035
3587.616,11.69,0.032
3589.62963,11.625,0.029
3591.69309,11.533,0.03
3594.54025,11.358,0.042
3597.61105,11.457,0.041
3602.63432,11.576,0.03
3609.5321,12.002,0.044
3617.56452,12.302,0.038
3619.61979,12.335,0.032
3621.6794,12.49,0.044
3624.67881,12.326,0.033
3626.67672,12.168,0.032
3629.66886,12.119,0.037
3631.67757,11.992,0.035
3631.68077,11.995,0.032
3633.68957,11.752,0.034
3637.58084,11.692,0.031
3643.51396,11.532,0.042
3646.58747,11.465,0.034
3649.54056,11.372,0.042
3651.55773,11.459,0.028
3653.55991,11.449,0.033
3655.57367,11.419,0.028
3657.61715,11.471,0.041
3660.53998,11.601,0.03
3662.57266,11.603,0.035
3664.58846,11.747,0.04
3668.56085,11.991,0.029
3670.58566,11.995,0.029
3673.53939,12.047,0.028
3676.53241,12.102,0.031
3679.51407,12.06,0.038
3702.51404,11.569,0.039
3789.86105,12.451,0.03
3790.86873,12.494,0.045
3793.88875,12.488,0.03
3794.88337,12.25,0.037
3797.87941,12.199,0.032
3798.86902,12.144,0.036
3803.88833,11.877,0.036
3803.89784,11.974,0.044
3807.89109,11.623,0.032
3811.87266,11.499,0.037
3811.88632,11.511,0.042
3815.85415,11.413,0.032
3815.86019,11.555,0.04
3818.87429,11.433,0.037
3818.87926,11.433,0.04
3822.83979,11.545,0.031
3822.85409,11.508,0.043
3826.83652,11.549,0.039
3826.86704,11.591,0.033
3830.844,11.713,0.034
3830.86221,11.605,0.043
3833.86893,11.647,0.036
3834.82008,11.748,0.031
3836.88036,11.863,0.036
3851.84043,11.925,0.04
3851.85375,11.875,0.035
3860.80641,11.575,0.036
3862.8526,11.545,0.03
3864.79547,11.583,0.033
3866.80553,11.593,0.033
3868.82278,11.59,0.034
3869.805,11.632,0.037
3870.77644,11.57,0.037
3872.82469,11.675,0.031
3872.84946,11.78,0.032
3880.78268,11.611,0.028
3882.74884,11.659,0.041
3886.80057,11.571,0.031
3887.77455,11.599,0.031
3889.88764,11.573,0.03
3891.72147,11.629,0.032
3891.79429,11.651,0.031
3893.77747,11.698,0.031
3893.78444,11.712,0.03
3896.77699,11.806,0.043
3896.78732,11.812,0.044
3898.7745,11.841,0.032
3900.84421,11.956,0.029
3901.83993,12.082,0.03
3903.6898,12.122,0.031
3903.85174,12.137,0.029
3905.74811,12.194,0.031
3907.76314,12.122,0.031
3909.87171,12.152,0.028
3913.82364,11.953,0.032
4143.88862,11.815,0.031
4154.89281,11.505,0.037
4158.89263,11.567,0.044
4162.88206,11.626,0.038
4166.87611,11.57,0.038
4174.88207,11.631,0.034
4182.85321,11.697,0.043
4185.87432,11.792,0.038
4189.84947,11.813,0.035
4189.859,11.863,0.035
4192.84794,11.845,0.039
4199.74366,11.959,0.047
4202.90235,11.816,0.036
4203.85401,11.727,0.031
4205.88211,11.788,0.031
4207.87385,11.708,0.05
4213.91331,11.522,0.033
4228.81384,11.637,0.032
4230.84163,11.66,0.032
4231.85821,11.787,0.04
4233.78555,11.831,0.033
4234.78823,11.833,0.035
4235.8587,11.904,0.031
4246.73884,12.194,0.034
4250.77119,12.115,0.034
4251.81822,12.153,0.04
4254.69043,11.907,0.032
4258.72979,11.706,0.039
4273.70082,11.757,0.037
4278.69666,11.7,0.03
4283.7839,11.651,0.032
4285.76198,11.751,0.034
4285.77899,11.663,0.032
4289.7543,11.851,0.031
4289.77126,11.868,0.032
4291.75477,11.908,0.032
4291.77251,11.841,0.031
4293.73252,11.801,0.03
4293.75955,11.82,0.03
4295.74164,11.838,0.031
4297.73307,11.854,0.034
4299.71211,11.905,0.031
4301.66359,11.836,0.035
4303.6689,11.746,0.036
4303.67839,11.684,0.033
4305.65823,11.763,0.031
4307.62954,11.711,0.031
4308.86176,11.706,0.042
4310.76769,11.802,0.035
4312.78174,11.784,0.035
4316.56954,11.999,0.035
4319.61429,12.033,0.034
4330.57629,11.463,0.043
4332.57555,11.434,0.03
4332.76213,11.472,0.032
4334.57971,11.473,0.03
4339.73052,11.684,0.037
4341.7053,11.788,0.036
4343.70336,11.861,0.043
4345.70502,12.098,0.032
4347.70341,12.298,0.036
4349.7023,12.419,0.032
4351.72631,12.696,0.039
4354.61077,12.928,0.032
4356.63707,12.838,0.035
4358.66501,12.792,0.034
4362.70065,12.366,0.03
4364.60919,12.181,0.034
4367.64016,11.832,0.038
4369.67157,12.03,0.037
4372.51447,11.815,0.038
4375.54625,11.748,0.031
4377.55267,11.835,0.035
4379.55487,11.722,0.034
4381.60635,11.781,0.035
4383.64745,11.666,0.037
4386.54804,11.685,0.033
4392.5403,11.487,0.032
4400.59589,11.621,0.036
4408.53418,11.957,0.034
4411.55705,12.147,0.033
4427.53806,12.235,0.037
4431.51325,11.853,0.038
4520.88715,12,0.039
4525.86895,12.085,0.037
4527.86821,12.182,0.034
4528.89524,12.068,0.035
4532.87888,11.929,0.032
4537.87234,11.635,0.034
4541.86558,11.599,0.037
4548.86128,11.583,0.036
4552.84702,11.648,0.036
4552.8575,11.624,0.039
4555.87228,11.66,0.032
4558.87631,11.687,0.031
4561.86429,11.685,0.035
4561.87129,11.709,0.034
4564.87661,11.78,0.034
4567.86216,11.913,0.035
4567.87097,11.828,0.032
4570.90037,11.96,0.031
4571.82338,11.998,0.033
4573.82807,12.067,0.032
4574.80928,11.976,0.034
4580.78934,12.208,0.032
4580.85874,12.101,0.033
4585.84981,12.221,0.032
4588.82656,12.078,0.035
4588.83429,12.03,0.034
4591.81631,11.96,0.036
4594.80129,11.746,0.032
4596.87003,11.746,0.037
4601.80062,11.61,0.033
4606.82512,11.584,0.035
4606.84467,11.691,0.034
4609.77273,11.565,0.034
4609.78206,11.635,0.032
4611.83415,11.587,0.031
4616.80937,11.714,0.035
4617.77524,11.661,0.037
4623.71563,11.735,0.033
4623.81694,11.789,0.032
4626.65905,11.917,0.031
4627.76523,11.914,0.031
4630.70494,11.95,0.033
4631.76815,12.018,0.03
4632.71197,12.079,0.029
4633.74553,12.056,0.032
4638.82983,11.988,0.035
4640.74905,11.954,0.033
4642.73854,11.961,0.03
4642.81268,11.928,0.035
4644.75974,11.914,0.033
4644.8632,11.767,0.038
4646.86616,11.891,0.039
4647.66754,11.824,0.031
4649.66069,11.712,0.034
4649.70708,11.661,0.032
4651.71638,11.71,0.029
4651.74403,11.657,0.029
4653.72337,11.663,0.031
4655.70802,11.656,0.032
4655.71003,11.687,0.031
4657.74036,11.67,0.029
4657.74315,11.733,0.039
4660.74834,11.665,0.028
4660.7511,11.704,0.03
4662.74169,11.572,0.04
4664.70396,11.492,0.034
4664.70595,11.49,0.035
4666.726,11.463,0.032
4666.72789,11.451,0.033
4671.87039,11.447,0.031
4674.5876,11.488,0.033
4674.60039,11.422,0.029
4677.67518,11.533,0.037
4677.68253,11.55,0.038
4679.68812,11.574,0.03
4682.65644,11.683,0.034
4684.66511,11.833,0.033
4686.60692,11.953,0.042
4691.63777,12.168,0.04
4694.68601,12.158,0.04
4697.66646,12.139,0.033
4697.77217,12.155,0.035
4701.75073,11.946,0.032
4703.75998,11.997,0.032
4705.69294,11.903,0.037
4706.63216,11.859,0.041
4709.56973,11.882,0.042
4710.65217,11.751,0.034
4721.60735,11.683,0.033
4724.64395,11.786,0.04
4726.67685,11.66,0.039
4729.65061,11.787,0.038
4736.60362,11.798,0.033
4739.59513,11.887,0.03
4742.54759,11.976,0.041
4744.55551,12.014,0.039
4746.55949,12.18,0.037
4748.58906,12.02,0.034
4754.55777,12.422,0.041
4756.59287,12.144,0.039
4759.56165,12.119,0.041
4762.559,12.036,0.039
4765.55205,11.707,0.038
4767.60418,11.621,0.038
4770.54423,11.612,0.045
4772.56968,11.628,0.038
4774.57914,11.69,0.04
4777.54443,11.717,0.038
4780.56194,11.678,0.047
4784.54014,11.689,0.044
4787.53364,11.616,0.04
4793.53244,11.561,0.04
4799.51624,11.641,0.041
4881.88365,12.001,0.029
4882.89556,11.985,0.039
4886.89584,11.922,0.042
4892.8921,11.679,0.035
4905.85825,11.681,0.039
4905.87481,11.665,0.049
4916.88278,12.11,0.037
4916.89236,12.056,0.04
4927.90777,12.142,0.036
4935.86579,11.729,0.043
4937.88605,11.846,0.037
4938.86122,11.777,0.044
4940.85964,11.762,0.04
4947.82756,11.82,0.039
4947.84394,11.876,0.038
4967.84696,11.686,0.037
4968.83982,11.722,0.039
4972.79264,11.808,0.036
4974.8698,11.991,0.04
4984.81562,12.353,0.04
4985.73027,12.292,0.04
4988.79775,12.08,0.037
4990.79265,11.918,0.04
4991.77127,11.901,0.041
4994.81079,11.849,0.039
5006.76738,11.67,0.046
5006.79333,11.723,0.044
5014.73133,11.701,0.037
5021.76197,11.56,0.041
5021.76491,11.686,0.045
5023.78133,11.64,0.04
5023.78435,11.632,0.039
5031.66968,12.049,0.048
5040.71992,12.65,0.041
5042.64202,12.214,0.041
5047.69431,12.382,0.04
5063.59992,11.678,0.045
5083.63435,11.493,0.047
5089.70641,11.775,0.042
5098.52368,11.811,0.041
5104.60222,11.992,0.039
5111.6133,12.139,0.045
