1962.89824,10.02,0.048
1964.90185,10.06,0.04
1967.89579,10.215,0.036
1978.89802,10.471,0.043
1980.87248,10.538,0.039
1982.86022,10.569,0.044
1994.84906,10.89,0.045
1996.84874,10.958,0.044
1998.84111,11.005,0.046
2000.84329,11.055,0.043
2016.81447,11.432,0.045
2026.77532,11.67,0.03
2027.81731,11.653,0.029
2030.81999,11.693,0.027
2031.82701,11.705,0.031
2032.81157,11.777,0.027
2033.82497,11.788,0.029
2037.78241,11.823,0.033
2052.75591,12.022,0.031
2053.77319,12.039,0.032
2054.76803,11.966,0.035
2055.75671,12.066,0.03
2056.75793,12.314,0.031
2057.75379,12.037,0.029
2058.7528,12.047,0.032
2061.74825,12,0.035
2065.7205,12.084,0.032
2070.78526,12.127,0.037
2080.65338,12.522,0.032
2081.70086,12.322,0.032
2082.70984,12.45,0.03
2083.69623,12.33,0.033
2085.68752,12.253,0.032
2086.70954,12.181,0.03
2087.68856,12.246,0.033
2088.68288,12.291,0.033
2093.60385,12.343,0.033
2102.64034,12.246,0.035
2103.64897,12.288,0.033
2104.65961,12.273,0.028
2105.65155,12.327,0.031
2106.65471,12.309,0.03
2114.77574,12.246,0.032
2115.63907,12.274,0.033
2116.62701,12.258,0.034
2117.62288,12.244,0.032
2128.57225,12.104,0.03
2129.5938,12.041,0.032
2130.60292,12.127,0.031
2131.59323,12.048,0.033
2132.60133,11.98,0.033
2133.59089,12.032,0.03
2134.59618,12.074,0.033
2136.58288,12.067,0.031
2141.58123,11.812,0.032
2142.57548,11.823,0.032
2143.57599,11.776,0.032
2144.56696,11.769,0.03
2145.56244,11.599,0.031
2167.50389,10.694,0.033
2171.49627,10.567,0.032
2173.50745,10.492,0.032
2184.50573,10.171,0.045
2190.52722,10.064,0.031
2196.51814,9.947,0.036
2199.50711,9.925,0.036
2207.50753,9.876,0.035
2214.49511,9.833,0.044
2442.7069,12.039,0.028
2443.70208,12.111,0.026
2446.71135,12.131,0.029
2459.68313,12.267,0.037
2464.66242,12.252,0.032
2465.65921,12.236,0.032
2466.65196,12.209,0.031
2467.65814,12.299,0.026
2468.65729,12.271,0.027
2468.67764,12.232,0.038
2470.61154,12.3,0.032
2473.62165,12.27,0.035
2474.66405,12.273,0.036
2481.61019,12.384,0.044
2482.64237,12.247,0.038
2487.65263,12.351,0.045
2489.62552,12.293,0.035
2490.6383,12.333,0.038
2491.60676,12.331,0.042
2494.59625,12.302,0.044
2495.6025,12.263,0.035
2497.59982,12.28,0.029
2499.586,12.303,0.029
2502.59426,12.29,0.037
2503.59446,12.282,0.044
2508.53975,12.401,0.038
2511.62619,12.195,0.042
2524.63986,12.063,0.036
2526.65631,12.006,0.029
2543.51179,11.171,0.027
2544.48873,11.121,0.039
2544.55438,11.131,0.035
2545.5407,11.086,0.026
2548.58165,10.881,0.027
2552.58584,10.755,0.042
2562.48767,10.347,0.03
2563.54596,10.338,0.032
2566.51717,10.236,0.031
2568.55035,10.215,0.038
2578.52027,10.092,0.035
2699.89541,9.258,0.03
2706.88368,9.447,0.03
2709.88076,9.515,0.031
2712.87506,9.611,0.031
2717.90177,9.69,0.031
2727.85317,9.881,0.035
2731.88262,9.966,0.034
2736.87439,10.073,0.031
2738.86819,10.148,0.027
2742.88972,10.223,0.031
2744.83396,10.287,0.04
2744.88618,10.295,0.03
2754.83599,10.513,0.027
2756.83922,10.596,0.028
2758.85756,10.61,0.033
2760.83891,10.707,0.031
2764.8116,10.813,0.025
2770.84836,10.933,0.032
2782.83346,11.243,0.026
2784.77612,11.326,0.026
2790.77227,11.483,0.026
2802.79761,11.634,0.029
2808.75809,11.732,0.029
2810.68861,11.764,0.029
2818.88166,11.937,0.029
2821.68104,11.964,0.026
2826.71949,11.984,0.028
2830.65951,12.041,0.026
2835.69117,12.201,0.031
2838.68437,12.466,0.029
2840.74091,12.167,0.043
2851.64697,12.263,0.026
2853.76472,12.261,0.025
2855.6637,12.358,0.05
2855.68238,12.279,0.051
2862.61742,12.204,0.032
2866.61795,12.474,0.028
2867.70493,12.287,0.028
2872.58628,12.294,0.027
2875.61745,12.237,0.03
2877.60817,12.26,0.03
2879.60884,12.244,0.032
2884.59225,12.281,0.025
2885.61408,12.293,0.025
2893.63275,12.384,0.029
2897.62352,12.315,0.028
2899.60545,12.29,0.035
2906.63952,12.192,0.026
2909.64209,12.114,0.03
2911.5952,12.093,0.026
2917.48733,11.981,0.028
2921.48885,11.746,0.034
2923.50861,11.578,0.029
2928.5242,11.709,0.028
2930.52964,11.276,0.026
2932.53041,11.207,0.031
2934.52884,11.103,0.029
2936.52704,10.987,0.038
2939.53237,10.901,0.033
2944.50514,10.684,0.028
2946.53396,10.604,0.027
2947.55566,10.582,0.035
2949.54068,10.539,0.037
2958.51581,10.331,0.027
3060.89798,8.305,0.04
3069.89773,8.442,0.039
3077.8853,8.644,0.037
3082.87985,8.781,0.037
3087.90673,8.929,0.041
3091.89523,9.064,0.032
3097.8914,9.235,0.027
3101.8717,9.368,0.043
3109.85095,9.58,0.03
3112.87636,9.666,0.03
3115.867,9.745,0.038
3122.89457,9.907,0.026
3130.8279,10.118,0.031
3142.79929,10.449,0.026
3146.76336,10.562,0.025
3152.84343,10.797,0.03
3157.8857,10.871,0.03
3159.79174,10.956,0.037
3162.83173,10.999,0.031
3164.9041,11.016,0.025
3170.77853,11.176,0.03
3173.72216,11.228,0.034
3176.79207,11.403,0.039
3179.7028,11.436,0.028
3182.7147,11.524,0.028
3184.71783,11.567,0.029
3266.54551,12.332,0.026
3272.49564,12.326,0.03
3274.61286,12.411,0.033
3277.57581,12.276,0.043
3279.59974,12.317,0.027
3292.54728,12.47,0.038
3295.5214,12.3,0.03
3425.89595,8.593,0.036
3444.87833,8.46,0.033
3448.89332,8.526,0.027
3452.89795,8.648,0.036
3455.86882,8.761,0.033
3459.8536,8.868,0.029
3464.86002,9.013,0.039
3468.8675,9.134,0.028
3472.88372,9.226,0.034
3476.85478,9.348,0.031
3479.87883,9.415,0.035
3487.87564,9.629,0.032
3499.83585,9.95,0.032
3502.80454,10.015,0.034
3506.80949,10.095,0.029
3509.84401,10.18,0.028
3512.75717,10.233,0.028
3524.7473,10.505,0.038
3528.8554,10.625,0.037
3542.69976,10.976,0.028
3550.73164,11.18,0.035
3552.75458,11.207,0.036
3555.74919,11.313,0.036
3559.67096,11.388,0.033
3561.70529,11.392,0.032
3563.71264,11.465,0.027
3568.81382,11.566,0.028
3573.66977,11.729,0.032
3575.6859,11.665,0.029
3577.71091,11.807,0.039
3582.77992,11.835,0.032
3584.74111,11.901,0.033
3594.55788,11.963,0.034
3602.58857,12.088,0.032
3604.59795,12.219,0.043
3609.54555,12.257,0.041
3616.54446,12.453,0.044
3618.65153,12.408,0.043
3620.63606,12.343,0.033
3628.51782,12.343,0.028
3630.58483,12.287,0.031
3632.59137,12.267,0.03
3634.62365,12.389,0.031
3637.63314,12.515,0.036
3641.59209,12.401,0.028
3643.63669,12.464,0.035
3657.56673,12.335,0.031
3660.51994,12.385,0.04
3662.54387,12.329,0.039
3664.55848,12.328,0.034
3668.53473,12.327,0.026
3671.52592,12.242,0.028
3674.53121,12.261,0.029
3677.51764,12.287,0.028
3794.90124,9.097,0.036
3798.90202,8.906,0.036
3805.88662,8.613,0.034
3809.89624,8.513,0.039
3813.88236,8.409,0.033
3820.87442,8.378,0.041
3824.86223,8.334,0.036
3827.88599,8.331,0.031
3831.88486,8.335,0.036
3835.85648,8.344,0.031
3850.85476,8.511,0.036
3853.8459,8.591,0.033
3856.82843,8.625,0.032
3859.82125,8.655,0.043
3862.81777,8.715,0.029
3864.81628,8.787,0.038
3866.83845,8.803,0.035
3868.83147,8.844,0.034
3870.79066,8.923,0.036
3874.84534,9.038,0.032
3877.79069,9.127,0.032
3880.86013,9.203,0.03
3883.85312,9.298,0.039
3887.78852,9.407,0.033
3892.73727,9.576,0.027
3894.72933,9.638,0.027
3901.77101,9.834,0.034
3903.77004,9.9,0.033
3907.79079,10.015,0.031
3909.89374,10.083,0.035
3913.84679,10.188,0.038
4161.89852,10.261,0.03
4175.88998,9.927,0.034
4179.8953,9.856,0.042
4183.87911,9.739,0.034
4187.90988,9.595,0.03
4191.86532,9.416,0.028
4194.87546,9.197,0.028
4198.79659,8.938,0.042
4203.87565,8.581,0.029
4207.89211,8.339,0.031
4212.91386,8.084,0.042
4216.86809,7.929,0.029
4229.87211,7.789,0.03
4231.87069,7.814,0.03
4234.80641,7.851,0.027
4246.75683,8.087,0.027
4250.78857,8.223,0.028
4256.79868,8.391,0.027
4266.76897,8.703,0.032
4269.70768,8.805,0.028
4272.76294,8.871,0.029
4274.76242,8.955,0.028
4277.71091,9.058,0.025
4284.72444,9.276,0.035
4290.72036,9.484,0.03
4292.70185,9.529,0.028
4298.70505,9.722,0.033
4300.68091,9.772,0.04
4302.72128,9.848,0.032
4304.6622,9.925,0.03
4306.64504,9.946,0.029
4311.64981,10.116,0.031
4316.70126,10.249,0.027
4319.68681,10.363,0.026
4329.59525,10.633,0.035
4331.59497,10.71,0.028
4332.76068,10.74,0.035
4338.62709,10.905,0.032
4340.68235,10.937,0.032
4342.67655,11.004,0.036
4344.67986,11.137,0.041
4346.67672,11.148,0.034
4348.68177,11.219,0.034
4350.69087,11.239,0.034
4353.55412,11.417,0.027
4355.63993,11.448,0.026
4357.64744,11.482,0.03
4359.6808,11.485,0.031
4367.49384,11.639,0.03
4369.55285,11.779,0.033
4371.56835,11.792,0.031
4373.5789,11.805,0.029
4376.56829,11.869,0.028
4378.58458,11.927,0.032
4380.61196,11.973,0.034
4383.55647,11.924,0.028
4385.5979,11.959,0.027
4387.60612,12,0.027
4393.4959,12.063,0.039
4399.53308,12.22,0.035
4402.56762,12.212,0.034
4407.5022,12.181,0.036
4411.50126,12.211,0.039
4520.89815,11.713,0.04
4530.89958,11.328,0.028
4538.90105,11.077,0.03
4542.89901,10.944,0.028
4546.88639,10.772,0.032
4550.8864,10.642,0.033
4558.8586,10.444,0.026
4561.8894,10.345,0.027
4565.87441,10.236,0.026
4569.86773,10.103,0.028
4572.86821,9.989,0.03
4575.86184,9.862,0.034
4579.87473,9.693,0.032
4585.87316,9.421,0.03
4588.85596,9.268,0.034
4591.84854,9.18,0.028
4594.81649,8.988,0.026
4597.81728,8.807,0.027
4602.82288,8.533,0.041
4616.82709,7.937,0.031
4623.74707,7.838,0.031
4627.77517,7.862,0.027
4629.76224,7.871,0.025
4633.76528,7.904,0.034
4639.75069,7.963,0.027
4641.75329,8.006,0.026
4643.74887,8.007,0.032
4645.77865,8.085,0.029
4647.84056,8.104,0.028
4650.67529,8.18,0.031
4652.71891,8.218,0.026
4654.7142,8.249,0.027
4656.70822,8.303,0.033
4662.68718,8.527,0.037
4666.68911,8.615,0.029
4670.67017,8.743,0.029
4672.69373,8.838,0.029
4681.64347,9.131,0.037
4683.64344,9.203,0.032
4685.63,9.273,0.035
4687.63003,9.342,0.032
4694.59958,9.578,0.033
4697.69817,9.682,0.039
4701.67794,9.832,0.027
4705.73848,9.974,0.029
4708.63806,10.073,0.029
4710.65646,10.127,0.035
4715.56517,10.275,0.031
4721.52426,10.6,0.031
4724.57723,10.584,0.033
4726.62847,10.653,0.039
4729.61224,10.738,0.034
4731.63603,10.743,0.039
4736.59621,10.94,0.036
4739.58826,11.044,0.028
4742.53995,11.06,0.03
4748.53091,11.174,0.043
4754.5481,11.347,0.033
4756.58307,11.349,0.038
4762.5499,11.479,0.036
4765.54451,11.59,0.032
4768.54007,11.608,0.037
4776.50201,11.809,0.035
4780.50713,11.762,0.036
4784.50981,11.896,0.038
4891.90106,12.172,0.042
4906.90637,11.776,0.042
4917.89146,11.463,0.041
4921.88409,11.277,0.047
4927.92084,11.085,0.042
4931.8582,10.958,0.043
4946.854,10.525,0.041
4949.84348,10.427,0.045
4952.83626,10.312,0.04
4955.7974,10.22,0.045
4962.82001,9.989,0.041
4974.77714,9.509,0.045
4984.80672,9.025,0.045
4988.79486,8.801,0.044
4994.78046,8.438,0.042
5006.7567,7.952,0.049
5012.77966,7.875,0.048
5014.71384,7.947,0.04
5021.70579,8.011,0.044
5023.71039,8.028,0.04
5030.73034,8.123,0.04
5042.64959,8.323,0.045
5067.58202,8.948,0.044
5069.58969,9.009,0.047
5082.65348,9.425,0.042
5084.68999,9.471,0.042
5087.52509,9.568,0.039
5089.57836,9.621,0.043
5093.63598,9.722,0.047
5106.5163,10.149,0.045
5124.54129,10.686,0.042
5144.5155,11.129,0.046
