1979.88164,8.258,0.043
1981.88211,8.265,0.04
1982.89466,8.336,0.054
1984.87764,8.356,0.043
2184.52182,8.309,0.052
2188.50223,8.325,0.041
2191.51596,8.314,0.04
2194.51897,8.337,0.04
2198.5023,8.349,0.04
2206.50571,8.36,0.038
2442.71326,8.375,0.027
2443.71293,8.291,0.027
2446.71538,8.372,0.031
2453.70297,8.32,0.042
2464.66645,8.316,0.03
2466.66074,8.292,0.03
2473.63044,8.319,0.035
2481.61664,8.285,0.043
2490.57757,8.342,0.036
2508.62546,8.313,0.041
2511.63304,8.347,0.05
2520.50363,8.367,0.03
2544.57744,8.363,0.052
2549.56243,8.331,0.031
2552.55366,8.325,0.039
2561.50094,8.346,0.032
2562.55252,8.327,0.04
2564.51253,8.311,0.034
2568.51337,8.312,0.035
2700.90212,8.329,0.043
2711.89122,8.373,0.035
2722.8774,8.333,0.036
2725.86985,8.318,0.033
2726.87053,8.315,0.039
2730.86552,8.374,0.034
2736.91958,8.33,0.037
2739.85973,8.305,0.034
2744.90913,8.346,0.034
2755.81331,8.371,0.031
2757.83332,8.358,0.032
2764.82274,8.319,0.031
2769.8411,8.365,0.042
2784.78257,8.373,0.032
2786.76354,8.361,0.032
2790.78096,8.369,0.031
2802.8613,8.336,0.06
2804.71505,8.327,0.041
2808.76671,8.304,0.033
2812.68803,8.373,0.032
2814.85406,8.403,0.044
2819.72833,8.348,0.033
2821.71745,8.325,0.033
2829.67398,8.317,0.037
2830.77315,8.307,0.045
2832.63543,8.283,0.034
2836.62677,8.307,0.067
2840.75685,8.366,0.043
2843.66257,8.349,0.049
2851.63729,8.354,0.03
2853.75437,8.323,0.033
2855.65404,8.342,0.043
2855.67282,8.361,0.035
2861.62058,8.297,0.039
2872.57869,8.309,0.031
2875.61232,8.339,0.034
2877.60305,8.338,0.032
2879.60374,8.339,0.033
2882.64146,8.355,0.065
2884.58991,8.298,0.032
2885.61174,8.348,0.032
2892.56775,8.319,0.037
2894.55492,8.349,0.035
2896.57558,8.328,0.033
2898.56617,8.333,0.033
2900.55818,8.366,0.034
2904.54777,8.368,0.038
2906.54614,8.383,0.034
2909.54757,8.314,0.036
2911.52628,8.308,0.04
2916.5377,8.359,0.037
2918.57328,8.393,0.036
2922.54048,8.356,0.037
2924.54809,8.364,0.037
2927.5472,8.34,0.033
2929.54837,8.339,0.035
2931.5511,8.348,0.034
2933.55169,8.358,0.036
2935.55082,8.339,0.039
2939.50592,8.378,0.036
2943.51138,8.37,0.037
2947.51925,8.366,0.044
2951.5121,8.341,0.042
2951.53774,8.352,0.05
3081.88729,8.365,0.058
3088.89533,8.289,0.045
3092.89028,8.289,0.054
3098.87503,8.323,0.048
3102.89321,8.328,0.057
3105.88392,8.362,0.059
3108.88737,8.346,0.032
3115.89599,8.327,0.048
3122.90198,8.357,0.038
3125.82381,8.373,0.055
3127.88834,8.306,0.041
3141.80792,8.375,0.055
3144.84615,8.292,0.031
3153.80721,8.39,0.036
3156.77303,8.368,0.058
3162.79779,8.364,0.037
3164.8202,8.357,0.035
3170.76794,8.347,0.03
3173.72926,8.376,0.044
3176.79671,8.365,0.057
3177.69732,8.354,0.065
3177.73517,8.356,0.046
3177.76287,8.322,0.05
3177.78935,8.362,0.058
3177.81481,8.284,0.042
3177.84455,8.31,0.042
3177.92122,8.357,0.064
3179.71011,8.367,0.048
3182.72457,8.321,0.029
3184.71231,8.318,0.032
3189.7415,8.365,0.039
3191.85963,8.307,0.047
3266.63151,8.348,0.037
3268.5473,8.339,0.038
3273.61359,8.384,0.047
3276.58254,8.302,0.051
3279.52794,8.315,0.039
3292.54188,8.376,0.047
3295.51016,8.345,0.035
3299.5108,8.349,0.031
3433.90117,8.315,0.037
3445.90177,8.32,0.033
3449.90501,8.33,0.044
3453.89,8.346,0.037
3456.89849,8.373,0.045
3467.86763,8.381,0.036
3471.87053,8.38,0.037
3474.90926,8.301,0.047
3477.90043,8.393,0.043
3480.87957,8.277,0.052
3483.86062,8.342,0.037
3487.86772,8.339,0.042
3499.83913,8.301,0.062
3502.82237,8.344,0.048
3508.84824,8.35,0.036
3511.78425,8.373,0.034
3515.80963,8.378,0.039
3521.8111,8.383,0.039
3523.89141,8.319,0.055
3526.74757,8.349,0.044
3528.80949,8.293,0.043
3538.7567,8.391,0.042
3543.71128,8.38,0.05
3550.80491,8.367,0.036
3553.7059,8.374,0.031
3555.82373,8.298,0.043
3559.68165,8.317,0.049
3561.71526,8.411,0.051
3563.69444,8.343,0.041
3569.68523,8.325,0.036
3572.82207,8.357,0.047
3575.62083,8.352,0.039
3577.65075,8.287,0.062
3583.63798,8.365,0.045
3587.69496,8.289,0.039
3590.60378,8.339,0.048
3600.60848,8.337,0.061
3602.59345,8.338,0.045
3604.60279,8.327,0.067
3616.60229,8.356,0.035
3619.54022,8.32,0.049
3621.59742,8.257,0.042
3624.61741,8.375,0.035
3628.59162,8.35,0.041
3630.65968,8.35,0.051
3633.51962,8.385,0.048
3639.56523,8.382,0.041
3642.56852,8.257,0.039
3644.59045,8.28,0.055
3648.55758,8.301,0.045
3650.57614,8.281,0.038
3652.55324,8.33,0.046
3654.55889,8.307,0.045
3659.54866,8.33,0.044
3661.56637,8.336,0.047
3664.51829,8.37,0.044
3668.51509,8.365,0.038
3671.512,8.308,0.038
3674.51615,8.377,0.045
3677.50612,8.347,0.042
3808.90208,8.339,0.049
3813.90459,8.329,0.047
3819.88954,8.282,0.044
3823.88437,8.293,0.05
3827.87813,8.333,0.042
3831.89755,8.303,0.044
3835.88565,8.294,0.047
3851.86905,8.387,0.057
3860.83909,8.33,0.04
3863.825,8.289,0.041
3865.86186,8.35,0.043
3867.82253,8.292,0.043
3869.81805,8.286,0.054
3871.81779,8.302,0.042
3875.80768,8.329,0.05
3879.79989,8.345,0.057
3882.77855,8.286,0.044
3886.80706,8.311,0.044
3891.74974,8.332,0.038
3893.78794,8.363,0.039
3896.78082,8.279,0.043
3900.77356,8.361,0.058
3902.76985,8.336,0.042
3904.79651,8.336,0.048
3906.8528,8.322,0.046
3909.72185,8.323,0.04
3913.72653,8.311,0.043
4176.8974,8.364,0.056
4180.89382,8.348,0.057
4184.89666,8.32,0.066
4190.87862,8.343,0.033
4193.88993,8.293,0.036
4203.89913,8.283,0.032
4208.9019,8.38,0.038
4213.9095,8.293,0.049
4228.8744,8.297,0.034
4230.85729,8.281,0.033
4233.81469,8.327,0.057
4235.86176,8.371,0.034
4238.79985,8.383,0.053
4246.76544,8.317,0.031
4250.78176,8.344,0.032
4256.8079,8.351,0.032
4259.7559,8.337,0.065
4269.78495,8.379,0.067
4273.72092,8.332,0.051
4278.71052,8.365,0.034
4283.72908,8.299,0.058
4285.71911,8.293,0.041
4289.71535,8.298,0.034
4291.71747,8.301,0.03
4293.7062,8.316,0.031
4295.71897,8.327,0.035
4297.70944,8.335,0.045
4301.66808,8.372,0.037
4303.67339,8.389,0.031
4305.66273,8.366,0.03
4307.65135,8.366,0.037
4310.65148,8.335,0.035
4312.65172,8.348,0.044
4315.65469,8.333,0.032
4329.61217,8.317,0.036
4331.59234,8.333,0.029
4333.55953,8.385,0.032
4334.73486,8.295,0.034
4338.63849,8.35,0.035
4340.6905,8.355,0.042
4342.68399,8.352,0.038
4346.68444,8.392,0.033
4348.69109,8.382,0.034
4351.52551,8.264,0.037
4353.64137,8.353,0.031
4356.5164,8.347,0.032
4358.52243,8.352,0.03
4360.50976,8.394,0.048
4362.56199,8.381,0.035
4365.5338,8.306,0.034
4368.61106,8.322,0.039
4372.63082,8.361,0.051
4376.52534,8.318,0.033
4378.54807,8.348,0.04
4380.58438,8.347,0.042
4383.54332,8.335,0.033
4386.52509,8.296,0.032
4388.5159,8.292,0.033
4393.51059,8.39,0.041
4400.52885,8.323,0.043
4407.52153,8.325,0.036
4411.51352,8.315,0.038
4540.90594,8.313,0.045
4548.88578,8.312,0.04
4552.88194,8.325,0.035
4557.88163,8.336,0.039
4561.86708,8.317,0.032
4565.88782,8.334,0.034
4569.88153,8.305,0.032
4573.85166,8.316,0.038
4576.8645,8.388,0.039
4580.8436,8.351,0.036
4585.86621,8.317,0.038
4588.85827,8.352,0.034
4591.85076,8.329,0.032
4597.8263,8.389,0.035
4600.80233,8.331,0.038
4602.83144,8.296,0.041
4611.8259,8.351,0.039
4615.83964,8.337,0.035
4617.80165,8.26,0.035
4621.77236,8.288,0.046
4623.83507,8.298,0.038
4628.75032,8.311,0.041
4630.73001,8.28,0.033
4632.73104,8.303,0.036
4638.77575,8.294,0.04
4640.75279,8.291,0.034
4642.74231,8.295,0.035
4644.76342,8.252,0.034
4646.86919,8.328,0.057
4649.67922,8.289,0.043
4651.70656,8.287,0.032
4653.71088,8.278,0.034
4655.70091,8.259,0.035
4657.73409,8.403,0.034
4660.73473,8.337,0.033
4662.72372,8.373,0.041
4666.69121,8.359,0.037
4670.65595,8.283,0.035
4672.67866,8.318,0.034
4678.70375,8.335,0.045
4681.63269,8.33,0.035
4683.63207,8.346,0.04
4685.61894,8.286,0.038
4687.61796,8.314,0.039
4697.61378,8.289,0.033
4701.61079,8.281,0.031
4703.61697,8.283,0.036
4705.64905,8.263,0.04
4708.60559,8.328,0.039
4710.62177,8.36,0.057
4715.66088,8.276,0.038
4720.57456,8.289,0.039
4722.6172,8.302,0.04
4725.63282,8.333,0.047
4728.59244,8.277,0.042
4730.6306,8.317,0.036
4733.63698,8.346,0.037
4738.52453,8.359,0.04
4741.51531,8.31,0.034
4743.55199,8.269,0.045
4748.50468,8.316,0.045
4754.5354,8.335,0.039
4757.52689,8.331,0.043
4760.52401,8.309,0.04
4763.52084,8.366,0.043
4766.50615,8.283,0.047
4769.50509,8.368,0.039
4777.51678,8.367,0.041
4918.88921,8.288,0.06
4940.8556,8.338,0.055
4947.86695,8.291,0.049
4962.83054,8.315,0.057
4966.85274,8.334,0.062
4969.79599,8.374,0.052
4973.75691,8.316,0.061
4984.7969,8.314,0.056
4988.7801,8.364,0.053
4990.78693,8.357,0.059
4993.86653,8.367,0.062
5006.74795,8.256,0.056
5012.76501,8.223,0.055
5014.71668,8.318,0.053
5021.71357,8.321,0.054
5023.71863,8.339,0.05
5031.66752,8.297,0.047
5042.63614,8.282,0.061
5048.63094,8.268,0.054
5067.64715,8.337,0.058
5071.6487,8.365,0.055
5075.62867,8.305,0.059
5083.62129,8.24,0.057
5087.63979,8.259,0.052
5092.62238,8.333,0.051
5097.52141,8.322,0.062
5099.54574,8.333,0.056
5103.56388,8.35,0.066
5106.53951,8.342,0.067
5111.55522,8.338,0.048
