1962.88257,12.198,0.045
1962.88722,12.225,0.049
1964.88601,11.874,0.042
1964.8884,11.912,0.045
1966.88205,11.86,0.044
1966.88442,11.864,0.044
1978.87781,11.768,0.051
1978.87996,11.808,0.052
1980.85669,11.978,0.049
1980.85885,12.022,0.049
1981.90761,12.102,0.048
1982.85819,12.215,0.052
1984.83405,11.883,0.051
1994.831,12.179,0.052
1995.9075,11.94,0.053
1997.84252,11.846,0.058
2016.80526,11.947,0.049
2016.80761,11.916,0.049
2026.74776,12.055,0.044
2026.84913,12.106,0.041
2027.81064,12.084,0.035
2030.80863,11.8,0.036
2031.82256,12.075,0.036
2031.83369,12.571,0.041
2032.80713,12.149,0.038
2032.81596,12.126,0.036
2033.83164,11.98,0.035
2037.77098,11.847,0.041
2039.7905,12.174,0.042
2052.76005,12.903,0.042
2053.77969,11.963,0.039
2054.77453,11.82,0.042
2055.75214,11.735,0.04
2055.7609,11.986,0.04
2056.75338,11.827,0.038
2056.76205,11.885,0.04
2057.74922,11.968,0.038
2057.76027,13.464,0.038
2058.74823,12.211,0.04
2061.78736,11.815,0.044
2065.71782,12.592,0.04
2070.72847,11.95,0.039
2080.6419,12.135,0.041
2080.64382,12.078,0.041
2081.69173,11.871,0.04
2081.69588,11.792,0.038
2082.7051,11.884,0.041
2082.71382,11.909,0.039
2083.69379,11.927,0.045
2083.70479,12.095,0.046
2085.69149,12.075,0.039
2086.70237,11.846,0.038
2086.71353,11.845,0.04
2087.69475,11.824,0.039
2088.68043,11.824,0.04
2088.69376,11.817,0.041
2093.59882,12.16,0.04
2094.62199,11.878,0.04
2103.64421,11.981,0.041
2103.65512,12.067,0.038
2104.66357,12.236,0.038
2105.6555,12.03,0.04
2106.6587,11.874,0.037
2114.75039,12.159,0.035
2115.64078,11.999,0.035
2116.62873,12.087,0.038
2117.62459,12.193,0.04
2125.60163,11.976,0.037
2128.6284,11.944,0.035
2129.60457,12.099,0.036
2130.60692,12.1,0.039
2131.59721,12.015,0.039
2132.60312,11.865,0.037
2133.59721,11.811,0.036
2134.60018,11.917,0.042
2135.59421,12.024,0.041
2136.58485,12.148,0.039
2140.5736,11.789,0.041
2141.58527,11.963,0.037
2142.57953,12.122,0.034
2143.57779,12.239,0.039
2144.57101,12.008,0.039
2145.56652,11.895,0.038
2163.52919,12.107,0.048
2167.5059,11.873,0.039
2169.55409,12.076,0.045
2172.50438,11.833,0.039
2179.48854,11.777,0.051
2183.48468,12.021,0.051
2185.55277,11.883,0.039
2188.52984,12.179,0.039
2191.49279,11.776,0.042
2193.56128,12.111,0.049
2198.50652,11.83,0.041
2202.51008,11.949,0.041
2207.49848,12.094,0.042
2213.49454,12.05,0.046
2216.50919,11.848,0.058
2226.51749,12.037,0.05
2442.71552,11.805,0.043
2446.69759,12.214,0.044
2453.68273,12.127,0.056
2454.67897,12.012,0.045
2459.67127,12.158,0.05
2464.6576,11.926,0.036
2465.65673,12.125,0.04
2466.64947,12.154,0.036
2467.65331,11.994,0.035
2468.64575,11.896,0.036
2468.67512,11.777,0.038
2470.59971,11.827,0.039
2473.61913,12.092,0.042
2474.66607,11.911,0.051
2481.60537,11.927,0.046
2482.64438,11.808,0.041
2486.61276,12.104,0.043
2487.65005,11.845,0.052
2489.6345,11.876,0.037
2489.6413,11.863,0.034
2490.56376,11.8,0.039
2490.61627,12.033,0.044
2490.62964,12.064,0.044
2491.60873,12.173,0.045
2493.60418,11.995,0.042
2494.59823,12.064,0.057
2494.6071,11.983,0.055
2495.60449,11.833,0.041
2497.60182,12.015,0.037
2498.58754,12.203,0.039
2498.59414,12.221,0.041
2499.59025,12.119,0.04
2500.55788,11.994,0.043
2501.5827,11.84,0.038
2502.59631,11.829,0.043
2503.59646,12.027,0.047
2508.53723,11.875,0.041
2508.71512,12.256,0.037
2510.57926,12.118,0.044
2511.62367,12.003,0.047
2520.60221,11.839,0.038
2520.68366,12.025,0.038
2521.61184,11.934,0.036
2521.6958,12.148,0.043
2524.63737,11.863,0.045
2526.49671,11.984,0.038
2526.65381,11.877,0.036
2535.59241,12.153,0.04
2540.5298,11.869,0.048
2540.64807,12.22,0.043
2543.6195,11.902,0.056
2544.53055,11.902,0.046
2544.64447,11.845,0.035
2545.56805,11.762,0.033
2554.64111,12.042,0.049
2556.64784,11.999,0.055
2561.50514,12.013,0.035
2562.55901,12.076,0.04
2563.585,11.88,0.037
2564.54265,11.842,0.042
2564.59847,11.879,0.04
2565.58446,11.933,0.042
2565.62417,12.075,0.041
2578.55039,11.894,0.042
2578.55972,11.893,0.041
2687.89031,12.035,0.046
2694.87909,11.884,0.037
2699.88436,12.101,0.036
2703.87769,11.929,0.036
2703.89776,11.939,0.031
2706.87217,11.953,0.037
2709.86683,11.904,0.034
2712.86125,12.132,0.034
2717.88328,12.078,0.037
2720.85661,11.786,0.035
2726.83071,11.896,0.034
2728.86805,11.809,0.038
2730.8935,12.072,0.036
2730.9098,11.98,0.033
2734.81672,11.781,0.033
2736.85096,12.124,0.037
2736.858,12.044,0.036
2738.85437,11.854,0.035
2738.85672,11.885,0.033
2740.8692,11.844,0.033
2742.85461,12.151,0.035
2742.85696,12.184,0.035
2744.84877,11.926,0.035
2749.86657,12.135,0.037
2754.82457,11.912,0.04
2754.84061,11.99,0.036
2756.83012,12.124,0.039
2756.84142,12.087,0.035
2758.85301,11.812,0.032
2758.85972,11.745,0.032
2760.81042,11.845,0.037
2760.82003,11.916,0.041
2764.80244,11.937,0.037
2764.81372,11.927,0.037
2770.85301,11.805,0.034
2775.84739,11.954,0.037
2782.82652,11.942,0.034
2786.74478,11.882,0.036
2786.75676,11.835,0.046
2790.76991,11.892,0.035
2790.77642,11.913,0.038
2802.80439,11.879,0.046
2804.68921,11.822,0.039
2808.76018,11.947,0.033
2808.85901,11.832,0.033
2810.68065,11.862,0.045
2810.70545,11.888,0.037
2812.65997,11.809,0.038
2812.67413,11.827,0.038
2814.82662,11.817,0.037
2814.84025,11.882,0.044
2818.89341,11.926,0.034
2819.73743,12.176,0.039
2821.67855,12.192,0.039
2821.73117,11.914,0.035
2826.70984,12.141,0.034
2830.65699,11.844,0.033
2830.77529,12.147,0.038
2832.61669,11.831,0.037
2835.69768,11.865,0.035
2836.6243,11.884,0.039
2838.69087,11.945,0.042
2838.8273,11.962,0.033
2840.75215,11.898,0.034
2840.88586,11.983,0.043
2843.67415,11.867,0.042
2845.82406,11.87,0.04
2851.64895,11.919,0.034
2853.59679,12.095,0.037
2853.77206,11.828,0.033
2854.8317,12.099,0.033
2855.66568,11.773,0.048
2858.6175,11.981,0.037
2862.62164,11.831,0.037
2866.62217,12.17,0.036
2866.69147,11.887,0.035
2867.70915,11.829,0.036
2867.74897,11.847,0.036
2872.58826,12.199,0.035
2872.71034,11.88,0.045
2874.76358,12.04,0.035
2875.71167,11.999,0.036
2877.67989,12.144,0.034
2878.64577,12.197,0.04
2879.72302,11.834,0.034
2883.52025,11.844,0.034
2883.57325,11.959,0.037
2884.70414,11.95,0.035
2884.73189,11.876,0.048
2886.54298,12.158,0.036
2892.53434,12.149,0.049
2892.69448,11.817,0.039
2894.60138,11.848,0.038
2895.72162,12.066,0.033
2897.72401,11.884,0.033
2899.69132,11.755,0.044
2902.4921,11.844,0.035
2904.64615,11.919,0.05
2906.64157,11.859,0.049
2908.50825,11.84,0.035
2909.64417,12.088,0.04
2910.52074,11.941,0.034
2911.59729,12.023,0.053
2911.69978,11.831,0.034
2916.51089,11.925,0.05
2917.48944,11.985,0.037
2917.60858,12.009,0.036
2921.49119,11.811,0.039
2921.59839,12.083,0.035
2923.51071,12.041,0.038
2923.58816,12.188,0.04
2926.58662,11.758,0.044
2928.52632,12.021,0.048
2928.58857,12.168,0.038
2930.53189,12.103,0.05
2930.5839,11.941,0.032
2932.53266,11.862,0.039
2932.58218,11.822,0.032
2934.57837,11.978,0.033
2936.52931,12.28,0.045
2939.53682,11.798,0.034
2939.58244,11.859,0.034
2944.50735,11.934,0.052
2944.51893,11.979,0.048
2945.601,11.899,0.035
2948.58003,12.057,0.034
2949.54316,11.99,0.035
2951.52464,11.865,0.038
2953.56536,12.006,0.038
2955.57405,12.013,0.034
2956.55205,11.887,0.033
2958.5261,11.779,0.033
2961.52275,12.137,0.034
2963.52502,11.942,0.036
2964.51632,11.814,0.035
2965.54053,11.928,0.035
2971.5136,11.788,0.036
2971.51571,11.808,0.036
3057.89419,11.85,0.041
3069.90312,11.921,0.041
3070.88659,11.909,0.041
3074.87966,11.872,0.036
3074.88226,11.94,0.035
3081.87429,11.892,0.04
3087.87836,11.91,0.035
3087.88356,11.876,0.035
3091.86692,12.083,0.036
3091.87437,12.057,0.037
3097.85319,12.058,0.034
3097.85828,12.139,0.034
3101.84338,12.239,0.035
3101.84842,11.834,0.035
3104.86954,12.116,0.046
3104.87201,12.136,0.044
3108.83427,11.825,0.034
3109.83548,11.92,0.033
3112.87389,11.883,0.035
3114.89478,11.89,0.035
3115.85899,11.908,0.031
3118.87428,11.919,0.034
3122.89719,12.201,0.033
3125.80074,12.038,0.034
3125.84777,11.895,0.034
3127.83435,11.806,0.04
3128.82374,11.923,0.036
3130.82,12.087,0.035
3131.79562,11.983,0.034
3142.79106,12.123,0.033
3142.80669,12.198,0.034
3146.7502,11.807,0.032
3146.76044,11.842,0.031
3152.87164,11.894,0.036
3154.68783,11.86,0.033
3154.77402,11.846,0.033
3157.88817,11.849,0.046
3159.79412,11.828,0.042
3159.79893,11.863,0.041
3162.83414,12.026,0.04
3162.83905,11.91,0.034
3165.73765,11.838,0.04
3168.78021,12.18,0.035
3168.78779,12.112,0.037
3170.87424,11.895,0.034
3176.78136,11.908,0.033
3176.79923,11.81,0.039
3179.71491,11.834,0.031
3182.72222,12.182,0.031
3182.72706,12.168,0.033
3184.70247,11.854,0.035
3184.72501,11.862,0.033
3186.77016,12.083,0.035
3189.86196,11.834,0.036
3191.9053,12.249,0.047
3266.52515,12.173,0.034
3266.54772,12.149,0.036
3272.5278,12.075,0.035
3292.55263,12.009,0.044
3424.89639,11.849,0.052
3432.89867,11.884,0.048
3444.85777,11.786,0.043
3447.88954,12.234,0.041
3452.87085,12.002,0.036
3455.84428,11.995,0.042
3458.86846,11.943,0.038
3464.84916,11.883,0.039
3468.85379,11.929,0.037
3472.87103,12.222,0.037
3475.89802,11.777,0.038
3478.84646,12.186,0.037
3481.82607,11.887,0.04
3484.8481,12.127,0.048
3491.89635,12.045,0.039
3502.79812,11.843,0.04
3506.80603,11.912,0.038
3509.83187,12.113,0.035
3512.74116,12.122,0.037
3521.85118,11.993,0.048
3524.74127,12.075,0.041
3526.79629,11.804,0.038
3528.85278,12.206,0.046
3542.6971,11.858,0.038
3550.73387,12.038,0.039
3552.75686,11.847,0.039
3555.75445,12.085,0.039
3558.89572,12.065,0.044
3561.6557,11.855,0.039
3563.6999,12.644,0.034
3568.83591,11.895,0.035
3573.67455,11.781,0.038
3575.69066,12.128,0.038
3577.71565,11.876,0.039
3581.84144,11.885,0.036
3584.63248,11.935,0.034
3586.64872,11.854,0.033
3590.7412,11.797,0.033
3592.74525,12.075,0.039
3602.60434,12.109,0.035
3609.55126,12.16,0.045
3616.5475,12.177,0.039
3618.65761,11.96,0.044
3620.63837,12.171,0.038
3622.70813,11.839,0.036
3628.52352,12.098,0.037
3630.59048,11.878,0.039
3632.5963,11.953,0.034
3637.63793,11.949,0.042
3641.59744,11.961,0.034
3643.64924,11.983,0.04
3646.64741,11.995,0.038
3649.5662,11.794,0.05
3655.49622,12.077,0.044
3657.56914,11.857,0.036
3659.62074,11.94,0.038
3664.54065,11.929,0.036
3668.52089,11.829,0.034
3670.57453,12.029,0.035
3673.53127,12.036,0.035
3676.52708,11.818,0.034
3796.8929,12.07,0.041
3800.89348,11.844,0.042
3804.88802,11.933,0.045
3808.89136,12.384,0.042
3812.88623,11.845,0.035
3820.86132,12.006,0.038
3823.89596,11.818,0.038
3827.85199,12.081,0.039
3831.84421,11.852,0.036
3834.87341,12.19,0.034
3847.91676,11.946,0.044
3850.84342,11.787,0.039
3853.83389,12.136,0.037
3856.82516,11.737,0.042
3859.81883,12.097,0.037
3862.80933,11.939,0.044
3864.81126,11.85,0.045
3866.83017,12.182,0.038
3868.8383,11.841,0.037
3874.79704,11.885,0.036
3877.77861,12.03,0.04
3880.83488,11.942,0.034
3883.83539,12.005,0.04
3887.79087,11.893,0.038
3892.73383,12.201,0.035
3894.72589,11.927,0.038
3901.77843,11.749,0.039
3903.78094,12.073,0.037
4161.89044,11.811,0.037
4179.88074,11.806,0.044
4182.90655,12.134,0.041
4186.90931,11.856,0.044
4190.85908,12.173,0.036
4193.8675,11.856,0.038
4203.85701,12.027,0.038
4207.88898,12.102,0.035
4212.91638,11.935,0.042
4216.86249,11.812,0.035
4229.87698,11.852,0.038
4231.87819,11.952,0.036
4234.80314,12.095,0.036
4246.74879,11.934,0.039
4250.79171,11.863,0.037
4256.80578,11.836,0.035
4266.77203,12.097,0.037
4269.69919,11.897,0.038
4272.75949,12.316,0.035
4274.75394,11.942,0.038
4277.71395,11.82,0.033
4283.73177,11.752,0.039
4285.72256,12.117,0.038
4289.71799,11.817,0.035
4291.72009,12.028,0.036
4293.70882,12.014,0.037
4295.72158,11.842,0.038
4297.71203,11.845,0.046
4299.68512,12.122,0.036
4301.6771,11.867,0.037
4303.68157,11.834,0.04
4305.67364,12.138,0.036
4307.64646,12.015,0.035
4311.65442,12.058,0.037
4316.75127,12.136,0.034
4319.70191,11.834,0.035
4329.59742,11.833,0.039
4331.58979,12.029,0.042
4332.75401,11.853,0.035
4338.57914,12.051,0.048
4340.63377,11.919,0.037
4342.62973,11.944,0.038
4344.62935,12.21,0.041
4346.62651,11.84,0.035
4348.62817,11.907,0.038
4350.63279,12.17,0.037
4353.52651,12.024,0.037
4355.61622,12.276,0.035
4357.6204,12.105,0.039
4359.60123,11.878,0.035
4361.57222,11.847,0.037
4367.49605,11.841,0.039
4369.55516,11.986,0.037
4371.57072,11.952,0.036
4373.58115,11.796,0.037
4376.57064,12.17,0.035
4378.58697,11.878,0.038
4380.61427,11.995,0.038
4382.63402,11.99,0.035
4385.53325,11.933,0.041
4387.5355,11.877,0.039
4393.50168,11.796,0.043
4399.55356,11.838,0.037
4402.58569,12.022,0.036
4407.50743,11.936,0.039
4413.55094,12.05,0.036
4420.50861,12.097,0.05
4426.51541,11.994,0.043
4430.51616,11.788,0.038
4520.89498,12.068,0.047
4525.89037,12.047,0.039
4530.8938,11.898,0.038
4537.89177,12.026,0.039
4541.8833,11.845,0.037
4545.88212,12.139,0.041
4558.84659,12.09,0.037
4561.8765,11.817,0.035
4565.84933,11.999,0.034
4568.87891,12.053,0.042
4571.89234,11.886,0.036
4574.83634,11.763,0.044
4577.86417,12.087,0.039
4580.86199,11.879,0.034
4585.87652,11.823,0.036
4588.8509,12.084,0.037
4591.8434,11.922,0.043
4594.81316,11.922,0.036
4597.80847,11.972,0.036
4602.81408,12.216,0.036
4606.83819,11.872,0.041
4611.83118,11.805,0.035
4615.83348,12.036,0.038
4617.78215,11.9,0.04
4621.7644,12.111,0.046
4623.82716,11.825,0.037
4626.6739,11.778,0.043
4630.71827,11.992,0.037
4632.71831,11.775,0.034
4638.79751,11.877,0.039
4640.76895,12.237,0.036
4642.75579,11.941,0.037
4644.77929,11.816,0.042
4647.67983,11.988,0.039
4649.71942,11.959,0.045
4651.7507,11.858,0.035
4653.75022,12.128,0.035
4655.7146,11.937,0.033
4657.74764,11.879,0.034
4660.75574,12.062,0.035
4666.6832,12.026,0.038
4671.86001,11.95,0.036
4674.61569,12.166,0.038
4677.69342,11.865,0.041
4679.69795,12.111,0.036
4682.67374,11.809,0.048
4684.68307,11.94,0.043
4686.62568,12.09,0.04
4697.61031,11.821,0.038
4701.60809,11.939,0.037
4703.6142,11.779,0.04
4705.64629,12.17,0.049
4708.60199,11.886,0.039
4710.61817,11.903,0.046
4715.5728,11.817,0.04
4720.72601,11.84,0.039
4724.54003,11.889,0.037
4726.59736,12.006,0.042
4729.59043,11.909,0.04
4731.61205,12.162,0.041
4734.63814,11.845,0.043
4738.67975,11.788,0.042
4741.58949,11.903,0.037
4743.60789,12.095,0.044
4748.49238,11.827,0.039
4750.60955,12.095,0.044
4753.57373,11.818,0.041
4755.60015,12.051,0.045
4758.56206,11.907,0.045
4764.54897,12,0.041
4767.54522,11.814,0.042
4770.52897,12.18,0.045
4775.52271,11.883,0.041
4777.56518,11.908,0.041
4782.51036,12.118,0.046
4785.51885,11.791,0.042
4796.51598,12.049,0.052
4906.87227,12.179,0.044
4916.90704,11.86,0.045
4920.8762,11.987,0.043
4940.83623,11.924,0.048
4947.85376,11.806,0.045
4962.81669,11.874,0.046
4969.78924,11.916,0.043
4973.74771,11.897,0.049
4975.90478,12.072,0.044
4984.80922,11.926,0.046
4988.77451,11.913,0.042
4993.78773,11.817,0.041
5006.76197,11.812,0.05
5014.7228,11.908,0.04
5021.71125,12.013,0.042
5023.71531,11.936,0.042
5031.68112,11.804,0.046
5038.65957,11.847,0.048
5042.65258,12.18,0.047
5048.63585,12.166,0.044
5067.5792,12.044,0.059
5075.56225,12.18,0.043
5082.65824,11.826,0.047
5084.6963,12.038,0.046
5087.52812,12.062,0.057
5089.5814,11.817,0.046
5093.63905,12.031,0.051
5097.64961,12.101,0.047
5103.52364,11.785,0.045
5106.52268,12.075,0.047
