1963.89782,11.893,0.047
1966.88819,11.793,0.05
1978.89529,11.706,0.053
1980.84885,11.87,0.05
1980.8766,11.785,0.051
1982.86432,11.851,0.052
1984.85295,11.748,0.052
1996.85504,11.838,0.054
1997.85886,11.839,0.05
1998.84738,11.708,0.049
2000.84957,11.966,0.048
2011.80659,11.935,0.059
2016.80321,11.782,0.05
2017.86531,11.832,0.056
2020.80831,12.029,0.056
2026.77931,11.878,0.043
2027.81524,11.897,0.045
2027.83721,11.901,0.043
2030.82237,11.696,0.043
2030.86274,11.758,0.044
2031.82047,11.822,0.047
2031.84915,11.762,0.044
2032.80252,11.799,0.043
2032.90093,11.837,0.046
2033.81842,11.849,0.042
2033.84497,11.841,0.041
2037.79788,11.708,0.047
2052.75825,12.081,0.049
2052.77571,11.874,0.043
2053.7666,11.964,0.046
2053.79384,11.96,0.045
2054.76143,11.939,0.051
2054.79249,11.875,0.045
2055.75009,11.848,0.05
2055.7743,11.748,0.045
2056.74903,11.744,0.049
2056.77556,11.75,0.045
2057.74718,11.74,0.047
2057.77863,11.716,0.044
2058.74619,11.801,0.048
2058.76827,11.803,0.046
2061.74163,11.843,0.047
2061.80314,11.824,0.043
2064.79209,11.878,0.048
2064.81193,11.712,0.049
2065.71157,11.887,0.053
2065.75271,11.835,0.046
2080.6645,11.887,0.045
2081.69415,11.869,0.048
2081.7164,11.792,0.043
2082.72778,11.739,0.046
2083.72308,11.778,0.048
2085.68977,11.869,0.048
2085.71001,11.863,0.042
2086.72514,11.865,0.043
2087.67955,11.868,0.047
2087.69734,11.84,0.044
2088.67615,11.751,0.049
2088.69864,11.75,0.043
2093.62907,11.829,0.048
2094.61558,11.813,0.046
2102.63359,11.753,0.046
2103.65115,11.809,0.046
2103.66247,11.763,0.042
2104.65053,11.815,0.043
2104.67085,11.839,0.044
2105.64246,11.967,0.046
2105.67189,11.868,0.042
2106.66147,11.911,0.043
2109.63837,11.799,0.043
2114.69454,11.733,0.043
2114.76658,11.78,0.042
2115.63004,11.717,0.046
2115.6462,11.726,0.04
2116.61336,11.721,0.048
2116.64288,11.77,0.042
2117.62749,11.844,0.045
2128.56304,11.773,0.046
2128.58594,11.66,0.045
2129.59813,11.718,0.048
2129.60756,11.735,0.044
2130.59597,11.836,0.045
2130.61657,11.798,0.043
2131.58406,11.893,0.047
2131.60018,11.892,0.043
2132.60609,11.922,0.045
2133.58404,11.831,0.044
2133.60019,11.821,0.04
2134.58696,11.775,0.05
2134.61358,11.701,0.049
2135.58321,11.773,0.044
2135.59719,11.722,0.057
2136.58719,11.795,0.048
2136.59667,11.754,0.046
2140.56708,11.834,0.051
2140.57664,11.83,0.047
2141.57424,11.761,0.045
2141.59495,11.723,0.044
2142.56628,11.741,0.042
2143.56676,11.82,0.045
2143.58079,11.787,0.044
2144.55775,11.922,0.044
2144.57402,11.895,0.043
2145.55548,11.973,0.045
2145.57854,11.895,0.039
2156.5701,11.808,0.045
2167.50154,11.74,0.035
2167.51118,11.713,0.035
2169.52753,11.772,0.036
2171.49397,11.991,0.042
2172.5189,11.856,0.036
2173.50514,11.792,0.039
2184.48598,11.977,0.048
2184.50112,11.952,0.042
2187.50362,11.714,0.037
2187.52153,11.71,0.044
2190.52249,11.844,0.039
2192.55458,11.798,0.037
2193.50468,11.753,0.042
2194.55804,11.722,0.037
2196.51119,11.865,0.045
2197.50667,11.949,0.041
2199.50248,11.775,0.045
2202.56331,11.778,0.055
2207.5029,11.795,0.043
2212.55587,11.74,0.046
2213.5105,11.731,0.054
2216.5028,11.904,0.057
2442.70023,11.824,0.043
2442.72474,11.758,0.039
2443.71996,11.802,0.039
2444.7287,11.892,0.042
2446.70229,11.923,0.045
2446.71787,11.851,0.053
2453.67845,11.706,0.055
2453.76219,11.745,0.046
2464.65331,11.985,0.039
2464.67583,11.858,0.037
2465.66141,11.963,0.04
2465.67278,11.874,0.039
2466.64519,11.842,0.042
2466.6724,11.808,0.04
2467.64903,11.78,0.038
2467.66487,11.737,0.037
2468.64819,11.851,0.038
2468.66181,11.694,0.041
2470.59768,11.955,0.039
2473.61484,11.803,0.041
2473.6444,11.832,0.039
2474.65716,11.866,0.048
2474.68444,11.817,0.056
2481.60106,11.809,0.046
2481.63292,11.783,0.046
2482.63546,11.848,0.046
2482.64923,11.79,0.041
2486.60611,11.797,0.046
2486.62215,11.855,0.041
2487.64345,11.942,0.063
2489.61854,11.917,0.044
2489.65351,11.794,0.043
2490.63487,11.971,0.046
2491.59761,11.978,0.054
2491.62497,11.796,0.049
2493.59301,11.854,0.041
2493.60916,11.887,0.043
2494.60285,11.926,0.05
2495.59556,11.811,0.041
2495.61396,11.853,0.039
2497.59284,12.017,0.038
2497.60681,12.069,0.039
2498.58989,11.918,0.039
2498.59717,11.917,0.039
2499.57902,11.85,0.04
2499.60199,11.775,0.045
2501.58732,11.78,0.04
2501.59904,11.762,0.042
2502.58959,11.891,0.047
2502.60582,11.761,0.04
2503.58976,11.932,0.057
2503.60822,11.826,0.04
2508.53285,11.853,0.042
2508.61167,11.852,0.043
2510.60665,11.926,0.045
2511.56874,11.88,0.042
2511.6499,11.954,0.05
2512.62645,11.81,0.052
2519.64044,11.847,0.038
2520.63575,11.841,0.04
2521.64274,11.858,0.04
2526.49975,11.689,0.042
2529.54663,12.048,0.053
2535.55151,11.96,0.044
2535.5545,11.915,0.051
2540.58533,11.739,0.057
2543.64994,11.918,0.048
2544.58869,11.887,0.045
2545.63045,11.889,0.04
2545.63346,11.778,0.042
2551.55883,11.849,0.059
2552.61594,11.791,0.058
2556.55759,11.849,0.059
2562.4965,11.928,0.043
2562.49953,12.049,0.045
2563.55946,11.93,0.044
2563.5625,11.87,0.044
2564.57985,11.801,0.047
2564.58289,11.796,0.045
2568.51745,12.022,0.044
2578.55791,11.731,0.046
2701.89346,11.795,0.043
2711.88584,11.869,0.042
2714.88073,11.768,0.04
2722.83147,11.886,0.044
2730.85111,11.913,0.04
2734.82828,11.796,0.047
2736.87841,11.779,0.043
2738.85906,11.893,0.04
2738.87697,11.832,0.041
2740.87152,11.845,0.04
2741.83228,11.768,0.042
2743.88054,11.837,0.046
2747.89641,11.623,0.045
2754.85393,11.758,0.04
2756.8598,11.816,0.042
2758.84862,12.009,0.042
2758.89701,12.007,0.04
2760.87802,11.883,0.051
2764.82718,11.916,0.041
2775.88117,11.941,0.055
2782.88132,11.801,0.04
2782.88771,11.841,0.039
2784.79881,11.956,0.044
2786.77265,11.827,0.048
2790.79004,11.917,0.044
2791.81274,11.918,0.057
2802.88499,11.841,0.052
2804.72428,11.824,0.047
2808.76946,11.842,0.041
2808.82086,11.832,0.041
2810.67859,12.011,0.04
2812.69506,11.819,0.044
2814.83363,11.912,0.042
2814.86581,11.808,0.05
2818.92007,11.886,0.041
2821.66903,11.92,0.044
2821.6995,11.771,0.042
2829.68573,12.027,0.047
2830.76367,11.933,0.039
2830.78565,11.882,0.038
2835.69336,11.913,0.041
2835.71705,11.902,0.041
2838.68656,11.853,0.04
2838.70804,11.767,0.037
2840.74309,11.856,0.038
2841.84808,11.874,0.041
2851.66061,11.832,0.039
2851.67491,11.88,0.037
2853.78444,11.718,0.046
2853.79612,11.691,0.041
2855.68906,11.906,0.053
2858.72817,11.849,0.04
2862.61952,11.924,0.044
2866.62005,11.817,0.039
2867.57518,11.855,0.041
2867.70702,11.874,0.04
2872.59822,11.857,0.039
2872.61494,11.828,0.04
2875.62438,11.972,0.04
2876.67298,11.946,0.042
2877.6125,11.887,0.04
2878.65092,11.743,0.041
2879.61316,11.8,0.039
2884.60134,11.931,0.04
2886.55497,11.813,0.04
2892.59198,11.777,0.048
2892.61207,11.762,0.042
2893.6917,11.892,0.041
2895.65177,11.934,0.039
2897.66095,11.86,0.041
2897.67558,11.874,0.04
2899.64055,11.846,0.049
2902.49514,11.919,0.044
2909.6651,11.958,0.039
2911.62562,11.85,0.042
2917.49867,11.85,0.045
2921.51279,11.855,0.043
2926.52531,11.882,0.04
2928.53308,11.976,0.041
2930.53897,11.795,0.04
2932.53975,11.886,0.04
2934.53772,11.966,0.04
2939.54372,11.937,0.041
2944.51638,11.723,0.045
2946.5428,11.984,0.04
2949.54554,11.906,0.041
2954.52765,11.963,0.039
2957.51736,11.79,0.04
2964.51851,11.852,0.04
3069.89266,11.924,0.043
3071.89731,11.865,0.047
3074.88469,11.82,0.042
3075.89548,11.895,0.042
3082.87212,11.809,0.043
3082.88712,11.849,0.043
3092.87191,11.877,0.041
3097.9064,11.897,0.051
3101.84598,11.817,0.047
3101.89155,11.845,0.041
3102.88746,11.936,0.04
3104.87729,12.02,0.041
3109.83815,11.893,0.039
3109.86053,11.985,0.047
3113.84551,11.781,0.041
3115.85398,11.995,0.041
3122.90733,11.963,0.04
3125.85776,11.863,0.04
3127.82657,11.733,0.044
3128.8387,11.847,0.041
3130.80988,11.895,0.039
3131.83229,11.849,0.046
3141.81831,11.867,0.041
3142.78613,11.916,0.04
3146.7478,11.875,0.04
3153.81812,11.857,0.038
3158.81896,11.908,0.041
3159.73482,11.77,0.047
3165.72977,11.882,0.041
3169.72754,11.909,0.042
3170.8697,11.951,0.041
3173.71962,11.781,0.053
3176.7841,11.916,0.047
3179.69142,11.793,0.038
3180.79477,11.841,0.04
3182.70194,11.989,0.038
3187.73567,12.12,0.043
3266.55028,12.011,0.038
3266.65341,12.023,0.041
3272.51011,11.89,0.047
3273.52653,11.877,0.046
3275.64067,11.947,0.047
3277.58385,11.847,0.045
3293.60509,11.912,0.043
3444.89599,11.96,0.033
3449.88029,11.961,0.038
3453.86285,11.798,0.038
3456.88764,11.964,0.034
3459.89814,11.768,0.044
3465.8639,11.841,0.03
3468.89209,11.999,0.032
3472.8814,11.806,0.034
3472.89938,11.86,0.035
3476.86636,12.03,0.034
3479.92134,11.854,0.033
3482.90968,11.906,0.035
3487.89965,11.945,0.038
3491.9261,11.808,0.038
3496.86584,11.858,0.032
3500.84871,11.963,0.045
3503.82376,11.913,0.037
3506.87181,11.888,0.034
3509.89472,11.872,0.032
3520.77815,11.967,0.042
3524.84012,11.853,0.045
3530.7568,11.932,0.034
3538.78537,11.842,0.034
3540.78645,12.025,0.038
3550.7725,11.853,0.033
3553.71625,12.024,0.032
3555.83941,11.885,0.037
3559.69138,11.932,0.044
3563.77957,11.833,0.032
3570.65278,11.858,0.034
3573.70334,11.888,0.038
3575.71651,11.838,0.034
3577.7408,11.833,0.045
3582.81824,12.05,0.042
3582.82443,11.756,0.049
3583.74017,11.798,0.033
3585.77327,11.933,0.038
3587.80566,11.894,0.033
3589.63986,11.784,0.044
3590.62291,11.881,0.043
3591.70371,11.878,0.056
3596.63084,11.809,0.036
3601.62046,11.876,0.041
3603.62357,11.843,0.031
3606.62834,11.905,0.035
3609.53677,11.891,0.054
3617.62722,11.916,0.041
3617.63497,11.87,0.038
3619.5599,11.967,0.053
3619.56758,11.963,0.041
3619.70974,12.024,0.036
3619.71912,11.933,0.046
3621.62142,11.915,0.051
3622.52588,11.837,0.038
3622.53355,11.758,0.036
3628.58316,11.86,0.035
3630.59835,11.854,0.043
3630.61987,11.793,0.042
3630.65186,11.907,0.034
3630.65768,11.846,0.037
3632.60654,12.066,0.041
3632.65417,12.07,0.034
3632.66005,12.037,0.039
3634.68791,11.787,0.043
3637.68513,11.956,0.038
3641.61406,11.836,0.032
3641.62473,11.826,0.031
3643.5188,11.771,0.047
3643.66853,11.944,0.039
3644.53665,11.84,0.042
3647.57547,11.866,0.033
3647.65092,11.913,0.034
3649.54439,11.817,0.046
3650.51971,11.894,0.033
3655.50937,11.783,0.046
3656.51084,11.786,0.049
3656.51697,11.846,0.046
3657.58462,12.015,0.042
3657.59,11.961,0.031
3658.58584,11.993,0.038
3660.52743,12.021,0.044
3660.53261,12.075,0.048
3660.59585,11.843,0.043
3660.61085,12.7,0.042
3662.56411,11.851,0.04
3663.51953,11.861,0.032
3664.57259,11.968,0.033
3665.55664,11.899,0.033
3668.55265,11.807,0.031
3669.54655,11.78,0.032
3671.53722,11.985,0.031
3671.54614,12.024,0.04
3671.57695,11.984,0.033
3673.53664,11.967,0.043
3673.56743,11.897,0.034
3674.56019,11.819,0.033
3676.52956,11.872,0.045
3676.54106,11.923,0.032
3676.54448,11.872,0.039
3677.54399,11.944,0.032
3699.52221,12.011,0.033
3701.52193,11.827,0.043
3704.52065,11.938,0.042
3805.88078,11.873,0.033
3806.89645,11.829,0.033
3810.90474,11.801,0.034
3814.89473,11.899,0.034
3820.89706,12.014,0.032
3824.88359,11.745,0.035
3828.87261,11.946,0.033
3832.85472,11.952,0.033
3835.8473,11.871,0.033
3836.85504,11.834,0.035
3849.83694,11.829,0.031
3852.86595,11.938,0.033
3861.82739,11.945,0.032
3863.81226,11.892,0.034
3863.86571,11.867,0.042
3865.88312,11.949,0.033
3867.80633,12.034,0.044
3867.84306,11.979,0.031
3869.8263,11.852,0.034
3874.87137,11.916,0.038
3877.79862,11.843,0.03
3880.88596,12.03,0.031
3887.80264,11.941,0.035
3892.75792,12.011,0.033
3894.74095,11.988,0.032
3903.81888,11.815,0.033
3905.85837,11.988,0.043
3908.73493,11.878,0.04
4176.89116,11.804,0.036
4180.88838,12.106,0.04
4189.90452,11.841,0.036
4192.89725,12.001,0.038
4203.88972,11.86,0.035
4207.91944,11.955,0.037
4215.89108,11.851,0.039
4230.89539,11.836,0.037
4233.83786,12.04,0.035
4247.79306,11.873,0.038
4258.73582,12.067,0.036
4272.72956,12.02,0.037
4274.76789,11.811,0.035
4277.72377,11.913,0.033
4284.75897,11.98,0.037
4286.7573,11.959,0.042
4292.74082,11.922,0.032
4296.75159,11.988,0.041
4298.75246,12.067,0.039
4304.66971,11.889,0.038
4306.67418,11.89,0.035
4311.79802,12.065,0.038
4314.79949,11.795,0.04
4317.61144,11.962,0.032
4330.62045,11.915,0.04
4332.61688,11.916,0.041
4334.61123,11.848,0.038
4339.60375,11.818,0.039
4341.60379,11.91,0.036
4343.61075,12.031,0.044
4345.61668,11.872,0.042
4347.62128,11.762,0.039
4349.62096,12.01,0.046
4351.62041,11.964,0.044
4354.58619,11.872,0.033
4356.60506,11.951,0.033
4358.58842,11.939,0.036
4360.5715,11.808,0.034
4367.56441,11.866,0.038
4369.59401,12.044,0.038
4371.61308,11.799,0.04
4373.62511,11.818,0.032
4376.61733,11.971,0.034
4378.63357,11.853,0.036
4381.54879,11.907,0.042
4383.59358,11.913,0.036
4387.63989,11.896,0.036
4402.56037,12.014,0.035
4407.56953,11.949,0.04
4410.56257,11.867,0.033
4428.52484,11.983,0.044
4432.5148,11.81,0.033
4547.88996,11.829,0.035
4551.87942,11.971,0.037
4558.86054,11.937,0.033
4562.86284,11.821,0.037
4570.85086,11.883,0.033
4573.8787,11.801,0.035
4576.87875,12.007,0.036
4580.83971,11.836,0.036
4586.86354,11.858,0.038
4589.85399,11.858,0.037
4592.83348,11.87,0.038
4595.82441,11.969,0.034
4600.86103,11.757,0.04
4602.84525,11.926,0.034
4607.77864,11.794,0.036
4616.93433,11.986,0.042
4623.76832,11.998,0.036
4627.79247,11.771,0.034
4629.77342,11.921,0.032
4631.79579,11.896,0.037
4633.78296,11.849,0.043
4639.77555,11.751,0.038
4641.78347,11.851,0.035
4643.77445,11.951,0.044
4645.82151,11.856,0.048
4648.69977,12.256,0.039
4650.74561,11.96,0.034
4652.75683,11.803,0.03
4654.74484,11.82,0.036
4656.72906,11.921,0.043
4660.66928,11.777,0.031
4662.70423,12.019,0.036
4667.70247,11.887,0.033
4672.77542,11.829,0.039
4675.78226,11.926,0.032
4678.799,11.871,0.047
4681.71088,11.99,0.044
4683.76227,11.899,0.037
4685.68211,11.808,0.04
4687.66529,11.881,0.042
4694.63655,11.88,0.037
4697.7398,11.801,0.035
4701.70775,11.867,0.035
4703.71254,11.95,0.032
4706.62091,11.837,0.041
4709.58825,11.969,0.048
4716.60338,11.985,0.035
4721.69668,11.987,0.038
4724.67896,11.807,0.037
4730.53463,11.841,0.035
4733.56258,11.944,0.034
4736.66197,11.929,0.035
4739.62174,11.796,0.035
4754.61848,12.044,0.041
4757.54911,11.842,0.047
4760.54402,11.883,0.039
4763.54252,11.773,0.047
4766.52767,11.89,0.045
4769.5237,11.943,0.042
4776.52869,11.809,0.05
4776.53411,11.9,0.046
4778.56403,11.769,0.039
4783.53274,11.899,0.049
4786.52496,11.925,0.041
4793.51657,11.989,0.051
4798.52707,11.917,0.05
4929.91113,11.845,0.04
4945.84511,11.9,0.037
4948.87372,11.961,0.038
4951.86391,11.921,0.038
4954.85454,11.869,0.04
4967.88979,11.918,0.043
4974.80612,11.934,0.045
4985.75336,11.892,0.044
4989.77516,12.017,0.043
4994.8257,11.885,0.043
5006.86561,11.844,0.048
5014.75295,11.982,0.044
5022.73402,12.048,0.047
5037.67706,11.961,0.041
5039.6578,11.863,0.042
5041.64474,11.972,0.038
5063.68595,11.951,0.048
5070.74373,11.776,0.041
5083.68165,11.86,0.053
5087.7055,12.018,0.045
5092.64064,11.893,0.045
5098.56105,12.002,0.045
