1963.89782,10.733,0.041
1964.8929,10.683,0.038
1966.88819,10.741,0.036
1978.89529,10.632,0.041
1980.84885,10.634,0.043
1980.8766,10.623,0.04
1982.86432,10.689,0.04
1984.85295,10.718,0.039
1996.85504,10.686,0.046
1997.85886,10.722,0.05
1998.84738,10.735,0.051
2000.84957,10.672,0.046
2009.81536,10.684,0.059
2011.80659,10.655,0.057
2016.80321,10.592,0.052
2017.86531,10.678,0.057
2020.80831,10.693,0.057
2025.84309,10.713,0.042
2026.77931,10.722,0.036
2026.85166,10.666,0.054
2027.81524,10.673,0.05
2027.83721,10.71,0.042
2030.82237,10.687,0.047
2030.86274,10.679,0.041
2031.82047,10.655,0.052
2031.84915,10.661,0.045
2032.80252,10.631,0.045
2032.90093,10.672,0.043
2033.81842,10.61,0.043
2033.84497,10.634,0.038
2037.77358,10.691,0.059
2037.79788,10.633,0.045
2052.75825,10.713,0.057
2052.77571,10.689,0.041
2053.7666,10.738,0.054
2053.79384,10.72,0.043
2054.76143,10.743,0.064
2054.79249,10.726,0.044
2055.75009,10.732,0.061
2055.7743,10.745,0.046
2056.74903,10.699,0.058
2056.77556,10.74,0.044
2057.74718,10.765,0.053
2057.77863,10.72,0.043
2058.74619,10.746,0.058
2058.76827,10.723,0.046
2061.74163,10.675,0.058
2061.80314,10.69,0.04
2064.79209,10.677,0.064
2064.81193,10.758,0.055
2065.71157,10.699,0.059
2065.75271,10.651,0.048
2070.78755,10.67,0.063
2080.6645,10.607,0.044
2081.69415,10.636,0.055
2081.7164,10.591,0.039
2082.70085,10.625,0.053
2082.72778,10.595,0.045
2083.72308,10.67,0.05
2085.68977,10.716,0.056
2085.71001,10.689,0.041
2086.69565,10.701,0.054
2086.72514,10.727,0.043
2087.67955,10.73,0.055
2087.69734,10.724,0.046
2088.67615,10.734,0.056
2088.69864,10.742,0.043
2093.62907,10.782,0.049
2094.61558,10.804,0.046
2102.63359,10.71,0.054
2103.65115,10.665,0.054
2103.66247,10.704,0.043
2104.65053,10.661,0.048
2104.67085,10.672,0.042
2105.64246,10.66,0.048
2105.67189,10.672,0.042
2106.66147,10.668,0.045
2109.63837,10.68,0.043
2114.69454,10.659,0.039
2114.76658,10.709,0.046
2115.63004,10.657,0.045
2115.6462,10.658,0.035
2116.61336,10.667,0.046
2116.64288,10.667,0.038
2117.62749,10.699,0.041
2128.56304,10.657,0.052
2128.58594,10.685,0.04
2129.59813,10.626,0.05
2129.60756,10.616,0.041
2130.59597,10.648,0.051
2130.61657,10.613,0.038
2131.58406,10.667,0.053
2131.60018,10.625,0.038
2132.60609,10.666,0.043
2133.58404,10.65,0.047
2133.60019,10.656,0.038
2134.58696,10.653,0.046
2134.61358,10.671,0.039
2135.58321,10.652,0.048
2135.59719,10.635,0.057
2136.58719,10.692,0.047
2136.59667,10.665,0.036
2140.56474,10.672,0.034
2141.57424,10.699,0.048
2141.59495,10.664,0.036
2142.56628,10.636,0.05
2143.56676,10.649,0.049
2143.58079,10.706,0.041
2144.55775,10.674,0.05
2144.57402,10.67,0.041
2145.55548,10.707,0.046
2145.57854,10.655,0.037
2156.57446,10.592,0.045
2167.49464,10.616,0.041
2169.52522,10.643,0.039
2169.61186,10.545,0.041
2172.51131,10.571,0.043
2172.51656,10.548,0.038
2179.48395,10.589,0.039
2180.50597,10.686,0.044
2184.48364,10.638,0.039
2185.55958,10.663,0.042
2187.49904,10.648,0.034
2188.53433,10.643,0.057
2190.5027,10.631,0.033
2191.49727,10.653,0.041
2192.54319,10.663,0.033
2194.49807,10.728,0.038
2197.50128,10.733,0.043
2201.49142,10.724,0.039
2207.50061,10.59,0.048
2213.50362,10.562,0.043
2216.5159,10.564,0.04
2442.70023,10.552,0.04
2442.72474,10.559,0.029
2443.71996,10.555,0.031
2444.7287,10.586,0.03
2446.70229,10.649,0.034
2446.71787,10.648,0.03
2453.67845,10.767,0.056
2453.76219,10.757,0.044
2464.65331,10.633,0.032
2464.67583,10.621,0.03
2465.66141,10.63,0.034
2465.67278,10.632,0.029
2466.64519,10.628,0.034
2466.6724,10.626,0.03
2467.64903,10.607,0.031
2467.66487,10.614,0.027
2468.64819,10.627,0.031
2468.66181,10.635,0.035
2470.59768,10.671,0.033
2473.61484,10.724,0.033
2473.6444,10.719,0.031
2474.65716,10.743,0.034
2474.68444,10.762,0.035
2481.60106,10.687,0.041
2481.63292,10.615,0.044
2482.63546,10.632,0.039
2482.64923,10.599,0.035
2486.60611,10.6,0.038
2486.62215,10.614,0.035
2487.64345,10.603,0.059
2489.61854,10.644,0.04
2489.65351,10.638,0.034
2490.63487,10.657,0.043
2491.59761,10.687,0.041
2491.62497,10.694,0.038
2493.59301,10.695,0.033
2493.60916,10.703,0.031
2494.60285,10.743,0.046
2495.59556,10.714,0.033
2495.61396,10.716,0.031
2497.59284,10.716,0.033
2497.60681,10.708,0.028
2498.58989,10.722,0.032
2498.59717,10.774,0.03
2499.57902,10.745,0.032
2499.60199,10.688,0.028
2501.58732,10.684,0.032
2501.59904,10.694,0.028
2502.58959,10.708,0.039
2502.60582,10.699,0.03
2503.58976,10.63,0.045
2503.60822,10.654,0.032
2508.53285,10.59,0.036
2508.61167,10.602,0.034
2510.60665,10.616,0.031
2511.56874,10.654,0.039
2511.6499,10.651,0.045
2512.62645,10.69,0.045
2519.64044,10.853,0.034
2520.63575,10.834,0.036
2521.64274,10.832,0.035
2526.49975,10.743,0.035
2526.63774,10.746,0.04
2529.54663,10.697,0.041
2535.55151,10.703,0.04
2535.5545,10.646,0.035
2540.58533,10.657,0.046
2543.64994,10.719,0.044
2544.58869,10.741,0.033
2545.63045,10.722,0.038
2545.63346,10.739,0.031
2551.55883,10.729,0.053
2552.61594,10.692,0.056
2556.55759,10.714,0.052
2562.4965,10.778,0.043
2562.49953,10.798,0.034
2563.55946,10.781,0.036
2563.5625,10.803,0.032
2564.57985,10.815,0.037
2564.58289,10.832,0.033
2568.51745,10.788,0.035
2578.55791,10.609,0.03
2701.89346,10.629,0.037
2711.88584,10.655,0.036
2714.88073,10.595,0.033
2722.83147,10.637,0.04
2730.85111,10.707,0.033
2734.82828,10.697,0.045
2736.87841,10.653,0.042
2738.85906,10.636,0.042
2738.87697,10.636,0.034
2740.87152,10.616,0.039
2741.83228,10.622,0.035
2743.88054,10.611,0.033
2747.89641,10.66,0.049
2754.85393,10.621,0.033
2756.8598,10.652,0.031
2758.84862,10.687,0.039
2758.89701,10.681,0.036
2760.87802,10.685,0.036
2764.80951,10.673,0.037
2764.82718,10.681,0.032
2775.88117,10.608,0.058
2782.88132,10.658,0.041
2782.88771,10.66,0.031
2784.79881,10.667,0.038
2786.77265,10.652,0.038
2790.77462,10.623,0.037
2790.79004,10.649,0.033
2791.81274,10.679,0.06
2802.88499,10.669,0.056
2804.72428,10.67,0.043
2808.76946,10.659,0.04
2808.82086,10.63,0.034
2810.67859,10.651,0.036
2812.67011,10.635,0.04
2812.69506,10.679,0.038
2814.83363,10.621,0.045
2814.86581,10.648,0.037
2818.92007,10.648,0.038
2818.92216,10.658,0.032
2821.66903,10.672,0.039
2821.6995,10.651,0.034
2829.68573,10.673,0.046
2830.76367,10.714,0.037
2830.78565,10.702,0.032
2835.69336,10.656,0.042
2835.71705,10.647,0.036
2838.68656,10.615,0.038
2838.70804,10.636,0.032
2840.74309,10.655,0.037
2841.84808,10.658,0.043
2851.66061,10.675,0.037
2851.67491,10.764,0.03
2853.78444,10.624,0.046
2853.79612,10.654,0.033
2855.68906,10.705,0.05
2858.72817,10.662,0.031
2862.61952,10.623,0.044
2866.62005,10.632,0.038
2867.57518,10.748,0.031
2867.70702,10.633,0.037
2872.59822,10.664,0.034
2872.61494,10.646,0.03
2875.62438,10.662,0.041
2876.67298,10.655,0.033
2877.6125,10.65,0.039
2878.65092,10.674,0.032
2879.61316,10.694,0.034
2883.60025,10.701,0.03
2884.60134,10.7,0.036
2886.55497,10.697,0.03
2892.59198,10.648,0.045
2892.61207,10.665,0.036
2893.6917,10.654,0.044
2893.70154,10.678,0.054
2895.65177,10.654,0.041
2897.66095,10.646,0.044
2897.67558,10.662,0.035
2899.64055,10.623,0.043
2902.49514,10.646,0.035
2909.6651,10.628,0.04
2911.62562,10.635,0.043
2917.49867,10.647,0.039
2917.52363,10.683,0.036
2921.51279,10.73,0.05
2923.53016,10.715,0.035
2926.52531,10.733,0.042
2926.53764,10.748,0.037
2928.53308,10.758,0.046
2928.53835,10.756,0.04
2930.53897,10.702,0.044
2932.53975,10.689,0.044
2932.54757,10.726,0.033
2934.53772,10.674,0.043
2934.54297,10.706,0.034
2939.54372,10.65,0.043
2939.54897,10.667,0.034
2944.51638,10.711,0.042
2945.51989,10.65,0.041
2946.5428,10.651,0.043
2949.54554,10.68,0.046
2950.55337,10.675,0.043
2954.52765,10.69,0.037
2955.53442,10.683,0.038
2957.51736,10.715,0.043
2957.54594,10.702,0.036
2964.51851,10.631,0.037
3069.89266,10.657,0.044
3071.89731,10.758,0.043
3074.88469,10.679,0.045
3075.89548,10.731,0.038
3082.87212,10.693,0.045
3082.88712,10.663,0.038
3091.8644,10.701,0.04
3092.87191,10.669,0.031
3097.85581,10.641,0.042
3097.9064,10.622,0.049
3101.84598,10.667,0.052
3101.89155,10.601,0.039
3102.88746,10.65,0.036
3104.87729,10.609,0.046
3109.83815,10.68,0.039
3109.86053,10.649,0.046
3113.84551,10.694,0.041
3115.85398,10.711,0.041
3122.90733,10.7,0.043
3125.79827,10.631,0.048
3125.85776,10.698,0.038
3127.82657,10.647,0.05
3128.8387,10.669,0.04
3130.80988,10.65,0.041
3131.83229,10.725,0.046
3141.81831,10.766,0.039
3142.78613,10.678,0.04
3146.7478,10.638,0.038
3153.81812,10.625,0.033
3153.84227,10.649,0.032
3156.76319,10.611,0.036
3158.81896,10.589,0.047
3159.73482,10.607,0.058
3165.72977,10.696,0.038
3168.77793,10.665,0.037
3169.72754,10.657,0.039
3170.8697,10.686,0.045
3171.87555,10.697,0.05
3173.71962,10.74,0.061
3175.86688,10.693,0.032
3176.7841,10.616,0.063
3179.69142,10.618,0.036
3180.79477,10.629,0.037
3182.70194,10.68,0.035
3183.76088,10.702,0.04
3187.73567,10.637,0.044
3190.75676,10.682,0.046
3266.55028,10.581,0.035
3266.65341,10.579,0.033
3272.51011,10.623,0.052
3273.52653,10.468,0.037
3275.64067,10.583,0.047
3277.58385,10.582,0.048
3293.60509,10.64,0.041
3444.90379,10.629,0.05
3449.88029,10.617,0.038
3453.86285,10.587,0.039
3455.88358,10.533,0.045
3459.8667,10.597,0.042
3465.8614,10.615,0.043
3468.88871,10.623,0.039
3472.8651,10.695,0.047
3472.89324,10.637,0.054
3476.85954,10.635,0.049
3478.83878,10.624,0.048
3479.90943,10.637,0.043
3481.81916,10.616,0.053
3482.89566,10.64,0.054
3483.76581,10.652,0.053
3483.88709,10.666,0.049
3484.73294,10.679,0.061
3487.88201,10.665,0.041
3491.92102,11.006,0.049
3496.88322,10.623,0.036
3500.8658,10.69,0.048
3503.82964,10.672,0.035
3506.86333,10.67,0.044
3509.86324,10.664,0.031
3512.77928,10.675,0.042
3520.82978,10.698,0.049
3522.7058,10.652,0.058
3522.81038,10.71,0.052
3538.61242,10.705,0.032
3538.64242,10.674,0.032
3538.67122,10.676,0.03
3538.73065,10.685,0.029
3539.58719,10.69,0.048
3539.68001,10.688,0.046
3540.62716,10.698,0.039
3540.65572,10.674,0.044
3540.68672,10.703,0.038
3550.76988,10.714,0.044
3552.84296,10.644,0.047
3553.71286,10.737,0.046
3555.83691,10.729,0.039
3558.90217,10.707,0.053
3559.68888,10.667,0.038
3561.64906,10.658,0.051
3561.73128,10.667,0.043
3563.68966,10.7,0.046
3563.78266,10.688,0.043
3570.61871,10.68,0.042
3573.69999,10.647,0.043
3575.71301,10.632,0.038
3577.73815,10.589,0.042
3582.81824,10.627,0.052
3582.82443,10.711,0.046
3584.82673,10.71,0.048
3584.84066,10.675,0.041
3587.60231,10.717,0.038
3589.62105,10.749,0.048
3589.63986,10.746,0.04
3591.68951,10.728,0.047
3591.70371,10.743,0.051
3594.55184,10.698,0.049
3594.57605,10.715,0.044
3600.61261,10.629,0.066
3601.61773,10.609,0.047
3602.59605,10.587,0.049
3603.62086,10.578,0.038
3604.60536,10.644,0.063
3606.62261,10.571,0.038
3609.53677,10.616,0.069
3616.65247,10.611,0.045
3616.66849,10.669,0.041
3619.5599,10.643,0.056
3619.56758,10.667,0.037
3621.61407,10.567,0.066
3621.62142,10.671,0.056
3628.53128,10.625,0.042
3628.54306,10.668,0.038
3630.59835,10.639,0.051
3630.61987,10.606,0.043
3632.60654,10.649,0.047
3632.62634,10.585,0.042
3634.64015,10.62,0.049
3634.65905,10.553,0.042
3637.64312,10.578,0.045
3637.66211,10.579,0.041
3640.68603,10.597,0.042
3641.60313,10.596,0.043
3643.5188,10.648,0.05
3643.65626,10.522,0.052
3646.59312,10.61,0.036
3646.64981,10.572,0.044
3649.54439,10.628,0.042
3649.57461,10.658,0.049
3651.56488,10.675,0.043
3656.51084,10.683,0.047
3657.58462,10.726,0.05
3658.57756,10.72,0.045
3660.52743,10.74,0.053
3660.59585,10.7,0.045
3662.55687,10.719,0.059
3662.62411,10.801,0.058
3664.56634,10.657,0.048
3664.62884,10.699,0.042
3668.54703,10.648,0.043
3670.58328,10.608,0.044
3671.54614,10.606,0.035
3673.53664,10.629,0.047
3673.58619,10.586,0.034
3676.52956,10.624,0.05
3676.54448,10.625,0.038
3701.52193,10.555,0.049
3704.52065,10.628,0.04
3809.90103,10.583,0.047
3813.8871,10.695,0.043
3820.885,10.759,0.05
3824.8743,10.712,0.053
3827.89062,10.6,0.04
3831.88937,10.544,0.044
3835.86972,10.588,0.047
3849.83123,10.758,0.042
3852.86354,10.744,0.049
3855.85331,10.716,0.057
3861.84623,10.688,0.045
3863.79887,10.691,0.049
3863.84582,10.7,0.037
3865.81739,10.686,0.051
3865.89143,10.684,0.047
3867.81304,10.714,0.051
3867.83106,10.683,0.043
3869.84322,10.7,0.057
3874.86882,10.702,0.044
3877.79605,10.656,0.039
3880.8835,10.661,0.038
3883.86415,10.577,0.048
3887.81282,10.684,0.042
3892.75286,10.724,0.039
3894.75092,10.675,0.035
3901.8013,10.68,0.047
3903.81298,10.642,0.044
3905.84325,10.696,0.046
3908.72002,10.736,0.041
4166.89409,10.67,0.048
4176.87925,10.752,0.05
4180.88064,10.725,0.055
4189.89694,10.623,0.045
4192.88318,10.629,0.035
4196.897,10.684,0.054
4203.88653,10.685,0.036
4207.9054,10.67,0.048
4215.90169,10.626,0.049
4229.89629,10.629,0.034
4232.831,10.62,0.036
4234.8825,10.612,0.039
4246.7679,10.728,0.037
4250.77494,10.698,0.04
4250.79789,10.742,0.034
4256.81088,10.631,0.038
4258.72668,10.676,0.043
4276.71424,10.652,0.041
4278.72785,10.713,0.033
4284.75399,10.699,0.039
4286.75157,10.652,0.046
4290.74622,10.673,0.041
4292.73583,10.683,0.031
4296.73585,10.934,0.046
4298.74451,10.62,0.04
4302.75453,10.578,0.041
4306.66346,10.554,0.044
4311.67446,10.737,0.052
4314.72475,10.716,0.033
4316.8339,10.765,0.036
4319.77556,10.761,0.033
4329.68236,10.951,0.04
4331.63996,10.688,0.032
4333.59284,10.644,0.032
4339.60122,10.609,0.045
4341.60125,10.626,0.047
4343.60821,10.594,0.043
4345.61412,10.655,0.033
4347.61873,10.667,0.033
4349.61763,10.678,0.041
4351.61791,10.656,0.047
4353.72392,10.697,0.033
4356.52863,10.682,0.034
4358.54393,10.656,0.03
4360.55167,10.639,0.052
4369.57449,10.684,0.044
4371.59256,10.693,0.038
4373.60483,10.663,0.035
4376.59609,10.682,0.035
4378.61129,10.669,0.039
4380.64606,10.717,0.043
4382.65567,10.707,0.033
4385.54414,10.708,0.033
4387.54629,10.747,0.034
4400.57354,10.627,0.058
4403.58858,10.632,0.034
4407.58646,10.727,0.04
4410.56767,10.736,0.038
4422.53995,10.753,0.039
4430.52761,10.59,0.044
4433.52201,10.661,0.036
4532.90015,10.604,0.035
4538.89801,10.663,0.039
4542.896,10.662,0.038
4546.88262,10.697,0.043
4550.8892,10.743,0.05
4558.86922,10.781,0.037
4562.869,10.746,0.041
4566.86672,10.653,0.038
4570.85763,10.595,0.031
4573.89093,10.594,0.034
4576.87014,10.632,0.042
4585.92549,10.727,0.034
4588.86665,10.747,0.034
4591.85578,10.703,0.036
4594.81904,10.702,0.036
4594.83734,10.667,0.033
4597.82887,10.635,0.032
4602.85073,10.599,0.04
4606.86844,10.561,0.049
4615.89162,10.626,0.038
4616.85589,10.756,0.038
4623.76175,10.649,0.034
4627.78914,10.694,0.038
4629.78618,10.692,0.033
4631.8008,10.659,0.035
4633.77179,10.646,0.047
4639.778,10.626,0.036
4641.78591,10.67,0.036
4643.77945,10.584,0.041
4648.68649,10.673,0.039
4650.74891,10.672,0.042
4652.75922,10.739,0.034
4656.73145,10.772,0.041
4660.66674,10.677,0.032
4666.86991,10.608,0.042
4672.71854,10.588,0.034
4674.83867,10.632,0.036
4678.64143,10.712,0.051
4683.65744,10.742,0.044
4685.64655,10.739,0.04
4687.64728,10.675,0.04
4694.63111,10.626,0.044
4697.72304,10.692,0.034
4701.70252,10.671,0.034
4703.70734,10.689,0.035
4705.78258,10.642,0.04
4708.65356,10.598,0.044
4710.66988,10.535,0.047
4715.72716,10.62,0.042
4721.55123,10.76,0.04
4726.6437,10.708,0.048
4729.62377,10.702,0.038
4734.67225,10.624,0.042
4739.50159,10.659,0.038
4742.50206,10.676,0.039
4754.59134,10.65,0.045
4756.61613,10.663,0.047
4759.584,10.534,0.049
4762.57138,10.55,0.046
4765.56502,10.784,0.045
4768.55489,10.673,0.045
4776.52869,10.64,0.044
4778.5615,10.628,0.041
4782.56366,10.586,0.052
4798.52707,10.602,0.048
4917.90285,10.741,0.048
4921.89372,10.686,0.049
4929.89954,10.795,0.054
4945.83771,10.677,0.05
4948.86686,10.692,0.055
4951.85498,10.723,0.052
4954.85204,10.766,0.054
4961.81217,10.752,0.058
4967.8873,10.611,0.053
4974.79596,10.62,0.054
4984.85474,10.706,0.051
4988.80387,10.738,0.054
4990.80623,10.671,0.054
4994.808,10.627,0.055
5015.68985,10.706,0.052
5023.89581,10.711,0.052
5039.65518,10.595,0.047
5041.64726,10.621,0.045
5082.6936,10.662,0.046
5084.72875,10.638,0.052
5089.59309,10.631,0.056
5093.65154,10.648,0.057
5098.51488,10.677,0.055
