1980.88547,13.125,0.048
1982.87781,13.15,0.047
1984.87241,13.254,0.046
1994.87361,13.263,0.051
1998.86092,13.172,0.048
2000.86312,13.435,0.047
2008.85204,13.489,0.059
2017.86734,13.067,0.058
2020.82183,13.361,0.063
2025.81681,13.364,0.058
2026.86656,13.488,0.06
2030.82376,13.269,0.056
2031.84225,13.316,0.058
2032.86155,13.328,0.05
2037.80669,13.334,0.064
2052.78689,13.292,0.057
2053.7915,13.37,0.067
2054.79016,13.305,0.063
2055.78322,13.263,0.063
2056.78443,13.256,0.065
2057.77629,13.409,0.06
2065.7455,13.034,0.058
2080.67577,12.845,0.071
2081.746,12.834,0.056
2082.73001,12.972,0.064
2083.71861,12.857,0.059
2085.72137,13.018,0.057
2086.7184,12.847,0.059
2087.70633,12.894,0.064
2088.71214,12.883,0.059
2093.63591,12.996,0.07
2102.66523,13.037,0.064
2103.67826,13.131,0.056
2104.66867,13.314,0.057
2105.66522,13.195,0.055
2115.66236,13.194,0.055
2116.64076,13.018,0.055
2117.64107,13.137,0.055
2128.59749,12.902,0.056
2129.61442,13.04,0.059
2130.61449,12.927,0.059
2131.60934,12.937,0.059
2132.61891,12.907,0.056
2133.61167,12.931,0.048
2134.60919,12.994,0.058
2135.59951,12.824,0.047
2135.60404,12.88,0.054
2136.60352,12.896,0.057
2140.58127,12.962,0.063
2141.58839,12.872,0.049
2141.59289,12.943,0.049
2143.58312,12.987,0.052
2143.58767,12.931,0.057
2144.58323,12.954,0.052
2145.56965,13.079,0.047
2145.57418,13.135,0.063
2156.57241,12.96,0.063
2167.51575,13.07,0.062
2169.52986,13.18,0.06
2172.52123,13.156,0.058
2180.50843,13.2,0.064
2184.48833,13.087,0.056
2187.50599,13.187,0.061
2190.512,13.088,0.065
2192.55693,13.13,0.063
2194.56039,13.065,0.064
2197.50904,13.063,0.067
2199.50711,13.133,0.067
2201.49463,13.142,0.065
2207.50753,13.195,0.063
2213.49994,13.094,0.074
2214.49511,13.089,0.075
2440.73039,13.454,0.048
2442.7337,13.5,0.04
2443.73123,13.548,0.036
2444.72421,13.401,0.038
2446.73365,13.357,0.051
2459.68313,13.383,0.041
2464.68263,13.462,0.034
2466.66791,13.478,0.035
2468.67764,13.375,0.042
2470.63425,13.404,0.034
2473.63771,13.497,0.034
2474.67551,13.54,0.043
2487.65263,13.143,0.059
2489.66516,13.257,0.039
2490.6383,13.18,0.048
2491.62284,13.126,0.045
2493.62053,13.156,0.04
2495.61186,13.183,0.04
2497.61603,13.315,0.032
2498.61087,13.24,0.038
2499.5999,13.314,0.037
2501.60145,13.162,0.038
2502.60375,13.194,0.036
2508.60959,13.53,0.043
2510.59963,13.479,0.05
2526.51223,13.425,0.053
2535.53375,13.136,0.05
2540.55391,13.129,0.057
2544.55438,13.118,0.053
2545.60371,13.305,0.055
2548.62115,13.079,0.06
2556.54179,12.964,0.067
2562.49071,13.273,0.048
2563.54901,13.28,0.048
2564.57626,13.225,0.051
2704.9022,13.341,0.044
2717.90792,13.52,0.043
2721.85943,13.233,0.046
2727.85317,13.428,0.041
2730.86262,13.061,0.043
2734.8447,13.403,0.046
2736.89011,13.382,0.044
2739.85689,13.358,0.041
2744.83396,13.366,0.042
2754.856,13.465,0.04
2756.88765,13.43,0.042
2758.89457,13.233,0.046
2760.88687,13.613,0.043
2782.83346,13.594,0.039
2784.79157,13.686,0.043
2786.7817,13.543,0.042
2790.80901,13.44,0.042
2802.79952,13.537,0.05
2812.70872,13.519,0.044
2815.82524,13.589,0.045
2826.73815,13.337,0.033
2835.71486,13.181,0.04
2838.70587,13.458,0.035
2840.74091,13.187,0.05
2851.66822,13.301,0.034
2853.78943,13.303,0.035
2855.68238,13.543,0.053
2858.71661,13.335,0.036
2867.5821,13.55,0.044
2872.60835,13.243,0.041
2875.62967,13.449,0.043
2879.61849,13.253,0.038
2884.60671,13.62,0.043
2885.63412,14.008,0.044
2892.55652,13.377,0.056
2893.65759,13.382,0.053
2895.63181,13.23,0.044
2897.64092,13.298,0.051
2906.65714,13.355,0.044
2909.65464,13.388,0.043
2911.61013,13.454,0.043
2917.58321,13.14,0.048
2921.57602,13.36,0.044
2923.5748,13.208,0.049
2926.57326,13.263,0.048
2928.57226,13.321,0.046
2930.56935,13.28,0.047
2932.56526,13.193,0.051
2934.56207,13.299,0.046
2939.56839,13.283,0.046
2950.54109,13.412,0.044
2955.53216,13.41,0.045
2963.51498,13.574,0.042
3069.8997,12.837,0.058
3074.8999,12.86,0.052
3087.91134,13.189,0.053
3091.89705,12.941,0.046
3097.91144,13.184,0.045
3101.89686,13.202,0.051
3109.87549,13.282,0.052
3113.85643,13.126,0.058
3118.89729,12.84,0.049
3122.92204,13.325,0.044
3125.83659,13.435,0.055
3131.82959,13.365,0.06
3144.86744,13.672,0.041
3154.78414,13.616,0.043
3157.89565,13.509,0.044
3166.76234,13.418,0.048
3169.74304,13.575,0.048
3176.74677,13.276,0.045
3179.73677,13.269,0.046
3182.73505,13.321,0.047
3184.73684,13.427,0.044
3186.86451,13.344,0.043
3190.79829,13.038,0.064
3273.51577,13.188,0.052
3277.65204,13.074,0.051
3280.56083,13.227,0.048
3430.89696,13.107,0.047
3444.90886,13.48,0.061
3448.9113,13.35,0.066
3452.91304,13.419,0.041
3459.87004,13.51,0.047
3465.86634,13.442,0.044
3468.89436,13.559,0.044
3472.90439,13.644,0.046
3476.87287,13.434,0.051
3480.85319,13.621,0.058
3483.8804,13.755,0.045
3487.90733,13.84,0.054
3491.91256,13.387,0.086
3496.87068,13.636,0.046
3500.85691,13.593,0.043
3503.82617,13.549,0.051
3506.87424,13.504,0.041
3509.89985,13.561,0.043
3512.79166,13.505,0.042
3520.83484,13.43,0.086
3522.79841,13.355,0.05
3524.84258,13.389,0.057
3539.73422,12.87,0.049
3550.76233,12.835,0.048
3555.85139,12.967,0.053
3559.69653,13.059,0.054
3563.78784,13.117,0.056
3568.81634,13.267,0.047
3570.68103,13.176,0.041
3573.72081,13.13,0.05
3575.73408,13.307,0.045
3577.75872,13.575,0.081
3581.82732,13.669,0.055
3584.63556,13.544,0.064
3586.65173,13.426,0.063
3588.68142,13.723,0.078
3590.75273,13.639,0.081
3592.80287,13.51,0.048
3596.66375,13.53,0.056
3601.6152,13.41,0.079
3603.61855,13.721,0.055
3606.62019,13.561,0.048
3616.57595,13.612,0.046
3618.67797,13.524,0.071
3620.66268,13.332,0.088
3622.72309,13.49,0.06
3628.54076,13.264,0.042
3632.62401,13.36,0.057
3634.6568,13.335,0.046
3637.65982,13.666,0.05
3641.60672,13.425,0.047
3643.65967,13.461,0.05
3647.57036,13.382,0.039
3651.63134,13.52,0.073
3656.49307,13.438,0.08
3658.56131,13.465,0.064
3660.57966,13.44,0.059
3669.52584,13.456,0.046
3671.56388,13.546,0.049
3674.54911,13.512,0.067
3677.53608,13.424,0.071
3795.89754,13.238,0.045
3799.89851,13.265,0.05
3805.90115,13.376,0.047
3809.90691,13.154,0.046
3813.89846,13.418,0.053
3820.89934,13.484,0.052
3824.88587,13.45,0.047
3828.87518,13.628,0.048
3832.86147,13.533,0.049
3836.86518,13.64,0.047
3858.82435,13.469,0.056
3861.83318,13.323,0.047
3863.87058,13.592,0.075
3867.86536,13.341,0.048
3869.83276,13.235,0.056
3874.86623,13.04,0.082
3877.81016,13.132,0.051
3880.89185,13.018,0.044
3886.83472,13.064,0.048
3889.77653,13.108,0.052
3891.80516,11.806,0.047
3893.81554,13.134,0.044
3896.80865,13.107,0.054
3901.79342,13.174,0.076
3903.8043,13.428,0.05
3905.83477,13.45,0.076
3908.74076,13.53,0.06
3912.75786,13.566,0.06
4160.8995,12.899,0.045
4165.90123,12.922,0.055
4176.89344,12.835,0.054
4180.8907,12.994,0.053
4189.91362,12.856,0.04
4193.86165,12.828,0.042
4203.90107,12.735,0.047
4208.89554,12.546,0.073
4213.92495,12.44,0.058
4230.89041,12.497,0.043
4233.82615,12.495,0.061
4247.80262,12.492,0.04
4253.79744,12.562,0.048
4258.73815,12.587,0.041
4266.78704,12.604,0.038
4269.73712,12.487,0.05
4273.74041,12.647,0.039
4276.73457,12.647,0.053
4278.72542,12.686,0.046
4284.74515,12.874,0.053
4290.73896,12.585,0.049
4292.7209,12.653,0.039
4296.72858,12.961,0.052
4298.73725,12.709,0.049
4302.75219,12.836,0.044
4304.67214,12.863,0.045
4306.6825,12.885,0.044
4312.67113,12.842,0.074
4315.66933,12.98,0.044
4329.61846,13.08,0.05
4331.61738,12.963,0.046
4333.58144,13.213,0.043
4334.77523,13.111,0.039
4339.59656,13.075,0.065
4341.59657,13.024,0.046
4343.60275,13.113,0.052
4345.60866,13.264,0.051
4347.61098,13.202,0.044
4349.6091,13.22,0.048
4351.60858,13.2,0.047
4353.6913,13.285,0.042
4356.53372,13.111,0.047
4358.53596,13.076,0.04
4360.5398,13.199,0.057
4367.51567,13.055,0.058
4369.56707,13.091,0.046
4371.58515,13.263,0.061
4373.59733,13.246,0.071
4376.58865,13.225,0.052
4378.60389,13.216,0.057
4380.63257,13.24,0.048
4382.64066,13.203,0.039
4385.53926,13.164,0.048
4387.54145,13.183,0.052
4389.5317,13.092,0.045
4399.5373,13.512,0.049
4402.57542,13.128,0.054
4407.5056,13.086,0.054
4409.56319,12.939,0.055
4413.54914,13.054,0.043
4422.52222,12.984,0.051
4426.52205,13.002,0.047
4526.90022,13.034,0.041
4532.90328,13.533,0.041
4538.90298,12.715,0.046
4542.9009,12.813,0.045
4546.88814,12.736,0.046
4550.90481,12.943,0.044
4558.89987,12.745,0.05
4562.87599,12.709,0.045
4566.87688,12.759,0.045
4570.86511,12.733,0.042
4573.90802,12.752,0.046
4576.88383,12.799,0.047
4580.84826,12.833,0.046
4585.91693,12.86,0.048
4588.8605,12.868,0.055
4591.85314,13.002,0.06
4594.84867,13.003,0.042
4597.83876,13.069,0.042
4602.8381,13.188,0.051
4606.85449,13.243,0.051
4616.84756,13.226,0.044
4623.77391,13.285,0.05
4627.80326,13.171,0.058
4629.7784,13.281,0.054
4631.7982,13.201,0.046
4633.78619,13.143,0.058
4640.7714,13.178,0.041
4642.76557,13.287,0.043
4644.78867,13.075,0.059
4647.70296,13.039,0.047
4649.74733,13.101,0.069
4651.79574,13.081,0.058
4653.77497,12.977,0.043
4655.73433,13.128,0.048
4657.76477,13.057,0.047
4661.63939,12.977,0.047
4667.69676,12.976,0.04
4672.76949,12.993,0.045
4675.77724,12.883,0.05
4678.79374,13.022,0.076
4681.70587,12.995,0.052
4683.75651,12.99,0.049
4685.67619,13.076,0.06
4687.66033,13.012,0.054
4694.62358,12.888,0.057
4697.71548,12.919,0.04
4701.68962,12.927,0.042
4703.69353,12.906,0.055
4705.75054,12.909,0.044
4708.64438,12.952,0.062
4710.66214,12.81,0.049
4715.56836,12.968,0.042
4722.54573,12.71,0.063
4725.57082,12.95,0.07
4728.53505,12.793,0.042
4730.57603,12.875,0.073
4733.5914,12.724,0.064
4737.58011,12.817,0.05
4740.56897,12.773,0.039
4754.578,12.753,0.069
4756.60815,12.876,0.045
4759.57454,13.021,0.047
4762.56898,13.122,0.054
4765.56268,13.129,0.052
4768.5525,13.139,0.069
4771.51959,13.155,0.066
4777.50289,13.23,0.049
4779.55049,13.475,0.071
4783.54012,13.148,0.08
4786.53149,13.428,0.07
4892.90052,12.954,0.054
4945.84827,13.533,0.053
4948.88242,13.47,0.058
4951.86716,13.455,0.055
4954.85694,13.387,0.061
4962.85328,13.467,0.063
4967.87393,13.213,0.075
4974.81188,13.212,0.062
4984.82584,12.995,0.055
4988.81259,12.879,0.056
4990.80114,12.887,0.057
5014.74962,13.124,0.063
5022.72643,13.315,0.061
5024.73064,13.336,0.054
5029.77741,13.434,0.049
5042.67164,13.347,0.052
5067.59792,13.109,0.058
5071.6124,13.075,0.066
5082.66162,12.978,0.049
5084.69967,13.047,0.05
5087.54251,13.076,0.062
5089.59581,13.123,0.056
5093.65788,13.216,0.057
5097.65887,13.208,0.052
5111.56089,13.281,0.063
5144.51871,13.471,0.067
