2489.57925,12.551,0.069
2508.70437,12.597,0.059
2510.68245,12.432,0.065
2526.63134,12.674,0.056
2540.61244,12.616,0.059
2559.53531,12.758,0.062
2560.54705,12.666,0.061
2565.54607,12.732,0.063
2578.50972,13.139,0.06
2711.90015,12.831,0.056
2722.89998,12.746,0.056
2728.89256,12.669,0.045
2732.9014,12.582,0.054
2738.88594,12.577,0.052
2744.87086,12.478,0.05
2751.84357,12.481,0.05
2754.90644,12.441,0.056
2756.90607,12.476,0.054
2759.8741,12.434,0.06
2761.85279,12.407,0.055
2763.84371,12.444,0.056
2765.79743,12.403,0.052
2775.88259,12.349,0.061
2784.80477,12.42,0.05
2786.79494,12.46,0.052
2802.93242,12.486,0.06
2804.74621,12.636,0.058
2808.82916,12.52,0.056
2812.72165,12.547,0.057
2815.85245,12.554,0.055
2819.76446,12.445,0.055
2821.73785,12.5,0.056
2830.79475,12.332,0.06
2832.65621,12.436,0.054
2835.76441,12.412,0.055
2840.80586,12.45,0.06
2845.77169,12.404,0.059
2851.71858,12.507,0.056
2854.5733,12.4,0.054
2858.6201,12.428,0.053
2859.68599,12.463,0.056
2861.63979,12.443,0.055
2867.55748,12.543,0.054
2875.6384,12.423,0.058
2877.62657,12.578,0.056
2879.62995,12.39,0.052
2882.67476,11.768,0.064
2884.61802,12.349,0.054
2886.55269,12.234,0.053
2888.62658,12.349,0.055
2892.65241,12.332,0.057
2894.58127,12.296,0.049
2894.58417,12.305,0.052
2896.60255,12.273,0.055
2898.59258,12.216,0.058
2900.58741,12.272,0.055
2906.57506,12.221,0.053
2909.57455,12.265,0.058
2911.54845,12.209,0.058
2916.5529,12.208,0.061
2922.55298,12.145,0.06
2924.55836,12.185,0.058
2927.55749,12.177,0.054
2929.55868,12.202,0.058
2931.56186,12.181,0.059
2933.5597,12.273,0.057
2935.55883,12.259,0.063
2937.55742,12.328,0.057
2940.53095,12.15,0.063
2942.52396,12.398,0.058
2945.53226,12.259,0.06
2949.52101,12.367,0.058
2953.51281,12.594,0.058
3080.90687,12.288,0.066
3091.90464,12.305,0.063
3099.89001,12.306,0.071
3115.87895,12.517,0.073
3125.87519,12.643,0.058
3153.8498,12.307,0.051
3156.80658,12.398,0.055
3162.8202,12.41,0.054
3164.84542,12.292,0.055
3170.78254,12.241,0.071
3179.81831,12.467,0.054
3184.73861,12.391,0.057
3187.71093,12.47,0.066
3190.73813,12.692,0.069
3271.61191,12.54,0.058
3274.60023,12.61,0.062
3277.5691,12.583,0.068
3279.58896,12.481,0.069
3293.55673,12.681,0.057
3296.51113,12.592,0.058
3299.54669,12.574,0.065
3457.90602,12.844,0.053
3464.89251,12.897,0.053
3468.89652,12.815,0.049
3472.91498,12.757,0.049
3476.89411,12.957,0.072
3479.89736,12.843,0.059
3487.87159,12.765,0.047
3490.86344,12.882,0.046
3499.84383,12.888,0.052
3502.82681,12.917,0.058
3504.84059,13.005,0.078
3508.92227,12.786,0.048
3511.80421,12.996,0.047
3515.80587,12.91,0.047
3524.76521,12.87,0.059
3526.85439,12.814,0.06
3528.89242,12.752,0.074
3528.89491,12.862,0.065
3528.8974,12.829,0.08
3528.89985,13.101,0.093
3528.90235,12.937,0.088
3528.90567,12.901,0.063
3528.91056,12.976,0.082
3528.91305,12.754,0.079
3528.91555,12.875,0.077
3528.91804,13.141,0.074
3528.92053,12.83,0.076
3528.9392,13.084,0.074
3528.94504,12.753,0.066
3529.76494,12.785,0.058
3538.75049,12.781,0.048
3543.71636,12.674,0.049
3550.80649,12.781,0.06
3553.70233,12.749,0.047
3555.82022,12.801,0.049
3559.67736,12.649,0.053
3561.69423,12.543,0.051
3563.68177,12.611,0.05
3569.74139,12.585,0.049
3571.74111,12.702,0.051
3574.75788,12.561,0.052
3576.77304,12.481,0.052
3587.76093,12.637,0.048
3590.60597,12.709,0.051
3596.66566,12.751,0.053
3599.53156,12.757,0.057
3599.53393,12.942,0.053
3599.53644,12.995,0.064
3599.53896,12.94,0.052
3599.54148,12.912,0.049
3599.54418,12.821,0.052
3599.54701,12.851,0.049
3599.54984,12.83,0.05
3599.55262,12.768,0.05
3599.55525,12.791,0.052
3599.55791,12.848,0.051
3599.56056,12.911,0.051
3599.56672,12.889,0.056
3599.57369,12.919,0.053
3599.57969,12.854,0.051
3599.58685,12.994,0.05
3599.60281,12.879,0.049
3599.61924,12.777,0.049
3599.65019,12.8,0.054
3599.68783,12.822,0.05
3602.64749,12.553,0.06
3617.60575,12.811,0.055
3620.52562,12.792,0.053
3622.59798,12.815,0.054
3626.59876,12.9,0.05
3629.62377,12.819,0.065
3631.61983,12.822,0.063
3634.57397,13.028,0.072
3637.60225,12.931,0.051
3641.55257,12.811,0.052
3643.60036,13.04,0.06
3647.54829,12.951,0.046
3650.51233,12.811,0.058
3657.55658,12.909,0.063
3668.5277,12.933,0.049
3671.51923,12.954,0.061
3678.5017,13.018,0.059
3820.91289,12.534,0.05
3828.91142,12.578,0.054
3832.90696,12.813,0.053
3836.90407,12.533,0.066
3848.89376,12.403,0.058
3851.87458,12.485,0.052
3860.84549,12.494,0.053
3862.85617,12.488,0.051
3864.83259,12.377,0.052
3866.83429,12.426,0.049
3868.84189,12.507,0.051
3870.80691,12.552,0.048
3872.82926,12.557,0.05
3880.8054,12.573,0.049
3883.80525,12.539,0.049
3887.79183,12.683,0.051
3892.754,12.611,0.049
3894.7555,12.699,0.047
3900.73853,12.618,0.05
3902.7552,12.621,0.048
3907.71561,12.522,0.057
3983.60821,12.105,0.068
4191.90637,12.664,0.051
4204.91675,12.822,0.05
4208.90738,12.763,0.075
4215.88773,12.721,0.056
4227.84418,13.006,0.049
4229.85649,12.67,0.048
4232.82252,12.719,0.047
4235.81502,12.615,0.046
4238.81328,12.684,0.06
4245.80891,12.489,0.062
4247.7844,12.555,0.047
4253.77396,12.545,0.049
4256.76547,12.639,0.046
4272.72312,12.739,0.051
4274.7368,12.792,0.049
4277.71592,12.721,0.046
4283.78634,12.79,0.056
4285.77519,12.834,0.054
4289.76757,12.804,0.05
4291.76889,12.832,0.051
4293.75598,12.696,0.049
4295.7638,12.722,0.055
4299.75076,12.72,0.055
4301.73551,12.872,0.052
4303.72624,12.8,0.049
4305.72634,12.771,0.05
4307.64828,12.777,0.049
4309.71566,12.988,0.05
4311.72131,12.977,0.065
4314.76144,13.037,0.053
4317.59541,12.947,0.048
4330.58083,13.061,0.047
4332.58014,13.103,0.048
4334.64725,12.965,0.048
4338.6361,13.074,0.056
4340.68816,12.931,0.063
4342.68166,13.006,0.054
4345.51989,13.002,0.072
4347.53543,13.159,0.065
4349.60629,12.918,0.069
4351.6058,13.078,0.064
4354.59653,13.042,0.051
4356.61858,12.977,0.059
4358.62287,12.974,0.048
4360.58219,12.792,0.049
4362.61887,12.935,0.05
4364.59204,12.886,0.053
4368.56791,12.996,0.06
4372.59012,12.926,0.069
4378.5579,12.875,0.05
4381.52708,13.143,0.073
4383.58087,12.924,0.062
4386.53908,12.963,0.05
4388.52282,13.056,0.053
4392.53239,13.197,0.063
4403.51139,12.852,0.072
4409.50795,13.023,0.067
4557.90375,13.063,0.048
4561.90606,12.859,0.05
4565.90708,13.029,0.046
4569.91255,12.954,0.047
4573.8961,13.057,0.051
4577.88615,13.032,0.052
4583.90282,12.924,0.047
4587.86303,12.986,0.051
4590.8656,13.056,0.05
4593.85477,12.983,0.046
4596.84722,13.031,0.06
4601.8455,12.951,0.046
4606.91065,13.107,0.061
4609.82609,13.722,0.048
4611.85259,13.008,0.061
4616.87782,13.127,0.064
4623.78079,13.07,0.051
4627.79695,12.989,0.051
4629.7823,13.056,0.05
4631.78566,13.141,0.048
4633.77563,13.223,0.05
4638.86984,12.661,0.066
4641.72648,12.958,0.054
4643.75496,13.058,0.05
4645.78645,13.103,0.048
4647.8513,12.936,0.054
4650.70531,12.876,0.055
4652.73459,13.012,0.046
4654.72757,13.004,0.047
4656.71623,12.96,0.05
4660.68723,12.973,0.046
4662.69968,12.916,0.047
4664.70043,13.132,0.047
4666.72263,13.03,0.047
4670.67736,13.082,0.048
4672.7013,13.042,0.053
4678.72159,11.821,0.062
4681.651,12.947,0.056
4683.64832,13.103,0.047
4685.63766,13.025,0.053
4687.63805,12.972,0.046
4694.67829,13.002,0.06
4698.63557,12.965,0.057
4700.63314,12.915,0.056
4702.64293,12.955,0.056
4704.63256,12.779,0.072
4706.66701,12.929,0.052
4709.6235,12.882,0.061
4716.58684,12.751,0.048
4720.62313,12.803,0.051
4722.65268,12.751,0.049
4726.55186,12.719,0.05
4729.54534,12.782,0.049
4731.5816,12.553,0.051
4734.61211,12.617,0.052
4739.53031,12.596,0.055
4742.52004,12.63,0.047
4744.53366,12.717,0.048
4746.54765,12.657,0.052
4748.57316,12.674,0.051
4755.5286,12.635,0.049
4758.52957,12.493,0.055
4761.51916,12.646,0.053
4764.5166,12.549,0.055
4767.51231,12.568,0.062
4936.89886,12.583,0.059
4940.88418,12.697,0.064
4947.90537,12.528,0.051
4950.89387,12.463,0.053
4961.83929,12.282,0.058
4966.81024,12.257,0.054
4975.81617,12.275,0.057
4985.76823,12.243,0.056
4989.78394,12.367,0.056
4994.82772,12.226,0.076
5006.8195,12.225,0.066
5014.73662,12.31,0.054
5017.72538,12.311,0.056
5019.74056,12.324,0.056
5021.77463,12.212,0.056
5023.79732,12.27,0.056
5038.76135,12.462,0.058
5040.72954,12.451,0.057
5042.70069,12.456,0.054
5047.73193,12.598,0.055
5049.74706,12.576,0.056
5057.6347,12.588,0.066
5063.6414,12.737,0.06
5068.58907,12.651,0.059
5071.55985,12.612,0.056
5075.58493,12.598,0.059
5084.59472,12.672,0.058
5086.60448,12.722,0.067
5088.61905,12.684,0.056
5093.55512,12.734,0.071
5098.54401,12.611,0.053
5106.49915,12.514,0.062
5111.53743,12.381,0.059
5122.54905,12.347,0.059
