2735.90871,10.697,0.033
2738.90999,10.533,0.034
2755.88281,10.529,0.035
2757.90353,10.92,0.034
2760.87218,10.439,0.036
2764.88021,10.548,0.034
2765.86809,10.382,0.03
2776.81273,10.527,0.035
2783.79355,10.964,0.034
2785.814,10.398,0.031
2787.80403,10.782,0.033
2791.77484,10.391,0.035
2811.7479,10.461,0.031
2813.74799,10.696,0.037
2819.74506,10.815,0.031
2821.74498,10.817,0.031
2829.71881,10.763,0.041
2831.68765,11.015,0.034
2832.74198,10.316,0.035
2839.73193,10.681,0.046
2853.64776,10.264,0.051
2855.65543,10.744,0.041
2858.70139,10.318,0.041
2860.63838,10.725,0.03
2867.58543,10.981,0.031
2874.5884,10.285,0.044
2876.59615,10.762,0.035
2878.59554,10.976,0.047
2883.57791,11.053,0.032
2885.55109,10.421,0.03
2888.57162,11.047,0.032
2893.57973,11.044,0.034
2895.58612,10.328,0.032
2897.59512,10.851,0.03
2905.55811,10.303,0.029
2908.57449,10.952,0.033
2927.51117,10.55,0.037
3107.91183,10.496,0.05
3114.904,10.686,0.038
3132.89392,11.044,0.043
3142.84424,11.053,0.038
3146.82665,10.792,0.033
3160.79715,10.366,0.048
3163.80149,11.031,0.029
3175.78091,10.325,0.033
3178.74655,10.924,0.037
3180.8037,10.389,0.03
3183.77205,10.885,0.035
3187.74676,10.626,0.035
3190.76528,10.767,0.039
3327.51527,10.532,0.039
3465.91725,11.016,0.038
3469.90797,10.961,0.03
3473.89176,10.724,0.027
3476.8801,10.538,0.041
3481.87167,10.738,0.039
3489.85389,10.849,0.038
3496.83288,11.062,0.033
3500.82622,10.894,0.035
3503.81404,10.389,0.034
3509.79486,10.613,0.027
3512.79349,10.936,0.034
3516.77392,10.997,0.046
3520.76431,10.774,0.037
3530.74566,10.655,0.035
3550.6849,10.441,0.046
3553.67723,11.042,0.037
3556.67862,10.633,0.028
3560.65729,10.3,0.037
3563.65487,10.998,0.037
3571.62776,10.489,0.033
3575.61718,10.515,0.033
3578.61707,10.877,0.033
3585.59819,10.951,0.039
3591.57759,10.237,0.035
3593.56917,10.76,0.033
3603.54577,10.63,0.034
3607.53921,10.327,0.035
3619.49676,10.729,0.036
3622.49752,10.444,0.044
3626.48794,11.068,0.039
3626.5154,11.094,0.031
3626.54471,11.074,0.033
3626.57221,11.08,0.032
3833.91052,10.98,0.038
3836.90157,10.508,0.037
3848.87507,10.866,0.046
3851.86091,10.328,0.042
3862.83693,10.617,0.034
3864.82268,10.942,0.037
3866.82223,10.368,0.034
3868.81238,10.744,0.038
3870.8126,11.074,0.036
3872.81038,10.399,0.036
3880.78345,11.022,0.032
3883.77423,10.582,0.036
3887.76339,10.272,0.047
3889.75781,10.759,0.036
3892.7444,10.41,0.033
3894.74584,10.704,0.031
3898.73527,10.398,0.043
3901.72457,11.072,0.039
3904.71902,10.597,0.034
3907.70602,10.975,0.035
3983.50672,10.785,0.046
4202.90377,10.992,0.03
4205.89214,10.55,0.037
4215.86102,10.409,0.031
4227.83221,10.805,0.029
4229.8262,11.014,0.028
4231.82773,10.524,0.03
4234.81304,11.075,0.032
4247.775,10.672,0.028
4253.76449,10.808,0.032
4256.75432,10.287,0.028
4274.71344,10.816,0.03
4277.69496,10.263,0.027
4283.67491,10.488,0.036
4285.67572,10.922,0.031
4289.67277,10.706,0.028
4292.65778,10.664,0.027
4295.64574,10.855,0.028
4297.64542,10.872,0.032
4299.63547,10.567,0.028
4301.63492,10.994,0.03
4303.63381,10.263,0.027
4305.62791,10.76,0.028
4307.61994,11.065,0.029
4311.60741,10.897,0.032
4315.59839,10.67,0.028
4319.58848,10.342,0.027
4331.53508,10.748,0.029
4333.54582,11.035,0.029
4339.52652,10.578,0.029
4342.51452,10.869,0.036
4348.50617,10.993,0.029
4351.4951,10.583,0.031
4355.49062,10.301,0.046
4568.91044,10.333,0.042
4572.91067,10.97,0.028
4576.89509,10.951,0.033
4583.91555,10.464,0.03
4587.87605,11.024,0.028
4590.87454,10.659,0.032
4593.88198,10.873,0.028
4596.862,10.839,0.027
4601.85481,10.763,0.028
4607.81662,10.876,0.036
4610.81307,10.398,0.032
4612.81802,10.89,0.043
4617.78603,10.842,0.031
4623.85328,10.964,0.032
4630.75613,10.394,0.029
4632.76033,10.723,0.029
4639.78129,11.011,0.03
4641.7893,10.356,0.028
4643.78351,10.833,0.033
4645.83076,10.887,0.031
4648.72534,10.81,0.031
4653.70686,10.727,0.029
4655.72518,11.067,0.029
4657.75789,10.483,0.03
4661.67594,10.645,0.031
4663.69886,10.649,0.031
4665.7412,11.033,0.031
4671.67463,10.961,0.027
4674.64656,10.791,0.027
4677.70594,10.277,0.029
4679.71135,10.736,0.027
4682.68794,10.427,0.034
4684.69649,10.694,0.033
4686.64109,11.047,0.032
4690.64226,10.844,0.029
4697.67534,10.96,0.041
4701.66655,10.977,0.029
4703.66917,10.307,0.028
4706.60611,10.937,0.031
4709.5809,10.419,0.038
4716.63921,10.829,0.03
4721.58736,10.796,0.031
4724.6204,10.287,0.035
4730.52565,10.457,0.033
4733.55367,11.059,0.032
4737.55871,10.849,0.031
4740.54845,10.354,0.03
4743.52877,11.119,0.033
4745.54275,10.291,0.033
4748.54131,10.971,0.035
4755.51581,10.357,0.032
4758.51344,10.918,0.034
4761.50843,10.388,0.033
4939.9101,10.82,0.043
4945.89876,10.93,0.041
4949.88319,10.751,0.043
4952.89775,10.475,0.041
4961.85405,11.05,0.044
4966.82354,10.946,0.05
4969.84412,10.524,0.041
4973.82708,10.338,0.047
4985.7807,10.631,0.04
4989.79305,10.263,0.051
4991.81868,10.819,0.043
4994.84666,10.275,0.046
5015.71684,10.286,0.042
5018.72608,10.967,0.044
5022.72143,10.753,0.044
5024.7263,11.058,0.046
5037.69064,10.6,0.05
5039.6655,11.007,0.04
5041.65667,10.289,0.038
5048.65544,10.73,0.043
5067.59943,10.239,0.046
5071.61772,11.078,0.041
5075.61213,10.9,0.046
5084.60245,10.626,0.052
5086.6123,11.061,0.049
5089.54325,10.571,0.044
5110.53201,10.595,0.048
