1873.52148,10.551,0.043
1877.52134,10.523,0.041
1978.8849,10.574,0.042
1985.85788,10.525,0.045
1994.84484,10.541,0.047
1996.83719,10.556,0.048
1998.83203,10.559,0.053
2000.82477,10.575,0.044
2009.82884,10.512,0.057
2014.81602,10.585,0.055
2018.82944,10.506,0.053
2026.76553,10.649,0.035
2027.83043,10.669,0.041
2030.86046,10.682,0.038
2031.84685,10.69,0.04
2032.91041,10.704,0.038
2033.84712,10.69,0.035
2040.73218,10.633,0.048
2052.76842,10.677,0.039
2053.78579,10.656,0.038
2054.78737,10.71,0.047
2055.76917,10.666,0.043
2056.76816,10.694,0.04
2057.76859,10.744,0.035
2058.77657,10.683,0.039
2061.80465,10.672,0.039
2065.73985,10.698,0.044
2067.65659,10.743,0.041
2068.68195,10.734,0.04
2070.72986,10.708,0.043
2080.66791,10.673,0.036
2081.71298,10.692,0.038
2082.72209,10.668,0.041
2083.71512,10.711,0.045
2085.69965,10.68,0.035
2086.72164,10.652,0.037
2087.71177,10.658,0.04
2088.69962,10.646,0.038
2093.61649,10.716,0.039
2094.63701,10.73,0.043
2096.63056,10.734,0.046
2103.66776,10.678,0.036
2104.67165,10.66,0.037
2105.6727,10.645,0.037
2114.69532,10.571,0.036
2115.64694,10.565,0.035
2124.60345,10.609,0.046
2125.6031,10.624,0.044
2128.65274,10.617,0.033
2130.61956,10.639,0.038
2131.61444,10.601,0.039
2133.60095,10.639,0.037
2134.61657,10.628,0.036
2135.61364,10.639,0.041
2136.60415,10.633,0.034
2141.598,10.618,0.035
2143.58837,10.625,0.035
2144.57936,10.593,0.039
2145.58161,10.617,0.037
2151.52817,10.593,0.057
2156.58036,10.625,0.04
2167.49626,10.614,0.036
2167.52416,10.662,0.036
2169.54277,10.592,0.034
2171.56921,10.554,0.047
2171.57108,10.544,0.041
2172.52204,10.573,0.035
2173.52103,10.585,0.035
2175.50448,10.576,0.051
2175.52496,10.601,0.045
2177.51845,10.549,0.036
2178.54418,10.544,0.034
2178.54901,10.556,0.033
2179.55129,10.564,0.033
2179.56477,10.575,0.037
2180.51188,10.551,0.038
2183.49367,10.558,0.035
2184.48924,10.569,0.036
2184.49442,10.567,0.035
2185.53924,10.57,0.035
2187.49409,10.569,0.037
2187.50918,10.567,0.036
2189.5837,10.545,0.044
2191.58672,10.577,0.036
2191.5887,10.59,0.039
2193.55692,10.577,0.037
2193.55935,10.597,0.034
2195.54689,10.568,0.035
2197.56068,10.58,0.036
2197.56308,10.548,0.034
2199.54369,10.594,0.036
2199.5528,10.624,0.038
2201.5392,10.63,0.034
2202.54952,10.634,0.054
2203.54727,10.633,0.038
2204.51448,10.646,0.033
2204.51682,10.686,0.032
2206.5218,10.655,0.038
2206.52412,10.678,0.033
2212.517,10.638,0.035
2212.52162,10.597,0.036
2214.55335,10.588,0.038
2219.52111,10.455,0.031
2221.52215,10.47,0.035
2222.51554,10.477,0.034
2225.51038,10.513,0.035
2226.50209,10.511,0.042
2229.50372,10.526,0.036
2233.52019,10.56,0.036
2234.50881,10.561,0.035
2242.51561,10.631,0.038
2442.71918,10.579,0.032
2444.71858,10.612,0.032
2446.72124,10.626,0.032
2452.66527,10.694,0.039
2459.68403,10.641,0.054
2464.67219,10.551,0.034
2465.66914,10.588,0.033
2466.66874,10.534,0.032
2467.67928,10.573,0.033
2468.66491,10.531,0.032
2473.63388,10.476,0.035
2474.68524,10.52,0.037
2481.62918,10.533,0.043
2482.66587,10.59,0.041
2486.62289,10.6,0.043
2487.63233,10.639,0.046
2487.66027,10.592,0.046
2490.5557,10.606,0.036
2491.61219,10.601,0.044
2493.62563,10.587,0.042
2494.61989,10.58,0.041
2495.61931,10.636,0.04
2497.61667,10.604,0.033
2498.59794,10.591,0.034
2499.60499,10.56,0.033
2501.60652,10.548,0.033
2502.60891,10.608,0.037
2508.70997,10.454,0.033
2512.53053,10.469,0.032
2519.62093,10.567,0.035
2520.61126,10.601,0.032
2521.6209,10.593,0.032
2523.76272,10.587,0.029
2529.55512,10.63,0.04
2535.57506,10.543,0.035
2539.58768,10.567,0.057
2540.63801,10.507,0.031
2544.63728,10.483,0.03
2545.67875,10.5,0.031
2552.6713,10.527,0.046
2554.55974,10.463,0.049
2556.58969,10.488,0.051
2558.53738,10.558,0.033
2559.55303,10.527,0.037
2560.56505,10.563,0.034
2561.56772,10.557,0.032
2562.58285,10.558,0.032
2563.59914,10.522,0.032
2564.60594,10.544,0.031
2565.63159,10.549,0.031
2566.64191,10.525,0.033
2579.4983,10.506,0.032
2601.53139,10.593,0.033
2690.89513,10.832,0.046
2700.89114,10.82,0.034
2704.88482,10.727,0.03
2707.88504,10.714,0.049
2710.87405,10.716,0.033
2713.86875,10.685,0.029
2717.89774,10.735,0.044
2720.87351,10.766,0.048
2725.86574,10.803,0.039
2727.88728,10.844,0.053
2729.88849,10.796,0.036
2733.85349,10.77,0.032
2735.86437,10.753,0.033
2738.83468,10.717,0.033
2740.88066,10.751,0.041
2742.87082,10.73,0.045
2744.86022,10.758,0.042
2751.7885,10.772,0.041
2754.88639,10.709,0.03
2756.87155,10.676,0.033
2759.85563,10.655,0.031
2761.82386,10.689,0.037
2763.82615,10.631,0.033
2782.9201,10.644,0.042
2784.8005,10.613,0.04
2786.76522,10.607,0.036
2790.79159,10.6,0.036
2809.75808,10.581,0.042
2810.86449,10.608,0.042
2812.70298,10.61,0.038
2815.81479,10.581,0.037
2819.75943,10.536,0.054
2821.75005,10.627,0.041
2830.80401,10.573,0.043
2832.65319,10.564,0.038
2834.62841,10.594,0.04
2838.74295,10.617,0.036
2845.75862,10.655,0.027
2854.56439,10.627,0.032
2856.8207,10.609,0.032
2858.87194,10.542,0.031
2860.64039,10.55,0.046
2861.77226,10.507,0.035
2865.77202,10.457,0.045
2867.64119,10.494,0.031
2872.62958,10.585,0.033
2874.80156,10.592,0.034
2876.6929,10.607,0.029
2878.66811,10.594,0.05
2882.5651,10.577,0.051
2884.58422,10.601,0.042
2885.60359,10.588,0.039
2886.69424,10.571,0.032
2888.71126,10.587,0.031
2892.71361,10.61,0.036
2894.61054,10.57,0.038
2895.73551,10.57,0.031
2897.73908,10.56,0.032
2902.50779,10.548,0.03
2907.73989,10.561,0.033
2909.68108,10.589,0.03
2911.64409,10.602,0.029
2913.62706,10.637,0.03
2916.58981,10.585,0.031
2918.62073,10.563,0.031
2921.66771,10.481,0.04
2923.65378,10.506,0.036
2926.64968,10.519,0.032
2930.64548,10.572,0.033
2932.63865,10.646,0.042
2934.632,10.695,0.035
2936.63265,10.706,0.057
2943.56759,10.785,0.037
2945.5642,10.797,0.038
2947.59856,10.762,0.035
2950.56587,10.79,0.036
2954.58605,10.808,0.036
2956.58493,10.8,0.029
2958.58372,10.789,0.029
2960.58484,10.786,0.032
2965.55348,10.775,0.039
2969.55866,10.701,0.029
2972.53449,10.745,0.045
2975.54527,10.714,0.04
2983.52322,10.76,0.035
3070.88958,10.568,0.038
3074.89076,10.551,0.035
3078.87444,10.535,0.035
3081.89044,10.502,0.035
3091.89023,10.511,0.037
3097.8813,10.552,0.033
3101.86357,10.588,0.038
3104.88742,10.583,0.04
3107.87634,10.53,0.037
3111.83652,10.516,0.042
3118.88473,10.536,0.032
3125.85517,10.574,0.04
3128.86362,10.513,0.039
3131.82701,10.534,0.038
3134.833,10.581,0.034
3142.81897,10.591,0.03
3146.79123,10.57,0.031
3153.85259,10.59,0.031
3156.79352,10.582,0.035
3162.81758,10.628,0.037
3164.8405,10.6,0.035
3170.77977,10.56,0.039
3182.74903,10.506,0.032
3184.73304,10.502,0.031
3186.85492,10.505,0.042
3189.75294,10.564,0.038
3191.8725,10.529,0.056
3323.55013,10.769,0.051
3433.88789,10.495,0.031
3444.87122,10.638,0.049
3448.88733,10.597,0.052
3452.89042,10.589,0.034
3455.86323,10.594,0.041
3462.85583,10.533,0.035
3465.89904,10.517,0.04
3468.88266,10.53,0.033
3472.87787,10.55,0.037
3475.90111,10.511,0.058
3481.83809,10.571,0.04
3489.8585,10.53,0.057
3492.84804,10.555,0.054
3496.89153,10.542,0.041
3500.87498,10.566,0.034
3503.83271,10.609,0.054
3506.87738,10.596,0.033
3509.90285,10.561,0.028
3512.78792,10.601,0.037
3520.83762,10.548,0.043
3525.77202,10.574,0.035
3530.78289,10.529,0.037
3538.78762,10.581,0.033
3540.78869,10.532,0.033
3543.72256,10.6,0.041
3550.81272,10.585,0.042
3553.75114,10.635,0.031
3555.87643,10.6,0.04
3561.73919,10.556,0.031
3563.78972,10.548,0.034
3569.7122,10.558,0.033
3571.72387,10.53,0.037
3573.84841,10.53,0.037
3576.62714,10.527,0.034
3578.6782,10.506,0.032
3582.85156,10.555,0.041
3585.6165,10.602,0.037
3587.65746,10.573,0.032
3589.69107,10.602,0.033
3591.79592,10.604,0.04
3594.58775,10.609,0.037
3597.63402,10.704,0.035
3602.64993,10.757,0.039
3617.57491,10.748,0.04
3619.63057,10.816,0.035
3621.69827,10.865,0.054
3624.68793,10.87,0.033
3626.68374,10.882,0.035
3629.67197,10.911,0.04
3631.69062,10.881,0.043
3633.70791,10.795,0.041
3636.71768,10.814,0.042
3639.59143,10.832,0.031
3642.59675,10.829,0.03
3644.63239,10.853,0.047
3648.5762,10.98,0.058
3650.62791,10.951,0.033
3652.57387,11.037,0.039
3654.56903,11.015,0.036
3656.59018,10.945,0.036
3658.61905,10.922,0.035
3660.64662,10.929,0.044
3662.66665,11.025,0.052
3668.65568,10.761,0.033
3671.54858,10.777,0.032
3673.58861,10.777,0.033
3676.54731,10.762,0.036
3679.51982,10.714,0.06
3699.52895,10.796,0.038
3702.52513,10.774,0.039
3705.52275,10.722,0.046
3708.52139,10.65,0.043
3791.89342,10.556,0.048
3795.89556,10.611,0.04
3799.89572,10.556,0.041
3804.89364,10.597,0.054
3808.89443,10.633,0.044
3812.89627,10.589,0.045
3819.90468,10.635,0.041
3823.8768,10.6,0.049
3827.86306,10.607,0.036
3831.86469,10.567,0.043
3834.89731,10.543,0.048
3849.81918,10.505,0.034
3852.8558,10.515,0.042
3861.83951,10.601,0.036
3863.84897,10.59,0.035
3865.89985,10.621,0.036
3867.83668,10.594,0.039
3869.84626,10.628,0.05
3871.82841,10.64,0.038
3875.81976,10.565,0.034
3882.79203,10.509,0.039
3886.84015,10.538,0.035
3889.76209,10.521,0.036
3891.81633,10.543,0.034
3893.81886,10.486,0.032
3898.8381,10.485,0.043
3901.73992,10.538,0.038
3903.78573,10.543,0.034
3905.81906,10.552,0.037
3908.71551,10.601,0.034
4159.8939,10.616,0.044
4167.88384,10.545,0.043
4174.893,10.431,0.036
4182.86745,10.566,0.041
4187.90433,10.594,0.04
4191.85618,10.608,0.037
4194.86685,10.585,0.035
4203.86983,10.467,0.033
4207.90003,10.481,0.039
4227.84841,10.618,0.032
4229.88957,10.635,0.031
4232.8267,10.564,0.044
4235.82475,10.555,0.031
4238.81738,10.54,0.046
4247.77927,10.586,0.032
4253.80912,10.667,0.049
4256.77164,10.673,0.029
4258.82454,10.654,0.032
4273.75151,10.777,0.043
4276.71632,10.88,0.056
4278.73647,10.887,0.03
4283.87105,10.831,0.037
4285.84158,10.952,0.045
4289.87181,10.85,0.033
4292.66658,10.9,0.028
4296.72195,10.859,0.041
4298.7306,10.885,0.037
4300.7105,10.821,0.042
4302.7455,10.796,0.03
4304.69209,10.779,0.03
4306.68663,10.788,0.029
4310.72261,10.842,0.033
4312.74426,10.801,0.039
4315.74148,10.845,0.041
4330.62489,10.709,0.029
4332.62136,10.724,0.031
4334.61566,10.76,0.039
4341.7083,10.798,0.032
4343.70636,10.783,0.044
4345.70806,10.738,0.032
4347.70648,10.634,0.041
4349.70973,10.67,0.035
4351.73375,10.63,0.056
4354.6198,10.677,0.031
4356.64616,10.6,0.033
4358.67662,10.575,0.032
4363.53565,10.591,0.029
4365.56801,10.623,0.032
4367.66798,10.598,0.038
4369.69122,10.625,0.042
4371.71187,10.637,0.038
4373.72424,10.668,0.038
4376.71554,10.715,0.035
4379.51514,10.676,0.03
4381.57081,10.7,0.037
4383.62041,10.668,0.034
4385.64822,10.653,0.029
4387.66556,10.614,0.03
4389.62621,10.636,0.035
4393.58152,10.662,0.049
4400.59994,10.505,0.044
4403.62469,10.544,0.036
4407.61173,10.624,0.034
4409.62825,10.654,0.033
4413.57557,10.604,0.03
4420.56838,10.525,0.04
4427.54184,10.608,0.046
4430.56366,10.539,0.044
4433.5355,10.586,0.036
4436.53854,10.582,0.034
4439.53707,10.577,0.033
4526.89384,10.584,0.036
4531.88569,10.574,0.052
4538.89577,10.675,0.04
4542.87908,10.715,0.037
4546.86599,10.682,0.041
4550.86751,10.678,0.042
4554.8593,10.688,0.046
4557.88793,10.659,0.038
4561.85416,10.637,0.033
4564.88648,10.676,0.031
4568.84794,10.781,0.048
4571.89543,10.825,0.032
4574.85084,10.818,0.032
4577.87793,10.849,0.038
4583.89267,10.869,0.034
4587.81407,10.887,0.04
4590.83532,10.763,0.036
4593.84698,10.807,0.029
4596.83633,10.841,0.033
4606.90801,11.001,0.043
4609.81196,11.069,0.037
4611.85652,11.082,0.033
4616.84076,10.993,0.032
4623.76413,10.872,0.033
4627.80568,10.764,0.033
4629.78853,10.776,0.03
4631.80316,10.766,0.033
4633.79185,10.801,0.039
4638.84411,10.789,0.037
4640.82713,10.774,0.031
4642.82262,10.815,0.033
4644.90318,10.828,0.041
4647.71285,10.821,0.039
4649.75203,10.823,0.042
4651.80908,10.796,0.032
4653.80991,10.784,0.032
4657.77177,10.736,0.035
4661.62442,10.62,0.038
4663.705,10.64,0.04
4665.74709,10.646,0.036
4671.67885,10.646,0.031
4679.61623,10.629,0.031
4681.85316,10.623,0.038
4684.60089,10.61,0.039
4686.63386,10.592,0.04
4690.64754,10.497,0.032
4693.69401,10.461,0.043
4696.82045,10.519,0.038
4698.73008,10.494,0.035
4700.72737,10.513,0.032
4707.65683,10.591,0.042
4709.75894,10.572,0.038
4716.56932,10.652,0.038
4721.61061,10.643,0.035
4724.64724,10.557,0.041
4726.68166,10.543,0.04
4729.65381,10.509,0.044
4739.51853,10.557,0.034
4741.72003,10.577,0.037
4744.50904,10.588,0.044
4746.52987,10.558,0.04
4748.56406,10.555,0.04
4753.64313,10.542,0.036
4756.54607,10.551,0.038
4758.65793,10.568,0.04
4761.5733,10.434,0.037
4764.56611,10.605,0.034
4766.62635,10.559,0.043
4769.55911,10.525,0.041
4771.60331,10.585,0.039
4774.52937,10.528,0.04
4776.56883,10.565,0.043
4778.5693,10.586,0.037
4780.60298,10.597,0.048
4784.57131,10.622,0.048
4787.56859,10.582,0.041
4793.56125,10.458,0.054
4796.56719,10.466,0.045
4799.54937,10.575,0.04
4802.53565,10.583,0.041
4806.53651,10.561,0.042
4906.89454,10.816,0.054
4910.89418,10.82,0.053
4917.87987,10.816,0.051
4921.87283,10.891,0.052
4928.90973,10.864,0.052
4935.87478,10.823,0.059
4938.87529,10.838,0.058
4945.83441,10.714,0.049
4951.88378,10.711,0.05
4954.87177,10.703,0.056
4961.79976,10.758,0.06
4966.79435,10.798,0.056
4969.80584,10.755,0.05
4985.74555,10.554,0.048
4991.81608,10.599,0.056
4994.83816,10.601,0.047
5006.80317,10.563,0.058
5012.8151,10.668,0.053
5014.75829,10.483,0.047
5021.78072,10.528,0.05
5023.80248,10.565,0.047
5040.72268,10.625,0.05
5047.70646,10.522,0.05
5049.72911,10.47,0.056
5063.61499,10.615,0.045
5070.72313,10.577,0.053
5075.67242,10.57,0.057
5082.76694,10.526,0.051
5084.76145,10.512,0.05
5089.59786,10.566,0.053
5093.66238,10.565,0.055
5098.5269,10.604,0.056
5104.60792,10.58,0.05
5111.57156,10.482,0.046
5124.56239,10.511,0.053
5145.54806,10.585,0.06
