1979.89942,10.749,0.043
1981.90441,10.763,0.042
1983.90006,10.769,0.043
1985.8804,10.714,0.049
2040.75778,10.912,0.035
2114.76422,10.611,0.028
2140.58808,10.674,0.032
2185.55844,10.528,0.029
2188.53775,10.54,0.045
2194.50389,10.622,0.032
2197.51623,10.635,0.029
2201.49959,10.739,0.033
2207.51085,10.821,0.033
2443.73522,10.703,0.024
2444.73502,10.711,0.026
2445.726,10.722,0.025
2454.72402,10.72,0.049
2466.68338,10.556,0.03
2468.6918,10.623,0.037
2470.64514,10.555,0.033
2481.63952,10.502,0.052
2508.54461,10.613,0.038
2521.50713,10.645,0.022
2540.57452,10.641,0.045
2545.62461,10.916,0.022
2553.52349,10.921,0.043
2558.51711,10.939,0.028
2562.51146,10.893,0.024
2563.57441,10.852,0.027
2566.52502,10.81,0.025
2568.55819,10.752,0.039
2578.52815,10.648,0.029
2711.90235,10.769,0.031
2714.90387,10.745,0.025
2721.88175,10.718,0.037
2727.88993,10.614,0.034
2729.88023,10.611,0.027
2733.88578,10.598,0.03
2736.86614,10.633,0.029
2739.86814,10.68,0.033
2742.85808,10.703,0.026
2754.87189,10.589,0.031
2756.89693,10.552,0.024
2758.91546,10.543,0.023
2760.88424,10.613,0.023
2765.81866,10.662,0.021
2782.87105,10.706,0.024
2784.80735,10.651,0.022
2786.78836,10.659,0.022
2790.80405,10.575,0.027
2802.86318,10.582,0.037
2804.73309,10.631,0.028
2808.81579,10.74,0.024
2810.72814,10.777,0.022
2812.71509,10.87,0.023
2815.83881,10.925,0.026
2819.75108,11.019,0.024
2829.69455,10.88,0.044
2830.79286,10.829,0.027
2832.66117,10.813,0.025
2835.72581,10.711,0.023
2838.71926,10.622,0.022
2851.65836,10.388,0.022
2853.78225,10.398,0.023
2855.705,10.423,0.029
2860.63498,10.491,0.028
2862.63903,10.549,0.027
2866.63908,10.605,0.025
2867.71907,10.65,0.027
2872.61269,10.745,0.023
2875.63403,10.871,0.022
2877.62218,10.885,0.023
2879.62288,10.932,0.023
2882.67034,10.921,0.05
2884.61115,10.969,0.024
2886.55059,10.869,0.024
2892.5707,10.802,0.027
2893.68076,10.846,0.029
2895.63863,10.733,0.023
2897.65015,10.699,0.023
2902.50458,10.673,0.024
2902.51599,10.646,0.025
2902.51821,10.647,0.023
2902.52043,10.659,0.023
2902.52265,10.66,0.023
2902.52712,10.666,0.024
2902.52934,10.665,0.023
2902.53156,10.677,0.023
2902.53624,10.657,0.023
2902.53847,10.674,0.023
2902.54317,10.659,0.023
2902.54784,10.703,0.023
2902.55259,10.668,0.023
2902.5548,10.644,0.023
2902.55703,10.665,0.023
2902.55925,10.675,0.023
2902.56147,10.667,0.024
2902.56369,10.678,0.023
2902.56591,10.673,0.023
2902.56814,10.678,0.023
2902.57037,10.688,0.023
2902.57259,10.669,0.023
2902.57481,10.671,0.024
2902.57704,10.672,0.023
2902.57926,10.676,0.023
2902.58148,10.684,0.023
2902.5837,10.668,0.023
2902.58592,10.665,0.024
2902.58815,10.653,0.023
2902.59259,10.672,0.023
2902.59482,10.68,0.024
2902.59705,10.664,0.025
2902.59928,10.663,0.025
2902.6015,10.666,0.024
2902.60373,10.651,0.024
2902.60596,10.686,0.024
2902.60818,10.655,0.024
2902.6104,10.655,0.024
2902.61263,10.674,0.024
2902.61486,10.641,0.024
2902.61709,10.671,0.024
2902.61931,10.647,0.024
2902.62153,10.662,0.025
2902.62376,10.652,0.023
2902.62599,10.665,0.024
2902.62821,10.663,0.024
2902.63043,10.67,0.024
2902.63266,10.664,0.025
2902.63488,10.685,0.024
2902.6371,10.663,0.024
2902.63933,10.677,0.025
2902.64156,10.667,0.024
2902.64379,10.663,0.023
2902.64601,10.667,0.024
2902.64825,10.669,0.024
2902.65047,10.679,0.024
2902.65269,10.646,0.025
2902.65491,10.675,0.024
2902.65713,10.647,0.028
2902.65936,10.652,0.035
2902.66159,10.677,0.036
2902.6638,10.671,0.029
2902.66603,10.69,0.034
2902.66825,10.675,0.042
2902.67049,10.645,0.05
2902.67271,10.666,0.045
2903.48871,10.642,0.051
2903.49093,10.663,0.047
2903.49317,10.66,0.047
2903.49538,10.647,0.056
2903.4976,10.636,0.052
2903.50426,10.655,0.057
2903.50649,10.649,0.03
2903.50872,10.652,0.05
2903.51094,10.654,0.046
2903.51316,10.743,0.044
2903.51539,10.665,0.05
2903.51761,10.706,0.038
2903.51983,10.673,0.04
2903.52205,10.659,0.036
2903.53095,10.656,0.052
2903.53319,10.621,0.05
2903.53541,10.61,0.036
2903.53764,10.662,0.037
2903.53988,10.641,0.037
2903.5421,10.615,0.035
2903.54432,10.651,0.03
2903.54654,10.614,0.058
2903.54879,10.648,0.039
2903.55101,10.636,0.035
2903.55324,10.661,0.03
2903.55549,10.655,0.04
2903.55771,10.675,0.04
2903.57773,10.676,0.049
2903.5933,10.716,0.051
2903.59552,10.67,0.037
2903.59776,10.682,0.035
2903.59998,10.702,0.042
2903.6022,10.682,0.054
2903.62666,10.65,0.052
2903.6289,10.666,0.041
2903.63113,10.628,0.046
2903.63335,10.661,0.055
2903.6445,10.633,0.043
2905.66238,10.642,0.025
2906.4923,10.668,0.022
2906.53273,10.682,0.035
2906.57284,10.643,0.024
2906.61357,10.671,0.023
2906.65499,10.671,0.022
2908.50475,10.638,0.027
2908.54302,10.644,0.024
2908.57923,10.663,0.023
2908.61177,10.661,0.021
2909.50299,10.652,0.025
2909.541,10.638,0.032
2909.57684,10.669,0.023
2910.49423,10.639,0.027
2910.51952,10.639,0.026
2910.546,10.678,0.025
2910.56992,10.644,0.022
2910.59651,10.653,0.028
2910.62081,10.669,0.024
2910.64872,10.665,0.024
2911.48872,10.611,0.026
2911.51498,10.671,0.026
2911.56259,10.676,0.025
2911.63834,10.695,0.023
2912.48662,10.646,0.027
2912.54066,10.674,0.025
2912.56483,10.686,0.033
2912.58829,10.687,0.024
2912.61054,10.653,0.024
2912.63155,10.663,0.023
2913.60704,10.659,0.056
2913.6329,10.715,0.037
2917.49514,10.722,0.025
2917.52174,10.707,0.023
2917.54793,10.737,0.033
2917.57377,10.733,0.025
2917.58814,10.754,0.026
2917.60204,10.735,0.027
2917.61745,10.728,0.025
2917.6321,10.73,0.025
2918.53612,10.6,0.041
2918.56673,10.722,0.038
2918.59168,10.753,0.034
2918.61697,10.726,0.028
2921.50338,10.755,0.034
2921.5527,10.772,0.029
2921.60199,10.739,0.035
2922.49722,10.805,0.028
2922.54597,10.806,0.024
2922.61136,10.811,0.027
2923.4933,10.776,0.03
2923.51907,10.815,0.025
2923.54442,10.831,0.027
2923.57023,10.835,0.025
2923.59657,10.83,0.025
2924.4906,10.82,0.024
2924.51613,10.855,0.026
2924.56771,10.84,0.026
2924.59276,10.827,0.028
2926.52878,10.892,0.024
2926.56648,10.884,0.028
2926.60404,10.854,0.023
2927.49224,10.841,0.024
2927.52954,10.882,0.023
2928.49225,10.915,0.03
2928.51795,10.868,0.028
2928.54359,10.883,0.025
2928.59188,10.938,0.026
2929.49308,10.907,0.031
2929.51897,10.959,0.031
2929.54459,10.907,0.025
2929.5703,10.928,0.023
2929.59627,10.932,0.024
2930.49297,10.92,0.025
2930.51778,10.922,0.024
2930.54257,10.935,0.023
2930.56728,10.937,0.023
2930.5925,10.938,0.024
2931.49343,10.961,0.025
2931.51784,10.959,0.024
2931.54224,10.946,0.023
2931.5665,10.971,0.023
2931.59161,10.953,0.024
2932.4944,10.954,0.025
2932.51864,10.94,0.023
2932.54335,10.937,0.025
2932.56788,10.97,0.024
2933.52013,10.975,0.024
2933.54561,10.958,0.024
2933.57112,10.961,0.023
2934.4946,10.984,0.026
2934.52039,10.998,0.024
2934.54571,10.984,0.024
2934.57204,10.993,0.025
2935.49825,11.022,0.033
2935.52361,11.007,0.025
2935.54934,10.993,0.024
2935.57514,11.008,0.024
2936.49611,11.023,0.046
2936.52088,10.989,0.042
2936.57213,10.989,0.04
2937.52018,11.008,0.024
2937.545,11.012,0.023
2937.56964,11.007,0.024
2939.49729,10.975,0.024
2939.5357,10.983,0.023
2940.49777,11.013,0.054
2940.53529,10.958,0.041
2944.51302,10.801,0.025
2944.53847,10.843,0.026
2945.51347,10.784,0.027
2945.53931,10.769,0.03
2946.51178,10.76,0.023
2946.53729,10.742,0.025
2947.52253,10.721,0.026
2949.50764,10.683,0.027
2950.50545,10.628,0.028
2951.50298,10.618,0.03
2953.50748,10.621,0.028
2954.50767,10.638,0.026
2955.50516,10.612,0.025
2956.50568,10.619,0.027
2958.50675,10.637,0.026
2959.50808,10.597,0.033
3075.90577,10.726,0.044
3076.89782,10.701,0.042
3077.90037,10.721,0.04
3081.89714,10.728,0.043
3082.90247,10.731,0.045
3089.90714,10.78,0.042
3090.89855,10.783,0.037
3091.90215,10.803,0.042
3092.90513,10.81,0.041
3093.89751,10.793,0.048
3098.91004,10.826,0.048
3099.90861,10.845,0.047
3100.87965,10.804,0.046
3101.90185,10.81,0.043
3103.88,10.864,0.048
3104.87352,10.888,0.056
3105.87519,10.85,0.056
3106.85055,10.885,0.054
3106.88434,10.89,0.043
3109.88256,10.897,0.053
3109.91688,10.889,0.026
3110.91541,10.856,0.027
3112.91529,10.895,0.027
3113.88322,10.86,0.044
3114.87043,10.897,0.053
3114.90705,10.886,0.04
3115.86337,10.896,0.052
3116.90581,10.867,0.026
3122.91391,10.84,0.027
3124.84281,10.846,0.056
3124.87923,10.829,0.023
3124.92221,10.835,0.029
3125.81819,10.866,0.049
3125.84942,10.838,0.049
3125.87286,10.808,0.028
3125.90141,10.834,0.027
3126.86716,10.797,0.051
3126.90056,10.85,0.036
3127.81236,10.845,0.06
3127.88257,10.822,0.051
3128.83303,10.829,0.051
3128.87067,10.795,0.055
3128.90642,10.829,0.029
3129.89126,10.795,0.03
3130.83193,10.806,0.054
3130.86843,10.838,0.035
3130.9008,10.8,0.028
3131.81329,10.776,0.05
3131.85022,10.808,0.032
3131.88773,10.793,0.029
3132.81423,10.754,0.052
3132.84839,10.788,0.046
3132.87983,10.783,0.035
3133.81348,10.742,0.051
3133.847,10.783,0.049
3133.87602,10.771,0.036
3141.79449,10.628,0.056
3141.83064,10.573,0.036
3142.80334,10.571,0.053
3142.83751,10.561,0.027
3142.86556,10.569,0.023
3142.89151,10.557,0.025
3144.82533,10.581,0.026
3144.86172,10.533,0.028
3144.90336,10.56,0.029
3146.8042,10.537,0.046
3146.8406,10.567,0.029
3146.87031,10.537,0.028
3146.90758,10.561,0.029
3153.83908,10.641,0.032
3153.88797,10.637,0.024
3153.93794,10.622,0.026
3154.76802,10.669,0.033
3154.79653,10.854,0.024
3154.82007,10.636,0.024
3154.84427,10.68,0.023
3154.8743,10.66,0.022
3154.91656,10.667,0.025
3156.76474,10.674,0.054
3156.79888,10.683,0.052
3156.83323,10.687,0.025
3156.86977,10.717,0.024
3156.90468,10.722,0.025
3157.83566,10.731,0.04
3157.91119,10.742,0.054
3158.74759,10.721,0.05
3158.78378,10.716,0.034
3158.81018,10.733,0.027
3158.84096,10.718,0.027
3158.87173,10.727,0.029
3158.91273,10.692,0.027
3159.78562,10.718,0.055
3159.81344,10.727,0.04
3160.78081,10.761,0.054
3160.81206,10.763,0.037
3162.81535,10.768,0.027
3162.85177,10.796,0.047
3162.94087,10.791,0.05
3163.77647,10.824,0.026
3163.80814,10.836,0.027
3163.84211,10.829,0.024
3163.87092,10.828,0.025
3163.90205,10.838,0.026
3164.73502,10.857,0.043
3164.77075,10.813,0.026
3164.79689,10.802,0.023
3164.82233,10.85,0.025
3164.84831,10.869,0.024
3164.88177,10.832,0.024
3164.91149,10.844,0.024
3165.72627,10.849,0.047
3165.76103,10.874,0.041
3165.7885,10.835,0.05
3165.81367,10.838,0.034
3166.74238,10.884,0.051
3166.77636,10.89,0.024
3166.80304,10.883,0.024
3166.83234,10.858,0.024
3166.86388,10.904,0.025
3166.89286,10.893,0.031
3167.76575,10.897,0.025
3168.76642,10.883,0.024
3168.80288,10.904,0.025
3168.84115,10.911,0.025
3168.87189,10.911,0.025
3168.90828,10.949,0.028
3169.75036,10.923,0.036
3169.77698,10.938,0.024
3169.80349,10.937,0.026
3169.82989,10.93,0.026
3169.8608,10.926,0.034
3169.89162,10.944,0.026
3170.757,10.929,0.052
3170.79292,10.93,0.028
3170.8211,10.923,0.031
3170.85063,10.931,0.027
3170.87978,10.953,0.025
3170.90861,10.913,0.026
3171.74953,10.913,0.035
3171.81257,10.932,0.033
3171.90166,10.93,0.033
3171.93397,10.969,0.03
3172.75704,10.963,0.048
3173.75255,10.955,0.048
3174.78476,10.969,0.028
3175.77971,11.008,0.026
3175.83734,11.01,0.025
3175.87685,10.988,0.025
3175.9196,10.995,0.023
3176.73606,10.995,0.031
3176.7756,10.99,0.027
3178.74269,10.972,0.032
3178.76938,10.984,0.031
3179.70727,10.992,0.06
3179.7752,10.991,0.024
3179.80474,10.973,0.03
3179.83055,10.971,0.024
3179.85757,10.979,0.024
3179.88752,11.013,0.025
3180.72402,10.97,0.036
3180.75469,10.943,0.027
3180.78086,10.976,0.024
3180.80769,10.966,0.022
3180.83888,10.969,0.024
3180.87237,11.003,0.024
3180.89947,10.951,0.023
3182.70661,10.959,0.048
3182.7447,10.978,0.028
3182.81484,10.947,0.031
3182.85116,10.946,0.03
3182.89243,10.928,0.033
3183.72672,10.946,0.025
3183.76302,10.961,0.026
3183.79168,10.938,0.027
3183.82034,10.974,0.029
3183.85256,10.938,0.027
3183.8893,10.953,0.027
3184.69956,10.936,0.057
3184.72752,10.941,0.023
3185.7119,10.917,0.043
3185.74085,10.915,0.03
3185.7709,10.928,0.027
3185.8281,10.93,0.027
3185.85414,10.917,0.026
3186.70909,10.894,0.045
3186.7546,10.909,0.027
3186.78125,10.93,0.027
3186.80946,10.977,0.029
3186.84257,10.942,0.03
3186.86982,10.932,0.029
3187.70879,10.889,0.035
3187.73271,10.909,0.026
3187.75584,10.872,0.026
3187.78133,10.891,0.028
3187.80469,10.87,0.027
3187.8313,10.936,0.029
3187.85728,10.901,0.028
3190.741,10.909,0.03
3190.77436,10.853,0.031
3190.8059,10.872,0.032
3190.85953,10.873,0.031
3191.70173,10.863,0.045
3191.72805,10.864,0.035
3191.75446,10.925,0.035
3191.78831,10.879,0.035
3191.81479,10.876,0.034
3191.84095,10.915,0.031
3191.87091,10.874,0.036
3193.87195,10.831,0.029
3272.55009,10.751,0.025
3277.61235,10.786,0.029
3280.5497,10.797,0.024
3293.58794,10.788,0.028
3296.51963,10.745,0.028
3299.55816,10.777,0.03
3447.90439,10.666,0.027
3453.89435,10.714,0.036
3457.88535,10.749,0.027
3464.88112,10.649,0.038
3468.87825,10.606,0.023
3472.91015,10.604,0.031
3476.88564,10.597,0.031
3480.86135,10.709,0.034
3483.9049,10.715,0.033
3487.89662,10.769,0.028
3491.91803,10.833,0.034
3496.88769,10.812,0.04
3500.87104,10.967,0.027
3503.85192,10.812,0.03
3506.86617,10.72,0.024
3509.85667,10.709,0.024
3512.79952,10.664,0.027
3525.78505,10.704,0.024
3530.77375,10.685,0.029
3539.78647,10.702,0.037
3550.74719,10.91,0.031
3552.85365,10.86,0.033
3555.76582,10.85,0.026
3559.69868,10.83,0.034
3561.72211,10.831,0.027
3563.77587,10.793,0.03
3569.69798,10.782,0.025
3573.6964,10.823,0.028
3575.71026,10.851,0.027
3577.73542,10.846,0.029
3582.80762,10.784,0.03
3585.60866,10.794,0.029
3587.64719,10.779,0.026
3589.65948,10.803,0.033
3591.71423,10.797,0.035
3602.65388,10.853,0.029
3616.60891,10.997,0.029
3619.5552,11.048,0.033
3621.60979,11.038,0.043
3624.62062,11.018,0.026
3628.59484,10.951,0.027
3630.66623,10.98,0.034
3632.67209,10.97,0.034
3635.5705,10.939,0.043
3638.65605,10.966,0.037
3641.62843,10.929,0.027
3644.54036,10.901,0.037
3648.53845,10.905,0.025
3650.56855,10.942,0.031
3652.54791,10.975,0.028
3655.53667,10.984,0.037
3657.60615,11.008,0.038
3660.53635,11.031,0.033
3664.57637,11.058,0.034
3668.55656,11.037,0.026
3671.54109,11.026,0.028
3674.54369,10.998,0.03
3677.53052,10.962,0.026
3808.90737,10.654,0.035
3815.90393,10.602,0.034
3820.91032,10.574,0.032
3824.90022,10.651,0.032
3832.88051,10.701,0.027
3836.88224,10.774,0.03
3849.86466,10.862,0.03
3852.87963,10.893,0.031
3855.8738,10.785,0.041
3861.90211,10.699,0.03
3863.87274,10.685,0.025
3865.90203,10.646,0.027
3867.85942,10.638,0.029
3869.84853,10.581,0.034
3871.83662,10.61,0.039
3875.83197,10.641,0.027
3882.80484,10.618,0.027
3886.82897,10.718,0.028
3889.78108,10.792,0.026
3891.81318,10.847,0.025
3893.81001,10.842,0.024
3896.80318,10.883,0.032
3901.83081,10.864,0.035
3903.84597,10.779,0.026
3905.86813,10.778,0.032
3908.7453,10.678,0.025
4180.90343,10.836,0.038
4184.90524,10.885,0.051
4190.90102,10.779,0.034
4194.87699,10.824,0.029
4204.87516,10.653,0.03
4216.8965,10.734,0.033
4229.89331,10.931,0.028
4232.8402,10.9,0.027
4234.87946,10.932,0.029
4246.77618,10.904,0.027
4250.79978,10.896,0.025
4253.89128,10.839,0.04
4256.82152,10.827,0.026
4273.74654,10.881,0.027
4276.73168,10.877,0.03
4278.74058,10.935,0.023
4284.75111,10.985,0.034
4286.7487,10.97,0.053
4290.7434,10.951,0.034
4292.73302,11.069,0.027
4296.71976,11.032,0.042
4298.72846,11.061,0.034
4300.70568,11.09,0.032
4302.74344,11.021,0.026
4304.68499,11.02,0.025
4306.66899,11.007,0.026
4308.6761,10.962,0.037
4311.6718,10.871,0.036
4317.61361,10.758,0.024
4329.62312,10.654,0.032
4331.60818,10.72,0.024
4333.59532,10.702,0.023
4336.58554,10.737,0.028
4339.65183,10.831,0.029
4341.65144,10.793,0.03
4343.65151,10.892,0.037
4345.65134,10.871,0.026
4347.65215,10.892,0.036
4349.64573,10.881,0.033
4351.64269,10.814,0.031
4354.59922,10.804,0.034
4356.62201,10.743,0.026
4358.63204,10.707,0.029
4362.62151,10.626,0.025
4367.50649,10.491,0.029
4369.56132,10.468,0.032
4371.58012,10.483,0.035
4373.59236,10.477,0.029
4376.58029,10.517,0.026
4378.5983,10.491,0.032
4380.62772,10.481,0.036
4383.56528,10.533,0.025
4385.60672,10.517,0.026
4388.4981,10.526,0.029
4400.5322,10.803,0.033
4407.5248,10.836,0.027
4411.51752,10.866,0.028
4547.90187,10.554,0.031
4551.89963,10.468,0.033
4558.88422,10.373,0.025
4562.89427,10.432,0.033
4566.89814,10.53,0.027
4570.88376,10.628,0.026
4574.85602,10.712,0.029
4579.89842,10.847,0.029
4585.92163,10.874,0.031
4588.87226,10.83,0.032
4591.86372,10.853,0.03
4594.86366,10.828,0.025
4597.8433,10.759,0.026
4602.8527,10.71,0.032
4606.85651,10.593,0.036
4609.81779,10.59,0.03
4615.84154,10.659,0.029
4617.81912,10.702,0.029
4623.84958,10.776,0.028
4626.71919,10.789,0.033
4630.74226,10.767,0.026
4632.74372,10.814,0.028
4639.77241,10.953,0.029
4641.78039,10.886,0.027
4643.77121,10.902,0.035
4645.81517,10.885,0.027
4648.70529,10.854,0.031
4649.76147,10.803,0.032
4650.75465,10.783,0.029
4652.76494,10.764,0.025
4654.75285,10.738,0.026
4656.72037,10.731,0.042
4660.67806,10.71,0.025
4662.71058,10.648,0.036
4666.77687,10.656,0.029
4670.69194,10.668,0.05
4672.71573,10.581,0.025
4681.66335,10.655,0.032
4683.66283,10.711,0.032
4685.64392,10.771,0.034
4687.64112,10.767,0.03
4694.62843,10.886,0.034
4697.7203,10.788,0.029
4701.69447,10.865,0.031
4703.69929,10.832,0.027
4706.61762,10.858,0.029
4709.58494,10.901,0.042
4715.66411,10.83,0.032
4721.5489,10.869,0.029
4724.58872,10.834,0.031
4729.62066,10.778,0.029
4736.60207,10.741,0.032
4739.59433,10.694,0.029
4742.54591,10.714,0.035
4744.55376,10.669,0.033
4754.5893,10.819,0.037
4757.54692,10.857,0.034
4760.54109,10.843,0.031
4763.53969,10.795,0.032
4766.52472,10.793,0.029
4769.52162,10.721,0.03
4772.51951,10.749,0.035
4776.52237,10.73,0.038
4780.52518,10.776,0.034
4785.51137,10.744,0.034
4919.89947,10.663,0.042
4931.89427,10.69,0.043
4934.88444,10.656,0.048
4941.87462,10.691,0.053
4945.871,10.801,0.037
4949.85171,10.862,0.038
4952.86395,10.87,0.035
4955.83514,10.924,0.042
4959.88403,10.959,0.043
4962.84374,10.879,0.043
4967.88005,10.799,0.041
4974.81473,10.72,0.041
4984.81865,10.532,0.043
4988.80081,10.566,0.043
4990.80318,10.54,0.042
4994.80497,10.587,0.044
5006.77096,10.754,0.043
5009.75866,10.818,0.046
5012.80498,10.823,0.044
5014.74427,10.793,0.036
5017.71792,10.757,0.047
5022.73104,10.834,0.045
5024.73535,10.832,0.045
5031.70067,10.761,0.035
5035.71567,10.681,0.057
5038.68317,10.581,0.051
5040.66682,10.601,0.051
5042.66881,10.594,0.044
5049.65605,10.569,0.047
5067.65021,10.744,0.045
5071.65186,10.846,0.045
5082.67695,10.779,0.042
5085.56844,10.704,0.049
5087.60097,10.692,0.039
5089.66744,10.746,0.038
5092.56418,10.704,0.035
5097.54782,10.668,0.044
5099.56196,10.69,0.04
5106.57707,10.631,0.047
5111.58897,10.672,0.04
5131.51758,10.849,0.045
5145.5236,10.692,0.043
