1963.89782,12.066,0.041
1966.88819,12.073,0.036
1978.89529,12.434,0.041
1980.8766,12.457,0.04
1982.86432,12.419,0.04
1984.85295,12.596,0.039
1998.84738,13.01,0.051
2000.84957,12.868,0.046
2020.80831,12.855,0.057
2026.77931,12.621,0.036
2027.83721,12.636,0.042
2030.86274,12.662,0.041
2031.84915,12.588,0.045
2032.90093,12.591,0.043
2033.84497,12.602,0.038
2037.79788,12.453,0.045
2052.77571,11.893,0.041
2053.79384,11.973,0.043
2054.79249,11.824,0.044
2055.7743,11.791,0.046
2056.77556,11.774,0.044
2057.77863,11.681,0.043
2058.76827,11.614,0.046
2061.80314,11.567,0.04
2064.81193,11.608,0.055
2065.75271,11.453,0.048
2080.6645,10.969,0.044
2081.7164,10.912,0.039
2082.72778,10.914,0.045
2083.72308,10.883,0.05
2085.71001,10.832,0.041
2086.72514,10.828,0.043
2087.69734,10.777,0.046
2088.69864,10.76,0.043
2093.62907,10.555,0.049
2094.61558,10.518,0.046
2103.66247,9.982,0.043
2104.67085,9.891,0.042
2105.67189,9.793,0.042
2106.66147,9.691,0.045
2114.69454,8.817,0.039
2115.6462,8.685,0.035
2116.64288,8.576,0.038
2117.62749,8.467,0.041
2128.58594,7.595,0.04
2129.60756,7.555,0.041
2130.61657,7.551,0.038
2131.60018,7.779,0.038
2132.60609,7.713,0.043
2133.60019,7.482,0.038
2134.61358,7.333,0.039
2135.59719,6.989,0.057
2136.59667,6.971,0.036
2140.57664,7.479,0.034
2141.59495,7.175,0.036
2143.58079,7.478,0.041
2144.57402,7.439,0.041
2145.57854,7.405,0.037
2156.5701,7.515,0.042
2167.51118,7.633,0.036
2169.52753,7.465,0.037
2172.5189,7.461,0.036
2184.48598,7.499,0.048
2187.50362,7.91,0.034
2192.55458,7.803,0.037
2194.55804,7.778,0.036
2197.50667,8.116,0.038
2202.56331,7.939,0.049
2212.55587,8.246,0.038
2216.5028,8.362,0.038
2442.72474,8.819,0.029
2443.71996,8.727,0.031
2444.7287,8.633,0.03
2446.71787,8.45,0.03
2464.67583,7.603,0.03
2465.67278,7.587,0.029
2466.6724,7.548,0.03
2467.66487,7.53,0.027
2468.69438,7.489,0.028
2473.6444,7.383,0.031
2474.68444,7.346,0.035
2481.63292,7.259,0.044
2482.64923,7.271,0.035
2486.62215,7.24,0.035
2487.65497,7.284,0.047
2489.65351,7.254,0.034
2490.64524,7.216,0.037
2491.62497,7.265,0.038
2493.60916,7.261,0.031
2495.61396,7.264,0.031
2497.60681,7.286,0.028
2498.59717,7.294,0.03
2499.60199,7.29,0.028
2501.59904,7.316,0.028
2502.60582,7.314,0.03
2503.60822,7.361,0.032
2508.61167,7.424,0.034
2510.60665,7.475,0.031
2511.6499,7.481,0.045
2526.49975,7.951,0.035
2529.54663,8.048,0.041
2535.5545,8.322,0.035
2543.64994,8.633,0.044
2545.63346,8.709,0.031
2551.55883,8.906,0.053
2556.55759,9.015,0.052
2562.49953,9.296,0.034
2563.5625,9.337,0.032
2564.58289,9.36,0.033
2578.55791,9.85,0.03
2701.89346,12.687,0.037
2711.88584,12.318,0.036
2714.88073,12.117,0.033
2722.83147,11.837,0.04
2730.85111,11.367,0.033
2734.82828,11.272,0.045
2736.87841,11.162,0.042
2738.87697,11.108,0.034
2741.83228,11.014,0.035
2743.88054,10.973,0.033
2744.89674,10.922,0.033
2747.89641,10.911,0.049
2754.85393,10.693,0.033
2756.8598,10.633,0.031
2758.89701,10.56,0.036
2760.87802,10.467,0.036
2764.82718,10.207,0.032
2782.88771,8.603,0.031
2784.79881,8.435,0.038
2786.77265,8.273,0.038
2790.79004,7.997,0.033
2804.72428,7.325,0.043
2808.82086,7.154,0.034
2812.69506,6.958,0.038
2814.86581,6.837,0.037
2818.92216,6.661,0.032
2821.6995,6.54,0.034
2829.68573,6.328,0.046
2830.78565,6.306,0.032
2835.71705,6.613,0.036
2838.70804,6.45,0.032
2851.67491,6.521,0.03
2853.79612,6.598,0.033
2855.70966,6.616,0.043
2858.72817,6.746,0.031
2867.57518,7.076,0.031
2872.61494,7.298,0.03
2874.79308,7.402,0.037
2876.67298,7.472,0.033
2878.65092,7.557,0.032
2883.60025,7.78,0.03
2884.76205,7.829,0.05
2886.55497,7.912,0.03
2892.61207,8.189,0.036
2893.70154,8.231,0.054
2897.67558,8.415,0.035
2902.49514,8.626,0.035
2917.52363,9.171,0.036
2923.53016,9.4,0.035
2926.53764,9.512,0.037
2928.53835,9.606,0.04
2932.54757,9.765,0.033
2934.54297,9.844,0.034
2939.54897,10.033,0.034
2945.51989,10.283,0.041
2947.57291,10.361,0.034
2950.55337,10.474,0.043
2955.53442,10.702,0.038
2957.54594,10.746,0.036
2972.51891,11.365,0.039
3071.89731,10.868,0.043
3075.89548,10.774,0.038
3082.88712,10.563,0.038
3092.87191,10.182,0.031
3097.9064,9.93,0.049
3101.89155,9.633,0.039
3102.88746,9.564,0.036
3109.86053,8.881,0.046
3113.84551,8.461,0.041
3125.85776,7.513,0.038
3128.8387,7.376,0.04
3131.83229,7.254,0.046
3141.81831,6.995,0.039
3153.84227,6.818,0.032
3159.73482,6.803,0.058
3169.72754,6.926,0.039
3171.87555,6.97,0.05
3175.86688,7.064,0.032
3180.79477,7.204,0.037
3183.76088,7.297,0.04
3187.73567,7.541,0.044
3190.75676,7.529,0.046
3194.92177,7.684,0.041
3266.65341,10.523,0.033
3273.52653,10.743,0.037
3275.64067,10.813,0.047
3293.60509,11.294,0.041
3444.89599,7.555,0.047
3444.90379,7.561,0.05
3449.88029,7.162,0.038
3450.89422,7.089,0.05
3453.86285,6.911,0.039
3456.88764,6.769,0.043
3459.8667,6.634,0.042
3459.89814,6.671,0.051
3465.8614,6.618,0.043
3465.8639,6.513,0.038
3468.88871,6.432,0.039
3468.89209,6.449,0.032
3472.89324,6.33,0.054
3473.86778,6.333,0.034
3476.85954,6.314,0.049
3476.86636,6.346,0.045
3479.90943,6.306,0.043
3479.92134,6.308,0.044
3480.88365,6.308,0.05
3482.89566,6.288,0.054
3482.90968,6.324,0.045
3483.89066,6.329,0.038
3487.89965,6.399,0.042
3491.92102,6.462,0.049
3491.9261,6.503,0.041
3496.86584,6.584,0.029
3496.89763,6.578,0.04
3500.84871,6.688,0.051
3500.8658,6.681,0.048
3503.82376,6.739,0.041
3503.82964,6.724,0.035
3506.87181,6.838,0.033
3509.83338,6.893,0.033
3509.89472,6.91,0.033
3512.77928,6.984,0.042
3512.80458,7.136,0.038
3520.82978,7.194,0.049
3522.81038,7.232,0.052
3524.84012,7.355,0.053
3538.78537,7.78,0.037
3538.80467,7.743,0.032
3540.78645,7.855,0.043
3540.79794,7.834,0.055
3550.76988,8.202,0.044
3553.71286,8.325,0.046
3555.83691,8.407,0.039
3559.68888,8.704,0.038
3561.73128,8.641,0.043
3563.77957,8.733,0.039
3563.78266,8.726,0.043
3570.61871,9.021,0.042
3573.69999,9.123,0.043
3575.71301,9.202,0.038
3577.73815,9.263,0.042
3582.82443,9.462,0.046
3584.84066,9.542,0.041
3587.60231,9.66,0.038
3587.80566,9.639,0.037
3589.63986,9.713,0.04
3591.70371,9.812,0.051
3594.57605,9.935,0.044
3601.61773,10.129,0.047
3603.62086,10.228,0.038
3606.62261,10.334,0.038
3616.66849,10.714,0.041
3619.56758,10.819,0.037
3621.62142,10.849,0.056
3628.54306,11.091,0.038
3630.61987,11.205,0.043
3632.62634,11.233,0.042
3634.65905,11.322,0.042
3637.66211,11.445,0.041
3637.68513,11.591,0.04
3640.68603,11.606,0.042
3643.5188,11.584,0.05
3643.66853,11.711,0.046
3646.59312,11.716,0.036
3649.54439,11.854,0.042
3651.56488,11.811,0.043
3656.51084,11.916,0.047
3658.57756,12.007,0.045
3660.59585,12.021,0.045
3662.62411,12.238,0.058
3664.62884,12.013,0.042
3671.54614,12.03,0.035
3673.58619,12.079,0.034
3676.54448,12.015,0.038
3701.52193,11.529,0.049
3704.52065,11.383,0.04
3806.89645,6.216,0.045
3809.90103,6.184,0.047
3813.8871,6.175,0.043
3814.89473,6.193,0.049
3814.89919,6.187,0.044
3820.885,6.226,0.05
3820.89706,6.244,0.046
3821.88174,6.237,0.042
3824.8743,6.25,0.053
3824.88359,6.275,0.055
3825.88406,6.356,0.057
3827.89062,6.31,0.04
3828.87261,6.335,0.044
3829.87367,6.323,0.046
3831.88937,6.361,0.044
3832.85472,6.403,0.041
3833.87125,6.423,0.055
3835.86972,6.456,0.047
3836.85504,6.486,0.048
3849.83123,6.867,0.042
3849.83694,6.88,0.039
3849.8618,6.868,0.037
3852.86354,6.973,0.049
3852.86595,6.997,0.044
3852.89879,6.965,0.044
3855.85331,7.101,0.057
3861.82739,7.407,0.04
3863.84582,7.485,0.037
3863.86571,7.482,0.045
3865.89143,7.596,0.047
3867.83106,7.686,0.043
3869.8263,7.794,0.052
3869.84322,7.776,0.057
3869.85103,7.754,0.051
3874.86882,8.011,0.044
3877.79605,8.158,0.039
3880.88596,8.298,0.037
3882.82001,8.355,0.038
3883.86415,8.434,0.048
3886.91317,8.525,0.039
3887.80264,8.599,0.04
3887.81282,8.573,0.042
3889.79766,8.659,0.041
3891.8229,8.739,0.037
3892.75286,8.806,0.039
3892.75792,8.829,0.039
3893.83884,8.844,0.034
3894.74095,8.911,0.036
3894.75092,8.905,0.035
3901.8013,9.203,0.047
3903.81298,9.304,0.044
3903.81888,9.316,0.04
3905.84325,9.426,0.046
3906.89765,9.397,0.044
3908.72002,9.559,0.041
4176.89116,7.963,0.045
4177.90483,7.979,0.05
4180.88838,8.09,0.052
4185.89111,8.227,0.041
4189.90452,8.401,0.034
4190.88253,8.429,0.039
4192.89725,8.51,0.037
4193.89549,8.532,0.036
4203.88972,8.945,0.035
4204.86075,8.977,0.036
4207.9054,9.12,0.048
4207.91944,9.112,0.044
4215.89108,9.422,0.036
4215.90169,9.422,0.049
4230.89539,10.031,0.035
4230.91871,10.023,0.032
4233.83786,10.116,0.038
4233.84633,10.116,0.039
4247.79306,10.618,0.039
4247.81685,10.614,0.045
4250.79789,10.651,0.034
4253.81505,10.816,0.04
4258.73582,10.981,0.033
4272.72956,11.432,0.034
4272.75331,11.284,0.03
4274.76789,11.424,0.032
4274.78207,11.443,0.048
4276.71424,11.539,0.041
4277.72377,11.554,0.03
4277.73322,11.557,0.03
4278.72785,11.613,0.033
4284.75399,11.736,0.039
4284.75897,11.649,0.036
4285.77133,11.73,0.042
4286.75157,11.94,0.046
4286.7573,11.488,0.058
4289.76376,11.804,0.041
4291.76508,11.954,0.031
4292.74082,11.949,0.03
4293.75141,11.911,0.043
4295.75999,12.049,0.032
4296.73585,12.082,0.046
4296.75159,12.15,0.048
4298.75246,12.355,0.042
4299.73999,12.27,0.036
4302.75453,12.187,0.041
4303.70918,12.331,0.031
4304.66971,12.414,0.033
4306.66346,12.267,0.044
4306.67418,12.288,0.032
4311.67446,12.326,0.052
4311.79802,12.315,0.042
4314.72475,12.694,0.033
4314.79949,12.666,0.039
4315.694,12.558,0.033
4329.68236,12.812,0.04
4330.63254,12.921,0.032
4331.63996,12.769,0.032
4333.59284,12.677,0.032
4334.61123,12.817,0.033
4339.60122,12.62,0.045
4341.60125,12.543,0.047
4343.60821,12.848,0.043
4345.61412,12.578,0.033
4347.61873,12.687,0.033
4349.61763,12.704,0.041
4351.61791,12.472,0.047
4353.72392,12.61,0.033
4356.52863,12.463,0.034
4358.54393,12.396,0.03
4360.55167,12.221,0.052
4369.57449,11.876,0.044
4371.59256,11.761,0.038
4373.60483,11.715,0.035
4376.59609,11.573,0.035
4378.61129,11.45,0.039
4380.64606,11.336,0.043
4382.65567,11.203,0.033
4382.6756,11.232,0.031
4385.54414,11.1,0.033
4387.54629,11.027,0.034
4400.57354,10.408,0.058
4403.58858,10.266,0.034
4407.58646,10.149,0.04
4410.56767,10.038,0.038
4422.53995,9.49,0.039
4430.52761,8.931,0.044
4433.52201,8.665,0.036
4542.896,8.293,0.038
4542.90293,8.29,0.038
4546.90098,8.517,0.041
4547.88996,8.547,0.043
4550.8892,8.683,0.05
4551.87942,8.761,0.047
4551.89382,8.741,0.049
4558.86054,9.095,0.034
4559.87457,9.123,0.035
4562.86284,9.27,0.04
4563.87438,9.285,0.035
4567.86392,9.503,0.036
4570.85086,9.672,0.035
4571.86031,9.711,0.032
4573.8787,9.79,0.038
4574.87157,9.837,0.034
4576.87875,9.956,0.039
4580.83971,10.1,0.039
4586.86354,10.395,0.035
4586.88306,10.362,0.039
4589.85399,10.527,0.036
4589.87476,10.517,0.031
4591.85578,10.636,0.036
4592.83348,10.692,0.037
4592.85306,10.686,0.034
4595.82441,10.823,0.032
4595.86025,10.816,0.031
4600.86103,11.043,0.045
4601.80305,11.067,0.031
4602.84525,11.186,0.042
4607.77864,11.334,0.047
4607.78528,11.483,0.048
4616.93433,11.637,0.044
4617.74897,11.753,0.036
4623.76832,12.002,0.037
4623.85712,12.049,0.037
4627.79247,12.093,0.039
4629.77342,12.214,0.033
4630.74845,12.09,0.034
4631.79579,12.352,0.038
4632.75157,12.452,0.036
4633.78296,12.31,0.048
4639.77555,12.766,0.041
4639.778,12.814,0.036
4640.80389,12.659,0.034
4641.78347,12.851,0.037
4642.79951,12.817,0.035
4643.77445,12.535,0.045
4644.8449,12.532,0.035
4645.82151,13.216,0.042
4647.71735,13.065,0.04
4648.69977,13,0.036
4649.77122,13.364,0.051
4650.74561,13.066,0.037
4650.74891,13.343,0.042
4651.83181,13.015,0.039
4652.75683,13.238,0.03
4653.86208,12.951,0.032
4654.74484,13.278,0.031
4655.76275,13.49,0.035
4656.72906,13.427,0.039
4657.79632,13.918,0.046
4660.66928,13.685,0.031
4661.65398,13.381,0.034
4662.70423,13.089,0.04
4663.72246,13.105,0.044
4667.70247,13.501,0.037
4671.70496,13.456,0.031
4672.77542,13.277,0.035
4674.65077,13.271,0.032
4674.83867,13.867,0.036
4675.78226,13.822,0.03
4677.7102,13.321,0.04
4678.64143,13.265,0.051
4679.71552,13.27,0.034
4681.71088,13.96,0.041
4682.69204,13.697,0.04
4683.76227,13.878,0.034
4684.70139,13.182,0.037
4685.68211,13.628,0.043
4687.64728,13.287,0.04
4687.66529,11.45,0.039
4694.63111,12.979,0.044
4694.63655,12.772,0.042
4697.72304,12.846,0.034
4700.70127,13.088,0.037
4701.70252,12.624,0.034
4701.70775,12.858,0.034
4702.71391,12.979,0.038
4703.70734,12.917,0.035
4703.71254,12.96,0.035
4706.62091,12.481,0.038
4707.60619,12.831,0.045
4708.65356,12.411,0.044
4709.58825,12.459,0.047
4709.70277,12.511,0.038
4710.66988,12.792,0.047
4715.72716,12.362,0.042
4716.60338,12.126,0.038
4716.61323,12.186,0.042
4721.55123,12.023,0.04
4721.69668,12.083,0.039
4724.67896,11.988,0.043
4726.6437,12.004,0.048
4729.62377,11.82,0.038
4733.61121,11.621,0.035
4734.67225,11.7,0.042
4739.50159,11.554,0.038
4744.60114,11.533,0.036
4754.59134,11.06,0.045
4756.61613,10.889,0.047
4759.584,10.821,0.049
4762.57138,10.659,0.046
4765.56502,10.464,0.045
4768.55489,10.298,0.045
4776.52869,9.472,0.044
4778.5615,9.206,0.041
4782.56366,8.688,0.052
4798.52707,7.561,0.048
4917.90285,10.833,0.048
4919.89324,11.165,0.054
4921.89372,10.981,0.049
4929.89954,11.272,0.054
4945.84511,11.753,0.051
4945.8638,11.921,0.048
4948.86686,11.96,0.055
4948.87372,12.067,0.049
4949.86168,12.068,0.048
4951.85498,12.085,0.052
4952.9114,12.135,0.052
4954.85454,12.298,0.054
4961.81217,12.263,0.058
4967.8873,12.54,0.053
4967.88979,12.385,0.056
4968.90164,12.568,0.051
4972.83638,13.047,0.051
4974.79596,13.245,0.054
4985.75336,13.321,0.054
4985.76305,12.972,0.048
4988.80387,15.586,0.054
4989.77516,13.795,0.06
4989.79095,13.169,0.054
4990.80623,13.16,0.054
4994.808,13.069,0.055
4994.8257,13.191,0.055
5006.86561,13.615,0.056
5009.81458,13.383,0.048
5012.87423,13.563,0.053
5014.75295,13.438,0.052
5014.77181,13.255,0.047
5015.68985,14.68,0.052
5022.73402,13.062,0.057
5024.75091,13.05,0.055
5039.65518,12.916,0.047
5039.6578,12.811,0.048
5039.66973,12.955,0.05
5041.64474,12.557,0.047
5041.64726,12.451,0.045
5041.66089,12.634,0.043
5063.68595,11.743,0.051
5063.68881,11.74,0.044
5082.6936,11.128,0.046
5083.68165,11.004,0.057
5084.72875,11.025,0.052
5087.7055,10.959,0.053
5089.59309,10.862,0.056
5089.7358,10.802,0.05
5092.64064,10.668,0.049
5093.65154,10.625,0.057
5098.51488,10.253,0.055
