2736.91301,10.523,0.042
2742.91613,10.52,0.039
2754.90057,10.542,0.038
2756.92576,10.55,0.038
2763.88301,10.595,0.033
2765.8626,10.556,0.033
2776.83293,10.602,0.041
2785.83293,10.625,0.049
2787.82494,10.578,0.034
2805.8863,10.598,0.043
2809.76727,10.551,0.034
2811.76886,10.636,0.037
2813.75536,10.563,0.047
2819.7771,10.534,0.033
2831.70664,10.602,0.036
2832.75157,10.634,0.037
2839.7415,10.594,0.042
2843.69564,10.56,0.044
2853.64776,10.551,0.044
2853.66777,10.63,0.065
2855.67643,10.544,0.057
2858.71075,10.571,0.034
2860.64777,10.622,0.037
2862.63357,10.566,0.046
2867.60685,10.596,0.034
2874.61569,10.547,0.039
2876.61539,10.534,0.04
2883.59543,10.584,0.042
2885.56626,10.607,0.036
2888.58654,10.57,0.036
2893.58257,10.529,0.041
2895.58898,10.65,0.037
2897.60035,10.527,0.036
2905.56104,10.545,0.034
2908.57743,10.585,0.037
2910.57504,10.546,0.042
2912.56072,10.635,0.035
2915.56567,10.548,0.063
2922.52846,10.522,0.04
2924.5338,10.633,0.037
2927.5353,10.519,0.043
2934.5053,10.523,0.037
3109.91323,10.528,0.056
3116.85404,10.55,0.055
3125.89739,10.503,0.059
3128.91284,10.594,0.053
3142.86649,10.558,0.034
3146.85197,10.606,0.037
3154.81292,10.61,0.04
3160.82342,10.523,0.063
3163.80891,10.712,0.044
3168.85474,10.632,0.033
3171.79523,10.59,0.057
3175.79919,10.608,0.043
3178.77024,10.625,0.047
3182.75598,10.558,0.044
3185.74445,10.581,0.047
3187.76458,10.6,0.044
3190.7702,10.571,0.048
3476.91008,10.573,0.038
3487.88355,10.566,0.039
3491.8708,10.612,0.053
3496.85205,10.592,0.044
3500.84399,10.487,0.038
3503.83421,10.588,0.046
3509.82229,10.666,0.032
3512.81445,10.514,0.039
3521.78448,10.551,0.053
3524.78392,10.484,0.053
3530.76444,10.565,0.033
3538.75206,10.584,0.044
3540.73929,10.602,0.056
3543.72711,10.548,0.043
3547.71597,10.622,0.034
3554.70174,10.615,0.042
3558.68526,10.625,0.047
3561.6758,10.556,0.044
3563.67519,10.567,0.048
3570.66375,10.639,0.045
3574.64631,10.53,0.045
3577.63552,10.61,0.045
3584.62218,10.65,0.064
3587.60741,10.53,0.044
3590.59992,10.648,0.046
3592.60327,10.683,0.045
3601.56775,10.568,0.051
3603.57457,10.652,0.047
3607.5548,10.555,0.045
3619.52649,10.549,0.053
3631.49359,10.568,0.051
3851.88297,10.663,0.065
3860.86215,10.504,0.048
3863.85318,10.632,0.045
3865.84161,10.58,0.049
3867.84339,10.518,0.051
3869.83331,10.573,0.063
3871.83251,10.586,0.052
3875.81464,10.569,0.05
3882.79376,10.636,0.048
3887.7832,10.582,0.042
3892.77538,10.541,0.044
3894.76517,10.618,0.044
3901.74466,10.623,0.05
3903.74613,10.531,0.046
3905.74336,10.558,0.048
3908.72729,10.61,0.046
3912.71548,10.562,0.046
3983.53084,10.564,0.063
4204.9101,10.569,0.039
4208.90326,10.503,0.043
4227.85571,10.522,0.037
4230.84243,10.605,0.036
4247.80369,10.539,0.035
4253.78382,10.569,0.041
4256.78101,10.594,0.037
4272.7365,10.569,0.038
4276.72755,10.511,0.038
4278.71769,10.591,0.035
4283.69508,10.503,0.047
4285.69543,10.558,0.042
4289.69174,10.52,0.037
4291.69254,10.609,0.034
4293.6793,10.624,0.037
4296.66555,10.51,0.04
4298.67091,10.619,0.044
4300.65748,10.62,0.044
4303.64537,10.5,0.039
4307.63551,10.568,0.037
4311.62642,10.672,0.041
4315.61668,10.54,0.034
4319.60775,10.533,0.035
4331.56684,10.634,0.034
4333.56519,10.514,0.049
4340.54706,10.544,0.04
4342.55129,10.632,0.039
4345.53751,10.523,0.038
4348.52662,10.636,0.035
4351.51791,10.501,0.043
4355.50573,10.693,0.056
4357.50844,10.535,0.034
4359.50233,10.524,0.036
4574.91606,10.499,0.036
4590.89375,10.644,0.041
4594.88516,10.627,0.04
4597.8928,10.502,0.034
4600.87335,10.652,0.041
4602.88927,10.478,0.049
4607.83869,10.657,0.051
4610.83165,10.554,0.04
4617.80697,10.495,0.038
4623.86689,10.658,0.039
4628.7993,10.51,0.037
4630.78789,10.518,0.04
4632.77973,10.649,0.039
4639.7903,10.52,0.037
4641.79831,10.631,0.037
4643.8032,10.577,0.042
4646.74619,10.595,0.049
4648.77226,10.631,0.039
4650.84169,10.651,0.038
4653.72564,10.525,0.035
4655.7467,10.628,0.034
4657.78024,10.6,0.044
4661.69663,10.494,0.038
4663.73007,10.565,0.046
4665.75913,10.67,0.042
4671.70843,10.497,0.034
4674.68778,10.631,0.034
4677.74812,10.636,0.035
4679.75759,10.492,0.041
4682.72973,10.569,0.04
4684.73843,10.534,0.039
4686.67963,10.644,0.035
4690.66452,10.548,0.036
4693.70412,10.549,0.054
4697.67834,10.6,0.041
4701.66944,10.59,0.038
4706.60907,10.618,0.037
4716.64229,10.512,0.037
4720.64473,10.623,0.042
4724.54698,10.634,0.047
4726.60118,10.596,0.045
4729.59441,10.531,0.041
4731.61686,10.638,0.047
4737.56568,10.568,0.04
4743.53203,10.552,0.045
4745.54595,10.62,0.042
4754.52643,10.507,0.047
4763.51939,10.626,0.055
4766.50561,10.57,0.046
4769.50359,10.6,0.04
4772.50498,10.486,0.044
4940.91674,10.502,0.061
4946.91068,10.487,0.059
4950.90743,10.721,0.065
4954.89278,10.536,0.059
4961.88198,10.669,0.058
4968.86404,10.656,0.056
4972.86749,10.602,0.054
4975.85301,10.563,0.059
4985.80369,10.552,0.053
4987.82642,10.574,0.063
4989.81017,10.521,0.067
5013.74602,10.498,0.068
5015.73571,10.512,0.058
5022.75524,10.657,0.061
5024.75672,10.507,0.053
5037.69728,10.495,0.051
5039.68742,10.514,0.051
5041.67439,10.603,0.052
5048.65813,10.65,0.059
5063.71201,10.5,0.059
5067.58814,10.594,0.057
5069.61592,10.494,0.058
5075.6211,10.591,0.059
5084.6055,10.548,0.064
5086.62115,10.525,0.069
5088.63893,10.559,0.064
5093.56119,10.482,0.063
5106.50539,10.499,0.068
5111.54514,10.559,0.054
