2452.69733,11.021,0.041
2508.71837,11.078,0.033
2540.62047,11.005,0.031
2561.54987,11.13,0.031
2562.57296,11.052,0.033
2568.56665,10.989,0.038
2578.53382,11.019,0.033
2727.90811,11.129,0.034
2729.90807,11.125,0.03
2733.90892,11.083,0.031
2736.89857,11.054,0.031
2739.89103,11.133,0.031
2742.89257,11.035,0.032
2755.85706,11.111,0.028
2757.90091,11.073,0.03
2760.86961,11.044,0.032
2764.91098,11.149,0.031
2767.91282,11.034,0.032
2782.90453,11.039,0.028
2784.8345,11.126,0.03
2786.81498,11.089,0.03
2790.83328,11.126,0.03
2808.83102,11.128,0.03
2810.74779,11.089,0.029
2812.73947,11.082,0.03
2815.87543,11.098,0.032
2819.79194,11.064,0.032
2821.77348,11.048,0.031
2829.72193,11.079,0.033
2831.69081,11.017,0.029
2832.74515,11.08,0.03
2834.68624,11.119,0.032
2838.86422,11.166,0.032
2851.72099,11.08,0.027
2854.59932,11.038,0.028
2857.79879,11.064,0.03
2859.60977,11.042,0.028
2860.69159,11.053,0.028
2862.63212,11.082,0.034
2866.64664,11.034,0.031
2867.72144,11.016,0.029
2875.65049,11.13,0.028
2879.64449,11.129,0.028
2884.63013,11.041,0.032
2886.57373,11.052,0.028
2888.6384,11.043,0.034
2892.66009,11.093,0.037
2894.59644,11.032,0.03
2896.60782,11.061,0.036
2898.5955,11.05,0.028
2900.59034,11.042,0.028
2906.57806,11.061,0.029
2909.57986,11.241,0.03
2911.55146,11.123,0.03
2913.56657,11.04,0.05
2916.55594,11.032,0.03
2918.58727,11.092,0.031
2922.55601,11.059,0.031
2924.5614,11.076,0.03
2927.56053,11.052,0.028
2929.56171,11.041,0.03
2931.56502,11.043,0.029
2933.56274,11.02,0.03
2935.56187,11.033,0.03
2937.56058,11.042,0.03
2940.53399,11.127,0.033
2942.52711,11.147,0.033
2946.55918,11.092,0.031
2950.52428,11.069,0.033
2953.52617,11.009,0.034
2956.52149,11.054,0.03
2959.519,11.043,0.033
3101.9062,11.078,0.048
3105.89773,11.065,0.049
3112.90132,11.138,0.049
3146.82936,11.104,0.042
3153.86289,11.152,0.03
3156.82699,11.092,0.03
3162.8351,11.043,0.033
3168.82252,11.054,0.03
3171.78593,11.123,0.042
3175.80275,11.132,0.031
3178.75543,11.082,0.046
3180.88634,11.106,0.03
3183.77535,11.127,0.033
3185.82485,11.023,0.033
3187.7604,11.112,0.034
3190.76867,11.05,0.034
3266.55444,11.07,0.029
3268.54329,11.16,0.032
3270.5556,11.052,0.033
3272.6169,11.142,0.041
3275.5914,11.108,0.035
3277.62771,11.061,0.037
3280.55899,11.123,0.031
3293.59763,11.119,0.041
3296.52565,11.107,0.033
3464.88927,11.131,0.033
3464.91302,11.174,0.027
3468.89839,11.141,0.032
3469.90986,11.018,0.029
3472.91179,11.08,0.035
3473.90687,11.068,0.033
3476.90213,11.092,0.033
3477.90663,11.079,0.029
3487.89296,11.081,0.032
3489.91525,11.284,0.05
3491.86222,11.081,0.033
3492.89176,11.052,0.038
3496.88392,11.026,0.029
3500.86648,10.998,0.03
3500.90312,11.052,0.034
3503.856,11.044,0.042
3506.85886,11.026,0.027
3508.89905,11.06,0.03
3511.84239,11.115,0.031
3512.82998,10.994,0.031
3515.83587,11.029,0.035
3516.8162,11.013,0.041
3520.86784,11.001,0.037
3523.80516,11.146,0.036
3528.84859,11.04,0.042
3538.79864,11.038,0.038
3538.89392,11.047,0.033
3540.80289,11.027,0.037
3543.75977,11.126,0.038
3547.73528,11.125,0.031
3556.72049,11.043,0.031
3559.7621,11.048,0.043
3562.70818,11.067,0.034
3564.72629,11.062,0.032
3571.7335,11.001,0.034
3574.74787,11.102,0.035
3576.76309,11.087,0.032
3579.82742,11.141,0.033
3583.75351,11.063,0.041
3585.80549,11.082,0.043
3587.78173,11.137,0.031
3588.63706,11.057,0.046
3590.69423,11.47,0.039
3596.64522,11.077,0.031
3599.75798,11.137,0.033
3601.77252,11.139,0.04
3603.75287,11.133,0.035
3619.57665,11.087,0.036
3621.63251,11.024,0.043
3624.6459,11.043,0.033
3626.65675,11.019,0.032
3629.65546,11.111,0.037
3631.6608,11.133,0.039
3633.67503,11.075,0.035
3637.57711,11.05,0.032
3639.6522,11.105,0.04
3642.62967,11.081,0.033
3646.57682,11.019,0.031
3649.53967,11.092,0.032
3651.55681,11.072,0.033
3653.55982,11.009,0.04
3655.57359,11.143,0.036
3658.55737,10.995,0.038
3660.57573,11.083,0.041
3663.51555,11.342,0.048
3669.54254,11.102,0.031
3671.57302,11.072,0.032
3674.55628,11.067,0.036
3819.91157,11.033,0.039
3830.90339,11.064,0.035
3834.89797,11.011,0.036
3834.91589,11.019,0.034
3849.91497,11.087,0.036
3852.87016,11.045,0.036
3853.89587,11.069,0.034
3857.89287,11.048,0.038
3861.87444,11.05,0.033
3864.84477,11.049,0.036
3864.87494,11.082,0.032
3866.85992,11.082,0.034
3868.8537,11.051,0.034
3869.83908,11.055,0.04
3870.83212,11.075,0.033
3872.83793,11.033,0.035
3875.85706,11.05,0.041
3880.82677,11.1,0.031
3882.84186,11.136,0.033
3886.86957,11.089,0.032
3887.80843,11.068,0.032
3892.7734,11.076,0.035
3894.77071,11.071,0.029
3896.85158,11.105,0.036
3900.76894,11.011,0.035
3901.8416,11.092,0.04
3902.77698,11.101,0.032
3906.75657,11.073,0.035
3906.89885,11.005,0.037
3912.78669,11.101,0.039
4215.91319,11.081,0.041
4227.86256,11.053,0.03
4229.86719,11.018,0.029
4231.8733,11.056,0.031
4234.84454,11.062,0.031
4253.89246,11.12,0.034
4256.79062,11.114,0.029
4272.74539,11.114,0.029
4273.77816,11.029,0.035
4274.75801,11.086,0.029
4277.72942,11.054,0.028
4278.76506,11.068,0.029
4282.72539,11.09,0.042
4283.80573,11.052,0.036
4284.76621,11.032,0.038
4285.81219,11.156,0.033
4286.75876,11.153,0.052
4289.80439,11.084,0.033
4291.80888,11.048,0.029
4293.79351,11.062,0.028
4295.81041,11.022,0.029
4296.75881,10.993,0.039
4298.66606,11.103,0.032
4300.6878,11.079,0.035
4300.7345,10.953,0.038
4302.75599,11.05,0.029
4302.76387,11.009,0.031
4304.67767,11.074,0.028
4304.70199,10.974,0.03
4306.66581,11.076,0.028
4306.70393,10.994,0.03
4308.69823,11.036,0.037
4308.73777,11.067,0.039
4310.74288,11.08,0.03
4311.6963,11.13,0.034
4312.76277,11.112,0.037
4314.73185,11.039,0.031
4317.64093,11.07,0.031
4319.63799,11.117,0.029
4329.7539,11.007,0.035
4331.66405,11.058,0.031
4332.67537,11.074,0.031
4333.61586,11.083,0.029
4334.66519,11.099,0.026
4336.59557,11.003,0.031
4338.65592,11.035,0.03
4339.65698,11.021,0.033
4340.70843,11.064,0.036
4341.66664,11.048,0.035
4342.70917,11.074,0.035
4343.66828,11.041,0.053
4345.66821,11.014,0.031
4347.66747,11.039,0.035
4349.66719,11.032,0.044
4351.66977,11.067,0.036
4354.60465,11.034,0.039
4354.61558,11.059,0.027
4356.62748,11.096,0.032
4356.64195,11.137,0.031
4358.64402,11.076,0.033
4358.67004,11.089,0.032
4362.64163,11.069,0.03
4364.5996,11.089,0.03
4367.63732,11.027,0.035
4369.66187,11.048,0.038
4372.52366,11.041,0.038
4375.55391,11.079,0.029
4377.56103,11.046,0.034
4379.5626,11.075,0.032
4381.61466,11.11,0.039
4384.54196,11.106,0.033
4386.56982,11.092,0.03
4388.55184,11.073,0.032
4402.53634,11.079,0.037
4411.53116,11.049,0.039
4558.91127,11.154,0.03
4566.91494,11.156,0.03
4569.90934,11.01,0.031
4570.91392,11.051,0.028
4574.89647,11.079,0.028
4577.88304,11.027,0.035
4588.9239,11.036,0.029
4591.88897,11.138,0.029
4594.88796,11.062,0.031
4597.86752,11.079,0.026
4602.88621,11.075,0.036
4606.91247,11.123,0.033
4609.84329,11.127,0.032
4611.86578,11.08,0.03
4616.88359,11.125,0.034
4623.79864,11.114,0.036
4627.8182,11.101,0.032
4629.80716,11.096,0.027
4631.81194,11.103,0.029
4633.80409,11.049,0.035
4638.87207,11.12,0.036
4639.79371,11.069,0.033
4641.74551,11.107,0.029
4643.77533,11.121,0.034
4645.82251,11.05,0.031
4648.73543,11.053,0.032
4650.79536,11.099,0.032
4650.84016,11.094,0.032
4652.84757,11.045,0.027
4654.77811,11.1,0.028
4656.74212,11.037,0.03
4660.70588,11.017,0.028
4662.73066,11.099,0.034
4664.70979,11.079,0.033
4666.73173,11.115,0.031
4672.72028,11.116,0.028
4674.6602,11.045,0.031
4681.68043,11.038,0.033
4682.70401,11.144,0.035
4683.67988,11.057,0.032
4684.71187,11.094,0.035
4685.65907,11.078,0.033
4686.67457,11.075,0.034
4687.65549,11.116,0.03
4690.65722,11.081,0.031
4691.64267,11.056,0.031
4694.6455,11.086,0.035
4694.69308,11.117,0.035
4697.74538,11.081,0.033
4698.64488,11.119,0.031
4700.64344,11.097,0.026
4701.71324,11.058,0.032
4702.65239,11.109,0.029
4703.71816,11.102,0.031
4704.65431,11.151,0.032
4706.6266,11.158,0.034
4706.67577,11.067,0.031
4709.60472,11.034,0.041
4709.63307,11.089,0.039
4716.58498,11.103,0.032
4716.58996,11.16,0.032
4722.57964,11.148,0.033
4722.65594,11.062,0.037
4725.60214,11.047,0.036
4728.56,11.114,0.036
4729.54856,11.027,0.03
4730.60198,11.065,0.033
4733.61477,11.09,0.033
4737.59645,11.085,0.033
4740.58304,11,0.033
4743.54399,11.041,0.036
4745.55617,11.078,0.033
4755.53175,11.037,0.04
4757.57508,11.154,0.034
4760.55202,11.031,0.036
4763.5506,11.098,0.034
4766.53494,11.043,0.035
4769.52853,11.115,0.034
4772.52307,11.034,0.034
4777.53134,11.099,0.033
4782.52963,11.033,0.036
4940.90785,11.034,0.042
4948.90738,11.068,0.041
4952.87214,11.042,0.041
4961.85645,11.047,0.046
4961.86144,11.046,0.042
4968.84849,11.037,0.045
4968.85846,11.067,0.044
4972.85644,11.292,0.047
4972.85942,11.084,0.042
4975.83361,10.998,0.052
4975.84004,11.064,0.041
4985.78321,11.083,0.039
4988.83078,11.09,0.046
4991.82912,11.034,0.043
4994.85263,11.079,0.044
5006.82494,11.05,0.044
5008.75962,11.153,0.049
5013.71754,11.059,0.052
5014.76148,11.164,0.04
5015.72724,11.045,0.043
5021.78409,11.058,0.044
5024.75516,11.038,0.042
5032.74095,11.059,0.053
5037.7006,11.171,0.049
5039.67162,11.013,0.044
5040.73225,11.055,0.044
5049.6735,11.082,0.051
5063.63393,11.007,0.043
5063.64736,11.074,0.042
5070.73084,11.098,0.05
5071.57822,11.119,0.041
5082.70441,11.073,0.047
5085.57913,11.003,0.053
5087.61083,11.064,0.047
5089.6818,10.994,0.044
5092.57485,11.043,0.04
5092.6552,11.072,0.038
5097.60341,11.083,0.051
5099.60955,10.983,0.045
5111.59232,11.087,0.044
5145.53615,10.97,0.05
