1875.51295,13.77,0.066
1980.88981,13.194,0.051
1982.88431,13.604,0.051
2025.82988,13.644,0.053
2026.784,13.891,0.052
2026.88894,13.593,0.062
2030.80563,13.533,0.05
2031.84451,13.618,0.056
2031.93201,13.88,0.049
2032.9126,13.627,0.053
2037.80219,13.668,0.072
2039.80061,13.612,0.079
2052.78,13.922,0.066
2053.80039,13.53,0.072
2054.79678,13.496,0.074
2055.78084,13.492,0.074
2055.80267,13.494,0.08
2056.77984,13.553,0.074
2057.78292,13.562,0.061
2057.80031,13.532,0.066
2058.7748,13.496,0.071
2061.80746,13.613,0.068
2065.76218,13.588,0.056
2065.77738,13.676,0.076
2067.67865,13.392,0.076
2067.71613,14.147,0.078
2070.88647,13.382,0.041
2080.69322,13.722,0.073
2081.74353,13.459,0.051
2081.78426,13.373,0.06
2082.74027,13.374,0.069
2082.75785,13.456,0.075
2083.73435,13.577,0.062
2083.77097,13.728,0.063
2085.71889,13.653,0.064
2085.80568,13.463,0.061
2086.7623,13.397,0.053
2087.71504,13.63,0.063
2088.70739,13.604,0.064
2093.63108,13.386,0.069
2093.65577,13.424,0.074
2094.64269,13.564,0.07
2094.65599,13.534,0.074
2103.67347,13.671,0.054
2103.70315,13.872,0.062
2104.6803,14.098,0.049
2106.67685,13.492,0.041
2114.69209,13.534,0.051
2115.65504,13.474,0.046
2115.69049,13.385,0.05
2116.65014,13.251,0.053
2117.63629,13.831,0.059
2128.59489,13.738,0.054
2129.61185,13.62,0.058
2131.61807,13.613,0.05
2133.61588,13.625,0.045
2134.62243,13.424,0.058
2135.61051,13.459,0.048
2140.59266,13.539,0.072
2141.60604,13.642,0.049
2143.59638,13.464,0.051
2144.58749,13.35,0.054
2156.5884,13.58,0.059
2167.53934,13.291,0.054
2169.5531,13.852,0.038
2172.55969,13.419,0.05
2175.53434,13.606,0.053
2183.50415,13.582,0.072
2185.5152,13.411,0.051
2189.58283,13.363,0.047
2191.58556,14.101,0.054
2193.5515,13.394,0.042
2195.54138,13.379,0.048
2197.55291,13.603,0.048
2199.55155,13.54,0.052
2202.55722,13.379,0.06
2212.52465,13.353,0.053
2215.51055,14.883,0.068
2222.55512,13.525,0.056
2226.50953,13.524,0.069
2229.52016,13.484,0.065
2235.51418,13.383,0.063
2442.73126,13.715,0.036
2443.72879,13.718,0.031
2444.73301,13.416,0.029
2446.73118,13.417,0.044
2460.92019,13.637,0.038
2464.68462,13.338,0.035
2466.68122,13.621,0.032
2467.68275,13.468,0.029
2468.69638,13.387,0.035
2470.63847,13.236,0.034
2473.6487,13.308,0.034
2486.63559,13.361,0.041
2487.66609,13.553,0.051
2490.6518,13.509,0.039
2493.62247,13.374,0.039
2497.62251,13.379,0.035
2502.61248,13.197,0.037
2510.60876,13.545,0.041
2519.73149,13.92,0.037
2524.66821,13.855,0.041
2526.70369,13.382,0.036
2545.61742,13.462,0.043
2548.64216,13.637,0.051
2553.6506,13.665,0.047
2563.55348,13.516,0.039
2564.57838,13.581,0.043
2578.54182,13.378,0.043
2722.89734,13.578,0.038
2727.8624,13.758,0.038
2730.84882,13.604,0.033
2734.84988,13.568,0.041
2737.85468,13.382,0.04
2738.87465,13.584,0.031
2742.90748,13.37,0.038
2743.87098,13.604,0.035
2744.89893,13.648,0.05
2755.80535,13.493,0.038
2756.88544,13.655,0.029
2759.86549,13.487,0.03
2761.83828,13.54,0.033
2763.82379,13.695,0.038
2782.86003,13.194,0.03
2784.80316,13.494,0.033
2786.77933,13.822,0.031
2786.81106,13.668,0.038
2790.83623,13.762,0.036
2804.71953,13.33,0.034
2808.80464,13.936,0.034
2812.69936,13.474,0.031
2812.73319,13.386,0.037
2814.87536,13.58,0.041
2819.79016,13.56,0.032
2826.7751,13.934,0.031
2830.68708,13.486,0.031
2832.6521,13.338,0.029
2835.72361,13.339,0.031
2838.71461,13.626,0.027
2851.67016,13.57,0.027
2872.61706,13.293,0.03
2874.7952,13.541,0.039
2876.67512,13.243,0.036
2878.65307,13.481,0.033
2883.6024,13.44,0.029
2884.7642,13.444,0.047
2886.56168,13.343,0.031
2892.5585,13.48,0.046
2893.65959,13.429,0.049
2895.6338,13.352,0.034
2897.64292,13.811,0.042
2904.65867,13.339,0.051
2906.65919,13.616,0.034
2908.71535,13.864,0.031
2911.50055,13.342,0.03
2921.51105,13.377,0.033
2923.52095,13.452,0.033
2928.53163,13.742,0.035
2930.5374,13.711,0.035
2939.54229,13.608,0.034
2947.5635,13.498,0.053
2954.57637,13.27,0.032
2956.57762,13.89,0.031
2958.57635,13.608,0.032
2961.51571,13.701,0.031
2963.54849,13.362,0.032
2965.55558,13.434,0.033
3075.89296,13.714,0.037
3082.88457,13.306,0.037
3088.87119,13.485,0.049
3092.86439,13.422,0.042
3097.89599,13.884,0.032
3101.88114,13.657,0.032
3102.89479,13.427,0.041
3105.84679,13.388,0.034
3109.86528,13.306,0.034
3118.88702,13.403,0.037
3122.92463,13.473,0.042
3125.8287,13.844,0.041
3128.84433,13.524,0.039
3131.83725,13.178,0.035
3141.82845,13.088,0.04
3146.79679,13.405,0.033
3152.87366,13.638,0.036
3154.77865,13.329,0.035
3156.78309,13.366,0.038
3157.89295,13.375,0.033
3163.82371,13.417,0.051
3176.74398,13.808,0.031
3179.73904,13.283,0.032
3182.7526,13.389,0.033
3194.89961,13.686,0.061
3450.89679,13.769,0.055
3458.88012,13.439,0.05
3465.87219,13.806,0.053
3468.90447,14.029,0.043
3476.8828,13.54,0.069
3480.85519,13.751,0.085
3483.8882,13.386,0.045
3496.9121,13.357,0.043
3500.89808,13.545,0.077
3508.89651,13.756,0.038
3511.82651,13.839,0.053
3515.84051,13.717,0.039
3520.86349,13.247,0.08
3522.88138,13.98,0.089
3525.79265,13.566,0.054
3528.77726,13.424,0.047
3538.81594,13.53,0.052
3543.68212,13.346,0.066
3550.7876,13.428,0.068
3553.74893,13.449,0.032
3553.77571,13.332,0.037
3556.71861,13.414,0.052
3559.76025,13.415,0.07
3561.74839,13.995,0.051
3561.82613,13.451,0.056
3563.8434,13.945,0.079
3568.8418,13.66,0.037
3569.72716,13.304,0.041
3573.83969,13.601,0.049
3574.71684,13.392,0.049
3575.74983,13.739,0.034
3576.73404,13.582,0.044
3578.70696,13.414,0.056
3578.71492,13.55,0.052
3580.67941,13.722,0.041
3581.84459,13.65,0.035
3582.82707,13.93,0.047
3584.65228,13.43,0.04
3584.84389,13.447,0.051
3587.62052,13.861,0.04
3589.6812,13.64,0.076
3590.47318,13.839,0.05
3590.47653,13.99,0.041
3590.47979,13.946,0.04
3590.48303,13.898,0.041
3590.48541,13.795,0.039
3590.48877,13.746,0.052
3590.49203,13.825,0.038
3590.4944,13.802,0.045
3590.49779,13.681,0.04
3590.50017,13.681,0.044
3590.50267,13.82,0.047
3590.50768,13.749,0.039
3590.51102,13.565,0.051
3590.51792,13.779,0.088
3590.52502,13.597,0.07
3590.532,13.304,0.073
3590.53861,13.56,0.087
3590.5529,13.315,0.078
3590.59754,13.351,0.05
3590.62874,13.62,0.082
3590.65706,13.973,0.047
3590.68602,13.864,0.072
3590.71625,13.483,0.081
3590.74422,13.452,0.07
3590.77484,13.282,0.068
3590.80425,13.468,0.058
3591.78389,13.721,0.085
3593.5931,13.718,0.032
3596.75277,13.516,0.066
3597.66481,13.47,0.041
3601.62573,13.207,0.048
3606.65477,13.567,0.054
3616.57896,13.116,0.039
3619.57919,13.938,0.075
3620.66896,13.561,0.079
3621.63816,13.359,0.081
3624.64825,13.358,0.039
3629.5653,14.074,0.04
3629.56779,13.509,0.054
3630.63393,13.509,0.043
3631.56542,13.362,0.059
3632.63788,13.355,0.036
3633.58156,13.48,0.042
3638.67471,13.815,0.049
3640.68852,13.396,0.054
3641.6481,13.671,0.041
3643.68731,13.784,0.04
3646.70726,13.412,0.042
3649.587,13.336,0.053
3651.61499,13.57,0.05
3655.60219,13.448,0.063
3658.58089,13.499,0.046
3660.54378,13.96,0.05
3660.59918,13.439,0.041
3662.5766,13.317,0.035
3662.62795,13.54,0.049
3664.639,13.265,0.076
3668.56456,13.583,0.046
3668.58607,13.903,0.037
3670.58917,13.338,0.033
3670.62631,13.491,0.043
3673.55861,13.674,0.062
3675.62693,13.446,0.046
3678.55715,13.844,0.043
3678.56565,13.793,0.074
3700.54867,13.832,0.043
3703.53911,13.646,0.042
3704.51817,13.405,0.039
3706.53393,13.54,0.042
3813.90611,13.646,0.083
3821.88425,13.504,0.071
3829.87618,13.338,0.059
3833.87372,13.41,0.048
3849.85415,13.577,0.047
3852.88877,13.52,0.042
3856.84858,13.498,0.045
3862.85909,13.641,0.057
3865.81942,13.396,0.055
3866.80171,13.338,0.047
3868.82521,13.44,0.043
3870.84252,13.416,0.05
3874.87744,13.356,0.072
3874.89415,13.455,0.07
3874.9033,13.726,0.048
3877.82496,13.684,0.067
3882.78046,13.63,0.053
3886.86388,13.62,0.053
3889.80766,13.371,0.044
3891.87669,13.552,0.043
3893.86228,13.52,0.04
3902.81742,13.472,0.045
3904.76601,13.744,0.068
3904.84082,13.875,0.053
3906.89499,13.563,0.054
3909.7492,13.408,0.084
3909.75145,13.525,0.061
3912.76621,13.475,0.046
3913.78494,13.927,0.083
3913.78719,13.62,0.074
4176.90312,13.806,0.079
4180.89798,13.559,0.066
4190.87413,13.846,0.045
4193.88625,13.725,0.071
4208.89747,13.523,0.081
4230.91623,13.566,0.053
4247.82659,13.529,0.04
4258.74947,13.276,0.052
4273.76771,13.76,0.048
4278.75447,13.555,0.037
4290.79144,13.731,0.043
4296.7966,13.487,0.061
4298.79269,13.642,0.045
4300.75293,14.437,0.046
4306.702,13.809,0.038
4308.70122,13.41,0.058
4315.69631,13.76,0.052
4329.68518,13.863,0.048
4331.6428,13.295,0.054
4333.6046,13.379,0.035
4334.79863,13.689,0.041
4339.62447,13.843,0.052
4339.63276,13.93,0.038
4341.62357,13.281,0.049
4343.62697,13.504,0.055
4345.62851,13.335,0.067
4347.63315,13.732,0.066
4347.63882,13.787,0.068
4349.6346,13.363,0.079
4349.63693,13.434,0.067
4351.63487,13.697,0.043
4351.63721,13.499,0.061
4353.76407,13.8,0.042
4355.76287,13.597,0.045
4358.51559,13.453,0.039
4362.59244,13.839,0.04
4367.55984,13.899,0.044
4369.58951,13.202,0.042
4371.60171,13.718,0.05
4371.60763,13.621,0.051
4373.61983,13.688,0.049
4376.61279,13.547,0.041
4378.62902,14,0.048
4380.67929,13.474,0.051
4382.66953,13.803,0.038
4385.55573,13.948,0.042
4385.55816,13.964,0.048
4387.55939,13.37,0.047
4387.56441,13.428,0.036
4389.54558,13.665,0.046
4389.54796,13.564,0.05
4400.57687,13.472,0.057
4403.59557,13.54,0.054
4407.58971,13.746,0.048
4409.53046,13.711,0.056
4409.60649,13.407,0.056
4413.5318,13.974,0.045
4413.56303,13.743,0.04
4422.52806,13.224,0.044
4422.54396,13.543,0.04
4426.51936,13.759,0.046
4429.52217,13.171,0.04
4430.53076,13.735,0.043
4432.51848,13.366,0.043
4433.52506,13.376,0.041
4435.5249,13.915,0.044
4436.52961,13.402,0.041
4438.51949,13.359,0.05
4439.52878,13.888,0.043
4441.52008,13.546,0.049
4540.90153,13.602,0.045
4548.89712,13.801,0.043
4552.89034,14.023,0.044
4559.87716,13.253,0.06
4563.87712,13.435,0.073
4567.86656,13.69,0.055
4571.86296,13.64,0.045
4574.874,13.522,0.067
4577.89644,13.46,0.05
4577.90906,13.4,0.062
4586.89295,13.655,0.04
4589.88377,13.368,0.041
4592.86823,13.529,0.048
4595.85437,13.426,0.041
4601.80543,13.439,0.058
4606.89242,13.778,0.061
4615.90308,13.47,0.04
4622.75689,13.829,0.05
4629.80511,13.434,0.045
4631.82096,13.426,0.048
4640.80113,13.561,0.04
4642.79678,13.317,0.044
4644.84234,13.548,0.045
4647.72385,13.527,0.061
4649.78022,13.752,0.05
4651.84263,13.674,0.046
4653.88404,13.33,0.044
4655.78351,13.479,0.047
4658.69093,13.412,0.045
4661.68536,13.362,0.056
4663.7343,14.076,0.056
4671.71244,13.456,0.043
4674.65819,13.865,0.043
4677.71846,13.75,0.089
4684.70958,13.601,0.061
4686.66394,13.566,0.072
4694.65193,13.187,0.049
4697.75463,13.595,0.041
4701.71598,13.373,0.041
4703.72092,13.776,0.044
4705.80489,13.885,0.053
4708.6599,13.439,0.039
4710.67549,13.508,0.049
4715.73029,13.373,0.047
4717.68012,13.634,0.038
4722.57438,13.498,0.056
4725.59326,13.583,0.071
4728.55465,13.228,0.046
4730.59583,13.125,0.069
4733.60855,13.894,0.063
4736.70807,13.657,0.042
4739.64008,13.553,0.041
4744.5986,13.344,0.049
4754.59728,13.284,0.05
4759.57252,13.278,0.066
4759.58736,13.531,0.062
4761.6571,13.274,0.065
4764.58251,13.426,0.046
4766.6327,13.556,0.052
4767.55707,13.549,0.062
4769.56596,13.551,0.055
4769.6281,13.722,0.044
4776.50951,13.837,0.056
4777.52281,13.695,0.041
4778.55638,13.319,0.064
4779.56815,13.805,0.045
4783.54987,13.532,0.076
4786.54046,13.362,0.064
4787.56534,13.687,0.065
4792.53774,13.566,0.064
4796.53061,13.3,0.082
4796.5641,13.61,0.06
4799.54619,13.522,0.067
4805.52512,13.5,0.063
4809.52831,13.211,0.074
4813.52483,13.268,0.071
4945.85021,13.802,0.065
4949.849,13.362,0.053
4952.90091,13.534,0.052
4967.90175,13.825,0.05
4974.82636,13.922,0.065
4984.85937,13.514,0.053
4988.84028,13.598,0.056
5008.76351,13.597,0.054
5018.75955,13.129,0.053
5022.7519,13.545,0.053
5024.75333,13.616,0.056
5039.67472,13.413,0.049
5041.65566,13.737,0.042
5082.69663,13.481,0.05
5089.61042,13.481,0.05
5093.67417,13.553,0.067
5099.55958,13.164,0.046
5131.50575,13.571,0.058
5144.58465,13.028,0.07
