1873.5198,9.105,0.038
1877.51716,9.156,0.035
1880.51942,9.14,0.038
1880.52136,9.15,0.036
1886.51776,9.06,0.055
1961.90091,9.093,0.041
1963.89072,9.135,0.031
1965.89345,9.113,0.03
1967.89327,9.121,0.03
1971.90144,9.142,0.035
1976.91208,9.174,0.048
1979.85061,9.059,0.037
1980.9087,9.118,0.041
1982.84331,9.15,0.036
1984.83753,9.077,0.04
1985.85646,9.151,0.041
1993.91205,9.227,0.044
1995.8416,9.136,0.049
1999.85215,9.083,0.049
2014.81183,9.057,0.051
2025.78975,9.123,0.029
2026.86,9.09,0.031
2030.80338,9.113,0.032
2031.83996,9.079,0.034
2032.82214,9.168,0.03
2033.83791,9.125,0.03
2037.78828,9.152,0.044
2040.72973,9.126,0.045
2052.77011,9.137,0.035
2054.7778,9.133,0.033
2055.76632,9.104,0.032
2056.76977,9.112,0.032
2058.76239,9.063,0.03
2061.7881,9.13,0.037
2065.72756,9.096,0.037
2067.66307,9.1,0.04
2068.68335,9.135,0.038
2069.69943,9.157,0.038
2070.73122,9.096,0.052
2080.64643,9.128,0.032
2081.70751,9.157,0.029
2082.72328,9.109,0.034
2085.7008,9.087,0.031
2086.72767,9.147,0.033
2087.69725,9.094,0.034
2088.69398,9.107,0.03
2093.61756,9.174,0.04
2096.62713,9.118,0.04
2103.66208,9.138,0.032
2105.65561,9.125,0.03
2106.66104,9.15,0.03
2114.69626,9.108,0.033
2115.65019,9.127,0.03
2116.62882,9.125,0.031
2117.62695,9.076,0.029
2124.59548,9.095,0.034
2125.60404,9.158,0.044
2128.63317,9.147,0.029
2129.61603,9.077,0.029
2130.62052,9.155,0.035
2131.60191,9.092,0.027
2132.61006,9.085,0.028
2133.60649,9.14,0.027
2134.61756,9.088,0.031
2135.60568,9.159,0.046
2136.60518,9.093,0.029
2136.60806,9.11,0.035
2141.59903,9.076,0.032
2143.58941,9.127,0.032
2144.58273,9.105,0.033
2145.58267,9.168,0.032
2151.52929,9.066,0.049
2156.60675,9.08,0.035
2167.51629,9.129,0.034
2167.56017,9.145,0.031
2168.59148,9.143,0.032
2169.53973,9.139,0.033
2173.51804,9.073,0.032
2173.56954,9.117,0.03
2175.49907,9.121,0.051
2175.55086,9.19,0.047
2178.51251,9.09,0.029
2178.52699,9.103,0.031
2179.54148,9.126,0.045
2179.54657,9.153,0.031
2180.54898,9.127,0.033
2180.56525,9.151,0.036
2183.54624,9.119,0.032
2183.56856,9.103,0.032
2184.56988,9.132,0.032
2185.54571,9.152,0.032
2186.63575,9.13,0.046
2188.54174,9.098,0.028
2190.53443,9.152,0.03
2191.58174,9.072,0.033
2192.5197,9.138,0.03
2193.55448,9.099,0.032
2194.52379,9.188,0.03
2195.5422,9.154,0.035
2196.52341,9.044,0.035
2198.51881,9.08,0.03
2199.54576,9.145,0.033
2201.50842,9.085,0.029
2202.54245,9.131,0.05
2203.50972,9.132,0.039
2204.51216,9.153,0.029
2205.50578,9.096,0.032
2206.5195,9.1,0.034
2207.52492,9.18,0.047
2211.53969,9.064,0.032
2212.51252,9.147,0.033
2214.52169,9.143,0.034
2214.55792,9.126,0.037
2216.53844,9.082,0.032
2217.51254,9.134,0.033
2221.5268,9.092,0.032
2221.55522,9.059,0.032
2225.50412,9.122,0.03
2225.51506,9.107,0.034
2228.52633,9.077,0.033
2232.52218,9.142,0.029
2234.54187,9.147,0.03
2235.54208,9.18,0.034
2252.54466,9.135,0.043
2442.71597,9.088,0.025
2445.70172,9.11,0.024
2446.71799,9.165,0.025
2452.65743,9.068,0.036
2453.68952,9.106,0.038
2454.69504,9.08,0.037
2460.93072,9.127,0.029
2464.66874,9.08,0.029
2465.67246,9.141,0.028
2466.67431,9.15,0.031
2467.6645,9.067,0.024
2468.66142,9.141,0.031
2470.62242,9.164,0.031
2473.6372,9.117,0.033
2474.6704,9.097,0.038
2482.6578,9.056,0.039
2486.62383,9.072,0.045
2486.62908,9.036,0.038
2487.6612,9.056,0.05
2490.5567,9.118,0.038
2491.61315,9.075,0.045
2493.60864,9.121,0.031
2494.60958,9.092,0.05
2495.61347,9.174,0.034
2497.61083,9.137,0.031
2498.60122,9.107,0.031
2499.606,9.089,0.029
2501.60752,9.081,0.033
2508.71104,9.151,0.03
2512.53382,9.135,0.032
2519.62215,9.116,0.031
2520.61249,9.167,0.024
2521.62213,9.126,0.044
2523.76705,9.062,0.026
2526.50531,9.124,0.05
2540.67394,9.144,0.028
2544.66257,9.082,0.027
2545.69686,9.123,0.027
2554.57324,9.138,0.05
2556.6007,9.133,0.048
2558.5535,9.061,0.029
2559.56194,9.121,0.03
2560.57172,9.11,0.03
2561.57443,9.052,0.032
2562.58954,9.084,0.036
2563.60586,9.102,0.031
2564.61266,9.078,0.029
2578.61888,9.1,0.026
2601.53635,9.089,0.03
2620.52534,9.075,0.03
2693.89936,9.133,0.035
2697.89523,9.146,0.028
2701.88868,9.103,0.032
2711.86866,9.081,0.03
2714.86176,9.13,0.029
2719.86409,9.107,0.034
2723.87342,9.105,0.027
2725.87328,9.112,0.036
2727.89016,9.179,0.041
2733.89951,9.149,0.032
2735.90064,9.174,0.036
2738.83737,9.09,0.029
2740.88807,9.155,0.031
2742.87821,9.186,0.046
2744.85571,9.117,0.04
2751.78637,9.156,0.031
2754.8842,9.092,0.027
2756.86223,9.08,0.041
2761.82604,9.125,0.029
2782.86374,9.175,0.037
2786.76687,9.16,0.028
2790.7963,9.099,0.037
2804.71092,9.1,0.033
2814.85664,9.086,0.045
2818.87452,9.074,0.038
2831.87362,9.101,0.029
2838.83238,9.076,0.036
2845.82415,9.079,0.026
2851.67438,9.083,0.038
2853.79866,9.065,0.042
2858.72766,9.182,0.038
2861.64907,9.084,0.033
2862.75006,9.088,0.035
2876.6086,9.027,0.042
2883.57837,9.048,0.038
2884.7324,9.074,0.032
2886.55488,9.076,0.04
2888.62653,9.09,0.041
2895.67619,9.175,0.033
2897.6877,9.069,0.029
2902.49553,9.1,0.039
2911.62954,9.034,0.031
2916.58008,9.106,0.042
2917.70756,9.062,0.038
2921.62357,9.075,0.038
2923.60932,9.105,0.039
2926.60502,9.061,0.03
2928.60524,9.049,0.036
2930.60143,9.136,0.036
2932.59442,9.146,0.034
2934.59011,9.172,0.033
2939.59436,9.127,0.03
2943.5423,9.065,0.038
2945.54822,9.093,0.038
2949.62589,9.116,0.033
2960.57295,9.096,0.038
2965.52393,9.067,0.029
2974.55603,9.172,0.033
2982.5264,9.262,0.04
3066.90183,9.101,0.032
3086.91334,9.092,0.032
3090.86261,9.1,0.053
3101.85138,9.132,0.037
3110.91912,9.144,0.035
3122.92739,9.16,0.041
3131.82145,9.135,0.039
3141.82006,9.116,0.037
3163.7964,9.102,0.031
3168.83713,9.062,0.033
3187.73579,9.114,0.044
3190.7568,9.101,0.04
3194.84669,9.154,0.034
3357.54759,9.093,0.033
3366.52999,9.122,0.05
3418.89255,9.086,0.041
3427.88899,9.157,0.05
3431.8897,9.089,0.05
3434.89486,9.129,0.037
3434.9002,9.119,0.036
3442.90473,9.149,0.03
3444.90748,9.128,0.045
3446.87421,9.136,0.03
3448.90918,9.091,0.041
3450.85987,9.078,0.038
3452.91135,9.216,0.053
3453.85715,9.144,0.047
3455.89382,9.114,0.042
3456.88349,9.172,0.038
3459.88451,9.14,0.035
3459.89589,9.14,0.032
3463.86813,9.063,0.039
3463.89381,9.066,0.037
3467.85002,9.122,0.035
3467.88194,9.154,0.032
3471.87876,9.133,0.03
3474.87372,9.137,0.047
3475.86987,9.1,0.054
3477.87814,9.137,0.036
3480.86811,9.06,0.053
3481.87617,9.125,0.044
3483.84809,9.053,0.034
3487.89132,9.166,0.034
3487.92846,9.181,0.037
3490.89055,9.116,0.04
3491.84648,9.112,0.054
3496.92604,9.109,0.042
3499.85623,9.176,0.053
3500.91877,9.102,0.036
3504.8351,9.13,0.041
3506.82685,9.148,0.031
3509.86794,9.152,0.027
3509.87774,9.145,0.029
3512.77502,9.067,0.038
3512.82455,9.098,0.034
3517.80807,9.08,0.032
3521.83815,9.147,0.037
3522.80328,9.073,0.04
3524.81598,9.135,0.044
3525.77763,9.118,0.032
3530.76129,9.127,0.042
3530.878,9.061,0.052
3544.76963,9.112,0.032
3544.80102,9.123,0.034
3547.86531,9.122,0.042
3551.83314,9.153,0.037
3551.8523,9.142,0.037
3554.76029,9.09,0.03
3554.80145,9.13,0.034
3556.84311,9.157,0.035
3558.75371,9.152,0.039
3560.79252,9.09,0.037
3562.66632,9.151,0.036
3563.71648,9.115,0.029
3564.71929,9.087,0.029
3568.80812,9.119,0.032
3570.69261,9.161,0.033
3570.72356,9.176,0.031
3573.73144,9.139,0.035
3573.74644,9.132,0.032
3575.74189,9.17,0.031
3575.76995,9.138,0.028
3577.76729,9.09,0.039
3577.79337,9.095,0.038
3581.81571,9.122,0.036
3581.81902,9.131,0.038
3584.64028,9.162,0.033
3584.65909,9.139,0.032
3586.66849,9.067,0.032
3586.70335,9.095,0.031
3588.74635,9.125,0.049
3590.82531,9.082,0.043
3591.63882,9.114,0.032
3593.58765,9.098,0.034
3596.74665,9.12,0.033
3597.68396,9.124,0.031
3599.78796,9.105,0.032
3601.79123,9.156,0.041
3602.72164,9.121,0.036
3603.80303,9.141,0.035
3615.78161,9.148,0.045
3618.57175,9.119,0.04
3618.57896,9.123,0.04
3620.59138,9.052,0.036
3620.61794,9.108,0.031
3622.66185,9.151,0.03
3622.69806,9.145,0.03
3625.69008,9.165,0.036
3628.64006,9.078,0.035
3628.65772,9.088,0.031
3630.69391,9.115,0.042
3630.70377,9.174,0.037
3632.72122,9.129,0.043
3634.76015,9.078,0.043
3634.77981,9.113,0.037
3637.74023,9.111,0.036
3637.76105,9.069,0.034
3640.71412,9.161,0.031
3640.73349,9.164,0.03
3642.78966,9.103,0.037
3643.53324,9.135,0.038
3646.57864,9.14,0.028
3646.60965,9.089,0.039
3649.55449,9.17,0.039
3651.49717,9.126,0.041
3651.58796,9.088,0.053
3653.53352,9.169,0.039
3653.56631,9.144,0.052
3655.5582,9.094,0.032
3655.5801,9.11,0.043
3657.61197,9.122,0.033
3657.62271,9.16,0.038
3659.64389,9.162,0.036
3659.65977,9.139,0.037
3661.66309,9.088,0.039
3662.52335,9.065,0.045
3663.67528,9.105,0.04
3664.54688,9.3,0.035
3665.72332,9.186,0.034
3666.6375,9.118,0.033
3669.64831,9.17,0.028
3670.54216,9.07,0.033
3672.53379,9.078,0.03
3672.59579,9.103,0.035
3674.63183,9.18,0.033
3675.54648,9.09,0.033
3676.66546,9.079,0.036
3678.53793,9.144,0.031
3680.5131,9.103,0.031
3700.55481,9.066,0.038
3700.56339,9.085,0.036
3703.54541,9.154,0.035
3703.55405,9.126,0.036
3706.53988,9.136,0.042
3706.5486,9.144,0.042
3711.52336,9.135,0.035
3713.54878,9.132,0.034
3715.52724,9.096,0.043
3716.55511,9.166,0.036
3719.55726,9.106,0.052
3722.54086,9.032,0.043
3725.54904,9.041,0.041
3728.54554,9.108,0.043
3733.52847,9.189,0.041
3790.89585,9.093,0.054
3794.89922,9.124,0.042
3798.89254,9.031,0.049
3800.89949,9.073,0.047
3803.90719,9.112,0.051
3804.90539,9.151,0.054
3808.88077,9.103,0.055
3808.90573,9.082,0.046
3812.89041,9.163,0.048
3812.91067,9.14,0.044
3816.88273,9.153,0.043
3816.90416,9.122,0.043
3819.90255,9.15,0.039
3820.90614,9.105,0.044
3823.8747,9.081,0.048
3824.8953,9.136,0.046
3827.8609,9.082,0.038
3831.86733,9.157,0.039
3832.8757,9.102,0.037
3834.90607,9.147,0.039
3836.87663,9.183,0.048
3847.92561,9.171,0.051
3848.92317,9.064,0.056
3850.86565,9.083,0.036
3851.89108,9.125,0.049
3853.86586,9.07,0.039
3861.90856,9.132,0.032
3862.82617,9.05,0.034
3864.82668,9.124,0.039
3864.84938,9.13,0.036
3866.84339,9.175,0.035
3867.82659,9.357,0.039
3869.77969,9.105,0.051
3870.8104,9.116,0.036
3871.82298,9.152,0.035
3872.87073,9.112,0.033
3875.82609,9.108,0.031
3880.8728,9.084,0.033
3882.79844,9.073,0.036
3886.84635,9.16,0.032
3886.8945,9.148,0.032
3889.76415,9.171,0.033
3889.82907,9.082,0.032
3891.80746,9.138,0.032
3892.76473,9.083,0.035
3893.8287,9.122,0.031
3894.80221,9.226,0.03
3896.81398,9.147,0.037
3898.84394,9.11,0.039
3900.79101,9.156,0.042
3901.74189,9.102,0.036
3902.85405,9.089,0.033
3903.78856,9.146,0.032
3905.78173,9.147,0.033
3905.82473,9.112,0.034
3908.72167,9.104,0.033
3908.76498,9.134,0.033
3912.77076,9.087,0.033
3912.80845,9.076,0.031
3981.61238,9.104,0.042
3981.62207,9.128,0.039
4151.89578,9.152,0.039
4155.89755,9.086,0.044
4163.9025,9.104,0.054
4164.90218,9.115,0.049
4167.89095,9.099,0.042
4168.90507,9.061,0.045
4172.89316,9.097,0.037
4172.9087,9.082,0.044
4176.87122,9.148,0.04
4176.91051,9.14,0.046
4180.86994,9.102,0.051
4180.91118,9.076,0.054
4189.87461,9.122,0.031
4189.91095,9.116,0.049
4192.86801,9.098,0.034
4193.87283,9.113,0.035
4203.86263,9.113,0.034
4203.90953,9.07,0.05
4207.89775,9.08,0.039
4207.92276,9.108,0.037
4212.92652,9.123,0.048
4213.92135,9.09,0.036
4216.87685,9.167,0.031
4228.84196,9.138,0.032
4229.86262,9.118,0.028
4230.90105,9.091,0.029
4232.87796,9.084,0.032
4233.83158,9.147,0.043
4235.88664,9.107,0.03
4246.78402,9.093,0.029
4247.78139,9.096,0.029
4250.85611,9.286,0.037
4253.79069,9.123,0.039
4254.74038,9.123,0.043
4256.7615,9.085,0.029
4258.76686,9.12,0.03
4258.82656,9.139,0.033
4273.7542,9.084,0.033
4277.75725,9.124,0.044
4278.71472,9.078,0.029
4283.80205,9.143,0.041
4283.80919,9.126,0.037
4285.78192,9.142,0.053
4285.81485,9.137,0.039
4289.77344,9.06,0.035
4289.80962,9.1,0.034
4291.77468,9.082,0.028
4291.81136,9.118,0.028
4293.76174,9.092,0.028
4293.79595,9.131,0.026
4295.76875,9.16,0.027
4295.8128,9.154,0.041
4297.83808,9.073,0.039
4299.74116,9.13,0.03
4299.78845,9.09,0.028
4301.68422,9.104,0.034
4301.7403,9.064,0.031
4303.68871,9.091,0.028
4303.74409,9.079,0.036
4305.68003,9.091,0.028
4305.73099,9.201,0.042
4307.66191,9.131,0.03
4307.70354,9.132,0.029
4309.70611,9.123,0.057
4311.71168,9.078,0.043
4311.72672,9.365,0.046
4314.74679,9.129,0.029
4314.76892,9.118,0.042
4317.59744,9.083,0.026
4317.65379,9.12,0.048
4329.63561,9.123,0.037
4329.68915,9.148,0.035
4331.62651,9.112,0.025
4331.67288,9.099,0.04
4333.57356,9.152,0.028
4333.63344,9.147,0.04
4334.75132,9.119,0.029
4336.60667,9.147,0.031
4338.65967,9.108,0.032
4338.73403,9.171,0.03
4340.71214,9.145,0.034
4340.73409,9.162,0.031
4342.71288,9.118,0.039
4344.71547,9.13,0.042
4344.73793,9.112,0.05
4346.71162,9.111,0.032
4348.71912,9.084,0.033
4350.78232,9.289,0.034
4350.81263,9.154,0.031
4353.55859,9.13,0.032
4353.5967,9.156,0.026
4355.64448,9.078,0.029
4355.67378,9.091,0.028
4357.65803,9.096,0.031
4359.68556,9.183,0.037
4359.74269,9.121,0.05
4362.51786,9.107,0.029
4362.5497,9.082,0.028
4364.55245,9.086,0.029
4364.57552,9.098,0.031
4366.81086,9.119,0.058
4367.61364,9.072,0.037
4368.65451,9.101,0.033
4369.63754,9.147,0.039
4371.66152,9.131,0.036
4372.66235,9.105,0.039
4375.65942,9.075,0.034
4376.66645,9.113,0.031
4377.70111,9.094,0.037
4378.69818,9.074,0.037
4379.72638,9.142,0.03
4381.55372,9.12,0.035
4382.55792,9.083,0.028
4383.60012,9.142,0.033
4384.59198,9.087,0.029
4385.62889,9.063,0.027
4386.62146,9.147,0.027
4387.64489,9.099,0.028
4388.59748,9.149,0.027
4389.60508,9.137,0.033
4392.56117,9.082,0.035
4393.55882,9.165,0.049
4398.70398,9.093,0.05
4399.52552,9.078,0.042
4403.67514,9.074,0.038
4404.61507,9.152,0.032
4407.67332,9.142,0.035
4408.55598,9.169,0.034
4410.58379,9.106,0.029
4411.57856,9.106,0.037
4413.62413,9.14,0.029
4419.58943,9.093,0.037
4419.59353,9.111,0.037
4422.57376,9.071,0.033
4422.57689,9.076,0.03
4426.57496,9.149,0.047
4426.57807,9.123,0.046
4428.62126,9.148,0.044
4429.55513,9.097,0.037
4431.54596,9.111,0.034
4432.5548,9.105,0.029
4433.60767,9.154,0.031
4435.54995,9.138,0.029
4436.57312,9.13,0.032
4438.5447,9.224,0.036
4439.56336,9.081,0.029
4441.53924,9.118,0.031
4443.55149,9.174,0.03
4449.5591,9.096,0.032
4457.52794,9.133,0.038
4518.89677,9.135,0.045
4523.90105,9.116,0.037
4527.88363,9.085,0.038
4530.90318,9.099,0.042
4535.90585,9.103,0.033
4537.90367,9.12,0.033
4541.90827,9.163,0.034
4545.90978,9.088,0.053
4547.8643,9.081,0.039
4550.90923,9.091,0.043
4554.88691,9.094,0.04
4555.85592,9.121,0.035
4557.89723,9.114,0.038
4558.88897,9.126,0.03
4561.87322,9.144,0.031
4561.88625,9.153,0.03
4565.86826,9.142,0.031
4565.89138,9.127,0.029
4569.85683,9.103,0.032
4569.88982,9.113,0.032
4572.86209,9.081,0.034
4573.85823,9.126,0.036
4575.84564,9.17,0.052
4576.88721,9.177,0.041
4579.87771,9.111,0.038
4583.89521,9.131,0.033
4583.91977,9.119,0.033
4587.82012,9.103,0.036
4587.85147,9.068,0.036
4590.85127,9.129,0.036
4590.89151,9.108,0.033
4593.83311,9.209,0.028
4593.89832,9.134,0.028
4596.90833,9.156,0.028
4601.83753,9.115,0.029
4602.84064,9.087,0.039
4606.87643,9.172,0.045
4606.92372,9.17,0.034
4609.81415,9.1,0.037
4610.7694,9.161,0.035
4611.86024,9.133,0.031
4615.86012,9.131,0.036
4616.89669,9.247,0.031
4617.82212,9.078,0.032
4621.84877,9.095,0.052
4623.84547,9.146,0.032
4626.68199,9.102,0.033
4628.7549,9.09,0.036
4630.73532,9.143,0.033
4630.77578,9.159,0.035
4632.73917,9.156,0.031
4632.77124,9.145,0.031
4638.83634,9.131,0.038
4640.70724,9.1,0.03
4640.84213,9.16,0.033
4642.77062,9.159,0.032
4642.84401,9.076,0.035
4644.79261,9.079,0.032
4645.7592,9.132,0.034
4647.69421,9.122,0.037
4649.75399,9.122,0.044
4650.73655,9.138,0.03
4651.81104,9.078,0.031
4652.80517,9.115,0.028
4653.81185,9.136,0.03
4654.78669,9.089,0.043
4655.74321,9.109,0.042
4656.77033,9.076,0.035
4657.77372,9.108,0.036
4660.71823,9.102,0.029
4661.63305,9.149,0.037
4662.82128,9.079,0.036
4664.72382,9.147,0.034
4665.75213,9.138,0.035
4666.7556,9.07,0.034
4671.68411,9.121,0.029
4672.74518,9.133,0.027
4674.8436,9.086,0.028
4679.6216,9.127,0.03
4681.67558,9.099,0.037
4681.85915,9.127,0.034
4683.72595,9.089,0.028
4685.69404,9.077,0.034
4686.64627,9.128,0.037
4687.67943,9.086,0.029
4690.64938,9.071,0.031
4691.64456,9.144,0.033
4693.69676,9.069,0.044
4694.69487,9.151,0.038
4696.82239,9.103,0.038
4697.7776,9.126,0.031
4698.73205,9.096,0.036
4700.72935,9.116,0.033
4701.7569,9.072,0.036
4702.74134,9.127,0.028
4703.77054,9.086,0.031
4705.54573,9.138,0.037
4705.84971,9.135,0.039
4707.65874,9.079,0.042
4708.68024,9.113,0.032
4709.76172,9.15,0.046
4710.69388,9.261,0.059
4715.57756,9.115,0.034
4715.62497,9.1,0.036
4717.67442,9.108,0.035
4717.69839,9.082,0.051
4720.69661,9.102,0.038
4720.75001,9.137,0.035
4722.70092,9.134,0.042
4722.72896,9.122,0.037
4725.71481,9.151,0.04
4725.73679,9.114,0.034
4728.64641,9.15,0.044
4728.68858,9.109,0.044
4730.6916,9.097,0.036
4733.70662,9.118,0.039
4733.79683,9.098,0.03
4738.51098,9.127,0.039
4738.56478,9.169,0.035
4741.50758,9.084,0.032
4741.55473,9.084,0.031
4743.54805,9.134,0.039
4743.57473,9.16,0.042
4747.55837,9.121,0.04
4747.57782,9.079,0.042
4753.71229,9.077,0.034
4756.56015,9.088,0.034
4756.66996,9.095,0.048
4758.67989,9.128,0.035
4759.60621,9.13,0.042
4761.58338,9.123,0.033
4762.58242,9.095,0.037
4763.67805,9.102,0.03
4764.64535,9.133,0.036
4766.56469,9.075,0.037
4767.56195,9.083,0.039
4768.61968,9.163,0.036
4769.62987,9.107,0.033
4771.55201,9.084,0.038
4772.53381,9.149,0.035
4773.59692,9.155,0.036
4774.56099,9.07,0.037
4775.57606,9.142,0.035
4776.59684,9.142,0.04
4777.59101,9.089,0.033
4778.58404,9.171,0.034
4779.6231,9.105,0.038
4780.61962,9.104,0.05
4783.56789,9.139,0.044
4784.57997,9.098,0.049
4785.62278,9.095,0.035
4787.57895,9.082,0.04
4793.56819,9.143,0.052
4797.52952,9.152,0.045
4797.58299,9.118,0.047
4803.54871,9.194,0.034
4806.54331,9.082,0.039
4806.54961,9.06,0.037
4808.57945,9.187,0.044
4811.57632,9.112,0.057
4814.57435,9.052,0.038
4818.54798,9.139,0.043
4821.54039,9.092,0.048
4824.54142,9.084,0.042
4827.54308,9.145,0.044
4880.89526,9.138,0.043
4892.89903,9.072,0.049
4906.90965,9.19,0.057
4917.86818,9.112,0.047
4917.91375,9.061,0.057
4921.86455,9.124,0.051
4921.90481,9.149,0.05
4926.91664,9.14,0.048
4927.917,9.087,0.051
4937.83811,9.167,0.054
4938.89559,9.153,0.057
4940.86611,9.412,0.051
4945.86762,9.166,0.048
4947.89731,9.09,0.043
4949.86519,9.085,0.052
4962.84052,9.091,0.055
4966.81382,9.063,0.053
4967.90932,9.074,0.05
4969.86283,9.075,0.051
4973.8195,9.105,0.051
4974.80179,9.109,0.054
4984.84002,9.114,0.051
4984.89372,9.077,0.046
4988.82084,9.108,0.053
4990.80907,9.147,0.054
4991.85798,9.093,0.05
4993.81916,9.114,0.051
4994.8728,9.098,0.05
5008.80014,9.07,0.051
5015.69465,9.079,0.047
5015.74851,9.11,0.052
5018.72258,9.099,0.057
5022.73837,9.127,0.054
5022.77004,9.115,0.05
5024.73976,9.15,0.056
5024.77434,9.13,0.044
5029.77172,9.136,0.049
5042.7223,9.102,0.055
5047.71559,9.089,0.048
5049.73589,9.165,0.056
5075.64903,9.076,0.046
5081.7745,9.1,0.054
5083.69161,9.126,0.056
5085.70927,9.074,0.045
5086.72001,9.111,0.04
5088.73753,9.103,0.047
5089.7645,9.155,0.049
5092.59191,9.087,0.042
5093.59245,9.116,0.059
5099.55072,9.062,0.053
5099.59911,9.066,0.052
5129.62999,9.085,0.051
5131.63874,9.093,0.049
5144.67692,9.173,0.045
5148.63195,9.172,0.06
5156.56818,9.053,0.06
5162.55749,9.134,0.06
