1979.892,8.828,0.04
1981.89247,8.851,0.037
1981.90114,8.857,0.034
1982.90273,8.887,0.042
1984.89512,8.909,0.039
1985.89129,8.961,0.039
1994.89477,8.842,0.043
1995.87065,8.872,0.049
1996.88432,8.844,0.044
1998.87647,8.826,0.05
1999.88604,8.832,0.048
2000.87867,8.771,0.042
2007.8666,8.933,0.058
2008.88499,8.924,0.055
2009.87846,8.892,0.053
2011.83839,8.864,0.052
2011.84219,8.925,0.052
2018.80788,8.817,0.053
2025.82469,8.793,0.031
2026.80666,8.816,0.038
2026.90468,8.814,0.035
2030.84386,8.896,0.037
2030.86586,8.907,0.033
2031.87145,8.917,0.039
2032.91702,8.922,0.04
2033.86461,8.885,0.036
2034.90968,8.875,0.054
2039.79634,8.847,0.041
2039.82276,8.831,0.043
2040.78806,8.852,0.049
2052.79311,8.873,0.036
2053.81123,8.859,0.041
2054.80321,8.914,0.043
2055.79173,8.886,0.045
2055.80914,8.902,0.032
2056.79516,8.901,0.041
2057.78939,8.877,0.036
2057.8115,8.874,0.033
2058.78804,8.84,0.038
2061.81168,8.823,0.037
2065.76876,9.12,0.041
2067.70454,8.852,0.043
2067.70856,8.856,0.035
2080.68683,9.539,0.04
2080.70671,8.877,0.033
2081.75394,8.867,0.039
2081.79558,8.866,0.031
2082.74929,8.836,0.039
2082.76456,8.83,0.033
2083.74371,8.812,0.045
2083.79647,8.815,0.056
2085.77887,8.825,0.033
2086.75334,8.836,0.043
2087.72192,8.828,0.041
2088.72096,8.865,0.04
2093.6494,8.817,0.041
2093.67186,8.82,0.04
2094.64958,8.791,0.043
2102.67639,8.886,0.057
2103.68498,8.863,0.037
2103.71263,8.865,0.033
2104.69183,8.842,0.037
2105.68228,8.83,0.038
2106.68659,9.17,0.037
2114.70598,8.822,0.035
2115.68169,8.811,0.038
2115.69754,8.817,0.028
2116.65502,8.794,0.033
2117.65089,8.787,0.037
2128.60898,8.833,0.038
2129.6334,8.802,0.037
2130.63489,8.811,0.038
2131.62308,8.806,0.039
2132.62851,8.831,0.034
2133.6254,8.848,0.037
2134.62521,8.859,0.035
2135.61778,8.856,0.039
2136.61728,8.85,0.037
2140.60001,8.778,0.042
2141.61336,8.79,0.038
2143.60147,8.82,0.036
2144.5993,8.833,0.039
2145.59029,8.868,0.038
2156.59308,8.842,0.044
2163.55986,8.81,0.068
2167.53508,8.861,0.034
2169.54884,8.925,0.032
2171.56398,8.889,0.043
2173.52927,8.869,0.032
2175.53117,8.819,0.046
2183.50212,8.84,0.034
2185.54319,8.82,0.034
2190.54258,8.858,0.03
2192.54189,8.905,0.056
2194.54315,8.903,0.029
2196.55432,8.856,0.032
2198.54476,8.826,0.031
2201.53873,8.823,0.032
2212.54308,8.833,0.034
2224.50812,8.823,0.034
2443.73996,8.879,0.026
2444.74196,8.888,0.029
2445.72847,8.898,0.03
2446.74018,8.898,0.029
2464.69391,8.862,0.027
2464.70962,8.878,0.027
2465.69317,8.869,0.027
2466.69049,8.886,0.026
2468.70114,8.899,0.034
2473.66032,8.906,0.029
2482.55891,8.902,0.04
2486.64508,8.881,0.036
2487.67552,8.83,0.052
2490.64775,8.894,0.032
2491.63653,8.882,0.035
2493.63194,8.923,0.035
2494.63302,8.93,0.034
2495.63466,8.953,0.029
2499.62037,8.854,0.028
2501.62196,8.846,0.028
2502.6288,8.875,0.029
2503.62223,8.846,0.044
2510.62889,8.887,0.034
2520.58933,8.912,0.029
2521.59903,8.891,0.029
2521.69984,8.896,0.023
2526.52706,8.858,0.033
2526.66023,8.861,0.028
2529.55922,8.933,0.039
2539.61542,8.983,0.055
2540.664,8.941,0.032
2544.65771,8.885,0.03
2554.64787,8.87,0.042
2563.50134,8.94,0.031
2564.56517,8.942,0.032
2565.59972,8.939,0.033
2566.61204,8.91,0.033
2707.89475,8.899,0.05
2710.89844,8.864,0.036
2721.89733,8.868,0.046
2728.88243,8.907,0.03
2730.8782,8.891,0.034
2732.88885,8.857,0.028
2737.86156,8.915,0.033
2743.85412,8.846,0.032
2744.86309,8.859,0.052
2747.90946,8.868,0.048
2755.80998,8.873,0.03
2755.83322,8.871,0.025
2757.85738,8.875,0.033
2757.86598,8.916,0.028
2760.82355,8.924,0.046
2760.8485,8.904,0.048
2764.87134,8.896,0.035
2765.83763,8.853,0.03
2769.87966,8.879,0.051
2783.76466,8.911,0.028
2786.80215,8.892,0.031
2786.82917,8.898,0.025
2790.82746,8.858,0.031
2790.84277,8.851,0.028
2809.83465,8.908,0.026
2810.73513,8.876,0.031
2811.75133,8.891,0.027
2812.7245,8.857,0.031
2812.85683,8.844,0.034
2815.85533,8.875,0.034
2819.78128,8.887,0.033
2819.89373,8.877,0.032
2821.75812,8.892,0.033
2829.71126,8.893,0.03
2829.73176,8.888,0.029
2830.81523,8.909,0.03
2831.69368,8.914,0.026
2832.66898,8.899,0.032
2836.75407,8.833,0.038
2843.6814,8.907,0.041
2853.62158,8.9,0.03
2854.84518,8.907,0.029
2858.63519,8.856,0.029
2867.59898,8.898,0.032
2872.73568,8.85,0.03
2875.7416,8.89,0.03
2877.70986,8.903,0.032
2879.77936,8.891,0.032
2879.78427,8.904,0.027
2883.55995,8.846,0.028
2884.71476,8.861,0.034
2886.57607,8.881,0.029
2892.72485,8.882,0.04
2895.73965,8.837,0.035
2899.69988,8.897,0.032
2902.51185,8.889,0.035
2908.51655,8.86,0.03
2910.52679,8.889,0.031
2911.71135,8.911,0.035
2913.65888,8.897,0.05
2918.55928,8.846,0.048
2921.66142,8.871,0.043
2923.63864,8.906,0.036
2926.63447,8.867,0.032
2928.63423,8.828,0.047
2930.63169,8.835,0.031
2932.62437,8.865,0.032
2934.61881,8.91,0.035
2940.50987,8.868,0.033
2945.52742,8.891,0.039
2950.56155,8.835,0.04
2954.5817,8.846,0.039
2957.52353,8.893,0.035
2959.53531,8.905,0.052
2961.53413,8.935,0.045
2963.55679,8.865,0.033
2966.52586,8.855,0.033
2973.53221,8.859,0.034
3089.8955,8.849,0.052
3091.90622,8.84,0.037
3093.88935,8.861,0.036
3102.90005,8.875,0.045
3103.89722,8.881,0.044
3110.86587,8.892,0.053
3114.86754,8.848,0.033
3114.89539,8.842,0.036
3118.90721,8.918,0.034
3126.87489,8.887,0.052
3132.85172,8.911,0.038
3142.83234,8.919,0.03
3146.80675,8.932,0.038
3154.73513,8.911,0.04
3154.75494,8.908,0.033
3160.78573,8.862,0.053
3164.83565,8.913,0.034
3170.79562,8.934,0.037
3173.76041,8.879,0.041
3177.75723,8.927,0.038
3179.81551,8.912,0.034
3182.78373,8.86,0.046
3185.71761,8.851,0.038
3187.74324,8.902,0.036
3191.77278,8.928,0.045
3266.59317,8.902,0.025
3273.54393,8.886,0.047
3274.55906,8.824,0.029
3275.66675,8.854,0.041
3278.56971,8.854,0.035
3280.6092,8.89,0.043
3294.52099,8.927,0.029
3339.52686,8.91,0.042
3446.896,8.954,0.047
3449.9063,8.974,0.052
3453.89129,8.948,0.038
3454.90434,8.946,0.054
3457.90819,8.914,0.042
3458.90468,8.895,0.036
3465.87465,8.881,0.04
3466.88166,8.845,0.067
3466.89968,8.857,0.058
3469.8724,8.942,0.034
3470.87964,8.944,0.031
3470.887,8.956,0.034
3470.89602,8.942,0.038
3474.86633,8.92,0.034
3474.8786,8.928,0.039
3474.88756,8.914,0.035
3477.86069,8.961,0.033
3478.8508,9.058,0.067
3478.87141,8.943,0.039
3480.88365,8.931,0.05
3483.89066,8.848,0.038
3496.89987,8.911,0.041
3497.85424,8.951,0.039
3500.88132,8.98,0.044
3500.88686,8.941,0.03
3508.8848,8.832,0.029
3508.90418,8.816,0.031
3511.82392,8.903,0.035
3511.85445,8.841,0.033
3515.8275,8.937,0.042
3516.85737,8.942,0.041
3520.90842,8.926,0.04
3520.9199,8.926,0.041
3523.79744,8.936,0.043
3523.81851,8.936,0.04
3525.79517,8.921,0.034
3526.8184,8.918,0.028
3526.82066,9.019,0.04
3528.7851,8.884,0.038
3528.79029,8.897,0.043
3529.80364,8.833,0.057
3539.73602,8.928,0.034
3540.76785,8.922,0.04
3540.79794,8.921,0.055
3542.74916,8.979,0.061
3542.76269,8.93,0.034
3543.7695,8.91,0.04
3547.80766,8.913,0.053
3547.81788,8.958,0.049
3550.78178,8.873,0.039
3550.78431,8.911,0.04
3551.80844,8.863,0.039
3553.76493,8.841,0.033
3554.78609,8.776,0.046
3554.78867,8.813,0.036
3556.71112,8.841,0.033
3558.74154,8.871,0.04
3558.74922,8.848,0.043
3559.7513,8.908,0.04
3560.75995,8.894,0.042
3561.78966,8.921,0.046
3562.86179,8.956,0.034
3563.82003,8.931,0.041
3563.82638,8.908,0.035
3564.75873,8.928,0.029
3564.76111,8.927,0.032
3569.76399,8.94,0.034
3574.71945,8.896,0.037
3574.74047,8.912,0.036
3576.73971,8.86,0.035
3576.75854,8.844,0.031
3578.7205,8.821,0.04
3579.81911,8.835,0.035
3583.7429,8.926,0.045
3583.74549,8.912,0.042
3585.77604,8.943,0.041
3585.78278,8.947,0.039
3587.70368,8.883,0.034
3587.80836,8.934,0.036
3587.811,8.936,0.031
3589.81833,8.9,0.037
3590.63489,8.935,0.043
3590.63757,8.948,0.031
3590.87785,8.902,0.034
3592.65926,8.931,0.047
3592.68507,8.936,0.042
3596.65237,8.917,0.037
3596.66135,8.909,0.033
3601.63895,8.836,0.048
3602.66809,8.83,0.038
3603.64613,8.844,0.039
3606.64531,8.914,0.04
3617.64058,8.92,0.038
3619.72214,8.904,0.039
3622.54079,8.832,0.04
3629.57035,8.901,0.042
3631.56807,8.926,0.043
3638.67735,8.896,0.042
3641.65071,8.918,0.034
3641.66682,8.909,0.03
3643.68506,8.886,0.037
3643.68992,8.889,0.041
3643.70222,8.877,0.042
3643.71327,8.865,0.042
3647.58386,8.805,0.033
3651.64967,8.871,0.039
3656.52017,8.945,0.046
3658.59219,8.93,0.046
3660.618,8.913,0.047
3662.64347,8.918,0.054
3665.52816,8.906,0.045
3665.65138,8.933,0.033
3669.52896,8.836,0.033
3669.60096,8.831,0.026
3671.56702,8.813,0.034
3671.64247,8.827,0.028
3674.5527,8.846,0.036
3676.59956,8.912,0.04
3700.53237,8.914,0.041
3703.52304,8.938,0.042
3706.51806,8.986,0.048
3805.90321,8.917,0.048
3810.90651,8.831,0.046
3811.90598,9.079,0.058
3814.9095,8.889,0.048
3821.89547,8.884,0.038
3821.9066,8.873,0.039
3822.90084,8.862,0.046
3825.89914,8.904,0.05
3826.90125,8.883,0.045
3829.88534,8.872,0.038
3829.89694,8.883,0.039
3830.89182,8.849,0.044
3833.87125,8.848,0.055
3833.88433,8.838,0.049
3833.89228,8.851,0.043
3834.8891,8.847,0.049
3849.8618,8.893,0.037
3849.86946,8.889,0.033
3849.87738,8.901,0.033
3849.8858,8.882,0.036
3852.89879,8.899,0.044
3852.90531,8.856,0.044
3853.86758,8.831,0.041
3856.85359,8.825,0.045
3859.86772,8.855,0.049
3861.87112,8.877,0.037
3862.84549,8.892,0.042
3864.83907,8.888,0.035
3864.85481,8.899,0.04
3865.81349,8.915,0.04
3865.82172,8.937,0.034
3867.8726,8.888,0.045
3867.87488,8.89,0.034
3869.856,8.875,0.046
3870.81515,8.864,0.043
3871.85905,8.896,0.042
3875.89012,8.884,0.048
3875.91244,8.872,0.039
3882.82001,8.841,0.038
3882.82227,8.843,0.037
3882.86974,8.821,0.044
3882.88225,8.829,0.039
3886.85806,8.897,0.033
3886.88626,8.89,0.038
3887.83412,8.882,0.031
3889.79996,8.931,0.052
3889.81544,8.88,0.035
3891.82786,8.876,0.034
3891.88399,8.859,0.035
3892.80831,8.884,0.042
3893.84119,8.866,0.03
3894.75822,8.845,0.034
3894.79715,8.899,0.03
3896.83546,8.909,0.038
3902.8124,8.831,0.033
3902.81998,8.837,0.039
3902.83661,8.838,0.04
3902.8393,8.818,0.035
3904.83263,8.867,0.043
3904.86131,8.844,0.048
3904.86397,8.871,0.043
3906.88999,8.87,0.037
3906.89765,8.874,0.044
3907.75987,8.907,0.037
3907.76834,8.896,0.039
3909.74165,8.911,0.039
3913.78247,8.888,0.045
4167.9016,8.891,0.038
4177.90659,8.869,0.045
4184.90713,8.867,0.053
4185.91085,8.853,0.04
4189.91536,8.891,0.03
4190.9127,8.869,0.05
4194.89113,8.831,0.037
4204.87216,8.799,0.032
4204.89573,8.808,0.036
4208.92196,8.884,0.036
4215.92362,8.84,0.047
4215.92531,8.806,0.044
4230.9112,8.868,0.033
4231.93248,8.825,0.034
4233.85735,8.859,0.043
4234.86712,8.856,0.036
4245.84442,8.852,0.063
4246.81877,8.828,0.034
4247.8191,8.848,0.03
4253.82464,8.849,0.036
4258.84019,8.876,0.032
4258.86183,8.882,0.048
4273.77578,8.816,0.031
4273.78821,8.798,0.033
4278.75051,8.867,0.029
4278.78213,8.833,0.042
4285.76563,8.863,0.053
4285.78662,8.835,0.038
4289.75886,8.842,0.029
4289.7783,8.839,0.037
4291.7602,8.902,0.041
4291.77963,8.83,0.029
4293.74294,8.827,0.035
4293.75141,8.895,0.043
4293.76678,8.833,0.031
4293.77165,8.831,0.04
4295.75218,8.833,0.029
4295.75999,8.816,0.032
4295.77387,8.787,0.033
4295.78168,8.784,0.033
4299.73432,8.828,0.03
4299.73999,8.805,0.036
4299.75429,8.802,0.044
4301.69281,8.855,0.037
4301.70108,8.846,0.041
4301.7107,8.832,0.037
4301.71552,8.838,0.039
4303.71161,8.875,0.037
4303.72475,8.856,0.034
4305.69378,8.868,0.033
4305.69951,8.887,0.034
4305.70438,8.871,0.026
4305.71345,8.881,0.032
4307.67065,8.862,0.042
4307.68048,8.853,0.034
4307.687,8.858,0.029
4307.6976,8.833,0.039
4312.69247,8.856,0.048
4312.69733,8.868,0.045
4312.74936,8.872,0.047
4315.68636,8.87,0.028
4315.74665,8.836,0.036
4316.71377,8.832,0.036
4319.69251,8.79,0.032
4329.64148,8.899,0.035
4329.66624,8.842,0.039
4330.63254,8.847,0.032
4331.63801,8.824,0.028
4331.65974,8.799,0.031
4332.64979,8.813,0.032
4333.6279,8.808,0.032
4334.63988,8.808,0.032
4334.79638,8.834,0.031
4336.5987,8.797,0.038
4339.64617,8.853,0.047
4341.64658,8.832,0.035
4342.60798,8.77,0.056
4342.63402,8.857,0.057
4342.64366,8.804,0.034
4344.64411,8.811,0.038
4346.64126,8.841,0.038
4347.64728,8.845,0.033
4348.64749,8.858,0.029
4350.6545,8.872,0.037
4351.64068,8.862,0.046
4352.774,8.851,0.036
4353.5795,8.842,0.027
4354.59476,8.825,0.033
4354.7662,8.81,0.034
4355.65262,8.823,0.029
4355.66038,8.817,0.029
4356.61369,8.799,0.033
4357.67033,8.814,0.03
4357.68819,8.799,0.034
4358.61118,8.811,0.033
4360.5803,8.861,0.034
4362.53796,8.868,0.028
4362.61293,8.846,0.032
4367.56765,8.821,0.038
4367.57497,8.81,0.035
4369.57872,8.843,0.039
4369.59727,8.848,0.041
4369.61056,8.847,0.037
4371.61621,8.862,0.038
4371.63277,8.855,0.034
4373.6292,8.866,0.036
4373.64556,8.891,0.035
4376.6206,8.852,0.033
4376.63709,8.837,0.028
4378.63684,8.82,0.039
4378.65664,8.813,0.042
4380.6961,8.813,0.037
4382.65921,8.834,0.03
4382.6756,8.819,0.031
4383.57305,8.856,0.028
4383.6917,8.834,0.038
4385.56073,8.874,0.032
4385.61289,8.856,0.028
4387.56693,8.85,0.037
4387.6261,8.834,0.028
4389.55126,8.785,0.038
4389.58975,8.801,0.036
4400.63206,8.835,0.054
4402.57942,8.828,0.035
4402.58264,8.817,0.038
4404.60794,8.835,0.03
4408.54352,8.845,0.039
4408.54678,8.866,0.038
4408.6204,8.827,0.04
4411.56706,8.818,0.036
4411.57032,8.831,0.03
4422.5549,8.865,0.038
4422.55817,8.836,0.035
4427.56203,8.824,0.042
4428.528,8.855,0.046
4431.52563,8.858,0.038
4431.5336,8.846,0.038
4437.5269,8.816,0.04
4440.53138,8.876,0.029
4538.90489,8.908,0.04
4542.90293,8.873,0.038
4542.90817,8.884,0.042
4547.90866,8.883,0.041
4550.91107,8.81,0.043
4551.9102,8.804,0.05
4554.89807,8.838,0.042
4560.89032,8.883,0.035
4563.81601,8.857,0.036
4564.88785,8.864,0.033
4568.87916,8.786,0.046
4571.8717,8.893,0.032
4572.87541,8.859,0.035
4575.88832,8.825,0.038
4578.87593,8.843,0.04
4579.90505,8.841,0.037
4579.91336,8.846,0.039
4586.91494,8.852,0.041
4587.87294,8.951,0.031
4590.90947,8.883,0.038
4592.86548,8.917,0.031
4594.86676,8.879,0.029
4597.87919,8.833,0.031
4600.84803,8.794,0.037
4601.81145,8.846,0.031
4606.88312,8.914,0.042
4607.80126,8.857,0.052
4615.85719,8.912,0.033
4615.87541,8.893,0.035
4617.86424,8.898,0.034
4621.83296,8.816,0.047
4622.77464,8.814,0.036
4623.85199,8.838,0.037
4626.72833,8.868,0.037
4627.83729,8.866,0.036
4629.83281,8.887,0.033
4630.75084,8.895,0.028
4631.8359,8.866,0.033
4632.74893,8.895,0.032
4633.81698,8.834,0.038
4641.81177,8.885,0.033
4643.81816,8.845,0.042
4646.7503,8.856,0.054
4647.71735,8.857,0.04
4647.72129,8.85,0.033
4647.80908,8.856,0.037
4648.78764,8.878,0.035
4650.87665,8.833,0.046
4653.72962,8.893,0.033
4655.75746,8.836,0.032
4657.79103,8.808,0.045
4658.68845,8.844,0.052
4661.68271,8.874,0.041
4661.69174,8.908,0.032
4662.75479,8.893,0.036
4663.74209,8.883,0.041
4671.7261,8.868,0.031
4674.65077,8.893,0.032
4674.65333,8.912,0.03
4674.67011,8.888,0.029
4674.68011,8.897,0.032
4679.74906,8.843,0.034
4682.72181,8.82,0.041
4684.70139,8.861,0.037
4684.70399,8.866,0.034
4684.72102,8.867,0.035
4684.73054,8.86,0.041
4686.66925,8.877,0.036
4686.69543,8.887,0.038
4690.6839,8.858,0.03
4696.75245,8.926,0.052
4696.75517,8.89,0.043
4696.79957,8.926,0.045
4696.80327,8.898,0.036
4698.66177,8.901,0.034
4698.66467,8.904,0.036
4700.6549,8.908,0.029
4702.66362,8.863,0.034
4702.66649,8.837,0.035
4704.6866,8.834,0.038
4704.69672,8.815,0.04
4706.69263,8.834,0.034
4706.6955,8.842,0.035
4707.60619,8.892,0.045
4707.61655,8.86,0.038
4709.6474,8.901,0.036
4709.65033,8.886,0.035
4709.71348,8.869,0.034
4715.58595,8.841,0.034
4715.6058,8.832,0.036
4716.61323,8.868,0.042
4716.62312,8.847,0.027
4722.56702,8.909,0.037
4722.57706,8.915,0.044
4722.70637,8.895,0.037
4724.55796,8.859,0.042
4725.5995,8.876,0.044
4725.72087,8.85,0.037
4728.54658,8.836,0.042
4728.55723,8.914,0.044
4729.60276,8.857,0.039
4730.59842,8.884,0.036
4730.7012,8.853,0.031
4731.62676,8.877,0.052
4733.60111,8.91,0.036
4733.71984,8.887,0.037
4736.69168,8.853,0.038
4739.55679,8.855,0.03
4742.5393,8.863,0.046
4743.60478,8.898,0.044
4744.55135,8.898,0.041
4744.58678,8.909,0.045
4750.53807,8.878,0.046
4752.60822,8.857,0.049
4754.6263,8.885,0.044
4754.67628,8.875,0.041
4756.64882,8.891,0.048
4757.56257,8.888,0.043
4759.60398,8.873,0.045
4759.65414,8.855,0.038
4762.58096,8.846,0.044
4762.61136,8.85,0.038
4765.57144,8.876,0.043
4765.57975,8.886,0.04
4767.64912,8.9,0.038
4768.56301,8.924,0.043
4770.55489,8.901,0.043
4772.58534,8.872,0.033
4777.53319,8.886,0.041
4777.5365,8.86,0.039
4779.57334,8.873,0.047
4779.57661,8.854,0.042
4783.55601,8.816,0.055
4783.55929,8.811,0.052
4786.54373,8.843,0.036
4786.54706,8.841,0.037
4792.54013,8.901,0.053
4792.5433,8.92,0.05
4796.53381,8.858,0.054
4798.54024,8.837,0.038
4805.53397,8.835,0.044
4908.90976,8.886,0.064
4919.89324,8.942,0.054
4920.91098,8.849,0.057
4928.91427,8.86,0.05
4928.91611,8.885,0.053
4931.88898,8.872,0.057
4932.87004,8.929,0.058
4935.88562,8.864,0.053
4936.88357,8.856,0.057
4947.87033,8.852,0.047
4951.85629,8.879,0.044
4951.85868,8.996,0.048
4954.88179,8.864,0.055
4961.8219,8.889,0.054
4961.85928,8.884,0.051
4968.91342,8.865,0.056
4972.83638,8.895,0.051
4972.83969,8.889,0.047
4972.87854,8.871,0.045
4972.88166,8.871,0.048
4975.85076,8.869,0.043
4975.8564,8.894,0.05
4984.84653,8.876,0.048
4984.86488,8.862,0.053
4988.83495,8.92,0.048
4988.85241,8.912,0.052
4989.79095,8.927,0.054
4990.82514,8.893,0.056
4991.78692,8.855,0.056
5009.81458,8.884,0.048
5012.87423,8.896,0.053
5012.88254,8.869,0.051
5013.70409,8.871,0.061
5015.71343,8.865,0.049
5015.73456,8.836,0.051
5022.89713,8.919,0.061
5023.76881,8.906,0.051
5024.75091,8.938,0.055
5040.69733,8.828,0.054
5040.71913,8.809,0.049
5042.69007,8.861,0.058
5042.70686,8.846,0.054
5068.62963,8.888,0.053
5070.75058,8.873,0.052
5072.56596,8.896,0.067
5083.64974,8.892,0.047
5083.65271,8.863,0.045
5083.69792,8.861,0.05
5084.62678,8.804,0.058
5085.7156,8.813,0.044
5088.7041,8.866,0.044
5092.58569,8.906,0.043
5092.5888,8.901,0.04
5092.64455,8.867,0.046
5093.56662,8.851,0.063
5098.56862,8.855,0.054
5098.57849,8.873,0.057
5105.55021,8.911,0.054
5111.56966,8.873,0.046
5111.63843,8.839,0.047
5111.69239,8.844,0.052
5116.53872,8.867,0.058
5118.66171,8.886,0.047
5124.64341,8.925,0.047
