1874.51944,11.325,0.035
1879.51369,11.415,0.028
1879.51537,11.449,0.036
1880.51408,11.416,0.034
1887.52257,11.514,0.03
1982.9053,11.326,0.04
1984.90512,11.361,0.04
1996.88909,11.557,0.036
2025.84833,11.469,0.025
2026.79316,11.486,0.034
2026.89108,11.47,0.029
2030.8168,11.463,0.033
2030.85713,11.464,0.024
2031.85828,11.466,0.037
2032.80312,11.447,0.024
2033.8604,11.453,0.033
2033.86195,11.498,0.024
2034.91665,11.508,0.027
2039.81625,11.5,0.033
2040.7502,11.503,0.035
2052.78424,11.593,0.038
2052.8151,11.566,0.029
2053.80685,11.612,0.036
2053.82636,12.181,0.031
2054.80105,11.615,0.037
2054.82062,11.637,0.031
2055.78954,11.606,0.037
2055.81389,11.612,0.028
2056.79074,11.573,0.037
2056.8103,11.61,0.031
2057.78718,11.517,0.035
2058.78352,11.59,0.036
2058.82733,11.562,0.029
2061.80942,11.564,0.039
2061.83138,11.606,0.028
2064.8608,11.657,0.035
2067.69011,11.67,0.026
2070.82794,11.88,0.044
2070.86002,11.737,0.028
2080.70414,11.869,0.027
2081.7514,11.846,0.035
2081.83177,12.183,0.026
2082.76647,11.817,0.029
2083.73866,11.756,0.034
2085.7275,11.755,0.037
2086.6566,11.775,0.024
2087.7193,11.708,0.036
2087.73461,11.734,0.029
2088.71833,11.722,0.037
2088.74497,11.682,0.028
2093.65992,11.616,0.029
2094.66688,11.532,0.031
2103.68218,11.597,0.036
2103.72821,11.526,0.03
2104.68678,11.532,0.034
2104.70454,11.539,0.027
2105.67944,11.555,0.034
2105.69953,11.554,0.026
2106.68373,11.606,0.032
2106.71056,11.616,0.027
2114.71199,11.662,0.032
2114.72769,11.648,0.026
2115.67407,11.691,0.031
2115.70355,11.707,0.026
2116.65208,11.709,0.034
2116.67001,11.699,0.027
2117.64794,11.741,0.035
2117.67484,11.689,0.028
2128.61956,11.548,0.035
2128.64701,11.535,0.027
2129.63038,11.531,0.035
2129.65738,11.494,0.028
2130.62964,11.512,0.035
2130.64996,11.495,0.028
2131.62003,11.491,0.034
2131.64263,11.451,0.028
2132.62995,11.454,0.034
2132.65549,11.435,0.026
2133.62012,11.504,0.032
2133.64048,11.437,0.025
2134.62664,11.457,0.036
2134.64482,11.439,0.027
2135.6192,11.428,0.035
2135.64183,11.451,0.025
2136.62097,11.459,0.032
2136.64361,11.445,0.028
2140.59693,11.462,0.036
2141.60805,11.442,0.034
2141.63076,11.446,0.029
2143.60807,11.438,0.033
2143.62858,11.448,0.025
2144.59399,11.46,0.033
2144.61447,11.467,0.027
2145.60998,11.435,0.026
2156.59504,11.228,0.035
2167.54378,11.375,0.03
2168.57957,11.342,0.03
2171.51615,11.473,0.029
2173.55529,11.544,0.029
2175.53656,11.631,0.031
2180.54359,11.783,0.035
2183.53837,11.841,0.034
2185.52488,11.772,0.031
2189.51413,11.84,0.034
2191.5416,11.801,0.053
2193.54262,11.708,0.026
2195.53473,11.612,0.026
2197.54626,11.518,0.027
2202.54146,11.978,0.043
2212.5089,11.126,0.03
2214.55199,11.174,0.034
2216.56357,11.219,0.031
2219.51785,11.36,0.031
2222.56891,11.43,0.041
2226.50504,11.482,0.042
2229.51341,11.612,0.042
2235.51215,11.624,0.038
2439.77975,11.481,0.025
2440.76538,11.456,0.023
2443.73745,11.57,0.028
2443.76857,11.565,0.021
2446.73766,11.661,0.033
2455.74278,11.596,0.044
2460.90966,11.585,0.027
2464.69114,11.612,0.034
2464.7203,11.535,0.034
2465.69035,11.567,0.029
2465.72161,11.55,0.031
2466.68544,11.557,0.03
2466.70545,11.54,0.029
2467.6847,11.7,0.029
2467.71156,11.501,0.026
2470.66282,11.468,0.025
2473.65289,11.477,0.03
2473.67531,11.545,0.036
2474.69297,11.507,0.037
2482.66911,11.408,0.036
2482.67585,11.383,0.037
2486.64209,11.351,0.035
2486.66904,11.37,0.032
2487.67249,11.403,0.043
2489.59994,11.338,0.038
2490.65822,11.403,0.031
2491.63122,11.396,0.043
2493.62892,11.36,0.035
2493.65375,11.317,0.029
2494.63,11.415,0.034
2494.65849,11.389,0.031
2495.62941,11.462,0.032
2495.64978,11.407,0.027
2497.62899,11.5,0.029
2498.61707,11.533,0.029
2498.64456,11.511,0.024
2499.61507,11.512,0.031
2499.6355,11.51,0.026
2501.62338,11.564,0.028
2501.6439,11.587,0.028
2502.62123,11.602,0.032
2502.64635,11.644,0.027
2503.62365,11.579,0.044
2508.54649,11.715,0.036
2508.66025,11.715,0.029
2510.61581,11.744,0.03
2510.64755,11.767,0.027
2511.69414,11.763,0.034
2519.53778,11.612,0.042
2519.73868,11.659,0.031
2520.6173,11.668,0.023
2520.75806,11.65,0.035
2521.62694,11.635,0.024
2523.77184,11.575,0.026
2526.55769,11.57,0.028
2535.60003,11.483,0.038
2540.65628,11.358,0.033
2540.66147,11.437,0.028
2544.64996,11.316,0.031
2544.65522,11.392,0.022
2545.68877,11.392,0.03
2545.6917,11.42,0.023
2552.68419,11.551,0.032
2554.56509,11.572,0.038
2554.56807,11.567,0.033
2556.598,11.551,0.041
2558.54527,11.594,0.028
2558.54824,11.572,0.024
2559.55895,11.635,0.025
2562.51341,11.692,0.032
2562.5164,11.699,0.026
2563.57637,11.706,0.032
2563.57938,11.713,0.025
2564.58989,11.691,0.032
2564.5929,11.674,0.025
2565.61792,11.699,0.032
2565.62092,11.645,0.026
2566.62789,11.711,0.031
2566.63091,11.766,0.026
2578.61201,11.702,0.034
2578.6453,11.608,0.03
2601.5291,11.369,0.033
2622.54706,11.546,0.025
2709.89881,11.289,0.025
2712.90511,11.295,0.026
2721.87197,11.414,0.034
2723.89538,11.519,0.025
2727.86939,11.527,0.024
2730.8806,11.566,0.023
2734.86176,11.599,0.025
2737.86386,11.684,0.027
2740.85356,11.656,0.022
2741.84143,11.632,0.033
2743.85634,11.672,0.022
2747.89851,11.67,0.037
2747.91163,11.728,0.035
2754.86673,11.523,0.025
2756.90814,11.571,0.03
2759.88308,11.402,0.028
2761.86647,11.322,0.026
2763.83378,11.28,0.034
2763.8526,11.291,0.023
2769.90205,11.097,0.031
2783.74937,11.301,0.041
2786.83153,11.428,0.026
2790.85639,11.572,0.025
2808.86556,11.489,0.03
2808.87447,11.565,0.026
2810.73034,11.604,0.033
2810.75281,11.445,0.03
2812.74691,11.454,0.026
2815.82934,11.363,0.031
2815.88267,11.326,0.027
2819.80143,11.223,0.026
2821.76468,11.206,0.03
2821.80242,11.233,0.028
2829.74283,11.236,0.027
2831.68619,11.28,0.03
2832.65864,11.265,0.034
2832.76954,11.29,0.023
2835.7356,11.382,0.029
2835.76664,11.413,0.03
2838.72637,11.435,0.028
2845.74742,11.581,0.028
2845.77907,11.549,0.02
2853.61855,11.63,0.027
2854.84216,11.672,0.028
2858.63214,11.69,0.032
2858.65871,11.677,0.021
2859.72623,11.676,0.029
2860.60634,11.626,0.032
2862.66049,11.596,0.031
2866.72274,11.496,0.029
2866.82225,11.475,0.027
2867.77787,11.463,0.03
2872.73011,11.286,0.03
2872.74677,11.267,0.022
2875.73373,11.215,0.03
2875.75271,11.21,0.022
2877.69472,11.228,0.031
2877.71161,11.202,0.024
2879.75303,11.23,0.029
2879.78113,11.226,0.028
2883.54956,11.279,0.035
2883.58323,11.225,0.024
2884.71161,11.316,0.038
2886.56377,11.376,0.029
2886.59376,11.328,0.022
2890.78851,11.46,0.043
2892.72948,11.55,0.023
2893.58898,11.632,0.03
2894.62133,11.708,0.027
2896.64269,11.815,0.031
2898.62559,11.861,0.03
2900.62024,11.855,0.03
2902.55035,11.998,0.029
2908.59747,12.049,0.03
2910.62272,12.093,0.034
2911.64095,12.054,0.024
2912.57394,12.061,0.03
2913.68118,12.031,0.041
2917.51909,12.035,0.035
2917.53857,11.934,0.028
2922.66173,11.904,0.032
2922.66469,11.888,0.027
2928.51537,11.701,0.034
2930.5228,11.729,0.03
2934.52237,11.596,0.035
2936.52298,11.592,0.04
2939.52591,11.604,0.031
2944.52652,11.679,0.035
2945.60399,11.74,0.036
2950.58632,11.754,0.033
2956.60003,11.774,0.031
2961.52608,11.765,0.031
2963.55412,11.702,0.031
2965.56099,11.68,0.031
2971.55766,11.73,0.031
2974.54538,11.722,0.031
2978.54471,11.697,0.034
2981.53576,11.705,0.033
2985.52621,11.561,0.032
3075.89053,11.395,0.039
3089.90087,11.623,0.027
3093.89991,11.741,0.025
3098.89473,11.624,0.023
3101.87858,11.607,0.033
3106.89453,11.489,0.028
3109.87294,11.296,0.032
3109.8926,11.342,0.029
3113.8722,11.203,0.023
3118.91447,11.213,0.026
3126.87987,11.318,0.026
3128.8734,11.362,0.032
3130.84993,11.445,0.027
3130.89477,11.466,0.027
3133.85966,11.665,0.025
3142.82721,11.844,0.03
3144.87957,11.808,0.039
3146.79911,11.792,0.031
3154.75089,11.519,0.023
3157.84615,11.323,0.034
3160.82199,11.224,0.032
3163.83949,11.11,0.03
3163.86769,11.148,0.024
3166.76548,11.128,0.03
3166.80507,11.11,0.031
3169.7869,11.142,0.023
3172.81184,11.253,0.036
3176.78546,11.272,0.032
3179.74732,11.442,0.034
3179.7844,11.365,0.024
3182.76267,11.493,0.03
3182.79321,11.471,0.03
3185.7377,11.533,0.024
3187.74536,11.736,0.032
3187.79891,11.59,0.025
3190.76386,11.625,0.04
3190.79206,11.605,0.03
3266.58191,11.494,0.023
3293.62202,11.45,0.038
3293.62547,11.481,0.03
3323.5722,11.226,0.034
3355.52744,11.656,0.025
3445.89013,11.346,0.035
3447.89876,11.342,0.038
3453.88115,11.399,0.044
3456.9026,11.543,0.033
3465.87721,11.534,0.034
3465.88254,11.581,0.031
3469.87499,11.548,0.031
3469.88645,11.525,0.026
3472.89571,11.515,0.034
3473.8702,11.477,0.038
3477.86316,11.51,0.035
3477.86834,11.687,0.032
3479.9178,11.466,0.041
3480.88701,11.498,0.045
3483.89601,11.482,0.032
3483.90708,11.388,0.031
3489.87299,11.338,0.042
3492.87599,11.323,0.038
3492.91716,11.373,0.037
3497.83896,11.387,0.03
3497.84122,11.358,0.028
3501.82321,11.417,0.04
3504.8443,11.544,0.045
3510.78547,11.555,0.036
3511.83549,11.588,0.03
3512.81225,11.567,0.025
3515.84276,11.519,0.039
3516.87842,11.739,0.03
3520.86584,11.744,0.035
3523.83378,11.667,0.033
3525.80751,11.664,0.034
3525.85834,11.671,0.034
3526.815,11.644,0.024
3528.79668,11.609,0.036
3538.84536,11.34,0.025
3542.75943,11.275,0.033
3543.81654,11.232,0.036
3550.79258,11.274,0.031
3550.84448,11.28,0.027
3553.78209,11.301,0.03
3553.80914,11.304,0.023
3556.70729,11.345,0.032
3559.74748,11.352,0.032
3559.76617,11.376,0.036
3559.79229,11.426,0.034
3563.81159,11.445,0.031
3564.6988,11.514,0.033
3564.75407,11.468,0.024
3569.77469,11.542,0.022
3570.71013,11.489,0.029
3573.74454,11.553,0.028
3575.72831,11.565,0.034
3575.76809,11.483,0.026
3577.79152,11.509,0.029
3581.92226,11.48,0.023
3582.8722,11.544,0.038
3584.65727,11.481,0.026
3586.70167,11.541,0.027
3588.74158,11.492,0.043
3588.74453,11.444,0.035
3589.71445,11.49,0.032
3591.63717,11.469,0.024
3591.81221,11.483,0.044
3597.67547,11.395,0.023
3602.67239,11.462,0.034
3602.77198,11.418,0.029
3603.66045,11.48,0.031
3617.63102,11.539,0.033
3617.64389,11.598,0.028
3618.74414,11.544,0.035
3619.71259,11.625,0.035
3619.72433,11.567,0.026
3622.53663,11.604,0.036
3622.55715,11.498,0.031
3625.64701,11.609,0.026
3628.57887,11.563,0.03
3628.61765,11.606,0.029
3628.70601,11.559,0.032
3630.65489,11.563,0.033
3630.67221,11.53,0.027
3632.65728,11.506,0.032
3632.67912,11.552,0.027
3634.6851,11.562,0.035
3634.7047,11.516,0.031
3637.68237,11.641,0.033
3637.69943,11.617,0.027
3639.73157,11.631,0.037
3640.69695,11.637,0.025
3642.66814,11.589,0.029
3643.53753,11.584,0.031
3643.67955,11.57,0.033
3644.7099,11.564,0.039
3646.61407,11.627,0.031
3646.68178,11.579,0.032
3649.55884,11.545,0.032
3650.6711,11.623,0.03
3651.60212,11.587,0.024
3655.51517,11.582,0.04
3655.53351,11.528,0.025
3657.59711,11.494,0.035
3657.60395,11.593,0.038
3659.63254,11.527,0.035
3659.63917,11.581,0.025
3661.65429,11.602,0.035
3661.65756,11.508,0.026
3663.66657,11.45,0.036
3663.66993,11.521,0.026
3666.57952,11.524,0.031
3666.58283,11.465,0.025
3669.6875,11.445,0.025
3670.52734,11.544,0.029
3670.62001,11.506,0.03
3672.55043,11.534,0.022
3672.58126,11.484,0.031
3674.6478,11.619,0.031
3675.53334,11.607,0.032
3677.56477,11.601,0.023
3678.52553,11.624,0.032
3699.55981,11.655,0.026
3701.55553,11.636,0.042
3702.55116,11.534,0.023
3704.54869,11.595,0.036
3705.54884,11.612,0.025
3711.55383,11.471,0.026
3713.5618,11.469,0.028
3717.54188,11.552,0.03
3721.53206,11.474,0.028
3805.9061,11.53,0.036
3810.89286,11.389,0.036
3814.89678,11.434,0.037
3821.89225,11.401,0.031
3825.89603,11.384,0.038
3828.88755,11.443,0.029
3829.88207,11.327,0.032
3833.88116,11.274,0.036
3849.85651,11.425,0.032
3849.86684,11.439,0.031
3852.89537,11.374,0.036
3852.90187,11.428,0.03
3856.85086,11.469,0.038
3859.89179,11.391,0.044
3862.8815,11.423,0.028
3865.82561,11.436,0.033
3865.87617,11.387,0.031
3866.84956,11.426,0.037
3868.83959,11.438,0.034
3868.84864,11.352,0.028
3870.8518,11.449,0.031
3874.91831,11.406,0.025
3877.83658,11.462,0.03
3877.85379,11.424,0.026
3882.78846,11.389,0.034
3882.81347,11.397,0.025
3886.86777,11.346,0.031
3887.8274,11.351,0.027
3889.81345,11.364,0.031
3891.88192,11.379,0.029
3892.82092,11.31,0.027
3894.73674,11.361,0.029
3896.83201,11.395,0.037
3901.84604,11.358,0.027
3901.91687,11.334,0.035
3903.88771,11.364,0.024
3904.76601,11.407,0.037
3906.76565,11.458,0.026
3906.84033,11.468,0.032
3908.83173,11.502,0.024
3912.77764,11.476,0.032
3912.80094,11.489,0.023
4089.53444,11.468,0.025
4166.90289,11.332,0.036
4182.89206,11.321,0.034
4190.88506,11.595,0.031
4193.89796,11.677,0.044
4203.91199,11.683,0.034
4208.91883,11.557,0.04
4215.92044,11.529,0.048
4230.92763,11.464,0.028
4233.87812,11.495,0.037
4247.83461,11.595,0.028
4253.83779,11.61,0.033
4258.75482,11.572,0.036
4278.76235,11.185,0.031
4283.85828,11.194,0.027
4284.78404,11.253,0.032
4286.78125,11.208,0.043
4290.7704,11.432,0.034
4292.75734,11.545,0.027
4296.77079,11.654,0.032
4296.77362,11.713,0.033
4298.77158,11.615,0.033
4300.73813,11.738,0.049
4300.74654,11.77,0.036
4302.77008,11.726,0.044
4302.78189,11.775,0.036
4304.70555,11.762,0.03
4304.71079,11.76,0.03
4306.70828,11.72,0.027
4306.71354,11.783,0.024
4308.70344,11.673,0.04
4308.71443,11.715,0.032
4311.72509,11.731,0.027
4311.88759,11.664,0.034
4314.76442,11.618,0.024
4314.81295,11.607,0.029
4317.64688,11.46,0.028
4317.65217,11.524,0.023
4329.65791,11.234,0.037
4330.65239,11.18,0.036
4331.64767,11.18,0.029
4332.65464,11.21,0.025
4333.6126,11.178,0.027
4334.65103,11.129,0.04
4334.80092,11.148,0.037
4338.65059,11.179,0.026
4341.63187,11.253,0.043
4342.70657,11.267,0.029
4343.63261,11.318,0.036
4344.71245,11.284,0.035
4345.63417,11.32,0.042
4350.77309,11.437,0.031
4353.59346,11.453,0.024
4353.76641,11.448,0.029
4355.67203,11.482,0.024
4356.53981,11.505,0.027
4357.7034,11.475,0.026
4358.57471,11.537,0.03
4362.54043,11.537,0.025
4362.60459,11.503,0.027
4367.5709,11.464,0.028
4369.5836,11.442,0.034
4369.6073,11.38,0.029
4371.62869,11.419,0.027
4373.64231,11.393,0.025
4376.63386,11.308,0.024
4378.65253,11.289,0.028
4380.67235,11.333,0.034
4380.69297,11.323,0.03
4382.6671,11.281,0.027
4382.71927,11.291,0.024
4385.57008,11.323,0.024
4387.57477,11.271,0.024
4389.5591,11.314,0.028
4393.53205,11.36,0.032
4400.62812,11.429,0.037
4402.59757,11.599,0.031
4403.64735,11.561,0.028
4407.62943,11.7,0.03
4409.64826,11.643,0.026
4413.58702,11.617,0.024
4420.62556,11.433,0.038
4423.59751,11.381,0.031
4427.60166,11.348,0.032
4430.58521,11.247,0.037
4433.55692,11.235,0.028
4436.55956,11.166,0.031
4439.55142,11.235,0.031
4443.5423,11.249,0.027
4541.90414,11.375,0.033
4545.90494,11.43,0.039
4551.89129,11.428,0.039
4558.878,11.472,0.03
4562.88531,11.55,0.033
4566.88873,11.578,0.035
4574.84333,11.641,0.034
4578.87261,11.65,0.033
4586.88934,11.416,0.032
4589.88932,11.334,0.03
4591.88355,11.318,0.03
4592.87948,11.327,0.03
4595.87054,11.304,0.028
4600.8542,11.319,0.032
4602.82419,11.366,0.035
4606.89488,11.403,0.035
4615.86686,11.526,0.034
4621.83608,11.487,0.036
4622.76646,11.623,0.034
4629.81163,11.719,0.033
4631.82339,11.703,0.029
4633.81027,11.602,0.034
4639.79726,11.577,0.027
4639.81441,11.493,0.03
4641.80567,11.496,0.028
4643.81485,11.512,0.035
4646.7301,11.438,0.039
4648.78084,11.47,0.032
4650.85551,11.431,0.029
4651.73011,11.472,0.025
4653.71422,11.397,0.028
4655.75145,11.344,0.039
4657.785,11.284,0.037
4658.71158,11.192,0.04
4661.65964,11.199,0.03
4663.73659,11.165,0.036
4671.7148,11.207,0.028
4674.66389,11.26,0.029
4674.6971,11.25,0.024
4677.72501,11.394,0.047
4679.72853,11.441,0.029
4679.805,11.373,0.023
4684.71531,11.516,0.033
4684.74672,11.447,0.031
4686.67799,11.5,0.039
4690.66867,11.46,0.029
4694.66374,11.47,0.037
4696.83455,11.359,0.028
4701.73204,11.379,0.03
4703.74245,11.399,0.034
4705.58706,11.401,0.035
4705.82494,11.452,0.036
4708.66302,11.386,0.032
4709.77187,11.458,0.041
4710.67793,11.433,0.037
4715.59699,11.589,0.034
4720.67446,11.491,0.027
4721.65466,11.502,0.033
4722.6837,11.582,0.031
4724.67652,11.5,0.036
4725.7074,11.553,0.033
4726.72657,11.499,0.034
4728.63115,11.652,0.031
4729.68779,11.51,0.03
4730.67488,11.546,0.03
4733.54144,11.541,0.035
4733.67241,11.523,0.028
4739.55106,11.437,0.025
4739.61593,11.472,0.032
4741.73906,11.391,0.034
4744.51303,11.592,0.035
4744.57238,11.556,0.039
4748.52568,11.525,0.032
4750.70463,11.485,0.027
4753.5819,11.347,0.028
4754.56749,11.391,0.034
4755.61126,11.378,0.032
4757.66042,11.365,0.034
4760.57893,11.336,0.031
4761.64775,11.396,0.034
4762.66194,11.359,0.03
4765.58182,11.32,0.03
4767.65108,11.3,0.031
4770.55789,11.319,0.042
4772.58757,11.362,0.032
4775.54696,11.345,0.028
4777.57466,11.367,0.029
4779.60769,11.328,0.032
4783.56435,11.497,0.035
4785.62033,11.426,0.029
4803.5458,11.631,0.037
4806.54657,11.693,0.033
4809.5611,11.509,0.037
4816.53173,11.605,0.038
4820.53315,11.514,0.036
4910.90518,11.587,0.04
4918.89344,11.689,0.046
4945.85699,11.415,0.038
4949.85817,11.37,0.04
4961.82962,11.629,0.045
4961.84628,11.704,0.037
4967.91235,11.885,0.039
4972.87533,11.757,0.035
4974.82866,11.723,0.043
4975.84752,11.693,0.036
4984.85655,11.545,0.039
4988.84263,11.455,0.039
4990.89132,11.393,0.044
4994.8418,11.348,0.038
4994.86343,11.286,0.038
5012.88467,11.347,0.037
5015.73113,11.371,0.04
5018.76177,11.419,0.042
5022.76423,11.511,0.041
5024.76743,11.578,0.037
5029.78555,11.604,0.04
5040.70707,11.437,0.042
5042.69807,11.373,0.043
5048.68767,11.235,0.037
5049.69047,11.268,0.044
5082.78642,11.558,0.041
5084.63167,11.453,0.049
5084.81262,11.491,0.042
5088.71351,11.477,0.038
5089.61617,11.386,0.036
5092.74348,11.376,0.039
5093.67912,11.396,0.04
5097.54471,11.343,0.045
5104.62019,11.173,0.036
5110.69693,11.222,0.045
5131.63423,11.517,0.039
