1873.52438,11.761,0.041
1981.90114,11.768,0.052
1985.89129,11.821,0.051
1994.91007,11.808,0.051
1997.87972,11.78,0.055
1998.89844,11.769,0.045
2000.90137,11.826,0.046
2011.84219,12,0.05
2018.82314,12.131,0.051
2018.83197,11.875,0.051
2025.82469,11.986,0.039
2025.83831,11.999,0.04
2026.90468,11.979,0.038
2026.92551,12.02,0.038
2030.86586,11.999,0.039
2032.82545,12.036,0.04
2032.83203,12.013,0.04
2033.87285,11.991,0.037
2039.82276,11.96,0.045
2040.78806,11.99,0.045
2052.81047,11.931,0.039
2053.82853,11.885,0.039
2054.82503,11.876,0.037
2055.80914,11.931,0.038
2056.81254,11.909,0.04
2056.81459,11.935,0.039
2057.8115,11.942,0.038
2058.81832,11.951,0.04
2061.83366,11.951,0.037
2064.85412,11.975,0.041
2067.72266,12.106,0.041
2080.70671,12.159,0.041
2081.79558,12.167,0.036
2082.76456,12.225,0.038
2082.76895,12.148,0.039
2083.79647,12.228,0.046
2087.74204,12.203,0.04
2088.73635,12.188,0.042
2088.73848,12.18,0.038
2093.67186,12.193,0.044
2094.68322,12.594,0.042
2103.71263,12.163,0.039
2104.70738,12.197,0.037
2105.7024,12.2,0.039
2106.69993,12.187,0.039
2114.71939,12.153,0.039
2115.69754,12.158,0.036
2116.67297,12.125,0.039
2117.66434,12.137,0.04
2128.63187,12.001,0.04
2129.64923,11.979,0.037
2130.64852,12.007,0.041
2131.64569,12.047,0.039
2134.6434,11.99,0.042
2135.63373,12.105,0.039
2136.63779,12.031,0.037
2141.62489,12.032,0.039
2143.62043,12.053,0.038
2144.61308,12.057,0.036
2145.6086,12.027,0.039
2156.60035,12,0.049
2167.55814,12.084,0.038
2168.5827,12.06,0.037
2171.53754,12.153,0.04
2172.56501,12.627,0.046
2173.56292,12.195,0.04
2175.54189,12.043,0.043
2183.51175,12.006,0.041
2185.53027,12.001,0.04
2189.52171,11.986,0.053
2191.5775,11.934,0.039
2193.54796,11.875,0.039
2195.53784,11.858,0.039
2197.55159,11.863,0.04
2199.53904,11.831,0.039
2202.55591,11.841,0.046
2212.53245,11.765,0.042
2215.51372,11.757,0.047
2230.50545,11.831,0.053
2442.75814,11.899,0.058
2443.75753,11.826,0.035
2443.75965,11.74,0.039
2444.76166,11.792,0.037
2445.74602,11.712,0.038
2446.75553,11.773,0.051
2446.75764,11.833,0.05
2464.70962,11.721,0.038
2464.7141,11.747,0.043
2465.71092,11.7,0.039
2465.71308,11.687,0.037
2466.70827,11.72,0.04
2466.71045,11.711,0.038
2467.70309,11.765,0.036
2468.70114,11.711,0.038
2468.70335,11.763,0.045
2468.72198,11.794,0.053
2468.72415,11.788,0.046
2470.66794,11.773,0.037
2473.67821,11.924,0.038
2473.68276,11.777,0.036
2482.72932,11.879,0.043
2486.66084,11.745,0.04
2487.67552,11.727,0.053
2489.59846,11.694,0.041
2489.61222,11.797,0.047
2490.64775,11.745,0.039
2490.65,11.77,0.04
2491.65241,11.792,0.052
2493.64557,11.74,0.041
2493.64786,11.691,0.041
2494.64889,11.675,0.048
2495.6529,11.615,0.038
2497.64349,11.708,0.045
2497.64578,11.664,0.039
2498.6364,11.679,0.038
2499.63407,11.689,0.039
2500.61782,11.691,0.042
2501.63572,11.724,0.037
2502.63809,11.692,0.04
2502.64497,11.715,0.038
2510.56159,11.856,0.05
2511.62973,11.867,0.047
2511.63211,11.856,0.046
2520.69056,11.885,0.035
2521.69984,11.974,0.046
2524.64372,11.825,0.05
2526.66023,11.782,0.043
2529.59676,11.798,0.061
2539.61827,11.671,0.056
2540.59211,11.858,0.047
2540.67205,11.818,0.04
2544.6606,11.775,0.041
2545.63736,11.828,0.04
2545.69475,11.845,0.037
2554.57355,11.819,0.049
2556.60093,11.884,0.051
2558.55116,11.991,0.04
2563.64351,12.046,0.043
2568.52428,12.116,0.059
2578.54545,11.841,0.041
2579.5517,11.823,0.06
2714.90745,11.975,0.036
2721.89733,11.981,0.041
2721.90885,12.084,0.042
2728.88243,11.971,0.035
2732.88885,11.837,0.044
2732.89548,11.859,0.053
2735.88339,11.79,0.037
2738.8686,11.837,0.042
2744.86309,11.728,0.058
2744.87211,11.643,0.042
2755.83322,11.616,0.035
2755.83758,11.637,0.048
2757.86598,11.707,0.036
2757.87963,11.679,0.036
2760.8485,11.724,0.048
2760.85759,11.683,0.039
2765.78502,11.722,0.035
2765.79189,11.741,0.038
2769.90834,11.856,0.042
2776.7836,11.915,0.041
2782.90009,12.097,0.038
2783.76466,12.114,0.037
2784.84172,12.089,0.038
2786.82917,11.984,0.034
2790.84277,12.035,0.038
2809.83465,11.704,0.036
2811.75133,11.728,0.047
2812.85683,11.669,0.04
2816.84578,11.77,0.039
2819.89373,11.69,0.04
2829.73176,11.882,0.036
2831.69368,11.923,0.035
2836.75619,12.003,0.041
2839.78005,11.902,0.035
2840.76648,11.772,0.037
2843.7018,11.815,0.038
2853.62158,11.598,0.036
2854.85531,11.716,0.035
2858.64974,11.574,0.036
2859.71705,11.59,0.037
2865.76485,11.715,0.04
2867.6504,11.767,0.041
2875.75583,11.864,0.034
2877.71475,11.917,0.036
2879.78427,11.846,0.035
2883.58638,11.77,0.039
2884.74357,11.786,0.035
2892.73262,11.639,0.036
2895.74471,11.731,0.035
2897.74835,11.7,0.036
2899.705,11.673,0.036
2902.53488,11.763,0.038
2907.74447,11.829,0.036
2909.68563,11.79,0.036
2911.64862,11.838,0.035
2913.63158,11.884,0.043
2922.64228,11.94,0.036
2924.64843,11.884,0.037
2927.64161,11.844,0.037
2929.64749,11.926,0.035
2931.65235,11.962,0.035
2933.64311,11.978,0.035
2935.63787,12.142,0.036
2940.64024,11.86,0.036
2946.52436,11.85,0.034
2951.53364,11.752,0.035
2955.58298,11.76,0.035
2957.58195,11.754,0.036
2961.57688,11.74,0.036
2964.53488,11.762,0.038
2966.55395,11.782,0.036
2968.56418,11.813,0.036
2973.53524,11.852,0.035
2977.54637,11.795,0.035
3088.91178,11.871,0.052
3091.90622,11.931,0.041
3099.87618,11.946,0.054
3103.89722,12.085,0.045
3114.89539,11.946,0.041
3126.91537,11.728,0.049
3130.86493,11.751,0.038
3133.88036,11.762,0.041
3154.75494,12.075,0.041
3160.82995,11.886,0.052
3164.8655,11.891,0.041
3170.80025,11.921,0.037
3177.75723,11.817,0.039
3179.82768,11.901,0.036
3182.79883,11.873,0.044
3185.74336,12.005,0.037
3187.77383,12.021,0.04
3191.81745,12.119,0.05
3266.59317,11.777,0.038
3274.55906,11.789,0.039
3278.66225,11.769,0.04
3279.54072,11.719,0.04
3280.67721,11.687,0.04
3290.59574,11.773,0.039
3294.59606,11.787,0.04
3446.90532,11.509,0.04
3454.90434,11.625,0.045
3458.90468,11.622,0.036
3466.89968,11.948,0.046
3470.89602,11.719,0.036
3474.88756,11.742,0.035
3478.87141,11.662,0.037
3497.85424,11.647,0.036
3508.90418,11.745,0.035
3511.85445,11.775,0.036
3516.85737,11.763,0.035
3520.87832,11.845,0.036
3523.81851,11.744,0.039
3526.82066,11.688,0.039
3540.76785,11.555,0.036
3543.7695,11.57,0.039
3547.80766,11.667,0.047
3551.79688,11.711,0.047
3554.78609,11.8,0.041
3558.74922,11.772,0.04
3560.76616,11.8,0.046
3564.76111,11.861,0.035
3568.82126,11.906,0.039
3570.7129,11.955,0.034
3574.73549,11.962,0.04
3576.75007,12.033,0.037
3582.85597,11.896,0.045
3585.64786,11.908,0.041
3587.70368,11.849,0.038
3589.81833,11.78,0.038
3591.72476,11.805,0.046
3591.72977,11.805,0.041
3591.73231,11.738,0.044
3591.73474,11.727,0.045
3591.75139,11.819,0.043
3591.77059,11.761,0.046
3592.62867,11.738,0.033
3597.72479,11.695,0.048
3602.65728,11.656,0.037
3615.79137,11.755,0.044
3618.5782,11.701,0.043
3622.67497,11.743,0.042
3629.58224,11.925,0.042
3631.58069,11.879,0.036
3638.68351,11.95,0.04
3641.65682,11.898,0.035
3643.70222,11.882,0.042
3647.58729,11.874,0.035
3651.65672,11.807,0.045
3659.56148,11.818,0.039
3661.58193,11.841,0.038
3663.58573,11.828,0.038
3665.59651,11.859,0.045
3669.57965,11.944,0.035
3671.61892,11.967,0.038
3674.58187,11.929,0.036
3676.60624,11.928,0.037
3701.53726,11.945,0.04
3811.90598,12.085,0.042
3815.90865,11.97,0.043
3822.90084,11.83,0.038
3826.90125,11.709,0.037
3830.89182,11.951,0.038
3834.8891,11.575,0.036
3849.8858,11.606,0.035
3853.86758,11.615,0.037
3857.90224,11.582,0.036
3861.87112,11.626,0.034
3864.85481,11.664,0.037
3867.83202,11.702,0.034
3870.81515,11.771,0.035
3882.88225,11.896,0.039
3886.88626,11.904,0.036
3889.81544,11.857,0.036
3891.88399,11.834,0.036
3894.75822,11.778,0.036
3897.84351,11.704,0.043
3902.83661,11.615,0.037
3904.86131,11.599,0.049
3907.76834,11.599,0.042
3909.87706,11.595,0.037
3913.83202,11.537,0.044
4177.90659,11.936,0.041
4185.91085,11.936,0.038
4190.9127,11.889,0.043
4194.89113,11.866,0.038
4204.89573,11.781,0.038
4215.92531,11.736,0.042
4231.93248,11.603,0.036
4234.86712,11.624,0.039
4246.81877,11.739,0.038
4250.83592,11.792,0.037
4254.74744,11.78,0.037
4258.86183,11.793,0.048
4273.78821,11.732,0.038
4278.78213,11.68,0.042
4285.78662,11.756,0.037
4289.7783,11.753,0.037
4291.77963,11.719,0.037
4293.76678,11.823,0.038
4295.77387,11.759,0.04
4299.75429,11.794,0.041
4301.71552,11.754,0.045
4303.72475,11.772,0.04
4305.71345,11.728,0.041
4307.6976,11.646,0.045
4316.71377,11.588,0.037
4319.69251,11.611,0.038
4329.66624,11.796,0.042
4331.65974,11.77,0.042
4333.6279,11.848,0.044
4336.5987,11.888,0.042
4340.638,11.828,0.049
4342.63402,11.87,0.053
4346.63091,11.869,0.042
4352.774,11.876,0.039
4354.7662,11.819,0.04
4357.53594,11.819,0.036
4359.57518,11.948,0.037
4361.58283,11.754,0.038
4368.55842,11.664,0.041
4372.57983,11.565,0.045
4375.59347,11.631,0.039
4381.66925,11.707,0.038
4383.6917,11.982,0.041
4386.55605,11.792,0.039
4388.53979,11.822,0.037
4399.54383,11.919,0.041
4402.58264,11.806,0.041
4406.59122,11.753,0.042
4408.6204,11.832,0.045
4411.60458,11.624,0.041
4422.56181,11.665,0.037
4426.56153,11.682,0.041
4429.54527,11.818,0.039
4432.5416,11.801,0.037
4436.52785,12.071,0.038
4439.52622,11.85,0.038
4547.90866,11.762,0.04
4551.9102,11.669,0.039
4560.89032,11.696,0.038
4563.81601,11.651,0.038
4564.88785,11.678,0.039
4568.87916,11.738,0.046
4572.87541,11.752,0.036
4575.88832,11.732,0.037
4579.91336,11.706,0.038
4587.87294,11.712,0.038
4590.90947,11.667,0.038
4594.86676,11.746,0.035
4597.87919,11.708,0.037
4600.84803,11.732,0.037
4603.8705,11.687,0.036
4607.80126,11.784,0.041
4615.87541,11.904,0.039
4622.77464,11.933,0.042
4627.83729,12,0.041
4629.83281,11.978,0.041
4631.8359,11.954,0.036
4633.81698,11.851,0.038
4641.81177,11.778,0.038
4643.81816,11.821,0.043
4646.7503,11.804,0.049
4648.78764,11.864,0.036
4650.87665,11.762,0.049
4653.72962,11.846,0.039
4655.75746,11.744,0.036
4657.79103,11.84,0.044
4661.68271,11.875,0.047
4663.74209,11.742,0.04
4671.7261,11.757,0.036
4674.68011,11.789,0.04
4679.74906,11.729,0.04
4682.72181,11.738,0.044
4684.73054,11.677,0.044
4686.69543,11.644,0.044
4690.6839,11.756,0.036
4696.75517,11.707,0.041
4698.66467,11.796,0.04
4700.6578,11.746,0.04
4702.66649,11.765,0.037
4704.69672,11.934,0.042
4706.6955,11.904,0.044
4709.65033,11.979,0.049
4715.6058,11.926,0.039
4717.68422,11.834,0.038
4724.55796,11.81,0.038
4729.60276,11.687,0.044
4731.62676,11.635,0.051
4734.65647,11.633,0.041
4741.58494,11.57,0.039
4743.60478,11.599,0.042
4750.51146,11.746,0.042
4754.67079,11.737,0.049
4757.55939,11.758,0.044
4759.65177,12.083,0.04
4762.60903,11.81,0.038
4765.57741,11.745,0.043
4768.56727,11.76,0.04
4771.5301,11.753,0.049
4780.56971,11.781,0.044
4784.54715,11.729,0.044
4787.54142,11.712,0.046
4796.55147,11.857,0.05
4799.5352,11.925,0.044
4805.5191,11.903,0.046
4920.91098,11.517,0.046
4928.91611,11.521,0.044
4936.88357,11.635,0.044
4947.87033,11.738,0.043
4951.85868,11.756,0.046
4954.88179,12.14,0.051
4968.91342,11.616,0.046
4972.88166,11.604,0.043
4975.8564,11.585,0.05
4984.86488,11.747,0.049
4988.85241,11.725,0.045
4991.78692,11.748,0.048
5015.73456,11.758,0.043
5018.77739,11.747,0.048
5023.76881,11.895,0.047
5031.73705,11.812,0.044
5040.71913,11.733,0.046
5042.70686,11.666,0.047
5083.69792,11.914,0.049
5085.7156,11.842,0.047
5092.64455,11.878,0.045
5099.56579,11.84,0.049
5105.54281,11.77,0.048
5111.69239,11.747,0.046
