2558.59364,9.561,0.036
2559.59223,9.719,0.037
2560.60032,9.878,0.039
2563.58292,10.105,0.038
2564.59643,10.198,0.037
2734.91567,9.622,0.042
2737.90611,9.999,0.046
2737.9178,10.015,0.047
2755.87155,10.012,0.036
2755.88647,10.046,0.035
2758.89947,10.245,0.036
2761.88409,9.745,0.04
2764.86511,10.039,0.037
2764.88133,10.083,0.04
2783.8145,10.093,0.035
2784.85471,10.225,0.037
2785.84765,10.234,0.058
2790.84853,10.084,0.036
2804.79391,9.774,0.042
2805.89092,9.879,0.044
2808.83281,10.07,0.038
2809.76959,10.056,0.035
2811.77654,10.175,0.041
2812.75637,10.224,0.039
2812.89437,9.627,0.041
2815.88929,10.021,0.042
2816.89419,10.116,0.037
2820.74047,10.165,0.034
2821.79228,9.968,0.039
2829.74958,10.211,0.039
2829.75139,10.217,0.046
2831.70968,10.082,0.036
2831.71682,9.955,0.037
2832.76201,9.706,0.036
2832.7647,9.718,0.037
2834.70704,9.89,0.044
2836.70795,10.031,0.059
2838.8814,9.596,0.042
2839.74677,10.03,0.039
2843.71015,9.936,0.044
2843.71661,9.914,0.05
2851.72329,9.848,0.035
2851.81531,10.042,0.035
2854.62639,9.989,0.034
2854.6381,10.002,0.033
2857.80117,9.673,0.035
2857.80536,9.688,0.035
2859.63023,9.68,0.035
2859.64644,9.556,0.035
2860.69401,9.817,0.036
2860.72501,9.924,0.038
2861.79886,10.129,0.041
2866.67082,10.193,0.036
2866.67556,10.164,0.037
2867.73121,9.675,0.037
2867.7331,9.691,0.035
2872.68945,10.111,0.034
2875.67038,9.971,0.034
2875.68887,9.755,0.033
2877.65482,9.67,0.036
2877.66867,9.708,0.034
2879.66443,10.022,0.035
2879.68544,10.012,0.034
2884.64466,10.068,0.036
2884.65352,9.889,0.038
2886.59965,9.559,0.035
2888.64115,9.982,0.041
2888.64553,9.998,0.037
2892.6629,10.217,0.042
2892.69159,9.826,0.049
2894.59644,9.775,0.033
2894.5985,9.754,0.035
2894.61557,9.577,0.035
2895.72133,9.958,0.039
2896.62021,9.858,0.035
2898.54682,9.932,0.034
2898.60542,10.038,0.035
2900.56744,10.119,0.038
2900.60028,10.131,0.035
2904.58744,9.64,0.047
2906.56476,9.895,0.035
2906.59064,9.943,0.033
2909.56642,10.143,0.036
2909.59005,10.158,0.035
2911.54517,10.26,0.034
2911.56158,10.26,0.034
2916.54968,9.993,0.036
2916.56389,10.04,0.036
2918.58067,10.166,0.044
2918.59801,10.184,0.042
2922.54984,9.669,0.037
2922.56393,9.72,0.04
2924.55526,9.94,0.037
2924.57164,9.975,0.038
2927.5544,10.134,0.037
2927.57081,10.207,0.035
2929.55559,9.849,0.037
2931.55856,9.766,0.037
2931.57572,9.816,0.037
2933.55894,10.024,0.036
2935.55806,10.105,0.037
2935.56501,10.137,0.036
2937.55655,10.234,0.037
2937.56385,10.221,0.037
2940.53019,9.737,0.036
2940.53947,9.77,0.036
2942.52308,9.973,0.039
2944.5379,10.152,0.039
2946.55769,10.07,0.038
2947.54545,9.603,0.039
2949.5641,9.91,0.043
2950.53033,9.935,0.045
2955.52159,10.305,0.032
2956.52491,9.575,0.036
2957.53021,9.692,0.039
2961.53814,10.122,0.041
2964.52616,9.894,0.039
2970.51514,10.11,0.041
3108.91421,10.024,0.053
3124.91474,9.9,0.053
3132.91917,9.806,0.05
3144.87321,10.065,0.046
3144.8755,10.08,0.043
3153.88897,10.116,0.037
3153.90716,10.136,0.035
3156.8625,10.163,0.038
3168.84744,9.864,0.034
3171.80821,10.063,0.051
3175.81544,9.636,0.043
3175.83873,9.557,0.039
3177.79528,9.775,0.043
3178.7804,9.769,0.063
3182.76648,10.143,0.058
3185.7668,9.515,0.04
3187.78513,9.939,0.042
3187.79332,9.952,0.037
3190.77564,10.059,0.043
3190.78127,10.09,0.044
3271.62459,10.149,0.044
3273.66126,9.533,0.042
3278.64126,10.087,0.052
3293.57523,9.711,0.036
3296.53461,9.998,0.037
3299.57065,10.266,0.054
3465.91015,10.232,0.044
3477.91644,9.806,0.042
3481.90741,10.168,0.05
3492.90041,10.105,0.049
3496.90081,9.95,0.043
3500.89103,10.261,0.034
3508.87454,10.17,0.032
3511.84398,9.676,0.033
3520.91599,9.755,0.037
3523.81989,9.911,0.05
3526.8042,10.116,0.033
3538.7951,9.58,0.032
3540.79352,9.847,0.046
3543.76139,10.097,0.049
3550.83661,10.047,0.05
3553.75984,10.141,0.038
3559.72843,9.906,0.047
3563.83376,9.64,0.041
3569.79311,10.132,0.041
3571.78393,10.241,0.044
3574.77693,9.744,0.046
3576.78106,9.977,0.042
3583.74797,9.663,0.049
3585.78437,10.018,0.051
3590.73024,10.156,0.046
3592.73481,9.668,0.047
3596.63947,9.985,0.04
3599.7551,9.641,0.043
3601.76368,9.834,0.049
3603.7503,10.037,0.044
3617.6616,10.196,0.042
3620.54809,9.636,0.054
3622.5712,9.871,0.046
3625.6511,10.196,0.046
3628.63107,9.619,0.042
3633.60639,10.113,0.048
3639.59962,9.917,0.04
3642.60506,10.133,0.038
3644.63841,9.736,0.056
3650.63308,10.1,0.039
3652.57905,10.179,0.046
3656.59533,9.865,0.049
3659.55656,10.091,0.047
3661.57703,10.173,0.055
3670.52065,10.172,0.039
3673.52869,9.647,0.042
3851.89862,10.068,0.061
3859.90181,10.006,0.045
3862.89581,10.21,0.039
3865.87132,9.567,0.042
3867.89479,9.943,0.042
3869.88498,10.088,0.052
3871.87431,10.21,0.05
3875.85352,9.747,0.043
3882.83406,9.758,0.046
3886.93675,10.136,0.044
3889.82235,10.196,0.04
3894.77685,9.814,0.04
3900.78683,9.815,0.05
3902.79503,9.778,0.046
3904.87149,10.133,0.049
3907.76457,10.159,0.041
3909.8733,9.711,0.045
3913.85926,10.105,0.05
4227.8995,9.576,0.035
4230.87303,9.95,0.036
4247.82962,9.834,0.035
4253.83283,9.811,0.041
4256.81707,9.852,0.036
4272.77854,9.542,0.04
4274.77779,9.867,0.045
4277.75003,10.084,0.033
4283.75705,9.862,0.051
4285.74681,10.049,0.038
4289.74016,10.037,0.035
4291.80619,9.874,0.032
4293.80851,10.051,0.034
4295.86514,10.21,0.036
4297.85282,9.578,0.045
4299.80093,9.803,0.036
4301.7055,9.831,0.037
4303.69542,10.037,0.032
4305.69587,10.142,0.033
4307.67688,10.223,0.035
4311.75561,10.082,0.04
4314.79325,9.96,0.037
4317.6431,9.794,0.033
4330.62967,10.016,0.032
4332.69804,10.256,0.042
4334.68802,9.546,0.034
4338.678,10.015,0.037
4342.73066,9.563,0.043
4344.73409,9.828,0.047
4347.55789,9.823,0.035
4349.57575,10.094,0.04
4351.64599,10.15,0.047
4354.63529,9.806,0.032
4356.66837,10.061,0.035
4359.52719,10.106,0.035
4361.5373,10.252,0.033
4363.61904,9.82,0.034
4365.61327,10.033,0.039
4368.64175,10.236,0.043
4376.57586,10.134,0.033
4378.59226,10.004,0.043
4380.61962,9.777,0.045
4383.56166,9.98,0.034
4385.60322,10.194,0.033
4387.61142,9.62,0.033
4389.57962,9.734,0.037
4393.55577,10.095,0.049
4402.54856,10.075,0.048
4407.55198,9.77,0.04
4411.53838,10.388,0.043
4558.91319,10.032,0.038
4572.91468,9.599,0.034
4576.9038,10.09,0.044
4589.89762,9.597,0.034
4593.89048,10.034,0.034
4596.91761,10.242,0.034
4599.90698,9.768,0.041
4602.86772,10.036,0.05
4606.91514,9.554,0.042
4609.87151,9.835,0.041
4611.88185,10.08,0.036
4616.88543,9.644,0.038
4621.84138,10.048,0.053
4623.89049,9.853,0.037
4632.79367,10.238,0.036
4638.87724,10.145,0.045
4641.77539,10.198,0.037
4643.79652,9.532,0.042
4645.84407,9.972,0.037
4648.75485,10.061,0.04
4650.80323,10.156,0.042
4652.84977,9.793,0.033
4654.78043,9.893,0.036
4656.76479,10.043,0.038
4660.7249,10.219,0.034
4662.74791,9.719,0.042
4664.71802,9.918,0.041
4666.74165,10.101,0.04
4672.73223,9.876,0.034
4675.74256,10.092,0.055
4681.69636,9.804,0.04
4683.74239,10.112,0.034
4685.68923,10.064,0.044
4687.67524,10.173,0.036
4691.64983,9.89,0.035
4694.70018,10.195,0.046
4698.64769,9.653,0.04
4700.64637,9.975,0.037
4702.65522,10.082,0.039
4704.66252,10.243,0.038
4706.67877,9.611,0.037
4709.63598,9.939,0.038
4716.59732,9.635,0.038
4720.62935,10.125,0.041
4722.65905,10.041,0.043
4725.66753,9.987,0.047
4728.61444,10.061,0.042
4730.65259,10.26,0.036
4733.65755,9.754,0.038
4738.59747,10.121,0.04
4743.59676,9.778,0.047
4747.59062,10.103,0.049
4750.58279,9.622,0.053
4753.57138,9.915,0.042
4755.59705,10.084,0.04
4758.55881,10.236,0.041
4761.54881,9.853,0.043
4764.54576,10.087,0.039
4767.54123,10.201,0.045
4770.52574,9.784,0.046
4773.52319,10.079,0.042
4783.52446,10.118,0.053
4787.51216,9.691,0.042
4939.91623,10.113,0.062
4945.9142,9.894,0.06
4949.91472,10.219,0.057
4961.90694,9.683,0.054
4968.87378,10.204,0.06
4972.88383,10.001,0.054
4975.86371,10.128,0.054
4985.79469,10.161,0.053
4989.82022,9.777,0.065
4991.84498,10.04,0.053
4994.86557,10.3,0.057
5006.82789,9.725,0.056
5012.83938,10.092,0.061
5014.78795,9.541,0.051
5017.75828,9.923,0.066
5021.81316,10.182,0.06
5023.81417,9.646,0.055
5040.73481,9.978,0.057
5042.70843,9.621,0.065
5047.74409,10.182,0.057
5063.65089,9.98,0.052
5071.59882,9.817,0.056
5088.56428,9.672,0.061
5092.66188,10.22,0.051
5098.55908,9.883,0.063
5104.61553,9.587,0.059
5111.62419,10.059,0.058
