1995.88897,8.544,0.052
1997.898,8.412,0.046
1999.89945,8.327,0.046
2008.91463,8.101,0.056
2025.85426,8.08,0.029
2027.84222,8.141,0.03
2031.81327,7.968,0.032
2032.92732,8.523,0.038
2039.83828,8.047,0.035
2052.82128,8.564,0.033
2053.83715,8.665,0.033
2054.8314,8.637,0.035
2056.82113,8.755,0.033
2058.83398,8.889,0.036
2067.7316,9.474,0.039
2068.72777,9.572,0.035
2080.72458,10.579,0.035
2082.71544,10.743,0.051
2083.79134,10.812,0.049
2086.68765,11.077,0.03
2087.74623,11.144,0.033
2088.74283,11.229,0.036
2093.68526,11.651,0.036
2094.68758,11.71,0.034
2103.72411,12.317,0.033
2104.71166,12.301,0.034
2105.70668,12.35,0.033
2106.70421,12.423,0.032
2115.69967,12.832,0.031
2116.67732,12.88,0.031
2117.67099,12.877,0.034
2128.63865,13.248,0.034
2129.65367,13.07,0.033
2130.65525,13.037,0.033
2131.64794,13.061,0.032
2132.64958,12.905,0.031
2133.64581,13.221,0.032
2134.64796,12.863,0.034
2135.64498,12.974,0.035
2136.63998,12.958,0.031
2141.6272,12.614,0.031
2143.62276,12.524,0.032
2144.61769,12.536,0.032
2145.61321,12.367,0.031
2196.54396,9.005,0.036
2198.54355,8.908,0.04
2201.53532,8.738,0.035
2203.54781,8.625,0.041
2212.5465,8.454,0.036
2215.56914,8.473,0.038
2219.5028,8.509,0.035
2224.51844,8.577,0.033
2443.76623,7.899,0.021
2444.76603,7.924,0.022
2445.75711,7.952,0.025
2464.73618,8.845,0.024
2465.71514,8.893,0.026
2466.71252,8.963,0.023
2467.71419,9.015,0.022
2468.72854,9.084,0.038
2470.67683,9.183,0.028
2473.68712,9.338,0.051
2473.69602,9.36,0.033
2486.66298,10.058,0.037
2487.68894,10.092,0.053
2489.62829,10.159,0.039
2490.68203,10.26,0.031
2493.6568,10.417,0.033
2495.65506,10.513,0.034
2497.64798,10.64,0.027
2501.63123,10.906,0.027
2502.64038,10.976,0.03
2510.56871,11.507,0.043
2524.66471,12.347,0.022
2526.69798,12.279,0.033
2540.59445,12.513,0.043
2543.65617,12.701,0.04
2545.64214,12.402,0.026
2552.62528,11.857,0.041
2553.64938,11.678,0.028
2565.56848,10.259,0.028
2566.58547,10.173,0.028
2601.51378,8.184,0.038
2723.90616,12.558,0.03
2728.8889,12.833,0.039
2732.90491,13.094,0.042
2735.89034,13.01,0.027
2738.88701,13.163,0.027
2744.88136,12.937,0.034
2755.84202,12.464,0.026
2757.89823,12.323,0.026
2760.86697,11.99,0.032
2763.84496,11.723,0.024
2765.8126,11.486,0.026
2769.90585,11.007,0.036
2782.9021,9.965,0.023
2784.84615,9.852,0.026
2786.82421,9.753,0.026
2790.84462,9.6,0.026
2802.84813,9.035,0.048
2804.77129,8.915,0.033
2809.82979,8.606,0.026
2811.7555,8.501,0.028
2812.86361,8.433,0.033
2816.86427,8.269,0.028
2820.72506,8.174,0.025
2826.79116,8.11,0.043
2832.69263,8.095,0.028
2836.75827,8.111,0.054
2839.78216,8.131,0.03
2843.70393,8.156,0.028
2851.71462,8.262,0.023
2858.7653,8.477,0.026
2860.65832,8.546,0.027
2867.61506,8.906,0.026
2875.66611,9.808,0.023
2877.65286,9.624,0.024
2879.66246,9.795,0.023
2884.64262,10.211,0.027
2886.58343,10.378,0.027
2892.60146,10.854,0.03
2893.69832,11.016,0.033
2895.66098,11.07,0.028
2896.48404,11.153,0.032
2896.48625,11.162,0.032
2896.48847,11.164,0.031
2896.49069,11.174,0.029
2896.49291,11.131,0.029
2896.49513,11.157,0.028
2896.49735,11.136,0.028
2896.49957,11.134,0.029
2896.5018,11.162,0.029
2896.50402,11.169,0.028
2896.50623,11.135,0.029
2896.50844,11.166,0.029
2896.51066,11.144,0.029
2896.51287,11.134,0.028
2896.52339,11.135,0.029
2896.52851,11.141,0.028
2896.5338,11.135,0.028
2896.5465,11.164,0.028
2896.55871,11.16,0.029
2896.58275,11.205,0.029
2896.60633,11.201,0.032
2896.6302,11.181,0.03
2896.65405,11.233,0.031
2896.67713,11.203,0.031
2896.70038,11.202,0.034
2896.72379,11.169,0.033
2897.52771,11.228,0.031
2897.55184,11.176,0.05
2897.5758,11.239,0.03
2897.59925,11.238,0.03
2897.62321,11.209,0.032
2897.64691,11.267,0.029
2897.67035,11.241,0.029
2897.67243,11.25,0.028
2897.69371,11.256,0.031
2897.71696,11.254,0.047
2906.682,11.801,0.024
2909.66988,12.012,0.025
2911.63044,12.151,0.027
2922.59192,12.872,0.029
2924.60332,12.639,0.046
2927.59649,12.806,0.03
2929.60238,12.79,0.03
2931.60494,12.862,0.03
2933.59474,12.923,0.029
2935.59276,12.896,0.03
2937.59321,12.911,0.03
2940.56846,12.909,0.029
2946.50841,12.806,0.028
2948.58946,12.553,0.036
2951.53167,12.441,0.029
2953.57248,12.332,0.049
2955.58102,12.129,0.04
2958.53062,11.949,0.025
2960.5417,11.85,0.05
2965.51723,11.355,0.03
2973.52592,10.852,0.029
2978.5219,10.484,0.038
3142.87693,12.065,0.032
3159.80737,10.978,0.059
3164.85747,10.454,0.029
3170.80245,9.916,0.035
3179.83829,9.23,0.026
3182.79075,9.056,0.045
3187.77103,8.803,0.031
3191.93697,8.572,0.046
3270.56153,8.633,0.029
3274.56419,8.901,0.034
3276.65666,9.022,0.045
3290.65149,10.101,0.027
3294.6521,10.368,0.027
3456.9123,8.662,0.047
3466.91414,9.054,0.056
3470.91011,9.237,0.039
3474.89999,9.431,0.043
3478.88225,9.629,0.041
3478.89226,9.675,0.055
3489.89259,10.328,0.058
3497.87314,10.788,0.038
3497.89071,10.964,0.042
3501.87257,11.098,0.055
3508.91291,11.519,0.037
3511.86064,11.622,0.03
3511.86283,11.655,0.03
3516.85302,11.77,0.042
3516.87433,11.961,0.053
3520.88062,11.989,0.039
3520.88373,12.211,0.046
3526.82303,12.159,0.035
3526.82526,12.193,0.036
3538.83202,12.644,0.033
3543.77249,12.811,0.036
3547.80995,12.727,0.049
3547.81219,12.718,0.053
3554.77719,12.864,0.037
3558.74649,12.657,0.043
3560.75722,12.367,0.038
3564.75107,12.284,0.03
3564.76327,12.387,0.032
3568.86915,11.955,0.031
3570.72214,11.795,0.031
3571.73906,11.718,0.037
3574.73783,11.411,0.035
3574.75339,11.494,0.038
3576.75597,11.296,0.031
3578.87398,11.126,0.037
3582.87542,10.884,0.051
3585.66217,10.655,0.034
3587.69309,10.509,0.031
3589.80146,10.374,0.035
3592.64171,10.15,0.04
3596.67502,9.883,0.036
3602.65973,9.527,0.038
3602.66213,9.526,0.042
3616.6192,8.382,0.033
3618.75361,8.225,0.043
3618.76239,8.263,0.05
3624.60811,8.016,0.029
3629.58479,7.923,0.039
3631.58323,7.923,0.039
3633.60061,7.909,0.034
3638.69092,7.968,0.042
3641.65948,8.037,0.029
3644.55641,8.086,0.051
3647.65844,8.163,0.029
3647.66107,8.165,0.031
3650.5302,8.204,0.037
3652.53714,8.251,0.048
3657.51578,8.369,0.046
3659.5695,8.457,0.038
3661.58995,8.487,0.039
3663.59498,8.552,0.038
3665.61675,8.6,0.04
3669.5855,8.739,0.03
3669.58834,8.753,0.034
3671.628,8.808,0.031
3674.58484,8.93,0.034
3676.6089,8.995,0.033
3701.54373,10.491,0.043
3705.51701,10.621,0.049
3829.90874,7.357,0.043
3835.8942,7.248,0.04
3849.90013,7.383,0.034
3850.87282,7.425,0.039
3853.90395,7.487,0.038
3857.91298,7.573,0.049
3861.88943,7.694,0.037
3864.87243,7.778,0.036
3864.91354,7.817,0.04
3867.84625,7.914,0.041
3867.8687,7.96,0.038
3869.90154,8.041,0.049
3870.8387,8.119,0.04
3872.86645,8.226,0.039
3875.90873,8.415,0.043
3880.85519,8.787,0.039
3887.83852,9.311,0.038
3892.84795,9.71,0.043
3894.80569,9.86,0.034
3902.83365,10.54,0.038
3902.8756,10.5,0.036
3904.85833,10.698,0.038
3905.77599,10.705,0.043
3906.90434,10.841,0.038
3907.82297,10.881,0.045
4192.90964,10.745,0.036
4205.90942,9.709,0.043
4227.91718,7.979,0.035
4232.85468,7.621,0.042
4235.87952,7.431,0.031
4247.85977,7.358,0.032
4253.85237,7.467,0.037
4258.86614,7.673,0.033
4273.79017,8.322,0.03
4276.77194,8.471,0.039
4278.77681,8.567,0.031
4282.73154,8.701,0.053
4285.79347,8.853,0.038
4289.78516,9.018,0.036
4291.7865,9.11,0.034
4293.76902,9.177,0.028
4293.77365,9.189,0.03
4295.77905,9.282,0.033
4295.78522,9.365,0.032
4299.74601,9.466,0.035
4299.76264,9.444,0.03
4301.71296,9.54,0.044
4301.72788,9.562,0.037
4303.71954,9.653,0.032
4305.71018,9.742,0.03
4305.71798,9.778,0.031
4307.69184,9.869,0.033
4307.69486,9.892,0.035
4309.68744,9.965,0.059
4316.70414,10.41,0.032
4316.71048,10.374,0.03
4319.68982,10.649,0.045
4329.66084,11.263,0.038
4329.66863,11.24,0.04
4331.65074,11.391,0.028
4331.65719,11.404,0.031
4333.62533,11.57,0.03
4336.60113,11.788,0.031
4336.60344,11.972,0.037
4340.64044,12.232,0.036
4340.64278,11.882,0.039
4342.63649,12.055,0.055
4342.63884,11.997,0.038
4344.63615,12.34,0.041
4344.63851,12.107,0.048
4346.63337,12.384,0.029
4348.6359,12.65,0.041
4348.6412,12.449,0.037
4350.64134,12.569,0.04
4353.57462,12.678,0.027
4353.59123,12.761,0.03
4355.67059,12.715,0.03
4357.68252,12.563,0.032
4357.70192,12.714,0.032
4359.7334,12.464,0.045
4362.54484,12.832,0.028
4372.58327,12.584,0.042
4375.5987,12.31,0.031
4377.62606,11.998,0.028
4379.65506,11.849,0.033
4379.65768,11.863,0.033
4381.67184,11.756,0.04
4384.54778,11.374,0.028
4384.58746,11.432,0.031
4386.57569,11.13,0.028
4386.61757,11.124,0.03
4388.56098,10.881,0.029
4399.59813,9.736,0.042
4402.60178,9.512,0.036
4406.60243,9.208,0.038
4409.53487,8.997,0.04
4413.53602,8.789,0.031
4426.54132,8.099,0.044
4429.5306,7.94,0.036
4432.52692,7.809,0.031
4435.53074,7.711,0.03
4438.5269,7.656,0.034
4561.90735,12.482,0.035
4565.91115,12.534,0.032
4568.90031,12.504,0.037
4569.91381,12.361,0.034
4573.89743,12.33,0.035
4577.88748,12.316,0.04
4587.88752,11.319,0.029
4591.8734,11.043,0.034
4595.85636,10.593,0.032
4600.86441,10.123,0.04
4602.8459,9.94,0.04
4603.87365,9.944,0.029
4606.89632,9.658,0.044
4609.86117,9.471,0.036
4615.88669,9.117,0.036
4622.79454,8.691,0.035
4627.84376,8.435,0.038
4629.8271,8.356,0.03
4631.82601,8.256,0.033
4633.81989,8.192,0.041
4641.81639,8.021,0.035
4643.82363,7.931,0.039
4646.75572,7.88,0.052
4648.79306,7.813,0.038
4651.73818,7.778,0.033
4653.76629,7.769,0.032
4655.7671,7.725,0.031
4658.71883,7.67,0.046
4658.72115,7.689,0.053
4661.71123,7.711,0.037
4663.7442,7.731,0.039
4671.72912,7.873,0.031
4674.67753,7.901,0.028
4674.69412,7.929,0.031
4677.75463,8.029,0.033
4679.76551,8.112,0.038
4682.7377,8.205,0.037
4684.72802,8.273,0.035
4684.74473,8.302,0.039
4686.68354,8.407,0.04
4690.67229,8.607,0.032
4696.76703,8.952,0.037
4696.77549,8.992,0.04
4700.66363,9.198,0.031
4700.67115,9.22,0.03
4702.67163,9.31,0.032
4702.67928,9.329,0.035
4704.70195,9.426,0.04
4704.71525,9.472,0.039
4706.75128,9.577,0.033
4709.66396,9.781,0.038
4715.67114,10.144,0.038
4717.68937,10.339,0.044
4724.55138,10.77,0.044
4724.55471,10.76,0.042
4726.60472,10.892,0.044
4726.60811,10.894,0.041
4729.5979,11.07,0.038
4731.6203,11.244,0.051
4734.64328,11.299,0.05
4734.65334,11.316,0.04
4738.69161,11.43,0.033
4739.53432,11.562,0.035
4741.59714,11.55,0.032
4742.52406,11.72,0.037
4744.53762,11.972,0.044
4750.51495,11.999,0.047
4755.55211,12.147,0.036
4757.60003,12.163,0.04
4760.57387,12.367,0.04
4763.57149,12.007,0.038
4766.5568,12.093,0.042
4768.6155,11.916,0.039
4771.54729,11.868,0.039
4778.51038,11.482,0.035
4780.57502,11.38,0.045
4784.55428,11.085,0.047
4793.547,10.541,0.056
4797.52423,10.317,0.047
4937.89351,11.519,0.059
4948.89484,12.165,0.048
4951.89161,12.168,0.048
4952.8797,12.088,0.049
4961.87438,12.411,0.053
4961.88461,12.403,0.057
4969.91417,12.54,0.05
4973.81578,12.434,0.056
4973.82935,12.343,0.051
4984.87461,11.91,0.051
4988.85442,11.542,0.054
4991.80837,11.375,0.051
5013.73819,9.61,0.059
5013.74034,9.589,0.061
5015.7436,9.505,0.055
5018.77482,9.363,0.055
5023.77346,9.131,0.05
5031.80076,8.577,0.04
5038.83189,8.294,0.043
5040.77638,8.242,0.054
5042.71168,8.19,0.062
5067.69449,7.782,0.055
5084.72115,8.224,0.046
5087.56293,8.355,0.054
5088.72293,8.396,0.046
5089.61383,8.477,0.058
5093.67767,8.687,0.057
5097.57878,8.91,0.059
5097.71417,8.925,0.057
5099.58627,9.052,0.053
5099.68412,9.063,0.058
5105.54547,9.495,0.057
5105.54805,9.508,0.056
5116.534,10.357,0.055
5116.53669,10.376,0.06
5144.59849,12.178,0.057
