1995.89799,11.083,0.045
1997.90704,11.088,0.043
2018.85047,11.305,0.043
2115.69967,11.395,0.026
2117.67099,11.368,0.027
2135.64498,11.222,0.028
2141.6272,11.199,0.025
2143.62276,11.304,0.025
2144.61769,11.254,0.024
2145.61321,11.211,0.024
2196.54396,11.204,0.032
2198.54355,11.149,0.038
2201.53532,11.172,0.033
2203.54781,11.156,0.038
2212.5465,11.271,0.034
2215.56914,11.345,0.042
2219.5028,11.407,0.037
2224.51844,11.469,0.038
2439.78393,11.499,0.031
2443.7777,11.45,0.029
2444.77026,11.424,0.028
2445.75906,11.408,0.03
2446.77175,11.402,0.035
2464.74495,11.198,0.031
2465.72396,11.224,0.035
2466.71679,11.207,0.029
2467.71853,11.19,0.028
2468.73736,11.146,0.034
2473.68911,11.156,0.036
2473.69802,11.097,0.038
2486.67186,10.998,0.038
2489.63264,11.112,0.048
2510.57083,11.324,0.038
2520.72345,11.445,0.035
2524.65777,11.433,0.032
2526.68383,11.398,0.039
2543.64932,11.33,0.033
2545.63056,11.246,0.033
2552.61335,11.284,0.041
2553.63621,11.265,0.045
2564.56869,11.185,0.036
2565.60589,11.153,0.033
2578.55767,11.21,0.032
2579.56172,11.19,0.049
2724.90808,11.376,0.032
2732.90965,11.394,0.041
2738.89885,11.344,0.031
2755.85166,11.269,0.029
2758.86642,11.191,0.031
2761.84667,11.191,0.039
2764.85345,11.156,0.032
2769.90336,11.202,0.04
2770.87284,11.167,0.043
2782.89733,11.16,0.03
2784.84813,11.142,0.03
2786.83538,11.19,0.029
2790.85341,11.164,0.029
2804.79201,11.221,0.031
2809.83176,11.087,0.03
2811.76742,11.112,0.034
2812.87318,11.049,0.033
2816.87346,11.046,0.031
2820.72703,11.02,0.028
2829.7477,11.131,0.033
2831.70006,11.145,0.029
2832.76055,11.174,0.029
2836.76028,11.216,0.041
2843.70596,11.327,0.036
2851.71217,11.48,0.026
2858.7583,11.496,0.028
2860.6559,11.506,0.029
2867.61716,11.582,0.031
2872.64915,11.512,0.03
2875.6585,11.504,0.04
2877.64525,11.501,0.03
2879.65743,11.445,0.03
2882.70205,11.464,0.046
2884.63301,11.387,0.03
2886.58113,11.383,0.03
2893.70055,11.296,0.033
2895.66321,11.256,0.03
2896.48404,11.27,0.034
2896.48625,11.276,0.028
2896.48847,11.277,0.027
2896.49069,11.247,0.026
2896.49291,11.256,0.026
2896.49513,11.307,0.026
2896.49735,11.279,0.026
2896.49957,11.259,0.026
2896.5018,11.263,0.025
2896.50402,11.285,0.026
2896.50623,11.286,0.026
2896.50844,11.285,0.028
2896.51066,11.299,0.027
2896.51287,11.265,0.026
2896.52339,11.307,0.03
2896.52851,11.274,0.027
2896.5338,11.251,0.028
2896.5465,11.272,0.026
2896.55871,11.282,0.027
2896.58275,11.322,0.027
2896.60633,11.274,0.029
2896.6302,11.317,0.028
2896.65405,11.257,0.028
2896.67713,11.277,0.028
2896.70038,11.29,0.033
2896.72379,11.228,0.031
2897.52771,11.243,0.029
2897.55184,11.252,0.049
2897.5758,11.245,0.028
2897.59925,11.285,0.027
2897.62321,11.279,0.028
2897.64691,11.284,0.028
2897.67035,11.226,0.028
2897.67469,11.295,0.031
2897.69371,11.315,0.029
2897.71696,11.298,0.045
2902.54678,11.184,0.03
2905.57373,11.214,0.033
2908.59235,11.197,0.032
2910.61259,11.227,0.031
2912.56858,11.278,0.029
2913.6761,11.262,0.033
2918.54671,11.309,0.032
2921.65504,11.279,0.033
2926.62888,11.365,0.03
2928.62866,11.339,0.031
2930.62581,11.382,0.029
2932.61886,11.407,0.032
2934.61329,11.332,0.03
2939.61807,11.386,0.029
2946.51562,11.334,0.032
2949.53807,11.28,0.031
2951.54922,11.225,0.031
2954.52547,11.179,0.032
2956.55208,11.145,0.031
2958.55304,11.127,0.03
2960.55933,11.101,0.034
2963.53494,11.087,0.032
2966.52216,11.06,0.03
2969.51986,11.025,0.031
3142.87412,11.307,0.045
3146.84965,11.275,0.038
3153.87313,11.299,0.03
3156.85014,11.277,0.031
3164.85972,11.239,0.031
3170.80469,11.252,0.051
3179.8433,11.42,0.03
3182.78793,11.347,0.038
3187.78339,11.42,0.035
3191.78517,11.418,0.043
3274.55676,11.32,0.033
3276.65146,11.316,0.037
3279.53843,11.292,0.034
3292.54706,11.319,0.034
3295.52114,11.29,0.031
3456.9123,11.24,0.035
3466.91414,11.218,0.05
3470.91011,11.207,0.032
3474.89999,11.187,0.034
3478.89226,11.144,0.042
3497.89071,11.15,0.035
3501.87257,11.023,0.047
3508.91291,11.122,0.037
3511.86283,11.207,0.031
3516.87433,11.265,0.042
3520.88373,11.319,0.039
3526.82526,11.398,0.031
3538.83202,11.495,0.03
3547.81219,11.492,0.041
3551.80255,11.489,0.037
3554.77719,11.497,0.034
3560.76821,11.487,0.033
3562.87121,11.545,0.042
3564.76327,11.466,0.03
3569.73942,11.504,0.031
3571.73906,11.464,0.032
3574.75339,11.384,0.032
3576.76865,11.433,0.03
3579.8305,11.411,0.032
3590.70773,11.365,0.034
3596.66959,11.376,0.039
3602.66213,11.318,0.033
3616.62581,11.295,0.04
3618.76239,11.245,0.044
3621.56204,11.262,0.036
3624.59097,11.193,0.03
3629.58808,11.19,0.034
3631.58578,11.147,0.035
3633.60325,11.138,0.034
3638.69343,11.072,0.038
3641.66212,11.13,0.033
3644.55897,11.089,0.042
3647.66107,11.078,0.029
3650.53283,11.107,0.033
3652.53988,11.059,0.046
3657.51839,11.125,0.035
3659.57209,11.108,0.036
3661.59255,11.095,0.038
3663.59776,11.14,0.037
3665.61942,11.152,0.037
3669.58834,11.181,0.03
3672.52901,11.229,0.035
3701.51843,11.45,0.046
3704.51711,11.48,0.041
3829.90874,11.375,0.034
3850.87282,11.665,0.033
3853.90395,11.716,0.032
3857.92052,11.812,0.037
3861.88943,11.865,0.032
3864.91354,11.845,0.033
3867.8687,11.835,0.032
3870.8387,12.017,0.032
3872.86645,11.829,0.034
3880.85519,11.932,0.032
3887.83852,11.835,0.034
3892.84795,11.888,0.038
3894.80569,11.884,0.03
3902.83365,11.869,0.031
3904.85833,11.838,0.033
3906.90434,11.866,0.033
4192.90964,11.521,0.031
4205.90942,11.543,0.037
4227.91718,11.729,0.032
4232.85468,11.809,0.039
4235.87952,11.84,0.029
4247.85977,12,0.028
4253.85237,12.064,0.033
4258.86614,11.91,0.03
4273.79017,12.008,0.029
4276.77194,12.033,0.034
4278.77681,12.057,0.029
4282.73154,12.049,0.045
4285.79347,11.832,0.033
4289.78516,11.763,0.032
4291.7865,11.769,0.032
4293.77365,11.668,0.028
4295.78522,11.645,0.031
4299.74601,11.57,0.032
4301.72788,11.531,0.034
4303.71954,11.478,0.03
4305.71798,11.515,0.029
4307.69486,11.466,0.034
4316.70414,11.437,0.029
4319.68982,11.422,0.041
4329.66084,11.541,0.035
4331.65719,11.548,0.029
4333.62533,11.494,0.028
4336.60344,11.604,0.032
4340.64278,11.534,0.035
4342.63884,11.668,0.034
4344.63851,11.664,0.043
4346.63574,11.73,0.031
4348.6412,11.698,0.035
4350.64746,11.753,0.041
4353.59123,11.79,0.03
4355.67059,11.904,0.029
4357.70192,11.893,0.03
4359.7334,11.936,0.04
4362.54727,12.049,0.031
4368.56354,12.028,0.032
4372.58574,11.929,0.04
4375.6013,11.848,0.032
4377.62863,11.823,0.032
4379.65768,11.773,0.031
4382.55417,11.728,0.03
4384.58746,11.683,0.03
4386.61757,11.61,0.029
4388.59008,11.61,0.029
4400.53891,11.449,0.042
4407.57742,11.472,0.033
4410.56712,11.536,0.034
4427.52174,11.466,0.047
4430.52691,11.546,0.042
4433.52049,11.597,0.036
4561.90735,11.726,0.033
4565.91115,11.77,0.03
4569.91381,11.838,0.031
4573.89743,11.863,0.033
4577.88748,11.86,0.033
4587.88752,11.931,0.029
4591.8734,11.869,0.033
4595.85636,11.813,0.031
4602.8459,11.716,0.034
4606.89632,11.653,0.035
4609.86117,11.616,0.031
4615.88669,11.558,0.032
4622.79454,11.454,0.033
4627.84376,11.45,0.035
4629.8271,11.426,0.028
4631.82601,11.455,0.031
4633.81989,11.45,0.034
4641.81639,11.574,0.031
4643.82363,11.635,0.035
4646.75572,11.582,0.042
4648.79306,11.666,0.034
4651.73818,11.691,0.03
4653.76629,11.737,0.031
4655.7671,12.119,0.029
4658.72115,11.722,0.044
4661.71123,11.728,0.034
4663.7442,11.796,0.032
4671.72912,11.645,0.029
4674.69412,11.577,0.03
4677.75463,11.583,0.04
4679.76551,11.528,0.034
4682.7377,11.582,0.034
4684.74473,11.588,0.038
4686.68354,11.53,0.038
4690.67229,11.534,0.031
4696.77549,11.559,0.034
4700.67115,11.484,0.029
4702.67928,11.541,0.03
4704.71525,11.519,0.037
4706.75128,11.636,0.032
4709.66396,11.602,0.035
4715.67114,11.575,0.034
4724.55138,11.497,0.038
4726.60472,11.523,0.038
4729.5979,11.537,0.034
4731.6203,11.556,0.046
4734.64328,11.568,0.047
4739.53432,11.576,0.031
4742.52406,11.586,0.035
4744.53762,11.594,0.037
4750.5234,11.645,0.039
4753.53815,11.661,0.033
4755.58807,11.678,0.035
4758.54947,11.744,0.036
4761.53862,11.739,0.036
4764.53556,11.708,0.032
4767.53183,11.651,0.034
4770.51709,11.81,0.043
4772.55658,11.662,0.031
4778.51575,11.653,0.035
4782.5237,11.662,0.041
4785.52665,11.65,0.035
4798.51894,11.505,0.039
4937.89351,11.837,0.046
4948.89484,11.742,0.039
4952.8797,11.841,0.04
4961.88461,11.827,0.048
4969.91417,11.809,0.042
4973.82935,11.668,0.045
4984.87461,11.461,0.043
4988.85442,11.48,0.044
4991.80837,11.387,0.042
5008.78373,11.246,0.049
5013.74034,11.216,0.047
5015.7436,11.188,0.046
5018.7795,11.137,0.043
5023.77346,11.107,0.04
5038.83189,11.269,0.038
5040.77638,11.221,0.049
5042.71168,11.256,0.048
5067.69449,11.671,0.047
5082.68306,11.591,0.041
5084.72115,11.561,0.041
5087.56293,11.529,0.048
5089.61383,11.484,0.046
5093.67767,11.471,0.046
5097.71417,11.369,0.046
5099.68412,11.408,0.047
5105.54805,11.349,0.045
5116.53669,11.238,0.047
