2754.91101,9.159,0.031
2757.90655,9.363,0.028
2760.91404,9.243,0.029
2763.90286,9.055,0.03
2765.88275,9.152,0.03
2770.92131,9.074,0.059
2776.85971,9.255,0.032
2783.86356,9.178,0.032
2785.87269,9.095,0.048
2787.85274,9.078,0.027
2804.78581,9.073,0.033
2808.849,9.354,0.028
2810.79458,9.297,0.027
2812.79428,9.149,0.037
2816.82467,9.071,0.027
2819.86254,9.114,0.037
2829.76986,9.226,0.039
2831.73531,9.094,0.033
2832.77812,9.347,0.029
2834.73568,9.245,0.042
2836.72787,9.126,0.035
2841.74363,9.165,0.034
2843.73281,9.094,0.035
2853.70003,9.17,0.038
2858.75991,9.224,0.025
2860.66891,9.092,0.028
2861.79119,9.352,0.035
2866.6898,9.372,0.028
2872.70424,9.108,0.025
2875.57314,9.213,0.036
2875.59656,9.239,0.034
2875.6204,9.263,0.032
2875.6434,9.233,0.031
2875.66773,9.231,0.032
2875.69111,9.27,0.032
2875.70574,9.259,0.025
2877.67377,9.133,0.025
2879.69551,9.037,0.025
2883.61262,9.339,0.026
2885.58891,9.309,0.026
2886.69429,9.06,0.032
2886.69927,9.082,0.045
2888.71138,9.256,0.033
2892.71859,9.289,0.037
2894.62976,9.335,0.032
2896.62793,9.071,0.028
2898.61314,9.088,0.025
2900.60802,9.339,0.025
2904.59521,9.263,0.031
2906.59843,9.129,0.024
2909.62076,9.307,0.025
2911.57167,9.167,0.027
2916.56951,9.187,0.028
2918.60395,9.112,0.036
2922.56952,9.183,0.032
2924.57726,9.398,0.03
2927.57644,9.088,0.028
2929.57757,9.316,0.027
2931.58161,9.35,0.03
2935.57067,9.132,0.028
2937.56975,9.047,0.028
2940.54762,9.152,0.027
2942.53633,9.069,0.04
2944.55116,9.068,0.032
2946.56319,9.264,0.029
2949.56757,9.049,0.036
2955.52499,9.339,0.028
2957.53364,9.214,0.029
2963.51296,9.212,0.031
2966.51614,9.056,0.038
3125.92221,9.144,0.056
3146.87309,9.084,0.051
3153.93033,9.134,0.047
3163.85285,9.071,0.031
3166.85343,9.114,0.028
3176.82549,9.206,0.058
3177.83305,9.312,0.036
3179.80801,9.356,0.051
3182.81553,9.212,0.043
3185.79458,9.062,0.045
3187.81064,9.142,0.039
3190.78824,9.073,0.044
3268.55786,9.216,0.026
3270.62637,9.115,0.036
3275.61679,9.196,0.053
3277.64829,9.071,0.04
3294.58034,9.1,0.027
3327.57158,9.16,0.049
3328.51879,9.179,0.043
3328.55773,9.156,0.042
3329.51708,9.384,0.039
3329.52774,9.372,0.042
3329.53045,9.362,0.05
3329.53342,9.39,0.051
3329.5434,9.374,0.048
3329.56586,9.358,0.048
3330.56144,9.227,0.056
3335.53591,9.092,0.062
3336.53542,9.389,0.054
3336.53853,9.359,0.05
3336.55749,9.354,0.052
3337.53311,9.078,0.053
3337.53601,9.08,0.057
3340.53012,9.123,0.052
3340.53286,9.142,0.051
3344.52347,9.132,0.051
3482.91462,9.156,0.045
3487.91882,9.205,0.055
3491.90683,9.067,0.038
3492.91116,9.271,0.047
3496.90253,9.084,0.049
3500.90677,9.268,0.037
3508.89985,9.06,0.03
3509.86226,9.275,0.035
3511.86995,9.177,0.029
3512.84642,9.357,0.039
3516.84182,9.239,0.061
3520.87054,9.079,0.037
3526.82912,9.323,0.031
3538.79154,9.287,0.042
3538.81883,9.302,0.033
3541.7837,9.343,0.036
3543.87633,9.375,0.035
3547.77626,9.138,0.031
3551.77581,9.158,0.039
3553.88061,9.354,0.062
3556.74833,9.112,0.026
3562.72996,9.238,0.03
3564.74716,9.132,0.03
3569.81088,9.221,0.031
3571.80865,9.124,0.035
3574.79674,9.262,0.038
3576.80908,9.136,0.032
3583.76764,9.067,0.041
3586.66573,9.154,0.04
3588.75555,9.07,0.034
3591.6468,9.22,0.034
3597.72661,9.136,0.041
3602.74573,9.069,0.043
3606.61779,9.356,0.034
3617.6777,9.066,0.038
3620.56672,9.225,0.047
3622.66757,9.124,0.034
3625.69867,9.314,0.039
3628.65406,9.346,0.037
3631.54948,9.107,0.043
3633.63682,9.28,0.038
3639.61716,9.114,0.033
3642.61433,9.322,0.032
3644.65572,9.175,0.049
3650.64804,9.171,0.032
3652.6028,9.375,0.04
3654.58824,9.339,0.046
3656.60122,9.165,0.044
3658.62754,9.101,0.049
3661.55478,9.212,0.045
3663.55929,9.085,0.037
3669.56956,9.378,0.032
3672.52441,9.121,0.036
3851.91238,9.147,0.056
3853.92002,9.102,0.047
3858.90972,9.087,0.058
3860.90613,9.06,0.043
3862.90823,9.194,0.037
3865.89082,9.07,0.035
3868.8813,9.194,0.043
3870.89299,9.081,0.039
3871.87078,9.339,0.049
3872.8773,9.072,0.043
3880.86241,9.207,0.036
3883.87033,9.324,0.045
3887.83416,9.059,0.043
3887.84228,9.081,0.036
3892.81529,9.135,0.04
3894.81226,9.073,0.04
3894.81514,9.066,0.034
3900.80565,9.348,0.045
3902.82275,9.234,0.036
3905.79257,9.349,0.046
3907.80713,9.249,0.037
4227.89606,9.077,0.036
4230.89448,9.204,0.037
4232.89343,9.098,0.035
4235.89053,9.241,0.031
4245.86495,9.371,0.064
4247.84412,9.209,0.036
4253.82428,9.209,0.057
4256.82363,9.063,0.037
4256.83383,9.041,0.032
4268.78513,9.064,0.043
4268.78797,9.101,0.049
4272.77504,9.367,0.046
4272.79762,9.364,0.033
4274.78954,9.328,0.049
4277.76686,9.304,0.035
4277.77455,9.309,0.03
4281.76768,9.33,0.056
4283.77618,9.115,0.051
4289.7368,9.349,0.039
4292.72892,9.071,0.031
4296.81975,9.349,0.042
4298.86351,9.324,0.047
4300.82471,9.182,0.041
4302.83215,9.129,0.046
4303.69717,9.309,0.034
4304.71348,9.084,0.029
4306.7163,9.312,0.032
4308.70819,9.385,0.048
4310.77709,9.296,0.034
4316.65918,9.163,0.04
4319.65319,9.123,0.034
4319.67987,9.11,0.03
4330.64278,9.353,0.029
4332.64686,9.33,0.032
4334.63701,9.211,0.029
4340.59943,9.28,0.04
4342.61738,9.413,0.037
4344.68628,9.41,0.048
4346.68327,9.261,0.047
4348.68845,9.133,0.043
4353.58886,9.107,0.031
4355.66824,9.082,0.03
4357.69959,9.146,0.034
4360.54664,9.059,0.064
4362.63661,9.1,0.029
4364.63249,9.319,0.031
4367.64651,9.081,0.04
4369.67799,9.186,0.045
4372.52738,9.165,0.04
4375.59675,9.166,0.032
4377.62431,9.106,0.033
4380.58461,9.221,0.044
4382.63197,9.129,0.03
4387.56389,9.144,0.03
4393.56824,9.322,0.045
4402.55483,9.293,0.043
4410.56154,9.28,0.036
4429.51526,9.362,0.04
4577.91601,9.063,0.039
4587.90823,9.191,0.032
4590.91625,9.335,0.039
4591.90178,9.075,0.037
4594.91028,9.124,0.039
4602.90127,9.325,0.044
4606.93003,9.108,0.039
4609.89147,9.282,0.04
4611.89524,9.133,0.041
4616.90414,9.22,0.039
4617.86396,9.356,0.037
4621.85565,9.218,0.051
4621.87217,9.265,0.054
4624.8546,9.35,0.032
4628.85247,9.145,0.037
4630.84272,9.042,0.038
4632.84464,9.109,0.037
4638.91305,9.282,0.052
4639.80863,9.23,0.038
4641.86269,9.355,0.039
4644.79493,9.128,0.038
4647.79648,9.08,0.041
4649.85201,9.064,0.05
4651.77574,9.291,0.037
4652.77679,9.117,0.035
4654.79249,9.183,0.036
4656.78458,9.174,0.047
4658.75543,9.354,0.051
4661.75654,9.112,0.038
4663.7677,9.357,0.043
4663.77095,9.327,0.046
4665.76785,9.384,0.041
4665.77075,9.379,0.039
4671.75178,9.092,0.035
4674.72338,9.118,0.036
4677.78364,9.282,0.039
4677.78562,9.305,0.039
4681.69917,9.065,0.043
4682.77028,9.367,0.037
4683.74452,9.085,0.035
4684.77346,9.24,0.04
4685.69863,9.25,0.04
4686.73056,9.142,0.037
4687.6957,9.406,0.039
4690.71665,9.13,0.031
4691.66896,9.181,0.049
4694.7142,9.379,0.046
4697.68185,9.281,0.035
4698.65582,9.105,0.04
4700.66525,9.077,0.036
4701.67294,9.35,0.039
4702.67335,9.168,0.04
4703.67567,9.153,0.032
4705.73687,9.058,0.04
4706.7242,9.325,0.043
4708.64771,9.179,0.037
4709.65832,9.296,0.043
4710.6656,9.089,0.04
4716.61642,9.399,0.036
4716.66103,9.373,0.039
4722.55237,9.104,0.041
4725.59696,9.214,0.043
4728.58585,9.372,0.042
4730.62606,9.26,0.04
4733.63328,9.349,0.035
4738.6006,9.353,0.037
4741.58042,9.088,0.035
4743.6001,9.236,0.043
4750.58684,9.373,0.047
4753.57455,9.074,0.04
4755.60023,9.285,0.039
4758.56202,9.084,0.042
4761.5522,9.159,0.045
4764.54904,9.327,0.037
4767.54455,9.384,0.039
4770.52906,9.089,0.046
4772.56289,9.249,0.04
4775.54644,9.091,0.038
4778.54943,9.188,0.039
4782.5501,9.08,0.047
4785.53823,9.093,0.041
4792.51876,9.075,0.054
4947.91561,9.325,0.049
4954.91784,9.262,0.061
4966.9002,9.231,0.064
4967.8922,9.262,0.052
4969.91995,9.353,0.058
4974.8855,9.323,0.054
4985.82526,9.131,0.051
4985.84429,9.151,0.057
4987.86288,9.09,0.06
4989.87902,9.088,0.054
4990.85244,9.22,0.064
4992.84388,9.091,0.06
5006.83929,9.08,0.052
5012.84152,9.296,0.056
5014.79734,9.125,0.05
5015.79582,9.375,0.058
5017.77,9.355,0.058
5019.78441,9.18,0.064
5022.77592,9.354,0.064
5023.80559,9.107,0.05
5024.77771,9.277,0.059
5039.70724,9.378,0.047
5039.71664,9.385,0.055
5041.71799,9.254,0.052
5047.7602,9.085,0.052
5048.68381,9.167,0.061
5063.7292,9.301,0.057
5066.67925,9.29,0.064
5068.64706,9.341,0.057
5071.61649,9.248,0.051
5083.64272,9.31,0.05
5087.67352,9.259,0.057
5092.64745,9.347,0.046
5105.56524,9.169,0.056
5110.5445,9.114,0.053
5116.62307,9.325,0.063
5124.57164,9.301,0.055
5145.5563,9.294,0.054
5156.52373,9.092,0.064
