2470.70772,8.603,0.034
2510.59791,8.549,0.034
2543.67301,8.577,0.053
2545.6746,8.59,0.031
2554.65452,8.655,0.045
2558.6108,8.603,0.029
2559.60939,8.594,0.031
2560.6175,8.63,0.037
2566.60017,8.594,0.033
2735.91374,8.577,0.035
2739.9113,8.607,0.034
2742.91247,8.604,0.035
2755.89297,8.565,0.029
2758.90117,8.54,0.033
2764.88307,8.526,0.035
2770.89832,8.555,0.058
2770.91849,8.563,0.055
2776.84613,8.547,0.036
2782.92906,8.555,0.034
2784.87246,8.602,0.031
2786.86081,8.597,0.029
2790.87063,8.58,0.044
2809.85176,8.543,0.033
2812.90335,8.603,0.037
2820.75518,8.564,0.03
2829.76572,8.548,0.033
2832.78313,8.57,0.032
2834.71935,8.533,0.036
2839.80577,8.588,0.038
2841.73946,8.579,0.036
2843.72862,8.575,0.033
2854.64769,8.54,0.029
2859.65914,8.583,0.031
2860.74207,8.555,0.031
2862.65632,8.593,0.035
2866.69727,8.559,0.031
2867.75483,8.556,0.032
2872.68019,8.548,0.028
2875.6824,8.544,0.029
2877.6646,8.526,0.03
2879.68138,8.541,0.029
2884.65181,8.549,0.03
2886.60709,8.542,0.052
2888.64843,8.532,0.031
2892.66559,8.588,0.035
2895.73607,8.537,0.035
2897.73967,8.528,0.035
2899.69641,8.565,0.046
2902.68846,8.571,0.038
2905.57653,8.564,0.028
2908.59519,8.595,0.03
2910.61818,8.598,0.031
2912.57149,8.59,0.029
2913.67902,8.524,0.039
2916.60955,8.579,0.033
2922.62747,8.54,0.037
2924.63367,8.535,0.039
2927.62691,8.546,0.034
2929.63281,8.564,0.031
2931.63691,8.554,0.032
2933.62521,8.57,0.033
2937.62806,8.593,0.033
2943.52624,8.535,0.033
2946.53269,8.552,0.032
2949.54158,8.531,0.035
2953.58874,8.585,0.046
2956.53797,8.592,0.03
2963.53344,8.571,0.036
2965.54617,8.56,0.035
2970.53111,8.569,0.031
3144.90359,8.535,0.036
3153.90424,8.575,0.034
3156.87802,8.558,0.033
3164.87704,8.586,0.033
3177.83093,8.599,0.034
3179.89177,8.552,0.033
3182.83375,8.568,0.041
3185.78725,8.589,0.045
3187.82128,8.56,0.036
3190.7939,8.569,0.042
3194.92585,8.598,0.037
3266.61134,8.555,0.034
3268.6028,8.565,0.03
3270.57865,8.57,0.032
3274.57931,8.551,0.036
3276.6692,8.598,0.044
3279.56041,8.552,0.057
3293.56175,8.544,0.032
3296.51621,8.526,0.032
3323.54132,8.47,0.045
3476.91137,8.567,0.042
3480.89832,8.551,0.062
3500.92673,8.592,0.038
3509.89429,8.597,0.031
3512.85458,8.588,0.04
3517.84214,9.038,0.038
3521.8629,8.588,0.043
3524.84525,8.575,0.056
3530.88998,8.535,0.039
3538.88277,8.545,0.033
3541.81502,8.539,0.035
3543.84338,8.562,0.046
3547.83695,8.59,0.051
3554.79842,8.545,0.039
3558.77551,8.531,0.044
3560.80082,8.61,0.038
3563.75124,8.55,0.035
3569.76836,8.596,0.036
3571.77622,8.603,0.039
3574.83742,8.554,0.041
3576.83342,8.542,0.038
3583.77341,8.555,0.039
3585.85318,8.627,0.048
3590.74996,8.528,0.036
3592.79427,8.572,0.039
3596.69359,8.562,0.035
3599.76426,8.566,0.037
3602.69601,8.541,0.043
3619.59635,8.53,0.041
3621.64674,8.538,0.055
3624.66337,8.574,0.033
3630.6166,8.566,0.044
3632.62321,8.593,0.04
3634.65595,8.578,0.042
3637.65901,8.543,0.04
3643.54267,8.523,0.041
3646.61933,8.531,0.041
3649.56328,8.596,0.042
3651.60649,8.547,0.039
3653.57266,8.581,0.049
3657.54358,8.582,0.042
3659.6068,8.554,0.042
3661.62632,8.561,0.044
3663.63881,8.591,0.048
3666.57966,8.533,0.042
3670.52751,8.548,0.034
3672.5814,8.591,0.036
3675.53321,8.573,0.045
3678.5255,8.584,0.047
3703.52272,8.672,0.044
3850.91129,8.609,0.042
3856.90808,8.585,0.061
3860.89347,8.583,0.038
3864.89066,8.591,0.042
3867.89683,8.585,0.046
3870.87344,8.573,0.041
3875.92851,8.567,0.04
3883.86729,8.528,0.048
3887.86099,8.553,0.037
3894.85172,8.57,0.032
3898.81215,8.546,0.048
3901.74699,8.566,0.043
3903.86581,8.581,0.037
3906.80682,8.604,0.049
3909.8025,8.609,0.038
3913.82817,8.746,0.048
4228.88898,8.542,0.039
4229.88313,8.528,0.031
4232.8815,8.551,0.036
4246.86437,8.576,0.031
4247.86599,8.576,0.03
4250.87845,8.582,0.047
4253.84855,8.567,0.037
4255.82308,8.609,0.041
4268.79335,8.531,0.039
4272.82766,8.522,0.04
4277.79604,8.533,0.031
4289.88156,8.529,0.044
4290.79996,8.57,0.035
4292.77877,8.58,0.033
4296.80095,8.582,0.044
4298.79493,8.59,0.041
4300.76051,8.546,0.045
4302.79655,8.571,0.043
4304.73018,8.594,0.037
4306.72723,8.584,0.031
4308.72898,8.564,0.05
4311.61094,8.526,0.054
4316.83111,8.577,0.033
4319.76107,8.518,0.039
4329.76467,8.584,0.042
4333.65379,8.551,0.03
4336.64951,8.553,0.035
4341.66475,8.538,0.038
4343.66644,8.546,0.047
4345.66563,8.553,0.034
4347.66572,8.543,0.033
4349.66467,8.548,0.04
4351.66423,8.573,0.045
4354.60817,8.516,0.039
4356.63104,8.553,0.034
4358.66333,8.57,0.035
4362.67205,8.558,0.031
4364.60335,8.555,0.035
4368.58882,8.582,0.039
4372.61837,8.588,0.044
4375.61934,8.533,0.034
4377.65103,8.536,0.032
4380.54597,8.569,0.041
4382.59155,8.559,0.031
4384.60598,8.5,0.033
4386.63615,8.524,0.033
4388.61286,8.553,0.031
4392.58845,8.52,0.047
4400.58835,8.576,0.046
4403.60289,8.768,0.036
4407.59712,8.571,0.037
4410.57687,8.598,0.04
4427.53129,8.577,0.062
4430.53563,8.523,0.046
4572.91137,8.553,0.034
4576.8999,8.58,0.04
4588.89568,8.576,0.035
4592.88507,8.578,0.033
4595.90094,8.512,0.04
4596.88496,8.574,0.032
4599.89981,8.509,0.04
4600.87577,8.556,0.043
4602.91082,8.492,0.049
4603.90457,8.535,0.033
4609.85425,8.544,0.038
4610.84376,8.546,0.035
4611.88714,8.549,0.041
4616.89875,8.566,0.034
4621.85354,8.565,0.051
4624.8343,8.55,0.033
4628.82596,8.581,0.034
4628.82914,8.553,0.032
4630.82832,8.603,0.033
4630.83495,8.581,0.032
4632.82207,8.591,0.034
4632.82409,8.584,0.036
4638.8396,8.586,0.042
4641.83958,8.591,0.035
4641.84167,8.551,0.035
4643.84177,8.495,0.06
4643.84391,8.523,0.038
4646.77795,8.581,0.046
4646.78329,8.546,0.052
4648.84427,8.526,0.032
4648.8491,8.513,0.035
4651.77288,8.565,0.037
4653.7879,8.568,0.032
4653.79961,8.536,0.031
4655.79252,8.538,0.037
4658.75335,8.538,0.051
4661.75502,8.545,0.035
4661.76034,8.528,0.038
4663.77416,8.529,0.046
4671.76109,8.541,0.032
4674.71864,8.605,0.032
4682.76483,8.601,0.038
4684.76554,8.56,0.04
4686.7258,8.539,0.036
4690.71203,8.562,0.032
4696.79441,8.527,0.041
4698.69937,8.575,0.036
4700.69346,8.604,0.038
4704.7836,8.532,0.048
4707.63436,8.562,0.043
4709.73809,8.525,0.038
4716.62606,8.575,0.034
4724.57673,8.575,0.043
4726.62816,8.539,0.041
4729.61115,8.529,0.039
4731.63595,8.509,0.052
4734.669,8.568,0.039
4739.56277,8.542,0.036
4744.56758,8.523,0.045
4746.57684,8.552,0.042
4753.61286,8.589,0.037
4755.64612,8.55,0.042
4758.58599,8.6,0.042
4761.56974,8.584,0.04
4764.56412,8.582,0.037
4767.55412,8.597,0.044
4770.53949,8.567,0.045
4772.5653,8.542,0.044
4774.57649,8.532,0.04
4778.5397,8.559,0.042
4782.54354,8.512,0.048
4785.53546,8.514,0.039
4798.52323,8.615,0.041
4801.52169,8.588,0.038
4945.90753,8.55,0.053
4949.91668,8.513,0.061
4974.87312,8.583,0.056
4985.79969,8.587,0.052
4989.84886,8.548,0.06
5015.77788,8.53,0.057
5018.83357,8.595,0.055
5024.7936,8.583,0.057
5039.70515,8.567,0.051
5041.69637,8.573,0.047
5048.66833,8.615,0.055
5063.67618,8.534,0.047
5066.69068,8.51,0.062
5068.64988,8.52,0.06
5070.76667,8.598,0.056
5082.71034,8.56,0.052
5084.74043,8.587,0.051
5089.62179,8.579,0.049
5093.68906,8.524,0.056
5098.58193,8.557,0.06
5101.65315,8.55,0.052
5110.66308,8.546,0.056
5124.56288,8.484,0.052
5145.54278,8.57,0.062
