1875.51292,12.026,0.041
2011.88947,12.385,0.051
2040.83985,12.164,0.042
2171.55389,12.223,0.044
2178.53455,12.1,0.056
2212.53587,12.118,0.047
2215.51716,12.146,0.046
2230.50893,12.1,0.062
2439.80154,12.262,0.041
2442.79318,12.353,0.049
2445.77656,12.217,0.042
2446.79159,12.175,0.049
2464.76038,11.66,0.039
2465.74435,11.637,0.043
2466.73574,11.629,0.04
2467.73716,11.717,0.039
2473.72932,11.678,0.045
2486.68986,11.893,0.045
2489.65814,12.133,0.041
2490.70426,12.132,0.044
2493.67277,12.133,0.046
2512.59768,12.466,0.045
2540.63122,12.502,0.038
2543.67081,12.338,0.054
2544.63309,12.388,0.039
2551.59599,12.277,0.051
2552.66977,12.292,0.046
2556.59058,12.114,0.049
2565.57617,12.143,0.047
2566.59309,12.069,0.042
2601.51704,11.868,0.048
2729.91368,12.171,0.039
2734.91042,12.17,0.038
2737.90778,12.219,0.054
2740.91244,12.208,0.038
2743.90568,12.29,0.045
2756.87091,12.308,0.04
2759.90643,12.283,0.051
2765.83065,12.135,0.043
2770.89552,12.029,0.037
2776.83947,12.328,0.039
2782.92711,12.174,0.037
2784.86821,12.266,0.037
2786.85396,12.366,0.036
2790.87551,12.421,0.036
2804.82182,12.632,0.039
2811.78662,12.796,0.04
2812.90146,12.709,0.041
2816.9038,12.764,0.041
2820.75029,12.759,0.038
2829.76119,12.362,0.039
2831.72869,12.424,0.038
2832.77665,12.403,0.037
2840.78545,11.993,0.043
2845.80557,11.852,0.035
2851.7311,11.783,0.033
2854.63118,11.712,0.036
2857.80374,11.809,0.037
2860.73519,11.815,0.037
2867.63861,12.169,0.039
2872.6684,12.181,0.04
2875.67552,12.284,0.043
2877.65996,12.335,0.038
2879.6745,12.402,0.041
2884.64974,12.621,0.035
2886.63724,12.533,0.042
2892.63995,12.724,0.043
2893.73829,12.643,0.038
2895.68942,12.565,0.037
2897.70331,12.571,0.039
2899.6731,12.534,0.05
2902.67914,12.499,0.041
2908.54734,12.33,0.046
2910.5673,12.395,0.047
2912.55747,12.183,0.038
2913.67219,12.213,0.042
2922.60623,12.079,0.038
2924.61764,12.239,0.037
2929.61675,12.19,0.036
2931.62001,12.195,0.037
2933.60913,12.187,0.037
2935.60719,12.287,0.036
2937.60834,12.345,0.039
2940.60223,12.383,0.037
2946.53027,12.549,0.036
2948.59989,12.51,0.049
2957.58579,12.654,0.038
2965.51581,12.587,0.038
2969.54547,12.375,0.039
2974.52781,12.144,0.039
3106.91062,12.323,0.056
3144.90646,11.983,0.044
3153.89373,12.096,0.041
3169.81787,12.16,0.054
3177.82615,12.328,0.041
3182.81095,12.4,0.05
3187.8089,12.391,0.037
3193.87378,12.231,0.048
3266.58904,12.168,0.038
3268.59474,12.035,0.041
3270.57045,12.046,0.046
3276.68988,11.724,0.045
3279.55637,11.688,0.041
3290.65857,11.744,0.047
3294.66165,11.631,0.048
3298.55051,11.692,0.042
3458.90888,12.239,0.037
3473.91316,12.647,0.047
3477.91051,12.882,0.038
3481.9043,12.831,0.04
3490.91102,12.498,0.038
3497.90368,12.077,0.046
3508.92753,11.749,0.037
3511.87646,11.725,0.037
3517.83993,11.707,0.037
3538.86671,12.17,0.036
3541.80283,12.337,0.038
3543.84113,12.27,0.041
3547.83479,12.494,0.044
3551.82149,12.538,0.043
3554.80803,12.541,0.038
3558.7675,12.578,0.045
3560.79613,12.695,0.044
3563.74058,12.578,0.036
3569.7578,12.337,0.037
3571.7713,12.195,0.039
3575.76049,12.153,0.04
3577.78332,12.108,0.041
3581.87061,12.005,0.039
3584.67778,11.992,0.038
3586.7174,11.98,0.038
3588.75874,11.991,0.04
3591.66633,12.043,0.035
3597.68902,12.151,0.045
3602.68719,12.097,0.038
3616.64412,12.416,0.043
3618.77487,12.452,0.043
3621.5828,12.495,0.049
3624.61101,12.44,0.037
3626.63112,12.467,0.035
3630.61423,12.544,0.045
3632.61984,12.602,0.039
3634.65338,12.524,0.042
3637.65643,12.527,0.042
3639.70282,12.543,0.046
3642.65387,12.48,0.039
3644.68343,12.446,0.047
3650.65568,12.292,0.038
3652.62438,12.235,0.047
3657.53289,12.154,0.047
3659.5838,12.07,0.042
3661.60422,12.089,0.048
3663.61316,12.616,0.046
3665.65002,12.011,0.046
3669.59963,11.96,0.038
3672.5324,11.997,0.045
3678.52264,12.072,0.047
3700.54037,12.469,0.048
3703.53038,12.565,0.05
3706.52426,12.482,0.047
3830.90998,11.955,0.039
3835.91156,12.05,0.036
3850.88916,12.512,0.038
3860.88188,12.707,0.037
3864.86542,12.469,0.037
3867.88339,12.456,0.043
3870.85925,12.254,0.038
3877.7699,11.966,0.056
3877.79826,12.061,0.035
3877.82809,12.055,0.038
3877.84879,11.955,0.037
3877.85766,11.991,0.035
3877.88512,12.036,0.036
3877.91356,12.055,0.034
3879.86905,12.004,0.049
3879.93014,11.882,0.044
3880.74804,11.908,0.036
3880.77682,11.95,0.034
3880.8063,11.955,0.034
3880.83579,11.961,0.035
3880.86512,11.906,0.037
3880.89577,11.9,0.035
3880.92618,12.151,0.036
3882.7694,11.875,0.034
3882.79976,11.863,0.034
3882.82769,11.853,0.038
3882.85405,11.895,0.036
3882.85962,11.921,0.039
3882.88839,11.857,0.037
3882.91575,11.817,0.035
3886.90188,11.738,0.038
3889.84287,11.672,0.042
3894.8384,11.733,0.04
3898.80072,11.68,0.04
3903.85866,11.685,0.044
3905.87782,11.814,0.052
3908.79895,11.844,0.037
3912.82565,12.034,0.045
4194.91084,11.492,0.039
4228.86874,12.433,0.038
4232.8728,12.502,0.046
4246.82244,12.511,0.04
4250.86722,12.498,0.047
4255.82584,12.089,0.043
4272.81315,11.724,0.037
4277.80309,11.886,0.036
4290.79302,12.195,0.051
4292.78653,12.294,0.049
4296.80699,12.462,0.048
4298.80309,12.354,0.042
4300.75842,12.544,0.051
4302.79445,12.721,0.04
4304.72323,12.657,0.036
4306.73413,12.745,0.037
4308.72039,12.496,0.042
4314.70005,12.746,0.036
4316.79444,12.609,0.037
4319.70772,12.467,0.038
4329.68049,11.995,0.04
4331.67882,11.962,0.046
4333.64503,11.87,0.035
4336.65467,11.746,0.05
4341.66251,11.804,0.044
4343.66416,11.748,0.044
4345.6634,11.632,0.049
4349.66164,11.827,0.054
4351.66197,11.891,0.046
4356.64578,12.059,0.042
4358.67393,12.127,0.04
4362.72398,12.319,0.039
4364.65316,12.243,0.037
4368.59481,12.382,0.038
4372.6243,12.395,0.044
4375.62443,12.566,0.037
4377.66199,12.528,0.041
4379.68945,12.525,0.039
4382.55733,12.609,0.038
4384.5915,12.527,0.04
4386.62078,12.47,0.04
4388.59612,12.245,0.038
4403.58026,12.31,0.039
4409.59911,12.35,0.043
4413.56256,12.407,0.044
4426.55928,12.15,0.049
4429.54395,12.215,0.042
4432.54029,12.154,0.048
4436.52564,12.229,0.046
4439.52405,12.286,0.042
4567.90933,11.981,0.045
4571.91682,11.935,0.037
4575.90463,12.155,0.036
4588.88772,12.122,0.036
4592.87403,12.098,0.035
4600.86087,12.104,0.037
4603.89004,12.194,0.038
4607.84502,12.205,0.039
4610.83397,12.091,0.046
4615.89783,12.307,0.04
4622.81593,12.406,0.041
4628.79675,12.234,0.047
4630.80869,12.31,0.037
4632.81302,12.201,0.036
4644.775,11.898,0.038
4646.88446,11.792,0.041
4649.76725,11.855,0.047
4651.82436,11.807,0.04
4653.83992,11.89,0.043
4658.74782,11.935,0.043
4661.77496,11.945,0.037
4663.76528,11.972,0.039
4674.71494,12.108,0.037
4677.77589,12.121,0.049
4682.75538,12.057,0.041
4684.76239,12.071,0.04
4686.72357,12.094,0.039
4690.70987,11.933,0.041
4696.77822,11.88,0.039
4698.6859,11.933,0.038
4700.68052,11.957,0.037
4702.69006,12.025,0.036
4707.63202,12.143,0.042
4709.73578,11.993,0.043
4715.67413,12.011,0.042
4724.60944,11.978,0.042
4726.65754,12.064,0.038
4729.63371,12.04,0.038
4734.69433,12.276,0.042
4738.71162,12.2,0.039
4741.61399,12.236,0.037
4743.63326,12.164,0.042
4753.61031,12.042,0.038
4755.6428,12.019,0.041
4758.58328,11.976,0.044
4761.56255,11.892,0.042
4764.55768,11.904,0.04
4766.61784,11.97,0.038
4769.55396,11.879,0.047
4771.59793,11.988,0.049
4778.51912,11.904,0.046
4780.58562,11.89,0.04
4784.56198,11.883,0.046
4793.55395,11.835,0.054
4797.52768,11.829,0.054
4936.91365,12.144,0.047
4945.89439,12.231,0.045
4949.89701,12.21,0.044
4962.88521,12.254,0.045
4974.87686,11.956,0.046
4984.88675,11.692,0.049
4991.82177,11.726,0.045
5008.80401,11.988,0.049
5015.7808,12.222,0.046
5018.83719,12.185,0.053
5024.79145,12.392,0.044
5031.851,12.375,0.044
5040.78168,12.373,0.047
5042.72768,12.533,0.047
5047.72111,12.212,0.045
5056.7025,12.045,0.051
5067.71721,12.02,0.052
5072.65238,12.085,0.048
5081.76985,12.411,0.053
5084.64113,12.472,0.054
5086.7117,12.383,0.045
5088.73194,12.309,0.042
5099.60556,12.498,0.049
5110.64677,12.349,0.044
5124.5331,12.078,0.053
5144.56515,11.939,0.052
