2755.91103,11.969,0.032
2756.92129,12.128,0.036
2759.91543,12.001,0.037
2763.90762,11.981,0.037
2765.91823,12.303,0.036
2776.91314,11.804,0.035
2785.88421,11.671,0.052
2787.87327,11.848,0.033
2804.8043,12.22,0.035
2808.8862,11.679,0.031
2810.80389,12.173,0.033
2816.82904,12.095,0.033
2820.80644,12.037,0.036
2829.77657,12.162,0.038
2829.79754,12.148,0.048
2831.7582,12.186,0.039
2836.76327,12.071,0.038
2841.74536,11.867,0.048
2843.73693,11.825,0.051
2853.71692,11.858,0.038
2860.67601,12.347,0.032
2874.63945,11.853,0.037
2875.57314,12.154,0.044
2875.59656,11.86,0.042
2875.6204,11.876,0.044
2875.6434,12.02,0.031
2875.66773,12.136,0.036
2875.69111,12.164,0.033
2875.71508,11.681,0.031
2875.73899,11.871,0.032
2875.78569,12.158,0.038
2876.65644,12.133,0.034
2878.66037,11.821,0.039
2884.63752,12.149,0.033
2886.64784,12.05,0.053
2888.65248,11.777,0.036
2893.59264,11.924,0.038
2895.60647,12.107,0.036
2897.61557,11.687,0.035
2904.64146,11.759,0.046
2906.637,12.015,0.034
2911.59541,12.09,0.031
2916.57629,11.704,0.032
2922.57166,12.105,0.032
2942.53876,11.814,0.05
3142.92228,12,0.033
3146.89122,12.22,0.034
3154.86271,11.89,0.037
3168.86156,11.792,0.031
3171.8339,11.889,0.037
3175.86108,11.819,0.031
3177.84558,11.696,0.036
3182.8045,12.064,0.038
3187.83419,11.887,0.034
3190.79833,11.987,0.043
3270.53021,11.909,0.044
3275.50615,12.117,0.038
3278.50375,11.656,0.035
3327.54867,12.169,0.036
3327.56678,12.008,0.037
3327.57158,11.946,0.039
3328.51879,12.173,0.038
3328.55773,11.921,0.036
3329.51708,12.292,0.033
3329.52774,12.211,0.038
3329.53045,12.13,0.042
3329.53342,12.045,0.045
3329.5434,11.743,0.036
3329.54679,11.715,0.034
3329.56586,11.776,0.04
3330.52385,12.001,0.05
3330.54513,11.758,0.042
3334.52234,12.08,0.049
3334.55418,12.113,0.053
3335.53591,12.161,0.05
3336.52264,12.253,0.048
3336.53542,12.149,0.046
3336.53853,12.18,0.045
3336.54721,12.022,0.036
3336.55749,11.722,0.04
3337.53311,12.095,0.039
3337.53948,11.931,0.036
3339.54295,11.892,0.058
3340.53012,11.823,0.039
3340.53286,11.869,0.039
3340.53622,11.951,0.037
3341.52486,12.012,0.038
3487.91882,12.125,0.046
3492.91116,11.902,0.034
3496.90253,12.152,0.041
3500.89265,11.863,0.033
3509.86226,11.744,0.034
3512.84642,11.96,0.033
3516.84182,12.239,0.04
3521.83278,11.896,0.035
3524.82287,12.117,0.036
3538.79154,11.757,0.037
3540.79002,12.031,0.032
3547.76701,11.692,0.047
3554.74509,12.199,0.033
3558.73687,11.868,0.036
3561.72628,12.141,0.032
3564.71563,12.135,0.032
3570.68593,11.965,0.033
3574.68583,12.088,0.034
3584.66333,12.004,0.035
3586.66289,11.872,0.034
3589.65047,12.044,0.032
3592.63796,12.169,0.033
3596.62762,11.808,0.032
3602.61589,12.178,0.035
3606.60588,11.86,0.032
3618.56752,12.027,0.036
3621.55727,12.255,0.039
3629.54401,12.158,0.035
3632.52677,12.017,0.039
3635.52699,11.897,0.045
3641.51236,12.176,0.036
3853.92002,11.984,0.034
3857.90887,11.932,0.037
3860.90613,12.143,0.034
3863.89083,11.971,0.031
3866.88792,11.947,0.038
3871.87078,12.167,0.034
3871.89476,11.818,0.033
3875.86091,11.793,0.039
3882.84318,11.976,0.039
3882.86078,11.806,0.033
3887.83416,12.026,0.036
3887.85376,12.136,0.034
3892.81529,11.822,0.033
3892.83288,11.875,0.054
3894.81226,11.778,0.035
3894.83407,12.012,0.034
3898.80208,12.083,0.034
3902.78148,11.954,0.032
3903.80323,11.918,0.031
3905.78388,12.062,0.032
3906.80283,12.095,0.034
3908.77425,12.119,0.035
3912.76611,11.824,0.033
4227.89606,12.116,0.039
4228.91013,11.747,0.035
4230.89448,11.865,0.033
4231.91005,12.158,0.043
4234.90314,12.083,0.034
4247.84412,11.867,0.034
4247.86246,11.855,0.032
4253.82428,11.962,0.048
4256.82363,11.992,0.034
4268.78513,11.865,0.04
4268.80339,11.95,0.039
4272.77504,12.066,0.046
4272.79337,12.253,0.042
4277.76686,11.79,0.035
4277.78334,11.898,0.033
4281.76108,12.284,0.048
4281.77581,12.158,0.037
4283.77195,12.073,0.037
4285.73665,12.201,0.038
4289.7368,12.048,0.038
4291.73786,12.16,0.036
4293.74537,11.871,0.036
4295.71442,11.87,0.039
4296.73603,11.827,0.044
4297.70498,11.847,0.035
4299.70735,12.018,0.045
4299.72621,12.153,0.035
4301.69656,12.069,0.037
4301.71873,12.213,0.047
4303.69717,12.121,0.036
4303.71446,11.903,0.038
4305.68698,11.879,0.037
4305.70491,11.756,0.034
4307.68774,11.839,0.033
4307.70719,12.65,0.033
4312.66706,12.144,0.037
4312.6881,11.987,0.043
4315.68739,11.854,0.035
4316.65627,11.777,0.045
4319.65319,12.014,0.035
4319.67603,12.117,0.035
4330.6227,12.178,0.033
4330.64904,12.114,0.037
4332.61926,12.177,0.034
4332.63756,11.803,0.034
4334.61369,11.634,0.034
4339.61764,12.172,0.034
4340.59662,12.286,0.037
4341.61759,11.68,0.036
4343.58872,11.925,0.037
4344.60611,11.903,0.035
4346.57699,11.91,0.036
4349.56756,12.156,0.036
4350.58934,12.046,0.037
4351.57365,12.2,0.038
4353.57721,11.815,0.033
4354.55952,11.757,0.036
4356.56678,12.056,0.036
4357.5476,12.138,0.037
4359.53893,12.206,0.035
4361.54002,12.117,0.034
4361.55775,11.64,0.035
4363.56114,11.995,0.034
4364.5312,11.892,0.034
4368.5373,12.144,0.036
4369.51501,12.323,0.039
4371.52663,11.742,0.036
4372.50737,11.889,0.038
4375.51561,12.006,0.033
4376.50141,12.09,0.033
4377.52414,12.214,0.038
4381.50632,11.711,0.037
4384.50385,12.132,0.034
4387.49406,12.179,0.034
4590.91625,12.07,0.037
4594.91028,11.95,0.036
4595.92498,12.058,0.035
4600.92804,11.871,0.035
4602.90127,11.761,0.038
4609.89147,11.845,0.036
4609.9218,13.161,0.034
4611.89524,11.831,0.037
4617.86396,12.118,0.037
4617.89244,11.708,0.04
4621.87217,11.952,0.041
4621.90021,12.127,0.042
4624.85922,12.097,0.034
4624.88493,12.084,0.045
4626.89462,11.806,0.038
4628.85247,11.726,0.037
4629.85038,11.836,0.037
4630.84272,11.969,0.041
4631.88002,12.247,0.033
4632.84464,12.087,0.034
4633.8619,12.218,0.043
4639.80863,11.73,0.038
4639.82373,11.886,0.035
4641.86269,12.038,0.036
4641.86471,11.966,0.033
4644.79493,12.237,0.037
4644.82423,11.981,0.036
4647.79648,11.631,0.04
4647.81673,11.909,0.036
4650.80526,12.083,0.035
4652.77679,12.109,0.034
4654.81723,11.736,0.048
4656.78458,11.781,0.043
4656.80668,11.896,0.042
4661.75654,11.961,0.033
4661.77591,12.926,0.035
4663.7677,12.038,0.034
4663.7928,11.761,0.036
4665.76785,11.751,0.037
4665.78734,11.884,0.034
4671.75178,12.246,0.035
4671.76956,12.097,0.032
4674.72542,12.24,0.037
4674.755,12.614,0.033
4677.78562,12.18,0.039
4677.81679,11.778,0.043
4681.69917,12.083,0.039
4681.72022,12.206,0.038
4683.74452,11.871,0.037
4683.77339,12.042,0.036
4685.69863,11.89,0.037
4685.72821,11.957,0.036
4687.6957,11.931,0.034
4687.72012,12.098,0.035
4691.66896,12.175,0.039
4691.70665,12.17,0.035
4694.7142,12.067,0.039
4694.71679,12.027,0.041
4698.65582,12.001,0.037
4698.65851,12.847,0.037
4700.66525,12.158,0.033
4702.70068,11.905,0.035
4704.70378,12.125,0.039
4705.65853,11.833,0.034
4706.7242,11.901,0.043
4708.66763,12.228,0.037
4709.65832,12.221,0.037
4710.68186,11.661,0.043
4716.66103,12.258,0.037
4716.66383,12.251,0.036
4720.65074,11.716,0.037
4720.6536,11.736,0.038
4722.67607,12.145,0.043
4722.67981,12.116,0.037
4726.57159,11.727,0.041
4728.62924,12.114,0.037
4729.58711,12.289,0.043
4731.60797,11.739,0.036
4733.67162,11.8,0.036
4734.63803,12.162,0.038
4739.56008,12.19,0.036
4739.57668,12.026,0.034
4744.56209,12.027,0.039
4744.57724,12.14,0.037
4746.57335,12.107,0.034
4746.58402,12.023,0.043
4748.59568,11.837,0.039
4748.59961,11.856,0.036
4754.56509,12.251,0.037
4754.57722,12.101,0.038
4756.6019,11.932,0.039
4757.54327,12.061,0.046
4759.57005,12.049,0.039
4760.53757,11.826,0.035
4762.56646,12.192,0.043
4763.53546,12.157,0.037
4765.56034,11.737,0.038
4766.52065,12.024,0.043
4768.55343,11.925,0.036
4769.51902,11.899,0.033
4771.52056,12.076,0.044
4772.51882,12.235,0.038
4774.52482,12.022,0.033
4775.54086,11.762,0.038
4780.55253,11.896,0.039
4784.53561,11.766,0.043
4785.51716,11.922,0.04
4954.91784,12.177,0.045
4966.9002,12.082,0.045
4967.92214,12.08,0.042
4969.91995,12.187,0.043
4973.88385,12.182,0.05
4974.90264,12.42,0.047
4985.84429,11.813,0.042
4985.8742,11.953,0.039
4987.90386,12.248,0.049
4990.85244,12.125,0.046
4993.8485,11.641,0.045
5013.81655,11.975,0.049
5015.79582,12.013,0.044
5018.85153,12.027,0.047
5018.87117,12.117,0.044
5022.77592,11.713,0.05
5022.79575,12.009,0.047
5024.77771,12.047,0.046
5024.80497,12.145,0.046
5039.71664,12.261,0.048
5039.73638,11.743,0.044
5041.71799,11.773,0.043
5041.72738,11.86,0.042
5048.68381,12.249,0.048
5048.69971,12.147,0.044
5063.7292,11.742,0.048
5063.73175,11.718,0.048
5068.65511,11.828,0.047
5071.62577,11.739,0.045
5075.63259,11.987,0.047
5087.7106,12.032,0.049
5088.61431,11.843,0.046
5092.66508,11.773,0.041
5092.67251,11.856,0.042
5105.5682,11.912,0.045
5105.61831,12.009,0.05
