1873.51738,11.722,0.037
1875.51292,11.085,0.041
1878.51791,12.072,0.044
2008.91083,11.098,0.059
2026.87458,12.088,0.04
2224.51718,12.098,0.054
2233.50862,11.709,0.06
2439.80154,11.794,0.041
2442.79318,12.027,0.049
2445.77656,11.979,0.042
2446.79159,11.936,0.049
2460.69544,11.813,0.034
2464.76038,12.004,0.039
2465.74435,12.099,0.043
2466.73574,12.115,0.04
2467.73716,12.077,0.039
2470.72356,11.188,0.041
2473.72932,12.123,0.045
2486.68986,12.209,0.045
2489.65814,12.052,0.041
2489.68346,11.98,0.038
2490.70426,11.919,0.044
2493.67277,12.255,0.046
2512.59768,11.645,0.045
2512.61882,11.689,0.06
2526.60022,11.912,0.034
2540.63122,12.141,0.038
2540.65393,12.115,0.043
2543.67081,11.576,0.054
2544.63309,11.086,0.039
2545.68709,11.116,0.028
2551.59599,11.045,0.051
2552.66977,11.091,0.046
2552.67971,11.175,0.039
2556.59058,11.765,0.049
2565.57617,11.396,0.047
2566.59309,11.079,0.042
2601.51704,11.587,0.048
2734.91042,11.628,0.038
2735.90849,11.256,0.036
2740.91244,11.971,0.038
2759.90643,12.126,0.051
2760.89979,12.069,0.025
2763.87901,11.751,0.028
2765.83065,11.983,0.043
2765.86339,11.027,0.035
2770.89552,11.894,0.037
2776.83947,12.032,0.039
2776.85719,12.137,0.028
2782.92711,12.144,0.037
2784.86821,11.993,0.037
2786.85396,11.564,0.036
2786.87919,11.619,0.03
2790.87551,12.095,0.036
2790.88462,12.08,0.029
2802.87765,11.222,0.044
2804.82182,12.102,0.039
2810.87243,11.069,0.027
2811.78662,12.083,0.04
2812.80405,12.229,0.039
2816.9038,11.732,0.041
2819.89673,12.119,0.037
2829.787,11.821,0.047
2831.72869,11.807,0.038
2831.75217,11.119,0.029
2832.77665,12.136,0.037
2840.78545,11.969,0.043
2845.80557,11.609,0.035
2845.83545,11.714,0.034
2851.7311,11.756,0.033
2854.63118,12.135,0.036
2854.65465,12.082,0.033
2857.80374,12.171,0.037
2859.67158,11.32,0.028
2860.73519,11.262,0.037
2860.75613,11.413,0.029
2866.70943,11.675,0.032
2867.63861,11.203,0.039
2867.76966,11.635,0.031
2872.6684,11.849,0.04
2872.69749,11.927,0.031
2875.67552,11.193,0.043
2876.83571,11.492,0.029
2877.65996,12.135,0.038
2879.6745,12.012,0.041
2884.64974,12.091,0.035
2886.63724,11.956,0.042
2892.63995,12.153,0.043
2893.73829,12.173,0.038
2895.68942,11.799,0.037
2896.65702,11.452,0.03
2897.70331,11.275,0.039
2898.63524,12.047,0.028
2899.6731,12.08,0.05
2900.62996,12.177,0.026
2902.67914,11.84,0.041
2908.54734,11.865,0.046
2908.60495,11.98,0.029
2910.5673,11.4,0.047
2912.55747,12.075,0.038
2913.67219,12.125,0.042
2922.60623,12.107,0.038
2924.61764,11.84,0.037
2929.61675,12.096,0.036
2931.62001,11.906,0.037
2933.60913,11.427,0.037
2935.60719,12.139,0.036
2937.60834,12.127,0.039
2940.60223,11.519,0.037
2946.53027,11.657,0.036
2948.59989,11.386,0.049
2953.57845,11.987,0.046
2957.58579,12.154,0.038
2965.51581,12.051,0.038
2969.54547,11.537,0.039
2974.52781,12.071,0.039
3106.91062,12.388,0.056
3114.91424,12.204,0.056
3144.90646,12.146,0.044
3153.89373,11.757,0.041
3169.81787,11.28,0.054
3169.84065,11.285,0.037
3177.82615,11.051,0.041
3182.81095,11.773,0.05
3187.8089,12.118,0.037
3189.79291,11.922,0.053
3193.87378,11.497,0.048
3266.58904,12.08,0.038
3268.59474,12.012,0.041
3270.57045,11.335,0.046
3271.62297,11.312,0.034
3275.60893,12.09,0.036
3277.64334,11.771,0.034
3279.55637,12.066,0.041
3279.67961,11.46,0.036
3292.58632,11.708,0.037
3295.55591,12.026,0.034
3298.55051,11.855,0.042
3298.56268,11.87,0.038
3476.91137,11.676,0.036
3480.89832,12.114,0.048
3502.92518,12.055,0.041
3510.88661,12.11,0.046
3512.85458,11.923,0.036
3517.84214,12.131,0.035
3521.8629,11.672,0.04
3524.88127,12.09,0.043
3530.88998,11.218,0.038
3530.89309,11.26,0.034
3538.88988,11.113,0.038
3541.80283,11.888,0.038
3541.81502,12.011,0.037
3541.82405,11.933,0.031
3541.82938,12.108,0.043
3543.84113,11.713,0.041
3543.84338,11.647,0.041
3543.8528,11.738,0.04
3543.85905,11.715,0.034
3549.83984,11.898,0.046
3551.82149,11.485,0.043
3552.8251,11.056,0.042
3555.78847,12.033,0.037
3559.78424,11.03,0.043
3562.76261,12.078,0.04
3562.76624,12.071,0.034
3564.79755,11.795,0.052
3569.7578,12.048,0.037
3569.76836,12.12,0.041
3569.78951,12.126,0.038
3571.7713,11.827,0.039
3571.77622,11.971,0.04
3571.78158,11.951,0.034
3571.78649,11.866,0.039
3577.8064,12.056,0.039
3578.71709,11.856,0.03
3581.87061,11.681,0.039
3582.81285,11.162,0.039
3582.83464,11.073,0.048
3584.8232,12.089,0.043
3584.85347,12.106,0.044
3587.69793,11.302,0.041
3589.80355,11.093,0.045
3591.66633,11.941,0.035
3592.67958,11.934,0.03
3592.69074,11.934,0.042
3596.69359,12.173,0.037
3596.70584,12.07,0.032
3596.7118,12.055,0.046
3597.68902,12.145,0.045
3599.76426,12.094,0.037
3599.76754,12.085,0.031
3599.77019,12.113,0.037
3603.70828,11.103,0.041
3619.59635,12.098,0.044
3619.6169,12.039,0.039
3621.5828,11.804,0.049
3621.60886,11.887,0.037
3621.66149,12.119,0.052
3624.61101,11.094,0.037
3624.63959,11.205,0.035
3624.6729,11.507,0.041
3626.67339,12.23,0.04
3630.61423,11.644,0.045
3630.6166,11.63,0.039
3630.63363,11.694,0.043
3630.7468,11.931,0.036
3632.61984,11.524,0.039
3632.62321,11.429,0.038
3632.63681,11.105,0.04
3634.65338,12.139,0.042
3634.65595,12.183,0.044
3634.66955,12.086,0.044
3637.67435,11.917,0.044
3638.66913,11.667,0.042
3639.73094,11.696,0.043
3642.66834,12.068,0.039
3643.54267,11.915,0.041
3644.71009,12.138,0.048
3649.56328,12.201,0.041
3649.58677,12.132,0.033
3650.66399,12.086,0.039
3651.60649,11.919,0.041
3651.61482,11.958,0.032
3652.62438,11.713,0.047
3652.63287,11.818,0.046
3653.57266,11.222,0.042
3653.58088,11.282,0.05
3654.59404,11.254,0.041
3657.53289,12.025,0.047
3657.54358,12.053,0.039
3658.55415,11.887,0.037
3658.55675,11.867,0.041
3659.5838,11.807,0.042
3659.6068,11.772,0.041
3660.57242,11.456,0.048
3660.57508,11.513,0.049
3661.60422,11.193,0.048
3664.60663,12.02,0.043
3664.60935,12.039,0.045
3666.57966,11.855,0.047
3668.57103,11.228,0.037
3670.52751,12.147,0.038
3670.5569,12.136,0.033
3670.59815,12.093,0.038
3672.5324,12.077,0.045
3672.5814,12.155,0.042
3672.6164,12.107,0.032
3673.55033,11.911,0.042
3675.53321,11.237,0.049
3675.56127,11.391,0.037
3675.62106,11.633,0.051
3678.52264,12.228,0.047
3678.5255,12.192,0.055
3678.55268,12.085,0.042
3678.56358,12.109,0.049
3700.54037,12.203,0.048
3700.54363,12.122,0.04
3700.54645,11.994,0.046
3703.52272,11.808,0.044
3703.53038,11.794,0.05
3703.53365,11.825,0.037
3703.53647,11.757,0.05
3706.52426,12.138,0.047
3706.52756,12.114,0.037
3706.53065,12.129,0.046
3713.53435,11.062,0.038
3718.52444,11.77,0.042
3851.91698,11.778,0.044
3862.90515,12.033,0.037
3867.89683,11.454,0.047
3872.87429,12.026,0.04
3877.7699,12.1,0.056
3877.79826,12.129,0.035
3877.82809,12.117,0.038
3877.85766,12.103,0.035
3877.87774,11.984,0.037
3877.88512,12.115,0.036
3877.91356,12.062,0.034
3879.86905,12.025,0.049
3879.93014,12.112,0.044
3880.74804,11.596,0.036
3880.77682,11.573,0.034
3880.8063,11.664,0.034
3880.83579,11.751,0.035
3880.86512,11.837,0.037
3880.89577,11.885,0.035
3880.92618,11.997,0.036
3882.7694,12.197,0.034
3882.79976,11.399,0.034
3882.82769,11.048,0.038
3882.85962,11.33,0.039
3882.88839,11.409,0.037
3882.90396,11.509,0.039
3882.91575,11.54,0.035
3886.9305,12.085,0.038
3889.87362,11.502,0.038
3892.84887,11.993,0.041
3896.86325,11.558,0.041
3898.81215,12.326,0.049
3901.74699,11.802,0.042
3904.87992,11.529,0.046
3907.82638,12.062,0.051
3909.8025,11.881,0.036
3912.83662,11.08,0.042
3913.82817,12.165,0.046
4229.89512,12.183,0.037
4246.85701,12.102,0.044
4250.87845,11.158,0.046
4250.90707,11.422,0.041
4255.82308,11.746,0.039
4255.85025,11.858,0.039
4268.81968,12.01,0.041
4277.84574,11.872,0.041
4289.81794,12.015,0.057
4291.82057,12.007,0.04
4293.81078,11.578,0.042
4295.87546,11.138,0.039
4297.86099,12.03,0.045
4299.8041,11.911,0.044
4301.76083,11.103,0.046
4303.7609,12.074,0.039
4305.75099,11.971,0.042
4307.72439,11.577,0.039
4309.73418,12.126,0.04
4311.7345,12.082,0.045
4314.7813,11.82,0.039
4329.78384,11.873,0.052
4331.70581,11.884,0.046
4333.67184,12.155,0.036
4336.66876,12.014,0.041
4341.68653,12.174,0.045
4343.68826,11.705,0.05
4345.69004,11.041,0.042
4347.68487,12.187,0.044
4349.68466,12.009,0.052
4351.69485,11.645,0.047
4354.64125,12.036,0.045
4356.67435,12.133,0.039
4358.75075,11.912,0.04
4361.58642,12.129,0.036
4363.60665,12.038,0.039
4365.60914,11.655,0.04
4369.6069,11.985,0.048
4371.62348,12.297,0.043
4371.62681,11.966,0.044
4373.64197,11.679,0.045
4376.63362,12.018,0.039
4378.64521,12.174,0.044
4378.65246,12.059,0.043
4380.69196,11.785,0.042
4382.69252,11.355,0.04
4385.56674,12.012,0.036
4385.56924,11.987,0.038
4387.57223,11.625,0.037
4387.57476,11.619,0.038
4389.55656,11.951,0.042
4389.5591,12.064,0.044
4399.64561,12.185,0.039
4400.59231,12.005,0.043
4403.60616,11.504,0.047
4407.60041,12.339,0.042
4409.54853,11.743,0.052
4409.61463,11.863,0.043
4413.54985,12.17,0.038
4413.57121,12.065,0.04
4426.56603,11.066,0.043
4427.53544,12.178,0.046
4432.547,11.525,0.035
4433.53152,11.047,0.042
4435.54199,12.059,0.036
4436.53512,12.122,0.042
4438.53725,11.92,0.04
4439.53431,11.656,0.048
4441.53102,11.892,0.041
4588.90745,11.167,0.037
4592.89942,12.029,0.038
4596.89921,11.363,0.039
4600.89291,11.902,0.037
4603.90457,11.163,0.038
4609.90297,11.637,0.037
4616.92079,11.808,0.047
4621.88381,12.16,0.04
4626.89267,11.567,0.042
4628.86704,12.155,0.037
4630.86064,11.839,0.044
4632.84742,11.17,0.04
4642.86106,12.159,0.042
4645.80505,11.714,0.039
4647.89423,11.5,0.045
4650.78853,12.08,0.041
4652.83383,11.829,0.037
4654.80057,11.14,0.044
4656.81087,12.11,0.044
4661.73649,11.053,0.045
4663.78654,12.051,0.043
4665.77679,12.057,0.042
4671.78545,12.029,0.035
4674.75084,11.753,0.042
4683.70036,11.062,0.038
4685.71715,12.113,0.042
4687.70682,12.012,0.041
4691.68006,12.061,0.037
4697.70943,11.436,0.041
4701.7007,12.169,0.047
4703.70555,11.75,0.039
4705.78097,11.64,0.049
4708.67648,12.061,0.042
4710.69085,11.861,0.044
4716.64666,12.086,0.041
4721.63482,12.065,0.038
4724.66821,12.14,0.044
4726.7201,11.723,0.037
4729.67307,12.077,0.045
4733.57555,11.256,0.043
4736.67581,12.118,0.038
4739.63113,11.824,0.039
4744.58371,12.219,0.043
4746.59365,11.842,0.04
4754.58638,11.865,0.041
4756.61685,11.369,0.041
4759.584,12.132,0.042
4761.65648,12.111,0.039
4764.58011,11.315,0.032
4764.58277,11.21,0.039
4766.6407,12,0.041
4769.57126,11.79,0.034
4769.5739,11.641,0.04
4770.53949,11.356,0.044
4771.62079,11.404,0.043
4774.53904,12.156,0.034
4774.54277,12.08,0.043
4779.51528,12.061,0.036
4779.5198,12.015,0.043
4783.51622,11.787,0.036
4783.52214,11.827,0.046
4786.52269,12.018,0.044
4792.52829,11.449,0.049
4798.53298,11.802,0.04
4798.53927,11.887,0.043
4801.52534,11.934,0.047
4801.53161,11.677,0.047
4807.53515,11.43,0.041
4946.91795,11.84,0.044
4954.91046,11.722,0.046
4985.83559,11.061,0.043
4990.85005,11.869,0.047
4993.84508,11.885,0.045
5015.80152,12.285,0.047
5018.85702,12.094,0.045
5039.72106,12.135,0.048
5041.70949,11.771,0.047
5047.76312,12.069,0.05
5063.69662,11.775,0.05
5070.78217,12.026,0.046
5082.76734,11.994,0.052
5084.76196,12.09,0.051
5089.66043,12,0.045
5093.71804,11.904,0.048
5111.67281,12.129,0.044
5129.62288,11.891,0.047
5162.53896,12.228,0.045
