1875.53177,9.906,0.038
1998.91027,9.66,0.049
2025.89936,9.694,0.031
2030.91022,9.945,0.031
2032.87235,9.771,0.032
2039.87106,9.878,0.037
2040.83736,9.723,0.042
2052.86278,9.809,0.035
2053.87038,9.719,0.035
2054.92765,9.739,0.038
2055.86815,9.844,0.034
2056.91075,9.746,0.035
2057.86724,9.748,0.032
2061.84681,9.865,0.035
2064.89568,9.971,0.035
2067.76025,9.911,0.04
2068.76377,9.717,0.038
2080.75987,9.762,0.034
2083.75835,9.769,0.046
2085.83975,9.867,0.032
2086.82785,9.797,0.032
2087.81017,9.654,0.038
2088.78268,9.894,0.032
2093.71169,9.664,0.039
2094.72388,9.875,0.035
2103.78596,9.824,0.031
2104.75209,9.92,0.035
2105.74285,9.683,0.033
2106.74771,9.804,0.033
2113.77696,9.932,0.032
2115.67197,9.791,0.033
2116.70854,9.961,0.032
2128.74058,9.811,0.035
2129.68755,9.771,0.035
2130.68682,9.785,0.035
2131.67952,9.876,0.033
2132.68571,9.795,0.033
2133.67744,9.744,0.033
2134.68193,9.782,0.034
2135.67441,9.819,0.038
2136.67394,9.723,0.032
2141.66343,9.864,0.033
2143.66208,9.741,0.033
2144.65287,9.902,0.033
2145.64834,9.722,0.032
2156.63481,9.948,0.038
2167.59379,9.689,0.033
2168.6129,9.929,0.032
2169.63086,9.739,0.03
2171.59502,9.885,0.032
2172.59787,9.769,0.031
2173.5917,9.662,0.032
2175.57934,9.753,0.048
2177.55138,9.85,0.033
2178.56816,9.752,0.03
2183.58642,9.8,0.031
2184.58001,9.852,0.034
2185.5795,9.668,0.034
2189.54785,9.804,0.029
2191.53393,9.69,0.034
2191.56957,9.663,0.03
2193.52838,9.96,0.034
2193.54024,9.948,0.031
2195.52023,9.778,0.034
2195.52765,9.788,0.031
2197.52744,9.682,0.033
2199.51938,9.986,0.033
2199.52456,9.983,0.03
2201.55243,9.722,0.03
2202.52956,10.021,0.043
2203.5216,9.674,0.033
2204.50358,9.736,0.033
2204.52937,9.721,0.03
2211.50393,9.934,0.034
2212.5127,9.713,0.032
2214.51528,9.915,0.032
2214.55122,9.856,0.036
2216.56965,9.705,0.033
2222.56587,9.687,0.036
2237.50983,9.707,0.038
2245.52157,9.927,0.038
2250.51931,9.646,0.037
2443.82515,9.855,0.03
2444.80604,9.782,0.025
2445.78779,9.664,0.026
2446.80058,9.851,0.025
2464.75408,9.745,0.026
2465.75342,9.947,0.028
2466.74706,9.66,0.024
2468.74648,9.972,0.037
2471.79442,10.02,0.03
2473.72066,9.71,0.033
2486.70354,9.978,0.039
2489.67214,9.998,0.034
2490.70004,9.725,0.032
2493.68873,9.712,0.041
2494.68872,9.674,0.033
2495.68744,9.871,0.032
2497.68487,9.718,0.025
2498.67258,9.827,0.026
2502.67898,9.782,0.036
2520.69588,9.892,0.025
2521.70519,9.806,0.026
2524.64689,9.793,0.027
2526.66344,10.112,0.03
2539.67338,9.903,0.037
2540.73758,9.695,0.032
2544.72274,9.735,0.029
2546.58869,9.704,0.028
2554.59865,10.036,0.038
2556.62353,9.698,0.036
2558.57365,9.705,0.023
2559.57722,9.71,0.027
2565.53907,9.731,0.031
2566.5532,10.01,0.03
2601.54736,9.772,0.029
2620.53505,9.691,0.026
2623.54533,9.691,0.032
2628.52403,9.976,0.039
2729.9111,9.684,0.033
2733.91452,9.857,0.032
2736.91383,9.842,0.035
2739.90169,9.81,0.031
2742.90055,9.813,0.034
2757.85736,9.789,0.029
2760.8863,9.772,0.029
2763.86083,9.782,0.028
2765.84234,9.661,0.026
2770.87031,9.913,0.051
2776.82746,9.816,0.034
2784.81422,9.729,0.029
2786.87034,9.839,0.026
2790.87986,9.727,0.027
2802.88475,9.764,0.045
2805.82658,9.77,0.032
2810.86847,9.847,0.027
2812.78743,9.644,0.032
2815.91302,9.631,0.031
2819.82916,9.841,0.027
2826.82641,9.898,0.029
2832.72815,9.916,0.03
2840.84118,9.733,0.033
2845.83355,9.685,0.025
2854.64581,9.684,0.026
2856.87209,9.739,0.031
2859.66184,9.867,0.027
2860.74479,9.772,0.027
2867.66651,9.698,0.025
2874.66185,9.705,0.025
2876.68115,9.717,0.026
2878.67776,9.936,0.034
2880.8036,9.653,0.054
2882.63391,9.73,0.034
2884.66361,9.939,0.026
2884.80971,9.898,0.032
2886.63038,9.683,0.04
2892.77742,9.631,0.039
2894.64137,9.789,0.029
2895.76464,9.645,0.031
2897.77573,9.872,0.029
2899.6591,9.875,0.033
2899.73122,9.827,0.028
2902.70507,9.833,0.031
2905.59051,9.848,0.025
2907.76163,9.674,0.028
2908.7319,9.809,0.031
2909.70282,9.931,0.03
2911.66587,9.794,0.027
2922.60203,9.682,0.029
2924.60609,9.975,0.039
2924.61344,9.942,0.037
2927.60665,9.927,0.03
2929.61254,9.748,0.027
2931.61559,9.726,0.028
2933.60493,9.903,0.028
2935.60298,9.711,0.032
2937.6039,9.75,0.031
2940.59304,9.774,0.029
2942.55861,9.814,0.036
2947.50298,9.71,0.036
2949.58653,9.873,0.032
2951.57763,9.758,0.044
2953.6063,9.711,0.038
2955.61132,9.962,0.039
2957.61033,9.687,0.038
2961.60071,9.971,0.028
2963.61281,9.693,0.031
2964.54826,9.961,0.032
2966.53564,9.661,0.031
2966.56475,9.67,0.03
2968.57492,9.796,0.03
2974.51708,9.782,0.035
2974.52016,9.793,0.033
2976.55768,9.912,0.04
2976.56081,9.896,0.03
2979.56171,9.874,0.035
2982.54298,9.863,0.032
2985.53309,9.852,0.032
2989.52431,9.946,0.039
2989.53277,9.9,0.03
2997.52688,9.775,0.038
3112.92071,9.774,0.046
3124.88457,9.719,0.038
3146.86522,9.722,0.036
3156.86494,9.937,0.04
3166.81758,9.715,0.032
3169.83602,9.746,0.03
3177.81857,9.809,0.037
3183.7957,9.794,0.035
3186.78531,9.773,0.039
3189.7773,9.761,0.034
3193.85092,9.926,0.034
3193.85313,9.931,0.033
3211.89221,9.738,0.03
3211.89456,9.741,0.025
3266.62406,9.768,0.031
3268.622,9.686,0.035
3270.60254,9.739,0.033
3275.59584,9.726,0.037
3277.63215,9.687,0.037
3279.66246,9.909,0.033
3292.56722,9.749,0.045
3295.5386,9.714,0.028
3459.9086,9.718,0.041
3467.90923,9.724,0.045
3472.85574,9.66,0.041
3475.9108,9.687,0.051
3479.9036,9.649,0.038
3483.89113,10.262,0.037
3489.92657,9.896,0.048
3497.90603,9.635,0.04
3509.90551,9.646,0.031
3512.84167,9.66,0.036
3517.8448,9.823,0.029
3521.92046,9.67,0.034
3530.91163,9.716,0.038
3542.82192,9.771,0.038
3544.85255,9.673,0.042
3552.82342,9.659,0.036
3555.78345,9.631,0.035
3559.78239,9.681,0.045
3562.75043,9.654,0.032
3564.80081,9.669,0.03
3568.82583,9.637,0.029
3570.74773,9.674,0.03
3575.77515,9.855,0.032
3577.79867,9.618,0.035
3581.83254,9.747,0.029
3584.70939,9.748,0.048
3586.79339,9.665,0.031
3589.68762,9.632,0.033
3591.7926,9.738,0.041
3603.70099,9.794,0.036
3615.79699,9.715,0.041
3618.61674,9.824,0.037
3620.64649,9.604,0.04
3622.7136,9.755,0.032
3625.72481,9.794,0.04
3630.62579,9.689,0.043
3632.63155,9.592,0.037
3634.6643,9.813,0.034
3637.6683,9.876,0.036
3639.72205,9.654,0.034
3642.6628,9.658,0.031
3644.69983,9.629,0.039
3650.6586,9.651,0.028
3652.62723,9.872,0.036
3658.54877,9.868,0.037
3660.56704,9.653,0.038
3664.60093,9.825,0.042
3666.66088,9.657,0.035
3670.55135,9.749,0.029
3672.60742,9.648,0.034
3675.55547,9.658,0.036
3678.54632,9.668,0.033
3699.54757,9.78,0.037
3702.54167,9.766,0.031
3705.53987,9.81,0.037
3712.52518,9.599,0.035
3714.5515,9.877,0.034
3717.55433,9.913,0.039
3824.90637,9.578,0.045
3828.91204,9.772,0.039
3832.91335,9.86,0.039
3836.90954,9.594,0.042
3850.90098,9.836,0.033
3860.87233,9.653,0.035
3863.88522,9.678,0.031
3866.86599,9.654,0.035
3872.85683,9.754,0.035
3877.86296,9.6,0.031
3882.87155,9.769,0.038
3886.91441,9.604,0.033
3889.86436,9.577,0.031
3892.82365,9.586,0.034
3896.86157,9.807,0.037
3903.87618,9.8,0.034
3906.81972,9.796,0.043
3909.81279,9.833,0.034
3913.84763,9.539,0.041
3981.63123,9.535,0.043
4227.92348,9.888,0.033
4246.87602,9.572,0.046
4250.90548,9.565,0.032
4255.82817,9.97,0.049
4274.86327,9.629,0.05
4277.82773,9.647,0.027
4281.83455,9.709,0.047
4290.80851,9.666,0.031
4297.74849,9.861,0.049
4299.78418,9.621,0.029
4301.75594,9.775,0.035
4303.75915,9.664,0.039
4305.74922,9.614,0.029
4307.72264,9.812,0.03
4309.72742,9.639,0.031
4317.68863,9.564,0.04
4329.71115,9.594,0.034
4331.70373,9.919,0.027
4333.66645,9.633,0.041
4341.67871,9.617,0.035
4343.68121,9.88,0.049
4345.67772,9.659,0.044
4347.67776,9.676,0.032
4351.68312,9.626,0.041
4354.63131,9.62,0.044
4356.66142,9.779,0.032
4358.70405,9.676,0.03
4361.56711,9.748,0.03
4363.60912,9.677,0.029
4368.7367,9.768,0.042
4372.7159,9.797,0.043
4375.71858,9.753,0.039
4378.52748,9.736,0.034
4382.62972,9.617,0.027
4384.63961,9.801,0.032
4386.65741,9.639,0.028
4388.63732,9.582,0.029
4399.55035,9.826,0.05
4404.62103,9.611,0.03
4408.56177,9.922,0.039
4411.58422,9.922,0.035
4423.57548,9.751,0.044
4427.57695,9.689,0.044
4430.57461,9.726,0.04
4433.5462,9.725,0.031
4436.55065,9.796,0.03
4439.54674,9.806,0.028
4443.53851,9.695,0.033
4458.52704,9.704,0.044
4561.9092,9.702,0.032
4565.91542,9.672,0.031
4569.91782,9.796,0.033
4573.90238,9.708,0.029
4577.89145,9.626,0.037
4583.92454,9.621,0.035
4588.88476,9.759,0.03
4592.87116,9.611,0.03
4595.91769,9.603,0.028
4602.88139,9.652,0.044
4609.86279,9.801,0.033
4615.92283,9.722,0.033
4621.87811,9.692,0.04
4628.84794,9.718,0.028
4630.85896,9.658,0.033
4632.84325,9.621,0.032
4642.85443,9.626,0.035
4650.77902,9.7,0.035
4652.82956,9.809,0.029
4654.79889,9.579,0.033
4656.81511,9.648,0.038
4661.71702,9.815,0.034
4663.80103,9.629,0.046
4671.77377,9.738,0.029
4674.74645,9.728,0.035
4680.85627,9.771,0.04
4683.69573,9.76,0.038
4685.71519,9.679,0.037
4687.70045,9.691,0.037
4691.67276,9.667,0.036
4698.69645,9.769,0.035
4700.69657,9.633,0.032
4702.70936,9.685,0.032
4707.64311,9.734,0.039
4709.74616,9.612,0.035
4715.64763,9.627,0.036
4717.71743,9.846,0.031
4724.63276,9.636,0.039
4726.66944,9.87,0.032
4729.64245,9.856,0.037
4734.69738,9.635,0.049
4738.69777,9.811,0.033
4741.60332,9.845,0.031
4743.62498,9.592,0.043
4753.62577,9.746,0.035
4755.66567,9.625,0.036
4758.58872,9.617,0.045
4760.66022,9.784,0.033
4763.58909,9.784,0.036
4765.64828,9.689,0.038
4768.57924,9.698,0.04
4770.65583,9.683,0.037
4773.52645,9.66,0.037
4782.59888,9.717,0.043
4785.55005,9.721,0.03
4797.54474,9.813,0.044
4806.52528,9.975,0.046
4808.56919,9.729,0.049
4815.53989,9.927,0.048
4819.53374,9.688,0.048
4951.88679,9.732,0.048
4962.87457,9.728,0.05
4974.88251,9.717,0.05
4984.91481,9.573,0.051
4990.83543,9.597,0.05
5015.79456,9.68,0.049
5018.85036,9.669,0.049
5030.94064,9.707,0.048
5040.75757,9.54,0.051
5086.72673,9.788,0.04
5088.74342,9.626,0.04
5099.63063,9.921,0.049
5110.67127,9.679,0.048
