1877.51579,9.363,0.034
1888.52328,9.432,0.037
2443.80754,9.717,0.029
2453.7468,9.604,0.037
2470.74339,9.39,0.028
2545.70633,9.508,0.023
2552.69409,9.813,0.027
2625.5248,9.778,0.032
2757.91236,9.662,0.025
2761.90564,9.673,0.027
2764.9175,9.437,0.028
2776.90507,9.353,0.027
2790.91139,9.348,0.022
2808.89258,9.539,0.025
2811.89486,9.319,0.025
2813.83629,9.782,0.032
2818.93081,9.812,0.027
2821.81464,9.403,0.023
2829.81708,9.431,0.022
2831.78347,9.358,0.026
2833.80598,9.601,0.025
2840.87061,9.714,0.026
2851.79196,9.424,0.021
2859.69987,9.389,0.024
2860.84428,9.792,0.028
2862.69222,9.452,0.025
2866.78354,9.424,0.026
2872.72158,9.352,0.021
2875.72538,9.419,0.021
2877.70798,9.803,0.021
2879.77763,9.731,0.023
2884.79269,9.582,0.041
2886.66465,9.769,0.044
2888.69077,9.793,0.025
2893.67333,9.364,0.029
2897.66658,9.722,0.022
2906.68103,9.305,0.021
2908.72572,9.651,0.03
2910.75502,9.346,0.024
2912.59828,9.41,0.021
2916.62207,9.327,0.023
2921.59245,9.622,0.031
2923.58331,9.383,0.029
2926.58187,9.351,0.029
2928.58096,9.746,0.023
2930.57834,9.769,0.025
2932.57665,9.6,0.021
2934.57096,9.408,0.023
2939.57501,9.697,0.022
2943.5419,9.514,0.025
2952.62839,9.496,0.033
2955.54639,9.528,0.025
2957.55787,9.392,0.025
2961.55275,9.664,0.026
2963.56829,9.774,0.028
2965.57235,9.764,0.029
2969.56735,9.367,0.024
2975.53885,9.75,0.03
2978.55367,9.542,0.032
2987.5304,9.7,0.025
3154.90191,9.747,0.034
3166.92166,9.791,0.038
3169.88559,9.357,0.041
3177.86867,9.597,0.04
3180.8541,9.322,0.033
3189.83808,9.466,0.033
3193.90081,9.382,0.035
3271.63169,9.583,0.026
3280.70332,9.455,0.036
3290.60635,9.796,0.025
3294.60659,9.511,0.022
3326.53241,9.458,0.036
3510.92702,9.367,0.027
3522.86136,9.779,0.038
3525.898,9.743,0.037
3529.86478,9.321,0.035
3538.93036,9.746,0.037
3541.84952,9.343,0.032
3544.81717,9.795,0.034
3550.85526,9.413,0.044
3553.82408,9.658,0.045
3556.80485,9.701,0.026
3562.79975,9.346,0.033
3564.86989,9.295,0.031
3569.8132,9.641,0.029
3571.81177,9.411,0.032
3576.80274,9.767,0.031
3579.84904,9.772,0.028
3583.78357,9.324,0.029
3585.86139,9.386,0.048
3590.8712,9.672,0.037
3619.63906,9.611,0.041
3621.70432,9.669,0.039
3624.69414,9.379,0.026
3626.69021,9.348,0.028
3631.65412,9.644,0.039
3633.66919,9.517,0.033
3638.75185,9.395,0.028
3641.69276,9.802,0.031
3644.5727,9.312,0.041
3647.67068,9.314,0.026
3650.55134,9.59,0.036
3652.57539,9.531,0.038
3654.5762,9.291,0.036
3659.56896,9.812,0.038
3661.58948,9.79,0.039
3663.59444,9.615,0.039
3665.61086,9.537,0.035
3669.58512,9.505,0.027
3671.62769,9.525,0.027
3673.6391,9.757,0.031
3676.56975,9.382,0.033
3678.63946,9.526,0.035
3701.53242,9.371,0.051
3704.53117,9.874,0.041
3707.52682,9.575,0.031
3713.54041,9.427,0.038
3717.53511,9.769,0.04
3859.91543,9.711,0.047
3863.91134,9.648,0.031
3867.90587,9.303,0.033
3870.90388,9.74,0.036
3874.91754,9.734,0.031
3880.93342,9.321,0.036
3887.91679,9.559,0.031
3893.88733,9.761,0.03
3900.88609,9.328,0.04
3907.84898,9.57,0.031
3912.86157,9.325,0.032
4234.91056,9.628,0.031
4250.93426,9.345,0.033
4255.86768,9.646,0.036
4268.84432,9.408,0.038
4278.78225,9.321,0.027
4284.79543,9.787,0.033
4289.86043,9.686,0.035
4291.87013,9.536,0.027
4296.82269,9.745,0.044
4298.8657,9.772,0.043
4300.82695,9.565,0.042
4302.83442,9.431,0.042
4304.75962,9.715,0.035
4308.76394,9.696,0.047
4310.782,9.546,0.035
4316.69798,9.696,0.035
4329.78625,9.767,0.036
4331.73468,9.56,0.026
4333.69145,9.466,0.044
4336.7023,9.692,0.035
4344.70842,9.299,0.047
4346.70318,9.381,0.03
4348.71074,9.667,0.034
4350.76571,9.684,0.04
4353.63224,9.307,0.025
4355.70258,9.345,0.028
4358.6165,9.761,0.028
4362.70211,9.77,0.027
4364.64874,9.368,0.028
4369.63339,9.796,0.041
4371.65407,9.713,0.037
4373.66758,9.672,0.035
4376.65915,9.349,0.029
4378.68233,9.269,0.04
4380.71369,9.318,0.036
4383.58142,9.48,0.027
4387.6345,9.348,0.027
4389.6012,9.645,0.033
4400.59543,9.633,0.041
4403.6135,9.814,0.029
4407.61083,9.489,0.032
4409.62642,9.427,0.034
4413.5745,9.769,0.03
4420.5524,9.338,0.04
4427.53864,9.524,0.047
4433.53471,9.739,0.03
4436.53837,9.755,0.032
4439.53754,9.464,0.034
4443.53222,9.452,0.033
4589.91743,9.681,0.032
4593.91733,9.676,0.028
4597.91508,9.306,0.029
4601.89757,9.786,0.03
4610.88572,9.513,0.032
4617.90264,9.53,0.033
4621.91671,9.293,0.035
4627.87189,9.55,0.036
4630.83862,9.335,0.028
4632.89767,9.332,0.032
4643.87758,9.347,0.036
4646.82416,9.789,0.045
4649.81413,9.433,0.04
4656.84198,9.783,0.031
4661.79068,9.317,0.031
4663.8362,9.299,0.042
4665.81892,9.527,0.037
4672.79305,9.375,0.031
4675.80031,9.345,0.027
4681.74785,9.385,0.033
4683.7951,9.417,0.031
4685.7532,9.469,0.035
4687.74423,9.783,0.038
4691.71253,9.394,0.033
4697.73422,9.737,0.032
4701.72687,9.61,0.028
4703.73661,9.45,0.03
4705.82311,9.638,0.041
4708.70241,9.77,0.033
4710.7153,9.816,0.047
4716.67497,9.395,0.031
4725.65451,9.338,0.043
4728.62744,9.792,0.038
4730.6667,9.828,0.03
4733.66982,9.607,0.031
4738.73736,9.456,0.028
4741.63593,9.758,0.031
4743.65523,9.693,0.044
4747.61119,9.38,0.043
4754.61064,9.584,0.037
4756.63812,9.489,0.037
4759.59703,9.471,0.039
4764.59216,9.645,0.03
4766.65069,9.701,0.04
4769.57977,9.327,0.036
4771.62664,9.322,0.036
4774.54696,9.631,0.033
4780.53622,9.565,0.04
4783.61606,9.445,0.046
4786.56202,9.6,0.032
4792.55989,9.44,0.049
4795.57495,9.786,0.044
4798.55526,9.581,0.038
4801.54065,9.372,0.032
4807.54121,9.763,0.046
4973.90927,9.776,0.047
4985.86365,9.635,0.045
4991.86487,9.367,0.046
4994.87696,9.769,0.051
5013.82016,9.569,0.045
5021.79535,9.312,0.046
5039.73969,9.494,0.045
5041.73507,9.304,0.048
5047.79465,9.686,0.047
5056.79122,9.313,0.047
5063.72333,9.349,0.043
5068.69404,9.788,0.052
5070.81395,9.423,0.051
5088.66433,9.751,0.053
5092.69546,9.752,0.046
5116.56889,9.341,0.053
