1869.53616,12.914,0.06
1870.53458,12.864,0.057
1872.55053,13.054,0.05
1873.53634,12.887,0.073
1874.56398,12.831,0.07
1876.52892,12.879,0.063
1876.57504,12.997,0.067
1878.56915,12.853,0.053
1880.54988,12.962,0.063
1884.54463,12.986,0.064
1885.57408,12.876,0.053
1887.53296,12.855,0.053
1888.54198,12.903,0.046
1903.5295,13.049,0.046
1907.52837,13.089,0.062
1907.53525,12.945,0.048
1919.5267,13.001,0.054
1920.52716,12.738,0.063
1923.52571,13.177,0.058
2009.89494,13.07,0.055
2016.88545,12.921,0.056
2018.87492,12.604,0.06
2025.86879,12.938,0.046
2030.89376,12.977,0.047
2032.85325,12.967,0.046
2039.83673,12.932,0.055
2039.86121,12.8,0.087
2040.82216,12.944,0.085
2052.83917,12.775,0.045
2052.85241,12.891,0.05
2053.85767,12.789,0.056
2053.88284,12.807,0.063
2054.93555,12.779,0.045
2054.94198,13.064,0.085
2055.85565,12.846,0.063
2055.87791,12.925,0.069
2057.80371,12.904,0.049
2057.8614,12.815,0.066
2061.82604,12.956,0.074
2061.85872,12.909,0.062
2064.90306,12.977,0.07
2067.78096,12.823,0.072
2068.7684,12.814,0.071
2069.74907,12.97,0.067
2070.76629,12.93,0.061
2080.73671,12.89,0.064
2080.75704,12.909,0.065
2081.84614,12.926,0.058
2083.75307,13.079,0.067
2085.832,12.764,0.057
2085.89389,13.015,0.053
2086.8314,12.888,0.044
2087.73536,13.085,0.06
2088.77944,13.052,0.051
2093.69678,12.998,0.07
2093.72411,12.944,0.075
2094.70131,13.076,0.069
2094.72722,13.143,0.061
2096.67828,12.943,0.072
2096.70156,13.043,0.081
2103.81405,12.943,0.052
2104.7433,12.914,0.063
2106.7572,13.032,0.059
2113.78349,12.797,0.059
2115.72607,12.537,0.044
2116.70817,12.817,0.045
2117.69956,12.777,0.049
2128.66283,12.684,0.053
2128.68144,12.683,0.06
2129.67083,12.665,0.046
2129.69623,12.722,0.041
2130.6746,12.604,0.047
2130.69546,12.681,0.052
2131.66948,12.716,0.046
2131.68806,12.667,0.054
2132.67112,12.684,0.044
2132.69203,12.673,0.051
2133.6651,12.709,0.043
2133.68595,12.682,0.039
2135.66422,12.754,0.052
2136.68015,12.586,0.049
2141.65087,12.826,0.05
2143.64647,12.672,0.049
2143.7104,12.761,0.055
2144.64019,12.764,0.049
2156.64749,12.796,0.052
2167.60646,12.766,0.037
2168.6301,12.806,0.038
2169.64364,12.686,0.041
2171.60774,12.767,0.036
2172.61286,12.741,0.038
2173.61127,12.769,0.041
2174.60959,12.771,0.046
2175.59209,12.813,0.048
2178.58318,12.749,0.033
2179.56993,12.837,0.059
2180.5756,12.726,0.046
2183.56702,12.688,0.046
2184.59059,12.669,0.044
2185.59691,12.601,0.039
2189.56544,12.593,0.036
2190.63786,12.714,0.042
2191.59643,12.671,0.047
2192.57754,12.616,0.039
2193.57877,12.56,0.037
2194.57643,12.627,0.035
2195.57642,12.616,0.043
2196.57427,12.623,0.042
2197.57516,12.613,0.04
2198.57184,12.577,0.038
2199.5655,12.679,0.038
2201.55451,12.637,0.037
2202.56635,12.646,0.054
2203.55596,12.647,0.045
2204.54386,12.679,0.042
2205.54298,12.505,0.045
2206.54568,12.726,0.037
2207.54166,12.684,0.05
2213.5285,12.683,0.046
2215.52714,12.743,0.056
2217.5228,12.786,0.055
2219.55944,12.798,0.044
2222.55109,12.778,0.046
2225.54611,12.754,0.05
2227.5384,12.723,0.042
2232.54861,12.696,0.04
2234.5288,12.712,0.039
2236.53686,12.517,0.05
2241.57117,12.419,0.048
2243.57874,12.437,0.054
2251.55631,12.313,0.054
2254.54183,12.44,0.047
2257.54045,12.23,0.051
2440.79826,12.751,0.045
2443.84081,12.813,0.04
2446.81243,12.962,0.042
2453.71428,12.599,0.057
2453.72122,12.533,0.06
2460.69229,12.891,0.032
2464.73858,12.872,0.053
2465.76323,13.327,0.039
2466.76135,13.23,0.041
2468.73074,13.029,0.053
2468.756,13.17,0.043
2470.71771,13.223,0.04
2473.71155,13.155,0.045
2487.69795,12.871,0.057
2498.68348,12.846,0.052
2501.68291,12.678,0.04
2502.68522,12.726,0.046
2508.75087,12.826,0.049
2520.73751,12.711,0.063
2521.69907,12.676,0.049
2521.77541,12.73,0.057
2524.65224,12.837,0.054
2526.72159,12.652,0.051
2539.71789,12.919,0.051
2539.72098,12.77,0.048
2540.81751,12.882,0.055
2540.8206,12.632,0.055
2544.76928,12.889,0.037
2546.59534,12.932,0.043
2548.60855,12.926,0.048
2552.7515,13.009,0.044
2553.8031,12.783,0.05
2558.58725,13.023,0.045
2559.58584,12.945,0.037
2560.56978,12.915,0.046
2560.59115,12.907,0.039
2561.5725,12.897,0.051
2561.58933,12.958,0.05
2562.60444,12.907,0.033
2563.62075,12.808,0.045
2564.61077,12.957,0.047
2564.62754,12.835,0.042
2565.63642,12.735,0.045
2565.65321,12.787,0.04
2566.64677,12.69,0.047
2566.66353,12.623,0.044
2577.72276,12.425,0.064
2577.73997,12.48,0.058
2579.51064,12.534,0.067
2601.56677,12.654,0.048
2620.53952,12.666,0.059
2622.56689,12.55,0.059
2622.56929,12.662,0.046
2625.57412,12.662,0.044
2628.53872,12.897,0.048
2628.57849,12.675,0.05
2634.53814,12.688,0.051
2634.54037,12.615,0.033
2636.56717,12.688,0.042
2636.56937,13.806,0.032
2638.58129,12.71,0.038
2639.54414,12.653,0.049
2640.58404,12.618,0.036
2641.55153,12.621,0.043
2644.53057,12.532,0.049
2645.53507,12.512,0.037
2646.53299,12.448,0.048
2647.5398,12.59,0.041
2650.55078,12.506,0.045
2651.52628,12.358,0.052
2655.53551,12.54,0.036
2659.5306,12.503,0.034
2713.90897,12.523,0.041
2722.90401,12.51,0.042
2722.91058,12.545,0.035
2726.90076,12.487,0.036
2728.89639,12.38,0.05
2730.90219,12.578,0.036
2732.90025,12.586,0.043
2734.89891,12.666,0.038
2737.896,12.751,0.042
2740.90084,12.714,0.042
2743.89409,12.648,0.034
2744.87638,12.617,0.042
2751.85847,12.734,0.039
2754.91159,12.598,0.042
2755.86522,12.768,0.031
2756.92028,12.707,0.041
2758.87709,12.768,0.033
2759.89288,12.64,0.048
2761.86158,12.679,0.04
2763.87733,12.467,0.041
2764.85888,12.63,0.036
2770.85347,12.466,0.034
2776.79824,12.345,0.043
2776.82416,12.443,0.034
2783.78896,12.251,0.041
2785.8716,12.255,0.05
2787.84445,12.279,0.041
2787.86101,12.263,0.033
2805.84834,12.643,0.034
2808.87542,12.853,0.041
2809.77393,12.87,0.033
2810.78719,12.798,0.046
2813.80562,12.855,0.043
2818.88369,12.787,0.034
2821.79582,12.829,0.037
2821.8492,12.823,0.045
2829.8317,12.603,0.034
2832.85296,12.617,0.032
2839.81877,12.229,0.041
2841.75392,12.408,0.034
2851.78597,12.472,0.03
2854.64106,12.478,0.027
2856.86368,12.491,0.041
2859.67154,12.708,0.032
2860.72752,12.589,0.037
2860.77048,12.543,0.03
2861.82247,12.631,0.036
2866.71578,12.889,0.049
2866.74781,13.14,0.039
2867.77095,12.83,0.049
2871.80745,12.975,0.04
2871.81043,12.882,0.037
2874.64828,12.926,0.039
2876.70188,13.198,0.041
2879.64495,13.094,0.039
2884.66705,13.079,0.044
2884.67929,13.208,0.036
2886.61506,13.213,0.041
2886.6501,13.035,0.033
2888.68529,13.134,0.034
2892.65279,12.857,0.052
2892.68706,12.534,0.039
2893.74802,12.819,0.047
2893.79115,12.82,0.042
2894.85653,12.723,0.042
2894.86753,12.861,0.037
2896.66984,12.752,0.033
2898.63584,12.643,0.043
2898.65044,12.648,0.035
2900.64958,12.632,0.044
2902.77799,12.459,0.054
2905.59122,12.504,0.038
2905.61084,12.742,0.03
2907.76238,12.568,0.044
2907.77911,12.515,0.053
2909.70358,12.585,0.04
2911.66665,12.622,0.043
2911.68342,12.697,0.035
2915.57056,12.641,0.041
2915.57881,12.733,0.036
2916.6272,12.766,0.043
2916.63771,12.667,0.035
2918.63835,12.762,0.043
2921.67545,12.945,0.041
2923.6608,12.873,0.042
2923.67524,12.911,0.038
2926.65676,12.888,0.042
2926.67651,13.101,0.035
2930.653,13.021,0.042
2930.66578,13.037,0.037
2932.64588,13.146,0.042
2932.65804,13.148,0.035
2934.65145,13.085,0.038
2939.66785,13.157,0.048
2942.72606,13.097,0.044
2942.73864,13.251,0.037
2944.56727,13.203,0.043
2944.5793,13.16,0.037
2945.60882,13.2,0.048
2947.6139,12.973,0.044
2947.62427,13.154,0.035
2949.65243,13.042,0.032
2951.65137,12.909,0.042
2955.68557,13.003,0.034
2961.67688,12.927,0.039
2963.6522,13.018,0.043
2964.53793,13.058,0.04
2966.54426,13.084,0.04
2966.55711,12.988,0.036
2968.56741,13.052,0.034
2970.55585,12.953,0.041
2970.5636,12.954,0.035
2972.56365,13.075,0.045
2972.57642,13.076,0.035
2974.57429,13.042,0.044
2974.6001,13.172,0.035
2976.60748,12.969,0.039
2978.61345,12.896,0.043
2978.62633,12.915,0.037
2983.55311,12.962,0.035
2985.56962,12.928,0.032
2985.59263,12.966,0.039
2987.59544,12.904,0.035
2987.60559,12.916,0.044
2990.59507,12.858,0.044
2992.60046,12.929,0.034
2993.56881,12.993,0.04
2996.56441,12.789,0.039
2998.57092,12.98,0.04
3000.58305,12.974,0.034
3001.55806,12.981,0.046
3007.56271,12.776,0.037
3010.53222,12.746,0.044
3011.55312,12.799,0.037
3013.56264,12.679,0.034
3018.52941,12.784,0.038
3109.89813,12.339,0.038
3124.87329,12.932,0.034
3131.88326,12.856,0.035
3133.90141,12.783,0.037
3152.93619,12.799,0.045
3154.80805,12.868,0.032
3158.84202,12.634,0.051
3162.87287,12.449,0.042
3166.8381,12.553,0.032
3169.85461,12.607,0.035
3177.80006,12.556,0.049
3179.89646,12.563,0.046
3180.84217,12.561,0.038
3182.85164,12.512,0.039
3183.81287,12.46,0.046
3186.81771,12.526,0.034
3189.81307,12.594,0.036
3191.8978,12.432,0.067
3211.9031,12.544,0.036
3276.71685,12.354,0.042
3357.55413,12.463,0.075
3363.60495,12.62,0.038
3367.59779,12.686,0.049
3385.53834,12.898,0.034
3390.52971,12.787,0.052
3458.91413,12.795,0.047
3467.91803,12.624,0.044
3471.91703,12.71,0.04
3475.90692,12.514,0.077
3479.89463,12.731,0.056
3483.88249,12.582,0.076
3497.88543,12.76,0.049
3506.92132,12.579,0.044
3510.86125,12.57,0.039
3517.85234,12.475,0.073
3521.8996,12.42,0.069
3538.9082,12.519,0.043
3541.83694,12.586,0.042
3544.79795,12.633,0.038
3547.87746,12.646,0.049
3551.87305,12.796,0.06
3554.85358,12.945,0.043
3558.81223,12.86,0.052
3561.77562,12.841,0.06
3563.83002,12.958,0.038
3568.82989,12.682,0.05
3575.80235,12.481,0.041
3577.86231,12.399,0.037
3581.86246,12.299,0.039
3584.72227,12.23,0.056
3586.80656,12.336,0.044
3589.7069,12.388,0.04
3591.80218,12.469,0.042
3595.72211,12.505,0.055
3602.74697,12.632,0.039
3615.80644,12.726,0.044
3618.62676,12.844,0.052
3620.68786,12.902,0.05
3622.74239,12.869,0.035
3628.67182,12.627,0.041
3630.71665,12.775,0.039
3632.74256,12.613,0.039
3637.78569,12.455,0.036
3640.73908,12.394,0.033
3643.55494,12.492,0.043
3646.63193,12.491,0.041
3651.53918,12.438,0.042
3653.58658,12.437,0.041
3655.58744,12.465,0.051
3657.63003,12.45,0.037
3659.66771,12.472,0.033
3661.69493,12.391,0.039
3663.71058,12.541,0.038
3665.7747,12.674,0.036
3669.67873,12.595,0.032
3672.54441,12.648,0.042
3674.64259,12.734,0.038
3676.71589,12.811,0.034
3699.65951,12.342,0.039
3702.58687,12.348,0.044
3705.58313,12.4,0.044
3708.56734,12.36,0.041
3712.56037,12.471,0.052
3714.57952,12.521,0.035
3716.61456,12.558,0.037
3719.61136,12.629,0.046
3722.56725,12.842,0.041
3725.58113,12.656,0.041
3728.56797,12.683,0.045
3732.56689,12.708,0.039
3735.58321,12.974,0.04
3738.5524,12.748,0.037
3748.55605,12.754,0.058
3754.53834,12.58,0.058
3818.91141,12.342,0.05
3822.91471,12.397,0.082
3827.91524,12.366,0.078
3831.91567,12.279,0.056
3835.90536,12.48,0.044
3849.92149,12.885,0.052
3853.90232,12.934,0.049
3861.91056,12.886,0.042
3865.86303,12.976,0.079
3868.89228,12.821,0.059
3871.86584,13.051,0.044
3875.92111,12.851,0.044
3883.89467,12.677,0.058
3887.8824,12.776,0.045
3893.86993,12.76,0.039
3900.84966,12.571,0.043
3903.83442,12.808,0.05
3906.82845,12.769,0.05
3909.82545,12.627,0.045
3913.87053,12.805,0.048
4084.55585,12.654,0.055
4087.56756,12.54,0.058
4087.58128,12.701,0.057
4103.56818,12.562,0.061
4106.56587,12.712,0.088
4111.53551,12.429,0.049
4191.90967,12.645,0.051
4196.91382,12.5,0.063
4204.92053,12.503,0.041
4228.83237,12.405,0.048
4231.88139,12.407,0.037
4234.89,12.519,0.052
4246.82961,12.66,0.035
4250.93069,12.715,0.033
4255.84074,12.929,0.038
4258.89737,12.749,0.036
4268.81292,12.828,0.034
4278.82413,12.449,0.035
4282.7364,12.539,0.042
4284.78541,12.41,0.045
4290.82037,12.399,0.042
4292.84355,12.384,0.073
4299.81841,12.341,0.03
4301.77188,12.38,0.04
4303.77882,12.515,0.035
4305.77279,12.466,0.042
4307.74088,12.523,0.046
4309.73914,12.582,0.034
4311.74486,12.657,0.034
4314.78818,12.65,0.035
4329.7434,12.72,0.038
4331.72895,12.816,0.038
4333.69227,12.694,0.032
4336.69057,12.553,0.035
4338.76263,12.593,0.04
4340.75015,12.825,0.042
4342.75357,12.645,0.036
4344.75907,12.724,0.054
4346.75715,12.816,0.046
4348.76243,12.704,0.048
4350.83316,12.775,0.042
4353.6208,12.799,0.031
4355.69355,12.975,0.031
4357.80157,12.771,0.039
4359.84832,12.773,0.052
4362.59457,12.935,0.033
4364.63407,12.875,0.031
4366.82318,12.746,0.033
4368.68205,12.822,0.034
4372.69264,12.746,0.034
4375.68946,12.732,0.034
4377.74593,12.641,0.06
4379.82466,12.789,0.037
4382.56764,12.76,0.034
4384.59743,12.726,0.039
4386.62774,12.782,0.038
4388.60454,12.548,0.038
4392.57769,12.522,0.034
4398.71555,12.468,0.058
4403.70799,12.532,0.051
4407.70194,12.542,0.047
4410.59621,12.448,0.043
4413.63643,13.436,0.048
4419.60513,12.583,0.041
4422.58766,12.655,0.042
4426.58862,12.676,0.061
4428.63928,13.041,0.046
4431.55239,12.967,0.039
4433.62615,12.875,0.04
4441.58179,12.904,0.052
4444.5874,12.933,0.036
4452.60861,12.714,0.042
4455.59181,13.039,0.041
4458.57226,12.645,0.04
4461.57157,12.559,0.039
4464.56796,12.507,0.039
4470.56044,13.814,0.053
4477.54147,12.633,0.041
4482.52987,12.6,0.046
4546.91094,12.815,0.073
4552.9117,12.962,0.041
4560.91584,12.907,0.037
4564.91736,12.755,0.041
4568.90796,12.944,0.064
4572.90121,12.707,0.04
4576.88925,12.655,0.041
4585.89584,12.561,0.046
4589.86785,12.581,0.041
4593.86344,12.626,0.035
4597.86157,12.624,0.032
4600.90098,12.658,0.039
4603.89966,12.544,0.033
4609.86702,12.737,0.033
4611.89147,12.658,0.033
4617.8307,12.819,0.045
4621.92208,12.856,0.042
4624.88257,12.845,0.06
4627.84904,12.96,0.037
4632.7865,12.949,0.035
4638.89771,13.017,0.034
4641.81863,12.86,0.032
4643.88444,12.966,0.036
4646.80771,12.925,0.044
4649.79491,12.796,0.05
4657.77596,12.808,0.068
4661.76295,12.814,0.039
4663.82574,12.681,0.035
4665.82152,12.603,0.035
4671.8115,12.733,0.035
4674.77974,12.728,0.04
4677.83991,12.876,0.079
4685.75801,12.668,0.036
4691.6991,12.663,0.032
4694.73989,12.517,0.032
4697.81909,12.698,0.039
4701.83895,12.662,0.03
4704.64906,12.669,0.035
4709.68025,12.761,0.047
4715.68575,12.692,0.04
4720.80867,12.648,0.061
4722.79811,12.787,0.043
4725.76217,12.713,0.034
4728.70887,12.797,0.038
4730.7708,12.72,0.046
4733.83677,12.725,0.047
4740.62005,12.783,0.034
4744.63851,12.615,0.034
4746.65291,12.965,0.036
4748.63576,12.701,0.035
4750.7253,12.662,0.041
4752.79035,12.687,0.043
4755.55658,12.863,0.051
4757.60626,12.596,0.072
4761.76877,12.778,0.059
4764.61589,12.68,0.035
4766.72026,12.844,0.043
4769.60036,12.592,0.039
4773.67796,12.544,0.058
4775.71758,12.609,0.038
4777.6827,12.598,0.04
4779.69503,12.553,0.069
4783.58453,12.556,0.042
4785.64632,12.503,0.045
4797.59928,12.681,0.046
4802.56736,12.82,0.061
4804.59179,12.724,0.047
4806.65642,12.742,0.054
4809.57586,12.777,0.079
4815.56538,12.733,0.061
4818.58453,13.201,0.074
4821.56378,12.896,0.043
4824.5649,12.856,0.067
4827.5656,12.874,0.053
4830.56604,12.91,0.066
4833.56735,12.827,0.05
4836.56551,12.802,0.066
4840.56098,12.704,0.04
4844.53817,12.742,0.046
4847.53765,12.698,0.043
4851.52942,12.602,0.068
4948.89165,12.527,0.07
4952.87627,12.651,0.057
4961.91147,12.512,0.044
4969.85278,12.756,0.042
4973.85316,12.689,0.061
4985.81071,12.518,0.045
4987.89298,12.627,0.043
4990.87207,12.5,0.045
4993.88109,12.611,0.038
5008.86798,12.963,0.053
5012.82566,13.052,0.059
5019.87847,12.852,0.049
5021.84823,12.756,0.039
5023.86203,12.763,0.039
5040.79143,12.547,0.039
5047.77724,12.515,0.046
5049.7731,12.673,0.041
5070.65942,12.691,0.043
5083.73283,12.645,0.052
5085.79701,12.799,0.038
5088.6053,12.832,0.039
5092.69782,12.731,0.037
5097.64603,12.655,0.042
5099.64795,12.593,0.042
5122.62665,12.8,0.047
5129.64225,12.754,0.044
5131.66744,12.689,0.069
5144.69733,12.885,0.042
5156.58682,12.82,0.045
5164.66076,12.399,0.07
