1872.52965,10.55,0.033
1875.53531,10.838,0.034
1878.53213,10.771,0.031
1887.52973,10.567,0.036
2026.89482,10.536,0.047
2040.91642,10.829,0.045
2225.56256,10.603,0.036
2439.83901,11.427,0.03
2445.81847,10.532,0.033
2446.83016,10.62,0.038
2464.79997,10.778,0.029
2465.7795,10.552,0.033
2466.77551,10.793,0.03
2467.7769,10.531,0.029
2468.79256,10.648,0.035
2470.75906,10.593,0.034
2473.76532,11.184,0.037
2486.72764,10.6,0.041
2489.70848,10.541,0.032
2490.74442,10.662,0.034
2493.71752,10.822,0.046
2495.71179,10.88,0.039
2497.707,10.675,0.036
2498.69932,10.644,0.033
2499.70077,10.539,0.033
2500.67398,10.703,0.038
2501.69445,10.528,0.032
2545.66205,10.545,0.031
2552.66856,11.186,0.035
2621.5419,10.565,0.036
2627.5298,10.602,0.033
2757.91027,10.688,0.033
2760.91778,10.832,0.032
2763.90903,10.654,0.035
2765.88876,10.743,0.033
2776.8798,10.517,0.033
2787.90805,10.985,0.032
2802.9089,11.227,0.04
2811.89066,10.534,0.031
2813.82416,10.528,0.038
2818.91457,10.56,0.031
2821.82003,11.006,0.031
2829.83446,10.795,0.032
2831.77924,11.246,0.03
2833.80182,10.62,0.031
2835.72682,10.872,0.031
2838.82382,10.571,0.032
2840.88253,10.568,0.032
2845.85601,10.561,0.028
2851.79002,11.128,0.03
2854.67988,10.576,0.03
2859.69329,10.558,0.03
2860.8052,10.54,0.03
2862.69025,10.72,0.032
2866.77461,10.648,0.042
2872.71956,10.606,0.03
2875.72335,11.726,0.031
2877.70101,10.7,0.031
2879.76448,10.54,0.032
2883.66643,10.521,0.03
2884.81461,10.833,0.031
2886.71186,10.523,0.025
2888.67196,10.553,0.032
2893.67121,10.538,0.032
2894.69121,10.622,0.029
2895.64783,10.582,0.03
2896.78305,10.588,0.034
2898.65629,10.53,0.031
2900.63947,10.56,0.03
2908.60991,10.925,0.031
2910.66921,10.564,0.03
2912.59604,10.552,0.031
2916.61518,10.749,0.033
2921.58994,10.85,0.033
2922.71386,10.81,0.034
2926.53691,10.587,0.032
2928.55661,11.362,0.036
2930.55834,10.577,0.031
2932.55664,10.56,0.032
2934.55408,10.547,0.037
2939.56305,10.569,0.032
2943.53948,11.393,0.032
2951.54719,10.587,0.048
2952.62578,10.544,0.043
2954.63045,10.811,0.033
2955.59391,10.57,0.025
2958.62223,10.66,0.031
2963.55521,11.44,0.032
2965.56214,10.671,0.03
2969.56471,10.536,0.031
2977.57417,10.545,0.033
2980.56599,10.677,0.034
2983.53915,10.774,0.034
2985.55553,10.765,0.032
2989.54183,10.522,0.03
2996.52808,10.511,0.033
3146.92763,10.54,0.035
3154.9264,10.548,0.03
3166.91944,10.521,0.035
3169.87579,10.913,0.033
3180.83917,10.549,0.044
3183.83979,10.532,0.033
3189.82911,11.064,0.032
3193.8807,10.51,0.034
3271.6291,10.793,0.034
3276.63409,10.765,0.041
3278.66956,10.494,0.035
3280.68457,10.558,0.033
3290.58684,10.56,0.03
3294.58966,10.577,0.033
3296.62241,11.324,0.029
3358.54476,10.612,0.031
3362.5477,10.613,0.039
3522.90188,11.647,0.037
3525.89212,10.761,0.03
3528.878,10.524,0.041
3538.88442,10.524,0.034
3541.85265,10.672,0.032
3544.82022,10.706,0.033
3550.84797,10.537,0.034
3553.81591,10.594,0.029
3556.80256,11.654,0.031
3562.79167,10.538,0.043
3564.82027,10.631,0.032
3569.80821,10.559,0.031
3571.80199,11.286,0.032
3579.84674,10.659,0.037
3585.84387,10.528,0.033
3590.8836,10.553,0.039
3595.71773,11.541,0.042
3616.67641,10.552,0.033
3618.81607,10.885,0.038
3621.6289,10.658,0.036
3624.66145,11.227,0.032
3626.66508,10.576,0.031
3631.65089,10.612,0.038
3633.66568,10.534,0.033
3638.74533,10.557,0.032
3647.60327,10.519,0.029
3651.67213,10.566,0.036
3653.60885,10.67,0.04
3659.56642,10.553,0.036
3661.58692,10.748,0.037
3663.59166,10.95,0.036
3665.6016,10.595,0.037
3668.68733,10.559,0.031
3671.56192,10.601,0.031
3673.62716,10.667,0.032
3676.55815,10.572,0.032
3678.63674,10.602,0.035
3701.52883,10.631,0.039
3704.52745,10.606,0.042
3707.52386,10.804,0.031
3713.53754,10.638,0.033
3716.55417,10.565,0.034
3720.53288,10.847,0.04
3852.91594,10.668,0.036
3858.91763,10.603,0.035
3862.91787,10.683,0.03
3866.89404,10.542,0.032
3869.89634,10.641,0.038
3872.89356,10.844,0.035
3879.93155,10.589,0.035
3883.91816,10.599,0.031
3887.90603,10.842,0.033
3893.88514,10.56,0.032
3896.9069,10.551,0.034
3900.82692,10.542,0.037
3907.84676,10.582,0.031
3912.8507,10.595,0.031
4229.90371,10.615,0.031
4234.89649,10.619,0.031
4247.89173,11.497,0.042
4253.91256,10.58,0.032
4256.88812,10.566,0.03
4268.84707,10.582,0.037
4277.85889,10.589,0.041
4282.87806,10.73,0.042
4284.80637,10.54,0.035
4289.85261,10.807,0.032
4289.85769,10.815,0.031
4291.85856,10.951,0.029
4291.8674,10.69,0.045
4293.87006,10.544,0.034
4296.77993,10.718,0.036
4296.83989,11.463,0.033
4298.80484,10.706,0.035
4298.8705,10.544,0.037
4300.81726,10.573,0.042
4300.83177,10.575,0.042
4302.82067,10.537,0.037
4304.76652,10.567,0.03
4306.76773,10.618,0.03
4306.77633,10.612,0.042
4308.77533,10.828,0.035
4310.77478,10.767,0.032
4314.88625,10.819,0.032
4329.73963,10.582,0.031
4329.74911,10.563,0.035
4331.71615,10.506,0.03
4333.70086,10.571,0.03
4336.68769,10.526,0.036
4342.70021,10.838,0.035
4346.70091,10.537,0.033
4350.74712,11.42,0.036
4350.81019,10.826,0.042
4353.62993,10.591,0.029
4355.7003,10.645,0.029
4355.71756,10.781,0.028
4358.60786,10.621,0.03
4361.61347,10.787,0.028
4362.69978,10.825,0.03
4363.64685,10.604,0.03
4364.64365,11.391,0.03
4369.63012,10.92,0.036
4371.65069,10.665,0.035
4372.65136,10.606,0.039
4373.66428,10.531,0.038
4375.64922,10.564,0.028
4376.65573,10.663,0.031
4378.67895,10.575,0.033
4379.71953,10.771,0.031
4380.71112,10.624,0.038
4381.74463,10.527,0.035
4383.57797,11.36,0.033
4385.618,10.529,0.033
4387.63197,10.559,0.034
4389.59866,10.614,0.035
4399.64878,10.877,0.038
4402.65036,10.568,0.037
4402.65906,10.564,0.033
4406.62719,10.856,0.039
4408.65925,10.595,0.039
4408.6625,10.625,0.035
4411.62674,10.847,0.037
4411.62994,10.85,0.032
4426.5693,10.585,0.042
4429.55316,10.533,0.032
4432.5502,10.66,0.03
4435.54602,10.881,0.034
4435.61091,10.562,0.032
4438.54049,10.607,0.034
4441.53585,10.522,0.036
4444.55118,10.537,0.034
4589.91224,10.616,0.03
4593.90952,10.562,0.03
4597.90667,10.84,0.028
4601.88561,10.579,0.029
4610.85823,10.525,0.031
4610.87736,10.593,0.029
4616.93302,10.525,0.032
4617.92377,10.82,0.031
4621.91213,10.549,0.034
4622.90245,10.854,0.032
4627.86619,10.631,0.035
4630.82133,10.538,0.029
4632.85923,10.608,0.03
4638.87348,10.604,0.035
4638.90055,10.541,0.04
4643.87528,10.589,0.033
4643.89896,10.541,0.03
4646.82117,10.854,0.04
4646.84154,10.782,0.034
4649.82919,10.731,0.034
4655.81603,10.553,0.028
4661.78765,10.65,0.031
4662.77221,10.551,0.033
4663.81289,10.935,0.034
4664.77672,10.562,0.031
4665.80778,10.572,0.031
4666.78958,10.692,0.031
4671.82192,10.569,0.026
4672.78247,10.55,0.031
4674.79749,10.54,0.028
4675.78961,10.626,0.029
4681.737,10.534,0.032
4681.73985,10.558,0.037
4683.78775,11.589,0.03
4685.74509,10.856,0.034
4685.78104,10.677,0.032
4687.73854,10.725,0.033
4691.71621,10.49,0.034
4691.74313,10.569,0.029
4694.73294,10.541,0.034
4697.73193,10.854,0.031
4698.74855,10.643,0.031
4701.72452,10.545,0.031
4702.76155,10.647,0.027
4703.73339,10.591,0.029
4705.68422,10.556,0.031
4708.69346,10.546,0.038
4708.70508,10.583,0.031
4710.70633,10.625,0.037
4710.71806,10.659,0.036
4715.69508,10.562,0.032
4715.70605,10.6,0.031
4717.76767,10.681,0.048
4720.82521,10.605,0.031
4725.65128,10.549,0.044
4725.68261,10.55,0.034
4728.63711,10.582,0.034
4728.66237,10.539,0.032
4730.68014,10.538,0.032
4730.71278,10.588,0.032
4733.68244,10.533,0.032
4733.73487,10.534,0.028
4738.72336,10.6,0.03
4740.63033,10.507,0.03
4743.64659,10.628,0.037
4744.64595,10.735,0.028
4746.66032,10.823,0.032
4747.60172,10.58,0.036
4753.59641,10.76,0.029
4754.60811,10.571,0.036
4755.62578,10.534,0.03
4756.63464,11.646,0.036
4757.69465,10.767,0.032
4759.59349,10.557,0.04
4760.59141,10.597,0.028
4761.66403,11,0.036
4762.67513,10.603,0.03
4764.58868,10.539,0.031
4765.59095,10.623,0.031
4766.64802,11.396,0.035
4767.66021,10.597,0.03
4769.57705,10.534,0.036
4771.62401,11.335,0.038
4772.61219,10.544,0.029
4773.65879,10.567,0.032
4774.59924,10.587,0.03
4780.51499,11.2,0.043
4783.59672,10.791,0.036
4783.61311,10.818,0.036
4786.55556,10.551,0.033
4786.55889,10.565,0.036
4792.55378,10.582,0.037
4792.55696,10.554,0.041
4795.56874,11.198,0.045
4795.57201,11.214,0.042
4798.54827,10.609,0.038
4798.55231,10.579,0.036
4801.53451,10.525,0.042
4801.53778,10.578,0.036
4807.53839,10.68,0.043
4814.54374,10.583,0.037
4814.56018,10.582,0.041
4824.53704,10.575,0.043
4948.91945,10.597,0.042
4973.87288,10.538,0.042
4973.91515,10.579,0.044
4984.92637,10.585,0.044
4985.91081,10.59,0.036
4989.85672,10.864,0.041
4993.88421,10.54,0.042
5013.82455,10.644,0.043
5014.83414,10.656,0.046
5021.7868,10.811,0.044
5025.87646,10.514,0.046
5031.90495,10.618,0.038
5038.88104,10.581,0.04
5038.88947,10.577,0.038
5040.81442,10.601,0.043
5040.83159,10.588,0.037
5042.78452,10.531,0.05
5047.75783,10.583,0.043
5047.78223,10.543,0.037
5070.66907,10.595,0.043
5070.68746,10.622,0.04
5085.786,11.372,0.039
5088.68443,10.51,0.036
5092.67113,10.643,0.039
5092.73517,10.818,0.037
5097.72394,10.876,0.041
5097.73482,10.831,0.048
5099.71464,10.853,0.038
5099.72314,10.711,0.037
5103.59035,11.074,0.045
5110.65609,10.528,0.039
5111.74164,10.53,0.043
5118.71931,10.558,0.042
5125.62745,10.544,0.049
