1869.51655,10.812,0.029
1870.5261,10.787,0.026
1872.54468,10.723,0.031
1872.59395,10.73,0.026
1874.54012,10.652,0.028
1874.57555,10.659,0.026
1876.56686,10.602,0.026
1877.53017,10.599,0.029
1879.57394,10.51,0.025
1884.53627,10.41,0.032
1885.56515,10.407,0.025
1886.58388,10.383,0.035
1888.5285,10.391,0.027
1902.54078,10.395,0.027
1905.52508,10.448,0.032
1906.52785,10.424,0.028
1921.53234,10.567,0.028
2011.89535,10.746,0.037
2025.86572,10.694,0.026
2025.92991,10.722,0.029
2030.89776,10.694,0.026
2030.92013,10.676,0.026
2032.85728,10.706,0.025
2032.88665,10.705,0.025
2040.83095,10.764,0.037
2040.86017,10.739,0.035
2052.85438,10.831,0.033
2052.8742,10.828,0.029
2053.87804,10.824,0.028
2053.94016,10.839,0.036
2055.83379,10.84,0.032
2055.87546,10.851,0.031
2056.93168,10.862,0.032
2057.87221,10.86,0.031
2058.82797,10.877,0.036
2064.89075,10.994,0.031
2065.74087,10.927,0.036
2067.77649,10.982,0.033
2067.79169,10.985,0.033
2068.75716,10.995,0.03
2068.79285,10.99,0.033
2069.73954,11.013,0.029
2069.77863,11.007,0.034
2070.76417,11.024,0.026
2070.77726,11.026,0.032
2080.75286,11.138,0.03
2080.78179,11.113,0.028
2081.86005,11.149,0.028
2082.77388,11.129,0.029
2083.74869,11.183,0.042
2085.8251,11.163,0.029
2085.86922,11.175,0.026
2086.84385,11.148,0.03
2087.76038,11.148,0.035
2087.84442,11.147,0.031
2088.79123,11.187,0.032
2088.80191,11.077,0.03
2093.71796,11.073,0.031
2094.72101,11.04,0.033
2095.73972,11.068,0.043
2096.7,11.101,0.035
2096.72457,11.029,0.033
2103.80588,10.882,0.028
2103.84244,10.88,0.029
2104.76277,10.876,0.03
2104.79381,10.87,0.031
2105.74645,10.819,0.03
2105.77979,10.88,0.033
2106.75579,10.823,0.03
2106.78011,10.822,0.031
2113.78946,10.682,0.028
2113.81153,10.686,0.03
2114.81396,10.671,0.04
2115.73682,10.656,0.025
2115.79375,10.62,0.029
2116.71651,10.681,0.027
2116.7522,10.635,0.029
2117.71756,10.627,0.029
2117.73967,10.619,0.029
2128.68036,10.552,0.028
2128.69129,10.524,0.03
2129.68838,10.544,0.031
2129.71064,10.509,0.031
2130.68987,10.52,0.027
2130.7144,10.504,0.031
2131.68701,10.55,0.027
2131.71596,10.513,0.033
2132.69098,10.513,0.028
2132.71623,10.506,0.03
2133.68489,10.486,0.025
2133.7094,10.504,0.029
2134.68491,10.505,0.027
2134.70939,10.488,0.031
2135.68183,10.504,0.03
2135.70639,10.498,0.034
2136.67914,10.487,0.025
2136.68411,10.486,0.031
2136.70368,10.492,0.031
2140.66556,10.47,0.042
2140.69016,10.456,0.037
2141.66634,10.445,0.028
2141.6924,10.457,0.029
2143.66496,10.477,0.03
2143.68992,10.444,0.035
2144.65795,10.451,0.028
2144.68258,10.424,0.028
2145.65118,10.446,0.027
2145.67946,10.46,0.029
2151.5991,10.411,0.044
2156.64717,10.414,0.03
2167.59942,10.344,0.031
2168.62975,10.388,0.028
2169.64109,10.389,0.028
2171.6029,10.366,0.028
2172.61026,10.374,0.028
2173.60865,10.373,0.028
2174.60473,10.401,0.034
2175.59175,10.344,0.034
2177.56369,10.383,0.037
2178.57607,10.376,0.028
2180.57522,10.375,0.033
2183.56661,10.401,0.044
2184.59017,10.423,0.031
2185.59417,10.43,0.028
2189.56264,10.473,0.029
2190.65334,10.511,0.03
2192.54044,10.526,0.027
2193.57365,10.552,0.028
2194.57363,10.56,0.028
2195.57361,10.595,0.03
2196.57145,10.58,0.031
2197.58132,10.596,0.028
2198.58024,10.632,0.029
2199.58298,10.625,0.027
2201.55381,10.656,0.028
2203.53874,10.638,0.029
2205.53998,10.657,0.028
2206.54266,10.656,0.028
2207.54085,10.655,0.036
2211.52118,10.614,0.037
2213.52528,10.623,0.032
2215.54415,10.648,0.03
2217.55109,10.653,0.031
2221.50636,10.657,0.029
2224.52837,10.66,0.036
2228.56051,10.666,0.031
2230.55233,10.689,0.033
2233.54967,10.679,0.034
2235.53435,10.678,0.035
2237.54687,10.673,0.038
2240.5539,10.673,0.043
2242.57693,10.652,0.036
2245.54412,10.639,0.041
2252.54295,10.602,0.042
2439.81744,10.755,0.023
2442.82988,10.743,0.042
2443.83881,10.839,0.027
2444.81299,10.864,0.023
2445.85134,10.851,0.023
2446.85833,10.833,0.03
2453.7281,10.837,0.043
2460.68837,10.951,0.024
2464.78438,10.911,0.032
2465.76172,10.982,0.027
2465.78378,10.942,0.032
2466.75078,10.962,0.027
2466.77752,10.957,0.025
2467.75672,10.969,0.025
2468.77677,10.965,0.027
2470.70491,10.976,0.026
2470.7409,10.919,0.028
2471.80257,10.914,0.034
2482.69789,10.897,0.037
2486.71121,10.871,0.031
2486.71609,10.854,0.032
2489.68015,10.87,0.028
2490.74586,10.891,0.035
2493.69631,10.844,0.04
2494.69628,10.859,0.038
2494.7208,10.825,0.032
2495.695,10.924,0.03
2495.74942,10.949,0.033
2497.69015,10.83,0.031
2497.71472,10.856,0.032
2498.68242,10.854,0.029
2498.70471,10.852,0.032
2499.67703,10.853,0.032
2499.70391,10.837,0.032
2500.67717,10.797,0.028
2501.6819,10.832,0.029
2502.68419,10.863,0.033
2508.63934,10.762,0.042
2512.61271,10.81,0.039
2520.73431,10.835,0.035
2520.78441,10.838,0.031
2521.76965,10.849,0.031
2526.71602,10.878,0.025
2526.75563,10.894,0.024
2529.61884,10.87,0.041
2539.73246,10.925,0.038
2540.8241,10.849,0.027
2540.82976,10.854,0.032
2544.77277,10.89,0.023
2544.78254,10.891,0.025
2546.59151,10.871,0.027
2546.61094,10.9,0.026
2548.60248,10.853,0.03
2552.7426,10.861,0.024
2552.82116,10.879,0.026
2554.59927,10.889,0.035
2554.61326,10.868,0.039
2556.62676,10.872,0.034
2556.64294,10.856,0.035
2558.58133,10.873,0.029
2558.61444,10.853,0.029
2559.58242,10.884,0.023
2559.61079,10.879,0.027
2560.58772,10.907,0.024
2560.61891,10.881,0.032
2561.58814,10.88,0.024
2561.60555,10.864,0.035
2562.60324,10.897,0.022
2562.61787,10.902,0.03
2563.61954,10.941,0.025
2563.63414,10.944,0.027
2564.64089,10.869,0.028
2565.65197,10.935,0.026
2565.66369,10.903,0.025
2566.66227,10.902,0.031
2566.67398,10.872,0.03
2578.5762,10.903,0.026
2578.60481,10.902,0.027
2579.57784,10.914,0.042
2620.59153,10.273,0.033
2620.59445,10.251,0.032
2622.60896,10.27,0.029
2622.61187,10.305,0.026
2625.58087,10.279,0.024
2625.58377,10.29,0.027
2628.58514,10.268,0.029
2635.5403,10.284,0.021
2638.53603,10.255,0.024
2640.54833,10.224,0.023
2642.551,10.215,0.025
2644.55361,10.201,0.024
2646.54679,10.21,0.024
2651.53473,10.186,0.027
2723.90937,10.977,0.025
2729.90578,10.933,0.025
2733.90658,10.901,0.025
2734.90906,10.907,0.025
2736.89612,10.966,0.025
2737.9134,10.894,0.034
2739.89834,10.958,0.023
2742.89715,10.862,0.027
2744.91476,10.805,0.03
2755.85434,10.736,0.022
2755.88416,10.669,0.024
2758.89711,10.655,0.025
2761.85858,10.636,0.027
2764.85593,10.595,0.025
2764.87423,10.606,0.027
2770.88258,10.562,0.039
2776.82145,10.562,0.03
2776.85106,10.516,0.028
2783.82345,10.528,0.024
2785.8919,10.542,0.042
2787.8631,10.568,0.024
2787.87639,10.575,0.034
2791.78467,10.591,0.026
2802.90795,10.652,0.039
2804.78824,10.716,0.035
2805.84629,10.779,0.033
2809.77197,10.83,0.028
2809.77591,10.828,0.026
2811.79906,10.814,0.028
2811.82501,10.854,0.032
2813.78698,10.832,0.035
2813.82683,10.859,0.037
2818.91068,10.872,0.026
2821.78675,10.886,0.03
2821.82994,10.885,0.028
2829.871,10.865,0.031
2831.75414,10.785,0.033
2831.79038,10.816,0.032
2832.8395,10.833,0.023
2834.74024,10.759,0.036
2836.71954,10.68,0.036
2836.73011,10.756,0.032
2839.80753,10.752,0.036
2843.7441,10.655,0.034
2843.75738,10.635,0.034
2851.78477,10.616,0.024
2854.63992,10.598,0.023
2856.88479,10.526,0.025
2859.62686,10.541,0.027
2859.69658,10.538,0.026
2860.74814,10.521,0.022
2862.65761,10.566,0.028
2862.69346,10.495,0.03
2866.76873,10.474,0.025
2866.77083,10.446,0.026
2874.66775,10.354,0.037
2876.69635,10.293,0.027
2876.72782,10.255,0.034
2879.62729,10.258,0.028
2879.66576,10.294,0.029
2884.67376,10.262,0.027
2884.69268,10.271,0.028
2886.67426,10.269,0.035
2888.6753,10.267,0.036
2892.67628,10.319,0.039
2893.76467,10.326,0.034
2894.65105,10.318,0.027
2894.86354,10.297,0.026
2896.6689,10.319,0.027
2898.64259,10.382,0.027
2900.64406,10.395,0.025
2905.60015,10.409,0.021
2905.62369,10.435,0.022
2907.77128,10.427,0.023
2909.72283,10.484,0.027
2910.58726,10.493,0.034
2911.67552,10.518,0.022
2915.59167,10.601,0.027
2916.63146,10.613,0.025
2916.65125,10.58,0.03
2918.64272,10.662,0.042
2921.67985,10.731,0.028
2921.69028,10.725,0.027
2923.66493,10.716,0.024
2923.67899,10.761,0.026
2926.66082,10.77,0.027
2926.68023,10.757,0.026
2930.65711,10.822,0.025
2932.64983,10.867,0.025
2934.64319,10.878,0.025
2936.64428,10.905,0.03
2939.67161,10.914,0.024
2942.72986,10.903,0.025
2944.57091,10.907,0.029
2945.61517,10.925,0.029
2947.60834,10.933,0.034
2949.64806,10.946,0.028
2951.65497,10.943,0.026
2953.66652,10.914,0.031
2955.66952,10.934,0.024
2957.66421,10.945,0.025
2963.6555,10.973,0.025
2965.67787,10.952,0.025
2969.6325,11.038,0.038
2972.54109,10.98,0.023
2974.55946,11.021,0.025
2976.58254,10.999,0.024
2978.60025,10.981,0.024
2983.548,10.979,0.025
2985.56444,10.982,0.024
2990.58242,10.965,0.025
2993.55835,10.969,0.025
2996.55668,11.023,0.031
2998.56555,10.961,0.032
3001.55241,10.942,0.023
3007.55448,10.912,0.025
3011.54441,10.917,0.029
3092.90951,10.814,0.03
3101.91395,10.999,0.038
3101.91616,10.765,0.041
3105.90035,11.115,0.032
3112.91695,10.772,0.025
3116.89677,10.798,0.026
3124.91748,10.829,0.028
3127.87077,10.833,0.039
3128.89398,10.809,0.03
3131.87468,10.819,0.028
3132.90326,10.848,0.038
3146.88671,10.949,0.028
3154.81563,10.99,0.023
3158.8342,10.939,0.025
3158.85915,10.977,0.027
3162.86047,10.945,0.036
3166.82282,10.961,0.025
3166.87202,11.005,0.031
3169.90241,10.936,0.025
3180.82173,10.866,0.023
3182.84096,10.906,0.03
3183.80811,10.849,0.026
3186.79221,10.868,0.025
3189.7902,10.918,0.027
3191.88287,10.903,0.034
3271.65145,10.419,0.029
3272.63051,10.42,0.027
3274.68011,10.359,0.025
3276.71275,10.366,0.031
3290.64547,10.342,0.026
3356.54206,10.932,0.026
3356.5479,10.872,0.024
3356.55175,10.93,0.024
3359.56328,10.943,0.028
3362.58302,10.908,0.029
3362.60535,10.882,0.026
3366.59085,10.861,0.032
3473.90345,11.039,0.026
3477.9032,11.037,0.035
3481.89382,10.888,0.039
3497.89798,10.59,0.031
3502.88534,10.463,0.031
3506.9297,10.38,0.028
3509.92634,10.355,0.021
3510.86977,10.298,0.026
3521.90257,10.106,0.042
3524.89774,10.313,0.034
3529.85534,9.929,0.037
3553.81074,10.006,0.026
3554.86623,10.018,0.026
3556.78845,10.066,0.027
3562.76941,10.181,0.044
3564.84174,10.225,0.028
3569.84968,10.32,0.027
3571.82328,10.357,0.028
3573.87277,10.364,0.028
3576.7357,10.452,0.027
3578.85089,10.481,0.034
3581.8669,10.583,0.022
3581.8897,10.55,0.024
3582.91286,10.602,0.029
3585.71761,10.649,0.027
3587.77327,10.709,0.027
3590.69734,10.759,0.033
3592.77441,10.83,0.043
3596.72335,10.907,0.03
3601.78072,10.959,0.029
3603.77158,11.013,0.029
3617.68354,11.141,0.032
3619.75291,11.124,0.029
3622.61168,11.13,0.028
3625.66707,11.151,0.026
3628.64991,11.083,0.027
3630.70341,11.08,0.028
3632.7331,11.061,0.03
3634.77937,11.103,0.032
3640.73309,11.088,0.025
3642.78928,11.077,0.03
3646.58416,11.023,0.025
3651.5376,10.982,0.034
3653.58479,10.995,0.03
3655.58564,11.007,0.037
3655.60922,11.022,0.026
3657.62831,11.024,0.028
3659.66519,11.002,0.028
3661.69012,11.034,0.031
3663.70633,10.986,0.034
3665.75968,10.992,0.029
3669.67042,11.045,0.028
3672.54238,11.093,0.027
3674.64045,11.12,0.031
3676.69098,11.111,0.033
3680.52174,11.17,0.028
3680.53008,11.126,0.026
3702.58484,11.13,0.032
3703.56485,11.13,0.03
3705.5809,11.138,0.041
3708.56501,11.118,0.035
3712.55797,11.089,0.033
3712.57674,11.103,0.027
3714.57628,11.259,0.038
3714.59589,11.084,0.035
3716.60725,11.057,0.029
3717.57618,11.058,0.032
3720.54654,11.041,0.03
3726.53225,11.015,0.041
3726.53574,10.991,0.03
3730.53823,10.999,0.03
3730.54092,10.959,0.034
3734.53815,10.907,0.029
3734.54504,10.954,0.033
3737.53609,10.948,0.032
3737.54016,10.895,0.03
3740.54718,10.862,0.029
3834.91252,10.836,0.031
3851.89449,11.211,0.036
3860.90123,11.219,0.025
3863.85545,11.216,0.029
3866.85008,11.191,0.029
3869.85779,11.125,0.031
3870.8811,11.203,0.024
3872.84943,11.189,0.03
3874.91005,11.175,0.024
3877.90805,11.184,0.022
3880.89955,11.228,0.028
3882.90942,11.187,0.03
3887.87875,11.206,0.028
3887.92132,11.185,0.023
3891.85447,11.204,0.023
3893.86647,11.198,0.025
3894.86227,11.173,0.024
3900.85344,11.176,0.03
3901.88186,11.176,0.026
3903.838,11.136,0.026
3904.8646,11.122,0.027
3906.83204,11.135,0.027
3907.8722,11.095,0.025
3909.82162,11.117,0.029
3913.86755,11.159,0.035
3981.62079,10.441,0.034
4087.54429,11.058,0.031
4089.58977,11.03,0.027
4089.5982,11.083,0.032
4092.57078,11.076,0.03
4105.54338,11.18,0.03
4205.91522,10.187,0.032
4228.89636,10.082,0.026
4231.89185,10.053,0.038
4231.90266,10.101,0.024
4234.90158,10.077,0.027
4235.88102,10.256,0.044
4246.87052,10.114,0.029
4247.86943,10.095,0.04
4253.8978,10.158,0.031
4268.81634,10.347,0.032
4268.86291,10.37,0.032
4273.8234,10.391,0.03
4273.82769,10.434,0.024
4277.79935,10.431,0.025
4277.84902,10.442,0.023
4283.87914,10.502,0.025
4289.89712,10.534,0.032
4289.92128,10.606,0.027
4292.77516,10.629,0.026
4292.80539,10.62,0.022
4296.87282,10.679,0.032
4299.85169,10.777,0.034
4303.77487,10.759,0.033
4303.82166,10.747,0.037
4305.77083,10.737,0.027
4305.80489,10.787,0.03
4307.73493,10.774,0.029
4307.77112,10.746,0.028
4309.77288,10.845,0.045
4311.74304,10.819,0.028
4330.67703,11.032,0.04
4330.68981,11.024,0.035
4332.7077,11.125,0.025
4334.6779,11.107,0.043
4334.69697,11.118,0.022
4337.79745,11.12,0.027
4339.67507,11.126,0.03
4341.70462,11.048,0.027
4341.72835,11.237,0.042
4343.73137,11.111,0.027
4347.70297,11.125,0.043
4349.70111,11.083,0.031
4349.74173,11.125,0.031
4351.72519,11.087,0.035
4351.77117,11.145,0.034
4354.64838,11.09,0.04
4354.67199,11.082,0.027
4356.69108,11.052,0.026
4356.7218,11.018,0.022
4358.77436,11.089,0.03
4359.62193,11.039,0.024
4361.58865,11.037,0.024
4361.73949,11.035,0.032
4363.62236,10.964,0.026
4363.65431,11.027,0.023
4364.79161,10.996,0.026
4365.64277,11.006,0.023
4367.65177,10.965,0.031
4367.68987,10.976,0.026
4369.68327,10.758,0.03
4369.70742,10.965,0.028
4371.70342,10.88,0.03
4371.73346,10.941,0.03
4373.71513,10.891,0.031
4373.74673,10.907,0.033
4376.70727,10.855,0.031
4376.73723,10.877,0.026
4379.56959,10.854,0.022
4381.5593,10.777,0.032
4383.60846,10.747,0.026
4383.65643,10.784,0.023
4385.63445,10.749,0.029
4385.67669,10.791,0.024
4387.6504,10.723,0.025
4387.70273,10.722,0.034
4389.61052,10.687,0.03
4393.57086,10.673,0.035
4393.61108,10.701,0.032
4399.73687,10.616,0.037
4403.54361,10.556,0.036
4403.55154,10.56,0.03
4406.70612,10.521,0.029
4406.71179,10.519,0.025
4409.55324,10.54,0.033
4409.56059,10.527,0.025
4420.6484,10.485,0.036
4422.68631,10.492,0.031
4426.64539,10.491,0.039
4429.57846,10.53,0.03
4429.58173,10.538,0.023
4431.65424,10.474,0.032
4431.65746,10.563,0.023
4437.53866,10.482,0.034
4439.63384,10.499,0.029
4443.55484,10.506,0.033
4449.56221,10.535,0.03
4455.58307,10.514,0.034
4458.56338,10.475,0.033
4461.56588,10.526,0.032
4464.56228,10.508,0.032
4467.55264,10.539,0.034
4470.55459,10.513,0.039
4476.53595,10.5,0.036
4557.91093,11.043,0.035
4563.90372,11.099,0.029
4567.90449,11.22,0.043
4571.90423,11.222,0.027
4573.91783,11.227,0.031
4575.89285,11.184,0.031
4577.90986,11.286,0.026
4589.87913,11.216,0.028
4590.89551,11.2,0.028
4593.87196,11.184,0.027
4597.87041,11.138,0.026
4600.90914,11.14,0.029
4601.90857,11.115,0.022
4609.87497,11.009,0.032
4609.90683,11.044,0.026
4617.83963,10.876,0.031
4617.85796,10.909,0.03
4621.91021,10.852,0.032
4622.85355,10.867,0.029
4624.87918,10.775,0.037
4627.85234,10.758,0.03
4628.85764,10.744,0.025
4629.85947,10.709,0.028
4631.85113,10.732,0.024
4632.77687,10.71,0.027
4639.81563,10.613,0.028
4639.82099,10.647,0.025
4641.87862,10.582,0.025
4642.83379,10.606,0.026
4644.80525,10.56,0.034
4645.8405,10.57,0.028
4647.8041,10.52,0.036
4648.82634,10.555,0.024
4649.86181,10.501,0.033
4651.81774,10.585,0.031
4653.87572,10.505,0.031
4656.79158,10.458,0.033
4656.84007,10.531,0.029
4661.76749,10.435,0.028
4661.81525,10.454,0.026
4663.82233,10.46,0.033
4663.86005,10.513,0.028
4665.81359,10.448,0.029
4665.84366,10.462,0.026
4671.80688,10.485,0.026
4671.83615,10.471,0.023
4674.80065,10.501,0.03
4677.86052,10.503,0.032
4681.72971,10.569,0.029
4683.71712,10.588,0.03
4683.79798,10.58,0.023
4685.7412,10.595,0.032
4685.78725,10.588,0.028
4691.69384,10.645,0.035
4691.75484,10.684,0.024
4694.73568,10.693,0.029
4694.75818,10.712,0.024
4697.80987,10.697,0.029
4697.84347,10.724,0.026
4701.80136,10.782,0.027
4701.86402,10.763,0.024
4704.64744,10.763,0.032
4704.68973,10.789,0.033
4709.67289,10.779,0.034
4709.68965,10.81,0.027
4716.6771,10.714,0.027
4716.69399,10.749,0.024
4719.87949,10.719,0.033
4721.70656,10.69,0.028
4721.7127,10.707,0.025
4724.68368,10.671,0.032
4724.68989,10.654,0.029
4726.72995,10.671,0.03
4726.74268,10.633,0.024
4728.84535,10.615,0.029
4729.69232,10.625,0.024
4731.7943,10.637,0.036
4734.62542,10.582,0.044
4734.78985,10.603,0.034
4738.81983,10.58,0.033
4738.82278,10.547,0.025
4741.6822,10.571,0.031
4741.69214,10.596,0.025
4743.76164,10.58,0.028
4743.79467,10.601,0.03
4746.53517,10.623,0.034
4746.56604,10.579,0.028
4748.58848,10.615,0.036
4748.61638,10.56,0.032
4750.7118,10.581,0.032
4750.71484,10.63,0.031
4754.7817,10.676,0.036
4754.80309,10.672,0.032
4757.57014,10.746,0.032
4757.57332,10.748,0.031
4759.66023,10.71,0.033
4759.66751,10.775,0.033
4761.73708,10.769,0.029
4761.75156,10.8,0.024
4764.61213,10.795,0.028
4764.61526,10.782,0.026
4766.6891,10.823,0.029
4766.71264,10.854,0.024
4769.58869,10.875,0.029
4771.64141,10.94,0.034
4773.66947,10.89,0.03
4773.67644,11.904,0.029
4775.71067,10.959,0.029
4775.7167,10.931,0.025
4777.66496,10.966,0.035
4777.66904,11.01,0.03
4779.66611,11.008,0.034
4779.66936,11.012,0.038
4783.57947,10.992,0.035
4783.58263,11.021,0.031
4785.63862,11.1,0.029
4785.64534,11.062,0.024
4797.59791,11.223,0.037
4802.56593,11.239,0.03
4804.59028,11.294,0.023
4806.65483,11.234,0.033
4807.57812,11.167,0.041
4809.57408,11.304,0.031
4809.61758,11.231,0.037
4815.56341,11.419,0.043
4818.58016,11.2,0.037
4819.54994,11.181,0.034
4821.56154,11.065,0.036
4822.55076,11.173,0.04
4824.56175,11.251,0.039
4826.53698,11.093,0.041
4827.56239,11.463,0.038
4829.55262,11.094,0.039
4830.56272,11.078,0.038
4833.56391,10.972,0.039
4836.56194,10.911,0.039
4839.56821,10.942,0.034
4843.55406,10.836,0.038
4846.54896,10.707,0.042
4850.53828,10.6,0.031
4940.90308,10.741,0.035
4946.90327,10.783,0.035
4948.91105,10.786,0.041
4950.89468,10.872,0.038
4954.88623,10.877,0.042
4969.85881,10.895,0.037
4969.90691,10.899,0.037
4973.85919,10.953,0.043
4973.87027,10.914,0.036
4985.81387,10.945,0.037
4985.83225,11.005,0.033
4991.89402,10.959,0.036
4993.87145,10.981,0.037
5013.83725,11.009,0.045
5015.81371,11.008,0.037
5018.89936,10.96,0.036
5021.77769,10.994,0.04
5021.80567,10.969,0.036
5023.86509,11.01,0.038
5039.72435,10.875,0.034
5041.71254,10.828,0.039
5041.74419,10.888,0.03
5048.69218,10.805,0.034
5063.74902,10.62,0.036
5072.66086,10.534,0.034
5075.68357,10.466,0.036
5082.81796,10.383,0.041
5087.6874,10.31,0.047
5089.71203,10.26,0.036
5089.73339,10.273,0.032
5111.76392,10.224,0.041
5122.59536,10.275,0.043
5124.66539,10.462,0.044
5129.65689,10.228,0.033
5131.68933,10.205,0.034
5155.67568,10.166,0.041
5155.69957,10.187,0.04
5163.60281,10.158,0.039
5163.60688,10.125,0.04
