1869.51376,11.653,0.028
1872.54199,11.829,0.028
1874.56214,11.879,0.029
1876.56868,11.987,0.029
1878.55365,12.074,0.026
1880.54384,12.141,0.027
1884.53371,12.231,0.028
1886.58134,12.299,0.027
1889.53357,12.376,0.027
1902.53608,12.547,0.026
1906.52556,12.658,0.029
1922.5299,11.573,0.029
2025.91,7.949,0.026
2030.91611,8.118,0.026
2032.87818,8.195,0.024
2039.87664,8.472,0.03
2040.85369,8.545,0.035
2053.91026,9.099,0.031
2055.82275,9.208,0.028
2056.92533,9.274,0.03
2057.88104,9.316,0.028
2064.87972,9.698,0.031
2067.77844,9.894,0.033
2068.77728,9.976,0.032
2069.7603,9.978,0.031
2070.77282,10.014,0.034
2080.77285,10.639,0.031
2081.90157,10.663,0.03
2086.73436,10.934,0.026
2087.87161,11.006,0.028
2088.81101,11.075,0.03
2093.73782,11.27,0.031
2096.71996,11.398,0.032
2103.84007,11.758,0.027
2104.79144,11.768,0.028
2105.76846,11.869,0.027
2106.7732,11.876,0.025
2113.80903,12.153,0.026
2114.81145,12.244,0.033
2115.77946,12.223,0.028
2116.74061,12.227,0.025
2117.73489,12.297,0.029
2128.68865,12.602,0.029
2129.70572,12.618,0.027
2130.70497,12.667,0.028
2131.70202,12.675,0.027
2132.70904,12.646,0.024
2133.70443,12.747,0.026
2134.70438,12.73,0.028
2135.70138,12.605,0.033
2136.69867,12.774,0.027
2140.68511,12.765,0.031
2143.6826,12.765,0.028
2144.67749,12.689,0.028
2145.67443,12.748,0.026
2151.59171,12.655,0.042
2156.64434,12.556,0.032
2156.65786,12.651,0.03
2167.59429,12.083,0.027
2168.62017,12.014,0.026
2168.64729,12.055,0.027
2169.63135,11.993,0.026
2169.65644,12.042,0.027
2171.59556,11.882,0.03
2171.6295,11.871,0.029
2172.60287,11.765,0.026
2172.63073,11.827,0.026
2173.60127,11.729,0.027
2173.6285,11.718,0.027
2174.59738,11.628,0.042
2174.62684,11.614,0.032
2175.58662,11.577,0.038
2175.61831,11.584,0.029
2177.55856,11.379,0.04
2177.58765,11.468,0.031
2178.57096,11.33,0.027
2178.59469,11.408,0.029
2179.56411,11.262,0.035
2180.56976,11.202,0.029
2180.58678,11.219,0.028
2183.56377,11.037,0.029
2183.59215,11.019,0.027
2184.58508,10.994,0.028
2184.60339,10.982,0.029
2185.58683,10.853,0.027
2185.60974,10.879,0.029
2188.62643,10.721,0.028
2189.55305,10.665,0.03
2190.54792,10.605,0.027
2190.6505,10.623,0.037
2191.59565,10.543,0.026
2192.53504,10.485,0.024
2192.59035,10.511,0.025
2193.56578,10.487,0.026
2193.60052,10.465,0.03
2194.56624,10.377,0.026
2194.58916,10.364,0.027
2195.56628,10.37,0.027
2195.58917,10.361,0.028
2196.56409,10.297,0.028
2196.59046,10.348,0.028
2197.56725,10.245,0.025
2197.5902,10.292,0.027
2198.56389,10.204,0.026
2198.58683,10.239,0.029
2199.57103,10.202,0.028
2199.58054,10.191,0.029
2201.54869,10.113,0.026
2201.56941,10.115,0.027
2203.53588,10.012,0.027
2204.53696,10.001,0.026
2204.56655,9.969,0.029
2205.5327,9.964,0.027
2206.5376,9.919,0.029
2206.5607,9.945,0.028
2207.53808,9.884,0.035
2211.51616,9.719,0.036
2213.52255,9.605,0.031
2215.54587,9.567,0.03
2217.55283,9.502,0.031
2221.50812,9.369,0.029
2224.53015,9.281,0.037
2226.5545,9.221,0.033
2228.55788,9.149,0.032
2230.54972,9.075,0.031
2233.54708,8.943,0.037
2235.53178,8.861,0.033
2237.54432,8.775,0.042
2240.55138,8.641,0.045
2242.57443,8.559,0.038
2245.54165,8.473,0.044
2248.58227,8.383,0.036
2252.54054,8.28,0.045
2253.58533,8.281,0.035
2260.53968,8.217,0.039
2439.83304,10.733,0.026
2443.76942,10.623,0.024
2444.84257,10.567,0.024
2445.81002,10.51,0.025
2446.84225,10.479,0.03
2464.77973,9.89,0.031
2465.78143,9.833,0.03
2466.76835,9.821,0.03
2468.77203,9.678,0.029
2470.73159,9.581,0.029
2473.74164,9.402,0.03
2482.69536,8.871,0.037
2487.72553,8.582,0.044
2488.79289,8.528,0.037
2490.66161,8.438,0.037
2495.71238,8.252,0.029
2498.70203,8.157,0.032
2499.69441,8.113,0.033
2501.70155,8.061,0.029
2502.70163,8.036,0.033
2508.63657,7.98,0.041
2519.72841,8.024,0.027
2526.75273,8.18,0.025
2540.83625,8.712,0.026
2544.81282,8.92,0.026
2546.60798,9.017,0.04
2548.6263,9.128,0.029
2552.78848,9.363,0.027
2554.60798,9.442,0.038
2556.63769,9.64,0.034
2558.59954,9.719,0.034
2559.59814,9.784,0.026
2560.60628,9.876,0.031
2561.59743,9.935,0.032
2562.60974,9.966,0.025
2563.62602,10.039,0.028
2564.63508,10.093,0.028
2565.66075,10.169,0.026
2566.67104,10.242,0.031
2578.59716,11.013,0.03
2621.57427,13.032,0.024
2623.57856,12.877,0.025
2625.61898,13.055,0.024
2635.60842,13.128,0.023
2638.55303,13.102,0.024
2640.56064,13.263,0.023
2642.56331,13.15,0.024
2644.56371,13.125,0.023
2646.55465,13.153,0.025
2649.55798,13.007,0.022
2652.55765,12.777,0.024
2655.54979,12.743,0.026
2660.53014,12.528,0.033
2662.5345,12.398,0.023
2727.91415,9.904,0.032
2735.9059,9.088,0.024
2738.90715,8.766,0.024
2744.90095,8.387,0.025
2755.87462,8.2,0.023
2758.88825,8.23,0.029
2761.87514,8.184,0.026
2764.87259,8.19,0.029
2776.83537,8.302,0.03
2783.81936,8.484,0.025
2808.90281,9.617,0.033
2810.822,9.769,0.037
2816.92203,10.15,0.037
2820.78067,10.417,0.029
2829.8732,11.001,0.022
2833.84569,11.219,0.035
2838.77846,11.424,0.028
2845.87358,11.785,0.024
2853.68922,12.123,0.031
2854.88466,12.218,0.021
2858.73572,12.315,0.027
2859.87332,12.296,0.033
2861.69537,12.331,0.03
2862.79021,12.456,0.024
2866.79104,12.572,0.033
2875.7586,12.737,0.037
2877.73126,12.692,0.036
2884.77814,12.798,0.03
2885.60894,12.755,0.028
2886.69962,12.818,0.034
2888.7167,12.949,0.034
2892.73576,12.476,0.042
2894.64356,12.84,0.026
2895.76686,12.807,0.026
2897.77799,12.758,0.027
2899.73344,12.791,0.031
2902.71433,12.675,0.033
2905.61389,12.596,0.021
2911.68646,12.283,0.023
2915.60014,12.166,0.024
2916.68915,12.148,0.022
2921.69451,11.865,0.026
2923.68272,11.639,0.024
2926.68396,11.406,0.024
2930.67125,11.107,0.024
2932.66328,10.942,0.025
2939.69027,10.452,0.022
2942.74404,10.3,0.025
2944.5868,10.185,0.025
2947.62964,10.051,0.024
2949.65811,9.945,0.024
2951.67031,9.823,0.026
2953.68693,9.724,0.032
2955.69094,9.62,0.024
2957.68468,9.511,0.025
2961.70883,9.329,0.026
2964.54317,9.241,0.024
2966.5624,9.148,0.024
2968.57265,9.093,0.024
2970.56882,9.019,0.024
2972.58161,8.951,0.023
2974.6053,8.846,0.024
2976.61268,8.753,0.026
2985.57492,8.208,0.024
2987.6007,8.115,0.024
2990.60027,7.996,0.024
2994.62519,7.858,0.024
3007.56023,7.652,0.024
3011.55048,7.658,0.027
3013.56008,7.68,0.026
3017.55495,7.724,0.023
3106.91486,12.577,0.041
3110.91029,12.69,0.024
3114.89816,13.127,0.04
3146.86314,13.525,0.027
3154.83954,13.476,0.023
3158.84913,13.218,0.026
3166.85903,13.054,0.025
3169.89745,12.735,0.03
3180.873,12.029,0.023
3183.87146,11.793,0.024
3186.84321,11.481,0.027
3326.57987,11.001,0.04
3356.56013,12.446,0.027
3359.56974,12.538,0.025
3359.57354,12.509,0.025
3359.57588,12.573,0.026
3362.58722,12.697,0.028
3362.59085,12.57,0.028
3366.58521,13.128,0.037
3373.55419,12.784,0.036
3373.56613,13.049,0.04
3389.54129,13.715,0.026
3456.91047,10.06,0.028
3464.91621,9.776,0.033
3469.91554,9.501,0.026
3473.91742,9.168,0.027
3477.91463,8.846,0.03
3490.90046,8.254,0.031
3506.91755,7.971,0.024
3509.91211,7.927,0.025
3509.92096,8.022,0.038
3512.85864,7.939,0.027
3525.84414,8.059,0.03
3551.87554,9.171,0.03
3554.86037,9.378,0.035
3558.81904,9.607,0.033
3561.79618,9.775,0.028
3563.84474,9.92,0.025
3569.83258,10.361,0.024
3571.83182,10.507,0.027
3574.76599,10.758,0.026
3576.82333,10.885,0.026
3583.80108,11.347,0.024
3586.72142,11.583,0.027
3588.8422,11.707,0.025
3591.70573,11.969,0.029
3595.72511,12.086,0.033
3602.75444,12.394,0.028
3617.69136,13.217,0.032
3619.75778,13.299,0.028
3622.63115,13.166,0.025
3625.67948,13.257,0.032
3628.66925,13.283,0.026
3630.71494,13.508,0.027
3632.74073,13.293,0.028
3637.78899,13.421,0.026
3640.74242,13.654,0.025
3643.5687,13.735,0.032
3646.63515,13.43,0.031
3651.55359,13.149,0.028
3653.58991,12.947,0.03
3655.59436,13.111,0.028
3657.6378,12.872,0.025
3659.67465,12.982,0.026
3661.70107,12.812,0.027
3663.72147,12.635,0.031
3665.77795,12.645,0.026
3669.68203,12.343,0.024
3672.54753,12.294,0.024
3674.64569,12.114,0.031
3676.71902,12.03,0.029
3680.52699,11.784,0.031
3699.66252,10.978,0.032
3702.58983,10.903,0.033
3705.5861,10.761,0.037
3708.57025,10.672,0.029
3712.56323,10.52,0.029
3714.58221,10.404,0.025
3716.61727,10.29,0.026
3719.61403,10.159,0.034
3721.636,10.049,0.032
3724.61492,9.889,0.029
3727.5871,9.762,0.031
3731.56136,9.511,0.032
3734.58725,9.302,0.033
3737.5814,9.146,0.026
3740.55396,8.999,0.029
3747.56143,8.783,0.033
3753.54532,8.636,0.032
3757.53434,8.554,0.033
3824.91329,10.993,0.032
3835.91045,11.672,0.031
3850.88773,12.425,0.031
3860.8769,12.723,0.027
3861.89544,12.812,0.028
3863.88968,12.837,0.024
3866.87039,12.991,0.031
3869.88268,12.989,0.028
3871.86293,13.032,0.028
3872.861,12.717,0.034
3880.90302,13.322,0.029
3887.89146,12.917,0.028
3891.84325,12.896,0.025
3893.85539,12.673,0.023
3894.8322,12.615,0.026
3898.82449,12.615,0.028
3901.84716,12.276,0.027
3904.84733,12.028,0.027
3907.85331,11.758,0.028
3912.86556,11.355,0.025
4087.54209,11.664,0.026
4089.58428,11.781,0.024
4105.57023,12.493,0.028
4193.90866,10.023,0.041
4194.91689,9.998,0.031
4205.90406,9.467,0.031
4228.88124,8.469,0.028
4231.90072,8.389,0.029
4234.88711,8.378,0.027
4235.86229,8.358,0.026
4235.8736,8.377,0.025
4246.88219,8.348,0.028
4253.91689,8.506,0.042
4256.89273,8.547,0.024
4258.8566,8.592,0.027
4258.8942,8.586,0.04
4268.79932,8.817,0.032
4268.83887,8.818,0.035
4268.85093,8.853,0.032
4272.9184,8.999,0.032
4277.86296,9.183,0.026
4280.90242,9.309,0.031
4284.78791,9.493,0.026
4289.8496,9.675,0.042
4289.87439,9.744,0.026
4291.8526,9.846,0.031
4292.88233,9.841,0.036
4295.78698,10.025,0.024
4297.8354,10.131,0.031
4302.82548,10.406,0.031
4304.76882,10.517,0.032
4306.77241,10.622,0.024
4308.77129,10.742,0.031
4312.79354,11.002,0.035
4316.68577,11.217,0.025
4319.77028,11.39,0.04
4332.7002,12.074,0.026
4334.684,12.137,0.033
4337.78658,12.302,0.027
4339.82113,12.199,0.025
4341.7248,12.411,0.026
4345.73173,12.602,0.031
4347.7294,12.647,0.034
4349.73353,12.675,0.027
4351.76675,12.623,0.035
4354.6641,12.991,0.025
4356.71392,12.995,0.024
4359.61141,13.166,0.026
4361.66617,13.222,0.026
4363.64725,13.057,0.025
4365.63232,13.11,0.024
4367.6806,13.297,0.028
4369.70112,13.026,0.028
4371.7218,13.284,0.026
4373.73341,13.326,0.029
4376.72474,13.288,0.026
4381.5608,13.098,0.03
4383.61168,13.251,0.024
4385.63688,12.94,0.024
4387.65516,13.06,0.023
4389.61839,13.232,0.027
4393.57596,12.868,0.032
4399.73002,12.696,0.031
4402.73844,12.593,0.028
4406.65973,12.546,0.034
4408.68645,12.276,0.031
4411.6536,12.041,0.035
4420.62925,11.59,0.034
4422.66844,11.376,0.024
4426.64176,11.114,0.032
4428.69477,11.043,0.03
4431.59089,10.82,0.026
4433.66964,10.692,0.028
4436.60505,10.502,0.029
4439.57344,10.379,0.027
4441.66931,10.29,0.025
4444.64804,10.135,0.026
4455.60315,9.633,0.029
4458.58331,9.628,0.033
4461.58185,9.369,0.026
4464.58008,9.23,0.026
4467.56961,9.07,0.028
4470.57072,8.883,0.027
4475.54609,8.511,0.025
4479.53741,8.348,0.026
4483.54423,8.265,0.027
4557.90585,10.889,0.028
4562.90003,11.086,0.033
4563.91564,11.123,0.029
4566.90818,11.308,0.028
4567.91364,11.358,0.031
4570.90095,11.506,0.024
4571.91475,11.426,0.026
4573.91231,11.561,0.03
4574.88233,11.707,0.028
4575.90251,11.643,0.034
4585.89761,12.152,0.036
4586.90962,12.15,0.029
4589.86984,12.191,0.025
4589.88545,12.233,0.028
4590.88685,12.244,0.029
4593.86537,12.376,0.024
4593.87502,12.328,0.024
4594.88171,12.431,0.031
4597.8636,12.458,0.024
4601.90561,12.675,0.027
4607.84885,12.656,0.033
4610.84131,12.829,0.029
4617.81378,12.835,0.029
4617.85239,12.911,0.032
4621.93093,12.756,0.031
4621.94043,12.932,0.035
4627.8396,12.933,0.032
4628.83307,12.823,0.026
4629.84792,12.713,0.027
4631.84884,12.634,0.027
4632.77446,12.765,0.026
4633.83066,12.377,0.033
4633.86644,12.55,0.032
4639.81869,12.169,0.025
4641.80685,12.162,0.025
4641.84755,12.212,0.026
4642.82416,12.12,0.026
4643.86824,12.133,0.03
4644.83085,12.06,0.028
4644.90859,12.088,0.031
4646.80471,11.776,0.03
4649.78547,11.769,0.029
4650.81279,11.609,0.028
4651.88181,11.698,0.033
4653.80604,11.57,0.025
4658.78677,11.376,0.038
4661.71945,11.146,0.025
4663.8092,10.985,0.028
4664.75768,11.012,0.029
4665.80433,10.876,0.027
4665.84088,10.943,0.028
4666.77229,10.902,0.028
4669.80519,10.704,0.045
4671.7972,10.662,0.025
4671.83312,10.674,0.025
4672.80381,10.651,0.023
4677.85223,10.394,0.031
4681.72562,10.216,0.03
4681.7721,10.242,0.031
4683.70297,10.133,0.029
4683.77951,10.115,0.025
4683.82519,10.153,0.026
4685.73161,10.019,0.029
4685.7763,10.002,0.028
4685.81553,10.047,0.031
4691.68248,9.681,0.025
4691.73057,9.65,0.026
4691.76434,9.67,0.026
4694.72332,9.498,0.03
4694.74292,9.479,0.027
4694.75525,9.514,0.027
4697.82222,9.33,0.027
4701.84215,9.125,0.023
4701.861,9.146,0.026
4704.66988,8.922,0.031
4706.71609,8.791,0.039
4709.68354,8.636,0.031
4716.67927,8.22,0.026
4721.70886,8.026,0.024
4724.68602,7.946,0.029
4726.73882,7.906,0.028
4728.85231,7.852,0.029
4734.64839,7.775,0.033
4738.80042,7.798,0.026
4741.67489,7.804,0.025
4743.72018,7.827,0.03
4747.6401,7.883,0.027
4750.59461,7.948,0.032
4754.69693,8.145,0.036
4756.72606,8.156,0.037
4758.79385,8.254,0.033
4761.61739,8.363,0.025
4763.74728,8.459,0.031
4766.59546,8.6,0.028
4770.75779,8.804,0.029
4773.53965,8.93,0.025
4775.55736,9.046,0.027
4777.58428,9.17,0.024
4779.6169,9.263,0.028
4782.68446,9.478,0.038
4785.57375,9.597,0.024
4797.57204,10.289,0.035
4802.55852,10.552,0.032
4804.58291,10.687,0.035
4806.64696,10.784,0.036
4809.57105,10.946,0.032
4815.56049,11.257,0.032
4818.57657,11.422,0.029
4821.55877,11.551,0.03
4824.55903,11.686,0.037
4827.55977,11.929,0.037
4830.56018,11.919,0.035
4833.5615,12.033,0.036
4836.5596,12.156,0.034
4839.56592,12.428,0.034
4843.55187,12.386,0.031
4846.54608,12.635,0.034
4850.53623,12.642,0.03
4857.5268,13.854,0.032
4932.91682,10.029,0.038
4940.8904,9.722,0.036
4940.894,9.717,0.038
4945.89206,9.462,0.038
4945.90554,9.473,0.035
4949.91121,9.8,0.044
4962.88895,8.566,0.043
4969.85496,8.339,0.037
4969.89601,8.307,0.037
4969.90059,8.343,0.041
4973.86188,8.23,0.042
4985.80736,8.208,0.033
4985.81633,8.213,0.039
4985.82912,8.222,0.032
4987.88708,8.233,0.037
4991.85995,8.255,0.036
4991.88034,8.256,0.037
4994.88451,8.25,0.033
5013.81056,8.608,0.042
5014.83123,8.662,0.041
5015.81113,8.697,0.033
5018.88703,8.844,0.034
5021.79876,8.957,0.034
5021.86134,8.973,0.037
5022.8001,9.001,0.041
5023.84467,9.064,0.034
5023.87464,9.088,0.034
5024.81754,9.112,0.035
5039.73269,9.997,0.034
5041.72356,10.136,0.032
5048.67964,10.6,0.039
5063.73893,11.466,0.039
5075.67995,12.241,0.04
5084.8331,12.352,0.038
5089.68961,12.656,0.033
5093.741,12.729,0.039
5105.58165,12.75,0.038
5111.78871,12.965,0.039
5131.60275,12.322,0.036
5144.73904,11.642,0.037
5161.5604,10.88,0.037
