2622.5467,7.923,0.029
2786.9097,7.902,0.022
2809.86773,8.161,0.025
2812.93518,8.024,0.026
2816.9367,8.009,0.024
2820.85323,8.213,0.027
2829.8912,7.956,0.02
2831.8345,8.204,0.021
2840.85956,7.943,0.026
2851.90226,7.93,0.023
2859.75898,8.2,0.022
2861.74593,8.059,0.025
2862.85131,7.924,0.029
2867.79152,8.129,0.024
2872.75838,8.164,0.022
2875.767,8.216,0.021
2880.71236,8.001,0.025
2883.72809,8.145,0.021
2885.6886,7.918,0.023
2886.73629,8.224,0.024
2895.71044,8.042,0.025
2897.71312,8.227,0.025
2902.68695,8.06,0.033
2905.64656,8.055,0.022
2908.63623,8.11,0.021
2910.70396,8.065,0.022
2912.64209,7.947,0.021
2915.62166,7.923,0.023
2916.71343,8.184,0.024
2918.66036,7.957,0.029
2922.63845,8.215,0.031
2924.64472,8.077,0.029
2927.63809,8.171,0.027
2929.64408,7.954,0.022
2931.6487,7.915,0.024
2935.63477,8.111,0.024
2937.64006,7.932,0.03
2940.63738,8.004,0.024
2942.58958,8.001,0.03
2943.62265,8.06,0.028
2945.58862,7.935,0.026
2949.56495,8.073,0.028
2951.57275,7.925,0.045
2953.60407,7.902,0.039
2957.60834,8.18,0.027
2961.60128,7.94,0.026
2963.61335,8.086,0.029
2966.5363,8.211,0.024
2968.54889,8.078,0.024
2972.5551,7.948,0.026
2977.54852,8.127,0.031
2980.55532,8.017,0.031
2982.56977,8.181,0.042
2985.54168,8.158,0.024
2989.54131,7.93,0.025
2992.53854,7.976,0.026
3164.90902,8.025,0.038
3168.93214,7.971,0.036
3171.92611,7.911,0.033
3175.90419,8.055,0.029
3182.88512,7.978,0.047
3185.89117,7.925,0.033
3189.86595,8.123,0.039
3271.63783,7.903,0.025
3273.70921,7.934,0.03
3279.70847,8.01,0.032
3295.54926,8.175,0.045
3298.5672,7.996,0.027
3354.5362,8.189,0.045
3524.92613,7.925,0.039
3551.86402,8.109,0.034
3554.85505,8.058,0.032
3558.83498,7.951,0.041
3561.81332,7.996,0.03
3563.83669,7.919,0.03
3569.81431,8.182,0.028
3571.81544,7.911,0.031
3574.78664,7.928,0.035
3577.87414,8.123,0.036
3581.91788,7.901,0.028
3584.75869,8.639,0.037
3586.85377,8.199,0.036
3589.75003,8.149,0.031
3591.84496,8.196,0.044
3595.73702,8.208,0.051
3600.83895,8.007,0.053
3617.68705,8.205,0.033
3619.75657,8.202,0.034
3622.66002,8.077,0.031
3625.74875,8.035,0.031
3628.74127,7.97,0.033
3632.72865,8.042,0.042
3634.77574,7.997,0.039
3637.74786,7.979,0.033
3640.72194,7.996,0.03
3643.59795,7.901,0.034
3646.69088,8.085,0.029
3649.60202,7.949,0.047
3651.67824,7.949,0.03
3653.67167,7.936,0.041
3655.66133,8.194,0.035
3660.64679,8.149,0.045
3662.66676,7.996,0.045
3664.70464,7.935,0.037
3668.62652,8.045,0.029
3670.66346,7.955,0.028
3673.6168,7.929,0.029
3676.60744,7.997,0.039
3680.51465,8.115,0.028
3702.54226,8.153,0.033
3705.53938,8.099,0.04
3708.53526,8.029,0.036
3715.55704,8.21,0.048
3718.54636,8.214,0.042
3889.93459,8.062,0.034
3892.91111,8.087,0.031
3897.9045,7.962,0.047
3900.9106,8.05,0.037
3907.86558,8.039,0.035
3912.8665,8.161,0.03
4089.53587,7.998,0.042
4092.52993,8.029,0.034
4246.91665,8.05,0.032
4255.92081,7.904,0.036
4281.86479,8.229,0.054
4283.86493,8.025,0.034
4285.85599,7.923,0.037
4299.82169,7.879,0.048
4301.80251,8.073,0.033
4303.79722,8.157,0.031
4305.80043,7.95,0.028
4307.77901,8.042,0.043
4309.78668,8.159,0.031
4311.77481,8.093,0.034
4330.70867,7.99,0.041
4332.71114,8.041,0.043
4334.70708,8.154,0.042
4347.79316,8.111,0.052
4350.6579,8.128,0.033
4352.79937,8.151,0.029
4354.76981,8.011,0.028
4357.64734,7.901,0.031
4359.74042,7.916,0.039
4362.62714,8.017,0.027
4364.64636,8.22,0.027
4371.69765,8.088,0.036
4373.70789,7.925,0.032
4376.70017,7.957,0.03
4379.58866,7.946,0.032
4381.68129,7.874,0.037
4383.73389,7.931,0.034
4385.71934,8.17,0.028
4388.55829,7.942,0.027
4392.56972,8.11,0.036
4400.62654,7.94,0.048
4403.64844,7.893,0.03
4407.63141,8.179,0.036
4409.64947,8.04,0.036
4413.58907,8.215,0.033
4420.60388,7.947,0.043
4427.56056,8.2,0.045
4429.60915,8.307,0.037
4432.58527,8.175,0.033
4435.56912,8.117,0.035
4438.56367,8.02,0.039
4441.55539,7.948,0.036
4444.56146,7.909,0.03
4611.9307,7.969,0.032
4623.93606,8.19,0.033
4627.9267,7.922,0.035
4631.88112,8.163,0.03
4639.87301,8.11,0.042
4650.85696,8.114,0.031
4653.8472,8.193,0.03
4656.84407,8.221,0.032
4661.8376,8.163,0.03
4663.88037,8.029,0.04
4665.84804,7.93,0.035
4671.84864,7.958,0.028
4674.81653,7.942,0.026
4681.77524,8.163,0.033
4683.82866,8.228,0.029
4685.85253,8.073,0.032
4691.77619,8.071,0.029
4694.76913,8.244,0.03
4701.77166,7.924,0.027
4706.75397,7.989,0.032
4709.70046,8.036,0.031
4716.70358,8.091,0.029
4720.67922,8.087,0.03
4722.7011,8.221,0.036
4726.70018,7.93,0.034
4729.68486,7.934,0.027
4731.78284,7.97,0.05
4734.77361,8.006,0.042
4739.6285,8.189,0.028
4744.6367,8.23,0.03
4746.65053,8.063,0.038
4748.63675,7.951,0.038
4753.70921,7.942,0.039
4756.56874,8.053,0.031
4758.70481,7.957,0.033
4761.59133,8.146,0.029
4763.68594,8.073,0.029
4766.57586,8.21,0.036
4768.63399,8.165,0.035
4771.56356,8.053,0.033
4773.60473,7.956,0.029
4775.58394,7.976,0.031
4782.54927,8.044,0.045
4784.61043,8.023,0.04
4787.60966,8.12,0.035
4793.58388,8.223,0.048
4796.58274,8.176,0.043
4799.56324,8.128,0.035
4802.55007,8.052,0.036
4809.55343,8.104,0.046
4816.53161,7.948,0.043
4987.89841,8.206,0.048
5013.87382,7.883,0.046
5022.81332,7.973,0.051
5039.80446,8.21,0.048
5041.7926,7.968,0.037
5043.81181,7.889,0.052
5048.72951,8.206,0.048
5063.7574,7.964,0.045
5075.70863,8.21,0.049
5084.68204,7.981,0.04
5086.78002,7.97,0.041
5089.65733,8.213,0.041
5093.71503,7.983,0.047
5105.62887,8.162,0.057
5116.60109,8.112,0.054
5124.5986,8.067,0.05
5129.5808,7.924,0.056
5131.60311,7.91,0.051
5156.53674,7.897,0.058
5158.61172,7.9,0.054
