1869.53043,11.122,0.029
1870.51477,11.15,0.023
1871.61253,11.196,0.033
1872.59179,11.118,0.027
1873.58958,11.178,0.032
1874.57102,11.149,0.028
1875.57943,11.118,0.03
1877.58482,11.134,0.027
1879.56997,11.483,0.028
1884.54894,11.137,0.027
1886.57905,11.144,0.027
1887.5371,11.139,0.028
1889.53125,11.159,0.027
1902.53996,11.162,0.029
1903.5349,11.116,0.027
1905.54753,11.132,0.028
1915.54871,11.175,0.032
2026.91255,11.142,0.03
2031.90919,11.343,0.033
2033.91515,11.18,0.029
2040.89264,11.131,0.034
2052.92186,11.164,0.03
2054.89011,11.148,0.034
2056.87518,11.174,0.033
2058.87844,11.14,0.034
2064.92574,11.242,0.028
2064.9364,11.299,0.033
2067.86585,11.114,0.034
2068.83886,11.083,0.039
2069.83659,11.14,0.034
2080.83951,11.092,0.029
2082.88413,11.122,0.031
2085.88327,11.153,0.029
2087.83323,11.13,0.033
2088.85251,11.126,0.033
2094.8059,11.47,0.031
2103.75615,11.128,0.033
2104.82311,11.111,0.03
2105.81775,11.139,0.031
2106.82758,11.145,0.032
2113.84767,11.14,0.028
2114.82317,11.144,0.038
2115.86497,11.12,0.031
2116.79479,11.126,0.03
2117.78449,11.154,0.029
2130.73562,11.143,0.025
2130.82004,11.162,0.029
2131.75472,11.131,0.029
2132.73295,11.158,0.029
2132.75722,11.16,0.03
2133.7504,11.128,0.029
2134.75047,11.119,0.029
2135.74906,11.136,0.035
2136.74258,11.132,0.029
2140.72338,11.335,0.035
2141.73478,11.726,0.03
2143.72839,11.16,0.038
2144.69971,11.166,0.026
2144.72414,11.171,0.03
2145.72207,11.151,0.029
2164.65786,11.11,0.028
2164.6824,11.105,0.026
2167.66195,11.162,0.028
2168.65817,11.153,0.027
2168.68054,11.148,0.026
2169.66956,11.116,0.03
2169.68305,11.136,0.043
2171.63601,11.342,0.029
2171.66064,11.143,0.036
2172.6717,11.534,0.024
2173.63948,11.137,0.027
2173.65973,11.249,0.023
2174.66033,11.173,0.031
2175.62489,11.114,0.028
2175.64955,11.11,0.029
2177.60542,11.105,0.031
2177.6302,11.193,0.028
2178.61249,11.132,0.029
2178.63719,11.126,0.025
2180.60509,11.105,0.03
2180.67287,11.117,0.029
2184.6529,11.073,0.03
2184.67353,11.139,0.029
2185.62082,11.119,0.029
2185.64118,11.125,0.027
2186.64899,11.106,0.029
2186.66945,11.132,0.029
2188.64055,11.761,0.028
2188.65429,11.67,0.027
2190.56185,11.12,0.032
2190.59148,11.179,0.027
2191.61585,11.158,0.028
2191.62971,11.157,0.025
2192.60391,11.161,0.026
2192.62217,11.166,0.025
2193.60726,11.142,0.03
2193.62547,11.122,0.026
2194.60033,11.116,0.027
2195.60033,11.121,0.028
2195.61865,11.121,0.026
2196.60164,11.115,0.031
2196.62225,11.12,0.027
2197.60137,11.146,0.031
2197.6242,11.185,0.029
2198.59801,11.111,0.028
2198.61855,11.15,0.027
2199.59404,11.121,0.031
2199.61239,11.126,0.028
2201.58057,11.125,0.029
2201.60109,11.169,0.025
2202.60178,11.178,0.028
2203.57983,11.569,0.029
2203.59596,11.488,0.028
2204.57328,11.329,0.03
2204.59387,11.493,0.03
2206.58802,11.126,0.027
2207.56839,11.117,0.033
2207.59138,11.111,0.039
2212.59462,11.127,0.031
2213.54996,11.122,0.031
2214.56724,11.1,0.029
2214.59278,11.141,0.028
2215.57409,11.123,0.029
2215.59262,11.143,0.03
2217.54864,11.156,0.03
2219.54454,11.676,0.037
2222.53861,11.09,0.033
2225.53353,11.144,0.031
2227.52575,11.143,0.029
2229.52882,11.124,0.03
2232.531,11.166,0.031
2239.51756,11.153,0.032
2241.5759,11.106,0.032
2243.58561,11.137,0.038
2248.55941,11.088,0.032
2248.57462,11.178,0.032
2251.53833,11.607,0.038
2251.55595,11.423,0.039
2253.58274,11.18,0.034
2254.54809,11.065,0.034
2256.53821,11.146,0.04
2257.54655,11.1,0.036
2260.53687,11.152,0.038
2439.90069,11.155,0.024
2444.89922,11.123,0.025
2445.93119,11.133,0.024
2446.83128,11.131,0.032
2446.89758,11.117,0.033
2453.77264,11.152,0.03
2465.80157,11.432,0.034
2466.7953,11.423,0.025
2466.82891,11.666,0.025
2467.79692,11.132,0.025
2467.82107,11.192,0.026
2471.83365,11.08,0.027
2471.88201,11.211,0.033
2489.7284,11.119,0.024
2493.77555,11.145,0.042
2495.7756,11.162,0.028
2498.7237,11.117,0.029
2498.74809,11.252,0.029
2499.72322,11.115,0.029
2499.74877,11.141,0.028
2501.72342,11.135,0.03
2501.75007,11.149,0.03
2502.72346,11.119,0.029
2502.74793,11.138,0.029
2503.74586,11.084,0.042
2519.64771,11.126,0.026
2519.81304,11.127,0.025
2521.66924,11.143,0.025
2523.79434,11.164,0.03
2526.6798,11.16,0.031
2539.70155,11.156,0.036
2544.74201,11.149,0.022
2544.7538,11.16,0.027
2552.74058,11.137,0.031
2553.59689,11.159,0.037
2554.68341,11.079,0.035
2559.62049,11.331,0.024
2559.65538,11.15,0.025
2560.65376,11.559,0.03
2561.64518,11.346,0.027
2566.60395,11.113,0.028
2566.68574,11.143,0.033
2578.61876,11.095,0.028
2578.64006,11.108,0.029
2621.55694,11.122,0.027
2621.59758,11.123,0.031
2623.58909,11.163,0.025
2625.61863,11.505,0.027
2627.57964,11.114,0.024
2629.58203,11.106,0.025
2635.57006,11.129,0.028
2636.55596,11.148,0.025
2637.58886,11.145,0.029
2638.5701,11.133,0.026
2639.59183,11.188,0.026
2640.57273,11.717,0.025
2641.59906,11.38,0.027
2642.57532,11.119,0.025
2644.53367,11.149,0.029
2649.53775,11.166,0.026
2649.54176,11.151,0.024
2651.55233,11.164,0.027
2654.55373,11.143,0.028
2658.54221,11.162,0.028
2661.53195,11.135,0.028
2664.52821,11.156,0.032
2668.52425,11.199,0.03
2758.90885,11.513,0.025
2758.91802,11.472,0.027
2765.89961,11.176,0.027
2785.84805,11.173,0.029
2813.813,11.145,0.033
2818.9323,11.111,0.025
2833.8973,11.146,0.027
2841.78085,11.177,0.028
2841.80095,11.163,0.027
2843.77132,11.127,0.029
2844.83799,11.148,0.025
2851.86133,11.118,0.024
2856.79966,11.147,0.027
2860.71967,11.127,0.022
2861.73886,11.151,0.025
2861.82018,11.121,0.027
2862.84944,11.187,0.027
2877.76484,11.157,0.028
2883.72388,11.175,0.025
2883.75352,11.141,0.026
2888.7752,11.147,0.023
2898.67452,11.134,0.024
2898.69802,11.189,0.029
2900.67009,11.584,0.025
2900.68706,11.476,0.028
2903.75354,11.154,0.028
2903.76736,11.218,0.028
2905.7218,11.133,0.022
2905.74075,11.16,0.025
2908.62686,11.12,0.024
2910.64463,11.14,0.026
2910.69454,11.117,0.024
2912.63202,11.131,0.023
2912.66245,11.153,0.027
2915.60983,11.415,0.023
2915.635,11.278,0.03
2916.70157,11.272,0.025
2921.63623,11.198,0.035
2921.65446,11.15,0.029
2922.78586,11.092,0.029
2922.79383,11.186,0.032
2924.77666,11.149,0.026
2924.77919,11.125,0.03
2927.68815,11.118,0.023
2927.69071,11.177,0.026
2929.69403,11.111,0.024
2929.69661,11.14,0.027
2931.70116,11.132,0.024
2931.70388,11.171,0.029
2933.68991,11.64,0.025
2933.69253,11.707,0.027
2935.68465,11.121,0.024
2935.68729,11.132,0.028
2939.53483,11.151,0.028
2939.56606,11.149,0.026
2940.7541,11.163,0.024
2942.64404,11.089,0.024
2942.74013,11.143,0.03
2944.58556,11.138,0.029
2948.56732,11.332,0.035
2949.57763,11.185,0.026
2950.62105,11.125,0.027
2950.72924,11.587,0.03
2954.64796,11.111,0.029
2957.57592,11.193,0.027
2958.63978,11.129,0.031
2961.57088,11.161,0.026
2962.64508,11.132,0.025
2963.58714,11.361,0.025
2964.65105,11.293,0.024
2965.59051,11.21,0.027
2966.65623,11.155,0.025
2968.66097,11.117,0.025
2969.57846,11.125,0.026
2970.67715,11.108,0.025
2971.59822,11.222,0.026
2976.54315,11.078,0.043
2976.5551,11.122,0.026
2978.58009,11.173,0.029
2978.5871,11.206,0.023
2980.61397,11.465,0.029
2982.62298,11.058,0.034
2984.62198,11.174,0.027
2986.63604,11.258,0.028
2987.54615,11.175,0.024
2991.62688,11.16,0.026
2992.59691,11.12,0.025
2994.58936,11.587,0.028
2997.59112,11.371,0.025
3005.58149,11.132,0.027
3006.56007,11.122,0.026
3007.59624,11.127,0.028
3011.54009,11.428,0.028
3013.55508,11.176,0.027
3013.56824,11.26,0.027
3017.55794,11.109,0.027
3018.53897,11.095,0.026
3025.54381,11.181,0.028
3142.89782,11.152,0.03
3142.91517,11.155,0.037
3154.92054,11.118,0.024
3156.90822,11.12,0.027
3163.87454,11.374,0.027
3170.89436,11.114,0.031
3171.91657,11.095,0.044
3175.92102,11.137,0.027
3179.85927,11.33,0.027
3183.87517,11.148,0.027
3185.85415,11.133,0.04
3190.83893,11.149,0.036
3194.92132,11.175,0.032
3270.67277,11.125,0.029
3291.82169,11.664,0.027
3295.58853,11.13,0.026
3358.54873,11.12,0.027
3398.52426,11.179,0.033
3636.73425,11.145,0.029
3641.82001,11.117,0.026
3644.62619,11.809,0.031
3647.81093,11.567,0.025
3650.60871,11.136,0.025
3652.6366,11.164,0.04
3654.64719,11.156,0.031
3659.63392,11.121,0.031
3661.64903,11.422,0.032
3663.66246,11.178,0.038
3665.71378,11.311,0.026
3669.64166,11.134,0.025
3671.72332,11.142,0.024
3673.70365,11.163,0.03
3675.75774,11.112,0.03
3678.59092,11.083,0.033
3701.68834,11.13,0.037
3704.63877,11.177,0.034
3707.61213,11.164,0.027
3713.54835,11.127,0.024
3713.64181,11.153,0.033
3716.57447,11.222,0.027
3721.57479,11.187,0.031
3721.63533,11.103,0.033
3724.61397,11.412,0.031
3727.56148,11.149,0.031
3727.58611,11.097,0.03
3730.59762,11.16,0.031
3731.56013,11.181,0.04
3734.54979,11.127,0.029
3734.58591,11.133,0.036
3741.57902,11.341,0.026
3747.55941,11.184,0.035
3750.55694,11.151,0.032
3755.53808,11.347,0.029
3758.53555,11.137,0.027
3764.52507,11.102,0.034
3860.91472,11.174,0.028
3864.91895,11.147,0.027
3868.90234,11.164,0.031
3872.88995,11.129,0.028
3892.87724,11.162,0.027
3898.89138,11.151,0.029
3902.86334,11.144,0.028
3906.86336,11.572,0.026
3909.8861,11.145,0.035
3913.89492,11.194,0.033
4089.54906,11.123,0.026
4092.53797,11.146,0.029
4103.55594,11.155,0.028
4106.5534,11.167,0.028
4230.91698,11.43,0.039
4255.89822,11.12,0.027
4268.93647,11.127,0.037
4273.85245,11.193,0.044
4284.85285,11.177,0.033
4298.8155,11.133,0.036
4300.84892,11.182,0.034
4302.90392,11.15,0.03
4304.81656,11.156,0.031
4306.8058,11.165,0.024
4308.80492,11.136,0.034
4310.8212,11.564,0.026
4316.74751,11.152,0.025
4329.851,11.18,0.031
4331.77432,11.157,0.028
4336.75169,11.134,0.029
4339.71606,11.146,0.026
4346.77591,11.169,0.033
4350.84529,11.092,0.037
4353.68197,11.165,0.025
4355.73278,11.173,0.027
4358.66118,11.194,0.031
4361.64914,11.139,0.033
4363.69436,11.136,0.025
4365.69069,11.137,0.026
4369.69172,11.139,0.03
4371.71309,11.152,0.032
4373.72555,11.581,0.029
4376.71702,11.149,0.026
4381.60774,11.119,0.031
4383.64894,11.084,0.029
4385.67601,11.129,0.026
4387.7021,11.224,0.031
4389.67409,11.647,0.034
4393.63371,11.126,0.037
4399.69043,11.133,0.034
4402.69199,11.146,0.029
4404.7629,11.116,0.028
4408.59302,11.141,0.029
4420.54953,11.456,0.035
4427.63302,11.068,0.033
4429.65188,11.198,0.03
4431.69459,11.134,0.029
4437.54714,11.135,0.039
4439.64461,11.149,0.027
4442.6417,11.197,0.032
4454.60163,11.155,0.032
4457.58849,11.091,0.033
4460.58647,11.199,0.028
4463.56815,11.142,0.036
4479.53241,11.151,0.028
4482.55173,11.159,0.029
4490.52952,11.126,0.026
4590.92273,11.112,0.029
4594.91384,11.125,0.028
4599.91472,11.162,0.032
4603.90502,11.684,0.027
4610.8938,11.127,0.03
4617.93017,11.141,0.03
4622.91551,11.161,0.031
4629.89181,11.145,0.043
4632.88138,11.163,0.026
4639.8705,11.112,0.032
4643.93816,11.179,0.032
4646.87404,11.122,0.034
4649.85373,11.394,0.037
4652.85336,11.177,0.025
4655.84447,11.144,0.027
4661.84511,11.127,0.026
4663.89088,11.158,0.031
4665.86365,11.136,0.03
4672.84894,11.138,0.026
4675.84342,11.129,0.027
4681.82966,11.155,0.031
4684.76749,11.175,0.032
4686.77511,11.166,0.033
4690.75642,11.125,0.026
4697.79093,11.201,0.028
4701.79579,11.135,0.027
4704.70956,11.099,0.033
4707.70839,11.168,0.035
4716.71651,11.136,0.026
4720.68884,11.12,0.032
4722.71747,11.102,0.028
4725.73183,11.144,0.034
4728.70628,11.187,0.031
4730.76738,11.72,0.027
4738.73216,11.139,0.026
4741.66861,11.133,0.026
4743.69348,11.148,0.03
4747.65944,11.084,0.035
4750.60381,11.101,0.033
4754.71415,11.148,0.03
4756.73568,11.141,0.032
4759.64053,11.145,0.028
4761.72886,11.291,0.025
4764.60757,11.163,0.025
4766.68174,11.148,0.026
4769.59482,11.13,0.028
4771.6409,11.093,0.034
4773.67505,11.114,0.031
4775.71614,11.097,0.027
4779.5696,11.117,0.039
4782.64053,11.153,0.038
4784.70192,11.185,0.034
4787.68354,11.158,0.033
4795.70021,11.193,0.029
4798.64746,11.142,0.033
4801.60271,11.183,0.036
4803.68003,11.15,0.033
4807.54725,11.357,0.039
4809.60666,11.55,0.036
4818.60748,11.222,0.04
4821.57639,11.215,0.039
4824.57816,11.502,0.04
4827.57537,11.242,0.034
4830.57232,11.143,0.039
4834.54252,11.125,0.042
4855.53113,11.3,0.039
4989.86753,11.148,0.035
5013.88921,11.122,0.038
5023.83429,11.369,0.033
5039.81081,11.312,0.036
5041.80581,11.156,0.031
5043.83485,11.139,0.04
5082.86069,11.145,0.044
5105.64114,11.146,0.04
5124.70674,11.138,0.035
5131.77675,11.137,0.037
